#TopoPred_TM8: 8-state transmembrane topology prediction results by no_profile mode 
#probabilities are in the order of H E C I L F X _, the 8 transmembrane topology types used in PDBTM 
   1 M X   0.011 0.001 0.002 0.043 0.008 0.008 0.760 0.169 
   2 S X   0.003 0.000 0.000 0.023 0.001 0.003 0.779 0.189 
   3 E X   0.001 0.000 0.000 0.013 0.000 0.002 0.783 0.201 
   4 D X   0.001 0.000 0.000 0.009 0.000 0.002 0.780 0.207 
   5 S X   0.001 0.000 0.000 0.009 0.001 0.003 0.774 0.212 
   6 S X   0.002 0.000 0.000 0.010 0.001 0.004 0.765 0.218 
   7 A X   0.002 0.001 0.000 0.011 0.001 0.006 0.755 0.225 
   8 L X   0.003 0.001 0.000 0.012 0.002 0.006 0.742 0.234 
   9 P X   0.003 0.001 0.000 0.013 0.002 0.007 0.728 0.246 
  10 W X   0.003 0.001 0.000 0.013 0.002 0.007 0.712 0.260 
  11 S X   0.003 0.001 0.000 0.013 0.003 0.007 0.695 0.278 
  12 I X   0.003 0.001 0.000 0.011 0.003 0.007 0.679 0.296 
  13 N X   0.003 0.001 0.000 0.009 0.002 0.008 0.663 0.315 
  14 R X   0.003 0.001 0.000 0.007 0.002 0.008 0.647 0.332 
  15 D X   0.004 0.001 0.000 0.005 0.002 0.009 0.631 0.348 
  16 D X   0.005 0.001 0.000 0.004 0.002 0.012 0.614 0.362 
  17 Y X   0.007 0.001 0.000 0.004 0.003 0.015 0.596 0.373 
  18 E X   0.012 0.001 0.000 0.005 0.004 0.020 0.576 0.382 
  19 L X   0.018 0.002 0.001 0.006 0.007 0.026 0.553 0.388 
  20 Q X   0.028 0.003 0.001 0.008 0.011 0.034 0.526 0.389 
  21 E X   0.039 0.005 0.001 0.011 0.016 0.043 0.498 0.386 
  22 V X   0.053 0.009 0.002 0.013 0.024 0.052 0.467 0.379 
  23 I X   0.069 0.015 0.002 0.016 0.034 0.061 0.437 0.367 
  24 G X   0.084 0.021 0.002 0.019 0.044 0.068 0.408 0.353 
  25 S X   0.099 0.029 0.003 0.022 0.054 0.072 0.382 0.339 
  26 G X   0.111 0.037 0.003 0.026 0.060 0.075 0.361 0.327 
  27 A X   0.120 0.045 0.003 0.031 0.063 0.074 0.344 0.320 
  28 T X   0.124 0.052 0.003 0.037 0.063 0.071 0.330 0.321 
  29 A _   0.123 0.056 0.003 0.041 0.059 0.066 0.319 0.332 
  30 V _   0.118 0.058 0.003 0.043 0.053 0.060 0.311 0.354 
  31 V _   0.109 0.056 0.002 0.042 0.044 0.053 0.304 0.389 
  32 Q _   0.096 0.051 0.002 0.037 0.034 0.045 0.299 0.435 
  33 A _   0.080 0.043 0.002 0.030 0.025 0.037 0.294 0.489 
  34 A _   0.064 0.032 0.001 0.022 0.017 0.029 0.290 0.546 
  35 Y _   0.048 0.020 0.001 0.014 0.010 0.023 0.285 0.599 
  36 C _   0.034 0.012 0.001 0.009 0.006 0.017 0.280 0.641 
  37 A _   0.024 0.007 0.000 0.006 0.004 0.013 0.275 0.671 
  38 P _   0.017 0.005 0.000 0.004 0.003 0.011 0.269 0.692 
  39 K _   0.012 0.004 0.000 0.003 0.002 0.009 0.263 0.707 
  40 K _   0.010 0.004 0.000 0.003 0.002 0.009 0.256 0.716 
  41 E _   0.009 0.005 0.000 0.004 0.002 0.009 0.248 0.722 
  42 K _   0.009 0.007 0.000 0.006 0.003 0.010 0.239 0.725 
  43 V _   0.009 0.012 0.001 0.010 0.004 0.012 0.229 0.724 
  44 A _   0.009 0.019 0.001 0.015 0.006 0.014 0.218 0.719 
  45 I _   0.010 0.028 0.001 0.020 0.008 0.015 0.207 0.712 
  46 K _   0.010 0.036 0.001 0.026 0.009 0.016 0.196 0.707 
  47 R _   0.010 0.042 0.001 0.029 0.010 0.016 0.186 0.705 
  48 I _   0.010 0.046 0.001 0.031 0.010 0.016 0.178 0.708 
  49 N _   0.010 0.047 0.001 0.030 0.009 0.016 0.171 0.716 
  50 L _   0.009 0.047 0.001 0.027 0.008 0.015 0.165 0.727 
  51 E _   0.009 0.045 0.001 0.023 0.007 0.014 0.160 0.741 
  52 K _   0.008 0.042 0.001 0.018 0.006 0.013 0.155 0.757 
  53 C _   0.008 0.039 0.001 0.014 0.005 0.012 0.151 0.771 
  54 Q _   0.007 0.036 0.001 0.011 0.004 0.011 0.146 0.783 
  55 T _   0.007 0.034 0.000 0.009 0.004 0.011 0.142 0.793 
  56 S _   0.007 0.033 0.000 0.009 0.004 0.011 0.137 0.799 
  57 M _   0.007 0.033 0.000 0.010 0.004 0.012 0.132 0.801 
  58 D _   0.008 0.035 0.001 0.012 0.005 0.013 0.127 0.800 
  59 E _   0.009 0.038 0.001 0.015 0.006 0.014 0.121 0.797 
  60 L _   0.009 0.041 0.001 0.019 0.007 0.016 0.116 0.791 
  61 L _   0.010 0.044 0.001 0.024 0.009 0.017 0.110 0.785 
  62 K _   0.011 0.046 0.001 0.029 0.010 0.017 0.105 0.781 
  63 E _   0.011 0.047 0.001 0.031 0.010 0.018 0.101 0.781 
  64 I _   0.011 0.046 0.001 0.032 0.010 0.017 0.097 0.785 
  65 Q _   0.012 0.044 0.001 0.030 0.010 0.017 0.093 0.794 
  66 A _   0.012 0.039 0.001 0.026 0.009 0.016 0.091 0.807 
  67 M _   0.012 0.032 0.001 0.021 0.008 0.015 0.088 0.824 
  68 S _   0.012 0.024 0.001 0.016 0.006 0.014 0.086 0.842 
  69 Q _   0.011 0.016 0.001 0.012 0.005 0.013 0.084 0.860 
  70 C _   0.011 0.010 0.001 0.008 0.004 0.012 0.082 0.873 
  71 H _   0.011 0.006 0.000 0.006 0.004 0.012 0.079 0.882 
  72 H _   0.011 0.003 0.000 0.005 0.003 0.012 0.077 0.887 
  73 P _   0.013 0.002 0.000 0.005 0.004 0.013 0.074 0.888 
  74 N _   0.016 0.002 0.000 0.006 0.004 0.015 0.071 0.887 
  75 I _   0.019 0.002 0.001 0.007 0.005 0.017 0.068 0.882 
  76 V _   0.024 0.002 0.001 0.008 0.006 0.019 0.064 0.876 
  77 S _   0.030 0.002 0.001 0.009 0.008 0.022 0.060 0.869 
  78 Y _   0.038 0.002 0.001 0.010 0.009 0.024 0.056 0.860 
  79 Y _   0.049 0.001 0.001 0.010 0.010 0.027 0.052 0.850 
  80 T _   0.063 0.001 0.001 0.010 0.011 0.029 0.048 0.838 
  81 S _   0.082 0.001 0.001 0.008 0.012 0.031 0.044 0.822 
  82 F _   0.107 0.001 0.001 0.007 0.013 0.033 0.040 0.800 
  83 V _   0.138 0.000 0.001 0.005 0.014 0.035 0.035 0.770 
  84 V _   0.180 0.000 0.001 0.004 0.015 0.037 0.031 0.731 
  85 K _   0.228 0.000 0.001 0.004 0.018 0.040 0.027 0.682 
  86 D _   0.283 0.000 0.001 0.004 0.021 0.041 0.023 0.627 
  87 E _   0.340 0.000 0.002 0.004 0.024 0.042 0.020 0.570 
  88 L _   0.395 0.000 0.002 0.004 0.027 0.042 0.017 0.514 
  89 W _   0.445 0.000 0.002 0.004 0.029 0.041 0.014 0.464 
  90 L H   0.489 0.000 0.002 0.003 0.030 0.040 0.013 0.423 
  91 V H   0.526 0.000 0.002 0.003 0.030 0.038 0.011 0.390 
  92 M H   0.555 0.000 0.002 0.003 0.029 0.036 0.010 0.366 
  93 K H   0.576 0.000 0.002 0.002 0.027 0.033 0.010 0.350 
  94 L H   0.588 0.000 0.001 0.002 0.025 0.031 0.009 0.344 
  95 L H   0.593 0.000 0.001 0.002 0.023 0.029 0.009 0.343 
  96 S H   0.592 0.000 0.001 0.002 0.021 0.028 0.009 0.347 
  97 G H   0.584 0.000 0.001 0.001 0.020 0.027 0.010 0.357 
  98 G H   0.570 0.000 0.001 0.002 0.019 0.026 0.010 0.372 
  99 S H   0.551 0.000 0.001 0.002 0.019 0.026 0.011 0.391 
 100 V H   0.526 0.000 0.001 0.002 0.020 0.026 0.012 0.412 
 101 L H   0.497 0.000 0.001 0.003 0.021 0.027 0.013 0.437 
 102 D _   0.462 0.000 0.002 0.005 0.022 0.028 0.015 0.467 
 103 I _   0.421 0.001 0.002 0.007 0.023 0.028 0.017 0.503 
 104 I _   0.372 0.001 0.002 0.009 0.023 0.028 0.019 0.545 
 105 K _   0.317 0.002 0.002 0.012 0.023 0.028 0.022 0.596 
 106 H _   0.260 0.002 0.002 0.015 0.020 0.026 0.024 0.651 
 107 I _   0.205 0.002 0.002 0.015 0.017 0.024 0.027 0.708 
 108 V _   0.155 0.002 0.001 0.014 0.013 0.021 0.030 0.763 
 109 A _   0.112 0.001 0.001 0.012 0.010 0.019 0.033 0.813 
 110 K _   0.077 0.001 0.001 0.009 0.007 0.016 0.035 0.854 
 111 G _   0.053 0.001 0.001 0.007 0.005 0.013 0.036 0.885 
 112 E _   0.036 0.000 0.000 0.005 0.003 0.011 0.037 0.906 
 113 H _   0.026 0.000 0.000 0.003 0.003 0.010 0.038 0.918 
 114 K _   0.021 0.000 0.000 0.003 0.002 0.010 0.039 0.924 
 115 S _   0.020 0.000 0.000 0.002 0.002 0.011 0.039 0.925 
 116 G _   0.022 0.000 0.000 0.002 0.002 0.013 0.039 0.921 
 117 V _   0.028 0.000 0.000 0.003 0.003 0.016 0.039 0.911 
 118 L _   0.039 0.000 0.000 0.003 0.005 0.021 0.038 0.894 
 119 D _   0.055 0.001 0.001 0.004 0.007 0.027 0.038 0.868 
 120 E _   0.076 0.001 0.001 0.006 0.011 0.036 0.037 0.833 
 121 S _   0.100 0.002 0.001 0.007 0.018 0.044 0.036 0.792 
 122 T _   0.127 0.004 0.002 0.009 0.025 0.053 0.035 0.745 
 123 I _   0.152 0.007 0.002 0.012 0.034 0.061 0.035 0.698 
 124 A _   0.173 0.011 0.002 0.015 0.043 0.066 0.034 0.655 
 125 T _   0.191 0.016 0.002 0.018 0.049 0.070 0.034 0.619 
 126 I _   0.202 0.021 0.002 0.022 0.054 0.071 0.034 0.594 
 127 L _   0.206 0.025 0.003 0.025 0.055 0.070 0.035 0.581 
 128 R _   0.203 0.027 0.003 0.028 0.054 0.068 0.036 0.581 
 129 E _   0.193 0.029 0.003 0.029 0.051 0.064 0.038 0.594 
 130 V _   0.179 0.029 0.002 0.029 0.045 0.059 0.040 0.617 
 131 L _   0.159 0.027 0.002 0.028 0.038 0.053 0.042 0.651 
 132 E _   0.136 0.025 0.002 0.026 0.031 0.046 0.045 0.690 
 133 G _   0.113 0.021 0.002 0.022 0.023 0.039 0.047 0.733 
 134 L _   0.090 0.017 0.001 0.019 0.017 0.033 0.050 0.773 
 135 E _   0.070 0.013 0.001 0.015 0.012 0.027 0.052 0.810 
 136 Y _   0.053 0.010 0.001 0.012 0.009 0.022 0.054 0.840 
 137 L _   0.039 0.007 0.001 0.010 0.006 0.018 0.056 0.865 
 138 H _   0.028 0.005 0.001 0.008 0.004 0.014 0.057 0.883 
 139 K _   0.021 0.003 0.000 0.007 0.003 0.012 0.058 0.896 
 140 N _   0.016 0.002 0.000 0.006 0.003 0.010 0.058 0.905 
 141 G _   0.012 0.002 0.000 0.005 0.002 0.008 0.059 0.911 
 142 Q _   0.010 0.002 0.000 0.005 0.002 0.008 0.059 0.915 
 143 I _   0.008 0.002 0.000 0.005 0.002 0.007 0.058 0.917 
 144 H _   0.008 0.002 0.000 0.005 0.002 0.007 0.058 0.918 
 145 R _   0.007 0.002 0.000 0.006 0.002 0.007 0.057 0.918 
 146 D _   0.007 0.003 0.000 0.007 0.003 0.008 0.056 0.917 
 147 V _   0.007 0.003 0.000 0.008 0.003 0.009 0.055 0.915 
 148 K _   0.007 0.004 0.000 0.010 0.004 0.009 0.054 0.911 
 149 A _   0.007 0.006 0.001 0.012 0.004 0.010 0.053 0.907 
 150 G _   0.007 0.007 0.001 0.015 0.005 0.011 0.051 0.903 
 151 N _   0.007 0.008 0.001 0.016 0.006 0.012 0.050 0.900 
 152 I _   0.008 0.008 0.001 0.017 0.006 0.013 0.049 0.898 
 153 L _   0.008 0.008 0.001 0.017 0.006 0.014 0.048 0.898 
 154 L _   0.008 0.008 0.001 0.016 0.006 0.014 0.047 0.900 
 155 G _   0.009 0.007 0.001 0.014 0.006 0.015 0.046 0.902 
 156 E _   0.010 0.006 0.001 0.012 0.005 0.016 0.045 0.904 
 157 D _   0.012 0.005 0.001 0.010 0.005 0.018 0.045 0.904 
 158 G _   0.015 0.005 0.001 0.008 0.006 0.020 0.044 0.902 
 159 S _   0.020 0.004 0.001 0.007 0.006 0.023 0.043 0.896 
 160 V _   0.026 0.004 0.001 0.007 0.007 0.027 0.042 0.886 
 161 Q _   0.036 0.005 0.001 0.007 0.009 0.032 0.041 0.870 
 162 I _   0.047 0.006 0.001 0.008 0.013 0.038 0.040 0.849 
 163 A _   0.059 0.008 0.001 0.009 0.017 0.044 0.039 0.823 
 164 D _   0.072 0.012 0.001 0.012 0.024 0.050 0.037 0.792 
 165 F _   0.086 0.017 0.002 0.016 0.031 0.055 0.036 0.757 
 166 G _   0.097 0.024 0.002 0.021 0.038 0.059 0.035 0.724 
 167 V _   0.106 0.032 0.002 0.026 0.044 0.061 0.034 0.693 
 168 S _   0.111 0.038 0.002 0.032 0.048 0.061 0.034 0.673 
 169 A _   0.111 0.043 0.002 0.037 0.048 0.059 0.034 0.665 
 170 F _   0.108 0.044 0.002 0.040 0.046 0.056 0.034 0.670 
 171 L _   0.101 0.044 0.002 0.040 0.041 0.051 0.035 0.686 
 172 A _   0.091 0.040 0.002 0.036 0.034 0.045 0.036 0.715 
 173 T _   0.079 0.034 0.002 0.030 0.026 0.038 0.037 0.753 
 174 G _   0.066 0.026 0.002 0.023 0.019 0.032 0.039 0.795 
 175 G _   0.053 0.017 0.001 0.016 0.012 0.026 0.040 0.835 
 176 D _   0.041 0.010 0.001 0.010 0.008 0.022 0.040 0.868 
 177 I _   0.032 0.005 0.001 0.006 0.005 0.018 0.041 0.892 
 178 T _   0.025 0.002 0.000 0.004 0.004 0.015 0.041 0.908 
 179 R _   0.021 0.001 0.000 0.003 0.003 0.014 0.041 0.917 
 180 N _   0.018 0.001 0.000 0.003 0.003 0.014 0.040 0.921 
 181 K _   0.017 0.001 0.000 0.003 0.003 0.015 0.040 0.922 
 182 V _   0.017 0.001 0.000 0.004 0.004 0.016 0.039 0.919 
 183 R _   0.018 0.002 0.001 0.005 0.005 0.018 0.038 0.913 
 184 K _   0.020 0.005 0.001 0.007 0.006 0.021 0.037 0.904 
 185 T _   0.021 0.008 0.001 0.010 0.008 0.024 0.036 0.892 
 186 F _   0.024 0.012 0.001 0.013 0.011 0.027 0.034 0.877 
 187 V _   0.026 0.018 0.001 0.016 0.014 0.030 0.033 0.862 
 188 G _   0.028 0.024 0.001 0.020 0.016 0.033 0.031 0.846 
 189 T _   0.031 0.029 0.001 0.023 0.019 0.035 0.030 0.832 
 190 P _   0.032 0.034 0.001 0.026 0.021 0.037 0.029 0.820 
 191 C _   0.034 0.038 0.002 0.028 0.023 0.038 0.028 0.811 
 192 W _   0.035 0.041 0.002 0.030 0.023 0.038 0.027 0.805 
 193 M _   0.035 0.042 0.002 0.031 0.024 0.038 0.026 0.802 
 194 A _   0.035 0.043 0.002 0.032 0.023 0.037 0.025 0.804 
 195 P _   0.034 0.042 0.002 0.032 0.022 0.035 0.025 0.807 
 196 E _   0.034 0.041 0.001 0.032 0.020 0.033 0.025 0.815 
 197 V _   0.033 0.037 0.001 0.029 0.018 0.031 0.024 0.826 
 198 M _   0.033 0.032 0.001 0.026 0.015 0.028 0.024 0.840 
 199 E _   0.034 0.026 0.001 0.022 0.012 0.025 0.024 0.856 
 200 Q _   0.035 0.018 0.001 0.016 0.010 0.022 0.024 0.873 
 201 V _   0.037 0.011 0.001 0.011 0.008 0.020 0.023 0.888 
 202 R _   0.042 0.005 0.001 0.007 0.006 0.018 0.023 0.898 
 203 G _   0.050 0.002 0.001 0.005 0.005 0.017 0.022 0.899 
 204 Y _   0.064 0.001 0.001 0.003 0.004 0.016 0.021 0.890 
 205 D _   0.088 0.000 0.001 0.002 0.004 0.016 0.020 0.869 
 206 F _   0.126 0.000 0.001 0.002 0.005 0.017 0.019 0.831 
 207 K _   0.182 0.000 0.001 0.002 0.007 0.019 0.018 0.773 
 208 A _   0.255 0.000 0.001 0.002 0.009 0.022 0.016 0.694 
 209 D _   0.343 0.000 0.001 0.002 0.013 0.026 0.015 0.600 
 210 I _   0.438 0.000 0.001 0.002 0.019 0.029 0.013 0.497 
 211 W H   0.523 0.000 0.002 0.002 0.026 0.032 0.012 0.403 
 212 S H   0.592 0.000 0.002 0.002 0.032 0.034 0.012 0.326 
 213 F H   0.642 0.000 0.002 0.003 0.038 0.034 0.012 0.269 
 214 G H   0.673 0.001 0.002 0.004 0.043 0.035 0.012 0.231 
 215 I H   0.688 0.001 0.002 0.005 0.046 0.034 0.013 0.210 
 216 T H   0.686 0.002 0.002 0.006 0.048 0.033 0.015 0.207 
 217 A H   0.668 0.002 0.002 0.008 0.049 0.033 0.017 0.221 
 218 I H   0.634 0.003 0.003 0.010 0.047 0.031 0.020 0.253 
 219 E H   0.579 0.003 0.003 0.012 0.043 0.030 0.024 0.307 
 220 L H   0.504 0.003 0.003 0.013 0.037 0.028 0.029 0.384 
 221 A _   0.413 0.002 0.002 0.013 0.028 0.025 0.035 0.482 
 222 T _   0.319 0.002 0.002 0.011 0.019 0.021 0.042 0.585 
 223 G _   0.230 0.001 0.001 0.008 0.012 0.017 0.048 0.682 
 224 A _   0.155 0.001 0.001 0.006 0.007 0.014 0.053 0.763 
 225 A _   0.098 0.000 0.001 0.005 0.004 0.012 0.057 0.823 
 226 P _   0.060 0.000 0.000 0.003 0.003 0.010 0.060 0.864 
 227 Y _   0.037 0.000 0.000 0.003 0.002 0.009 0.062 0.887 
 228 H _   0.024 0.001 0.000 0.003 0.002 0.009 0.063 0.898 
 229 K _   0.018 0.002 0.000 0.003 0.002 0.010 0.064 0.900 
 230 Y _   0.015 0.006 0.000 0.006 0.003 0.012 0.065 0.892 
 231 P _   0.014 0.017 0.001 0.011 0.005 0.015 0.065 0.872 
 232 P _   0.015 0.039 0.001 0.020 0.009 0.018 0.064 0.834 
 233 M _   0.015 0.070 0.001 0.033 0.012 0.021 0.064 0.785 
 234 K _   0.015 0.102 0.001 0.046 0.014 0.022 0.063 0.736 
 235 V _   0.014 0.124 0.001 0.057 0.016 0.023 0.063 0.701 
 236 L _   0.014 0.136 0.001 0.064 0.016 0.022 0.064 0.682 
 237 M _   0.013 0.140 0.001 0.065 0.015 0.021 0.066 0.678 
 238 L _   0.012 0.139 0.001 0.060 0.014 0.019 0.068 0.687 
 239 T _   0.011 0.130 0.001 0.050 0.011 0.017 0.072 0.708 
 240 L _   0.010 0.116 0.001 0.037 0.009 0.014 0.075 0.738 
 241 Q _   0.009 0.096 0.001 0.025 0.006 0.012 0.079 0.772 
 242 N _   0.008 0.077 0.001 0.016 0.004 0.010 0.083 0.802 
 243 D _   0.007 0.062 0.000 0.010 0.003 0.008 0.086 0.823 
 244 P _   0.007 0.053 0.000 0.006 0.002 0.007 0.089 0.835 
 245 P _   0.006 0.050 0.000 0.005 0.002 0.007 0.090 0.840 
 246 S _   0.006 0.049 0.000 0.005 0.002 0.007 0.091 0.840 
 247 L _   0.006 0.051 0.000 0.006 0.002 0.007 0.092 0.836 
 248 E _   0.006 0.055 0.000 0.008 0.002 0.008 0.092 0.829 
 249 T _   0.006 0.062 0.000 0.010 0.003 0.009 0.091 0.819 
 250 G _   0.006 0.072 0.000 0.012 0.004 0.009 0.090 0.806 
 251 V _   0.005 0.083 0.001 0.015 0.004 0.010 0.089 0.794 
 252 Q _   0.005 0.094 0.001 0.016 0.004 0.010 0.088 0.782 
 253 D _   0.005 0.104 0.001 0.017 0.004 0.011 0.087 0.772 
 254 K _   0.005 0.113 0.001 0.017 0.004 0.011 0.086 0.764 
 255 E _   0.005 0.121 0.001 0.016 0.004 0.012 0.085 0.757 
 256 M _   0.005 0.128 0.001 0.015 0.004 0.013 0.084 0.750 
 257 L _   0.006 0.136 0.001 0.014 0.005 0.014 0.084 0.742 
 258 K _   0.007 0.145 0.001 0.014 0.005 0.015 0.083 0.731 
 259 K _   0.008 0.156 0.001 0.015 0.006 0.018 0.082 0.715 
 260 Y _   0.010 0.171 0.001 0.016 0.008 0.020 0.081 0.693 
 261 G _   0.012 0.191 0.001 0.020 0.011 0.023 0.080 0.662 
 262 K _   0.015 0.218 0.001 0.026 0.014 0.026 0.079 0.621 
 263 S _   0.017 0.249 0.002 0.033 0.018 0.029 0.078 0.575 
 264 F _   0.020 0.279 0.002 0.043 0.021 0.030 0.077 0.529 
 265 R _   0.021 0.302 0.002 0.052 0.022 0.030 0.077 0.494 
 266 K _   0.022 0.315 0.002 0.060 0.022 0.029 0.078 0.471 
 267 M _   0.023 0.319 0.002 0.064 0.022 0.028 0.080 0.463 
 268 I _   0.022 0.315 0.002 0.065 0.020 0.026 0.084 0.467 
 269 S _   0.022 0.301 0.002 0.060 0.018 0.023 0.088 0.486 
 270 L _   0.020 0.271 0.002 0.052 0.015 0.021 0.094 0.525 
 271 C _   0.019 0.219 0.002 0.040 0.013 0.018 0.101 0.589 
 272 L _   0.018 0.150 0.001 0.028 0.010 0.015 0.109 0.669 
 273 Q _   0.016 0.086 0.001 0.017 0.006 0.012 0.116 0.746 
 274 K _   0.013 0.043 0.001 0.009 0.004 0.010 0.122 0.800 
 275 D _   0.009 0.022 0.000 0.004 0.002 0.008 0.125 0.829 
 276 P _   0.007 0.014 0.000 0.002 0.001 0.007 0.127 0.841 
 277 E _   0.006 0.013 0.000 0.002 0.001 0.007 0.128 0.844 
 278 K _   0.006 0.013 0.000 0.003 0.001 0.008 0.128 0.841 
 279 R _   0.007 0.017 0.000 0.005 0.002 0.010 0.127 0.831 
 280 P _   0.009 0.028 0.001 0.009 0.004 0.014 0.125 0.810 
 281 T _   0.011 0.053 0.001 0.018 0.007 0.017 0.122 0.772 
 282 A _   0.011 0.092 0.001 0.030 0.010 0.020 0.118 0.718 
 283 A _   0.011 0.132 0.001 0.043 0.012 0.022 0.114 0.665 
 284 E _   0.011 0.161 0.001 0.053 0.014 0.022 0.111 0.626 
 285 L _   0.010 0.178 0.001 0.060 0.014 0.022 0.110 0.605 
 286 L _   0.010 0.185 0.001 0.062 0.014 0.021 0.109 0.598 
 287 R _   0.010 0.185 0.001 0.059 0.013 0.020 0.110 0.602 
 288 H _   0.009 0.180 0.001 0.053 0.012 0.018 0.111 0.615 
 289 K _   0.009 0.168 0.001 0.045 0.011 0.016 0.113 0.637 
 290 F _   0.009 0.148 0.001 0.035 0.009 0.014 0.116 0.667 
 291 F _   0.009 0.123 0.001 0.026 0.007 0.013 0.120 0.703 
 292 Q _   0.008 0.097 0.001 0.018 0.005 0.011 0.123 0.736 
 293 K _   0.008 0.076 0.001 0.013 0.004 0.010 0.127 0.762 
 294 A _   0.007 0.061 0.000 0.009 0.003 0.009 0.129 0.781 
 295 K _   0.007 0.052 0.000 0.007 0.003 0.009 0.131 0.792 
 296 N _   0.007 0.047 0.000 0.006 0.002 0.008 0.132 0.797 
 297 K _   0.007 0.044 0.000 0.006 0.002 0.008 0.133 0.798 
 298 E _   0.007 0.044 0.000 0.007 0.003 0.009 0.133 0.797 
 299 F _   0.007 0.044 0.000 0.008 0.003 0.009 0.133 0.794 
 300 L _   0.007 0.046 0.000 0.010 0.003 0.010 0.133 0.790 
 301 Q _   0.007 0.048 0.000 0.012 0.004 0.010 0.133 0.785 
 302 E _   0.007 0.050 0.001 0.013 0.005 0.011 0.133 0.780 
 303 K _   0.007 0.053 0.001 0.015 0.005 0.011 0.133 0.776 
 304 T _   0.008 0.054 0.001 0.015 0.005 0.011 0.133 0.773 
 305 L _   0.008 0.055 0.001 0.016 0.005 0.011 0.133 0.771 
 306 Q _   0.008 0.056 0.001 0.015 0.005 0.011 0.134 0.771 
 307 R _   0.008 0.056 0.001 0.015 0.005 0.011 0.135 0.771 
 308 A _   0.008 0.055 0.001 0.014 0.005 0.011 0.136 0.771 
 309 P _   0.008 0.055 0.001 0.014 0.005 0.011 0.137 0.771 
 310 T _   0.008 0.054 0.001 0.013 0.005 0.011 0.138 0.771 
 311 I _   0.008 0.054 0.001 0.013 0.005 0.011 0.139 0.771 
 312 S _   0.008 0.053 0.001 0.013 0.005 0.011 0.140 0.770 
 313 E _   0.008 0.053 0.001 0.013 0.005 0.011 0.142 0.768 
 314 R _   0.008 0.052 0.001 0.014 0.005 0.011 0.143 0.766 
 315 A _   0.008 0.052 0.001 0.014 0.005 0.011 0.145 0.764 
 316 K _   0.008 0.051 0.001 0.015 0.005 0.011 0.147 0.762 
 317 K _   0.008 0.050 0.001 0.015 0.005 0.011 0.149 0.760 
 318 V _   0.008 0.049 0.001 0.016 0.005 0.010 0.152 0.759 
 319 R _   0.008 0.047 0.001 0.016 0.005 0.010 0.155 0.758 
 320 R _   0.008 0.045 0.001 0.016 0.005 0.010 0.158 0.758 
 321 V _   0.008 0.042 0.001 0.015 0.005 0.009 0.161 0.760 
 322 P _   0.007 0.038 0.001 0.014 0.004 0.009 0.165 0.762 
 323 G _   0.007 0.034 0.000 0.013 0.004 0.008 0.168 0.765 
 324 S _   0.007 0.030 0.000 0.011 0.003 0.008 0.172 0.769 
 325 S _   0.006 0.027 0.000 0.010 0.003 0.007 0.175 0.772 
 326 G _   0.006 0.023 0.000 0.009 0.003 0.007 0.178 0.774 
 327 R _   0.006 0.021 0.000 0.008 0.002 0.007 0.180 0.776 
 328 L _   0.005 0.019 0.000 0.008 0.002 0.006 0.183 0.776 
 329 H _   0.005 0.018 0.000 0.008 0.002 0.006 0.185 0.776 
 330 K _   0.005 0.017 0.000 0.008 0.002 0.007 0.186 0.774 
 331 T _   0.005 0.017 0.000 0.009 0.002 0.007 0.188 0.772 
 332 E _   0.005 0.017 0.000 0.010 0.003 0.007 0.189 0.769 
 333 D _   0.005 0.017 0.000 0.012 0.003 0.007 0.190 0.766 
 334 G _   0.005 0.017 0.000 0.013 0.003 0.007 0.191 0.764 
 335 G _   0.005 0.017 0.000 0.013 0.003 0.007 0.193 0.762 
 336 W _   0.005 0.016 0.000 0.013 0.003 0.007 0.194 0.762 
 337 E _   0.005 0.015 0.000 0.012 0.003 0.007 0.195 0.763 
 338 W _   0.005 0.014 0.000 0.011 0.002 0.006 0.196 0.765 
 339 S _   0.004 0.013 0.000 0.009 0.002 0.006 0.197 0.769 
 340 D _   0.004 0.012 0.000 0.007 0.002 0.005 0.197 0.772 
 341 D _   0.004 0.011 0.000 0.006 0.001 0.005 0.197 0.776 
 342 E _   0.003 0.011 0.000 0.005 0.001 0.004 0.196 0.778 
 343 F _   0.003 0.011 0.000 0.004 0.001 0.004 0.194 0.781 
 344 D _   0.003 0.012 0.000 0.004 0.001 0.005 0.192 0.782 
 345 E _   0.003 0.015 0.000 0.005 0.001 0.005 0.188 0.781 
 346 E _   0.004 0.019 0.000 0.007 0.002 0.007 0.184 0.778 
 347 S _   0.004 0.027 0.000 0.009 0.002 0.008 0.178 0.771 
 348 E _   0.004 0.040 0.000 0.013 0.004 0.010 0.171 0.757 
 349 E _   0.005 0.058 0.001 0.019 0.005 0.012 0.163 0.738 
 350 G _   0.005 0.080 0.001 0.025 0.006 0.014 0.155 0.715 
 351 K _   0.006 0.101 0.001 0.031 0.007 0.015 0.147 0.692 
 352 A _   0.006 0.120 0.001 0.037 0.009 0.016 0.139 0.671 
 353 A _   0.006 0.134 0.001 0.042 0.009 0.017 0.134 0.657 
 354 I _   0.007 0.142 0.001 0.044 0.010 0.017 0.129 0.650 
 355 S _   0.007 0.146 0.001 0.045 0.010 0.017 0.126 0.649 
 356 Q _   0.007 0.146 0.001 0.043 0.010 0.016 0.123 0.653 
 357 L _   0.007 0.143 0.001 0.040 0.009 0.016 0.122 0.662 
 358 R _   0.008 0.136 0.001 0.036 0.009 0.015 0.121 0.675 
 359 S _   0.008 0.126 0.001 0.031 0.008 0.014 0.121 0.692 
 360 P _   0.008 0.113 0.001 0.026 0.007 0.013 0.121 0.712 
 361 R _   0.008 0.098 0.001 0.021 0.006 0.012 0.121 0.734 
 362 V _   0.008 0.083 0.001 0.016 0.005 0.011 0.122 0.754 
 363 K _   0.008 0.070 0.001 0.013 0.004 0.010 0.122 0.773 
 364 E _   0.007 0.060 0.000 0.010 0.004 0.009 0.122 0.787 
 365 S _   0.007 0.052 0.000 0.009 0.003 0.009 0.122 0.798 
 366 I _   0.007 0.047 0.000 0.008 0.003 0.008 0.121 0.805 
 367 S _   0.006 0.044 0.000 0.008 0.003 0.008 0.120 0.810 
 368 N _   0.006 0.042 0.000 0.008 0.003 0.008 0.119 0.813 
 369 S _   0.006 0.041 0.000 0.008 0.003 0.009 0.117 0.815 
 370 E _   0.007 0.041 0.000 0.008 0.003 0.009 0.116 0.815 
 371 L _   0.007 0.042 0.000 0.009 0.003 0.009 0.114 0.816 
 372 F _   0.007 0.043 0.000 0.009 0.004 0.010 0.112 0.816 
 373 P _   0.007 0.044 0.000 0.009 0.004 0.010 0.110 0.815 
 374 T _   0.007 0.046 0.000 0.010 0.004 0.011 0.108 0.813 
 375 T _   0.007 0.049 0.001 0.010 0.004 0.012 0.106 0.810 
 376 D _   0.008 0.053 0.001 0.011 0.005 0.013 0.104 0.805 
 377 P _   0.009 0.059 0.001 0.013 0.006 0.014 0.102 0.798 
 378 V _   0.010 0.066 0.001 0.015 0.007 0.015 0.099 0.788 
 379 G _   0.010 0.074 0.001 0.018 0.008 0.016 0.097 0.775 
 380 T _   0.011 0.082 0.001 0.021 0.009 0.017 0.095 0.763 
 381 L _   0.012 0.089 0.001 0.024 0.010 0.018 0.094 0.752 
 382 L _   0.012 0.095 0.001 0.027 0.010 0.018 0.092 0.744 
 383 Q _   0.012 0.099 0.001 0.029 0.011 0.018 0.091 0.740 
 384 V _   0.011 0.100 0.001 0.029 0.010 0.017 0.091 0.741 
 385 P _   0.011 0.099 0.001 0.027 0.009 0.016 0.091 0.746 
 386 E _   0.011 0.096 0.001 0.024 0.008 0.015 0.091 0.755 
 387 Q _   0.010 0.091 0.001 0.020 0.007 0.013 0.091 0.766 
 388 I _   0.010 0.085 0.001 0.016 0.006 0.012 0.091 0.778 
 389 S _   0.009 0.079 0.001 0.013 0.005 0.011 0.092 0.790 
 390 A _   0.009 0.073 0.001 0.010 0.004 0.010 0.092 0.801 
 391 H _   0.008 0.069 0.000 0.009 0.004 0.010 0.093 0.808 
 392 L _   0.008 0.066 0.000 0.008 0.003 0.010 0.093 0.812 
 393 P _   0.008 0.065 0.000 0.008 0.003 0.010 0.093 0.813 
 394 Q _   0.008 0.066 0.000 0.009 0.004 0.010 0.093 0.810 
 395 P _   0.009 0.068 0.000 0.011 0.004 0.011 0.092 0.804 
 396 A _   0.009 0.072 0.001 0.014 0.005 0.012 0.092 0.795 
 397 G _   0.010 0.076 0.001 0.018 0.006 0.013 0.092 0.785 
 398 Q _   0.010 0.080 0.001 0.022 0.007 0.013 0.091 0.776 
 399 I _   0.010 0.082 0.001 0.025 0.008 0.014 0.091 0.769 
 400 A _   0.010 0.083 0.001 0.026 0.008 0.013 0.092 0.767 
 401 T _   0.010 0.081 0.001 0.026 0.007 0.013 0.093 0.770 
 402 Q _   0.009 0.077 0.001 0.024 0.007 0.012 0.094 0.777 
 403 P _   0.008 0.071 0.001 0.021 0.006 0.011 0.095 0.787 
 404 T _   0.008 0.063 0.001 0.017 0.005 0.009 0.097 0.800 
 405 Q _   0.007 0.055 0.001 0.013 0.004 0.008 0.099 0.813 
 406 V _   0.007 0.048 0.000 0.010 0.003 0.008 0.100 0.825 
 407 S _   0.006 0.042 0.000 0.007 0.002 0.007 0.101 0.834 
 408 L _   0.006 0.039 0.000 0.006 0.002 0.006 0.101 0.840 
 409 P _   0.005 0.037 0.000 0.005 0.002 0.006 0.101 0.843 
 410 P _   0.005 0.037 0.000 0.005 0.002 0.007 0.101 0.843 
 411 T _   0.005 0.039 0.000 0.006 0.002 0.007 0.100 0.840 
 412 A _   0.006 0.044 0.000 0.008 0.003 0.009 0.098 0.833 
 413 E _   0.006 0.052 0.000 0.010 0.004 0.010 0.096 0.821 
 414 P _   0.006 0.065 0.001 0.014 0.005 0.011 0.093 0.804 
 415 A _   0.007 0.082 0.001 0.019 0.006 0.013 0.091 0.782 
 416 K _   0.007 0.100 0.001 0.025 0.007 0.014 0.088 0.758 
 417 T _   0.007 0.116 0.001 0.030 0.008 0.014 0.085 0.739 
 418 A _   0.006 0.128 0.001 0.034 0.009 0.014 0.083 0.725 
 419 Q _   0.006 0.135 0.001 0.036 0.009 0.014 0.082 0.717 
 420 A _   0.006 0.138 0.001 0.035 0.009 0.014 0.081 0.716 
 421 L _   0.006 0.137 0.001 0.033 0.008 0.014 0.081 0.721 
 422 S _   0.006 0.133 0.001 0.028 0.007 0.013 0.081 0.731 
 423 S _   0.006 0.126 0.001 0.023 0.006 0.013 0.081 0.744 
 424 G _   0.007 0.117 0.001 0.018 0.005 0.012 0.082 0.758 
 425 S _   0.007 0.108 0.001 0.013 0.005 0.013 0.083 0.771 
 426 G _   0.008 0.100 0.001 0.010 0.004 0.013 0.084 0.780 
 427 S _   0.009 0.096 0.000 0.008 0.004 0.015 0.085 0.783 
 428 Q _   0.011 0.094 0.000 0.008 0.005 0.017 0.085 0.780 
 429 E _   0.014 0.096 0.001 0.009 0.006 0.020 0.086 0.769 
 430 T _   0.017 0.103 0.001 0.012 0.008 0.024 0.086 0.750 
 431 K _   0.021 0.116 0.001 0.018 0.012 0.028 0.086 0.719 
 432 I _   0.024 0.136 0.001 0.027 0.017 0.031 0.086 0.679 
 433 P _   0.026 0.158 0.002 0.038 0.020 0.033 0.086 0.637 
 434 I _   0.027 0.177 0.002 0.050 0.023 0.033 0.087 0.601 
 435 S _   0.027 0.189 0.002 0.059 0.024 0.033 0.089 0.579 
 436 L _   0.026 0.193 0.002 0.063 0.023 0.031 0.091 0.572 
 437 V _   0.024 0.190 0.002 0.063 0.021 0.028 0.095 0.578 
 438 L _   0.022 0.179 0.002 0.057 0.018 0.025 0.099 0.598 
 439 R _   0.019 0.158 0.002 0.047 0.015 0.022 0.104 0.634 
 440 L _   0.017 0.126 0.001 0.035 0.011 0.018 0.110 0.682 
 441 R _   0.014 0.087 0.001 0.023 0.008 0.015 0.117 0.734 
 442 N _   0.012 0.053 0.001 0.014 0.006 0.012 0.122 0.780 
 443 S _   0.010 0.031 0.001 0.009 0.004 0.010 0.126 0.810 
 444 K _   0.008 0.019 0.000 0.006 0.002 0.008 0.129 0.826 
 445 K _   0.007 0.014 0.000 0.004 0.002 0.008 0.131 0.833 
 446 E _   0.007 0.012 0.000 0.005 0.002 0.008 0.133 0.834 
 447 L _   0.007 0.011 0.000 0.006 0.002 0.008 0.134 0.831 
 448 N _   0.007 0.011 0.000 0.008 0.003 0.009 0.135 0.827 
 449 D _   0.007 0.012 0.000 0.011 0.004 0.009 0.136 0.821 
 450 I _   0.007 0.013 0.001 0.015 0.004 0.010 0.136 0.815 
 451 R _   0.007 0.013 0.001 0.016 0.004 0.010 0.137 0.812 
 452 F _   0.007 0.013 0.001 0.017 0.004 0.010 0.137 0.812 
 453 E _   0.007 0.012 0.001 0.015 0.004 0.009 0.138 0.815 
 454 F _   0.006 0.010 0.000 0.012 0.003 0.008 0.139 0.821 
 455 T _   0.005 0.008 0.000 0.009 0.003 0.008 0.139 0.827 
 456 P _   0.005 0.006 0.000 0.007 0.002 0.008 0.140 0.832 
 457 G _   0.005 0.005 0.000 0.005 0.002 0.008 0.140 0.836 
 458 R _   0.005 0.005 0.000 0.004 0.002 0.009 0.139 0.836 
 459 D _   0.006 0.005 0.000 0.004 0.002 0.010 0.138 0.834 
 460 T _   0.008 0.006 0.000 0.005 0.003 0.013 0.137 0.828 
 461 A _   0.011 0.009 0.000 0.007 0.004 0.017 0.136 0.816 
 462 E _   0.014 0.015 0.001 0.011 0.007 0.022 0.134 0.797 
 463 G _   0.018 0.025 0.001 0.017 0.011 0.028 0.131 0.770 
 464 V _   0.022 0.038 0.001 0.024 0.016 0.034 0.128 0.737 
 465 S _   0.026 0.051 0.002 0.032 0.021 0.038 0.125 0.706 
 466 Q _   0.029 0.062 0.002 0.039 0.025 0.042 0.123 0.678 
 467 E _   0.032 0.069 0.002 0.045 0.029 0.044 0.121 0.659 
 468 L _   0.035 0.072 0.002 0.047 0.031 0.045 0.121 0.647 
 469 I _   0.037 0.072 0.002 0.047 0.031 0.045 0.121 0.646 
 470 S _   0.038 0.069 0.002 0.043 0.029 0.043 0.121 0.655 
 471 A _   0.039 0.062 0.002 0.036 0.026 0.041 0.123 0.671 
 472 G _   0.039 0.053 0.002 0.029 0.022 0.038 0.125 0.693 
 473 L _   0.039 0.041 0.001 0.021 0.017 0.035 0.128 0.717 
 474 V _   0.038 0.030 0.001 0.015 0.014 0.032 0.130 0.740 
 475 D _   0.036 0.021 0.001 0.010 0.011 0.030 0.133 0.758 
 476 G _   0.035 0.016 0.001 0.007 0.009 0.028 0.135 0.770 
 477 R _   0.034 0.013 0.001 0.006 0.007 0.027 0.137 0.775 
 478 D _   0.034 0.012 0.001 0.006 0.007 0.026 0.139 0.775 
 479 L _   0.034 0.013 0.001 0.007 0.008 0.026 0.140 0.771 
 480 V _   0.034 0.014 0.001 0.009 0.009 0.027 0.142 0.765 
 481 I _   0.034 0.017 0.001 0.012 0.010 0.027 0.144 0.756 
 482 V _   0.033 0.020 0.001 0.016 0.012 0.027 0.146 0.746 
 483 A _   0.032 0.024 0.001 0.020 0.013 0.026 0.148 0.736 
 484 A _   0.030 0.027 0.001 0.023 0.013 0.026 0.150 0.729 
 485 N _   0.029 0.029 0.001 0.026 0.013 0.024 0.153 0.725 
 486 L _   0.026 0.029 0.001 0.026 0.012 0.022 0.157 0.726 
 487 Q _   0.023 0.029 0.001 0.025 0.011 0.020 0.161 0.731 
 488 K _   0.020 0.027 0.001 0.022 0.009 0.018 0.165 0.739 
 489 I _   0.017 0.024 0.001 0.017 0.007 0.015 0.169 0.750 
 490 V _   0.014 0.020 0.001 0.013 0.005 0.013 0.173 0.760 
 491 E _   0.012 0.017 0.000 0.009 0.004 0.011 0.177 0.769 
 492 E _   0.010 0.015 0.000 0.007 0.003 0.009 0.180 0.776 
 493 P _   0.009 0.014 0.000 0.005 0.002 0.009 0.182 0.779 
 494 Q _   0.008 0.014 0.000 0.004 0.002 0.009 0.184 0.779 
 495 S _   0.008 0.015 0.000 0.004 0.002 0.009 0.185 0.776 
 496 N _   0.008 0.018 0.000 0.006 0.003 0.011 0.186 0.769 
 497 R _   0.009 0.025 0.000 0.009 0.004 0.012 0.186 0.754 
 498 S _   0.010 0.041 0.001 0.015 0.006 0.015 0.186 0.727 
 499 V _   0.011 0.065 0.001 0.024 0.009 0.017 0.185 0.688 
 500 T _   0.011 0.092 0.001 0.035 0.011 0.018 0.184 0.647 
 501 F _   0.011 0.116 0.001 0.046 0.013 0.019 0.184 0.610 
 502 K _   0.011 0.131 0.001 0.055 0.014 0.019 0.185 0.584 
 503 L _   0.010 0.138 0.001 0.060 0.014 0.019 0.188 0.571 
 504 A _   0.010 0.140 0.001 0.059 0.013 0.017 0.191 0.568 
 505 S _   0.009 0.137 0.001 0.054 0.011 0.016 0.197 0.575 
 506 G _   0.009 0.128 0.001 0.045 0.009 0.014 0.203 0.590 
 507 V _   0.008 0.113 0.001 0.035 0.007 0.012 0.211 0.612 
 508 E _   0.008 0.093 0.001 0.024 0.005 0.010 0.220 0.639 
 509 G _   0.007 0.073 0.001 0.014 0.004 0.008 0.228 0.665 
 510 S _   0.006 0.058 0.000 0.008 0.002 0.007 0.235 0.683 
 511 D _   0.005 0.050 0.000 0.005 0.001 0.006 0.239 0.694 
 512 I _   0.005 0.046 0.000 0.003 0.001 0.007 0.241 0.697 
 513 P _   0.005 0.047 0.000 0.003 0.001 0.008 0.243 0.693 
 514 D _   0.007 0.052 0.000 0.005 0.002 0.011 0.243 0.681 
 515 D _   0.010 0.069 0.001 0.009 0.005 0.015 0.241 0.651 
 516 G _   0.013 0.117 0.001 0.017 0.009 0.021 0.237 0.585 
 517 K _   0.015 0.222 0.002 0.029 0.015 0.024 0.229 0.464 
 518 L E   0.013 0.367 0.002 0.041 0.018 0.024 0.220 0.314 
 519 I E   0.009 0.496 0.002 0.047 0.017 0.019 0.213 0.197 
 520 G E   0.006 0.571 0.001 0.048 0.013 0.015 0.210 0.137 
 521 F E   0.004 0.610 0.001 0.045 0.009 0.010 0.211 0.111 
 522 A E   0.002 0.625 0.001 0.042 0.006 0.007 0.213 0.104 
 523 Q E   0.002 0.629 0.000 0.038 0.004 0.005 0.216 0.107 
 524 L E   0.001 0.621 0.000 0.032 0.001 0.002 0.221 0.120 
 525 S E   0.001 0.599 0.000 0.025 0.001 0.001 0.225 0.148 
 526 I E   0.001 0.561 0.000 0.024 0.001 0.001 0.226 0.185 
 527 S E   0.003 0.524 0.002 0.033 0.006 0.005 0.222 0.205 
