#TopoPred_TM8: 8-state transmembrane topology prediction results by no_profile mode 
#probabilities are in the order of H E C I L F X _, the 8 transmembrane topology types used in PDBTM 
   1 M X   0.020 0.002 0.003 0.072 0.012 0.014 0.548 0.330 
   2 L X   0.008 0.001 0.000 0.045 0.003 0.008 0.561 0.375 
   3 R X   0.003 0.000 0.000 0.027 0.001 0.005 0.562 0.402 
   4 G X   0.002 0.000 0.000 0.019 0.001 0.006 0.554 0.417 
   5 G X   0.002 0.000 0.000 0.016 0.001 0.008 0.541 0.430 
   6 R X   0.004 0.000 0.000 0.015 0.002 0.010 0.523 0.445 
   7 R X   0.006 0.001 0.000 0.015 0.003 0.013 0.502 0.460 
   8 G _   0.008 0.001 0.001 0.017 0.004 0.015 0.477 0.478 
   9 Q _   0.010 0.001 0.001 0.018 0.005 0.017 0.449 0.499 
  10 L _   0.014 0.001 0.001 0.019 0.006 0.019 0.419 0.521 
  11 G _   0.019 0.001 0.001 0.019 0.008 0.021 0.387 0.544 
  12 W _   0.029 0.001 0.001 0.018 0.009 0.023 0.354 0.564 
  13 H _   0.047 0.001 0.001 0.015 0.010 0.024 0.322 0.580 
  14 S _   0.076 0.001 0.001 0.011 0.011 0.026 0.289 0.585 
  15 W _   0.117 0.000 0.001 0.008 0.012 0.027 0.254 0.579 
  16 A _   0.174 0.000 0.001 0.005 0.013 0.028 0.220 0.559 
  17 A _   0.244 0.000 0.001 0.003 0.014 0.029 0.185 0.523 
  18 G _   0.331 0.000 0.002 0.002 0.016 0.029 0.151 0.468 
  19 P H   0.427 0.000 0.002 0.002 0.019 0.029 0.121 0.400 
  20 G H   0.522 0.000 0.002 0.002 0.022 0.029 0.096 0.327 
  21 S H   0.607 0.000 0.002 0.001 0.025 0.028 0.078 0.259 
  22 L H   0.673 0.000 0.002 0.001 0.028 0.026 0.067 0.204 
  23 L H   0.719 0.000 0.002 0.001 0.029 0.024 0.059 0.165 
  24 A H   0.748 0.000 0.002 0.001 0.031 0.022 0.055 0.141 
  25 W H   0.761 0.000 0.002 0.002 0.031 0.020 0.053 0.132 
  26 L H   0.758 0.000 0.002 0.002 0.031 0.019 0.052 0.136 
  27 I H   0.741 0.000 0.002 0.003 0.030 0.018 0.052 0.155 
  28 L H   0.706 0.000 0.002 0.003 0.029 0.017 0.052 0.190 
  29 A H   0.650 0.000 0.002 0.004 0.027 0.017 0.054 0.246 
  30 S H   0.573 0.000 0.002 0.004 0.023 0.016 0.056 0.326 
  31 A H   0.478 0.000 0.002 0.004 0.017 0.015 0.060 0.424 
  32 G _   0.377 0.000 0.001 0.004 0.012 0.013 0.064 0.529 
  33 A _   0.279 0.000 0.001 0.004 0.008 0.011 0.068 0.628 
  34 A _   0.194 0.000 0.001 0.004 0.006 0.010 0.072 0.714 
  35 P _   0.128 0.000 0.001 0.003 0.004 0.009 0.075 0.781 
  36 C _   0.081 0.000 0.000 0.003 0.003 0.007 0.077 0.828 
  37 P _   0.050 0.000 0.000 0.003 0.002 0.007 0.078 0.859 
  38 D _   0.031 0.001 0.000 0.003 0.002 0.006 0.079 0.877 
  39 A _   0.020 0.001 0.000 0.003 0.002 0.006 0.079 0.888 
  40 C _   0.014 0.002 0.000 0.004 0.002 0.006 0.078 0.893 
  41 C _   0.010 0.005 0.000 0.005 0.002 0.007 0.077 0.894 
  42 P _   0.008 0.009 0.000 0.007 0.003 0.008 0.075 0.890 
  43 H _   0.007 0.018 0.000 0.010 0.003 0.009 0.073 0.880 
  44 G _   0.007 0.031 0.001 0.014 0.004 0.011 0.069 0.863 
  45 S _   0.007 0.050 0.001 0.019 0.006 0.012 0.065 0.840 
  46 S _   0.007 0.072 0.001 0.025 0.007 0.014 0.061 0.813 
  47 G _   0.007 0.094 0.001 0.032 0.008 0.015 0.058 0.786 
  48 L _   0.007 0.111 0.001 0.038 0.009 0.015 0.054 0.764 
  49 R _   0.007 0.123 0.001 0.042 0.010 0.015 0.052 0.750 
  50 C _   0.007 0.130 0.001 0.044 0.010 0.015 0.050 0.742 
  51 T _   0.007 0.133 0.001 0.044 0.010 0.015 0.049 0.742 
  52 R _   0.007 0.133 0.001 0.041 0.009 0.014 0.048 0.748 
  53 D _   0.007 0.129 0.001 0.036 0.008 0.013 0.048 0.758 
  54 G _   0.007 0.122 0.001 0.031 0.007 0.012 0.047 0.773 
  55 A _   0.007 0.113 0.001 0.026 0.006 0.011 0.048 0.790 
  56 L _   0.007 0.101 0.001 0.020 0.005 0.010 0.048 0.808 
  57 D _   0.006 0.089 0.001 0.016 0.004 0.009 0.049 0.826 
  58 S _   0.006 0.078 0.000 0.013 0.004 0.009 0.049 0.842 
  59 L _   0.006 0.069 0.000 0.010 0.003 0.008 0.049 0.854 
  60 H _   0.006 0.063 0.000 0.008 0.003 0.008 0.049 0.863 
  61 H _   0.006 0.059 0.000 0.008 0.003 0.008 0.049 0.868 
  62 L _   0.006 0.057 0.000 0.007 0.003 0.008 0.048 0.871 
  63 P _   0.006 0.056 0.000 0.008 0.003 0.009 0.048 0.871 
  64 G _   0.006 0.057 0.000 0.009 0.003 0.010 0.047 0.867 
  65 A _   0.007 0.060 0.000 0.011 0.004 0.011 0.046 0.860 
  66 E _   0.008 0.064 0.001 0.015 0.005 0.012 0.045 0.852 
  67 N _   0.009 0.068 0.001 0.018 0.006 0.013 0.044 0.842 
  68 L _   0.009 0.072 0.001 0.022 0.007 0.014 0.043 0.833 
  69 T _   0.009 0.074 0.001 0.025 0.008 0.014 0.042 0.826 
  70 E _   0.010 0.075 0.001 0.027 0.008 0.015 0.042 0.823 
  71 L _   0.010 0.074 0.001 0.027 0.008 0.014 0.041 0.825 
  72 Y _   0.010 0.071 0.001 0.025 0.007 0.014 0.041 0.832 
  73 I _   0.009 0.065 0.001 0.022 0.007 0.013 0.041 0.842 
  74 E _   0.009 0.058 0.001 0.019 0.006 0.012 0.042 0.855 
  75 N _   0.009 0.049 0.001 0.015 0.005 0.011 0.042 0.868 
  76 Q _   0.008 0.041 0.001 0.012 0.004 0.011 0.042 0.881 
  77 Q _   0.008 0.034 0.000 0.010 0.004 0.010 0.043 0.891 
  78 H _   0.008 0.028 0.000 0.009 0.003 0.010 0.043 0.899 
  79 L _   0.008 0.024 0.000 0.008 0.003 0.010 0.043 0.904 
  80 Q _   0.008 0.022 0.000 0.008 0.003 0.010 0.043 0.907 
  81 H _   0.008 0.020 0.000 0.008 0.003 0.010 0.043 0.908 
  82 L _   0.008 0.019 0.000 0.009 0.004 0.010 0.042 0.909 
  83 E _   0.008 0.018 0.000 0.009 0.004 0.011 0.042 0.908 
  84 L _   0.008 0.017 0.000 0.010 0.004 0.011 0.041 0.908 
  85 R _   0.009 0.017 0.000 0.010 0.004 0.012 0.040 0.907 
  86 D _   0.009 0.017 0.001 0.010 0.005 0.013 0.040 0.906 
  87 L _   0.010 0.016 0.001 0.010 0.005 0.014 0.039 0.904 
  88 R _   0.012 0.016 0.001 0.011 0.006 0.016 0.038 0.901 
  89 G _   0.014 0.016 0.001 0.011 0.006 0.017 0.038 0.897 
  90 L _   0.016 0.017 0.001 0.011 0.007 0.019 0.037 0.892 
  91 G _   0.018 0.017 0.001 0.011 0.008 0.021 0.037 0.887 
  92 E _   0.022 0.017 0.001 0.012 0.009 0.023 0.036 0.881 
  93 L _   0.025 0.018 0.001 0.012 0.010 0.025 0.036 0.874 
  94 R _   0.028 0.019 0.001 0.012 0.011 0.027 0.035 0.867 
  95 N _   0.032 0.020 0.001 0.013 0.012 0.029 0.035 0.859 
  96 L _   0.036 0.021 0.001 0.013 0.013 0.031 0.034 0.851 
  97 T _   0.039 0.022 0.001 0.014 0.014 0.032 0.034 0.844 
  98 I _   0.041 0.024 0.001 0.015 0.015 0.033 0.034 0.836 
  99 V _   0.043 0.026 0.001 0.017 0.016 0.034 0.034 0.829 
 100 K _   0.044 0.028 0.001 0.018 0.017 0.034 0.034 0.824 
 101 S _   0.044 0.029 0.001 0.019 0.017 0.034 0.034 0.821 
 102 G _   0.044 0.030 0.001 0.020 0.017 0.033 0.034 0.821 
 103 L _   0.042 0.030 0.001 0.020 0.016 0.032 0.035 0.824 
 104 R _   0.039 0.030 0.001 0.019 0.015 0.030 0.035 0.830 
 105 F _   0.036 0.029 0.001 0.018 0.013 0.028 0.035 0.839 
 106 V _   0.033 0.028 0.001 0.017 0.012 0.026 0.036 0.848 
 107 A _   0.029 0.026 0.001 0.016 0.011 0.024 0.036 0.857 
 108 P _   0.026 0.024 0.001 0.015 0.009 0.022 0.037 0.866 
 109 D _   0.023 0.023 0.001 0.014 0.008 0.020 0.037 0.874 
 110 A _   0.020 0.021 0.001 0.013 0.007 0.018 0.038 0.882 
 111 F _   0.018 0.019 0.001 0.012 0.007 0.017 0.038 0.889 
 112 H _   0.016 0.018 0.001 0.011 0.006 0.016 0.039 0.895 
 113 F _   0.014 0.016 0.001 0.010 0.005 0.014 0.039 0.900 
 114 T _   0.012 0.015 0.001 0.010 0.005 0.014 0.039 0.905 
 115 P _   0.011 0.014 0.001 0.009 0.005 0.013 0.039 0.909 
 116 R _   0.010 0.014 0.001 0.009 0.004 0.013 0.039 0.911 
 117 L _   0.010 0.014 0.001 0.009 0.004 0.013 0.039 0.911 
 118 S _   0.010 0.014 0.001 0.009 0.005 0.013 0.039 0.911 
 119 R _   0.011 0.015 0.001 0.009 0.005 0.014 0.038 0.908 
 120 L _   0.011 0.016 0.001 0.010 0.006 0.014 0.038 0.904 
 121 N _   0.012 0.017 0.001 0.012 0.006 0.015 0.038 0.899 
 122 L _   0.013 0.018 0.001 0.013 0.007 0.016 0.037 0.894 
 123 S _   0.014 0.019 0.001 0.014 0.008 0.017 0.037 0.890 
 124 F _   0.015 0.020 0.001 0.015 0.008 0.018 0.037 0.886 
 125 N _   0.016 0.020 0.001 0.015 0.008 0.019 0.037 0.885 
 126 A _   0.017 0.020 0.001 0.014 0.008 0.019 0.037 0.884 
 127 L _   0.018 0.020 0.001 0.013 0.008 0.020 0.037 0.884 
 128 E _   0.019 0.019 0.001 0.012 0.008 0.020 0.037 0.885 
 129 S _   0.020 0.018 0.001 0.010 0.008 0.021 0.037 0.885 
 130 L _   0.022 0.018 0.001 0.009 0.008 0.022 0.037 0.884 
 131 S _   0.023 0.018 0.001 0.009 0.008 0.023 0.037 0.881 
 132 W _   0.026 0.019 0.001 0.009 0.009 0.025 0.037 0.876 
 133 K _   0.028 0.020 0.001 0.010 0.010 0.026 0.037 0.869 
 134 T _   0.029 0.023 0.001 0.012 0.011 0.027 0.037 0.859 
 135 V _   0.031 0.027 0.001 0.015 0.013 0.029 0.037 0.848 
 136 Q _   0.032 0.032 0.001 0.018 0.015 0.030 0.037 0.835 
 137 G _   0.033 0.037 0.001 0.023 0.016 0.031 0.037 0.822 
 138 L _   0.033 0.041 0.001 0.027 0.018 0.031 0.037 0.812 
 139 S _   0.032 0.044 0.001 0.030 0.018 0.030 0.038 0.807 
 140 L _   0.031 0.044 0.001 0.031 0.017 0.029 0.038 0.807 
 141 Q _   0.029 0.043 0.001 0.030 0.016 0.027 0.039 0.814 
 142 E _   0.027 0.040 0.001 0.027 0.014 0.025 0.040 0.827 
 143 L _   0.024 0.035 0.001 0.022 0.011 0.022 0.042 0.844 
 144 V _   0.021 0.029 0.001 0.016 0.008 0.019 0.043 0.862 
 145 L _   0.019 0.023 0.001 0.011 0.006 0.017 0.044 0.879 
 146 S _   0.017 0.018 0.001 0.008 0.005 0.016 0.045 0.891 
 147 G _   0.016 0.015 0.000 0.006 0.004 0.015 0.045 0.898 
 148 N _   0.016 0.014 0.000 0.005 0.004 0.016 0.046 0.900 
 149 P _   0.017 0.014 0.000 0.005 0.004 0.017 0.046 0.896 
 150 L _   0.019 0.016 0.001 0.007 0.006 0.019 0.046 0.887 
 151 H _   0.021 0.021 0.001 0.010 0.008 0.022 0.046 0.871 
 152 C _   0.024 0.030 0.001 0.015 0.011 0.024 0.046 0.849 
 153 S _   0.025 0.041 0.001 0.022 0.014 0.026 0.046 0.824 
 154 C _   0.026 0.052 0.001 0.030 0.016 0.027 0.046 0.801 
 155 A _   0.027 0.061 0.001 0.036 0.017 0.027 0.046 0.784 
 156 L _   0.026 0.066 0.001 0.040 0.017 0.027 0.047 0.775 
 157 R _   0.025 0.068 0.001 0.040 0.017 0.025 0.048 0.776 
 158 W _   0.024 0.067 0.001 0.038 0.015 0.023 0.049 0.783 
 159 L _   0.022 0.063 0.001 0.033 0.013 0.021 0.051 0.798 
 160 Q _   0.019 0.056 0.001 0.027 0.010 0.018 0.052 0.816 
 161 R _   0.017 0.047 0.001 0.021 0.008 0.015 0.054 0.837 
 162 W _   0.015 0.038 0.001 0.016 0.006 0.013 0.056 0.856 
 163 E _   0.013 0.030 0.001 0.012 0.004 0.011 0.058 0.872 
 164 E _   0.011 0.024 0.000 0.009 0.003 0.010 0.059 0.883 
 165 E _   0.010 0.020 0.000 0.007 0.003 0.009 0.060 0.891 
 166 G _   0.009 0.017 0.000 0.006 0.002 0.008 0.061 0.895 
 167 L _   0.009 0.016 0.000 0.006 0.002 0.007 0.062 0.897 
 168 G _   0.008 0.016 0.000 0.006 0.002 0.007 0.062 0.898 
 169 G _   0.007 0.016 0.000 0.007 0.002 0.007 0.062 0.899 
 170 V _   0.007 0.017 0.000 0.007 0.003 0.007 0.062 0.898 
 171 P _   0.007 0.018 0.000 0.008 0.003 0.008 0.061 0.896 
 172 E _   0.006 0.020 0.000 0.009 0.003 0.008 0.060 0.894 
 173 Q _   0.006 0.022 0.000 0.009 0.003 0.008 0.059 0.892 
 174 K _   0.006 0.024 0.000 0.010 0.003 0.008 0.058 0.889 
 175 L _   0.006 0.027 0.000 0.012 0.004 0.009 0.057 0.886 
 176 Q _   0.006 0.030 0.000 0.013 0.004 0.009 0.056 0.882 
 177 C _   0.006 0.034 0.000 0.014 0.004 0.009 0.055 0.878 
 178 H _   0.006 0.037 0.001 0.015 0.004 0.010 0.054 0.874 
 179 G _   0.006 0.041 0.001 0.016 0.005 0.010 0.053 0.870 
 180 Q _   0.006 0.043 0.001 0.017 0.005 0.010 0.052 0.867 
 181 G _   0.006 0.046 0.001 0.016 0.005 0.010 0.051 0.865 
 182 P _   0.006 0.047 0.001 0.015 0.005 0.010 0.050 0.865 
 183 L _   0.006 0.048 0.001 0.014 0.004 0.011 0.050 0.866 
 184 A _   0.007 0.049 0.001 0.013 0.004 0.011 0.049 0.867 
 185 H _   0.007 0.049 0.000 0.011 0.004 0.012 0.049 0.868 
 186 M _   0.008 0.051 0.000 0.010 0.004 0.012 0.048 0.866 
 187 P _   0.008 0.053 0.001 0.010 0.005 0.014 0.047 0.863 
 188 N _   0.010 0.057 0.001 0.011 0.005 0.015 0.047 0.855 
 189 A _   0.011 0.063 0.001 0.012 0.007 0.018 0.046 0.843 
 190 S _   0.013 0.072 0.001 0.016 0.008 0.020 0.045 0.826 
 191 C _   0.014 0.084 0.001 0.020 0.011 0.022 0.043 0.804 
 192 G _   0.015 0.098 0.001 0.026 0.013 0.024 0.042 0.780 
 193 V _   0.016 0.112 0.001 0.033 0.015 0.026 0.041 0.756 
 194 P _   0.016 0.122 0.001 0.040 0.017 0.026 0.040 0.737 
 195 T _   0.016 0.129 0.001 0.044 0.017 0.026 0.039 0.726 
 196 L _   0.016 0.132 0.001 0.047 0.017 0.025 0.039 0.722 
 197 K _   0.016 0.130 0.001 0.046 0.017 0.024 0.039 0.727 
 198 V _   0.015 0.125 0.001 0.042 0.015 0.022 0.040 0.740 
 199 Q _   0.014 0.115 0.001 0.036 0.013 0.020 0.040 0.761 
 200 V _   0.013 0.100 0.001 0.029 0.010 0.017 0.041 0.788 
 201 P _   0.012 0.083 0.001 0.022 0.008 0.015 0.043 0.817 
 202 N _   0.011 0.065 0.001 0.016 0.006 0.013 0.044 0.844 
 203 A _   0.010 0.051 0.001 0.011 0.005 0.012 0.044 0.867 
 204 S _   0.009 0.040 0.000 0.007 0.003 0.011 0.045 0.883 
 205 V _   0.009 0.035 0.000 0.006 0.003 0.010 0.045 0.893 
 206 D _   0.008 0.032 0.000 0.005 0.003 0.010 0.045 0.897 
 207 V _   0.008 0.032 0.000 0.005 0.003 0.011 0.045 0.896 
 208 G _   0.009 0.034 0.000 0.006 0.004 0.012 0.044 0.890 
 209 D _   0.010 0.039 0.001 0.008 0.005 0.014 0.043 0.880 
 210 D _   0.012 0.047 0.001 0.012 0.006 0.016 0.042 0.865 
 211 V _   0.012 0.058 0.001 0.016 0.008 0.018 0.041 0.847 
 212 L _   0.013 0.070 0.001 0.020 0.009 0.020 0.039 0.828 
 213 L _   0.013 0.080 0.001 0.023 0.010 0.021 0.038 0.813 
 214 R _   0.013 0.088 0.001 0.025 0.011 0.021 0.037 0.804 
 215 C _   0.013 0.094 0.001 0.025 0.011 0.022 0.036 0.799 
 216 Q _   0.012 0.097 0.001 0.024 0.010 0.022 0.036 0.798 
 217 V _   0.013 0.099 0.001 0.022 0.010 0.022 0.035 0.799 
 218 E _   0.013 0.099 0.001 0.019 0.009 0.022 0.034 0.802 
 219 G _   0.014 0.099 0.001 0.017 0.009 0.023 0.034 0.804 
 220 R _   0.015 0.099 0.001 0.015 0.009 0.023 0.034 0.804 
 221 G _   0.016 0.100 0.001 0.014 0.009 0.024 0.033 0.802 
 222 L _   0.018 0.102 0.001 0.014 0.010 0.025 0.033 0.797 
 223 E _   0.019 0.105 0.001 0.015 0.011 0.027 0.033 0.789 
 224 Q _   0.021 0.109 0.001 0.018 0.013 0.028 0.032 0.779 
 225 A _   0.022 0.113 0.001 0.021 0.014 0.029 0.032 0.768 
 226 G _   0.024 0.117 0.001 0.024 0.015 0.029 0.032 0.758 
 227 W _   0.025 0.119 0.001 0.026 0.016 0.030 0.032 0.751 
 228 I _   0.026 0.120 0.001 0.028 0.017 0.029 0.032 0.747 
 229 L _   0.026 0.119 0.001 0.029 0.016 0.028 0.032 0.748 
 230 T _   0.026 0.114 0.001 0.028 0.016 0.027 0.033 0.755 
 231 E _   0.025 0.106 0.001 0.026 0.014 0.025 0.034 0.768 
 232 L _   0.024 0.096 0.001 0.023 0.013 0.024 0.035 0.785 
 233 E _   0.023 0.083 0.001 0.019 0.011 0.022 0.036 0.806 
 234 Q _   0.021 0.069 0.001 0.016 0.010 0.021 0.037 0.826 
 235 S _   0.020 0.057 0.001 0.013 0.008 0.019 0.038 0.844 
 236 A _   0.019 0.048 0.001 0.010 0.007 0.018 0.039 0.858 
 237 T _   0.019 0.041 0.001 0.008 0.006 0.018 0.040 0.869 
 238 V _   0.018 0.036 0.001 0.007 0.005 0.017 0.040 0.875 
 239 M _   0.018 0.034 0.001 0.007 0.005 0.018 0.041 0.878 
 240 K _   0.018 0.033 0.001 0.006 0.005 0.018 0.041 0.877 
 241 S _   0.019 0.034 0.001 0.007 0.005 0.020 0.041 0.873 
 242 G _   0.021 0.037 0.001 0.008 0.007 0.022 0.041 0.864 
 243 G _   0.023 0.043 0.001 0.011 0.009 0.025 0.041 0.848 
 244 L _   0.026 0.053 0.001 0.015 0.012 0.028 0.041 0.824 
 245 P _   0.028 0.068 0.001 0.022 0.016 0.030 0.041 0.794 
 246 S _   0.030 0.085 0.002 0.031 0.019 0.032 0.040 0.761 
 247 L _   0.030 0.100 0.002 0.040 0.022 0.033 0.040 0.732 
 248 G _   0.030 0.112 0.002 0.049 0.024 0.033 0.041 0.710 
 249 L _   0.029 0.118 0.002 0.054 0.023 0.032 0.042 0.700 
 250 T _   0.028 0.119 0.002 0.055 0.022 0.029 0.043 0.702 
 251 L _   0.025 0.116 0.002 0.053 0.019 0.026 0.045 0.715 
 252 A _   0.022 0.106 0.001 0.045 0.016 0.023 0.047 0.739 
 253 N _   0.019 0.089 0.001 0.036 0.012 0.019 0.050 0.774 
 254 V _   0.016 0.067 0.001 0.025 0.009 0.016 0.052 0.813 
 255 T _   0.014 0.044 0.001 0.017 0.006 0.013 0.055 0.851 
 256 S _   0.011 0.026 0.001 0.010 0.004 0.010 0.057 0.881 
 257 D _   0.009 0.014 0.000 0.006 0.003 0.009 0.058 0.900 
 258 L _   0.008 0.008 0.000 0.005 0.002 0.008 0.059 0.910 
 259 N _   0.007 0.006 0.000 0.004 0.002 0.007 0.060 0.915 
 260 R _   0.007 0.005 0.000 0.004 0.002 0.007 0.060 0.915 
 261 K _   0.007 0.005 0.000 0.005 0.002 0.008 0.060 0.914 
 262 N _   0.007 0.005 0.000 0.007 0.003 0.009 0.059 0.910 
 263 V _   0.008 0.006 0.000 0.009 0.003 0.010 0.059 0.905 
 264 T _   0.008 0.007 0.000 0.011 0.004 0.010 0.058 0.901 
 265 C _   0.007 0.008 0.001 0.013 0.004 0.011 0.057 0.899 
 266 W _   0.007 0.009 0.001 0.014 0.005 0.011 0.056 0.897 
 267 A _   0.007 0.009 0.001 0.013 0.005 0.012 0.055 0.897 
 268 E _   0.007 0.009 0.001 0.013 0.005 0.012 0.054 0.898 
 269 N _   0.008 0.009 0.001 0.012 0.005 0.013 0.054 0.899 
 270 D _   0.008 0.009 0.001 0.011 0.005 0.014 0.053 0.899 
 271 V _   0.009 0.010 0.001 0.011 0.005 0.016 0.052 0.897 
 272 G _   0.011 0.010 0.001 0.011 0.006 0.017 0.051 0.893 
 273 R _   0.013 0.011 0.001 0.012 0.007 0.020 0.050 0.886 
 274 A _   0.015 0.012 0.001 0.014 0.008 0.022 0.049 0.879 
 275 E _   0.017 0.013 0.001 0.016 0.010 0.024 0.049 0.871 
 276 V _   0.019 0.014 0.001 0.017 0.011 0.026 0.048 0.863 
 277 S _   0.021 0.015 0.001 0.018 0.012 0.028 0.047 0.857 
 278 V _   0.023 0.016 0.001 0.018 0.013 0.030 0.047 0.853 
 279 Q _   0.025 0.015 0.001 0.018 0.013 0.031 0.046 0.850 
 280 V _   0.027 0.015 0.001 0.017 0.013 0.032 0.046 0.849 
 281 N _   0.028 0.014 0.001 0.015 0.013 0.033 0.046 0.850 
 282 V _   0.030 0.013 0.001 0.014 0.012 0.034 0.046 0.850 
 283 S _   0.032 0.012 0.001 0.012 0.012 0.035 0.046 0.851 
 284 F _   0.034 0.011 0.001 0.011 0.012 0.036 0.046 0.850 
 285 P _   0.037 0.011 0.001 0.010 0.012 0.037 0.046 0.846 
 286 A _   0.040 0.011 0.001 0.010 0.013 0.039 0.046 0.840 
 287 S _   0.044 0.012 0.001 0.010 0.014 0.040 0.046 0.834 
 288 V _   0.047 0.013 0.001 0.010 0.015 0.042 0.046 0.826 
 289 Q _   0.051 0.014 0.001 0.011 0.016 0.044 0.046 0.817 
 290 L _   0.054 0.017 0.001 0.013 0.018 0.045 0.046 0.806 
 291 H _   0.058 0.020 0.001 0.014 0.020 0.046 0.046 0.795 
 292 T _   0.061 0.024 0.001 0.016 0.022 0.047 0.046 0.783 
 293 A _   0.062 0.028 0.002 0.018 0.024 0.047 0.047 0.772 
 294 V _   0.063 0.032 0.002 0.021 0.026 0.047 0.047 0.763 
 295 E _   0.063 0.036 0.002 0.024 0.026 0.045 0.048 0.756 
 296 M _   0.061 0.039 0.002 0.027 0.026 0.043 0.050 0.751 
 297 H _   0.059 0.041 0.002 0.030 0.025 0.041 0.051 0.751 
 298 H _   0.055 0.042 0.002 0.031 0.023 0.037 0.053 0.756 
 299 W _   0.049 0.041 0.002 0.032 0.021 0.033 0.055 0.767 
 300 C _   0.043 0.039 0.001 0.030 0.017 0.029 0.058 0.783 
 301 I _   0.037 0.034 0.001 0.026 0.014 0.025 0.060 0.802 
 302 P _   0.031 0.028 0.001 0.021 0.010 0.021 0.063 0.825 
 303 F _   0.025 0.021 0.001 0.016 0.007 0.017 0.066 0.848 
 304 S _   0.020 0.014 0.001 0.011 0.005 0.013 0.068 0.869 
 305 V _   0.015 0.009 0.000 0.007 0.003 0.011 0.069 0.885 
 306 D _   0.012 0.006 0.000 0.005 0.002 0.009 0.070 0.896 
 307 G _   0.009 0.005 0.000 0.003 0.002 0.008 0.070 0.902 
 308 Q _   0.008 0.005 0.000 0.003 0.002 0.008 0.070 0.904 
 309 P _   0.008 0.005 0.000 0.003 0.002 0.009 0.070 0.903 
 310 A _   0.008 0.007 0.000 0.005 0.003 0.011 0.070 0.897 
 311 P _   0.009 0.012 0.000 0.007 0.004 0.013 0.069 0.886 
 312 S _   0.010 0.021 0.001 0.012 0.006 0.015 0.067 0.868 
 313 L _   0.011 0.033 0.001 0.017 0.008 0.018 0.066 0.847 
 314 R _   0.011 0.046 0.001 0.022 0.010 0.020 0.064 0.825 
 315 W _   0.012 0.057 0.001 0.026 0.011 0.022 0.063 0.809 
 316 L _   0.012 0.064 0.001 0.027 0.012 0.024 0.062 0.798 
 317 F _   0.013 0.069 0.001 0.026 0.012 0.025 0.061 0.793 
 318 N _   0.014 0.072 0.001 0.024 0.012 0.027 0.060 0.790 
 319 G _   0.016 0.073 0.001 0.021 0.012 0.028 0.060 0.789 
 320 S _   0.019 0.073 0.001 0.017 0.012 0.030 0.059 0.787 
 321 V _   0.023 0.074 0.001 0.015 0.013 0.032 0.059 0.782 
 322 L _   0.028 0.076 0.001 0.014 0.015 0.035 0.059 0.772 
 323 N _   0.033 0.079 0.001 0.015 0.017 0.038 0.059 0.757 
 324 E _   0.038 0.085 0.001 0.018 0.021 0.040 0.060 0.737 
 325 T _   0.043 0.092 0.002 0.023 0.024 0.042 0.060 0.715 
 326 S _   0.046 0.100 0.002 0.029 0.026 0.042 0.061 0.694 
 327 F _   0.047 0.106 0.002 0.035 0.028 0.042 0.062 0.679 
 328 I _   0.047 0.110 0.002 0.039 0.027 0.040 0.063 0.672 
 329 F _   0.045 0.110 0.002 0.041 0.026 0.038 0.065 0.673 
 330 T _   0.042 0.106 0.002 0.039 0.023 0.034 0.068 0.685 
 331 E _   0.038 0.098 0.002 0.035 0.020 0.030 0.071 0.706 
 332 F _   0.033 0.086 0.001 0.028 0.016 0.027 0.074 0.735 
 333 L _   0.028 0.070 0.001 0.022 0.012 0.023 0.078 0.766 
 334 E _   0.024 0.054 0.001 0.015 0.009 0.020 0.081 0.797 
 335 P _   0.020 0.041 0.001 0.010 0.006 0.017 0.084 0.822 
 336 A _   0.016 0.032 0.001 0.007 0.005 0.015 0.086 0.837 
 337 A _   0.014 0.028 0.000 0.006 0.004 0.014 0.088 0.846 
 338 N _   0.013 0.027 0.000 0.006 0.004 0.014 0.089 0.847 
 339 E _   0.012 0.027 0.000 0.007 0.004 0.014 0.091 0.845 
 340 T _   0.012 0.029 0.001 0.009 0.005 0.015 0.092 0.837 
 341 V _   0.012 0.033 0.001 0.013 0.006 0.016 0.092 0.826 
 342 R _   0.012 0.038 0.001 0.019 0.007 0.017 0.093 0.813 
 343 H _   0.012 0.043 0.001 0.024 0.009 0.017 0.094 0.800 
 344 G _   0.012 0.047 0.001 0.029 0.010 0.017 0.095 0.789 
 345 C _   0.011 0.049 0.001 0.032 0.010 0.017 0.097 0.783 
 346 L _   0.011 0.049 0.001 0.033 0.010 0.016 0.099 0.781 
 347 R _   0.011 0.047 0.001 0.031 0.009 0.015 0.102 0.785 
 348 L _   0.010 0.042 0.001 0.027 0.008 0.013 0.105 0.793 
 349 N _   0.010 0.036 0.001 0.022 0.007 0.012 0.109 0.805 
 350 Q _   0.009 0.028 0.001 0.016 0.005 0.010 0.113 0.818 
 351 P _   0.008 0.021 0.001 0.012 0.004 0.009 0.116 0.830 
 352 T _   0.007 0.015 0.000 0.008 0.003 0.008 0.120 0.840 
 353 H _   0.006 0.010 0.000 0.006 0.002 0.007 0.122 0.845 
 354 V _   0.006 0.008 0.000 0.005 0.002 0.007 0.124 0.847 
 355 N _   0.006 0.007 0.000 0.004 0.002 0.007 0.126 0.847 
 356 N _   0.006 0.007 0.000 0.005 0.002 0.008 0.127 0.845 
 357 G _   0.006 0.008 0.000 0.006 0.003 0.009 0.128 0.840 
 358 N _   0.007 0.009 0.000 0.008 0.003 0.010 0.129 0.833 
 359 Y _   0.007 0.012 0.000 0.010 0.004 0.012 0.129 0.826 
 360 T _   0.008 0.014 0.001 0.012 0.005 0.014 0.129 0.818 
 361 L _   0.008 0.017 0.001 0.013 0.005 0.016 0.130 0.811 
 362 L _   0.009 0.019 0.001 0.013 0.006 0.018 0.130 0.805 
 363 A _   0.010 0.021 0.001 0.013 0.006 0.020 0.130 0.799 
 364 A _   0.012 0.023 0.001 0.012 0.006 0.023 0.130 0.793 
 365 N _   0.016 0.025 0.001 0.011 0.007 0.026 0.130 0.785 
 366 P _   0.021 0.029 0.001 0.010 0.009 0.031 0.130 0.770 
 367 F _   0.028 0.034 0.001 0.010 0.013 0.037 0.129 0.748 
 368 G _   0.037 0.044 0.001 0.012 0.019 0.044 0.129 0.713 
 369 Q _   0.048 0.063 0.002 0.017 0.027 0.051 0.128 0.663 
 370 A _   0.058 0.092 0.002 0.024 0.037 0.058 0.128 0.600 
 371 S _   0.067 0.131 0.003 0.035 0.046 0.061 0.128 0.530 
 372 A _   0.073 0.170 0.003 0.046 0.050 0.061 0.129 0.467 
 373 S _   0.075 0.199 0.003 0.057 0.051 0.059 0.132 0.425 
 374 I _   0.076 0.216 0.003 0.065 0.049 0.056 0.135 0.401 
 375 M _   0.074 0.224 0.002 0.069 0.045 0.051 0.141 0.394 
 376 A _   0.069 0.223 0.002 0.068 0.040 0.046 0.148 0.404 
 377 A _   0.063 0.214 0.002 0.062 0.034 0.040 0.156 0.428 
 378 F _   0.055 0.194 0.002 0.053 0.027 0.034 0.167 0.467 
 379 M _   0.047 0.161 0.002 0.043 0.021 0.029 0.179 0.518 
 380 D _   0.039 0.119 0.002 0.032 0.015 0.024 0.193 0.577 
 381 N _   0.032 0.077 0.001 0.022 0.010 0.019 0.206 0.633 
 382 P _   0.025 0.044 0.001 0.014 0.006 0.014 0.217 0.678 
 383 F _   0.019 0.023 0.001 0.009 0.004 0.011 0.226 0.708 
 384 E _   0.014 0.012 0.000 0.006 0.002 0.008 0.232 0.726 
 385 F _   0.010 0.007 0.000 0.004 0.002 0.006 0.235 0.736 
 386 N _   0.007 0.004 0.000 0.003 0.001 0.005 0.238 0.741 
 387 P _   0.006 0.003 0.000 0.002 0.001 0.005 0.239 0.744 
 388 E _   0.005 0.003 0.000 0.003 0.001 0.005 0.239 0.744 
 389 D _   0.005 0.004 0.000 0.004 0.001 0.006 0.238 0.742 
 390 P _   0.005 0.005 0.000 0.006 0.002 0.007 0.236 0.738 
 391 I _   0.005 0.008 0.000 0.010 0.003 0.008 0.234 0.731 
 392 P _   0.006 0.013 0.000 0.016 0.004 0.010 0.231 0.721 
 393 V _   0.006 0.017 0.001 0.022 0.005 0.011 0.228 0.710 
 394 S _   0.006 0.022 0.001 0.028 0.006 0.012 0.225 0.700 
 395 F _   0.006 0.025 0.001 0.032 0.006 0.012 0.223 0.695 
 396 S _   0.006 0.026 0.001 0.034 0.006 0.012 0.221 0.694 
 397 P _   0.006 0.026 0.001 0.032 0.006 0.011 0.220 0.698 
 398 V _   0.006 0.024 0.001 0.029 0.005 0.010 0.220 0.706 
 399 D _   0.005 0.022 0.001 0.024 0.004 0.009 0.220 0.715 
 400 T _   0.005 0.018 0.000 0.019 0.003 0.008 0.220 0.727 
 401 N _   0.005 0.013 0.000 0.014 0.003 0.007 0.220 0.737 
 402 S _   0.005 0.010 0.000 0.011 0.002 0.006 0.220 0.747 
 403 T _   0.004 0.006 0.000 0.008 0.002 0.005 0.219 0.755 
 404 S _   0.004 0.004 0.000 0.006 0.001 0.005 0.218 0.761 
 405 G _   0.004 0.003 0.000 0.005 0.001 0.004 0.215 0.768 
 406 D _   0.003 0.002 0.000 0.004 0.001 0.004 0.212 0.773 
 407 P _   0.003 0.001 0.000 0.004 0.001 0.004 0.207 0.780 
 408 V _   0.004 0.001 0.000 0.004 0.001 0.003 0.201 0.786 
 409 E _   0.004 0.000 0.000 0.003 0.001 0.003 0.193 0.794 
 410 K _   0.007 0.000 0.000 0.003 0.001 0.004 0.184 0.801 
 411 K _   0.012 0.000 0.000 0.003 0.002 0.004 0.173 0.806 
 412 D _   0.023 0.000 0.000 0.003 0.002 0.005 0.160 0.806 
 413 E _   0.048 0.000 0.000 0.003 0.003 0.007 0.144 0.795 
 414 T _   0.094 0.000 0.001 0.002 0.004 0.008 0.125 0.766 
 415 P _   0.166 0.000 0.001 0.002 0.005 0.010 0.103 0.714 
 416 F _   0.262 0.000 0.001 0.001 0.006 0.010 0.080 0.639 
 417 G _   0.374 0.000 0.001 0.001 0.007 0.010 0.060 0.546 
 418 V H   0.495 0.000 0.001 0.001 0.008 0.010 0.043 0.443 
 419 S H   0.611 0.000 0.001 0.001 0.008 0.008 0.031 0.341 
 420 V H   0.718 0.000 0.001 0.000 0.008 0.007 0.021 0.245 
 421 A H   0.806 0.000 0.001 0.000 0.008 0.006 0.014 0.165 
 422 V H   0.872 0.000 0.001 0.000 0.007 0.005 0.010 0.105 
 423 G H   0.914 0.000 0.001 0.000 0.007 0.004 0.007 0.067 
 424 L H   0.940 0.000 0.001 0.000 0.007 0.003 0.005 0.044 
 425 A H   0.955 0.000 0.001 0.000 0.007 0.003 0.004 0.031 
 426 V H   0.963 0.000 0.001 0.000 0.007 0.002 0.003 0.024 
 427 F H   0.966 0.000 0.001 0.000 0.007 0.002 0.003 0.022 
 428 A H   0.966 0.000 0.001 0.000 0.007 0.002 0.002 0.022 
 429 C H   0.962 0.000 0.001 0.000 0.007 0.002 0.002 0.025 
 430 L H   0.955 0.000 0.001 0.000 0.008 0.002 0.002 0.032 
 431 F H   0.943 0.000 0.001 0.000 0.008 0.002 0.002 0.043 
 432 L H   0.925 0.000 0.001 0.000 0.009 0.003 0.002 0.060 
 433 S H   0.900 0.000 0.001 0.000 0.010 0.003 0.002 0.084 
 434 T H   0.865 0.000 0.001 0.000 0.011 0.004 0.003 0.117 
 435 L H   0.819 0.000 0.001 0.001 0.011 0.005 0.004 0.160 
 436 L H   0.757 0.000 0.001 0.001 0.012 0.006 0.005 0.219 
 437 L H   0.679 0.000 0.001 0.001 0.011 0.006 0.007 0.294 
 438 V H   0.584 0.000 0.001 0.001 0.010 0.007 0.010 0.386 
 439 L _   0.479 0.000 0.001 0.001 0.009 0.008 0.014 0.488 
 440 N _   0.371 0.000 0.001 0.002 0.007 0.008 0.019 0.592 
 441 K _   0.271 0.000 0.001 0.002 0.006 0.008 0.024 0.689 
 442 C _   0.188 0.000 0.001 0.002 0.005 0.008 0.029 0.769 
 443 G _   0.125 0.000 0.001 0.003 0.004 0.007 0.033 0.829 
 444 R _   0.081 0.000 0.000 0.003 0.003 0.007 0.036 0.870 
 445 R _   0.052 0.000 0.000 0.003 0.003 0.007 0.039 0.897 
 446 N _   0.033 0.000 0.000 0.004 0.002 0.006 0.041 0.913 
 447 K _   0.022 0.000 0.000 0.004 0.002 0.007 0.042 0.922 
 448 F _   0.016 0.001 0.000 0.005 0.002 0.007 0.044 0.926 
 449 G _   0.012 0.001 0.000 0.005 0.002 0.007 0.044 0.928 
 450 I _   0.010 0.002 0.000 0.006 0.003 0.008 0.045 0.927 
 451 N _   0.008 0.002 0.000 0.007 0.003 0.008 0.046 0.925 
 452 R _   0.008 0.003 0.000 0.008 0.003 0.009 0.046 0.922 
 453 P _   0.008 0.004 0.000 0.008 0.003 0.010 0.046 0.920 
 454 A _   0.008 0.005 0.000 0.009 0.003 0.012 0.046 0.917 
 455 V _   0.009 0.006 0.000 0.008 0.004 0.013 0.046 0.913 
 456 L _   0.010 0.007 0.000 0.008 0.004 0.015 0.046 0.909 
 457 A _   0.013 0.009 0.000 0.007 0.004 0.018 0.046 0.902 
 458 P _   0.017 0.011 0.001 0.007 0.005 0.023 0.045 0.891 
 459 E _   0.024 0.015 0.001 0.007 0.008 0.028 0.044 0.873 
 460 D _   0.033 0.023 0.001 0.009 0.012 0.036 0.043 0.843 
 461 G _   0.046 0.039 0.001 0.011 0.019 0.044 0.042 0.797 
 462 L _   0.060 0.070 0.002 0.016 0.030 0.053 0.040 0.729 
 463 A _   0.072 0.123 0.003 0.024 0.042 0.060 0.038 0.638 
 464 M _   0.080 0.192 0.004 0.034 0.052 0.063 0.036 0.539 
 465 S _   0.084 0.259 0.003 0.046 0.056 0.063 0.035 0.454 
 466 L _   0.085 0.306 0.003 0.056 0.055 0.060 0.035 0.400 
 467 H _   0.084 0.333 0.003 0.064 0.052 0.056 0.035 0.374 
 468 F _   0.081 0.344 0.002 0.068 0.048 0.051 0.036 0.368 
 469 M _   0.076 0.345 0.002 0.068 0.043 0.046 0.038 0.382 
 470 T _   0.069 0.334 0.002 0.063 0.037 0.040 0.040 0.414 
 471 L _   0.060 0.308 0.002 0.055 0.030 0.034 0.044 0.467 
 472 G _   0.051 0.262 0.002 0.044 0.023 0.029 0.048 0.541 
 473 G _   0.042 0.200 0.002 0.033 0.016 0.024 0.052 0.631 
 474 S _   0.035 0.134 0.001 0.022 0.011 0.019 0.057 0.721 
 475 S _   0.026 0.083 0.001 0.014 0.007 0.015 0.061 0.793 
 476 L _   0.019 0.052 0.001 0.009 0.004 0.011 0.063 0.841 
 477 S _   0.013 0.037 0.000 0.005 0.002 0.009 0.065 0.869 
 478 P _   0.009 0.030 0.000 0.004 0.002 0.007 0.065 0.883 
 479 T _   0.007 0.028 0.000 0.003 0.001 0.007 0.065 0.889 
 480 E _   0.006 0.028 0.000 0.004 0.001 0.007 0.064 0.890 
 481 G _   0.006 0.031 0.000 0.005 0.002 0.008 0.063 0.885 
 482 K _   0.006 0.039 0.000 0.008 0.003 0.010 0.061 0.873 
 483 G _   0.007 0.056 0.001 0.013 0.004 0.012 0.058 0.850 
 484 S _   0.007 0.084 0.001 0.019 0.006 0.014 0.054 0.816 
 485 G _   0.007 0.120 0.001 0.027 0.008 0.015 0.050 0.772 
 486 L _   0.007 0.156 0.001 0.034 0.010 0.016 0.046 0.729 
 487 Q _   0.007 0.186 0.001 0.041 0.011 0.017 0.042 0.696 
 488 G _   0.007 0.206 0.001 0.044 0.011 0.017 0.040 0.675 
 489 H _   0.007 0.217 0.001 0.045 0.011 0.016 0.038 0.664 
 490 I _   0.007 0.223 0.001 0.044 0.011 0.016 0.037 0.662 
 491 I _   0.007 0.223 0.001 0.040 0.010 0.015 0.036 0.668 
 492 E _   0.007 0.220 0.001 0.034 0.009 0.014 0.036 0.679 
 493 N _   0.007 0.212 0.001 0.028 0.008 0.014 0.035 0.695 
 494 P _   0.007 0.202 0.001 0.022 0.007 0.013 0.035 0.713 
 495 Q _   0.007 0.191 0.001 0.017 0.006 0.012 0.035 0.731 
 496 Y _   0.007 0.181 0.001 0.014 0.005 0.012 0.035 0.745 
 497 F _   0.007 0.174 0.001 0.012 0.005 0.012 0.035 0.754 
 498 S _   0.007 0.170 0.001 0.011 0.005 0.012 0.035 0.759 
 499 D _   0.008 0.168 0.001 0.011 0.005 0.013 0.035 0.760 
 500 A _   0.008 0.168 0.001 0.012 0.005 0.013 0.035 0.759 
 501 C _   0.009 0.169 0.001 0.013 0.006 0.013 0.035 0.755 
 502 V _   0.009 0.171 0.001 0.015 0.006 0.014 0.034 0.751 
 503 H _   0.009 0.172 0.001 0.016 0.007 0.014 0.034 0.748 
 504 H _   0.010 0.173 0.001 0.016 0.007 0.014 0.033 0.746 
 505 I _   0.010 0.172 0.001 0.017 0.007 0.014 0.033 0.746 
 506 K _   0.010 0.171 0.001 0.016 0.007 0.015 0.033 0.747 
 507 R _   0.010 0.169 0.001 0.016 0.007 0.015 0.033 0.751 
 508 R _   0.010 0.166 0.001 0.015 0.007 0.015 0.033 0.754 
 509 D _   0.010 0.163 0.001 0.014 0.006 0.015 0.033 0.758 
 510 I _   0.010 0.161 0.001 0.013 0.006 0.015 0.033 0.761 
 511 V _   0.011 0.159 0.001 0.012 0.006 0.015 0.033 0.763 
 512 L _   0.011 0.158 0.001 0.011 0.006 0.016 0.033 0.764 
 513 K _   0.011 0.158 0.001 0.011 0.006 0.017 0.033 0.763 
 514 W _   0.012 0.159 0.001 0.011 0.006 0.018 0.033 0.761 
 515 E _   0.013 0.161 0.001 0.011 0.007 0.019 0.033 0.757 
 516 L _   0.013 0.165 0.001 0.011 0.007 0.020 0.033 0.749 
 517 G _   0.015 0.170 0.001 0.013 0.009 0.022 0.032 0.738 
 518 E _   0.016 0.178 0.001 0.015 0.010 0.024 0.032 0.723 
 519 G _   0.018 0.189 0.001 0.018 0.012 0.026 0.031 0.703 
 520 A _   0.020 0.202 0.001 0.022 0.015 0.028 0.031 0.681 
 521 F _   0.022 0.215 0.001 0.027 0.017 0.029 0.030 0.658 
 522 G _   0.023 0.225 0.001 0.033 0.019 0.030 0.030 0.639 
 523 K _   0.024 0.231 0.001 0.038 0.020 0.030 0.030 0.626 
 524 V _   0.024 0.233 0.001 0.041 0.020 0.029 0.031 0.621 
 525 F _   0.024 0.230 0.001 0.042 0.019 0.027 0.032 0.625 
 526 L _   0.023 0.220 0.001 0.041 0.018 0.026 0.033 0.638 
 527 A _   0.022 0.203 0.002 0.038 0.016 0.023 0.034 0.662 
 528 E _   0.021 0.177 0.001 0.032 0.014 0.021 0.036 0.697 
 529 C _   0.020 0.141 0.001 0.026 0.012 0.019 0.039 0.743 
 530 H _   0.018 0.102 0.001 0.019 0.009 0.017 0.041 0.792 
 531 N _   0.017 0.067 0.001 0.013 0.007 0.015 0.043 0.837 
 532 L _   0.015 0.042 0.001 0.009 0.005 0.013 0.045 0.870 
 533 L _   0.013 0.028 0.000 0.006 0.004 0.012 0.046 0.890 
 534 P _   0.012 0.022 0.000 0.004 0.003 0.012 0.047 0.900 
 535 E _   0.012 0.019 0.000 0.004 0.003 0.012 0.047 0.903 
 536 Q _   0.012 0.019 0.000 0.005 0.003 0.013 0.047 0.901 
 537 D _   0.013 0.021 0.000 0.007 0.004 0.015 0.047 0.893 
 538 K _   0.015 0.025 0.001 0.010 0.006 0.017 0.047 0.880 
 539 M _   0.016 0.032 0.001 0.016 0.008 0.019 0.046 0.862 
 540 L _   0.017 0.042 0.001 0.024 0.010 0.020 0.046 0.841 
 541 V _   0.018 0.050 0.001 0.031 0.012 0.021 0.045 0.822 
 542 A _   0.018 0.056 0.001 0.037 0.013 0.022 0.045 0.809 
 543 V _   0.017 0.058 0.001 0.040 0.013 0.021 0.045 0.804 
 544 K _   0.016 0.058 0.001 0.040 0.012 0.020 0.046 0.807 
 545 A _   0.015 0.055 0.001 0.036 0.011 0.018 0.046 0.818 
 546 L _   0.014 0.048 0.001 0.030 0.009 0.016 0.047 0.835 
 547 K _   0.013 0.039 0.001 0.023 0.007 0.014 0.048 0.855 
 548 E _   0.011 0.028 0.001 0.016 0.005 0.012 0.050 0.876 
 549 A _   0.010 0.019 0.001 0.011 0.004 0.010 0.051 0.895 
 550 S _   0.009 0.011 0.000 0.008 0.003 0.009 0.051 0.908 
 551 E _   0.008 0.007 0.000 0.005 0.002 0.008 0.052 0.917 
 552 S _   0.008 0.004 0.000 0.004 0.002 0.008 0.052 0.922 
 553 A _   0.008 0.002 0.000 0.004 0.002 0.009 0.051 0.924 
 554 R _   0.008 0.002 0.000 0.004 0.002 0.010 0.051 0.923 
 555 Q _   0.009 0.002 0.000 0.004 0.002 0.011 0.050 0.921 
 556 D _   0.011 0.002 0.000 0.005 0.003 0.014 0.049 0.916 
 557 F _   0.014 0.002 0.000 0.007 0.004 0.017 0.048 0.909 
 558 Q _   0.017 0.002 0.001 0.009 0.006 0.020 0.046 0.899 
 559 R _   0.023 0.003 0.001 0.011 0.008 0.024 0.044 0.886 
 560 E _   0.029 0.003 0.001 0.013 0.010 0.029 0.043 0.872 
 561 A _   0.037 0.003 0.001 0.015 0.012 0.032 0.041 0.858 
 562 E _   0.046 0.004 0.001 0.016 0.014 0.036 0.040 0.844 
 563 L _   0.057 0.003 0.001 0.015 0.016 0.039 0.038 0.832 
 564 L _   0.069 0.003 0.001 0.013 0.016 0.041 0.037 0.820 
 565 T _   0.083 0.002 0.001 0.011 0.017 0.042 0.035 0.809 
 566 M _   0.097 0.001 0.001 0.009 0.017 0.044 0.034 0.797 
 567 L _   0.113 0.001 0.001 0.007 0.017 0.045 0.033 0.783 
 568 Q _   0.130 0.001 0.001 0.005 0.018 0.047 0.032 0.766 
 569 H _   0.148 0.000 0.001 0.005 0.019 0.048 0.031 0.747 
 570 Q _   0.165 0.000 0.001 0.005 0.021 0.050 0.031 0.727 
 571 H _   0.182 0.001 0.001 0.005 0.023 0.051 0.030 0.707 
 572 I _   0.195 0.001 0.001 0.007 0.025 0.052 0.030 0.688 
 573 V _   0.205 0.001 0.002 0.008 0.027 0.053 0.030 0.674 
 574 R _   0.210 0.002 0.002 0.010 0.028 0.052 0.030 0.666 
 575 F _   0.210 0.002 0.002 0.011 0.028 0.051 0.031 0.665 
 576 F _   0.204 0.002 0.002 0.011 0.027 0.050 0.031 0.673 
 577 G _   0.195 0.002 0.002 0.011 0.024 0.048 0.032 0.687 
 578 V _   0.182 0.002 0.002 0.009 0.021 0.046 0.033 0.706 
 579 C _   0.167 0.001 0.001 0.007 0.018 0.044 0.034 0.728 
 580 T _   0.152 0.001 0.001 0.006 0.015 0.043 0.034 0.748 
 581 E _   0.138 0.001 0.001 0.005 0.014 0.043 0.035 0.764 
 582 G _   0.126 0.002 0.001 0.005 0.014 0.043 0.036 0.774 
 583 R _   0.116 0.004 0.001 0.006 0.015 0.044 0.036 0.777 
 584 P _   0.108 0.007 0.001 0.009 0.017 0.045 0.037 0.775 
 585 L _   0.100 0.014 0.001 0.014 0.021 0.046 0.038 0.767 
 586 L _   0.091 0.023 0.002 0.020 0.024 0.046 0.039 0.756 
 587 M _   0.082 0.033 0.002 0.028 0.026 0.045 0.040 0.744 
 588 V _   0.072 0.041 0.002 0.034 0.027 0.043 0.041 0.739 
 589 F _   0.062 0.047 0.002 0.038 0.026 0.040 0.043 0.742 
 590 E _   0.052 0.049 0.002 0.038 0.023 0.037 0.045 0.754 
 591 Y _   0.043 0.049 0.001 0.035 0.020 0.032 0.047 0.772 
 592 M _   0.035 0.046 0.001 0.031 0.016 0.028 0.049 0.793 
 593 R _   0.028 0.042 0.001 0.026 0.013 0.024 0.052 0.814 
 594 H _   0.023 0.037 0.001 0.021 0.010 0.021 0.054 0.833 
 595 G _   0.019 0.032 0.001 0.017 0.007 0.018 0.056 0.849 
 596 D _   0.016 0.028 0.001 0.015 0.006 0.015 0.058 0.861 
 597 L _   0.014 0.024 0.001 0.013 0.005 0.014 0.061 0.869 
 598 N _   0.013 0.021 0.001 0.012 0.004 0.012 0.063 0.874 
 599 R _   0.011 0.018 0.000 0.012 0.004 0.011 0.065 0.880 
 600 F _   0.010 0.015 0.000 0.011 0.004 0.010 0.066 0.885 
 601 L _   0.009 0.013 0.000 0.010 0.003 0.009 0.068 0.889 
 602 R _   0.008 0.010 0.000 0.009 0.003 0.008 0.069 0.894 
 603 S _   0.007 0.009 0.000 0.008 0.002 0.007 0.070 0.898 
 604 H _   0.006 0.007 0.000 0.007 0.002 0.007 0.070 0.900 
 605 G _   0.006 0.006 0.000 0.007 0.002 0.007 0.070 0.901 
 606 P _   0.006 0.006 0.000 0.007 0.002 0.007 0.071 0.901 
 607 D _   0.006 0.006 0.000 0.008 0.002 0.007 0.071 0.899 
 608 A _   0.007 0.006 0.000 0.010 0.003 0.007 0.071 0.897 
 609 K _   0.007 0.006 0.000 0.011 0.003 0.008 0.071 0.894 
 610 L _   0.007 0.005 0.000 0.012 0.003 0.008 0.070 0.893 
 611 L _   0.007 0.005 0.000 0.012 0.003 0.008 0.070 0.894 
 612 A _   0.007 0.004 0.000 0.011 0.003 0.007 0.070 0.896 
 613 G _   0.007 0.003 0.000 0.010 0.003 0.007 0.069 0.901 
 614 G _   0.007 0.002 0.000 0.007 0.002 0.006 0.069 0.906 
 615 E _   0.007 0.001 0.000 0.005 0.002 0.006 0.067 0.911 
 616 D _   0.008 0.001 0.000 0.003 0.001 0.005 0.066 0.914 
 617 V _   0.011 0.000 0.000 0.002 0.001 0.006 0.064 0.915 
 618 A _   0.017 0.000 0.000 0.002 0.001 0.007 0.061 0.911 
 619 P _   0.030 0.000 0.000 0.002 0.002 0.009 0.058 0.899 
 620 G _   0.055 0.000 0.000 0.002 0.003 0.013 0.053 0.873 
 621 P _   0.100 0.000 0.001 0.003 0.006 0.019 0.048 0.825 
 622 L _   0.165 0.000 0.001 0.004 0.010 0.025 0.041 0.754 
 623 G _   0.247 0.000 0.001 0.005 0.015 0.031 0.034 0.666 
 624 L _   0.335 0.000 0.002 0.006 0.021 0.036 0.027 0.575 
 625 G _   0.419 0.000 0.002 0.006 0.025 0.037 0.021 0.490 
 626 Q H   0.497 0.000 0.002 0.005 0.027 0.037 0.015 0.417 
 627 L H   0.564 0.000 0.002 0.004 0.027 0.034 0.012 0.358 
 628 L H   0.623 0.000 0.002 0.003 0.026 0.030 0.008 0.308 
 629 A H   0.675 0.000 0.001 0.002 0.024 0.026 0.006 0.266 
 630 V H   0.721 0.000 0.001 0.001 0.021 0.022 0.005 0.229 
 631 A H   0.761 0.000 0.001 0.001 0.018 0.018 0.003 0.197 
 632 S H   0.796 0.000 0.001 0.001 0.016 0.015 0.003 0.169 
 633 Q H   0.824 0.000 0.001 0.001 0.015 0.013 0.002 0.145 
 634 V H   0.847 0.000 0.001 0.000 0.014 0.011 0.002 0.125 
 635 A H   0.862 0.000 0.001 0.000 0.014 0.010 0.001 0.112 
 636 A H   0.870 0.000 0.001 0.001 0.014 0.009 0.001 0.104 
 637 G H   0.872 0.000 0.001 0.001 0.015 0.008 0.001 0.102 
 638 M H   0.866 0.000 0.001 0.001 0.016 0.008 0.001 0.107 
 639 V H   0.850 0.000 0.001 0.001 0.017 0.009 0.001 0.121 
 640 Y H   0.822 0.000 0.001 0.001 0.018 0.010 0.002 0.146 
 641 L H   0.777 0.000 0.001 0.001 0.019 0.011 0.002 0.188 
 642 A H   0.717 0.000 0.002 0.002 0.019 0.012 0.003 0.245 
 643 G H   0.638 0.000 0.002 0.002 0.018 0.013 0.005 0.323 
 644 L H   0.543 0.000 0.002 0.003 0.016 0.013 0.006 0.417 
 645 H _   0.442 0.000 0.001 0.003 0.013 0.014 0.008 0.518 
 646 F _   0.344 0.000 0.001 0.003 0.010 0.013 0.010 0.618 
 647 V _   0.258 0.000 0.001 0.003 0.008 0.013 0.012 0.705 
 648 H _   0.189 0.000 0.001 0.003 0.006 0.013 0.013 0.775 
 649 R _   0.137 0.000 0.001 0.003 0.005 0.013 0.015 0.828 
 650 D _   0.102 0.000 0.001 0.002 0.004 0.013 0.016 0.862 
 651 L _   0.080 0.000 0.000 0.003 0.004 0.014 0.017 0.882 
 652 A _   0.066 0.000 0.000 0.003 0.004 0.016 0.017 0.893 
 653 T _   0.059 0.001 0.001 0.003 0.005 0.019 0.018 0.895 
 654 R _   0.056 0.002 0.001 0.005 0.006 0.022 0.018 0.890 
 655 N _   0.056 0.004 0.001 0.006 0.009 0.026 0.018 0.880 
 656 C _   0.058 0.009 0.001 0.009 0.012 0.030 0.018 0.863 
 657 L _   0.060 0.017 0.001 0.013 0.016 0.034 0.018 0.841 
 658 V _   0.061 0.027 0.001 0.018 0.020 0.038 0.018 0.816 
 659 G _   0.063 0.039 0.002 0.022 0.023 0.041 0.019 0.792 
 660 Q _   0.063 0.049 0.002 0.026 0.026 0.043 0.019 0.773 
 661 G _   0.062 0.058 0.002 0.030 0.028 0.043 0.019 0.758 
 662 L _   0.061 0.065 0.002 0.032 0.028 0.043 0.019 0.748 
 663 V _   0.059 0.070 0.002 0.034 0.028 0.042 0.020 0.746 
