#TopoPred_TM8: 8-state transmembrane topology prediction results by no_profile mode 
#probabilities are in the order of H E C I L F X _, the 8 transmembrane topology types used in PDBTM 
   1 M X   0.011 0.001 0.002 0.051 0.010 0.010 0.809 0.107 
   2 A X   0.005 0.000 0.000 0.032 0.002 0.006 0.836 0.119 
   3 L X   0.003 0.000 0.000 0.019 0.001 0.004 0.844 0.129 
   4 L X   0.002 0.000 0.000 0.013 0.001 0.004 0.844 0.137 
   5 R X   0.002 0.000 0.000 0.009 0.001 0.004 0.841 0.144 
   6 D X   0.003 0.000 0.000 0.006 0.001 0.004 0.835 0.152 
   7 V X   0.003 0.000 0.000 0.004 0.001 0.003 0.829 0.160 
   8 S X   0.003 0.000 0.000 0.003 0.001 0.003 0.820 0.170 
   9 L X   0.003 0.000 0.000 0.002 0.001 0.003 0.810 0.180 
  10 Q X   0.003 0.000 0.000 0.002 0.001 0.004 0.798 0.193 
  11 D X   0.003 0.001 0.000 0.002 0.001 0.004 0.783 0.206 
  12 P X   0.003 0.001 0.000 0.003 0.002 0.006 0.766 0.219 
  13 R X   0.004 0.003 0.000 0.005 0.002 0.008 0.745 0.233 
  14 D X   0.005 0.007 0.001 0.008 0.004 0.011 0.719 0.245 
  15 R X   0.006 0.016 0.001 0.014 0.007 0.015 0.687 0.253 
  16 F X   0.008 0.032 0.001 0.022 0.011 0.019 0.650 0.257 
  17 E X   0.008 0.053 0.002 0.033 0.015 0.022 0.611 0.256 
  18 L X   0.009 0.073 0.002 0.043 0.017 0.024 0.576 0.257 
  19 L X   0.009 0.089 0.002 0.051 0.018 0.024 0.546 0.260 
  20 Q X   0.009 0.099 0.002 0.056 0.019 0.024 0.522 0.269 
  21 R X   0.010 0.104 0.001 0.057 0.018 0.023 0.503 0.283 
  22 V X   0.010 0.105 0.001 0.054 0.017 0.022 0.488 0.302 
  23 G X   0.010 0.103 0.001 0.049 0.015 0.020 0.476 0.326 
  24 A X   0.010 0.096 0.001 0.041 0.013 0.019 0.466 0.355 
  25 G X   0.010 0.086 0.001 0.032 0.011 0.017 0.457 0.386 
  26 T X   0.009 0.073 0.001 0.024 0.008 0.015 0.450 0.420 
  27 Y _   0.009 0.059 0.001 0.018 0.007 0.013 0.443 0.451 
  28 G _   0.008 0.046 0.001 0.013 0.005 0.012 0.437 0.479 
  29 D _   0.007 0.037 0.000 0.009 0.004 0.011 0.430 0.501 
  30 V _   0.007 0.031 0.000 0.007 0.003 0.010 0.423 0.519 
  31 Y _   0.006 0.027 0.000 0.006 0.003 0.009 0.416 0.532 
  32 K _   0.006 0.026 0.000 0.005 0.003 0.009 0.408 0.543 
  33 A _   0.006 0.026 0.000 0.005 0.003 0.010 0.398 0.552 
  34 R _   0.007 0.027 0.000 0.006 0.003 0.011 0.388 0.558 
  35 D _   0.007 0.030 0.001 0.008 0.004 0.013 0.376 0.562 
  36 T _   0.008 0.036 0.001 0.011 0.006 0.015 0.363 0.561 
  37 V _   0.009 0.045 0.001 0.016 0.008 0.017 0.348 0.557 
  38 T _   0.010 0.056 0.001 0.022 0.010 0.019 0.333 0.548 
  39 S _   0.011 0.070 0.001 0.029 0.013 0.021 0.318 0.537 
  40 E _   0.012 0.082 0.001 0.037 0.015 0.023 0.304 0.527 
  41 L _   0.013 0.092 0.001 0.043 0.016 0.023 0.292 0.519 
  42 A _   0.013 0.098 0.001 0.048 0.017 0.023 0.282 0.517 
  43 A _   0.014 0.101 0.001 0.051 0.017 0.023 0.275 0.520 
  44 V _   0.014 0.100 0.001 0.050 0.016 0.021 0.269 0.529 
  45 K _   0.014 0.095 0.001 0.046 0.014 0.020 0.264 0.546 
  46 I _   0.013 0.086 0.001 0.038 0.012 0.018 0.261 0.571 
  47 V _   0.013 0.071 0.001 0.030 0.009 0.015 0.259 0.602 
  48 K _   0.012 0.052 0.001 0.021 0.007 0.013 0.257 0.638 
  49 L _   0.010 0.032 0.001 0.013 0.005 0.011 0.255 0.673 
  50 D _   0.009 0.018 0.000 0.008 0.003 0.009 0.252 0.701 
  51 P _   0.007 0.009 0.000 0.004 0.002 0.008 0.249 0.720 
  52 G _   0.006 0.005 0.000 0.003 0.002 0.008 0.244 0.731 
  53 D _   0.006 0.004 0.000 0.002 0.002 0.009 0.239 0.737 
  54 D _   0.008 0.004 0.000 0.003 0.002 0.011 0.233 0.739 
  55 I _   0.010 0.006 0.000 0.004 0.003 0.015 0.225 0.736 
  56 S _   0.014 0.011 0.001 0.008 0.006 0.021 0.216 0.724 
  57 S _   0.018 0.023 0.001 0.016 0.011 0.028 0.203 0.700 
  58 L _   0.021 0.044 0.002 0.028 0.018 0.034 0.189 0.665 
  59 Q _   0.023 0.068 0.002 0.043 0.024 0.039 0.175 0.626 
  60 Q _   0.024 0.088 0.002 0.056 0.029 0.042 0.162 0.596 
  61 E _   0.025 0.100 0.002 0.066 0.031 0.044 0.151 0.580 
  62 I _   0.025 0.106 0.002 0.070 0.032 0.044 0.143 0.578 
  63 T _   0.026 0.106 0.002 0.067 0.031 0.043 0.136 0.588 
  64 I _   0.026 0.102 0.002 0.060 0.029 0.041 0.131 0.609 
  65 L _   0.027 0.092 0.002 0.049 0.025 0.039 0.127 0.640 
  66 R _   0.027 0.076 0.002 0.036 0.021 0.036 0.123 0.679 
  67 E _   0.026 0.056 0.001 0.025 0.017 0.034 0.120 0.721 
  68 C _   0.025 0.040 0.001 0.016 0.013 0.032 0.117 0.756 
  69 R _   0.024 0.029 0.001 0.011 0.010 0.031 0.115 0.780 
  70 H _   0.023 0.024 0.001 0.009 0.009 0.030 0.112 0.793 
  71 P _   0.024 0.021 0.001 0.009 0.009 0.030 0.109 0.798 
  72 N _   0.025 0.021 0.001 0.012 0.010 0.030 0.106 0.796 
  73 V _   0.026 0.022 0.001 0.016 0.012 0.031 0.103 0.791 
  74 V _   0.027 0.023 0.001 0.021 0.013 0.031 0.100 0.784 
  75 A _   0.028 0.023 0.001 0.025 0.014 0.031 0.097 0.781 
  76 Y _   0.028 0.022 0.001 0.026 0.014 0.030 0.094 0.783 
  77 I _   0.028 0.020 0.001 0.025 0.013 0.029 0.092 0.792 
  78 G _   0.028 0.016 0.001 0.021 0.012 0.027 0.090 0.806 
  79 S _   0.029 0.011 0.001 0.015 0.009 0.025 0.088 0.822 
  80 Y _   0.030 0.006 0.001 0.009 0.007 0.024 0.086 0.837 
  81 L _   0.033 0.002 0.001 0.005 0.006 0.024 0.084 0.846 
  82 R _   0.039 0.001 0.001 0.003 0.005 0.025 0.081 0.846 
  83 N _   0.048 0.000 0.001 0.002 0.006 0.028 0.079 0.837 
  84 D _   0.063 0.000 0.001 0.002 0.008 0.033 0.076 0.818 
  85 R _   0.083 0.001 0.001 0.003 0.012 0.039 0.073 0.788 
  86 L _   0.107 0.002 0.001 0.006 0.020 0.047 0.070 0.747 
  87 W _   0.131 0.006 0.002 0.011 0.030 0.054 0.067 0.700 
  88 I _   0.150 0.012 0.002 0.018 0.040 0.059 0.065 0.654 
  89 C _   0.162 0.018 0.003 0.026 0.047 0.062 0.063 0.619 
  90 M _   0.168 0.023 0.003 0.032 0.051 0.062 0.062 0.600 
  91 E _   0.168 0.026 0.003 0.034 0.051 0.060 0.061 0.597 
  92 F _   0.162 0.026 0.003 0.033 0.048 0.057 0.061 0.611 
  93 C _   0.151 0.024 0.002 0.029 0.042 0.053 0.061 0.638 
  94 G _   0.137 0.021 0.002 0.024 0.035 0.047 0.061 0.673 
  95 G _   0.119 0.016 0.002 0.019 0.027 0.042 0.062 0.713 
  96 G _   0.102 0.012 0.001 0.014 0.021 0.037 0.062 0.751 
  97 S _   0.086 0.008 0.001 0.011 0.015 0.032 0.063 0.784 
  98 L _   0.070 0.006 0.001 0.009 0.011 0.027 0.064 0.812 
  99 Q _   0.057 0.004 0.001 0.008 0.008 0.024 0.064 0.835 
 100 E _   0.045 0.003 0.001 0.007 0.006 0.021 0.065 0.853 
 101 I _   0.035 0.002 0.001 0.006 0.005 0.019 0.065 0.867 
 102 Y _   0.028 0.002 0.001 0.006 0.005 0.017 0.065 0.877 
 103 H _   0.023 0.002 0.001 0.006 0.004 0.016 0.065 0.884 
 104 A _   0.020 0.002 0.000 0.005 0.004 0.016 0.064 0.888 
 105 T _   0.019 0.002 0.000 0.005 0.004 0.016 0.063 0.889 
 106 G _   0.018 0.003 0.001 0.005 0.004 0.017 0.063 0.888 
 107 P _   0.019 0.004 0.001 0.006 0.005 0.019 0.062 0.885 
 108 L _   0.021 0.006 0.001 0.006 0.006 0.022 0.061 0.877 
 109 E _   0.024 0.010 0.001 0.008 0.008 0.025 0.059 0.866 
 110 E _   0.027 0.017 0.001 0.010 0.010 0.028 0.058 0.849 
 111 R _   0.031 0.026 0.001 0.013 0.013 0.032 0.056 0.827 
 112 Q _   0.035 0.040 0.001 0.017 0.017 0.036 0.055 0.800 
 113 I _   0.038 0.057 0.002 0.022 0.021 0.039 0.053 0.770 
 114 A _   0.040 0.075 0.002 0.027 0.024 0.041 0.051 0.739 
 115 Y _   0.042 0.092 0.002 0.033 0.026 0.042 0.050 0.713 
 116 V _   0.042 0.106 0.002 0.038 0.028 0.041 0.049 0.694 
 117 C _   0.041 0.114 0.002 0.041 0.027 0.040 0.049 0.685 
 118 R _   0.040 0.118 0.002 0.043 0.026 0.038 0.049 0.684 
 119 E _   0.037 0.119 0.002 0.042 0.024 0.035 0.049 0.692 
 120 A _   0.034 0.116 0.002 0.039 0.021 0.032 0.050 0.707 
 121 L _   0.030 0.109 0.001 0.035 0.017 0.028 0.051 0.729 
 122 K _   0.026 0.099 0.001 0.029 0.014 0.025 0.052 0.754 
 123 G _   0.023 0.087 0.001 0.024 0.011 0.021 0.053 0.780 
 124 L _   0.020 0.073 0.001 0.019 0.009 0.019 0.054 0.805 
 125 H _   0.018 0.060 0.001 0.016 0.007 0.016 0.055 0.827 
 126 H _   0.015 0.049 0.001 0.013 0.006 0.014 0.056 0.847 
 127 L _   0.013 0.039 0.001 0.011 0.004 0.012 0.057 0.863 
 128 H _   0.011 0.032 0.000 0.009 0.004 0.010 0.058 0.876 
 129 S _   0.010 0.026 0.000 0.008 0.003 0.009 0.058 0.886 
 130 Q _   0.008 0.022 0.000 0.007 0.003 0.008 0.058 0.893 
 131 G _   0.008 0.019 0.000 0.006 0.002 0.008 0.058 0.899 
 132 K _   0.007 0.017 0.000 0.006 0.002 0.008 0.058 0.903 
 133 I _   0.006 0.016 0.000 0.005 0.002 0.008 0.057 0.905 
 134 H _   0.007 0.016 0.000 0.005 0.002 0.008 0.056 0.906 
 135 R _   0.007 0.017 0.000 0.006 0.003 0.009 0.055 0.904 
 136 D _   0.007 0.019 0.000 0.007 0.003 0.011 0.054 0.899 
 137 I _   0.008 0.024 0.000 0.009 0.004 0.013 0.052 0.889 
 138 K _   0.010 0.031 0.001 0.013 0.006 0.015 0.050 0.875 
 139 G _   0.011 0.042 0.001 0.018 0.008 0.018 0.048 0.855 
 140 A _   0.013 0.054 0.001 0.024 0.010 0.020 0.045 0.832 
 141 N _   0.014 0.066 0.001 0.031 0.013 0.022 0.043 0.810 
 142 L _   0.015 0.075 0.001 0.037 0.014 0.024 0.041 0.792 
 143 L _   0.015 0.081 0.001 0.041 0.015 0.024 0.040 0.782 
 144 L _   0.016 0.084 0.001 0.041 0.015 0.024 0.039 0.780 
 145 T _   0.015 0.083 0.001 0.039 0.014 0.023 0.038 0.786 
 146 L _   0.015 0.079 0.001 0.035 0.013 0.022 0.037 0.799 
 147 Q _   0.014 0.072 0.001 0.028 0.011 0.020 0.037 0.816 
 148 G _   0.014 0.062 0.001 0.022 0.009 0.019 0.037 0.836 
 149 D _   0.013 0.053 0.001 0.016 0.008 0.018 0.036 0.855 
 150 V _   0.013 0.044 0.001 0.012 0.006 0.017 0.036 0.870 
 151 K _   0.013 0.038 0.001 0.009 0.005 0.016 0.036 0.881 
 152 L _   0.014 0.035 0.001 0.008 0.005 0.016 0.035 0.886 
 153 A _   0.014 0.033 0.001 0.008 0.005 0.017 0.035 0.888 
 154 D _   0.015 0.033 0.001 0.009 0.006 0.018 0.034 0.886 
 155 F _   0.016 0.034 0.001 0.010 0.007 0.019 0.033 0.881 
 156 G _   0.017 0.036 0.001 0.012 0.008 0.020 0.033 0.874 
 157 V _   0.018 0.038 0.001 0.015 0.009 0.022 0.032 0.865 
 158 S _   0.019 0.041 0.001 0.019 0.011 0.023 0.031 0.856 
 159 G _   0.020 0.044 0.001 0.021 0.012 0.024 0.030 0.847 
 160 E _   0.021 0.046 0.001 0.024 0.013 0.025 0.029 0.842 
 161 L _   0.021 0.046 0.001 0.025 0.013 0.025 0.028 0.840 
 162 T _   0.021 0.045 0.001 0.024 0.013 0.025 0.028 0.842 
 163 A _   0.021 0.043 0.001 0.023 0.013 0.024 0.028 0.847 
 164 S _   0.021 0.040 0.001 0.021 0.012 0.023 0.027 0.855 
 165 V _   0.021 0.036 0.001 0.018 0.011 0.022 0.027 0.864 
 166 A _   0.020 0.031 0.001 0.016 0.010 0.021 0.027 0.874 
 167 K _   0.020 0.027 0.001 0.014 0.009 0.021 0.027 0.882 
 168 R _   0.020 0.023 0.001 0.012 0.008 0.020 0.027 0.890 
 169 R _   0.019 0.020 0.001 0.011 0.008 0.019 0.027 0.896 
 170 S _   0.019 0.017 0.001 0.010 0.007 0.019 0.027 0.901 
 171 F _   0.019 0.015 0.001 0.009 0.007 0.019 0.027 0.904 
 172 I _   0.019 0.014 0.001 0.009 0.007 0.019 0.026 0.905 
 173 G _   0.019 0.014 0.001 0.009 0.007 0.019 0.026 0.905 
 174 T _   0.020 0.014 0.001 0.010 0.007 0.019 0.026 0.903 
 175 P _   0.021 0.014 0.001 0.011 0.008 0.020 0.025 0.899 
 176 Y _   0.022 0.015 0.001 0.013 0.009 0.020 0.025 0.895 
 177 W _   0.022 0.016 0.001 0.015 0.010 0.021 0.025 0.891 
 178 M _   0.022 0.017 0.001 0.018 0.011 0.021 0.024 0.886 
 179 A _   0.021 0.018 0.001 0.020 0.011 0.021 0.024 0.882 
 180 P _   0.021 0.019 0.001 0.023 0.011 0.021 0.024 0.880 
 181 E _   0.020 0.019 0.001 0.024 0.011 0.020 0.023 0.881 
 182 V _   0.019 0.019 0.001 0.025 0.011 0.019 0.023 0.884 
 183 A _   0.019 0.017 0.001 0.023 0.010 0.017 0.023 0.890 
 184 A _   0.019 0.015 0.001 0.020 0.008 0.016 0.023 0.899 
 185 V _   0.019 0.011 0.001 0.016 0.006 0.014 0.023 0.911 
 186 E _   0.020 0.007 0.001 0.011 0.005 0.012 0.023 0.922 
 187 R _   0.023 0.004 0.000 0.007 0.004 0.010 0.022 0.930 
 188 K _   0.029 0.002 0.000 0.004 0.003 0.009 0.021 0.932 
 189 G _   0.040 0.000 0.000 0.003 0.003 0.009 0.020 0.925 
 190 G _   0.061 0.000 0.000 0.002 0.003 0.010 0.019 0.906 
 191 Y _   0.098 0.000 0.000 0.001 0.003 0.011 0.018 0.868 
 192 N _   0.161 0.000 0.001 0.001 0.005 0.013 0.016 0.803 
 193 E _   0.254 0.000 0.001 0.001 0.007 0.017 0.014 0.706 
 194 L _   0.372 0.000 0.001 0.002 0.011 0.021 0.012 0.582 
 195 C H   0.492 0.000 0.001 0.002 0.017 0.024 0.010 0.455 
 196 D H   0.595 0.000 0.002 0.002 0.022 0.026 0.009 0.344 
 197 V H   0.675 0.000 0.002 0.002 0.027 0.027 0.008 0.259 
 198 W H   0.728 0.000 0.002 0.002 0.031 0.027 0.008 0.202 
 199 A H   0.759 0.000 0.002 0.003 0.033 0.026 0.008 0.169 
 200 L H   0.774 0.000 0.002 0.003 0.034 0.025 0.008 0.153 
 201 G H   0.774 0.000 0.002 0.004 0.035 0.024 0.009 0.152 
 202 I H   0.758 0.001 0.002 0.004 0.035 0.023 0.011 0.167 
 203 T H   0.725 0.001 0.002 0.004 0.034 0.022 0.013 0.199 
 204 A H   0.672 0.000 0.002 0.005 0.031 0.022 0.016 0.252 
 205 I H   0.600 0.000 0.002 0.005 0.027 0.021 0.020 0.325 
 206 E H   0.508 0.000 0.002 0.005 0.021 0.020 0.025 0.419 
 207 L _   0.407 0.000 0.002 0.005 0.016 0.018 0.031 0.522 
 208 G _   0.308 0.000 0.001 0.004 0.011 0.017 0.037 0.622 
 209 E _   0.224 0.000 0.001 0.003 0.008 0.016 0.043 0.706 
 210 L _   0.159 0.000 0.001 0.003 0.005 0.015 0.047 0.770 
 211 Q _   0.113 0.000 0.001 0.003 0.004 0.015 0.051 0.815 
 212 P _   0.082 0.000 0.000 0.002 0.003 0.015 0.054 0.842 
 213 P _   0.065 0.001 0.000 0.002 0.004 0.017 0.056 0.854 
 214 L _   0.056 0.002 0.000 0.003 0.005 0.020 0.058 0.855 
 215 F _   0.052 0.006 0.001 0.005 0.007 0.025 0.060 0.844 
 216 H _   0.051 0.019 0.001 0.010 0.012 0.031 0.061 0.815 
 217 L _   0.051 0.047 0.002 0.018 0.019 0.036 0.063 0.764 
 218 H _   0.051 0.092 0.002 0.030 0.026 0.040 0.064 0.696 
 219 P _   0.049 0.142 0.002 0.043 0.031 0.042 0.065 0.625 
 220 M _   0.047 0.184 0.002 0.055 0.033 0.042 0.067 0.570 
 221 R _   0.044 0.209 0.002 0.065 0.033 0.041 0.070 0.536 
 222 A _   0.042 0.222 0.002 0.070 0.031 0.038 0.074 0.520 
 223 L _   0.038 0.226 0.002 0.070 0.029 0.035 0.080 0.520 
 224 M _   0.035 0.222 0.002 0.066 0.025 0.031 0.086 0.534 
 225 L _   0.031 0.209 0.002 0.057 0.021 0.027 0.094 0.560 
 226 M _   0.027 0.186 0.002 0.046 0.016 0.023 0.103 0.597 
 227 S _   0.024 0.153 0.001 0.035 0.012 0.020 0.114 0.641 
 228 K _   0.021 0.115 0.001 0.025 0.009 0.016 0.125 0.688 
 229 S _   0.018 0.082 0.001 0.016 0.006 0.013 0.135 0.729 
 230 S _   0.015 0.058 0.001 0.011 0.004 0.011 0.143 0.758 
 231 F _   0.011 0.043 0.000 0.007 0.003 0.009 0.149 0.777 
 232 Q _   0.009 0.035 0.000 0.005 0.002 0.008 0.154 0.787 
 233 P _   0.007 0.031 0.000 0.004 0.002 0.007 0.157 0.792 
 234 P _   0.006 0.030 0.000 0.004 0.001 0.007 0.158 0.793 
 235 K _   0.006 0.031 0.000 0.004 0.002 0.007 0.160 0.791 
 236 L _   0.006 0.034 0.000 0.005 0.002 0.008 0.160 0.786 
 237 R _   0.006 0.040 0.000 0.007 0.002 0.010 0.159 0.776 
 238 D _   0.007 0.052 0.000 0.009 0.003 0.012 0.158 0.759 
 239 K _   0.007 0.071 0.001 0.013 0.005 0.014 0.156 0.734 
 240 T _   0.008 0.099 0.001 0.017 0.006 0.016 0.153 0.700 
 241 R _   0.009 0.138 0.001 0.022 0.008 0.018 0.149 0.655 
 242 W _   0.009 0.184 0.001 0.027 0.011 0.020 0.146 0.603 
 243 T _   0.009 0.235 0.001 0.033 0.013 0.021 0.142 0.547 
 244 Q _   0.009 0.284 0.001 0.039 0.014 0.022 0.138 0.492 
 245 N _   0.009 0.325 0.001 0.046 0.016 0.022 0.136 0.445 
 246 F _   0.009 0.355 0.001 0.053 0.016 0.022 0.135 0.408 
 247 H _   0.010 0.375 0.001 0.059 0.017 0.021 0.135 0.382 
 248 H E   0.010 0.385 0.001 0.063 0.017 0.021 0.136 0.368 
 249 F E   0.011 0.386 0.001 0.064 0.016 0.020 0.139 0.363 
 250 L E   0.011 0.380 0.001 0.063 0.015 0.018 0.143 0.369 
 251 K _   0.011 0.362 0.001 0.058 0.014 0.017 0.149 0.388 
 252 L _   0.011 0.328 0.002 0.050 0.013 0.016 0.157 0.424 
 253 A _   0.012 0.272 0.002 0.040 0.011 0.014 0.168 0.481 
 254 L _   0.012 0.201 0.001 0.030 0.009 0.013 0.181 0.553 
 255 T _   0.012 0.131 0.001 0.019 0.006 0.011 0.194 0.625 
 256 K _   0.010 0.080 0.001 0.011 0.004 0.009 0.205 0.679 
 257 N _   0.008 0.052 0.000 0.006 0.002 0.007 0.212 0.711 
 258 P _   0.007 0.040 0.000 0.004 0.002 0.006 0.216 0.726 
 259 K _   0.006 0.035 0.000 0.003 0.001 0.006 0.219 0.730 
 260 K _   0.005 0.034 0.000 0.003 0.001 0.006 0.220 0.730 
 261 R _   0.006 0.036 0.000 0.004 0.002 0.008 0.221 0.724 
 262 P _   0.006 0.042 0.000 0.006 0.002 0.009 0.220 0.714 
 263 T _   0.007 0.054 0.000 0.009 0.004 0.011 0.219 0.696 
 264 A _   0.007 0.072 0.001 0.014 0.005 0.013 0.217 0.672 
 265 E _   0.007 0.094 0.001 0.018 0.006 0.014 0.215 0.645 
 266 K _   0.007 0.115 0.001 0.022 0.007 0.015 0.213 0.621 
 267 L _   0.007 0.130 0.001 0.023 0.007 0.015 0.211 0.605 
 268 L _   0.007 0.141 0.001 0.023 0.007 0.015 0.211 0.594 
 269 Q _   0.007 0.148 0.001 0.022 0.007 0.015 0.211 0.589 
 270 H _   0.007 0.152 0.001 0.020 0.007 0.016 0.211 0.587 
 271 P _   0.007 0.155 0.001 0.017 0.006 0.016 0.212 0.585 
 272 F _   0.008 0.157 0.001 0.015 0.006 0.017 0.213 0.583 
 273 T _   0.008 0.159 0.001 0.014 0.006 0.017 0.214 0.580 
 274 T _   0.009 0.162 0.001 0.013 0.007 0.018 0.216 0.573 
 275 Q _   0.010 0.167 0.001 0.014 0.008 0.020 0.217 0.563 
 276 Q _   0.012 0.175 0.001 0.017 0.009 0.021 0.218 0.547 
 277 L _   0.013 0.185 0.001 0.020 0.011 0.022 0.220 0.528 
 278 P _   0.014 0.195 0.001 0.025 0.013 0.023 0.221 0.508 
 279 R _   0.014 0.205 0.001 0.031 0.014 0.023 0.224 0.488 
 280 A _   0.015 0.212 0.001 0.036 0.015 0.023 0.227 0.472 
 281 L _   0.015 0.214 0.001 0.040 0.015 0.022 0.231 0.462 
 282 L _   0.014 0.213 0.001 0.041 0.014 0.021 0.237 0.459 
 283 T _   0.014 0.206 0.001 0.040 0.013 0.019 0.244 0.464 
 284 Q _   0.013 0.192 0.001 0.037 0.012 0.017 0.252 0.476 
 285 L _   0.013 0.171 0.001 0.032 0.010 0.015 0.262 0.495 
 286 L _   0.012 0.142 0.001 0.027 0.009 0.014 0.274 0.521 
 287 D _   0.012 0.110 0.001 0.021 0.007 0.012 0.287 0.549 
 288 K _   0.011 0.080 0.001 0.016 0.006 0.011 0.300 0.575 
 289 A _   0.010 0.055 0.001 0.012 0.004 0.009 0.312 0.596 
 290 S _   0.009 0.037 0.000 0.009 0.003 0.008 0.322 0.611 
 291 D _   0.008 0.026 0.000 0.007 0.002 0.007 0.330 0.619 
 292 P _   0.007 0.019 0.000 0.005 0.002 0.006 0.336 0.624 
 293 H _   0.006 0.015 0.000 0.004 0.002 0.005 0.340 0.627 
 294 L _   0.005 0.013 0.000 0.004 0.001 0.005 0.342 0.629 
 295 G _   0.005 0.012 0.000 0.004 0.001 0.005 0.344 0.630 
 296 T _   0.004 0.011 0.000 0.004 0.001 0.005 0.344 0.631 
 297 P _   0.004 0.012 0.000 0.004 0.001 0.005 0.343 0.631 
 298 S _   0.004 0.013 0.000 0.004 0.001 0.005 0.341 0.631 
 299 P _   0.004 0.016 0.000 0.006 0.002 0.006 0.338 0.628 
 300 E _   0.004 0.022 0.000 0.008 0.002 0.007 0.335 0.622 
 301 D _   0.004 0.031 0.000 0.011 0.003 0.009 0.330 0.612 
 302 C _   0.005 0.044 0.001 0.016 0.004 0.010 0.324 0.596 
 303 E _   0.005 0.059 0.001 0.022 0.006 0.012 0.318 0.578 
 304 L _   0.005 0.075 0.001 0.028 0.007 0.012 0.313 0.559 
 305 E _   0.005 0.088 0.001 0.034 0.008 0.013 0.308 0.543 
 306 T _   0.005 0.097 0.001 0.038 0.008 0.013 0.305 0.533 
 307 Y _   0.005 0.102 0.001 0.039 0.008 0.013 0.303 0.528 
 308 D _   0.005 0.104 0.001 0.039 0.008 0.012 0.303 0.528 
 309 M _   0.005 0.103 0.001 0.036 0.007 0.012 0.304 0.532 
 310 F _   0.006 0.099 0.001 0.032 0.007 0.011 0.306 0.540 
 311 P _   0.006 0.092 0.001 0.026 0.006 0.010 0.309 0.551 
 312 D _   0.006 0.083 0.001 0.021 0.005 0.009 0.312 0.565 
 313 T _   0.006 0.072 0.000 0.016 0.004 0.008 0.316 0.578 
 314 I _   0.005 0.063 0.000 0.012 0.003 0.007 0.319 0.590 
 315 H _   0.005 0.055 0.000 0.009 0.002 0.007 0.322 0.599 
 316 S _   0.005 0.049 0.000 0.007 0.002 0.006 0.324 0.606 
 317 R _   0.005 0.045 0.000 0.006 0.002 0.006 0.326 0.611 
 318 G _   0.004 0.043 0.000 0.005 0.002 0.005 0.326 0.614 
 319 Q _   0.004 0.043 0.000 0.005 0.002 0.005 0.325 0.616 
 320 H _   0.004 0.043 0.000 0.005 0.002 0.006 0.324 0.616 
 321 G _   0.004 0.046 0.000 0.005 0.002 0.006 0.322 0.615 
 322 P _   0.004 0.050 0.000 0.006 0.002 0.007 0.319 0.612 
 323 A _   0.004 0.057 0.000 0.008 0.002 0.008 0.315 0.606 
 324 E _   0.005 0.067 0.000 0.010 0.003 0.009 0.310 0.596 
 325 R _   0.005 0.083 0.001 0.012 0.004 0.011 0.304 0.580 
 326 T _   0.005 0.106 0.001 0.016 0.006 0.012 0.298 0.557 
 327 P _   0.006 0.134 0.001 0.020 0.007 0.014 0.291 0.528 
 328 S _   0.006 0.166 0.001 0.025 0.008 0.014 0.284 0.496 
 329 E _   0.006 0.198 0.001 0.031 0.009 0.015 0.278 0.463 
 330 I _   0.006 0.225 0.001 0.036 0.010 0.015 0.273 0.434 
 331 Q _   0.006 0.246 0.001 0.040 0.010 0.015 0.269 0.412 
 332 F _   0.006 0.258 0.001 0.043 0.010 0.015 0.267 0.399 
 333 H _   0.006 0.265 0.001 0.045 0.010 0.015 0.267 0.391 
 334 Q _   0.006 0.267 0.001 0.045 0.010 0.014 0.268 0.389 
 335 V _   0.006 0.263 0.001 0.044 0.009 0.013 0.270 0.393 
 336 K _   0.006 0.255 0.001 0.041 0.009 0.013 0.273 0.402 
 337 F _   0.007 0.240 0.001 0.037 0.008 0.012 0.278 0.418 
 338 G _   0.007 0.217 0.001 0.032 0.007 0.011 0.285 0.439 
 339 A _   0.007 0.187 0.001 0.027 0.007 0.010 0.293 0.467 
 340 P _   0.008 0.152 0.001 0.022 0.006 0.010 0.302 0.500 
 341 R _   0.008 0.117 0.001 0.017 0.004 0.009 0.312 0.533 
 342 R _   0.007 0.087 0.001 0.012 0.003 0.008 0.320 0.563 
 343 K _   0.007 0.065 0.000 0.008 0.002 0.006 0.326 0.585 
 344 E _   0.005 0.052 0.000 0.006 0.002 0.005 0.329 0.600 
 345 T _   0.005 0.044 0.000 0.004 0.001 0.005 0.331 0.610 
 346 D _   0.004 0.041 0.000 0.003 0.001 0.004 0.332 0.615 
 347 P _   0.004 0.040 0.000 0.003 0.001 0.004 0.331 0.617 
 348 L _   0.003 0.041 0.000 0.003 0.001 0.005 0.329 0.617 
 349 N _   0.004 0.045 0.000 0.005 0.002 0.006 0.326 0.614 
 350 E _   0.004 0.053 0.000 0.007 0.002 0.008 0.320 0.605 
 351 P _   0.005 0.070 0.000 0.010 0.003 0.009 0.313 0.589 
 352 W _   0.005 0.097 0.001 0.015 0.005 0.011 0.304 0.562 
 353 E _   0.005 0.132 0.001 0.021 0.006 0.012 0.294 0.528 
 354 E _   0.005 0.169 0.001 0.025 0.007 0.013 0.285 0.494 
 355 E _   0.005 0.199 0.001 0.028 0.008 0.013 0.277 0.469 
 356 W _   0.005 0.221 0.001 0.030 0.007 0.013 0.272 0.453 
 357 T _   0.004 0.235 0.001 0.029 0.007 0.013 0.267 0.444 
 358 L _   0.004 0.243 0.001 0.027 0.007 0.012 0.265 0.441 
 359 L _   0.004 0.247 0.001 0.024 0.006 0.012 0.263 0.443 
 360 G _   0.005 0.248 0.001 0.021 0.006 0.012 0.262 0.447 
 361 K _   0.005 0.247 0.001 0.017 0.005 0.012 0.261 0.453 
 362 E _   0.005 0.245 0.001 0.014 0.005 0.012 0.261 0.458 
 363 E _   0.005 0.243 0.000 0.012 0.005 0.012 0.261 0.461 
 364 L _   0.006 0.242 0.000 0.011 0.005 0.013 0.262 0.461 
 365 S _   0.007 0.243 0.001 0.011 0.005 0.013 0.262 0.458 
 366 G _   0.008 0.246 0.001 0.011 0.006 0.014 0.262 0.452 
 367 S _   0.009 0.250 0.001 0.013 0.007 0.015 0.262 0.444 
 368 L _   0.010 0.254 0.001 0.014 0.007 0.016 0.263 0.435 
 369 L _   0.010 0.259 0.001 0.017 0.008 0.016 0.264 0.426 
 370 Q _   0.010 0.262 0.001 0.018 0.009 0.016 0.265 0.419 
 371 S _   0.011 0.262 0.001 0.019 0.009 0.016 0.267 0.415 
 372 V _   0.011 0.260 0.001 0.019 0.009 0.016 0.270 0.414 
 373 Q _   0.011 0.257 0.001 0.018 0.009 0.016 0.273 0.416 
 374 E _   0.011 0.251 0.001 0.017 0.008 0.016 0.277 0.419 
 375 A _   0.011 0.243 0.001 0.016 0.008 0.016 0.281 0.424 
 376 L _   0.011 0.234 0.001 0.015 0.008 0.015 0.286 0.429 
 377 E _   0.011 0.226 0.001 0.014 0.007 0.015 0.292 0.435 
 378 E _   0.011 0.218 0.001 0.013 0.007 0.015 0.298 0.438 
 379 R _   0.011 0.211 0.001 0.013 0.007 0.015 0.303 0.439 
 380 S _   0.011 0.206 0.001 0.014 0.007 0.015 0.309 0.438 
 381 L _   0.011 0.201 0.001 0.016 0.007 0.014 0.316 0.435 
 382 T _   0.010 0.196 0.001 0.018 0.007 0.014 0.323 0.431 
 383 I _   0.010 0.191 0.001 0.020 0.007 0.014 0.330 0.426 
 384 R _   0.010 0.184 0.001 0.023 0.008 0.013 0.339 0.422 
 385 S _   0.010 0.175 0.001 0.024 0.008 0.013 0.350 0.420 
 386 A _   0.009 0.161 0.001 0.024 0.008 0.012 0.362 0.422 
 387 S _   0.009 0.143 0.001 0.023 0.007 0.011 0.377 0.428 
 388 E _   0.008 0.121 0.001 0.021 0.006 0.010 0.394 0.439 
 389 F _   0.008 0.095 0.001 0.017 0.005 0.009 0.411 0.453 
 390 Q _   0.007 0.071 0.001 0.013 0.004 0.008 0.429 0.468 
 391 E _   0.006 0.050 0.000 0.009 0.003 0.007 0.444 0.481 
 392 L _   0.005 0.037 0.000 0.006 0.002 0.005 0.456 0.488 
 393 D _   0.004 0.029 0.000 0.004 0.001 0.005 0.466 0.491 
 394 S _   0.004 0.026 0.000 0.003 0.001 0.005 0.473 0.489 
 395 P _   0.003 0.025 0.000 0.003 0.001 0.005 0.478 0.485 
 396 D X   0.004 0.026 0.000 0.003 0.001 0.006 0.482 0.477 
 397 D X   0.004 0.030 0.000 0.005 0.002 0.007 0.485 0.466 
 398 T X   0.005 0.039 0.000 0.010 0.003 0.010 0.487 0.446 
 399 M X   0.006 0.055 0.001 0.017 0.005 0.012 0.488 0.417 
 400 G X   0.006 0.077 0.001 0.027 0.007 0.014 0.489 0.379 
 401 T X   0.006 0.099 0.001 0.038 0.009 0.015 0.490 0.342 
 402 I X   0.006 0.116 0.001 0.048 0.011 0.016 0.493 0.309 
 403 K X   0.006 0.126 0.001 0.056 0.011 0.016 0.498 0.286 
 404 R X   0.006 0.130 0.001 0.059 0.012 0.016 0.506 0.271 
 405 A X   0.006 0.130 0.001 0.059 0.011 0.015 0.516 0.261 
 406 P X   0.005 0.126 0.001 0.056 0.010 0.014 0.531 0.257 
 407 F X   0.005 0.117 0.001 0.049 0.009 0.012 0.549 0.257 
 408 L X   0.005 0.102 0.001 0.040 0.008 0.011 0.572 0.261 
 409 G X   0.005 0.080 0.001 0.030 0.007 0.009 0.599 0.268 
 410 P X   0.005 0.056 0.001 0.021 0.005 0.008 0.628 0.276 
 411 L X   0.005 0.035 0.001 0.013 0.003 0.007 0.655 0.282 
 412 P X   0.004 0.020 0.000 0.008 0.002 0.005 0.677 0.283 
 413 T X   0.004 0.011 0.000 0.005 0.001 0.004 0.694 0.281 
 414 D X   0.003 0.006 0.000 0.003 0.001 0.003 0.706 0.277 
 415 P X   0.003 0.004 0.000 0.003 0.001 0.003 0.715 0.272 
 416 P X   0.002 0.003 0.000 0.002 0.001 0.003 0.721 0.268 
 417 A X   0.002 0.002 0.000 0.002 0.001 0.003 0.725 0.264 
 418 E X   0.002 0.002 0.000 0.003 0.001 0.003 0.729 0.261 
 419 E X   0.002 0.002 0.000 0.003 0.001 0.003 0.731 0.258 
 420 P X   0.002 0.002 0.000 0.004 0.001 0.003 0.732 0.256 
 421 L X   0.002 0.002 0.000 0.004 0.001 0.003 0.733 0.254 
 422 S X   0.002 0.002 0.000 0.005 0.001 0.003 0.733 0.253 
 423 S X   0.002 0.002 0.000 0.005 0.001 0.003 0.733 0.253 
 424 P X   0.002 0.002 0.000 0.006 0.001 0.003 0.733 0.253 
 425 P X   0.002 0.002 0.000 0.005 0.001 0.003 0.733 0.253 
 426 G X   0.002 0.002 0.000 0.005 0.001 0.003 0.732 0.254 
 427 T X   0.002 0.002 0.000 0.004 0.001 0.003 0.732 0.256 
 428 L X   0.002 0.002 0.000 0.004 0.001 0.003 0.730 0.259 
 429 P X   0.002 0.001 0.000 0.003 0.001 0.002 0.728 0.262 
 430 P X   0.002 0.001 0.000 0.002 0.001 0.002 0.725 0.266 
 431 P X   0.002 0.001 0.000 0.002 0.001 0.002 0.721 0.271 
 432 P X   0.002 0.001 0.000 0.002 0.001 0.002 0.716 0.277 
 433 S X   0.002 0.002 0.000 0.002 0.001 0.003 0.708 0.283 
 434 G X   0.002 0.002 0.000 0.002 0.001 0.004 0.698 0.290 
 435 P X   0.003 0.005 0.000 0.003 0.001 0.006 0.685 0.296 
 436 N X   0.004 0.011 0.000 0.006 0.003 0.009 0.667 0.300 
 437 S X   0.005 0.027 0.001 0.012 0.006 0.014 0.640 0.295 
 438 S X   0.007 0.063 0.001 0.022 0.011 0.018 0.602 0.275 
 439 P X   0.008 0.128 0.002 0.036 0.016 0.022 0.554 0.234 
 440 L X   0.007 0.205 0.002 0.050 0.019 0.023 0.506 0.187 
 441 L X   0.006 0.269 0.002 0.061 0.019 0.022 0.470 0.151 
 442 P X   0.005 0.309 0.002 0.068 0.017 0.020 0.448 0.131 
 443 T X   0.005 0.329 0.001 0.071 0.015 0.019 0.434 0.125 
 444 A X   0.005 0.338 0.001 0.072 0.014 0.017 0.426 0.127 
 445 W X   0.005 0.339 0.001 0.069 0.013 0.016 0.421 0.136 
 446 A X   0.005 0.332 0.001 0.063 0.012 0.015 0.419 0.152 
 447 T X   0.006 0.315 0.001 0.055 0.011 0.014 0.419 0.179 
 448 M X   0.007 0.282 0.001 0.046 0.010 0.013 0.421 0.220 
 449 K X   0.008 0.230 0.001 0.036 0.009 0.012 0.426 0.278 
 450 Q X   0.008 0.166 0.001 0.027 0.008 0.011 0.432 0.347 
 451 R X   0.009 0.107 0.001 0.019 0.006 0.010 0.439 0.411 
 452 E _   0.008 0.064 0.001 0.012 0.004 0.009 0.443 0.459 
 453 D _   0.007 0.037 0.000 0.008 0.003 0.007 0.445 0.492 
 454 P _   0.006 0.022 0.000 0.006 0.002 0.006 0.446 0.512 
 455 E _   0.005 0.015 0.000 0.005 0.001 0.005 0.445 0.524 
 456 R _   0.004 0.010 0.000 0.004 0.001 0.005 0.442 0.533 
 457 S _   0.004 0.008 0.000 0.004 0.001 0.005 0.438 0.540 
 458 S _   0.003 0.007 0.000 0.004 0.001 0.005 0.433 0.547 
 459 C _   0.003 0.006 0.000 0.004 0.001 0.005 0.427 0.554 
 460 H _   0.003 0.006 0.000 0.005 0.001 0.005 0.418 0.561 
 461 G _   0.003 0.006 0.000 0.005 0.002 0.006 0.409 0.569 
 462 L _   0.003 0.006 0.000 0.006 0.002 0.007 0.397 0.578 
 463 P _   0.004 0.008 0.000 0.006 0.002 0.009 0.385 0.585 
 464 P _   0.005 0.010 0.000 0.008 0.003 0.012 0.370 0.592 
 465 T _   0.006 0.013 0.001 0.010 0.004 0.016 0.354 0.596 
 466 P _   0.007 0.019 0.001 0.014 0.007 0.021 0.336 0.596 
 467 K _   0.010 0.028 0.001 0.020 0.010 0.027 0.315 0.589 
 468 V _   0.012 0.040 0.001 0.028 0.015 0.034 0.292 0.577 
 469 H _   0.015 0.055 0.002 0.038 0.021 0.040 0.269 0.560 
 470 M _   0.018 0.068 0.002 0.048 0.026 0.045 0.248 0.544 
 471 G _   0.021 0.078 0.002 0.057 0.031 0.049 0.228 0.533 
 472 A _   0.023 0.084 0.002 0.063 0.033 0.052 0.212 0.530 
 473 C _   0.025 0.086 0.002 0.064 0.035 0.053 0.198 0.537 
 474 F _   0.027 0.084 0.002 0.061 0.034 0.053 0.187 0.552 
 475 S _   0.029 0.078 0.002 0.054 0.032 0.052 0.176 0.576 
 476 K _   0.032 0.067 0.002 0.044 0.029 0.052 0.168 0.607 
 477 V _   0.035 0.053 0.002 0.033 0.025 0.051 0.160 0.641 
 478 F _   0.039 0.038 0.002 0.024 0.021 0.050 0.154 0.673 
 479 N _   0.043 0.024 0.001 0.016 0.018 0.049 0.148 0.700 
 480 G _   0.048 0.015 0.001 0.011 0.016 0.048 0.142 0.719 
 481 C _   0.054 0.009 0.001 0.008 0.014 0.049 0.136 0.728 
 482 P _   0.061 0.006 0.001 0.007 0.014 0.049 0.131 0.730 
 483 L _   0.069 0.005 0.001 0.007 0.015 0.051 0.126 0.727 
 484 R _   0.076 0.005 0.001 0.008 0.018 0.052 0.121 0.719 
 485 I _   0.083 0.005 0.001 0.009 0.021 0.053 0.116 0.711 
 486 H _   0.088 0.006 0.001 0.012 0.024 0.054 0.112 0.703 
 487 A _   0.092 0.007 0.002 0.015 0.026 0.054 0.108 0.697 
 488 A _   0.093 0.008 0.002 0.018 0.028 0.053 0.104 0.695 
 489 V _   0.092 0.009 0.002 0.019 0.028 0.051 0.101 0.699 
 490 T _   0.088 0.009 0.002 0.019 0.026 0.048 0.099 0.709 
 491 W _   0.083 0.008 0.002 0.018 0.024 0.044 0.097 0.725 
 492 I _   0.075 0.007 0.001 0.016 0.020 0.040 0.095 0.746 
 493 H _   0.067 0.006 0.001 0.013 0.016 0.037 0.093 0.767 
 494 P _   0.059 0.004 0.001 0.010 0.013 0.033 0.091 0.788 
 495 V _   0.052 0.003 0.001 0.008 0.010 0.030 0.090 0.806 
 496 T _   0.045 0.003 0.001 0.006 0.008 0.028 0.088 0.821 
 497 R _   0.040 0.003 0.001 0.005 0.007 0.027 0.086 0.831 
 498 D _   0.037 0.003 0.001 0.005 0.007 0.027 0.085 0.836 
 499 Q _   0.035 0.004 0.001 0.006 0.008 0.027 0.083 0.836 
 500 F _   0.034 0.007 0.001 0.008 0.009 0.028 0.081 0.833 
 501 L _   0.033 0.012 0.001 0.011 0.011 0.029 0.078 0.824 
 502 V _   0.033 0.018 0.001 0.015 0.014 0.031 0.076 0.812 
 503 V _   0.033 0.027 0.001 0.021 0.016 0.031 0.073 0.797 
 504 G _   0.033 0.035 0.001 0.027 0.018 0.032 0.071 0.783 
 505 A _   0.032 0.041 0.001 0.032 0.019 0.032 0.069 0.773 
 506 E _   0.031 0.045 0.001 0.035 0.020 0.031 0.068 0.769 
 507 E _   0.029 0.047 0.001 0.036 0.019 0.029 0.067 0.771 
 508 G _   0.027 0.047 0.001 0.036 0.018 0.027 0.066 0.778 
 509 I _   0.025 0.044 0.001 0.033 0.015 0.025 0.066 0.791 
 510 Y _   0.022 0.040 0.001 0.028 0.013 0.022 0.066 0.808 
 511 T _   0.019 0.033 0.001 0.023 0.010 0.019 0.067 0.828 
 512 L _   0.017 0.026 0.001 0.018 0.008 0.017 0.067 0.848 
 513 N _   0.015 0.018 0.001 0.013 0.006 0.014 0.067 0.866 
 514 L _   0.013 0.012 0.001 0.009 0.004 0.013 0.067 0.881 
 515 H _   0.011 0.007 0.000 0.007 0.003 0.011 0.067 0.893 
 516 E _   0.010 0.004 0.000 0.005 0.003 0.011 0.067 0.900 
 517 L _   0.009 0.003 0.000 0.005 0.003 0.011 0.066 0.903 
 518 H _   0.010 0.002 0.000 0.005 0.003 0.011 0.065 0.904 
 519 E _   0.011 0.002 0.000 0.005 0.003 0.013 0.064 0.902 
 520 D _   0.013 0.001 0.000 0.006 0.004 0.015 0.063 0.898 
 521 T _   0.016 0.001 0.001 0.007 0.005 0.017 0.061 0.892 
 522 L _   0.020 0.001 0.001 0.008 0.006 0.020 0.060 0.884 
 523 E _   0.025 0.002 0.001 0.009 0.007 0.024 0.058 0.875 
 524 K _   0.032 0.002 0.001 0.010 0.009 0.027 0.056 0.864 
 525 L _   0.041 0.001 0.001 0.010 0.010 0.031 0.054 0.852 
 526 I _   0.052 0.001 0.001 0.009 0.012 0.035 0.052 0.838 
 527 S _   0.067 0.001 0.001 0.008 0.014 0.039 0.050 0.820 
 528 H _   0.085 0.001 0.001 0.007 0.017 0.044 0.047 0.797 
 529 R _   0.107 0.001 0.001 0.007 0.021 0.048 0.045 0.769 
 530 C _   0.131 0.002 0.001 0.007 0.025 0.053 0.043 0.738 
 531 S _   0.155 0.002 0.002 0.008 0.030 0.057 0.042 0.705 
 532 W _   0.178 0.003 0.002 0.009 0.036 0.060 0.040 0.671 
 533 L _   0.196 0.005 0.002 0.011 0.042 0.063 0.040 0.642 
 534 Y _   0.210 0.007 0.002 0.014 0.045 0.063 0.039 0.619 
 535 C _   0.217 0.010 0.002 0.017 0.047 0.062 0.039 0.605 
 536 V _   0.218 0.012 0.002 0.020 0.047 0.060 0.039 0.600 
 537 N _   0.213 0.014 0.002 0.023 0.045 0.057 0.040 0.607 
 538 N _   0.200 0.014 0.002 0.023 0.041 0.053 0.040 0.626 
 539 V _   0.183 0.013 0.002 0.022 0.035 0.047 0.042 0.655 
 540 L _   0.161 0.012 0.002 0.020 0.029 0.042 0.043 0.693 
 541 L _   0.134 0.009 0.002 0.016 0.022 0.036 0.044 0.737 
 542 S _   0.106 0.007 0.001 0.013 0.016 0.030 0.046 0.781 
 543 L _   0.080 0.004 0.001 0.010 0.011 0.025 0.047 0.822 
 544 S _   0.059 0.003 0.001 0.007 0.008 0.021 0.048 0.854 
 545 G _   0.043 0.002 0.001 0.006 0.005 0.018 0.048 0.877 
 546 K _   0.032 0.002 0.000 0.005 0.004 0.015 0.049 0.892 
 547 S _   0.025 0.002 0.000 0.005 0.004 0.014 0.049 0.902 
 548 T _   0.020 0.002 0.000 0.006 0.004 0.013 0.049 0.907 
 549 H _   0.017 0.003 0.000 0.006 0.004 0.012 0.048 0.909 
 550 I _   0.014 0.004 0.000 0.008 0.004 0.012 0.048 0.910 
 551 W _   0.013 0.005 0.001 0.009 0.004 0.012 0.048 0.908 
 552 A _   0.012 0.007 0.001 0.010 0.005 0.012 0.047 0.906 
 553 H _   0.012 0.009 0.001 0.011 0.005 0.013 0.047 0.903 
 554 D _   0.012 0.010 0.001 0.012 0.005 0.013 0.046 0.900 
 555 L _   0.012 0.012 0.001 0.013 0.006 0.013 0.046 0.897 
 556 P _   0.012 0.014 0.001 0.014 0.006 0.014 0.045 0.895 
 557 G _   0.012 0.015 0.001 0.015 0.006 0.014 0.045 0.892 
 558 L _   0.012 0.016 0.001 0.015 0.006 0.014 0.044 0.891 
 559 F _   0.013 0.017 0.001 0.016 0.006 0.014 0.044 0.890 
 560 E _   0.012 0.018 0.001 0.015 0.006 0.014 0.044 0.890 
 561 Q _   0.012 0.018 0.001 0.015 0.006 0.014 0.044 0.891 
 562 R _   0.012 0.017 0.001 0.014 0.006 0.013 0.044 0.894 
 563 R _   0.011 0.017 0.001 0.013 0.006 0.013 0.043 0.896 
 564 L _   0.011 0.017 0.001 0.012 0.005 0.012 0.043 0.900 
 565 Q _   0.010 0.016 0.001 0.011 0.005 0.012 0.043 0.903 
 566 Q _   0.010 0.016 0.001 0.010 0.004 0.011 0.043 0.905 
 567 Q _   0.010 0.015 0.000 0.009 0.004 0.011 0.043 0.907 
 568 V _   0.010 0.015 0.000 0.008 0.004 0.011 0.042 0.908 
 569 P _   0.010 0.016 0.000 0.008 0.004 0.012 0.042 0.908 
 570 L _   0.010 0.017 0.000 0.008 0.004 0.012 0.041 0.907 
 571 S _   0.011 0.018 0.001 0.008 0.005 0.013 0.041 0.904 
 572 I _   0.012 0.020 0.001 0.009 0.005 0.014 0.040 0.899 
 573 P _   0.013 0.023 0.001 0.010 0.006 0.016 0.039 0.893 
 574 T _   0.014 0.026 0.001 0.011 0.006 0.018 0.038 0.886 
 575 N _   0.015 0.031 0.001 0.012 0.007 0.020 0.038 0.877 
 576 R _   0.017 0.037 0.001 0.014 0.009 0.022 0.037 0.865 
 577 L _   0.018 0.044 0.001 0.016 0.010 0.024 0.036 0.852 
 578 T _   0.020 0.053 0.001 0.018 0.012 0.026 0.034 0.836 
 579 Q _   0.021 0.062 0.001 0.022 0.014 0.027 0.033 0.820 
 580 R _   0.021 0.072 0.001 0.027 0.016 0.028 0.032 0.802 
 581 I _   0.022 0.081 0.001 0.032 0.018 0.029 0.031 0.786 
 582 I _   0.022 0.089 0.001 0.037 0.019 0.029 0.030 0.773 
 583 P _   0.022 0.094 0.001 0.041 0.019 0.028 0.030 0.766 
 584 R _   0.022 0.095 0.001 0.043 0.018 0.027 0.030 0.764 
 585 R _   0.020 0.094 0.001 0.042 0.017 0.025 0.030 0.771 
 586 F _   0.019 0.088 0.001 0.039 0.015 0.022 0.030 0.786 
 587 A _   0.017 0.078 0.001 0.034 0.013 0.020 0.030 0.808 
 588 L _   0.015 0.064 0.001 0.027 0.010 0.017 0.031 0.836 
 589 S _   0.013 0.046 0.001 0.019 0.007 0.015 0.031 0.868 
 590 T _   0.011 0.030 0.001 0.013 0.005 0.012 0.032 0.895 
 591 K _   0.010 0.018 0.001 0.008 0.004 0.011 0.032 0.917 
 592 I _   0.009 0.011 0.000 0.006 0.003 0.010 0.032 0.930 
 593 P _   0.009 0.007 0.000 0.004 0.003 0.010 0.031 0.937 
 594 D _   0.009 0.005 0.000 0.004 0.003 0.010 0.031 0.938 
 595 T _   0.010 0.005 0.000 0.005 0.003 0.012 0.030 0.936 
 596 K _   0.011 0.005 0.000 0.007 0.004 0.014 0.029 0.930 
 597 G _   0.013 0.005 0.001 0.010 0.006 0.016 0.028 0.921 
 598 C _   0.016 0.006 0.001 0.014 0.007 0.018 0.026 0.911 
 599 L _   0.019 0.007 0.001 0.018 0.009 0.021 0.025 0.901 
 600 Q _   0.022 0.007 0.001 0.020 0.010 0.022 0.024 0.893 
 601 C _   0.028 0.007 0.001 0.020 0.011 0.023 0.023 0.887 
 602 R _   0.035 0.006 0.001 0.018 0.011 0.024 0.022 0.883 
 603 V _   0.045 0.005 0.001 0.015 0.010 0.024 0.020 0.879 
 604 V _   0.061 0.003 0.001 0.011 0.009 0.025 0.019 0.871 
 605 R _   0.084 0.001 0.001 0.007 0.009 0.026 0.018 0.854 
 606 N _   0.117 0.001 0.001 0.005 0.009 0.027 0.016 0.825 
 607 P _   0.164 0.000 0.001 0.003 0.010 0.029 0.015 0.778 
 608 Y _   0.225 0.000 0.001 0.003 0.012 0.031 0.013 0.715 
 609 T _   0.300 0.000 0.001 0.002 0.016 0.034 0.011 0.635 
 610 G _   0.384 0.000 0.001 0.003 0.021 0.036 0.010 0.545 
 611 A H   0.466 0.000 0.002 0.003 0.027 0.038 0.009 0.456 
 612 T H   0.539 0.000 0.002 0.003 0.031 0.038 0.008 0.378 
 613 F H   0.598 0.000 0.002 0.004 0.034 0.037 0.007 0.318 
 614 L H   0.640 0.000 0.002 0.004 0.035 0.035 0.007 0.276 
 615 L H   0.671 0.000 0.002 0.004 0.035 0.033 0.007 0.250 
 616 A H   0.688 0.000 0.002 0.003 0.033 0.030 0.007 0.237 
 617 A H   0.695 0.000 0.002 0.003 0.030 0.027 0.007 0.236 
 618 L H   0.691 0.000 0.001 0.002 0.027 0.025 0.007 0.245 
 619 P H   0.678 0.000 0.001 0.002 0.024 0.024 0.008 0.263 
 620 T H   0.657 0.000 0.001 0.002 0.021 0.022 0.009 0.287 
 621 S H   0.629 0.000 0.001 0.002 0.019 0.022 0.011 0.316 
 622 L H   0.595 0.000 0.001 0.002 0.017 0.022 0.013 0.351 
 623 L H   0.554 0.000 0.001 0.002 0.016 0.022 0.015 0.390 
 624 L H   0.508 0.000 0.001 0.002 0.015 0.022 0.018 0.433 
 625 L _   0.458 0.000 0.001 0.003 0.014 0.022 0.021 0.480 
 626 Q _   0.404 0.000 0.001 0.003 0.013 0.023 0.025 0.529 
 627 W _   0.351 0.000 0.001 0.004 0.013 0.023 0.029 0.579 
 628 Y _   0.300 0.000 0.001 0.005 0.012 0.024 0.033 0.624 
 629 E _   0.254 0.001 0.001 0.006 0.012 0.025 0.037 0.664 
 630 P _   0.213 0.001 0.001 0.007 0.012 0.025 0.041 0.699 
 631 L _   0.177 0.002 0.001 0.010 0.012 0.025 0.045 0.727 
 632 Q _   0.144 0.003 0.001 0.013 0.013 0.025 0.049 0.751 
 633 K _   0.115 0.004 0.001 0.017 0.013 0.024 0.053 0.773 
 634 F _   0.091 0.005 0.001 0.019 0.012 0.023 0.057 0.791 
 635 L _   0.070 0.006 0.001 0.021 0.011 0.021 0.062 0.809 
 636 L _   0.053 0.006 0.001 0.020 0.010 0.018 0.066 0.826 
 637 L _   0.039 0.005 0.001 0.018 0.008 0.016 0.070 0.844 
 638 K _   0.029 0.004 0.001 0.015 0.006 0.013 0.073 0.859 
 639 N _   0.021 0.003 0.001 0.011 0.004 0.011 0.077 0.872 
 640 F _   0.016 0.002 0.000 0.008 0.003 0.009 0.079 0.883 
 641 S _   0.012 0.002 0.000 0.005 0.002 0.007 0.081 0.891 
 642 S _   0.009 0.001 0.000 0.004 0.002 0.006 0.083 0.895 
 643 P _   0.008 0.001 0.000 0.003 0.002 0.006 0.084 0.897 
 644 L _   0.007 0.001 0.000 0.003 0.002 0.006 0.085 0.896 
 645 P _   0.007 0.002 0.000 0.004 0.002 0.007 0.085 0.893 
 646 S _   0.008 0.003 0.000 0.006 0.003 0.008 0.085 0.887 
 647 P _   0.008 0.006 0.000 0.009 0.004 0.010 0.085 0.877 
 648 A _   0.009 0.010 0.001 0.014 0.005 0.012 0.085 0.864 
 649 G _   0.010 0.015 0.001 0.019 0.006 0.013 0.085 0.851 
 650 M _   0.010 0.020 0.001 0.024 0.007 0.014 0.084 0.840 
 651 L _   0.010 0.023 0.001 0.027 0.008 0.014 0.085 0.833 
 652 E _   0.010 0.024 0.001 0.027 0.008 0.014 0.085 0.831 
 653 P _   0.009 0.024 0.001 0.025 0.007 0.013 0.086 0.834 
 654 L _   0.009 0.023 0.001 0.022 0.006 0.012 0.087 0.840 
 655 V _   0.008 0.020 0.001 0.018 0.005 0.011 0.088 0.849 
 656 L _   0.008 0.018 0.001 0.014 0.004 0.010 0.089 0.856 
 657 D _   0.007 0.015 0.000 0.011 0.004 0.009 0.091 0.863 
 658 G _   0.007 0.013 0.000 0.009 0.003 0.009 0.092 0.866 
 659 K _   0.007 0.012 0.000 0.009 0.003 0.009 0.093 0.867 
 660 E _   0.007 0.012 0.000 0.009 0.003 0.009 0.094 0.865 
 661 L _   0.008 0.012 0.000 0.011 0.004 0.010 0.094 0.861 
 662 P _   0.008 0.012 0.001 0.013 0.004 0.010 0.095 0.857 
 663 Q _   0.008 0.012 0.001 0.015 0.005 0.010 0.096 0.853 
