#TopoPred_TM8: 8-state transmembrane topology prediction results by no_profile mode 
#probabilities are in the order of H E C I L F X _, the 8 transmembrane topology types used in PDBTM 
   1 M X   0.019 0.002 0.003 0.068 0.012 0.013 0.547 0.335 
   2 A X   0.007 0.001 0.000 0.041 0.002 0.007 0.560 0.381 
   3 S X   0.002 0.001 0.000 0.023 0.001 0.005 0.560 0.408 
   4 S X   0.001 0.002 0.000 0.017 0.001 0.005 0.552 0.421 
   5 S X   0.002 0.005 0.000 0.018 0.002 0.008 0.537 0.428 
   6 V X   0.004 0.009 0.000 0.020 0.003 0.013 0.515 0.435 
   7 P X   0.006 0.020 0.001 0.026 0.005 0.018 0.488 0.436 
   8 P X   0.008 0.038 0.001 0.036 0.008 0.022 0.454 0.433 
   9 A _   0.009 0.064 0.001 0.047 0.011 0.024 0.416 0.428 
  10 T _   0.009 0.091 0.002 0.058 0.013 0.026 0.377 0.424 
  11 V _   0.008 0.114 0.002 0.066 0.015 0.026 0.343 0.426 
  12 S _   0.008 0.129 0.002 0.070 0.016 0.025 0.317 0.434 
  13 A _   0.008 0.138 0.001 0.069 0.016 0.024 0.297 0.447 
  14 A _   0.008 0.143 0.001 0.065 0.015 0.023 0.281 0.466 
  15 T _   0.008 0.143 0.001 0.058 0.013 0.021 0.268 0.488 
  16 A _   0.008 0.140 0.001 0.050 0.012 0.020 0.257 0.512 
  17 G _   0.008 0.135 0.001 0.043 0.010 0.018 0.248 0.536 
  18 P _   0.008 0.128 0.001 0.037 0.009 0.017 0.240 0.561 
  19 G _   0.008 0.118 0.001 0.032 0.008 0.016 0.233 0.584 
  20 P _   0.008 0.108 0.001 0.028 0.007 0.015 0.227 0.607 
  21 G _   0.008 0.096 0.001 0.024 0.007 0.014 0.221 0.629 
  22 F _   0.008 0.083 0.001 0.021 0.006 0.013 0.216 0.652 
  23 G _   0.008 0.070 0.001 0.018 0.005 0.012 0.211 0.676 
  24 F _   0.007 0.056 0.001 0.015 0.005 0.011 0.206 0.698 
  25 A _   0.007 0.044 0.001 0.013 0.004 0.010 0.201 0.721 
  26 S _   0.006 0.033 0.000 0.010 0.004 0.010 0.196 0.740 
  27 K _   0.006 0.025 0.000 0.009 0.003 0.009 0.191 0.757 
  28 T _   0.006 0.019 0.000 0.007 0.003 0.009 0.185 0.770 
  29 K _   0.006 0.015 0.000 0.007 0.003 0.009 0.179 0.780 
  30 K _   0.006 0.013 0.000 0.007 0.003 0.010 0.173 0.788 
  31 K _   0.007 0.012 0.000 0.008 0.003 0.011 0.166 0.793 
  32 H _   0.007 0.011 0.000 0.010 0.004 0.012 0.159 0.797 
  33 F _   0.008 0.010 0.001 0.012 0.005 0.013 0.152 0.800 
  34 V _   0.010 0.010 0.001 0.014 0.006 0.015 0.144 0.801 
  35 Q _   0.012 0.009 0.001 0.015 0.007 0.016 0.137 0.803 
  36 Q _   0.015 0.008 0.001 0.016 0.007 0.017 0.130 0.805 
  37 K _   0.020 0.007 0.001 0.016 0.008 0.019 0.123 0.806 
  38 V _   0.028 0.006 0.001 0.015 0.008 0.020 0.116 0.806 
  39 K _   0.040 0.004 0.001 0.012 0.009 0.021 0.109 0.803 
  40 V _   0.059 0.003 0.001 0.010 0.009 0.022 0.102 0.795 
  41 F _   0.084 0.001 0.001 0.007 0.009 0.023 0.095 0.780 
  42 R _   0.119 0.001 0.001 0.005 0.009 0.025 0.087 0.753 
  43 A _   0.166 0.000 0.001 0.003 0.010 0.026 0.079 0.713 
  44 A _   0.226 0.000 0.001 0.003 0.011 0.028 0.072 0.660 
  45 D _   0.297 0.000 0.001 0.002 0.014 0.030 0.064 0.591 
  46 P _   0.380 0.000 0.001 0.002 0.018 0.033 0.057 0.510 
  47 L H   0.461 0.000 0.001 0.002 0.023 0.035 0.051 0.426 
  48 V H   0.536 0.000 0.002 0.002 0.029 0.036 0.047 0.348 
  49 G H   0.593 0.000 0.002 0.003 0.034 0.036 0.044 0.288 
  50 V H   0.631 0.000 0.002 0.003 0.037 0.035 0.043 0.248 
  51 F H   0.651 0.001 0.002 0.004 0.040 0.034 0.042 0.226 
  52 L H   0.655 0.001 0.002 0.005 0.041 0.032 0.043 0.221 
  53 W H   0.645 0.001 0.002 0.006 0.040 0.031 0.044 0.231 
  54 G H   0.620 0.001 0.002 0.006 0.038 0.029 0.046 0.258 
  55 V H   0.578 0.001 0.002 0.006 0.034 0.027 0.049 0.304 
  56 A H   0.516 0.001 0.002 0.006 0.028 0.025 0.052 0.370 
  57 H _   0.443 0.000 0.002 0.005 0.022 0.022 0.057 0.448 
  58 S _   0.367 0.000 0.001 0.004 0.016 0.020 0.062 0.529 
  59 I _   0.293 0.000 0.001 0.004 0.012 0.018 0.067 0.605 
  60 N _   0.226 0.000 0.001 0.004 0.008 0.016 0.072 0.673 
  61 E _   0.168 0.000 0.001 0.004 0.007 0.014 0.077 0.728 
  62 L _   0.123 0.000 0.001 0.004 0.005 0.013 0.082 0.771 
  63 S _   0.090 0.000 0.001 0.005 0.005 0.013 0.086 0.801 
  64 Q _   0.066 0.000 0.001 0.005 0.004 0.012 0.089 0.822 
  65 V _   0.048 0.001 0.001 0.006 0.004 0.011 0.092 0.837 
  66 P _   0.036 0.001 0.001 0.007 0.004 0.011 0.095 0.846 
  67 P _   0.027 0.002 0.000 0.008 0.004 0.011 0.097 0.851 
  68 P _   0.021 0.002 0.001 0.009 0.004 0.011 0.099 0.853 
  69 V _   0.017 0.003 0.001 0.010 0.004 0.010 0.101 0.854 
  70 M _   0.014 0.003 0.000 0.010 0.004 0.010 0.103 0.856 
  71 L _   0.012 0.003 0.000 0.009 0.004 0.009 0.104 0.858 
  72 L _   0.010 0.004 0.000 0.009 0.003 0.008 0.106 0.859 
  73 P _   0.009 0.004 0.000 0.008 0.003 0.008 0.107 0.861 
  74 D _   0.008 0.004 0.000 0.007 0.003 0.008 0.107 0.863 
  75 D _   0.007 0.005 0.000 0.007 0.003 0.007 0.108 0.864 
  76 F _   0.006 0.005 0.000 0.006 0.002 0.007 0.108 0.864 
  77 K _   0.006 0.007 0.000 0.006 0.002 0.007 0.108 0.862 
  78 A _   0.006 0.008 0.000 0.007 0.003 0.008 0.108 0.860 
  79 S _   0.006 0.011 0.000 0.008 0.003 0.008 0.108 0.856 
  80 S _   0.006 0.014 0.000 0.010 0.003 0.009 0.107 0.850 
  81 K _   0.007 0.019 0.000 0.012 0.004 0.010 0.106 0.842 
  82 I _   0.007 0.024 0.001 0.015 0.005 0.011 0.105 0.833 
  83 K _   0.007 0.030 0.001 0.018 0.005 0.011 0.104 0.823 
  84 V _   0.007 0.035 0.001 0.021 0.006 0.012 0.103 0.814 
  85 N _   0.008 0.039 0.001 0.024 0.007 0.012 0.103 0.807 
  86 N _   0.008 0.042 0.001 0.025 0.007 0.012 0.103 0.802 
  87 H _   0.008 0.043 0.001 0.025 0.007 0.012 0.104 0.801 
  88 L _   0.008 0.043 0.001 0.023 0.006 0.012 0.104 0.803 
  89 F _   0.007 0.041 0.001 0.020 0.006 0.011 0.105 0.809 
  90 H _   0.007 0.038 0.001 0.017 0.005 0.010 0.107 0.816 
  91 R _   0.007 0.035 0.000 0.013 0.004 0.009 0.108 0.823 
  92 E _   0.006 0.032 0.000 0.010 0.003 0.009 0.109 0.830 
  93 N _   0.006 0.030 0.000 0.008 0.003 0.008 0.110 0.835 
  94 L _   0.006 0.029 0.000 0.007 0.002 0.008 0.110 0.837 
  95 P _   0.006 0.029 0.000 0.006 0.002 0.009 0.110 0.838 
  96 S _   0.007 0.030 0.000 0.006 0.003 0.009 0.110 0.835 
  97 H _   0.007 0.033 0.000 0.007 0.003 0.011 0.110 0.828 
  98 F _   0.008 0.039 0.000 0.009 0.004 0.012 0.109 0.818 
  99 K _   0.009 0.049 0.001 0.012 0.005 0.014 0.108 0.802 
 100 F _   0.010 0.062 0.001 0.015 0.007 0.016 0.106 0.781 
 101 K _   0.011 0.079 0.001 0.020 0.009 0.018 0.105 0.757 
 102 E _   0.012 0.097 0.001 0.025 0.011 0.020 0.103 0.731 
 103 Y _   0.012 0.115 0.001 0.030 0.012 0.021 0.102 0.708 
 104 C _   0.013 0.129 0.001 0.034 0.013 0.021 0.101 0.688 
 105 P _   0.013 0.139 0.001 0.038 0.014 0.022 0.101 0.673 
 106 Q _   0.013 0.146 0.001 0.040 0.014 0.021 0.101 0.664 
 107 V _   0.013 0.149 0.001 0.041 0.014 0.020 0.101 0.660 
 108 F _   0.013 0.149 0.001 0.040 0.013 0.019 0.103 0.662 
 109 R _   0.012 0.145 0.001 0.038 0.012 0.018 0.105 0.669 
 110 N _   0.012 0.137 0.001 0.034 0.011 0.017 0.107 0.681 
 111 L _   0.012 0.126 0.001 0.030 0.009 0.015 0.110 0.698 
 112 R _   0.011 0.111 0.001 0.024 0.008 0.013 0.113 0.719 
 113 D _   0.010 0.093 0.001 0.019 0.006 0.012 0.117 0.741 
 114 R _   0.010 0.076 0.001 0.015 0.005 0.011 0.120 0.763 
 115 F _   0.009 0.062 0.001 0.011 0.004 0.009 0.123 0.782 
 116 G _   0.008 0.051 0.000 0.008 0.003 0.008 0.125 0.796 
 117 I _   0.007 0.044 0.000 0.007 0.003 0.008 0.127 0.804 
 118 D _   0.007 0.040 0.000 0.007 0.002 0.008 0.128 0.808 
 119 D _   0.007 0.038 0.000 0.007 0.003 0.008 0.129 0.808 
 120 Q _   0.007 0.038 0.000 0.009 0.003 0.009 0.130 0.805 
 121 D _   0.007 0.038 0.000 0.011 0.003 0.009 0.130 0.800 
 122 Y _   0.008 0.039 0.000 0.014 0.004 0.010 0.131 0.794 
 123 L _   0.008 0.040 0.001 0.018 0.004 0.010 0.131 0.788 
 124 V _   0.008 0.041 0.001 0.020 0.005 0.010 0.132 0.784 
 125 S _   0.008 0.040 0.001 0.021 0.005 0.010 0.133 0.783 
 126 L _   0.007 0.039 0.001 0.020 0.004 0.009 0.134 0.786 
 127 T _   0.007 0.036 0.000 0.017 0.004 0.008 0.135 0.793 
 128 R _   0.006 0.032 0.000 0.014 0.003 0.007 0.136 0.802 
 129 N _   0.005 0.028 0.000 0.010 0.002 0.006 0.137 0.811 
 130 P _   0.005 0.024 0.000 0.007 0.002 0.006 0.137 0.819 
 131 P _   0.004 0.022 0.000 0.005 0.001 0.005 0.136 0.825 
 132 S _   0.004 0.022 0.000 0.004 0.001 0.005 0.135 0.828 
 133 E _   0.004 0.023 0.000 0.004 0.001 0.006 0.134 0.829 
 134 S _   0.004 0.026 0.000 0.005 0.002 0.007 0.131 0.826 
 135 E _   0.005 0.033 0.000 0.007 0.002 0.009 0.127 0.817 
 136 G _   0.006 0.050 0.001 0.011 0.004 0.011 0.122 0.797 
 137 S _   0.007 0.080 0.001 0.016 0.006 0.014 0.115 0.762 
 138 D _   0.007 0.126 0.001 0.023 0.008 0.016 0.106 0.712 
 139 G _   0.008 0.180 0.001 0.029 0.010 0.018 0.097 0.656 
 140 R _   0.008 0.232 0.001 0.034 0.011 0.019 0.088 0.606 
 141 F _   0.007 0.275 0.001 0.036 0.012 0.019 0.081 0.567 
 142 L _   0.007 0.307 0.001 0.037 0.012 0.020 0.076 0.540 
 143 I _   0.007 0.330 0.001 0.037 0.012 0.020 0.071 0.521 
 144 S _   0.007 0.345 0.001 0.036 0.012 0.020 0.068 0.510 
 145 Y _   0.008 0.355 0.001 0.035 0.013 0.020 0.065 0.503 
 146 D _   0.008 0.362 0.001 0.033 0.013 0.020 0.063 0.499 
 147 R _   0.009 0.366 0.001 0.032 0.012 0.020 0.062 0.498 
 148 T _   0.009 0.367 0.001 0.031 0.012 0.020 0.060 0.499 
 149 L _   0.010 0.367 0.001 0.030 0.012 0.020 0.059 0.502 
 150 V _   0.010 0.363 0.001 0.029 0.011 0.019 0.059 0.508 
 151 I _   0.010 0.358 0.001 0.028 0.011 0.018 0.058 0.516 
 152 K _   0.010 0.350 0.001 0.027 0.010 0.018 0.058 0.526 
 153 E _   0.010 0.339 0.001 0.026 0.010 0.017 0.058 0.539 
 154 V _   0.010 0.325 0.001 0.026 0.009 0.016 0.058 0.555 
 155 S _   0.010 0.307 0.001 0.025 0.009 0.015 0.059 0.574 
 156 S _   0.009 0.287 0.001 0.024 0.009 0.015 0.060 0.596 
 157 E _   0.009 0.265 0.001 0.023 0.008 0.014 0.061 0.619 
 158 D _   0.009 0.241 0.001 0.022 0.008 0.013 0.062 0.645 
 159 I _   0.009 0.215 0.001 0.020 0.007 0.013 0.063 0.672 
 160 A _   0.009 0.189 0.001 0.018 0.006 0.012 0.064 0.700 
 161 D _   0.009 0.163 0.001 0.016 0.006 0.012 0.066 0.729 
 162 M _   0.008 0.139 0.001 0.014 0.005 0.011 0.067 0.756 
 163 H _   0.008 0.118 0.001 0.012 0.004 0.011 0.068 0.779 
 164 S _   0.008 0.102 0.001 0.010 0.004 0.010 0.069 0.797 
 165 N _   0.007 0.091 0.000 0.008 0.003 0.010 0.069 0.810 
 166 L _   0.007 0.084 0.000 0.008 0.003 0.011 0.069 0.817 
 167 S _   0.007 0.080 0.000 0.008 0.003 0.011 0.069 0.821 
 168 N _   0.008 0.078 0.000 0.008 0.004 0.012 0.069 0.820 
 169 Y _   0.008 0.078 0.000 0.009 0.004 0.013 0.069 0.817 
 170 H _   0.009 0.080 0.001 0.011 0.005 0.015 0.069 0.811 
 171 Q _   0.009 0.082 0.001 0.013 0.006 0.016 0.068 0.804 
 172 Y _   0.010 0.085 0.001 0.014 0.007 0.018 0.068 0.797 
 173 I _   0.011 0.088 0.001 0.015 0.007 0.019 0.067 0.791 
 174 V _   0.012 0.090 0.001 0.015 0.008 0.021 0.067 0.787 
 175 K _   0.013 0.092 0.001 0.015 0.008 0.022 0.067 0.783 
 176 C _   0.014 0.094 0.001 0.014 0.008 0.024 0.066 0.778 
 177 H _   0.016 0.096 0.001 0.013 0.009 0.027 0.066 0.771 
 178 G _   0.019 0.100 0.001 0.013 0.011 0.030 0.066 0.759 
 179 N _   0.023 0.106 0.001 0.015 0.014 0.033 0.065 0.742 
 180 T _   0.027 0.117 0.001 0.018 0.018 0.037 0.065 0.718 
 181 L _   0.030 0.132 0.002 0.024 0.022 0.040 0.064 0.686 
 182 L _   0.033 0.150 0.002 0.032 0.027 0.042 0.064 0.651 
 183 P _   0.036 0.167 0.002 0.041 0.029 0.042 0.064 0.619 
 184 Q _   0.036 0.179 0.002 0.050 0.031 0.041 0.065 0.596 
 185 F _   0.035 0.186 0.002 0.056 0.030 0.039 0.066 0.585 
 186 L _   0.034 0.187 0.002 0.059 0.028 0.036 0.068 0.586 
 187 G _   0.031 0.181 0.002 0.057 0.025 0.033 0.071 0.600 
 188 M _   0.028 0.167 0.002 0.051 0.021 0.029 0.075 0.628 
 189 Y _   0.025 0.141 0.002 0.041 0.017 0.025 0.079 0.670 
 190 R _   0.022 0.106 0.001 0.029 0.012 0.021 0.084 0.725 
 191 V _   0.018 0.067 0.001 0.019 0.008 0.017 0.088 0.781 
 192 S _   0.015 0.037 0.001 0.010 0.005 0.015 0.092 0.825 
 193 V _   0.012 0.021 0.000 0.005 0.003 0.013 0.094 0.851 
 194 D _   0.010 0.014 0.000 0.003 0.002 0.012 0.096 0.861 
 195 N _   0.010 0.013 0.000 0.002 0.002 0.013 0.096 0.862 
 196 E _   0.012 0.014 0.000 0.003 0.003 0.016 0.097 0.854 
 197 D _   0.016 0.019 0.001 0.006 0.006 0.021 0.097 0.835 
 198 S _   0.021 0.037 0.001 0.012 0.011 0.027 0.096 0.795 
 199 Y _   0.025 0.075 0.002 0.024 0.017 0.033 0.094 0.730 
 200 M _   0.027 0.129 0.002 0.038 0.023 0.037 0.093 0.651 
 201 L _   0.027 0.177 0.002 0.052 0.027 0.039 0.092 0.584 
 202 V _   0.027 0.208 0.002 0.062 0.029 0.039 0.091 0.542 
 203 M _   0.027 0.224 0.002 0.067 0.029 0.038 0.092 0.521 
 204 R _   0.026 0.230 0.002 0.067 0.028 0.036 0.094 0.517 
 205 N _   0.025 0.228 0.002 0.063 0.026 0.034 0.097 0.526 
 206 M _   0.024 0.220 0.002 0.055 0.023 0.031 0.100 0.545 
 207 F _   0.022 0.203 0.002 0.047 0.020 0.028 0.105 0.573 
 208 S _   0.021 0.180 0.002 0.038 0.017 0.025 0.111 0.607 
 209 H _   0.020 0.151 0.001 0.030 0.013 0.022 0.117 0.645 
 210 R _   0.018 0.122 0.001 0.024 0.011 0.020 0.124 0.681 
 211 L _   0.017 0.096 0.001 0.019 0.008 0.018 0.130 0.712 
 212 P _   0.015 0.076 0.001 0.015 0.006 0.015 0.135 0.736 
 213 V _   0.013 0.060 0.001 0.012 0.005 0.013 0.140 0.755 
 214 H _   0.012 0.048 0.001 0.010 0.004 0.012 0.144 0.769 
 215 R _   0.010 0.040 0.000 0.009 0.004 0.011 0.147 0.778 
 216 K _   0.009 0.035 0.000 0.008 0.003 0.010 0.150 0.784 
 217 Y _   0.008 0.031 0.000 0.008 0.003 0.009 0.153 0.787 
 218 D _   0.008 0.028 0.000 0.008 0.003 0.009 0.155 0.788 
 219 L _   0.008 0.027 0.000 0.009 0.003 0.009 0.157 0.787 
 220 K _   0.007 0.026 0.000 0.010 0.003 0.009 0.159 0.785 
 221 G _   0.007 0.025 0.000 0.012 0.003 0.009 0.160 0.783 
 222 S _   0.007 0.024 0.000 0.013 0.004 0.009 0.162 0.781 
 223 L _   0.007 0.023 0.000 0.014 0.004 0.008 0.164 0.780 
 224 V _   0.007 0.021 0.000 0.013 0.003 0.008 0.166 0.781 
 225 S _   0.006 0.019 0.000 0.012 0.003 0.007 0.168 0.784 
 226 R _   0.006 0.017 0.000 0.011 0.003 0.007 0.169 0.788 
 227 E _   0.005 0.015 0.000 0.009 0.002 0.006 0.170 0.792 
 228 A _   0.005 0.013 0.000 0.007 0.002 0.006 0.171 0.796 
 229 S _   0.004 0.012 0.000 0.006 0.002 0.005 0.171 0.800 
 230 D _   0.004 0.011 0.000 0.005 0.002 0.005 0.171 0.801 
 231 K _   0.004 0.011 0.000 0.005 0.002 0.005 0.171 0.801 
 232 E _   0.004 0.012 0.000 0.007 0.002 0.006 0.170 0.799 
 233 K _   0.004 0.014 0.000 0.009 0.002 0.007 0.169 0.794 
 234 V _   0.005 0.017 0.000 0.012 0.003 0.008 0.167 0.787 
 235 K _   0.005 0.021 0.000 0.017 0.004 0.009 0.165 0.778 
 236 E _   0.005 0.024 0.001 0.022 0.005 0.010 0.164 0.770 
 237 L _   0.006 0.027 0.001 0.025 0.005 0.010 0.163 0.763 
 238 P _   0.006 0.028 0.001 0.027 0.006 0.011 0.162 0.760 
 239 T _   0.006 0.028 0.001 0.027 0.006 0.010 0.162 0.760 
 240 L _   0.006 0.027 0.001 0.025 0.005 0.010 0.163 0.765 
 241 K _   0.006 0.024 0.001 0.021 0.004 0.009 0.163 0.771 
 242 D _   0.005 0.021 0.000 0.017 0.004 0.008 0.165 0.780 
 243 M _   0.005 0.016 0.000 0.013 0.003 0.007 0.166 0.788 
 244 D _   0.005 0.013 0.000 0.010 0.003 0.006 0.167 0.796 
 245 F _   0.005 0.009 0.000 0.007 0.002 0.006 0.168 0.802 
 246 L _   0.005 0.007 0.000 0.006 0.002 0.005 0.168 0.807 
 247 N _   0.005 0.006 0.000 0.005 0.002 0.005 0.168 0.809 
 248 K _   0.005 0.005 0.000 0.005 0.002 0.005 0.168 0.811 
 249 N _   0.005 0.005 0.000 0.005 0.002 0.006 0.167 0.811 
 250 Q _   0.005 0.005 0.000 0.006 0.002 0.006 0.165 0.811 
 251 K _   0.005 0.005 0.000 0.007 0.002 0.007 0.163 0.810 
 252 V _   0.005 0.006 0.000 0.008 0.003 0.007 0.161 0.809 
 253 Y _   0.005 0.007 0.000 0.010 0.003 0.008 0.159 0.808 
 254 I _   0.005 0.008 0.000 0.011 0.003 0.009 0.156 0.807 
 255 G _   0.005 0.009 0.000 0.013 0.004 0.009 0.153 0.806 
 256 E _   0.005 0.010 0.000 0.014 0.004 0.010 0.151 0.805 
 257 E _   0.006 0.011 0.001 0.015 0.004 0.010 0.148 0.805 
 258 E _   0.006 0.011 0.001 0.015 0.005 0.011 0.146 0.805 
 259 K _   0.006 0.011 0.001 0.016 0.005 0.011 0.144 0.806 
 260 K _   0.006 0.011 0.001 0.015 0.005 0.012 0.142 0.807 
 261 I _   0.007 0.011 0.001 0.015 0.005 0.012 0.141 0.809 
 262 F _   0.007 0.010 0.001 0.014 0.005 0.013 0.139 0.811 
 263 L _   0.008 0.009 0.001 0.013 0.005 0.013 0.138 0.813 
 264 E _   0.009 0.008 0.001 0.012 0.005 0.014 0.137 0.815 
 265 K _   0.010 0.006 0.001 0.011 0.005 0.015 0.136 0.817 
 266 L _   0.012 0.005 0.001 0.009 0.005 0.017 0.135 0.817 
 267 K _   0.014 0.004 0.001 0.008 0.005 0.018 0.134 0.815 
 268 R _   0.018 0.003 0.001 0.008 0.006 0.021 0.133 0.810 
 269 D _   0.024 0.003 0.001 0.008 0.007 0.024 0.132 0.801 
 270 V _   0.033 0.002 0.001 0.008 0.009 0.027 0.131 0.789 
 271 E _   0.043 0.002 0.001 0.009 0.010 0.031 0.130 0.774 
 272 F _   0.055 0.002 0.001 0.009 0.012 0.035 0.130 0.757 
 273 L _   0.069 0.002 0.001 0.010 0.014 0.038 0.129 0.737 
 274 V _   0.085 0.001 0.001 0.009 0.015 0.041 0.129 0.718 
 275 Q _   0.102 0.001 0.001 0.008 0.016 0.044 0.128 0.698 
 276 L _   0.120 0.001 0.001 0.007 0.018 0.046 0.128 0.679 
 277 K _   0.138 0.001 0.001 0.006 0.019 0.049 0.128 0.658 
 278 I _   0.158 0.001 0.001 0.005 0.021 0.052 0.129 0.634 
 279 M _   0.177 0.001 0.001 0.005 0.025 0.054 0.130 0.608 
 280 D _   0.195 0.001 0.002 0.005 0.029 0.057 0.131 0.580 
 281 Y _   0.210 0.003 0.002 0.007 0.035 0.058 0.133 0.552 
 282 S _   0.221 0.005 0.002 0.010 0.040 0.059 0.137 0.526 
 283 L _   0.225 0.010 0.002 0.015 0.044 0.059 0.141 0.504 
 284 L _   0.221 0.015 0.002 0.022 0.046 0.056 0.147 0.491 
 285 L _   0.211 0.019 0.003 0.028 0.045 0.053 0.154 0.489 
 286 G _   0.194 0.021 0.003 0.033 0.041 0.048 0.163 0.497 
 287 I _   0.172 0.022 0.002 0.035 0.036 0.043 0.174 0.517 
 288 H _   0.147 0.021 0.002 0.033 0.028 0.037 0.185 0.547 
 289 D _   0.121 0.018 0.002 0.028 0.021 0.031 0.197 0.582 
 290 I _   0.095 0.014 0.001 0.022 0.014 0.025 0.210 0.620 
 291 I _   0.072 0.009 0.001 0.015 0.009 0.019 0.221 0.654 
 292 R _   0.052 0.006 0.001 0.010 0.005 0.014 0.230 0.682 
 293 G _   0.036 0.003 0.000 0.007 0.003 0.011 0.238 0.702 
 294 S _   0.024 0.002 0.000 0.005 0.002 0.008 0.243 0.715 
 295 E _   0.017 0.001 0.000 0.004 0.002 0.007 0.248 0.722 
 296 P _   0.012 0.001 0.000 0.003 0.001 0.006 0.251 0.726 
 297 E _   0.009 0.001 0.000 0.003 0.001 0.005 0.252 0.727 
 298 E _   0.007 0.002 0.000 0.004 0.001 0.005 0.253 0.728 
 299 E _   0.006 0.003 0.000 0.004 0.001 0.005 0.253 0.727 
 300 A _   0.005 0.004 0.000 0.005 0.001 0.005 0.252 0.727 
 301 P _   0.005 0.006 0.000 0.006 0.002 0.006 0.250 0.726 
 302 V _   0.005 0.009 0.000 0.008 0.002 0.006 0.247 0.724 
 303 R _   0.004 0.012 0.000 0.009 0.002 0.006 0.243 0.723 
 304 E _   0.004 0.016 0.000 0.010 0.002 0.006 0.239 0.722 
 305 D _   0.004 0.020 0.000 0.010 0.002 0.007 0.235 0.721 
 306 E _   0.004 0.025 0.000 0.011 0.002 0.007 0.230 0.721 
 307 S _   0.004 0.030 0.000 0.011 0.002 0.007 0.225 0.721 
 308 E _   0.004 0.036 0.000 0.011 0.002 0.007 0.219 0.721 
 309 V _   0.004 0.043 0.000 0.011 0.003 0.007 0.212 0.720 
 310 D _   0.004 0.053 0.000 0.012 0.003 0.008 0.205 0.716 
 311 G _   0.004 0.065 0.000 0.013 0.003 0.009 0.196 0.709 
 312 D _   0.004 0.081 0.001 0.015 0.004 0.010 0.187 0.698 
 313 C _   0.005 0.104 0.001 0.018 0.005 0.012 0.176 0.679 
 314 S _   0.005 0.135 0.001 0.022 0.007 0.013 0.165 0.652 
 315 L _   0.005 0.174 0.001 0.028 0.008 0.015 0.152 0.616 
 316 T _   0.006 0.218 0.001 0.033 0.010 0.016 0.140 0.576 
 317 G _   0.006 0.261 0.001 0.038 0.011 0.016 0.130 0.537 
 318 P _   0.006 0.297 0.001 0.042 0.011 0.016 0.122 0.506 
 319 P _   0.006 0.323 0.001 0.044 0.011 0.016 0.115 0.485 
 320 A _   0.006 0.338 0.001 0.044 0.011 0.015 0.111 0.475 
 321 L _   0.006 0.346 0.001 0.042 0.010 0.015 0.107 0.473 
 322 V _   0.006 0.348 0.001 0.038 0.009 0.014 0.105 0.479 
 323 G _   0.006 0.345 0.001 0.033 0.008 0.013 0.103 0.490 
 324 S _   0.006 0.338 0.001 0.027 0.007 0.013 0.102 0.506 
 325 Y _   0.006 0.329 0.001 0.023 0.007 0.012 0.101 0.522 
 326 G _   0.006 0.319 0.001 0.019 0.006 0.012 0.100 0.537 
 327 T _   0.006 0.311 0.001 0.017 0.006 0.012 0.100 0.548 
 328 S _   0.006 0.305 0.001 0.016 0.006 0.013 0.099 0.554 
 329 P _   0.007 0.301 0.001 0.017 0.006 0.013 0.099 0.557 
 330 E _   0.007 0.298 0.001 0.020 0.007 0.013 0.098 0.556 
 331 G _   0.007 0.296 0.001 0.022 0.007 0.013 0.098 0.555 
 332 I _   0.007 0.293 0.001 0.025 0.008 0.013 0.098 0.555 
 333 G _   0.008 0.286 0.001 0.028 0.008 0.013 0.098 0.559 
 334 G _   0.007 0.275 0.001 0.028 0.008 0.013 0.099 0.569 
 335 Y _   0.007 0.259 0.001 0.026 0.008 0.012 0.100 0.587 
 336 I _   0.007 0.236 0.001 0.024 0.007 0.011 0.102 0.612 
 337 H _   0.007 0.207 0.001 0.020 0.006 0.011 0.104 0.645 
 338 S _   0.006 0.176 0.001 0.015 0.005 0.010 0.106 0.680 
 339 H _   0.006 0.150 0.001 0.011 0.004 0.010 0.108 0.710 
 340 R _   0.006 0.133 0.000 0.008 0.003 0.010 0.109 0.731 
 341 P _   0.005 0.123 0.000 0.007 0.003 0.010 0.110 0.741 
 342 L _   0.006 0.119 0.000 0.006 0.003 0.011 0.111 0.744 
 343 G _   0.006 0.119 0.000 0.007 0.003 0.012 0.111 0.740 
 344 P _   0.007 0.123 0.000 0.009 0.004 0.014 0.110 0.731 
 345 G _   0.009 0.131 0.001 0.013 0.006 0.016 0.110 0.714 
 346 E _   0.010 0.143 0.001 0.018 0.008 0.019 0.109 0.692 
 347 F _   0.011 0.156 0.001 0.024 0.011 0.021 0.108 0.668 
 348 E _   0.012 0.169 0.001 0.031 0.013 0.023 0.107 0.644 
 349 S _   0.013 0.179 0.001 0.037 0.015 0.024 0.107 0.624 
 350 F _   0.013 0.185 0.001 0.042 0.016 0.024 0.108 0.610 
 351 I _   0.014 0.188 0.001 0.046 0.017 0.024 0.109 0.602 
 352 D _   0.014 0.186 0.001 0.047 0.017 0.023 0.111 0.601 
 353 V _   0.014 0.180 0.001 0.046 0.016 0.022 0.113 0.607 
 354 Y _   0.014 0.168 0.001 0.043 0.014 0.020 0.117 0.623 
 355 A _   0.014 0.148 0.001 0.037 0.012 0.019 0.121 0.647 
 356 I _   0.013 0.119 0.001 0.030 0.011 0.017 0.126 0.682 
 357 R _   0.012 0.085 0.001 0.023 0.008 0.016 0.132 0.723 
 358 S _   0.012 0.052 0.001 0.015 0.006 0.014 0.137 0.763 
 359 A _   0.011 0.028 0.001 0.009 0.004 0.013 0.141 0.793 
 360 E _   0.010 0.013 0.000 0.006 0.003 0.013 0.143 0.812 
 361 G _   0.011 0.006 0.000 0.003 0.002 0.013 0.145 0.819 
 362 A _   0.013 0.004 0.000 0.002 0.002 0.014 0.146 0.818 
 363 P _   0.018 0.004 0.000 0.002 0.003 0.018 0.146 0.809 
 364 Q _   0.026 0.004 0.000 0.003 0.005 0.023 0.146 0.792 
 365 K _   0.040 0.008 0.001 0.005 0.009 0.032 0.146 0.760 
 366 E _   0.056 0.020 0.001 0.009 0.018 0.042 0.145 0.709 
 367 V _   0.072 0.046 0.002 0.017 0.031 0.052 0.143 0.637 
 368 Y _   0.084 0.089 0.003 0.028 0.043 0.059 0.142 0.552 
 369 F _   0.092 0.137 0.003 0.040 0.051 0.062 0.142 0.472 
 370 M _   0.094 0.177 0.003 0.053 0.054 0.062 0.143 0.413 
 371 G _   0.094 0.202 0.003 0.063 0.054 0.059 0.146 0.380 
 372 L _   0.091 0.213 0.003 0.070 0.051 0.055 0.150 0.368 
 373 I _   0.085 0.215 0.003 0.070 0.046 0.050 0.156 0.374 
 374 D _   0.077 0.208 0.003 0.066 0.040 0.044 0.165 0.398 
 375 I _   0.067 0.189 0.003 0.056 0.032 0.038 0.175 0.440 
 376 L _   0.057 0.155 0.002 0.044 0.024 0.031 0.187 0.500 
 377 T _   0.046 0.109 0.002 0.030 0.016 0.025 0.200 0.572 
 378 Q _   0.035 0.063 0.001 0.018 0.010 0.019 0.213 0.642 
 379 Y _   0.024 0.030 0.001 0.010 0.006 0.014 0.222 0.693 
 380 D _   0.016 0.015 0.000 0.005 0.003 0.010 0.228 0.721 
 381 A _   0.011 0.008 0.000 0.003 0.002 0.008 0.232 0.735 
 382 K _   0.008 0.006 0.000 0.002 0.001 0.007 0.235 0.740 
 383 K _   0.006 0.006 0.000 0.002 0.001 0.006 0.237 0.741 
 384 K _   0.006 0.006 0.000 0.003 0.002 0.007 0.238 0.738 
 385 A _   0.006 0.009 0.000 0.005 0.002 0.008 0.238 0.733 
 386 A _   0.006 0.013 0.000 0.008 0.003 0.009 0.237 0.723 
 387 H _   0.006 0.020 0.000 0.012 0.004 0.011 0.236 0.710 
 388 A _   0.007 0.029 0.001 0.017 0.005 0.013 0.235 0.694 
 389 A _   0.007 0.038 0.001 0.021 0.007 0.014 0.234 0.679 
 390 K _   0.007 0.046 0.001 0.025 0.008 0.015 0.233 0.666 
 391 T _   0.007 0.052 0.001 0.027 0.008 0.016 0.233 0.656 
 392 V _   0.008 0.055 0.001 0.029 0.009 0.017 0.233 0.648 
 393 K _   0.008 0.057 0.001 0.030 0.010 0.018 0.235 0.642 
 394 H _   0.009 0.058 0.001 0.029 0.010 0.018 0.237 0.638 
 395 G _   0.010 0.057 0.001 0.029 0.010 0.018 0.240 0.635 
 396 A _   0.011 0.055 0.001 0.028 0.010 0.019 0.244 0.633 
 397 G _   0.011 0.052 0.001 0.026 0.010 0.018 0.249 0.632 
 398 A _   0.012 0.048 0.001 0.024 0.010 0.018 0.255 0.633 
 399 E _   0.012 0.042 0.001 0.021 0.009 0.018 0.261 0.636 
 400 I _   0.012 0.036 0.001 0.019 0.008 0.017 0.267 0.639 
 401 S _   0.013 0.029 0.001 0.016 0.008 0.017 0.274 0.643 
 402 T _   0.013 0.022 0.001 0.013 0.007 0.017 0.281 0.646 
 403 V _   0.014 0.015 0.001 0.011 0.006 0.017 0.288 0.649 
 404 H _   0.016 0.009 0.001 0.008 0.005 0.017 0.295 0.648 
 405 P _   0.018 0.006 0.001 0.007 0.005 0.017 0.302 0.645 
 406 E _   0.023 0.003 0.001 0.005 0.005 0.018 0.307 0.638 
 407 Q _   0.029 0.002 0.001 0.004 0.005 0.020 0.313 0.628 
 408 Y _   0.038 0.001 0.001 0.003 0.005 0.022 0.318 0.612 
 409 A _   0.051 0.001 0.001 0.003 0.007 0.026 0.323 0.590 
 410 K _   0.066 0.001 0.001 0.003 0.010 0.030 0.328 0.562 
 411 R _   0.085 0.001 0.001 0.003 0.014 0.035 0.334 0.527 
 412 F _   0.103 0.002 0.001 0.004 0.021 0.040 0.341 0.489 
 413 L _   0.117 0.006 0.002 0.005 0.028 0.043 0.349 0.450 
 414 D _   0.123 0.012 0.002 0.008 0.034 0.044 0.361 0.416 
 415 F _   0.122 0.023 0.002 0.013 0.035 0.041 0.378 0.385 
 416 I X   0.110 0.033 0.002 0.018 0.031 0.035 0.400 0.370 
 417 T X   0.089 0.039 0.002 0.020 0.020 0.026 0.428 0.374 
 418 N X   0.064 0.041 0.001 0.017 0.008 0.017 0.453 0.399 
 419 I X   0.039 0.039 0.000 0.013 0.003 0.011 0.465 0.431 
 420 F X   0.026 0.034 0.000 0.011 0.002 0.009 0.467 0.452 
 421 A X   0.029 0.031 0.002 0.015 0.007 0.011 0.457 0.447 
