#TopoPred_TM8: 8-state transmembrane topology prediction results by no_profile mode 
#probabilities are in the order of H E C I L F X _, the 8 transmembrane topology types used in PDBTM 
   1 M X   0.007 0.001 0.002 0.040 0.008 0.007 0.870 0.065 
   2 A X   0.003 0.000 0.000 0.023 0.002 0.004 0.897 0.071 
   3 L X   0.001 0.000 0.000 0.013 0.001 0.002 0.906 0.076 
   4 R X   0.001 0.000 0.000 0.009 0.000 0.002 0.907 0.080 
   5 R X   0.001 0.000 0.000 0.007 0.000 0.002 0.906 0.083 
   6 S X   0.002 0.000 0.000 0.005 0.001 0.003 0.903 0.087 
   7 M X   0.002 0.000 0.000 0.004 0.001 0.003 0.900 0.090 
   8 G X   0.002 0.000 0.000 0.004 0.001 0.003 0.895 0.095 
   9 R X   0.002 0.000 0.000 0.004 0.001 0.003 0.891 0.100 
  10 P X   0.002 0.000 0.000 0.003 0.001 0.003 0.885 0.106 
  11 G X   0.002 0.000 0.000 0.003 0.001 0.002 0.878 0.113 
  12 L X   0.002 0.000 0.000 0.003 0.001 0.002 0.870 0.122 
  13 P X   0.002 0.000 0.000 0.002 0.001 0.002 0.861 0.132 
  14 P X   0.002 0.000 0.000 0.002 0.001 0.002 0.849 0.144 
  15 L X   0.002 0.000 0.000 0.001 0.001 0.002 0.834 0.159 
  16 P X   0.003 0.000 0.000 0.001 0.001 0.002 0.815 0.177 
  17 L X   0.006 0.000 0.000 0.001 0.001 0.003 0.790 0.198 
  18 P X   0.013 0.000 0.000 0.001 0.001 0.005 0.757 0.222 
  19 P X   0.031 0.000 0.000 0.002 0.003 0.010 0.710 0.244 
  20 P X   0.072 0.000 0.001 0.002 0.006 0.018 0.645 0.257 
  21 P X   0.143 0.000 0.001 0.003 0.011 0.030 0.560 0.252 
  22 R X   0.241 0.000 0.002 0.003 0.020 0.043 0.465 0.226 
  23 L X   0.341 0.000 0.002 0.004 0.034 0.055 0.376 0.188 
  24 G H   0.425 0.000 0.003 0.005 0.048 0.063 0.307 0.149 
  25 L H   0.487 0.000 0.003 0.006 0.059 0.065 0.260 0.120 
  26 L H   0.530 0.001 0.003 0.007 0.065 0.064 0.229 0.102 
  27 L H   0.559 0.001 0.003 0.008 0.067 0.061 0.208 0.093 
  28 A H   0.576 0.002 0.003 0.008 0.066 0.056 0.195 0.095 
  29 A H   0.581 0.002 0.003 0.009 0.063 0.051 0.184 0.108 
  30 L H   0.575 0.002 0.003 0.008 0.058 0.045 0.176 0.134 
  31 A H   0.555 0.001 0.002 0.006 0.051 0.040 0.170 0.174 
  32 S H   0.520 0.001 0.002 0.005 0.041 0.035 0.166 0.231 
  33 L H   0.469 0.000 0.002 0.004 0.031 0.029 0.163 0.302 
  34 L H   0.405 0.000 0.002 0.003 0.021 0.025 0.161 0.383 
  35 L _   0.336 0.000 0.001 0.002 0.014 0.021 0.160 0.465 
  36 P _   0.269 0.000 0.001 0.002 0.009 0.018 0.160 0.541 
  37 E _   0.210 0.000 0.001 0.002 0.007 0.016 0.159 0.605 
  38 S _   0.163 0.000 0.001 0.002 0.005 0.015 0.159 0.655 
  39 A _   0.128 0.000 0.001 0.003 0.005 0.014 0.158 0.692 
  40 A _   0.101 0.000 0.001 0.003 0.005 0.014 0.157 0.719 
  41 A _   0.081 0.000 0.001 0.004 0.005 0.014 0.156 0.739 
  42 G _   0.066 0.001 0.001 0.005 0.005 0.015 0.154 0.752 
  43 L _   0.055 0.001 0.001 0.007 0.006 0.015 0.153 0.762 
  44 K _   0.046 0.002 0.001 0.009 0.006 0.016 0.151 0.769 
  45 L _   0.039 0.003 0.001 0.011 0.007 0.016 0.150 0.775 
  46 M _   0.033 0.003 0.001 0.012 0.007 0.016 0.148 0.780 
  47 G _   0.028 0.004 0.001 0.013 0.007 0.015 0.147 0.785 
  48 A _   0.024 0.004 0.001 0.013 0.007 0.015 0.145 0.791 
  49 P _   0.021 0.005 0.001 0.013 0.006 0.014 0.144 0.797 
  50 V _   0.019 0.005 0.001 0.012 0.006 0.013 0.143 0.802 
  51 K _   0.017 0.004 0.001 0.011 0.005 0.012 0.142 0.807 
  52 L _   0.015 0.004 0.001 0.010 0.005 0.011 0.141 0.813 
  53 T _   0.013 0.004 0.001 0.009 0.004 0.011 0.141 0.817 
  54 V _   0.012 0.004 0.000 0.008 0.004 0.010 0.140 0.822 
  55 S _   0.011 0.004 0.000 0.008 0.004 0.009 0.139 0.826 
  56 Q _   0.010 0.004 0.000 0.007 0.003 0.009 0.138 0.829 
  57 G _   0.009 0.004 0.000 0.007 0.003 0.008 0.137 0.832 
  58 Q _   0.008 0.004 0.000 0.007 0.003 0.008 0.135 0.834 
  59 P _   0.008 0.004 0.000 0.007 0.003 0.008 0.134 0.835 
  60 V _   0.008 0.005 0.000 0.007 0.003 0.008 0.132 0.836 
  61 K _   0.008 0.006 0.000 0.008 0.004 0.009 0.131 0.835 
  62 L _   0.008 0.007 0.000 0.010 0.004 0.009 0.129 0.834 
  63 N _   0.008 0.008 0.001 0.011 0.004 0.010 0.127 0.832 
  64 C _   0.008 0.010 0.001 0.013 0.005 0.010 0.125 0.829 
  65 S _   0.008 0.011 0.001 0.014 0.005 0.010 0.123 0.828 
  66 V _   0.008 0.012 0.001 0.015 0.005 0.010 0.121 0.827 
  67 E _   0.008 0.013 0.001 0.015 0.005 0.010 0.120 0.828 
  68 G _   0.008 0.013 0.001 0.015 0.005 0.010 0.119 0.830 
  69 M _   0.008 0.013 0.001 0.013 0.004 0.010 0.118 0.834 
  70 E _   0.007 0.013 0.000 0.012 0.004 0.009 0.116 0.838 
  71 E _   0.007 0.012 0.000 0.010 0.004 0.009 0.115 0.842 
  72 P _   0.007 0.012 0.000 0.009 0.003 0.009 0.114 0.845 
  73 D _   0.007 0.012 0.000 0.008 0.003 0.009 0.113 0.848 
  74 I _   0.007 0.012 0.000 0.008 0.003 0.009 0.112 0.849 
  75 Q _   0.007 0.012 0.000 0.008 0.003 0.009 0.111 0.849 
  76 W _   0.008 0.013 0.000 0.008 0.003 0.010 0.110 0.848 
  77 V _   0.008 0.014 0.000 0.009 0.004 0.010 0.108 0.846 
  78 K _   0.008 0.016 0.000 0.010 0.004 0.011 0.107 0.843 
  79 D _   0.008 0.019 0.001 0.011 0.005 0.012 0.105 0.840 
  80 G _   0.009 0.021 0.001 0.012 0.005 0.012 0.103 0.836 
  81 A _   0.009 0.024 0.001 0.014 0.006 0.013 0.102 0.832 
  82 V _   0.009 0.027 0.001 0.015 0.006 0.014 0.100 0.828 
  83 V _   0.010 0.029 0.001 0.016 0.006 0.014 0.099 0.825 
  84 Q _   0.010 0.031 0.001 0.016 0.007 0.015 0.097 0.823 
  85 N _   0.011 0.032 0.001 0.016 0.007 0.015 0.096 0.822 
  86 L _   0.011 0.033 0.001 0.015 0.007 0.016 0.095 0.822 
  87 D _   0.011 0.033 0.001 0.014 0.007 0.016 0.095 0.823 
  88 Q _   0.012 0.034 0.001 0.013 0.006 0.017 0.094 0.825 
  89 L _   0.012 0.034 0.001 0.011 0.006 0.017 0.093 0.826 
  90 Y _   0.013 0.034 0.001 0.010 0.006 0.018 0.092 0.827 
  91 I _   0.014 0.035 0.001 0.009 0.006 0.019 0.092 0.825 
  92 P _   0.016 0.038 0.001 0.009 0.007 0.021 0.091 0.819 
  93 V _   0.018 0.042 0.001 0.010 0.008 0.023 0.090 0.809 
  94 S _   0.021 0.049 0.001 0.012 0.010 0.026 0.089 0.792 
  95 E _   0.023 0.061 0.001 0.016 0.013 0.029 0.087 0.769 
  96 Q _   0.026 0.075 0.001 0.022 0.017 0.031 0.086 0.741 
  97 H _   0.028 0.092 0.002 0.030 0.020 0.033 0.085 0.712 
  98 W _   0.029 0.106 0.002 0.038 0.022 0.033 0.084 0.686 
  99 I _   0.029 0.118 0.002 0.045 0.023 0.033 0.084 0.667 
 100 G _   0.028 0.123 0.002 0.050 0.023 0.031 0.085 0.658 
 101 F _   0.027 0.124 0.002 0.051 0.021 0.029 0.086 0.660 
 102 L _   0.025 0.121 0.001 0.048 0.018 0.026 0.088 0.672 
 103 S _   0.023 0.111 0.001 0.042 0.015 0.023 0.090 0.695 
 104 L _   0.020 0.095 0.001 0.033 0.012 0.020 0.093 0.726 
 105 K _   0.017 0.073 0.001 0.024 0.009 0.016 0.096 0.763 
 106 S _   0.015 0.051 0.001 0.016 0.006 0.013 0.099 0.800 
 107 V _   0.012 0.032 0.001 0.010 0.004 0.011 0.101 0.829 
 108 E _   0.010 0.021 0.000 0.006 0.003 0.009 0.103 0.847 
 109 R _   0.009 0.016 0.000 0.005 0.002 0.008 0.104 0.857 
 110 S _   0.008 0.013 0.000 0.004 0.002 0.008 0.104 0.860 
 111 D _   0.008 0.013 0.000 0.005 0.002 0.008 0.104 0.860 
 112 A _   0.008 0.013 0.000 0.007 0.003 0.009 0.104 0.857 
 113 G _   0.008 0.014 0.000 0.010 0.003 0.009 0.103 0.852 
 114 R _   0.008 0.016 0.000 0.013 0.004 0.010 0.103 0.846 
 115 Y _   0.008 0.018 0.001 0.016 0.005 0.010 0.102 0.841 
 116 W _   0.007 0.019 0.001 0.017 0.005 0.010 0.101 0.839 
 117 C _   0.007 0.020 0.001 0.017 0.005 0.010 0.101 0.840 
 118 Q _   0.006 0.020 0.001 0.016 0.004 0.009 0.100 0.843 
 119 V _   0.006 0.019 0.000 0.013 0.004 0.009 0.100 0.849 
 120 E _   0.005 0.018 0.000 0.011 0.003 0.008 0.099 0.855 
 121 D _   0.005 0.017 0.000 0.008 0.003 0.008 0.099 0.860 
 122 G _   0.005 0.017 0.000 0.006 0.002 0.008 0.098 0.863 
 123 G _   0.005 0.018 0.000 0.006 0.002 0.009 0.097 0.863 
 124 E _   0.006 0.019 0.000 0.006 0.003 0.011 0.095 0.860 
 125 T _   0.008 0.023 0.000 0.007 0.003 0.013 0.094 0.853 
 126 E _   0.010 0.030 0.001 0.009 0.005 0.016 0.091 0.838 
 127 I _   0.012 0.043 0.001 0.012 0.007 0.021 0.089 0.816 
 128 S _   0.015 0.064 0.001 0.016 0.010 0.025 0.085 0.783 
 129 Q _   0.018 0.093 0.001 0.021 0.014 0.030 0.081 0.741 
 130 P _   0.021 0.128 0.002 0.026 0.019 0.035 0.077 0.692 
 131 V _   0.024 0.166 0.002 0.032 0.023 0.038 0.074 0.642 
 132 W _   0.026 0.201 0.002 0.037 0.027 0.041 0.070 0.597 
 133 L _   0.028 0.230 0.002 0.041 0.030 0.042 0.068 0.559 
 134 T _   0.029 0.252 0.002 0.046 0.032 0.043 0.066 0.531 
 135 V _   0.030 0.268 0.002 0.049 0.032 0.042 0.065 0.512 
 136 E _   0.031 0.277 0.002 0.052 0.032 0.041 0.064 0.502 
 137 G _   0.031 0.281 0.002 0.053 0.031 0.039 0.064 0.500 
 138 V _   0.030 0.278 0.002 0.053 0.028 0.036 0.065 0.508 
 139 P _   0.029 0.270 0.002 0.050 0.025 0.033 0.067 0.524 
 140 F _   0.028 0.255 0.002 0.046 0.022 0.030 0.069 0.549 
 141 F _   0.026 0.231 0.002 0.041 0.019 0.026 0.071 0.584 
 142 T _   0.024 0.197 0.002 0.035 0.015 0.023 0.074 0.629 
 143 V _   0.021 0.157 0.001 0.029 0.012 0.020 0.078 0.682 
 144 E _   0.018 0.114 0.001 0.022 0.009 0.017 0.082 0.737 
 145 P _   0.016 0.077 0.001 0.016 0.007 0.014 0.085 0.785 
 146 K _   0.013 0.050 0.001 0.011 0.005 0.012 0.087 0.823 
 147 D _   0.011 0.033 0.000 0.007 0.003 0.010 0.089 0.848 
 148 L _   0.009 0.023 0.000 0.005 0.002 0.008 0.089 0.862 
 149 A _   0.007 0.019 0.000 0.004 0.002 0.007 0.089 0.871 
 150 V _   0.007 0.017 0.000 0.004 0.002 0.007 0.089 0.875 
 151 P _   0.006 0.017 0.000 0.004 0.002 0.007 0.088 0.875 
 152 P _   0.007 0.018 0.000 0.005 0.002 0.008 0.087 0.873 
 153 N _   0.007 0.021 0.000 0.007 0.003 0.010 0.085 0.867 
 154 A _   0.008 0.025 0.000 0.010 0.004 0.011 0.083 0.858 
 155 P _   0.008 0.032 0.001 0.014 0.005 0.013 0.080 0.847 
 156 F _   0.009 0.039 0.001 0.018 0.006 0.014 0.077 0.836 
 157 Q _   0.009 0.045 0.001 0.022 0.007 0.015 0.075 0.826 
 158 L _   0.009 0.050 0.001 0.025 0.008 0.016 0.073 0.819 
 159 S _   0.009 0.053 0.001 0.026 0.008 0.016 0.071 0.817 
 160 C _   0.009 0.055 0.001 0.024 0.008 0.016 0.069 0.819 
 161 E _   0.009 0.055 0.001 0.022 0.007 0.016 0.067 0.824 
 162 A _   0.009 0.054 0.001 0.018 0.007 0.015 0.066 0.830 
 163 V _   0.009 0.052 0.001 0.015 0.006 0.016 0.065 0.838 
 164 G _   0.010 0.050 0.001 0.011 0.005 0.016 0.064 0.844 
 165 P _   0.010 0.049 0.001 0.009 0.005 0.017 0.062 0.847 
 166 P _   0.012 0.049 0.001 0.008 0.005 0.019 0.061 0.845 
 167 E _   0.014 0.052 0.001 0.009 0.007 0.022 0.059 0.837 
 168 P _   0.017 0.059 0.001 0.011 0.009 0.025 0.057 0.820 
 169 V _   0.021 0.071 0.001 0.016 0.013 0.029 0.055 0.794 
 170 T _   0.024 0.090 0.001 0.023 0.017 0.032 0.052 0.759 
 171 I _   0.026 0.115 0.002 0.033 0.021 0.035 0.050 0.720 
 172 V _   0.026 0.138 0.002 0.042 0.025 0.036 0.048 0.684 
 173 W _   0.026 0.154 0.002 0.051 0.026 0.035 0.046 0.661 
 174 W _   0.025 0.163 0.002 0.056 0.025 0.034 0.045 0.651 
 175 R _   0.022 0.166 0.002 0.057 0.024 0.031 0.044 0.653 
 176 G _   0.020 0.164 0.002 0.055 0.021 0.028 0.044 0.665 
 177 T _   0.018 0.156 0.002 0.049 0.018 0.025 0.044 0.688 
 178 T _   0.016 0.142 0.001 0.040 0.015 0.022 0.045 0.718 
 179 K _   0.014 0.123 0.001 0.031 0.011 0.019 0.046 0.754 
 180 I _   0.012 0.100 0.001 0.023 0.009 0.016 0.047 0.792 
 181 G _   0.011 0.079 0.001 0.016 0.006 0.014 0.048 0.825 
 182 G _   0.009 0.064 0.001 0.010 0.004 0.013 0.048 0.851 
 183 P _   0.008 0.054 0.000 0.007 0.003 0.012 0.048 0.867 
 184 A _   0.008 0.048 0.000 0.005 0.003 0.011 0.048 0.876 
 185 P _   0.008 0.047 0.000 0.005 0.003 0.012 0.047 0.878 
 186 S _   0.009 0.048 0.000 0.005 0.003 0.014 0.047 0.874 
 187 P _   0.011 0.053 0.001 0.007 0.005 0.017 0.045 0.861 
 188 S _   0.014 0.065 0.001 0.010 0.007 0.021 0.044 0.838 
 189 V _   0.018 0.090 0.001 0.015 0.012 0.027 0.041 0.797 
 190 L _   0.021 0.131 0.002 0.022 0.017 0.031 0.038 0.738 
 191 N _   0.023 0.186 0.002 0.030 0.022 0.035 0.035 0.666 
 192 V _   0.024 0.241 0.002 0.038 0.026 0.037 0.032 0.600 
 193 T _   0.024 0.284 0.002 0.045 0.028 0.038 0.030 0.550 
 194 G _   0.023 0.315 0.002 0.050 0.029 0.037 0.028 0.516 
 195 V _   0.023 0.333 0.002 0.053 0.028 0.037 0.027 0.498 
 196 T _   0.022 0.341 0.002 0.054 0.028 0.035 0.026 0.492 
 197 Q _   0.021 0.343 0.002 0.052 0.026 0.033 0.026 0.497 
 198 S _   0.020 0.337 0.002 0.049 0.024 0.031 0.026 0.512 
 199 T _   0.019 0.324 0.002 0.045 0.021 0.028 0.026 0.535 
 200 M _   0.018 0.304 0.002 0.040 0.019 0.026 0.026 0.566 
 201 F _   0.017 0.275 0.002 0.034 0.016 0.024 0.027 0.605 
 202 S _   0.016 0.240 0.001 0.029 0.013 0.022 0.028 0.651 
 203 C _   0.015 0.202 0.001 0.024 0.011 0.020 0.029 0.698 
 204 E _   0.014 0.166 0.001 0.020 0.009 0.018 0.030 0.741 
 205 A _   0.013 0.134 0.001 0.017 0.008 0.017 0.031 0.780 
 206 H _   0.012 0.107 0.001 0.013 0.006 0.016 0.032 0.812 
 207 N _   0.011 0.087 0.001 0.011 0.005 0.016 0.032 0.836 
 208 L _   0.011 0.073 0.001 0.009 0.005 0.015 0.032 0.853 
 209 K _   0.011 0.064 0.001 0.008 0.004 0.016 0.033 0.864 
 210 G _   0.012 0.058 0.001 0.008 0.004 0.016 0.032 0.869 
 211 L _   0.013 0.054 0.001 0.008 0.005 0.018 0.032 0.869 
 212 A _   0.014 0.052 0.001 0.009 0.006 0.019 0.032 0.867 
 213 S _   0.016 0.052 0.001 0.010 0.007 0.021 0.032 0.861 
 214 S _   0.018 0.053 0.001 0.012 0.008 0.023 0.031 0.853 
 215 R _   0.020 0.054 0.001 0.015 0.010 0.025 0.031 0.843 
 216 T _   0.022 0.056 0.001 0.017 0.012 0.027 0.030 0.833 
 217 A _   0.024 0.058 0.001 0.020 0.013 0.029 0.030 0.824 
 218 T _   0.026 0.060 0.001 0.022 0.015 0.030 0.030 0.817 
 219 V _   0.027 0.060 0.001 0.023 0.015 0.030 0.030 0.813 
 220 H _   0.029 0.059 0.001 0.023 0.015 0.030 0.030 0.812 
 221 L _   0.029 0.057 0.001 0.022 0.015 0.030 0.030 0.815 
 222 Q _   0.029 0.054 0.001 0.020 0.014 0.029 0.030 0.821 
 223 A _   0.029 0.051 0.001 0.018 0.013 0.028 0.030 0.828 
 224 L _   0.029 0.047 0.001 0.016 0.013 0.027 0.031 0.836 
 225 P _   0.028 0.044 0.001 0.015 0.012 0.027 0.031 0.843 
 226 A _   0.028 0.041 0.001 0.015 0.011 0.026 0.031 0.847 
 227 A _   0.027 0.039 0.001 0.016 0.011 0.025 0.032 0.849 
 228 P _   0.026 0.038 0.001 0.017 0.011 0.024 0.032 0.850 
 229 F _   0.026 0.036 0.001 0.019 0.011 0.023 0.033 0.852 
 230 N _   0.024 0.034 0.001 0.020 0.011 0.022 0.033 0.855 
 231 I _   0.022 0.031 0.001 0.020 0.010 0.020 0.034 0.862 
 232 T _   0.020 0.028 0.001 0.019 0.009 0.018 0.035 0.871 
 233 V _   0.018 0.023 0.001 0.016 0.007 0.016 0.035 0.884 
 234 T _   0.015 0.018 0.001 0.013 0.006 0.014 0.036 0.898 
 235 K _   0.013 0.013 0.001 0.009 0.005 0.012 0.036 0.911 
 236 L _   0.011 0.009 0.000 0.007 0.004 0.010 0.037 0.922 
 237 S _   0.010 0.007 0.000 0.005 0.003 0.010 0.037 0.929 
 238 S _   0.009 0.006 0.000 0.005 0.003 0.009 0.036 0.932 
 239 S _   0.009 0.005 0.000 0.005 0.003 0.009 0.036 0.932 
 240 N _   0.009 0.006 0.000 0.007 0.003 0.010 0.036 0.929 
 241 A _   0.010 0.007 0.000 0.009 0.004 0.011 0.035 0.923 
 242 S _   0.010 0.008 0.001 0.012 0.005 0.012 0.035 0.917 
 243 V _   0.011 0.010 0.001 0.015 0.006 0.013 0.034 0.911 
 244 A _   0.011 0.011 0.001 0.017 0.007 0.014 0.034 0.906 
 245 W _   0.011 0.012 0.001 0.017 0.007 0.014 0.033 0.905 
 246 M _   0.011 0.011 0.001 0.017 0.007 0.015 0.033 0.906 
 247 P _   0.011 0.011 0.001 0.015 0.006 0.015 0.032 0.910 
 248 G _   0.011 0.010 0.001 0.013 0.006 0.015 0.032 0.914 
 249 A _   0.011 0.008 0.001 0.010 0.005 0.015 0.032 0.918 
 250 D _   0.012 0.007 0.001 0.009 0.005 0.016 0.031 0.920 
 251 G _   0.013 0.007 0.001 0.008 0.005 0.017 0.031 0.919 
 252 R _   0.015 0.006 0.001 0.008 0.006 0.019 0.030 0.915 
 253 A _   0.018 0.007 0.001 0.009 0.007 0.021 0.030 0.908 
 254 L _   0.021 0.008 0.001 0.011 0.009 0.023 0.029 0.900 
 255 L _   0.023 0.009 0.001 0.014 0.010 0.025 0.028 0.889 
 256 Q _   0.026 0.010 0.001 0.018 0.012 0.027 0.028 0.879 
 257 S _   0.028 0.010 0.001 0.020 0.014 0.028 0.027 0.871 
 258 C _   0.031 0.011 0.001 0.021 0.014 0.029 0.027 0.867 
 259 T _   0.033 0.010 0.001 0.021 0.014 0.029 0.026 0.866 
 260 V _   0.035 0.009 0.001 0.019 0.013 0.029 0.026 0.868 
 261 Q _   0.039 0.007 0.001 0.015 0.012 0.028 0.026 0.872 
 262 V _   0.042 0.004 0.001 0.012 0.010 0.028 0.026 0.876 
 263 T _   0.048 0.003 0.001 0.008 0.009 0.028 0.025 0.879 
 264 Q _   0.054 0.001 0.001 0.006 0.008 0.029 0.025 0.876 
 265 A _   0.063 0.001 0.001 0.004 0.008 0.030 0.025 0.869 
 266 P _   0.075 0.000 0.001 0.004 0.008 0.032 0.024 0.855 
 267 G _   0.090 0.000 0.001 0.004 0.010 0.036 0.024 0.836 
 268 G _   0.108 0.000 0.001 0.004 0.012 0.040 0.023 0.811 
 269 W _   0.128 0.000 0.001 0.005 0.016 0.044 0.023 0.782 
 270 E _   0.147 0.001 0.001 0.007 0.020 0.049 0.022 0.754 
 271 V _   0.164 0.001 0.002 0.008 0.024 0.052 0.022 0.728 
 272 L _   0.177 0.001 0.002 0.009 0.027 0.055 0.022 0.707 
 273 A _   0.186 0.001 0.002 0.010 0.029 0.056 0.022 0.693 
 274 V _   0.193 0.001 0.002 0.009 0.030 0.057 0.022 0.686 
 275 V _   0.197 0.001 0.002 0.009 0.030 0.057 0.022 0.682 
 276 V _   0.199 0.001 0.002 0.008 0.029 0.057 0.022 0.682 
 277 P _   0.199 0.001 0.002 0.007 0.028 0.057 0.023 0.683 
 278 V _   0.196 0.001 0.002 0.007 0.028 0.057 0.023 0.686 
 279 P _   0.190 0.002 0.002 0.008 0.029 0.056 0.024 0.690 
 280 P _   0.183 0.002 0.002 0.009 0.030 0.055 0.025 0.694 
 281 F _   0.171 0.004 0.002 0.012 0.030 0.054 0.026 0.701 
 282 T _   0.156 0.005 0.002 0.014 0.029 0.052 0.028 0.714 
 283 C _   0.138 0.006 0.002 0.017 0.028 0.049 0.029 0.731 
 284 L _   0.120 0.007 0.002 0.019 0.025 0.045 0.031 0.752 
 285 L _   0.100 0.007 0.002 0.019 0.022 0.041 0.033 0.777 
 286 R _   0.082 0.007 0.001 0.018 0.018 0.036 0.034 0.803 
 287 D _   0.065 0.007 0.001 0.015 0.014 0.032 0.036 0.829 
 288 L _   0.051 0.007 0.001 0.013 0.011 0.028 0.038 0.852 
 289 V _   0.041 0.006 0.001 0.010 0.008 0.024 0.039 0.871 
 290 P _   0.033 0.006 0.001 0.008 0.007 0.022 0.040 0.884 
 291 A _   0.026 0.006 0.001 0.007 0.006 0.020 0.041 0.893 
 292 T _   0.022 0.007 0.001 0.008 0.006 0.019 0.041 0.896 
 293 N _   0.020 0.009 0.001 0.009 0.006 0.019 0.042 0.894 
 294 Y _   0.018 0.012 0.001 0.012 0.007 0.020 0.043 0.888 
 295 S _   0.018 0.017 0.001 0.016 0.008 0.020 0.043 0.877 
 296 L _   0.017 0.022 0.001 0.021 0.010 0.021 0.044 0.865 
 297 R _   0.017 0.027 0.001 0.027 0.011 0.021 0.044 0.853 
 298 V _   0.017 0.031 0.001 0.031 0.012 0.020 0.045 0.844 
 299 R _   0.016 0.033 0.001 0.033 0.012 0.019 0.046 0.840 
 300 C _   0.015 0.033 0.001 0.033 0.011 0.018 0.048 0.842 
 301 A _   0.014 0.032 0.001 0.030 0.010 0.016 0.049 0.848 
 302 N _   0.013 0.028 0.001 0.025 0.008 0.014 0.051 0.859 
 303 A _   0.012 0.023 0.001 0.019 0.006 0.012 0.053 0.873 
 304 L _   0.011 0.018 0.001 0.013 0.005 0.011 0.055 0.886 
 305 G _   0.010 0.013 0.000 0.009 0.003 0.009 0.057 0.898 
 306 P _   0.009 0.010 0.000 0.006 0.003 0.008 0.059 0.905 
 307 S _   0.009 0.008 0.000 0.005 0.002 0.008 0.060 0.908 
 308 P _   0.008 0.008 0.000 0.004 0.002 0.008 0.061 0.908 
 309 Y _   0.009 0.008 0.000 0.005 0.003 0.009 0.062 0.904 
 310 A _   0.010 0.009 0.000 0.007 0.003 0.010 0.063 0.898 
 311 D _   0.010 0.012 0.000 0.010 0.004 0.011 0.063 0.889 
 312 W _   0.011 0.016 0.001 0.013 0.005 0.012 0.064 0.878 
 313 V _   0.011 0.020 0.001 0.018 0.006 0.013 0.064 0.866 
 314 P _   0.011 0.024 0.001 0.021 0.007 0.014 0.064 0.857 
 315 F _   0.011 0.026 0.001 0.024 0.007 0.014 0.065 0.853 
 316 Q _   0.010 0.027 0.001 0.024 0.007 0.013 0.066 0.852 
 317 T _   0.009 0.027 0.001 0.023 0.007 0.012 0.067 0.855 
 318 K _   0.008 0.026 0.001 0.020 0.006 0.011 0.068 0.860 
 319 G _   0.008 0.024 0.001 0.016 0.005 0.010 0.070 0.867 
 320 L _   0.007 0.021 0.000 0.013 0.004 0.009 0.071 0.875 
 321 A _   0.006 0.019 0.000 0.010 0.003 0.008 0.072 0.881 
 322 P _   0.006 0.017 0.000 0.008 0.003 0.008 0.073 0.885 
 323 A _   0.006 0.016 0.000 0.007 0.002 0.007 0.074 0.888 
 324 S _   0.006 0.016 0.000 0.007 0.002 0.007 0.074 0.888 
 325 A _   0.006 0.016 0.000 0.007 0.003 0.008 0.074 0.887 
 326 P _   0.006 0.017 0.000 0.008 0.003 0.008 0.075 0.884 
 327 Q _   0.006 0.018 0.000 0.009 0.003 0.009 0.075 0.880 
 328 N _   0.006 0.020 0.000 0.010 0.004 0.009 0.074 0.876 
 329 L _   0.007 0.023 0.000 0.011 0.004 0.010 0.074 0.871 
 330 H _   0.007 0.025 0.001 0.012 0.004 0.011 0.074 0.867 
 331 A _   0.007 0.027 0.001 0.012 0.005 0.012 0.074 0.863 
 332 I _   0.007 0.030 0.001 0.013 0.005 0.013 0.073 0.858 
 333 R _   0.008 0.033 0.001 0.013 0.006 0.013 0.073 0.853 
 334 T _   0.009 0.036 0.001 0.014 0.006 0.015 0.073 0.847 
 335 D _   0.010 0.039 0.001 0.016 0.007 0.016 0.073 0.839 
 336 S _   0.011 0.043 0.001 0.018 0.008 0.017 0.073 0.829 
 337 G _   0.012 0.046 0.001 0.021 0.009 0.018 0.073 0.819 
 338 L _   0.014 0.050 0.001 0.024 0.010 0.019 0.073 0.809 
 339 I _   0.015 0.053 0.001 0.027 0.011 0.019 0.074 0.801 
 340 L _   0.015 0.054 0.001 0.028 0.011 0.019 0.075 0.796 
 341 E _   0.016 0.054 0.001 0.028 0.011 0.018 0.076 0.796 
 342 W _   0.016 0.052 0.001 0.026 0.010 0.017 0.078 0.800 
 343 E _   0.015 0.049 0.001 0.024 0.009 0.016 0.080 0.807 
 344 E _   0.014 0.044 0.001 0.021 0.008 0.015 0.082 0.816 
 345 V _   0.013 0.039 0.001 0.017 0.007 0.013 0.084 0.826 
 346 I _   0.013 0.033 0.001 0.014 0.005 0.012 0.086 0.836 
 347 P _   0.012 0.028 0.001 0.011 0.004 0.011 0.088 0.845 
 348 E _   0.011 0.024 0.000 0.009 0.004 0.010 0.090 0.852 
 349 A _   0.010 0.021 0.000 0.008 0.003 0.009 0.092 0.857 
 350 P _   0.009 0.018 0.000 0.007 0.003 0.009 0.093 0.860 
 351 L _   0.009 0.017 0.000 0.007 0.003 0.008 0.094 0.862 
 352 E _   0.008 0.016 0.000 0.007 0.003 0.008 0.094 0.863 
 353 G _   0.008 0.016 0.000 0.007 0.003 0.008 0.095 0.863 
 354 P _   0.007 0.017 0.000 0.009 0.003 0.009 0.095 0.860 
 355 L _   0.007 0.018 0.000 0.010 0.003 0.009 0.095 0.857 
 356 G _   0.008 0.019 0.000 0.012 0.004 0.009 0.095 0.853 
 357 P _   0.008 0.020 0.000 0.014 0.004 0.010 0.095 0.848 
 358 Y _   0.008 0.021 0.001 0.016 0.005 0.010 0.095 0.845 
 359 K _   0.007 0.022 0.001 0.017 0.005 0.010 0.095 0.843 
 360 L _   0.007 0.022 0.001 0.017 0.005 0.009 0.096 0.843 
 361 S _   0.007 0.021 0.001 0.016 0.004 0.009 0.097 0.847 
 362 W _   0.006 0.019 0.000 0.014 0.004 0.008 0.097 0.851 
 363 V _   0.006 0.017 0.000 0.011 0.003 0.007 0.098 0.857 
 364 Q _   0.005 0.015 0.000 0.009 0.002 0.006 0.098 0.863 
 365 D _   0.005 0.014 0.000 0.006 0.002 0.006 0.099 0.868 
 366 N _   0.005 0.013 0.000 0.005 0.002 0.006 0.098 0.871 
 367 G _   0.005 0.013 0.000 0.005 0.002 0.006 0.098 0.872 
 368 T _   0.005 0.014 0.000 0.005 0.002 0.007 0.097 0.871 
 369 Q _   0.005 0.016 0.000 0.006 0.002 0.008 0.095 0.866 
 370 D _   0.006 0.022 0.000 0.009 0.003 0.010 0.093 0.855 
 371 E _   0.007 0.032 0.001 0.015 0.005 0.012 0.091 0.838 
 372 L _   0.008 0.045 0.001 0.022 0.007 0.014 0.088 0.816 
 373 T _   0.008 0.060 0.001 0.030 0.008 0.016 0.085 0.792 
 374 V _   0.009 0.072 0.001 0.039 0.010 0.017 0.082 0.769 
 375 E _   0.009 0.081 0.001 0.047 0.011 0.018 0.080 0.753 
 376 G _   0.009 0.086 0.001 0.050 0.012 0.018 0.079 0.745 
 377 T _   0.009 0.087 0.001 0.051 0.011 0.017 0.078 0.746 
 378 R _   0.009 0.084 0.001 0.047 0.011 0.016 0.078 0.754 
 379 A _   0.008 0.076 0.001 0.041 0.009 0.015 0.079 0.770 
 380 N _   0.008 0.064 0.001 0.032 0.008 0.013 0.080 0.793 
 381 L _   0.008 0.048 0.001 0.023 0.006 0.012 0.081 0.821 
 382 T _   0.007 0.031 0.001 0.015 0.004 0.011 0.082 0.848 
 383 G _   0.007 0.017 0.000 0.009 0.003 0.010 0.083 0.870 
 384 W _   0.007 0.009 0.000 0.005 0.002 0.009 0.083 0.884 
 385 D _   0.007 0.004 0.000 0.003 0.002 0.010 0.083 0.890 
 386 P _   0.008 0.003 0.000 0.003 0.002 0.012 0.082 0.890 
 387 Q _   0.012 0.002 0.000 0.003 0.002 0.015 0.081 0.885 
 388 K _   0.018 0.003 0.000 0.003 0.004 0.021 0.079 0.872 
 389 D _   0.027 0.005 0.001 0.005 0.007 0.030 0.077 0.848 
 390 L _   0.041 0.012 0.001 0.009 0.014 0.040 0.074 0.809 
 391 I _   0.055 0.027 0.002 0.016 0.023 0.052 0.070 0.755 
 392 V _   0.068 0.051 0.002 0.025 0.034 0.062 0.066 0.692 
 393 R _   0.078 0.076 0.003 0.035 0.044 0.069 0.062 0.633 
 394 V _   0.085 0.097 0.003 0.043 0.052 0.074 0.059 0.588 
 395 C _   0.091 0.112 0.003 0.048 0.056 0.075 0.057 0.558 
 396 V _   0.093 0.121 0.003 0.050 0.058 0.075 0.056 0.545 
 397 S _   0.095 0.124 0.003 0.049 0.057 0.073 0.055 0.545 
 398 N _   0.094 0.123 0.003 0.045 0.053 0.070 0.055 0.557 
 399 A _   0.092 0.119 0.002 0.039 0.048 0.066 0.055 0.580 
 400 V _   0.088 0.111 0.002 0.034 0.041 0.061 0.056 0.608 
 401 G _   0.081 0.102 0.002 0.028 0.034 0.055 0.057 0.641 
 402 C _   0.073 0.091 0.002 0.024 0.027 0.050 0.058 0.676 
 403 G _   0.065 0.081 0.002 0.021 0.022 0.044 0.059 0.707 
 404 P _   0.056 0.072 0.001 0.019 0.018 0.039 0.060 0.734 
 405 W _   0.048 0.065 0.001 0.018 0.014 0.034 0.062 0.758 
 406 S _   0.040 0.058 0.001 0.018 0.012 0.030 0.063 0.778 
 407 Q _   0.033 0.052 0.001 0.017 0.010 0.026 0.064 0.796 
 408 P _   0.028 0.047 0.001 0.017 0.009 0.023 0.065 0.812 
 409 L _   0.023 0.041 0.001 0.016 0.007 0.019 0.066 0.826 
 410 V _   0.019 0.036 0.001 0.015 0.006 0.017 0.068 0.838 
 411 V _   0.016 0.031 0.001 0.014 0.005 0.014 0.068 0.850 
 412 S _   0.014 0.025 0.001 0.013 0.005 0.012 0.069 0.862 
 413 S _   0.012 0.020 0.001 0.012 0.004 0.011 0.070 0.872 
 414 H _   0.010 0.015 0.000 0.010 0.003 0.009 0.070 0.881 
 415 D _   0.009 0.011 0.000 0.009 0.003 0.008 0.070 0.890 
 416 R _   0.008 0.008 0.000 0.008 0.003 0.007 0.070 0.897 
 417 A _   0.007 0.005 0.000 0.006 0.002 0.006 0.070 0.903 
 418 G _   0.006 0.003 0.000 0.005 0.002 0.005 0.069 0.908 
 419 Q _   0.006 0.002 0.000 0.004 0.002 0.005 0.068 0.913 
 420 Q _   0.007 0.001 0.000 0.003 0.001 0.004 0.066 0.917 
 421 G _   0.008 0.000 0.000 0.003 0.001 0.004 0.064 0.920 
 422 P _   0.011 0.000 0.000 0.002 0.001 0.004 0.061 0.920 
 423 P _   0.018 0.000 0.000 0.002 0.002 0.005 0.057 0.916 
 424 H _   0.034 0.000 0.000 0.002 0.002 0.006 0.053 0.904 
 425 S _   0.064 0.000 0.000 0.002 0.003 0.007 0.047 0.877 
 426 R _   0.115 0.000 0.001 0.002 0.004 0.009 0.041 0.829 
 427 T _   0.191 0.000 0.001 0.001 0.006 0.010 0.033 0.758 
 428 S _   0.285 0.000 0.001 0.001 0.007 0.011 0.026 0.669 
 429 W _   0.387 0.000 0.001 0.001 0.008 0.011 0.020 0.573 
 430 V H   0.492 0.000 0.001 0.001 0.008 0.010 0.015 0.473 
 431 P H   0.592 0.000 0.001 0.001 0.008 0.009 0.011 0.378 
 432 V H   0.682 0.000 0.001 0.001 0.008 0.008 0.008 0.293 
 433 V H   0.759 0.000 0.001 0.000 0.007 0.006 0.006 0.220 
 434 L H   0.821 0.000 0.001 0.000 0.007 0.005 0.005 0.161 
 435 G H   0.869 0.000 0.001 0.000 0.006 0.004 0.004 0.116 
 436 V H   0.905 0.000 0.001 0.000 0.006 0.003 0.003 0.082 
 437 L H   0.929 0.000 0.001 0.000 0.006 0.003 0.002 0.059 
 438 T H   0.944 0.000 0.001 0.000 0.006 0.002 0.002 0.045 
 439 A H   0.952 0.000 0.001 0.000 0.006 0.002 0.002 0.037 
 440 L H   0.955 0.000 0.001 0.000 0.007 0.002 0.001 0.034 
 441 V H   0.954 0.000 0.001 0.000 0.007 0.002 0.001 0.034 
 442 T H   0.948 0.000 0.001 0.000 0.008 0.003 0.001 0.039 
 443 A H   0.937 0.000 0.001 0.000 0.009 0.003 0.001 0.049 
 444 A H   0.919 0.000 0.001 0.000 0.010 0.003 0.001 0.065 
 445 A H   0.891 0.000 0.001 0.000 0.011 0.004 0.001 0.091 
 446 L H   0.849 0.000 0.001 0.001 0.012 0.005 0.002 0.131 
 447 A H   0.791 0.000 0.001 0.001 0.012 0.005 0.003 0.187 
 448 L H   0.711 0.000 0.001 0.001 0.012 0.006 0.004 0.265 
 449 I H   0.613 0.000 0.001 0.001 0.011 0.007 0.005 0.362 
 450 L H   0.499 0.000 0.001 0.001 0.009 0.007 0.008 0.475 
 451 L _   0.381 0.000 0.001 0.001 0.007 0.007 0.011 0.592 
 452 R _   0.273 0.000 0.001 0.001 0.005 0.007 0.013 0.699 
 453 K _   0.187 0.000 0.001 0.001 0.004 0.007 0.016 0.785 
 454 R _   0.123 0.000 0.000 0.001 0.003 0.007 0.018 0.847 
 455 R _   0.081 0.000 0.000 0.002 0.003 0.007 0.020 0.887 
 456 K _   0.055 0.000 0.000 0.002 0.002 0.007 0.021 0.911 
 457 E _   0.039 0.001 0.000 0.002 0.002 0.008 0.022 0.925 
 458 T _   0.029 0.002 0.000 0.003 0.003 0.010 0.023 0.929 
 459 R _   0.024 0.005 0.000 0.005 0.004 0.012 0.024 0.926 
 460 F _   0.021 0.011 0.001 0.008 0.005 0.013 0.024 0.917 
 461 G _   0.019 0.022 0.001 0.011 0.006 0.015 0.024 0.902 
 462 Q _   0.017 0.036 0.001 0.015 0.008 0.017 0.024 0.882 
 463 A _   0.016 0.052 0.001 0.018 0.009 0.018 0.024 0.862 
 464 F _   0.016 0.067 0.001 0.021 0.010 0.019 0.024 0.842 
 465 D _   0.016 0.081 0.001 0.022 0.010 0.020 0.024 0.826 
 466 S _   0.016 0.092 0.001 0.023 0.011 0.021 0.024 0.813 
 467 V _   0.016 0.101 0.001 0.023 0.011 0.021 0.024 0.802 
 468 M _   0.016 0.109 0.001 0.023 0.011 0.022 0.024 0.794 
 469 A _   0.016 0.116 0.001 0.023 0.011 0.022 0.025 0.786 
 470 R _   0.017 0.122 0.001 0.023 0.011 0.022 0.025 0.778 
 471 G _   0.017 0.128 0.001 0.025 0.012 0.023 0.025 0.769 
 472 E _   0.017 0.133 0.001 0.026 0.012 0.023 0.026 0.762 
 473 P _   0.017 0.137 0.001 0.029 0.013 0.022 0.027 0.754 
 474 A _   0.017 0.139 0.001 0.032 0.013 0.022 0.027 0.749 
 475 V _   0.017 0.140 0.001 0.034 0.012 0.021 0.028 0.746 
 476 H _   0.017 0.138 0.001 0.034 0.012 0.020 0.029 0.749 
 477 F _   0.016 0.133 0.001 0.033 0.011 0.018 0.031 0.758 
 478 R _   0.014 0.124 0.001 0.030 0.009 0.016 0.032 0.773 
 479 A _   0.013 0.111 0.001 0.025 0.008 0.014 0.034 0.794 
 480 A _   0.012 0.094 0.001 0.020 0.006 0.012 0.036 0.819 
 481 R _   0.010 0.076 0.001 0.015 0.005 0.011 0.037 0.845 
 482 S _   0.009 0.061 0.001 0.010 0.004 0.009 0.039 0.868 
 483 F _   0.008 0.050 0.000 0.007 0.003 0.008 0.040 0.884 
 484 N _   0.007 0.044 0.000 0.005 0.002 0.008 0.040 0.893 
 485 R _   0.007 0.041 0.000 0.004 0.002 0.008 0.041 0.897 
 486 E _   0.007 0.042 0.000 0.005 0.002 0.008 0.041 0.896 
 487 R _   0.007 0.044 0.000 0.006 0.003 0.009 0.040 0.890 
 488 P _   0.008 0.051 0.000 0.008 0.004 0.011 0.040 0.879 
 489 E _   0.009 0.063 0.001 0.012 0.005 0.013 0.038 0.860 
 490 R _   0.009 0.081 0.001 0.017 0.007 0.014 0.037 0.834 
 491 I _   0.010 0.101 0.001 0.023 0.008 0.016 0.036 0.806 
 492 E _   0.010 0.121 0.001 0.029 0.009 0.016 0.035 0.780 
 493 A _   0.010 0.135 0.001 0.033 0.010 0.017 0.034 0.761 
 494 T _   0.009 0.145 0.001 0.036 0.010 0.016 0.033 0.749 
 495 L _   0.009 0.150 0.001 0.037 0.010 0.016 0.033 0.744 
 496 D _   0.009 0.151 0.001 0.036 0.010 0.015 0.033 0.745 
 497 S _   0.009 0.149 0.001 0.033 0.009 0.014 0.033 0.752 
 498 L _   0.008 0.143 0.001 0.029 0.008 0.013 0.034 0.764 
 499 G _   0.008 0.135 0.001 0.025 0.006 0.012 0.034 0.778 
 500 I _   0.008 0.124 0.001 0.020 0.005 0.011 0.035 0.795 
 501 S _   0.008 0.113 0.001 0.016 0.004 0.010 0.036 0.812 
 502 D _   0.008 0.101 0.000 0.012 0.004 0.009 0.037 0.828 
 503 E _   0.007 0.092 0.000 0.009 0.003 0.008 0.038 0.842 
 504 L _   0.007 0.085 0.000 0.007 0.003 0.008 0.038 0.852 
 505 K _   0.007 0.081 0.000 0.006 0.002 0.008 0.038 0.858 
 506 E _   0.006 0.080 0.000 0.006 0.002 0.008 0.038 0.860 
 507 K _   0.007 0.081 0.000 0.006 0.002 0.009 0.037 0.858 
 508 L _   0.007 0.085 0.000 0.007 0.003 0.010 0.037 0.852 
 509 E _   0.008 0.093 0.000 0.008 0.004 0.011 0.036 0.840 
 510 D _   0.009 0.106 0.001 0.011 0.005 0.013 0.034 0.822 
 511 V _   0.010 0.124 0.001 0.014 0.006 0.014 0.033 0.798 
 512 L _   0.010 0.147 0.001 0.017 0.007 0.016 0.031 0.771 
 513 I _   0.010 0.170 0.001 0.020 0.008 0.016 0.030 0.743 
 514 P _   0.011 0.192 0.001 0.023 0.009 0.017 0.028 0.719 
 515 E _   0.011 0.209 0.001 0.025 0.010 0.017 0.027 0.699 
 516 Q _   0.011 0.223 0.001 0.026 0.010 0.018 0.026 0.685 
 517 Q _   0.010 0.233 0.001 0.027 0.010 0.017 0.026 0.676 
 518 F _   0.010 0.239 0.001 0.027 0.010 0.017 0.025 0.670 
 519 T _   0.010 0.243 0.001 0.027 0.010 0.016 0.025 0.668 
 520 L _   0.010 0.244 0.001 0.027 0.009 0.016 0.025 0.669 
 521 G _   0.009 0.242 0.001 0.026 0.009 0.015 0.025 0.673 
 522 R _   0.009 0.238 0.001 0.024 0.008 0.014 0.025 0.681 
 523 M _   0.009 0.231 0.001 0.023 0.007 0.013 0.025 0.691 
 524 L _   0.008 0.222 0.001 0.021 0.007 0.012 0.026 0.704 
 525 G _   0.008 0.211 0.001 0.019 0.006 0.012 0.026 0.718 
 526 K _   0.007 0.200 0.001 0.017 0.006 0.011 0.026 0.732 
 527 G _   0.007 0.188 0.001 0.016 0.005 0.011 0.027 0.745 
 528 E _   0.007 0.176 0.001 0.016 0.005 0.011 0.027 0.757 
 529 F _   0.007 0.166 0.001 0.016 0.005 0.011 0.028 0.767 
 530 G _   0.007 0.155 0.001 0.017 0.005 0.011 0.029 0.776 
 531 S _   0.007 0.144 0.001 0.018 0.005 0.011 0.029 0.785 
 532 V _   0.007 0.132 0.001 0.018 0.005 0.011 0.030 0.795 
 533 R _   0.007 0.119 0.001 0.018 0.005 0.011 0.031 0.808 
 534 E _   0.007 0.105 0.001 0.017 0.005 0.010 0.032 0.823 
 535 A _   0.007 0.088 0.001 0.015 0.005 0.010 0.033 0.841 
 536 Q _   0.007 0.071 0.001 0.012 0.004 0.010 0.034 0.861 
 537 L _   0.007 0.056 0.000 0.009 0.004 0.010 0.035 0.879 
 538 K _   0.007 0.044 0.000 0.007 0.003 0.010 0.035 0.892 
 539 Q _   0.008 0.037 0.000 0.006 0.003 0.011 0.036 0.900 
 540 E _   0.009 0.033 0.000 0.005 0.003 0.013 0.036 0.901 
 541 D _   0.011 0.032 0.000 0.005 0.003 0.015 0.036 0.897 
 542 G _   0.013 0.033 0.000 0.007 0.005 0.018 0.036 0.887 
 543 S _   0.017 0.037 0.001 0.009 0.007 0.023 0.035 0.871 
 544 F _   0.021 0.044 0.001 0.014 0.010 0.028 0.035 0.847 
 545 V _   0.025 0.055 0.001 0.020 0.015 0.032 0.034 0.818 
 546 K _   0.030 0.066 0.001 0.027 0.019 0.036 0.033 0.787 
 547 V _   0.033 0.076 0.002 0.033 0.022 0.039 0.033 0.762 
 548 A _   0.035 0.084 0.002 0.039 0.025 0.041 0.032 0.743 
 549 V _   0.037 0.087 0.002 0.042 0.026 0.041 0.032 0.732 
 550 K _   0.038 0.088 0.002 0.041 0.026 0.040 0.032 0.732 
 551 M _   0.038 0.085 0.002 0.038 0.025 0.038 0.033 0.740 
 552 L _   0.038 0.079 0.002 0.033 0.022 0.036 0.034 0.757 
 553 K _   0.035 0.070 0.001 0.028 0.019 0.033 0.035 0.779 
 554 A _   0.032 0.059 0.001 0.022 0.015 0.030 0.036 0.805 
 555 D _   0.029 0.047 0.001 0.016 0.012 0.027 0.037 0.830 
 556 I _   0.026 0.038 0.001 0.012 0.009 0.024 0.038 0.852 
 557 I _   0.024 0.031 0.001 0.009 0.007 0.022 0.039 0.867 
 558 A _   0.022 0.027 0.001 0.008 0.006 0.021 0.039 0.876 
 559 S _   0.021 0.025 0.001 0.007 0.006 0.020 0.040 0.880 
 560 S _   0.021 0.025 0.001 0.008 0.006 0.021 0.040 0.879 
 561 D _   0.021 0.026 0.001 0.010 0.007 0.021 0.040 0.875 
 562 I _   0.021 0.028 0.001 0.013 0.008 0.022 0.040 0.867 
 563 E _   0.021 0.031 0.001 0.017 0.009 0.022 0.040 0.858 
 564 E _   0.021 0.035 0.001 0.022 0.011 0.023 0.040 0.848 
 565 F _   0.021 0.037 0.001 0.026 0.012 0.023 0.040 0.841 
 566 L _   0.020 0.039 0.001 0.028 0.012 0.022 0.040 0.838 
 567 R _   0.019 0.038 0.001 0.029 0.012 0.021 0.041 0.839 
 568 E _   0.017 0.036 0.001 0.028 0.011 0.019 0.042 0.846 
 569 A _   0.015 0.033 0.001 0.025 0.009 0.017 0.042 0.857 
 570 A _   0.014 0.027 0.001 0.021 0.007 0.015 0.043 0.872 
 571 C _   0.013 0.021 0.001 0.015 0.006 0.013 0.044 0.888 
 572 M _   0.011 0.014 0.001 0.011 0.004 0.012 0.045 0.903 
 573 K _   0.011 0.009 0.000 0.007 0.003 0.011 0.045 0.914 
 574 E _   0.010 0.005 0.000 0.005 0.003 0.010 0.046 0.922 
 575 F _   0.010 0.004 0.000 0.003 0.002 0.010 0.046 0.925 
 576 D _   0.011 0.003 0.000 0.003 0.002 0.011 0.045 0.924 
 577 H _   0.013 0.004 0.000 0.004 0.003 0.013 0.045 0.918 
 578 P _   0.016 0.005 0.000 0.005 0.005 0.017 0.044 0.907 
 579 H _   0.021 0.009 0.001 0.009 0.008 0.021 0.043 0.889 
 580 V _   0.026 0.017 0.001 0.015 0.012 0.026 0.042 0.862 
 581 A _   0.029 0.028 0.001 0.024 0.016 0.030 0.041 0.831 
 582 K _   0.032 0.038 0.002 0.034 0.020 0.033 0.039 0.804 
 583 L _   0.033 0.046 0.002 0.042 0.022 0.034 0.038 0.784 
 584 V _   0.033 0.050 0.002 0.046 0.023 0.034 0.038 0.774 
 585 G _   0.033 0.050 0.002 0.046 0.022 0.033 0.038 0.776 
 586 V _   0.031 0.048 0.002 0.043 0.020 0.030 0.038 0.789 
 587 S _   0.029 0.042 0.001 0.035 0.017 0.028 0.038 0.809 
 588 L _   0.027 0.034 0.001 0.026 0.014 0.025 0.038 0.836 
 589 R _   0.024 0.023 0.001 0.018 0.010 0.022 0.039 0.863 
 590 S _   0.022 0.014 0.001 0.011 0.007 0.019 0.039 0.888 
 591 R _   0.019 0.007 0.001 0.007 0.005 0.017 0.039 0.905 
 592 A _   0.017 0.003 0.000 0.004 0.004 0.016 0.039 0.916 
 593 K _   0.017 0.002 0.000 0.003 0.003 0.016 0.038 0.919 
 594 G _   0.018 0.002 0.000 0.003 0.004 0.017 0.038 0.919 
 595 R _   0.020 0.002 0.000 0.004 0.004 0.019 0.037 0.914 
 596 L _   0.023 0.002 0.001 0.005 0.006 0.021 0.036 0.905 
 597 P _   0.027 0.004 0.001 0.008 0.008 0.025 0.035 0.892 
 598 I _   0.031 0.006 0.001 0.012 0.011 0.028 0.034 0.876 
 599 P _   0.034 0.009 0.001 0.017 0.014 0.031 0.033 0.859 
 600 M _   0.037 0.012 0.001 0.022 0.017 0.034 0.032 0.845 
 601 V _   0.040 0.013 0.001 0.025 0.018 0.036 0.031 0.836 
 602 I _   0.041 0.014 0.001 0.025 0.018 0.037 0.031 0.833 
 603 L _   0.041 0.014 0.001 0.023 0.018 0.037 0.030 0.837 
 604 P _   0.041 0.012 0.001 0.019 0.016 0.036 0.030 0.846 
 605 F _   0.041 0.010 0.001 0.014 0.013 0.035 0.029 0.857 
 606 M _   0.041 0.008 0.001 0.010 0.011 0.035 0.028 0.867 
 607 K _   0.042 0.006 0.001 0.007 0.010 0.035 0.028 0.872 
 608 H _   0.043 0.006 0.001 0.006 0.010 0.036 0.027 0.872 
 609 G _   0.047 0.007 0.001 0.006 0.011 0.037 0.026 0.866 
 610 D _   0.052 0.009 0.001 0.008 0.014 0.039 0.025 0.852 
 611 L _   0.057 0.014 0.001 0.013 0.018 0.042 0.024 0.831 
 612 H _   0.062 0.022 0.002 0.020 0.023 0.043 0.023 0.805 
 613 A _   0.065 0.031 0.002 0.030 0.027 0.044 0.022 0.780 
 614 F _   0.066 0.037 0.002 0.038 0.029 0.043 0.022 0.764 
 615 L _   0.064 0.041 0.002 0.043 0.028 0.040 0.021 0.760 
 616 L _   0.061 0.041 0.002 0.044 0.026 0.037 0.021 0.768 
 617 A _   0.056 0.038 0.002 0.040 0.023 0.032 0.021 0.788 
 618 S _   0.052 0.032 0.002 0.032 0.018 0.027 0.021 0.818 
 619 R _   0.047 0.023 0.001 0.022 0.012 0.022 0.021 0.852 
 620 I _   0.043 0.013 0.001 0.013 0.008 0.018 0.021 0.883 
 621 G _   0.041 0.005 0.001 0.007 0.005 0.014 0.021 0.907 
 622 E _   0.041 0.002 0.000 0.003 0.003 0.011 0.020 0.919 
 623 N _   0.045 0.000 0.000 0.002 0.002 0.010 0.019 0.921 
 624 P _   0.056 0.000 0.000 0.001 0.002 0.009 0.018 0.913 
 625 F _   0.078 0.000 0.000 0.001 0.003 0.010 0.017 0.891 
 626 N _   0.119 0.000 0.000 0.001 0.004 0.012 0.015 0.849 
 627 L _   0.181 0.000 0.001 0.001 0.005 0.014 0.014 0.784 
 628 P _   0.269 0.000 0.001 0.001 0.008 0.017 0.011 0.693 
 629 L _   0.372 0.000 0.001 0.002 0.011 0.020 0.009 0.584 
 630 Q H   0.477 0.000 0.001 0.002 0.016 0.023 0.007 0.474 
 631 T H   0.572 0.000 0.001 0.002 0.021 0.025 0.006 0.374 
 632 L H   0.649 0.000 0.002 0.002 0.025 0.025 0.005 0.292 
 633 I H   0.708 0.000 0.002 0.002 0.029 0.025 0.004 0.231 
 634 R H   0.749 0.000 0.002 0.002 0.031 0.024 0.004 0.189 
 635 F H   0.775 0.000 0.002 0.002 0.032 0.022 0.003 0.164 
 636 M H   0.788 0.000 0.002 0.002 0.033 0.021 0.004 0.150 
 637 V H   0.790 0.000 0.002 0.002 0.034 0.020 0.004 0.148 
 638 D H   0.781 0.000 0.002 0.002 0.034 0.020 0.004 0.158 
 639 I H   0.756 0.000 0.002 0.003 0.033 0.019 0.005 0.181 
 640 A H   0.716 0.000 0.002 0.003 0.032 0.019 0.007 0.221 
 641 C H   0.658 0.000 0.002 0.004 0.029 0.019 0.008 0.278 
 642 G H   0.584 0.000 0.002 0.005 0.025 0.019 0.011 0.354 
 643 M H   0.490 0.000 0.002 0.005 0.021 0.018 0.014 0.450 
 644 E _   0.386 0.000 0.002 0.005 0.016 0.017 0.017 0.556 
 645 Y _   0.286 0.000 0.001 0.005 0.011 0.015 0.021 0.660 
 646 L _   0.199 0.000 0.001 0.004 0.008 0.014 0.024 0.749 
 647 S _   0.133 0.000 0.001 0.004 0.006 0.012 0.027 0.818 
 648 S _   0.086 0.000 0.001 0.004 0.004 0.011 0.029 0.866 
 649 R _   0.055 0.000 0.000 0.004 0.003 0.011 0.030 0.896 
 650 N _   0.037 0.000 0.000 0.004 0.003 0.010 0.031 0.914 
 651 F _   0.026 0.000 0.000 0.004 0.003 0.011 0.032 0.923 
 652 I _   0.020 0.001 0.000 0.005 0.003 0.011 0.033 0.927 
 653 H _   0.016 0.001 0.000 0.006 0.004 0.012 0.033 0.927 
 654 R _   0.015 0.001 0.000 0.007 0.004 0.014 0.033 0.925 
 655 D _   0.015 0.002 0.001 0.008 0.005 0.016 0.034 0.920 
 656 L _   0.016 0.002 0.001 0.009 0.006 0.018 0.034 0.914 
 657 A _   0.019 0.003 0.001 0.010 0.007 0.021 0.034 0.907 
 658 A _   0.023 0.003 0.001 0.010 0.008 0.024 0.034 0.897 
 659 R _   0.029 0.003 0.001 0.010 0.009 0.028 0.033 0.886 
 660 N _   0.037 0.004 0.001 0.010 0.011 0.032 0.033 0.872 
 661 C _   0.046 0.005 0.001 0.010 0.013 0.036 0.033 0.856 
 662 M _   0.058 0.005 0.001 0.010 0.015 0.040 0.033 0.837 
 663 L _   0.070 0.007 0.001 0.010 0.019 0.044 0.033 0.815 
