#TopoPred_TM8: 8-state transmembrane topology prediction results by no_profile mode 
#probabilities are in the order of H E C I L F X _, the 8 transmembrane topology types used in PDBTM 
   1 M X   0.007 0.001 0.002 0.034 0.007 0.006 0.874 0.069 
   2 P X   0.003 0.000 0.000 0.018 0.001 0.003 0.899 0.076 
   3 L X   0.001 0.000 0.000 0.009 0.000 0.002 0.906 0.082 
   4 A X   0.001 0.000 0.000 0.005 0.000 0.002 0.907 0.085 
   5 Q X   0.001 0.000 0.000 0.004 0.000 0.002 0.904 0.088 
   6 L X   0.001 0.000 0.000 0.004 0.001 0.002 0.901 0.091 
   7 A X   0.001 0.001 0.000 0.005 0.001 0.003 0.896 0.094 
   8 D X   0.001 0.001 0.000 0.006 0.001 0.004 0.891 0.096 
   9 P X   0.002 0.002 0.000 0.007 0.001 0.004 0.884 0.099 
  10 W X   0.002 0.002 0.000 0.009 0.002 0.004 0.878 0.103 
  11 Q X   0.002 0.003 0.000 0.011 0.002 0.004 0.872 0.106 
  12 K X   0.002 0.003 0.000 0.011 0.002 0.004 0.866 0.111 
  13 M X   0.002 0.004 0.000 0.011 0.002 0.004 0.862 0.116 
  14 A X   0.002 0.003 0.000 0.010 0.002 0.004 0.858 0.121 
  15 V X   0.002 0.003 0.000 0.008 0.002 0.003 0.855 0.127 
  16 E X   0.001 0.003 0.000 0.006 0.001 0.003 0.853 0.134 
  17 S X   0.001 0.002 0.000 0.004 0.001 0.002 0.850 0.139 
  18 P X   0.001 0.002 0.000 0.003 0.001 0.002 0.847 0.145 
  19 S X   0.001 0.001 0.000 0.002 0.001 0.002 0.843 0.149 
  20 D X   0.001 0.001 0.000 0.002 0.001 0.002 0.839 0.153 
  21 S X   0.001 0.001 0.000 0.002 0.001 0.002 0.835 0.158 
  22 A X   0.001 0.001 0.000 0.003 0.001 0.002 0.830 0.162 
  23 E X   0.001 0.002 0.000 0.004 0.001 0.003 0.824 0.166 
  24 N X   0.002 0.002 0.000 0.005 0.001 0.003 0.817 0.170 
  25 G X   0.002 0.003 0.000 0.006 0.001 0.003 0.810 0.175 
  26 Q X   0.002 0.003 0.000 0.007 0.002 0.004 0.803 0.180 
  27 Q X   0.002 0.004 0.000 0.008 0.002 0.004 0.796 0.186 
  28 I X   0.002 0.004 0.000 0.008 0.002 0.004 0.789 0.192 
  29 M X   0.002 0.004 0.000 0.007 0.002 0.003 0.783 0.199 
  30 D X   0.002 0.004 0.000 0.007 0.001 0.003 0.776 0.206 
  31 E X   0.002 0.004 0.000 0.006 0.001 0.003 0.770 0.214 
  32 P X   0.002 0.003 0.000 0.005 0.001 0.003 0.764 0.221 
  33 M X   0.002 0.003 0.000 0.004 0.001 0.003 0.758 0.229 
  34 G X   0.002 0.003 0.000 0.004 0.001 0.003 0.751 0.236 
  35 E X   0.002 0.003 0.000 0.003 0.001 0.003 0.744 0.244 
  36 E X   0.002 0.004 0.000 0.003 0.001 0.003 0.735 0.252 
  37 E X   0.002 0.004 0.000 0.004 0.001 0.004 0.724 0.261 
  38 I X   0.002 0.005 0.000 0.004 0.001 0.004 0.712 0.271 
  39 N X   0.002 0.007 0.000 0.005 0.002 0.005 0.698 0.281 
  40 P X   0.003 0.010 0.000 0.006 0.002 0.007 0.681 0.291 
  41 Q X   0.003 0.016 0.000 0.008 0.003 0.009 0.661 0.299 
  42 T X   0.004 0.025 0.001 0.011 0.005 0.012 0.638 0.305 
  43 E X   0.005 0.040 0.001 0.016 0.007 0.016 0.611 0.305 
  44 E X   0.007 0.062 0.001 0.022 0.010 0.019 0.580 0.300 
  45 V X   0.008 0.091 0.002 0.029 0.013 0.023 0.547 0.288 
  46 S X   0.009 0.123 0.002 0.037 0.016 0.025 0.516 0.273 
  47 I X   0.010 0.154 0.002 0.045 0.019 0.027 0.488 0.257 
  48 K X   0.010 0.179 0.002 0.052 0.020 0.027 0.465 0.245 
  49 E X   0.011 0.196 0.002 0.058 0.020 0.027 0.447 0.240 
  50 I X   0.011 0.206 0.001 0.061 0.020 0.026 0.434 0.241 
  51 A X   0.011 0.209 0.001 0.062 0.019 0.024 0.425 0.248 
  52 I X   0.011 0.208 0.001 0.060 0.017 0.022 0.418 0.263 
  53 T X   0.011 0.200 0.001 0.054 0.015 0.020 0.413 0.285 
  54 H X   0.011 0.185 0.001 0.047 0.013 0.018 0.409 0.316 
  55 H X   0.011 0.160 0.001 0.037 0.010 0.016 0.407 0.357 
  56 V _   0.010 0.126 0.001 0.028 0.008 0.014 0.406 0.407 
  57 K _   0.010 0.089 0.001 0.020 0.006 0.012 0.405 0.458 
  58 E _   0.008 0.058 0.001 0.013 0.004 0.010 0.403 0.503 
  59 G _   0.007 0.036 0.000 0.008 0.003 0.008 0.401 0.537 
  60 H _   0.006 0.024 0.000 0.005 0.002 0.007 0.397 0.560 
  61 E _   0.005 0.018 0.000 0.003 0.001 0.006 0.391 0.576 
  62 K _   0.004 0.015 0.000 0.003 0.001 0.006 0.384 0.586 
  63 A _   0.004 0.015 0.000 0.003 0.001 0.007 0.376 0.594 
  64 D _   0.005 0.016 0.000 0.004 0.002 0.009 0.365 0.598 
  65 P _   0.007 0.021 0.000 0.006 0.003 0.012 0.351 0.598 
  66 S _   0.009 0.033 0.001 0.011 0.006 0.017 0.334 0.590 
  67 Q _   0.010 0.057 0.001 0.019 0.010 0.022 0.312 0.568 
  68 F _   0.012 0.093 0.002 0.029 0.014 0.026 0.287 0.537 
  69 E _   0.013 0.131 0.002 0.039 0.018 0.030 0.263 0.505 
  70 L _   0.014 0.162 0.002 0.047 0.020 0.032 0.242 0.482 
  71 L _   0.014 0.182 0.002 0.052 0.021 0.033 0.226 0.471 
  72 K _   0.015 0.193 0.002 0.053 0.021 0.034 0.213 0.470 
  73 V _   0.016 0.198 0.002 0.050 0.021 0.034 0.202 0.478 
  74 L _   0.017 0.198 0.001 0.044 0.020 0.033 0.193 0.493 
  75 G _   0.018 0.194 0.001 0.037 0.019 0.033 0.185 0.513 
  76 Q _   0.019 0.187 0.001 0.031 0.018 0.032 0.178 0.533 
  77 G _   0.021 0.179 0.001 0.026 0.017 0.032 0.173 0.552 
  78 S _   0.022 0.170 0.001 0.023 0.016 0.031 0.168 0.568 
  79 F _   0.023 0.162 0.001 0.022 0.016 0.031 0.164 0.581 
  80 G _   0.024 0.156 0.001 0.023 0.015 0.030 0.160 0.591 
  81 K _   0.024 0.150 0.001 0.025 0.015 0.028 0.157 0.600 
  82 V _   0.023 0.142 0.001 0.027 0.014 0.027 0.154 0.612 
  83 F _   0.022 0.132 0.001 0.027 0.013 0.024 0.152 0.628 
  84 L _   0.021 0.117 0.001 0.025 0.012 0.022 0.150 0.651 
  85 V _   0.019 0.099 0.001 0.022 0.010 0.020 0.148 0.680 
  86 K _   0.017 0.077 0.001 0.018 0.008 0.017 0.147 0.714 
  87 K _   0.015 0.055 0.001 0.013 0.007 0.015 0.146 0.748 
  88 I _   0.013 0.036 0.001 0.009 0.005 0.014 0.144 0.778 
  89 S _   0.012 0.024 0.001 0.006 0.004 0.012 0.142 0.799 
  90 G _   0.011 0.017 0.000 0.005 0.003 0.012 0.140 0.812 
  91 S _   0.011 0.014 0.000 0.004 0.003 0.012 0.137 0.818 
  92 D _   0.012 0.013 0.000 0.004 0.003 0.013 0.135 0.819 
  93 A _   0.013 0.014 0.000 0.006 0.004 0.015 0.132 0.816 
  94 R _   0.015 0.016 0.001 0.008 0.006 0.018 0.128 0.809 
  95 Q _   0.017 0.020 0.001 0.012 0.008 0.020 0.124 0.798 
  96 L _   0.019 0.025 0.001 0.017 0.010 0.022 0.120 0.786 
  97 Y _   0.020 0.030 0.001 0.022 0.012 0.024 0.116 0.775 
  98 A _   0.021 0.035 0.001 0.026 0.013 0.025 0.113 0.767 
  99 M _   0.021 0.037 0.001 0.029 0.014 0.025 0.110 0.763 
 100 K _   0.021 0.038 0.001 0.029 0.014 0.024 0.107 0.764 
 101 V _   0.021 0.038 0.001 0.028 0.013 0.023 0.105 0.770 
 102 L _   0.021 0.036 0.001 0.025 0.012 0.022 0.104 0.779 
 103 K _   0.020 0.032 0.001 0.022 0.011 0.020 0.102 0.792 
 104 K _   0.018 0.028 0.001 0.019 0.009 0.019 0.101 0.805 
 105 A _   0.017 0.023 0.001 0.015 0.008 0.017 0.101 0.818 
 106 T _   0.015 0.019 0.001 0.013 0.006 0.015 0.100 0.831 
 107 L _   0.014 0.015 0.001 0.011 0.005 0.014 0.099 0.841 
 108 K _   0.013 0.012 0.001 0.009 0.005 0.013 0.098 0.849 
 109 V _   0.013 0.009 0.001 0.008 0.004 0.012 0.097 0.855 
 110 R _   0.012 0.008 0.000 0.008 0.004 0.012 0.096 0.860 
 111 D _   0.012 0.006 0.000 0.008 0.004 0.011 0.095 0.864 
 112 R _   0.011 0.005 0.000 0.008 0.004 0.011 0.094 0.866 
 113 V _   0.011 0.005 0.000 0.008 0.004 0.011 0.092 0.868 
 114 R _   0.011 0.004 0.001 0.008 0.004 0.012 0.091 0.870 
 115 T _   0.011 0.004 0.001 0.008 0.004 0.012 0.089 0.871 
 116 K _   0.011 0.003 0.001 0.008 0.005 0.013 0.088 0.872 
 117 M _   0.012 0.003 0.001 0.008 0.005 0.013 0.086 0.873 
 118 E _   0.013 0.003 0.001 0.008 0.005 0.014 0.084 0.872 
 119 R _   0.014 0.003 0.001 0.008 0.005 0.015 0.083 0.872 
 120 D _   0.015 0.002 0.001 0.008 0.006 0.016 0.081 0.871 
 121 I _   0.017 0.002 0.001 0.008 0.006 0.018 0.079 0.869 
 122 L _   0.020 0.002 0.001 0.008 0.007 0.019 0.078 0.865 
 123 V _   0.023 0.002 0.001 0.008 0.007 0.021 0.076 0.861 
 124 E _   0.027 0.002 0.001 0.008 0.008 0.023 0.074 0.856 
 125 V _   0.031 0.002 0.001 0.008 0.009 0.026 0.073 0.850 
 126 N _   0.035 0.002 0.001 0.009 0.011 0.028 0.071 0.843 
 127 H _   0.039 0.003 0.001 0.010 0.012 0.031 0.069 0.835 
 128 P _   0.043 0.003 0.001 0.011 0.014 0.033 0.068 0.827 
 129 F _   0.047 0.004 0.001 0.012 0.015 0.036 0.067 0.819 
 130 I _   0.050 0.004 0.001 0.013 0.016 0.037 0.065 0.812 
 131 V _   0.053 0.004 0.001 0.014 0.017 0.038 0.064 0.807 
 132 K _   0.054 0.005 0.001 0.015 0.017 0.039 0.064 0.806 
 133 L _   0.053 0.004 0.001 0.015 0.017 0.039 0.063 0.808 
 134 H _   0.052 0.004 0.001 0.013 0.016 0.038 0.062 0.813 
 135 Y _   0.051 0.003 0.001 0.012 0.014 0.037 0.061 0.820 
 136 A _   0.050 0.003 0.001 0.010 0.012 0.036 0.061 0.828 
 137 F _   0.049 0.002 0.001 0.008 0.011 0.035 0.060 0.833 
 138 Q _   0.050 0.002 0.001 0.006 0.011 0.035 0.059 0.836 
 139 T _   0.052 0.001 0.001 0.006 0.011 0.036 0.058 0.835 
 140 E _   0.056 0.002 0.001 0.006 0.011 0.037 0.058 0.830 
 141 G _   0.060 0.002 0.001 0.006 0.013 0.038 0.057 0.822 
 142 K _   0.066 0.003 0.001 0.008 0.015 0.040 0.056 0.811 
 143 L _   0.070 0.005 0.001 0.010 0.018 0.042 0.056 0.798 
 144 Y _   0.074 0.007 0.001 0.013 0.021 0.043 0.055 0.785 
 145 L _   0.077 0.009 0.002 0.017 0.023 0.044 0.055 0.774 
 146 I _   0.077 0.011 0.002 0.020 0.025 0.043 0.055 0.768 
 147 L _   0.075 0.012 0.002 0.022 0.025 0.042 0.056 0.767 
 148 D _   0.072 0.012 0.002 0.022 0.024 0.040 0.056 0.773 
 149 F _   0.067 0.012 0.002 0.021 0.021 0.037 0.057 0.784 
 150 L _   0.060 0.010 0.001 0.019 0.018 0.033 0.058 0.800 
 151 R _   0.053 0.009 0.001 0.016 0.015 0.030 0.059 0.818 
 152 G _   0.046 0.007 0.001 0.013 0.012 0.027 0.059 0.836 
 153 G _   0.040 0.005 0.001 0.010 0.009 0.024 0.060 0.851 
 154 D _   0.035 0.003 0.001 0.008 0.007 0.021 0.061 0.864 
 155 L _   0.031 0.002 0.001 0.007 0.006 0.019 0.061 0.873 
 156 F _   0.028 0.002 0.001 0.006 0.005 0.018 0.062 0.879 
 157 T _   0.025 0.001 0.001 0.006 0.005 0.017 0.062 0.883 
 158 R _   0.023 0.001 0.001 0.006 0.005 0.017 0.062 0.885 
 159 L _   0.023 0.001 0.001 0.007 0.005 0.017 0.062 0.885 
 160 S _   0.023 0.001 0.001 0.007 0.006 0.017 0.062 0.883 
 161 K _   0.024 0.001 0.001 0.008 0.006 0.018 0.062 0.881 
 162 E _   0.025 0.001 0.001 0.008 0.006 0.018 0.062 0.878 
 163 V _   0.027 0.001 0.001 0.008 0.006 0.019 0.062 0.876 
 164 M _   0.030 0.001 0.001 0.007 0.006 0.020 0.062 0.874 
 165 F _   0.033 0.001 0.001 0.006 0.006 0.020 0.061 0.872 
 166 T _   0.038 0.000 0.001 0.005 0.006 0.022 0.061 0.867 
 167 E _   0.046 0.000 0.001 0.004 0.006 0.024 0.060 0.859 
 168 E _   0.056 0.000 0.001 0.003 0.007 0.027 0.059 0.847 
 169 D _   0.070 0.000 0.001 0.003 0.008 0.031 0.058 0.828 
 170 V _   0.089 0.000 0.001 0.004 0.011 0.037 0.057 0.801 
 171 K _   0.110 0.001 0.001 0.005 0.016 0.043 0.056 0.768 
 172 F _   0.131 0.001 0.001 0.007 0.022 0.049 0.056 0.732 
 173 Y _   0.151 0.003 0.002 0.011 0.028 0.054 0.055 0.697 
 174 L _   0.166 0.004 0.002 0.015 0.033 0.057 0.055 0.667 
 175 A _   0.175 0.006 0.002 0.019 0.036 0.058 0.055 0.648 
 176 E _   0.179 0.007 0.002 0.021 0.037 0.057 0.056 0.641 
 177 L _   0.178 0.007 0.002 0.020 0.035 0.055 0.057 0.647 
 178 A _   0.173 0.006 0.002 0.017 0.031 0.052 0.058 0.663 
 179 L _   0.165 0.004 0.002 0.013 0.026 0.048 0.059 0.684 
 180 A _   0.154 0.003 0.001 0.009 0.021 0.044 0.060 0.708 
 181 L _   0.142 0.002 0.001 0.006 0.017 0.040 0.061 0.731 
 182 D _   0.130 0.001 0.001 0.005 0.014 0.037 0.063 0.749 
 183 H _   0.119 0.001 0.001 0.005 0.012 0.035 0.064 0.762 
 184 L _   0.110 0.002 0.001 0.006 0.012 0.034 0.066 0.769 
 185 H _   0.101 0.003 0.001 0.009 0.013 0.033 0.068 0.772 
 186 S _   0.093 0.004 0.001 0.013 0.014 0.032 0.070 0.774 
 187 L _   0.083 0.006 0.001 0.017 0.014 0.030 0.072 0.776 
 188 G _   0.073 0.007 0.001 0.021 0.014 0.028 0.074 0.781 
 189 I _   0.063 0.008 0.001 0.022 0.013 0.025 0.077 0.791 
 190 I _   0.052 0.008 0.001 0.021 0.011 0.022 0.080 0.805 
 191 Y _   0.042 0.007 0.001 0.019 0.009 0.018 0.082 0.822 
 192 R _   0.032 0.006 0.001 0.015 0.007 0.015 0.085 0.839 
 193 D _   0.025 0.005 0.001 0.011 0.005 0.012 0.087 0.855 
 194 L _   0.019 0.003 0.000 0.008 0.003 0.010 0.089 0.867 
 195 K _   0.014 0.003 0.000 0.006 0.003 0.008 0.091 0.876 
 196 P _   0.011 0.002 0.000 0.004 0.002 0.007 0.092 0.881 
 197 E _   0.009 0.002 0.000 0.004 0.002 0.006 0.093 0.884 
 198 N _   0.008 0.002 0.000 0.004 0.002 0.006 0.093 0.885 
 199 I _   0.007 0.003 0.000 0.004 0.002 0.007 0.093 0.884 
 200 L _   0.007 0.005 0.000 0.005 0.002 0.007 0.092 0.881 
 201 L _   0.007 0.008 0.000 0.007 0.003 0.008 0.091 0.876 
 202 D _   0.007 0.012 0.000 0.009 0.003 0.009 0.090 0.869 
 203 E _   0.007 0.018 0.000 0.011 0.004 0.010 0.089 0.861 
 204 E _   0.007 0.025 0.001 0.015 0.005 0.011 0.087 0.850 
 205 G _   0.007 0.033 0.001 0.018 0.005 0.012 0.085 0.839 
 206 H _   0.007 0.040 0.001 0.022 0.006 0.013 0.083 0.828 
 207 I _   0.008 0.047 0.001 0.026 0.007 0.013 0.082 0.816 
 208 K _   0.008 0.053 0.001 0.029 0.007 0.014 0.081 0.807 
 209 L _   0.008 0.056 0.001 0.032 0.008 0.014 0.080 0.801 
 210 T _   0.008 0.058 0.001 0.033 0.008 0.013 0.080 0.799 
 211 D _   0.008 0.058 0.001 0.032 0.007 0.013 0.080 0.801 
 212 F _   0.008 0.055 0.001 0.030 0.007 0.012 0.081 0.807 
 213 G _   0.008 0.051 0.001 0.026 0.006 0.011 0.082 0.816 
 214 L _   0.007 0.045 0.001 0.021 0.005 0.010 0.083 0.829 
 215 S _   0.007 0.037 0.001 0.016 0.004 0.009 0.084 0.843 
 216 K _   0.006 0.030 0.000 0.012 0.003 0.008 0.085 0.856 
 217 E _   0.006 0.024 0.000 0.008 0.002 0.007 0.085 0.868 
 218 S _   0.005 0.019 0.000 0.006 0.002 0.006 0.085 0.876 
 219 I _   0.005 0.017 0.000 0.004 0.001 0.006 0.085 0.882 
 220 D _   0.004 0.017 0.000 0.004 0.001 0.006 0.084 0.884 
 221 H _   0.005 0.017 0.000 0.004 0.002 0.007 0.082 0.882 
 222 E _   0.006 0.021 0.000 0.005 0.002 0.010 0.080 0.877 
 223 K _   0.007 0.029 0.000 0.008 0.003 0.013 0.076 0.863 
 224 K _   0.009 0.046 0.001 0.012 0.006 0.017 0.072 0.836 
 225 A _   0.011 0.079 0.001 0.020 0.010 0.021 0.066 0.792 
 226 Y _   0.013 0.129 0.002 0.029 0.014 0.025 0.059 0.730 
 227 S _   0.014 0.189 0.002 0.040 0.018 0.028 0.051 0.658 
 228 F _   0.014 0.246 0.002 0.049 0.021 0.030 0.045 0.594 
 229 C _   0.014 0.289 0.002 0.056 0.022 0.030 0.039 0.546 
 230 G _   0.015 0.318 0.002 0.061 0.023 0.030 0.035 0.516 
 231 T _   0.015 0.334 0.002 0.064 0.023 0.030 0.032 0.500 
 232 V _   0.015 0.342 0.002 0.064 0.023 0.029 0.030 0.495 
 233 E _   0.015 0.342 0.002 0.062 0.022 0.028 0.028 0.501 
 234 Y _   0.015 0.336 0.002 0.058 0.021 0.026 0.027 0.515 
 235 M _   0.015 0.322 0.002 0.053 0.019 0.025 0.026 0.538 
 236 A _   0.015 0.300 0.002 0.047 0.017 0.023 0.026 0.569 
 237 P _   0.015 0.270 0.002 0.042 0.016 0.022 0.025 0.608 
 238 E _   0.016 0.232 0.002 0.037 0.014 0.021 0.025 0.655 
 239 V _   0.016 0.189 0.001 0.031 0.012 0.019 0.025 0.706 
 240 V _   0.016 0.145 0.001 0.026 0.010 0.018 0.025 0.759 
 241 N _   0.017 0.102 0.001 0.021 0.008 0.016 0.025 0.810 
 242 R _   0.018 0.064 0.001 0.016 0.007 0.014 0.025 0.855 
 243 R _   0.020 0.035 0.001 0.011 0.005 0.013 0.025 0.890 
 244 G _   0.024 0.016 0.001 0.007 0.004 0.011 0.024 0.912 
 245 H _   0.032 0.006 0.000 0.005 0.003 0.010 0.023 0.920 
 246 T _   0.047 0.002 0.000 0.003 0.003 0.010 0.021 0.914 
 247 Q _   0.072 0.000 0.000 0.002 0.003 0.010 0.020 0.892 
 248 S _   0.118 0.000 0.001 0.001 0.004 0.010 0.017 0.849 
 249 A _   0.189 0.000 0.001 0.001 0.005 0.011 0.015 0.779 
 250 D _   0.289 0.000 0.001 0.001 0.007 0.012 0.012 0.678 
 251 W _   0.417 0.000 0.001 0.001 0.009 0.014 0.009 0.549 
 252 W H   0.550 0.000 0.001 0.001 0.012 0.014 0.007 0.415 
 253 S H   0.669 0.000 0.001 0.001 0.015 0.014 0.005 0.294 
 254 F H   0.761 0.000 0.001 0.001 0.018 0.014 0.004 0.202 
 255 G H   0.823 0.000 0.001 0.001 0.019 0.013 0.003 0.140 
 256 V H   0.863 0.000 0.001 0.001 0.019 0.011 0.003 0.101 
 257 L H   0.884 0.000 0.001 0.001 0.020 0.010 0.003 0.081 
 258 M H   0.892 0.000 0.001 0.001 0.020 0.009 0.003 0.074 
 259 F H   0.888 0.000 0.001 0.001 0.020 0.009 0.003 0.077 
 260 E H   0.871 0.000 0.001 0.001 0.021 0.009 0.004 0.093 
 261 M H   0.835 0.000 0.002 0.001 0.022 0.009 0.006 0.126 
 262 L H   0.774 0.000 0.002 0.002 0.021 0.010 0.008 0.183 
 263 T H   0.683 0.000 0.002 0.003 0.019 0.010 0.012 0.270 
 264 G H   0.568 0.000 0.002 0.003 0.016 0.011 0.018 0.383 
 265 T _   0.441 0.000 0.001 0.003 0.012 0.010 0.025 0.508 
 266 L _   0.315 0.000 0.001 0.003 0.008 0.009 0.032 0.632 
 267 P _   0.207 0.000 0.001 0.002 0.005 0.008 0.039 0.738 
 268 F _   0.125 0.000 0.000 0.002 0.003 0.007 0.044 0.818 
 269 Q _   0.071 0.000 0.000 0.002 0.002 0.006 0.047 0.871 
 270 G _   0.041 0.000 0.000 0.001 0.002 0.006 0.050 0.900 
 271 K _   0.027 0.000 0.000 0.001 0.001 0.007 0.052 0.911 
 272 D _   0.022 0.000 0.000 0.001 0.002 0.009 0.053 0.912 
 273 R _   0.022 0.002 0.000 0.003 0.003 0.013 0.054 0.903 
 274 K _   0.026 0.007 0.001 0.006 0.006 0.020 0.055 0.881 
 275 E _   0.030 0.024 0.001 0.013 0.011 0.027 0.055 0.839 
 276 T _   0.033 0.061 0.002 0.025 0.018 0.033 0.055 0.773 
 277 M _   0.034 0.109 0.002 0.041 0.024 0.037 0.055 0.699 
 278 T _   0.034 0.148 0.002 0.054 0.027 0.039 0.055 0.642 
 279 M _   0.033 0.172 0.002 0.063 0.028 0.039 0.056 0.608 
 280 I _   0.031 0.183 0.002 0.067 0.028 0.038 0.058 0.594 
 281 L _   0.030 0.186 0.002 0.065 0.026 0.036 0.060 0.595 
 282 K _   0.028 0.182 0.002 0.059 0.024 0.033 0.063 0.609 
 283 A _   0.026 0.171 0.002 0.049 0.020 0.030 0.067 0.634 
 284 K _   0.024 0.153 0.002 0.038 0.017 0.027 0.072 0.669 
 285 L _   0.022 0.129 0.001 0.027 0.013 0.024 0.077 0.707 
 286 G _   0.020 0.104 0.001 0.019 0.009 0.021 0.082 0.743 
 287 M _   0.018 0.084 0.001 0.013 0.007 0.019 0.086 0.772 
 288 P _   0.016 0.072 0.001 0.009 0.005 0.018 0.090 0.790 
 289 Q _   0.015 0.065 0.000 0.007 0.004 0.017 0.093 0.799 
 290 F _   0.014 0.062 0.000 0.006 0.004 0.017 0.095 0.801 
 291 L _   0.014 0.063 0.000 0.006 0.004 0.018 0.097 0.798 
 292 S _   0.014 0.066 0.001 0.008 0.005 0.019 0.099 0.789 
 293 P _   0.015 0.073 0.001 0.011 0.007 0.021 0.100 0.772 
 294 E _   0.016 0.086 0.001 0.017 0.009 0.022 0.101 0.748 
 295 A _   0.017 0.103 0.001 0.024 0.012 0.024 0.102 0.717 
 296 Q _   0.018 0.120 0.001 0.033 0.014 0.025 0.103 0.685 
 297 S _   0.018 0.135 0.001 0.041 0.016 0.025 0.105 0.659 
 298 L _   0.018 0.144 0.001 0.048 0.016 0.025 0.108 0.640 
 299 L _   0.018 0.147 0.001 0.051 0.016 0.023 0.112 0.631 
 300 R _   0.017 0.146 0.001 0.051 0.015 0.022 0.116 0.632 
 301 M _   0.016 0.140 0.001 0.046 0.013 0.019 0.122 0.642 
 302 L _   0.015 0.128 0.001 0.039 0.011 0.017 0.129 0.660 
 303 F _   0.013 0.109 0.001 0.030 0.009 0.015 0.136 0.686 
 304 K _   0.012 0.087 0.001 0.022 0.006 0.012 0.144 0.715 
 305 R _   0.010 0.067 0.001 0.015 0.005 0.010 0.152 0.741 
 306 N _   0.009 0.051 0.000 0.010 0.003 0.008 0.158 0.760 
 307 P _   0.008 0.042 0.000 0.007 0.002 0.007 0.163 0.771 
 308 A _   0.007 0.037 0.000 0.005 0.002 0.006 0.166 0.777 
 309 N _   0.006 0.034 0.000 0.005 0.002 0.006 0.169 0.779 
 310 R _   0.006 0.034 0.000 0.004 0.002 0.006 0.170 0.778 
 311 L _   0.006 0.035 0.000 0.005 0.002 0.006 0.171 0.776 
 312 G _   0.005 0.038 0.000 0.006 0.002 0.006 0.172 0.771 
 313 A _   0.005 0.043 0.000 0.007 0.002 0.007 0.171 0.765 
 314 G _   0.005 0.051 0.000 0.008 0.003 0.008 0.170 0.756 
 315 P _   0.005 0.062 0.000 0.010 0.003 0.009 0.168 0.743 
 316 D _   0.005 0.077 0.000 0.012 0.004 0.010 0.166 0.727 
 317 G _   0.006 0.096 0.001 0.014 0.004 0.011 0.163 0.705 
 318 V _   0.006 0.121 0.001 0.016 0.005 0.013 0.159 0.679 
 319 E _   0.006 0.150 0.001 0.019 0.006 0.014 0.156 0.648 
 320 E _   0.007 0.182 0.001 0.022 0.007 0.015 0.152 0.615 
 321 I _   0.007 0.216 0.001 0.025 0.008 0.016 0.148 0.578 
 322 K _   0.006 0.249 0.001 0.028 0.009 0.016 0.146 0.544 
 323 R _   0.006 0.277 0.001 0.031 0.010 0.017 0.143 0.514 
 324 H _   0.006 0.299 0.001 0.034 0.011 0.017 0.142 0.490 
 325 S _   0.006 0.315 0.001 0.036 0.011 0.017 0.141 0.472 
 326 F _   0.006 0.325 0.001 0.038 0.011 0.017 0.141 0.461 
 327 F _   0.007 0.330 0.001 0.038 0.011 0.016 0.142 0.455 
 328 S _   0.007 0.331 0.001 0.037 0.010 0.016 0.144 0.454 
 329 T _   0.007 0.327 0.001 0.035 0.010 0.015 0.147 0.458 
 330 I _   0.008 0.319 0.001 0.033 0.010 0.015 0.150 0.464 
 331 D _   0.008 0.307 0.001 0.031 0.009 0.015 0.155 0.475 
 332 W _   0.009 0.291 0.001 0.028 0.009 0.014 0.160 0.488 
 333 N _   0.009 0.271 0.001 0.026 0.009 0.014 0.166 0.503 
 334 K _   0.010 0.249 0.001 0.025 0.009 0.014 0.174 0.519 
 335 L _   0.010 0.224 0.001 0.024 0.008 0.014 0.182 0.537 
 336 Y _   0.011 0.199 0.001 0.023 0.008 0.014 0.192 0.554 
 337 R _   0.011 0.173 0.001 0.022 0.007 0.013 0.202 0.572 
 338 R _   0.010 0.147 0.001 0.020 0.007 0.012 0.212 0.591 
 339 E _   0.010 0.122 0.001 0.018 0.006 0.011 0.222 0.609 
 340 I _   0.009 0.100 0.001 0.016 0.005 0.010 0.232 0.627 
 341 H _   0.009 0.079 0.001 0.013 0.004 0.009 0.241 0.644 
 342 P _   0.008 0.062 0.001 0.011 0.003 0.008 0.249 0.658 
 343 P _   0.007 0.049 0.000 0.008 0.003 0.007 0.256 0.669 
 344 F _   0.006 0.040 0.000 0.007 0.002 0.007 0.262 0.676 
 345 K _   0.005 0.034 0.000 0.006 0.002 0.006 0.266 0.680 
 346 P _   0.005 0.031 0.000 0.005 0.002 0.006 0.270 0.681 
 347 A _   0.005 0.029 0.000 0.005 0.002 0.006 0.273 0.681 
 348 T _   0.004 0.028 0.000 0.006 0.002 0.006 0.275 0.679 
 349 G _   0.004 0.029 0.000 0.006 0.002 0.006 0.276 0.676 
 350 R _   0.005 0.030 0.000 0.008 0.002 0.007 0.277 0.671 
 351 P _   0.005 0.033 0.000 0.010 0.003 0.008 0.277 0.665 
 352 E _   0.005 0.036 0.000 0.012 0.003 0.008 0.277 0.658 
 353 D _   0.005 0.040 0.000 0.015 0.004 0.009 0.278 0.650 
 354 T _   0.005 0.043 0.001 0.018 0.004 0.010 0.278 0.641 
 355 F _   0.005 0.046 0.001 0.021 0.005 0.010 0.279 0.633 
 356 Y _   0.005 0.048 0.001 0.024 0.005 0.010 0.280 0.626 
 357 F _   0.006 0.049 0.001 0.026 0.006 0.011 0.282 0.621 
 358 D _   0.006 0.049 0.001 0.027 0.006 0.011 0.285 0.617 
 359 P _   0.006 0.047 0.001 0.027 0.005 0.010 0.288 0.616 
 360 E _   0.006 0.044 0.001 0.025 0.005 0.010 0.292 0.617 
 361 F _   0.006 0.039 0.001 0.022 0.004 0.009 0.297 0.622 
 362 T _   0.006 0.033 0.000 0.018 0.004 0.008 0.301 0.629 
 363 A _   0.006 0.026 0.000 0.014 0.003 0.007 0.306 0.637 
 364 K _   0.005 0.019 0.000 0.011 0.002 0.006 0.310 0.645 
 365 T _   0.005 0.013 0.000 0.008 0.002 0.005 0.314 0.652 
 366 P _   0.004 0.009 0.000 0.006 0.001 0.005 0.316 0.658 
 367 K _   0.004 0.006 0.000 0.004 0.001 0.004 0.318 0.662 
 368 D _   0.004 0.005 0.000 0.003 0.001 0.004 0.318 0.666 
 369 S _   0.003 0.004 0.000 0.003 0.001 0.004 0.317 0.668 
 370 P _   0.003 0.004 0.000 0.003 0.001 0.004 0.315 0.670 
 371 G _   0.003 0.004 0.000 0.003 0.001 0.005 0.312 0.672 
 372 I _   0.003 0.005 0.000 0.003 0.001 0.006 0.307 0.673 
 373 P _   0.004 0.007 0.000 0.005 0.002 0.009 0.301 0.672 
 374 P _   0.005 0.012 0.000 0.006 0.003 0.013 0.293 0.668 
 375 S _   0.007 0.021 0.001 0.009 0.004 0.018 0.282 0.657 
 376 A _   0.010 0.037 0.001 0.014 0.007 0.024 0.269 0.638 
 377 N _   0.014 0.063 0.001 0.019 0.012 0.031 0.253 0.608 
 378 A _   0.018 0.100 0.002 0.025 0.018 0.039 0.234 0.564 
 379 H _   0.023 0.148 0.002 0.033 0.026 0.046 0.213 0.509 
 380 Q _   0.027 0.204 0.003 0.041 0.035 0.052 0.192 0.446 
 381 L _   0.029 0.257 0.003 0.050 0.042 0.055 0.175 0.389 
 382 F _   0.032 0.298 0.003 0.060 0.046 0.056 0.161 0.345 
 383 R E   0.033 0.326 0.003 0.069 0.048 0.055 0.150 0.317 
 384 G E   0.034 0.340 0.002 0.076 0.047 0.052 0.143 0.305 
 385 F E   0.036 0.344 0.002 0.078 0.045 0.049 0.138 0.307 
 386 S E   0.036 0.340 0.002 0.077 0.041 0.045 0.135 0.323 
 387 F _   0.036 0.323 0.002 0.071 0.036 0.041 0.133 0.357 
 388 V _   0.036 0.287 0.003 0.060 0.031 0.037 0.133 0.414 
 389 A _   0.036 0.225 0.003 0.046 0.025 0.032 0.133 0.501 
 390 I _   0.035 0.142 0.002 0.031 0.018 0.028 0.133 0.610 
 391 T _   0.033 0.067 0.002 0.017 0.012 0.024 0.134 0.711 
 392 S _   0.030 0.022 0.001 0.008 0.007 0.021 0.133 0.779 
 393 D _   0.028 0.005 0.000 0.003 0.004 0.018 0.131 0.810 
 394 D _   0.029 0.001 0.000 0.002 0.003 0.018 0.129 0.819 
 395 E _   0.035 0.000 0.000 0.001 0.003 0.019 0.126 0.815 
 396 S _   0.049 0.000 0.000 0.001 0.004 0.023 0.123 0.800 
 397 Q _   0.071 0.000 0.001 0.002 0.006 0.030 0.119 0.771 
 398 A _   0.101 0.001 0.001 0.003 0.011 0.038 0.114 0.730 
 399 M _   0.135 0.002 0.001 0.006 0.020 0.048 0.110 0.677 
 400 Q _   0.167 0.006 0.002 0.010 0.030 0.056 0.105 0.622 
 401 T _   0.195 0.013 0.002 0.015 0.041 0.063 0.101 0.570 
 402 V _   0.214 0.020 0.003 0.020 0.050 0.067 0.098 0.528 
 403 G _   0.228 0.026 0.003 0.025 0.055 0.068 0.096 0.499 
 404 V _   0.235 0.030 0.003 0.028 0.057 0.068 0.095 0.484 
 405 H _   0.235 0.033 0.003 0.030 0.057 0.065 0.095 0.484 
 406 S _   0.227 0.033 0.003 0.030 0.053 0.061 0.095 0.498 
 407 I _   0.214 0.031 0.003 0.028 0.047 0.056 0.096 0.524 
 408 V _   0.195 0.028 0.002 0.025 0.039 0.050 0.098 0.563 
 409 Q _   0.169 0.023 0.002 0.021 0.031 0.044 0.101 0.610 
 410 Q _   0.140 0.017 0.002 0.017 0.022 0.037 0.103 0.661 
 411 L _   0.112 0.012 0.001 0.013 0.016 0.031 0.106 0.710 
 412 H _   0.085 0.009 0.001 0.010 0.011 0.025 0.108 0.752 
 413 R _   0.063 0.006 0.001 0.008 0.007 0.020 0.110 0.785 
 414 N _   0.046 0.004 0.001 0.007 0.005 0.016 0.111 0.810 
 415 S _   0.033 0.004 0.000 0.006 0.004 0.014 0.112 0.827 
 416 I _   0.024 0.003 0.000 0.006 0.003 0.011 0.112 0.839 
 417 Q _   0.018 0.003 0.000 0.006 0.003 0.010 0.113 0.848 
 418 F _   0.013 0.003 0.000 0.005 0.003 0.009 0.112 0.854 
 419 T _   0.010 0.004 0.000 0.005 0.002 0.008 0.112 0.858 
 420 D _   0.008 0.004 0.000 0.005 0.002 0.008 0.110 0.861 
 421 G _   0.007 0.006 0.000 0.006 0.003 0.008 0.109 0.862 
 422 Y _   0.007 0.008 0.000 0.006 0.003 0.008 0.107 0.861 
 423 E _   0.007 0.011 0.000 0.007 0.003 0.009 0.105 0.859 
 424 V _   0.007 0.016 0.000 0.008 0.003 0.010 0.103 0.853 
 425 K _   0.007 0.023 0.001 0.010 0.004 0.011 0.100 0.844 
 426 E _   0.008 0.035 0.001 0.012 0.005 0.013 0.097 0.831 
 427 D _   0.008 0.050 0.001 0.015 0.007 0.015 0.093 0.812 
 428 I _   0.009 0.070 0.001 0.018 0.008 0.017 0.089 0.788 
 429 G _   0.009 0.094 0.001 0.022 0.010 0.018 0.085 0.761 
 430 V _   0.010 0.118 0.001 0.026 0.011 0.020 0.081 0.733 
 431 G _   0.011 0.141 0.001 0.029 0.013 0.022 0.077 0.707 
 432 S _   0.011 0.160 0.001 0.032 0.014 0.023 0.074 0.686 
 433 Y _   0.011 0.176 0.001 0.033 0.015 0.024 0.071 0.669 
 434 S _   0.012 0.187 0.001 0.034 0.015 0.025 0.069 0.657 
 435 V _   0.012 0.194 0.001 0.033 0.015 0.025 0.067 0.651 
 436 C _   0.013 0.199 0.001 0.032 0.015 0.025 0.066 0.649 
 437 K _   0.013 0.201 0.001 0.030 0.014 0.025 0.065 0.651 
 438 R _   0.014 0.201 0.001 0.027 0.013 0.025 0.065 0.655 
 439 C _   0.015 0.199 0.001 0.023 0.012 0.025 0.064 0.661 
 440 I _   0.016 0.197 0.001 0.021 0.011 0.025 0.064 0.666 
 441 H _   0.017 0.195 0.001 0.019 0.011 0.025 0.064 0.669 
 442 K _   0.018 0.193 0.001 0.019 0.011 0.025 0.064 0.670 
 443 A _   0.019 0.193 0.001 0.020 0.012 0.025 0.063 0.668 
 444 T _   0.020 0.193 0.001 0.022 0.013 0.025 0.064 0.663 
 445 N _   0.021 0.194 0.001 0.026 0.013 0.025 0.064 0.656 
 446 M _   0.021 0.193 0.001 0.030 0.014 0.024 0.065 0.651 
 447 E _   0.022 0.191 0.001 0.034 0.014 0.023 0.066 0.649 
 448 F _   0.021 0.184 0.001 0.036 0.014 0.022 0.067 0.654 
 449 A _   0.020 0.173 0.001 0.036 0.012 0.020 0.070 0.668 
 450 V _   0.019 0.155 0.001 0.033 0.011 0.018 0.072 0.691 
 451 K _   0.017 0.128 0.001 0.027 0.009 0.016 0.075 0.727 
 452 I _   0.015 0.095 0.001 0.021 0.007 0.013 0.078 0.770 
 453 I _   0.013 0.063 0.001 0.014 0.005 0.011 0.081 0.813 
 454 D _   0.011 0.039 0.001 0.009 0.003 0.009 0.082 0.847 
 455 K _   0.009 0.024 0.000 0.005 0.002 0.007 0.083 0.869 
 456 S _   0.007 0.018 0.000 0.003 0.001 0.007 0.083 0.881 
 457 K _   0.006 0.016 0.000 0.002 0.001 0.007 0.082 0.886 
 458 R _   0.006 0.016 0.000 0.003 0.002 0.008 0.081 0.884 
 459 D _   0.007 0.020 0.000 0.005 0.002 0.010 0.079 0.876 
 460 P _   0.009 0.031 0.001 0.009 0.005 0.014 0.076 0.856 
 461 T _   0.011 0.061 0.001 0.017 0.008 0.018 0.072 0.813 
 462 E _   0.012 0.115 0.001 0.029 0.012 0.022 0.066 0.743 
 463 E _   0.013 0.182 0.002 0.041 0.015 0.024 0.059 0.665 
 464 I _   0.012 0.238 0.002 0.052 0.017 0.024 0.053 0.602 
 465 E _   0.011 0.273 0.001 0.059 0.017 0.024 0.049 0.565 
 466 I _   0.011 0.291 0.001 0.061 0.017 0.023 0.046 0.548 
 467 L _   0.011 0.298 0.001 0.060 0.016 0.023 0.045 0.546 
 468 L _   0.011 0.298 0.001 0.055 0.016 0.021 0.044 0.554 
 469 R _   0.010 0.291 0.001 0.048 0.014 0.020 0.043 0.571 
 470 Y _   0.010 0.278 0.001 0.040 0.013 0.019 0.043 0.596 
 471 G _   0.010 0.258 0.001 0.033 0.011 0.018 0.043 0.625 
 472 Q _   0.010 0.236 0.001 0.027 0.010 0.017 0.043 0.655 
 473 H _   0.010 0.215 0.001 0.023 0.009 0.016 0.044 0.681 
 474 P _   0.010 0.197 0.001 0.021 0.008 0.015 0.045 0.703 
 475 N _   0.010 0.181 0.001 0.020 0.007 0.015 0.045 0.721 
 476 I _   0.010 0.166 0.001 0.020 0.007 0.014 0.046 0.736 
 477 I _   0.010 0.151 0.001 0.019 0.006 0.013 0.046 0.752 
 478 T _   0.010 0.135 0.001 0.018 0.006 0.013 0.047 0.770 
 479 L _   0.009 0.118 0.001 0.017 0.006 0.012 0.048 0.790 
 480 K _   0.009 0.099 0.001 0.014 0.005 0.011 0.048 0.814 
 481 D _   0.008 0.081 0.001 0.011 0.004 0.010 0.049 0.836 
 482 V _   0.007 0.067 0.000 0.008 0.003 0.010 0.049 0.855 
 483 Y _   0.007 0.058 0.000 0.006 0.003 0.010 0.049 0.868 
 484 D _   0.007 0.053 0.000 0.005 0.003 0.010 0.048 0.873 
 485 D _   0.008 0.052 0.000 0.005 0.003 0.011 0.048 0.873 
 486 G _   0.010 0.054 0.000 0.006 0.004 0.013 0.047 0.867 
 487 K _   0.012 0.059 0.001 0.009 0.005 0.016 0.046 0.853 
 488 Y _   0.014 0.071 0.001 0.013 0.008 0.020 0.044 0.830 
 489 V _   0.015 0.088 0.001 0.020 0.011 0.023 0.042 0.800 
 490 Y _   0.017 0.108 0.001 0.027 0.014 0.025 0.041 0.768 
 491 V _   0.018 0.127 0.001 0.034 0.016 0.026 0.039 0.739 
 492 V _   0.018 0.140 0.001 0.038 0.017 0.027 0.038 0.720 
 493 T _   0.018 0.147 0.001 0.041 0.017 0.027 0.037 0.711 
 494 E _   0.018 0.150 0.001 0.040 0.017 0.027 0.037 0.710 
 495 L _   0.017 0.149 0.001 0.037 0.016 0.025 0.036 0.718 
 496 M _   0.017 0.143 0.001 0.033 0.014 0.024 0.037 0.731 
 497 K _   0.016 0.135 0.001 0.028 0.013 0.023 0.037 0.748 
 498 G _   0.015 0.124 0.001 0.024 0.011 0.021 0.037 0.767 
 499 G _   0.015 0.112 0.001 0.020 0.010 0.020 0.038 0.784 
 500 E _   0.014 0.101 0.001 0.018 0.008 0.019 0.039 0.800 
 501 L _   0.014 0.091 0.001 0.017 0.008 0.018 0.039 0.812 
 502 L _   0.014 0.081 0.001 0.016 0.007 0.018 0.040 0.823 
 503 D _   0.014 0.072 0.001 0.016 0.007 0.017 0.041 0.833 
 504 K _   0.014 0.063 0.001 0.016 0.007 0.017 0.041 0.842 
 505 I _   0.013 0.053 0.001 0.015 0.007 0.016 0.042 0.853 
 506 L _   0.013 0.043 0.001 0.014 0.006 0.016 0.043 0.864 
 507 R _   0.014 0.033 0.001 0.012 0.006 0.015 0.043 0.876 
 508 Q _   0.014 0.022 0.001 0.010 0.005 0.015 0.044 0.889 
 509 K _   0.015 0.014 0.001 0.008 0.004 0.015 0.044 0.899 
 510 F _   0.017 0.007 0.000 0.006 0.004 0.016 0.044 0.905 
 511 F _   0.020 0.004 0.000 0.004 0.004 0.017 0.044 0.907 
 512 S _   0.026 0.002 0.000 0.004 0.004 0.019 0.044 0.901 
 513 E _   0.036 0.001 0.000 0.003 0.005 0.023 0.043 0.889 
 514 R _   0.050 0.001 0.001 0.003 0.007 0.028 0.043 0.868 
 515 E _   0.071 0.001 0.001 0.004 0.010 0.034 0.042 0.838 
 516 A _   0.095 0.001 0.001 0.006 0.016 0.042 0.041 0.799 
 517 S _   0.121 0.002 0.001 0.008 0.023 0.049 0.040 0.755 
 518 A _   0.148 0.004 0.002 0.012 0.031 0.056 0.039 0.709 
 519 V _   0.171 0.006 0.002 0.015 0.038 0.061 0.039 0.669 
 520 L _   0.188 0.007 0.002 0.018 0.043 0.064 0.038 0.639 
 521 F _   0.200 0.008 0.002 0.020 0.046 0.064 0.039 0.621 
 522 T _   0.206 0.009 0.002 0.020 0.046 0.064 0.039 0.615 
 523 I _   0.206 0.008 0.002 0.018 0.044 0.062 0.040 0.619 
 524 T _   0.202 0.007 0.002 0.015 0.040 0.059 0.041 0.633 
 525 K _   0.192 0.006 0.002 0.013 0.035 0.055 0.042 0.654 
 526 T _   0.179 0.006 0.002 0.011 0.030 0.052 0.044 0.677 
 527 V _   0.163 0.005 0.002 0.010 0.025 0.048 0.046 0.701 
 528 E _   0.145 0.005 0.001 0.010 0.022 0.044 0.048 0.724 
 529 Y _   0.127 0.005 0.001 0.011 0.019 0.041 0.050 0.745 
 530 L _   0.108 0.006 0.001 0.013 0.017 0.038 0.052 0.765 
 531 H _   0.091 0.006 0.001 0.015 0.016 0.034 0.055 0.781 
 532 A _   0.075 0.007 0.001 0.017 0.014 0.031 0.057 0.797 
 533 Q _   0.060 0.007 0.001 0.018 0.013 0.027 0.060 0.814 
 534 G _   0.048 0.007 0.001 0.018 0.011 0.024 0.062 0.830 
 535 V _   0.037 0.007 0.001 0.016 0.009 0.020 0.065 0.846 
 536 V _   0.029 0.006 0.001 0.014 0.007 0.017 0.067 0.859 
 537 H _   0.022 0.005 0.001 0.012 0.006 0.015 0.069 0.871 
 538 R _   0.018 0.004 0.001 0.010 0.005 0.013 0.071 0.880 
 539 D _   0.014 0.004 0.000 0.008 0.004 0.011 0.072 0.886 
 540 L _   0.012 0.003 0.000 0.008 0.003 0.010 0.074 0.889 
 541 K _   0.010 0.003 0.000 0.008 0.003 0.009 0.075 0.890 
 542 P _   0.009 0.003 0.000 0.009 0.003 0.009 0.077 0.890 
 543 S _   0.009 0.003 0.000 0.010 0.003 0.009 0.078 0.888 
 544 N _   0.009 0.003 0.000 0.011 0.003 0.009 0.079 0.886 
 545 I _   0.008 0.004 0.000 0.011 0.003 0.008 0.080 0.884 
 546 L _   0.008 0.004 0.000 0.011 0.003 0.008 0.081 0.885 
 547 Y _   0.007 0.003 0.000 0.010 0.003 0.007 0.082 0.887 
 548 V _   0.007 0.003 0.000 0.008 0.003 0.007 0.082 0.890 
 549 D _   0.006 0.002 0.000 0.006 0.002 0.006 0.082 0.894 
 550 E _   0.005 0.002 0.000 0.005 0.002 0.006 0.082 0.898 
 551 S _   0.005 0.002 0.000 0.003 0.001 0.006 0.081 0.901 
 552 G _   0.005 0.002 0.000 0.003 0.001 0.007 0.080 0.901 
 553 N _   0.006 0.002 0.000 0.003 0.002 0.009 0.079 0.899 
 554 P _   0.008 0.004 0.000 0.004 0.003 0.012 0.077 0.892 
 555 E _   0.012 0.009 0.000 0.007 0.005 0.018 0.074 0.875 
 556 S _   0.016 0.023 0.001 0.012 0.009 0.024 0.070 0.843 
 557 I _   0.021 0.052 0.001 0.023 0.015 0.032 0.065 0.790 
 558 R _   0.024 0.093 0.002 0.038 0.022 0.038 0.060 0.723 
 559 I _   0.026 0.133 0.002 0.053 0.027 0.041 0.055 0.663 
 560 C _   0.027 0.160 0.002 0.066 0.030 0.043 0.051 0.621 
 561 D _   0.026 0.175 0.002 0.074 0.031 0.043 0.048 0.600 
 562 F _   0.026 0.181 0.002 0.076 0.030 0.042 0.045 0.597 
 563 G _   0.026 0.179 0.002 0.072 0.028 0.040 0.044 0.610 
 564 F _   0.025 0.169 0.002 0.062 0.025 0.037 0.043 0.637 
 565 A _   0.024 0.150 0.002 0.049 0.021 0.034 0.042 0.677 
 566 K _   0.024 0.121 0.002 0.036 0.017 0.031 0.042 0.728 
 567 Q _   0.023 0.087 0.001 0.023 0.013 0.028 0.042 0.782 
 568 L _   0.022 0.058 0.001 0.015 0.010 0.026 0.042 0.827 
 569 R _   0.020 0.041 0.001 0.009 0.007 0.025 0.041 0.855 
 570 A _   0.020 0.032 0.001 0.007 0.006 0.024 0.040 0.870 
 571 E _   0.020 0.029 0.001 0.006 0.006 0.024 0.039 0.875 
 572 N _   0.022 0.028 0.001 0.007 0.006 0.025 0.038 0.873 
 573 G _   0.023 0.029 0.001 0.009 0.008 0.026 0.037 0.868 
 574 L _   0.025 0.031 0.001 0.012 0.009 0.027 0.036 0.859 
 575 L _   0.027 0.033 0.001 0.015 0.011 0.028 0.034 0.851 
 576 M _   0.028 0.036 0.001 0.017 0.012 0.029 0.033 0.845 
 577 T _   0.028 0.037 0.001 0.018 0.013 0.029 0.031 0.842 
 578 P _   0.028 0.038 0.001 0.019 0.014 0.029 0.030 0.841 
 579 C _   0.028 0.038 0.001 0.018 0.014 0.029 0.029 0.843 
 580 Y _   0.027 0.039 0.001 0.018 0.014 0.028 0.028 0.846 
 581 T _   0.028 0.039 0.001 0.018 0.013 0.028 0.027 0.847 
 582 A _   0.028 0.039 0.001 0.019 0.013 0.027 0.026 0.847 
 583 N _   0.027 0.039 0.001 0.021 0.013 0.027 0.025 0.847 
 584 F _   0.026 0.039 0.001 0.023 0.013 0.026 0.024 0.847 
 585 V _   0.025 0.039 0.001 0.025 0.013 0.024 0.023 0.849 
 586 A _   0.024 0.038 0.001 0.027 0.013 0.023 0.023 0.852 
 587 P _   0.023 0.035 0.001 0.026 0.012 0.021 0.022 0.860 
 588 E _   0.022 0.031 0.001 0.024 0.010 0.019 0.022 0.871 
 589 V _   0.022 0.025 0.001 0.020 0.009 0.017 0.021 0.886 
 590 L _   0.022 0.018 0.001 0.015 0.007 0.014 0.021 0.902 
 591 K _   0.024 0.011 0.001 0.010 0.005 0.012 0.020 0.918 
 592 R _   0.027 0.005 0.000 0.006 0.004 0.010 0.019 0.928 
 593 Q _   0.034 0.002 0.000 0.004 0.003 0.009 0.018 0.930 
 594 G _   0.047 0.001 0.000 0.002 0.003 0.008 0.017 0.923 
 595 Y _   0.070 0.000 0.000 0.001 0.003 0.008 0.015 0.902 
 596 D _   0.110 0.000 0.000 0.001 0.003 0.009 0.014 0.863 
 597 A _   0.176 0.000 0.001 0.001 0.004 0.010 0.012 0.797 
 598 A _   0.275 0.000 0.001 0.001 0.006 0.011 0.009 0.697 
 599 C _   0.399 0.000 0.001 0.001 0.008 0.012 0.007 0.573 
 600 D H   0.530 0.000 0.001 0.001 0.010 0.013 0.005 0.440 
 601 I H   0.655 0.000 0.001 0.001 0.013 0.013 0.003 0.314 
 602 W H   0.756 0.000 0.001 0.001 0.014 0.012 0.002 0.213 
 603 S H   0.827 0.000 0.001 0.001 0.016 0.011 0.002 0.143 
 604 L H   0.872 0.000 0.001 0.001 0.016 0.010 0.001 0.099 
 605 G H   0.899 0.000 0.001 0.001 0.017 0.009 0.001 0.073 
 606 V H   0.912 0.000 0.001 0.001 0.017 0.008 0.001 0.060 
 607 L H   0.915 0.000 0.001 0.001 0.017 0.007 0.001 0.057 
 608 L H   0.909 0.000 0.001 0.001 0.018 0.007 0.002 0.062 
 609 Y H   0.894 0.000 0.001 0.001 0.019 0.007 0.002 0.075 
 610 T H   0.865 0.000 0.001 0.001 0.020 0.008 0.003 0.101 
 611 M H   0.816 0.000 0.002 0.002 0.021 0.009 0.005 0.145 
 612 L H   0.744 0.000 0.002 0.003 0.021 0.010 0.008 0.212 
 613 T H   0.649 0.000 0.002 0.004 0.020 0.011 0.012 0.302 
 614 G H   0.536 0.000 0.002 0.005 0.017 0.012 0.018 0.410 
 615 Y _   0.414 0.000 0.002 0.006 0.013 0.012 0.025 0.527 
 616 T _   0.299 0.000 0.001 0.006 0.009 0.011 0.033 0.640 
 617 P _   0.199 0.000 0.001 0.006 0.006 0.009 0.040 0.738 
 618 F _   0.123 0.000 0.001 0.005 0.004 0.008 0.045 0.815 
 619 A _   0.070 0.000 0.000 0.004 0.002 0.006 0.048 0.869 
 620 N _   0.037 0.000 0.000 0.002 0.002 0.005 0.050 0.903 
 621 G _   0.019 0.000 0.000 0.002 0.001 0.004 0.052 0.922 
 622 P _   0.011 0.001 0.000 0.002 0.001 0.004 0.052 0.929 
 623 D _   0.008 0.002 0.000 0.002 0.001 0.006 0.052 0.929 
 624 D _   0.008 0.006 0.000 0.004 0.002 0.008 0.051 0.920 
 625 T _   0.010 0.022 0.001 0.008 0.004 0.013 0.049 0.893 
 626 P _   0.013 0.068 0.001 0.017 0.009 0.019 0.046 0.827 
 627 E _   0.015 0.174 0.002 0.031 0.016 0.023 0.040 0.699 
 628 E _   0.014 0.328 0.003 0.045 0.020 0.024 0.033 0.534 
 629 I E   0.011 0.470 0.002 0.053 0.020 0.022 0.027 0.395 
 630 L E   0.008 0.563 0.002 0.056 0.017 0.020 0.024 0.312 
 631 A E   0.006 0.612 0.001 0.055 0.014 0.017 0.021 0.273 
 632 R E   0.005 0.636 0.001 0.053 0.012 0.015 0.020 0.257 
 633 I E   0.005 0.646 0.001 0.049 0.011 0.014 0.020 0.254 
 634 G E   0.004 0.647 0.001 0.045 0.010 0.013 0.020 0.259 
 635 S E   0.004 0.641 0.001 0.040 0.010 0.012 0.020 0.272 
 636 G E   0.005 0.627 0.001 0.036 0.009 0.012 0.020 0.291 
 637 K E   0.005 0.605 0.001 0.032 0.009 0.012 0.021 0.316 
 638 F E   0.005 0.577 0.001 0.029 0.009 0.012 0.022 0.346 
 639 S E   0.006 0.544 0.001 0.027 0.008 0.012 0.024 0.378 
 640 L E   0.006 0.510 0.001 0.026 0.008 0.012 0.026 0.412 
 641 S E   0.006 0.474 0.001 0.025 0.008 0.012 0.028 0.447 
 642 G _   0.006 0.436 0.001 0.024 0.007 0.012 0.030 0.483 
 643 G _   0.006 0.399 0.001 0.024 0.007 0.012 0.033 0.519 
 644 Y _   0.007 0.360 0.001 0.022 0.007 0.011 0.035 0.557 
 645 W _   0.007 0.318 0.001 0.021 0.006 0.011 0.038 0.598 
 646 N _   0.007 0.278 0.001 0.018 0.006 0.011 0.041 0.638 
 647 S _   0.006 0.241 0.001 0.016 0.005 0.011 0.043 0.676 
 648 V _   0.006 0.212 0.001 0.014 0.005 0.011 0.046 0.706 
 649 S _   0.006 0.189 0.001 0.012 0.004 0.012 0.048 0.728 
 650 D _   0.006 0.174 0.001 0.012 0.004 0.012 0.050 0.742 
 651 T _   0.007 0.164 0.001 0.012 0.004 0.013 0.051 0.749 
 652 A _   0.007 0.157 0.001 0.013 0.005 0.014 0.053 0.751 
 653 K _   0.008 0.152 0.001 0.015 0.005 0.015 0.054 0.750 
 654 D _   0.008 0.148 0.001 0.018 0.006 0.016 0.056 0.747 
 655 L _   0.009 0.143 0.001 0.021 0.008 0.018 0.057 0.743 
 656 V _   0.010 0.138 0.001 0.023 0.009 0.019 0.059 0.741 
 657 S _   0.011 0.130 0.001 0.025 0.009 0.020 0.062 0.743 
 658 K _   0.012 0.118 0.001 0.025 0.010 0.020 0.064 0.750 
 659 M _   0.013 0.102 0.001 0.023 0.010 0.021 0.068 0.763 
 660 L _   0.014 0.081 0.001 0.020 0.009 0.022 0.071 0.781 
 661 H _   0.016 0.059 0.001 0.016 0.008 0.023 0.075 0.801 
 662 V _   0.018 0.039 0.001 0.012 0.008 0.024 0.079 0.819 
 663 D _   0.022 0.025 0.001 0.009 0.007 0.026 0.083 0.829 
