#TopoPred_TM8: 8-state transmembrane topology prediction results by no_profile mode 
#probabilities are in the order of H E C I L F X _, the 8 transmembrane topology types used in PDBTM 
   1 M X   0.013 0.001 0.002 0.040 0.009 0.010 0.749 0.178 
   2 S X   0.005 0.000 0.000 0.024 0.002 0.006 0.768 0.196 
   3 D X   0.002 0.000 0.000 0.015 0.001 0.004 0.772 0.206 
   4 V X   0.002 0.001 0.000 0.012 0.001 0.005 0.769 0.211 
   5 A X   0.003 0.001 0.000 0.012 0.001 0.007 0.762 0.215 
   6 I X   0.004 0.002 0.000 0.012 0.002 0.009 0.751 0.220 
   7 V X   0.006 0.004 0.000 0.013 0.003 0.010 0.739 0.225 
   8 K X   0.007 0.006 0.000 0.015 0.004 0.012 0.724 0.232 
   9 E X   0.007 0.009 0.001 0.016 0.004 0.012 0.710 0.242 
  10 G X   0.007 0.011 0.001 0.017 0.005 0.012 0.695 0.254 
  11 W X   0.006 0.013 0.001 0.016 0.005 0.011 0.680 0.267 
  12 L X   0.006 0.015 0.001 0.015 0.005 0.011 0.667 0.281 
  13 H X   0.005 0.016 0.001 0.012 0.005 0.011 0.656 0.295 
  14 K X   0.005 0.017 0.000 0.011 0.004 0.010 0.645 0.307 
  15 R X   0.005 0.018 0.000 0.010 0.004 0.010 0.635 0.317 
  16 G X   0.005 0.019 0.000 0.009 0.004 0.010 0.626 0.326 
  17 E X   0.005 0.021 0.000 0.009 0.004 0.010 0.617 0.333 
  18 Y X   0.006 0.023 0.000 0.010 0.004 0.010 0.608 0.339 
  19 I X   0.006 0.026 0.001 0.011 0.005 0.011 0.599 0.343 
  20 K X   0.006 0.029 0.001 0.013 0.005 0.011 0.590 0.346 
  21 T X   0.006 0.032 0.001 0.014 0.006 0.011 0.581 0.350 
  22 W X   0.006 0.034 0.001 0.015 0.006 0.011 0.574 0.354 
  23 R X   0.006 0.036 0.001 0.016 0.006 0.011 0.567 0.358 
  24 P X   0.006 0.037 0.001 0.016 0.006 0.010 0.561 0.363 
  25 R X   0.006 0.038 0.001 0.016 0.005 0.010 0.556 0.369 
  26 Y X   0.006 0.037 0.001 0.014 0.005 0.009 0.552 0.376 
  27 F X   0.005 0.036 0.000 0.013 0.004 0.009 0.548 0.384 
  28 L X   0.005 0.035 0.000 0.011 0.004 0.008 0.545 0.392 
  29 L X   0.005 0.034 0.000 0.010 0.003 0.008 0.541 0.399 
  30 K X   0.005 0.033 0.000 0.009 0.003 0.007 0.538 0.405 
  31 N X   0.005 0.032 0.000 0.009 0.003 0.007 0.535 0.409 
  32 D X   0.005 0.031 0.000 0.010 0.003 0.007 0.531 0.412 
  33 G X   0.005 0.031 0.000 0.011 0.003 0.007 0.529 0.413 
  34 T X   0.005 0.031 0.000 0.012 0.004 0.007 0.526 0.414 
  35 F X   0.006 0.030 0.000 0.013 0.004 0.007 0.524 0.416 
  36 I X   0.005 0.029 0.000 0.014 0.004 0.007 0.522 0.418 
  37 G X   0.005 0.028 0.000 0.013 0.003 0.007 0.520 0.423 
  38 Y X   0.005 0.025 0.000 0.012 0.003 0.006 0.519 0.429 
  39 K X   0.005 0.022 0.000 0.010 0.003 0.006 0.518 0.437 
  40 E X   0.004 0.019 0.000 0.008 0.002 0.005 0.517 0.445 
  41 R X   0.004 0.015 0.000 0.006 0.002 0.004 0.515 0.453 
  42 P X   0.004 0.013 0.000 0.005 0.001 0.004 0.513 0.460 
  43 Q X   0.003 0.011 0.000 0.004 0.001 0.004 0.510 0.466 
  44 D X   0.003 0.011 0.000 0.003 0.001 0.004 0.507 0.471 
  45 V X   0.003 0.011 0.000 0.003 0.001 0.004 0.502 0.476 
  46 D X   0.003 0.011 0.000 0.004 0.001 0.004 0.496 0.480 
  47 Q X   0.003 0.013 0.000 0.004 0.001 0.005 0.489 0.484 
  48 R _   0.003 0.016 0.000 0.005 0.002 0.006 0.481 0.487 
  49 E _   0.004 0.021 0.000 0.007 0.002 0.007 0.470 0.489 
  50 A _   0.004 0.029 0.000 0.009 0.003 0.009 0.457 0.488 
  51 P _   0.004 0.041 0.001 0.012 0.004 0.011 0.442 0.485 
  52 L _   0.005 0.057 0.001 0.017 0.006 0.013 0.425 0.476 
  53 N _   0.006 0.080 0.001 0.023 0.008 0.016 0.406 0.460 
  54 N _   0.007 0.108 0.001 0.030 0.011 0.019 0.386 0.439 
  55 F _   0.007 0.137 0.001 0.038 0.013 0.021 0.367 0.415 
  56 S _   0.008 0.163 0.001 0.047 0.015 0.022 0.350 0.394 
  57 V _   0.008 0.183 0.001 0.056 0.016 0.023 0.336 0.377 
  58 A _   0.008 0.195 0.001 0.062 0.017 0.023 0.326 0.368 
  59 Q _   0.009 0.200 0.001 0.065 0.017 0.022 0.318 0.368 
  60 C _   0.009 0.200 0.001 0.064 0.016 0.021 0.312 0.376 
  61 Q _   0.009 0.193 0.001 0.060 0.015 0.020 0.309 0.393 
  62 L _   0.010 0.179 0.001 0.052 0.013 0.018 0.307 0.420 
  63 M _   0.010 0.153 0.001 0.042 0.012 0.017 0.306 0.459 
  64 K _   0.010 0.116 0.001 0.031 0.010 0.016 0.306 0.510 
  65 T _   0.010 0.074 0.001 0.020 0.007 0.014 0.307 0.566 
  66 E _   0.010 0.038 0.001 0.012 0.005 0.014 0.307 0.613 
  67 R _   0.010 0.016 0.000 0.007 0.004 0.013 0.306 0.644 
  68 P _   0.010 0.006 0.000 0.004 0.003 0.013 0.305 0.659 
  69 R _   0.012 0.003 0.000 0.002 0.002 0.014 0.302 0.664 
  70 P _   0.015 0.002 0.000 0.002 0.003 0.017 0.299 0.662 
  71 N _   0.022 0.001 0.000 0.003 0.004 0.022 0.295 0.653 
  72 T _   0.032 0.002 0.001 0.004 0.007 0.028 0.290 0.636 
  73 F _   0.044 0.004 0.001 0.006 0.012 0.037 0.285 0.611 
  74 I _   0.058 0.009 0.001 0.011 0.019 0.045 0.278 0.578 
  75 I _   0.071 0.018 0.002 0.016 0.028 0.053 0.272 0.541 
  76 R _   0.082 0.027 0.002 0.021 0.036 0.059 0.266 0.507 
  77 C _   0.090 0.035 0.002 0.026 0.043 0.062 0.261 0.480 
  78 L _   0.096 0.042 0.002 0.029 0.047 0.064 0.258 0.462 
  79 Q _   0.100 0.046 0.002 0.031 0.050 0.063 0.256 0.452 
  80 W _   0.100 0.049 0.002 0.032 0.049 0.061 0.255 0.451 
  81 T _   0.098 0.050 0.002 0.033 0.047 0.058 0.255 0.457 
  82 T _   0.094 0.049 0.002 0.032 0.042 0.053 0.256 0.471 
  83 V _   0.086 0.047 0.002 0.031 0.036 0.048 0.259 0.491 
  84 I _   0.077 0.043 0.002 0.028 0.029 0.042 0.263 0.516 
  85 E _   0.066 0.037 0.002 0.025 0.023 0.036 0.267 0.544 
  86 R _   0.055 0.030 0.001 0.021 0.017 0.030 0.271 0.575 
  87 T _   0.044 0.022 0.001 0.016 0.012 0.024 0.275 0.606 
  88 F _   0.033 0.014 0.001 0.012 0.008 0.020 0.279 0.635 
  89 H _   0.025 0.008 0.001 0.008 0.005 0.016 0.281 0.657 
  90 V _   0.018 0.004 0.000 0.005 0.003 0.013 0.282 0.674 
  91 E _   0.014 0.002 0.000 0.003 0.002 0.011 0.283 0.685 
  92 T _   0.012 0.001 0.000 0.002 0.002 0.010 0.282 0.691 
  93 P _   0.011 0.001 0.000 0.002 0.002 0.010 0.281 0.693 
  94 E _   0.012 0.001 0.000 0.002 0.002 0.012 0.279 0.692 
  95 E _   0.015 0.002 0.000 0.002 0.003 0.016 0.277 0.685 
  96 R _   0.021 0.005 0.001 0.004 0.006 0.021 0.274 0.669 
  97 E _   0.027 0.015 0.001 0.009 0.012 0.028 0.269 0.640 
  98 E _   0.033 0.040 0.002 0.017 0.019 0.034 0.263 0.591 
  99 W _   0.038 0.080 0.002 0.030 0.027 0.039 0.257 0.528 
 100 T _   0.040 0.123 0.002 0.043 0.031 0.041 0.252 0.467 
 101 T _   0.040 0.155 0.002 0.056 0.033 0.040 0.249 0.425 
 102 A _   0.039 0.173 0.002 0.065 0.032 0.039 0.248 0.402 
 103 I _   0.036 0.181 0.002 0.069 0.030 0.036 0.249 0.396 
 104 Q _   0.034 0.182 0.002 0.067 0.027 0.033 0.251 0.405 
 105 T _   0.030 0.175 0.002 0.060 0.023 0.029 0.255 0.427 
 106 V _   0.027 0.160 0.002 0.049 0.018 0.025 0.260 0.460 
 107 A _   0.023 0.134 0.001 0.037 0.014 0.021 0.266 0.504 
 108 D _   0.020 0.102 0.001 0.026 0.010 0.017 0.272 0.552 
 109 G _   0.017 0.070 0.001 0.018 0.007 0.014 0.279 0.595 
 110 L _   0.014 0.046 0.001 0.012 0.004 0.012 0.284 0.627 
 111 K _   0.011 0.031 0.000 0.008 0.003 0.010 0.288 0.648 
 112 K _   0.009 0.023 0.000 0.006 0.002 0.008 0.291 0.660 
 113 Q _   0.008 0.018 0.000 0.006 0.002 0.008 0.292 0.666 
 114 E _   0.007 0.015 0.000 0.006 0.002 0.007 0.293 0.669 
 115 E _   0.006 0.014 0.000 0.007 0.002 0.007 0.293 0.671 
 116 E _   0.006 0.013 0.000 0.008 0.002 0.007 0.293 0.671 
 117 E _   0.006 0.012 0.000 0.009 0.002 0.007 0.292 0.672 
 118 M _   0.006 0.012 0.000 0.010 0.002 0.007 0.291 0.673 
 119 D _   0.005 0.011 0.000 0.010 0.002 0.006 0.289 0.676 
 120 F _   0.005 0.010 0.000 0.009 0.002 0.006 0.287 0.680 
 121 R _   0.004 0.009 0.000 0.008 0.002 0.005 0.285 0.686 
 122 S _   0.004 0.008 0.000 0.007 0.002 0.005 0.282 0.693 
 123 G _   0.003 0.007 0.000 0.005 0.001 0.004 0.278 0.700 
 124 S _   0.003 0.007 0.000 0.004 0.001 0.004 0.274 0.706 
 125 P _   0.003 0.007 0.000 0.004 0.001 0.004 0.268 0.712 
 126 S _   0.003 0.008 0.000 0.004 0.001 0.005 0.262 0.716 
 127 D _   0.003 0.011 0.000 0.006 0.002 0.006 0.254 0.718 
 128 N _   0.004 0.017 0.000 0.009 0.003 0.008 0.244 0.716 
 129 S _   0.005 0.027 0.001 0.015 0.004 0.010 0.231 0.708 
 130 G _   0.005 0.042 0.001 0.023 0.006 0.012 0.217 0.694 
 131 A _   0.006 0.060 0.001 0.033 0.007 0.014 0.202 0.677 
 132 E _   0.006 0.076 0.001 0.042 0.009 0.016 0.188 0.663 
 133 E _   0.006 0.088 0.001 0.048 0.010 0.017 0.176 0.655 
 134 M _   0.006 0.094 0.001 0.050 0.010 0.017 0.166 0.656 
 135 E _   0.006 0.096 0.001 0.048 0.010 0.016 0.158 0.664 
 136 V _   0.006 0.095 0.001 0.043 0.009 0.015 0.151 0.679 
 137 S _   0.006 0.091 0.001 0.035 0.008 0.014 0.146 0.698 
 138 L _   0.006 0.084 0.001 0.027 0.007 0.013 0.142 0.720 
 139 A _   0.006 0.076 0.001 0.020 0.006 0.012 0.138 0.741 
 140 K _   0.006 0.067 0.001 0.014 0.005 0.012 0.135 0.760 
 141 P _   0.007 0.060 0.000 0.011 0.004 0.012 0.132 0.774 
 142 K _   0.007 0.056 0.000 0.009 0.004 0.012 0.128 0.783 
 143 H _   0.008 0.054 0.000 0.008 0.004 0.013 0.125 0.788 
 144 R _   0.009 0.054 0.000 0.009 0.004 0.014 0.121 0.788 
 145 V _   0.010 0.056 0.001 0.011 0.005 0.016 0.117 0.784 
 146 T _   0.011 0.060 0.001 0.014 0.007 0.017 0.113 0.779 
 147 M _   0.012 0.064 0.001 0.017 0.008 0.019 0.108 0.772 
 148 N _   0.013 0.068 0.001 0.020 0.009 0.020 0.104 0.765 
 149 E _   0.013 0.071 0.001 0.024 0.011 0.021 0.100 0.760 
 150 F _   0.014 0.073 0.001 0.026 0.011 0.021 0.096 0.758 
 151 E _   0.014 0.074 0.001 0.026 0.012 0.021 0.092 0.760 
 152 Y _   0.014 0.072 0.001 0.025 0.011 0.021 0.089 0.765 
 153 L _   0.014 0.070 0.001 0.024 0.011 0.021 0.087 0.773 
 154 K _   0.015 0.066 0.001 0.021 0.010 0.020 0.084 0.783 
 155 L _   0.015 0.061 0.001 0.019 0.009 0.019 0.082 0.794 
 156 L _   0.015 0.055 0.001 0.016 0.009 0.019 0.080 0.805 
 157 G _   0.016 0.050 0.001 0.014 0.008 0.018 0.079 0.814 
 158 K _   0.016 0.046 0.001 0.013 0.008 0.018 0.077 0.822 
 159 G _   0.016 0.042 0.001 0.012 0.007 0.018 0.076 0.828 
 160 T _   0.017 0.039 0.001 0.012 0.007 0.018 0.074 0.833 
 161 F _   0.017 0.037 0.001 0.012 0.007 0.018 0.073 0.836 
 162 G _   0.018 0.035 0.001 0.012 0.008 0.018 0.071 0.837 
 163 K _   0.018 0.034 0.001 0.013 0.008 0.018 0.070 0.838 
 164 V _   0.018 0.033 0.001 0.014 0.008 0.018 0.069 0.839 
 165 I _   0.018 0.032 0.001 0.015 0.008 0.018 0.068 0.841 
 166 L _   0.017 0.031 0.001 0.015 0.008 0.018 0.067 0.844 
 167 V _   0.017 0.029 0.001 0.014 0.008 0.017 0.065 0.849 
 168 K _   0.016 0.027 0.001 0.013 0.007 0.016 0.065 0.855 
 169 E _   0.015 0.025 0.001 0.012 0.007 0.016 0.064 0.861 
 170 K _   0.014 0.023 0.001 0.011 0.006 0.015 0.062 0.867 
 171 A _   0.014 0.022 0.001 0.010 0.006 0.015 0.061 0.872 
 172 T _   0.013 0.021 0.001 0.009 0.006 0.015 0.060 0.875 
 173 G _   0.013 0.020 0.001 0.009 0.006 0.015 0.059 0.877 
 174 R _   0.014 0.020 0.001 0.010 0.006 0.015 0.058 0.877 
 175 Y _   0.014 0.021 0.001 0.010 0.006 0.016 0.057 0.875 
 176 Y _   0.015 0.022 0.001 0.012 0.007 0.016 0.056 0.872 
 177 A _   0.015 0.023 0.001 0.013 0.008 0.017 0.055 0.868 
 178 M _   0.016 0.025 0.001 0.015 0.008 0.017 0.054 0.864 
 179 K _   0.016 0.026 0.001 0.016 0.009 0.018 0.054 0.861 
 180 I _   0.016 0.027 0.001 0.017 0.009 0.018 0.053 0.860 
 181 L _   0.016 0.027 0.001 0.017 0.008 0.018 0.053 0.860 
 182 K _   0.016 0.027 0.001 0.016 0.008 0.017 0.052 0.862 
 183 K _   0.016 0.026 0.001 0.015 0.008 0.017 0.052 0.866 
 184 E _   0.016 0.026 0.001 0.013 0.007 0.016 0.052 0.869 
 185 V _   0.016 0.025 0.001 0.012 0.007 0.016 0.052 0.873 
 186 I _   0.016 0.024 0.001 0.011 0.006 0.016 0.051 0.875 
 187 V _   0.016 0.024 0.001 0.010 0.006 0.016 0.051 0.876 
 188 A _   0.016 0.024 0.001 0.011 0.006 0.016 0.051 0.875 
 189 K _   0.016 0.024 0.001 0.011 0.007 0.017 0.051 0.873 
 190 D _   0.017 0.025 0.001 0.013 0.007 0.018 0.051 0.869 
 191 E _   0.017 0.027 0.001 0.014 0.008 0.018 0.051 0.864 
 192 V _   0.017 0.028 0.001 0.017 0.008 0.018 0.051 0.860 
 193 A _   0.017 0.029 0.001 0.019 0.009 0.018 0.051 0.856 
 194 H _   0.017 0.030 0.001 0.020 0.009 0.018 0.051 0.854 
 195 T _   0.017 0.029 0.001 0.021 0.009 0.018 0.051 0.855 
 196 L _   0.016 0.028 0.001 0.020 0.008 0.017 0.052 0.859 
 197 T _   0.015 0.025 0.001 0.018 0.007 0.015 0.052 0.866 
 198 E _   0.013 0.022 0.001 0.015 0.006 0.014 0.053 0.875 
 199 N _   0.012 0.019 0.001 0.013 0.005 0.013 0.054 0.884 
 200 R _   0.011 0.015 0.001 0.010 0.004 0.012 0.054 0.893 
 201 V _   0.011 0.012 0.000 0.007 0.004 0.011 0.054 0.900 
 202 L _   0.010 0.010 0.000 0.006 0.003 0.011 0.054 0.905 
 203 Q _   0.010 0.009 0.000 0.005 0.003 0.012 0.054 0.906 
 204 N _   0.011 0.009 0.000 0.005 0.003 0.013 0.054 0.904 
 205 S _   0.012 0.010 0.000 0.006 0.004 0.015 0.053 0.899 
 206 R _   0.014 0.013 0.001 0.009 0.006 0.017 0.053 0.889 
 207 H _   0.016 0.017 0.001 0.013 0.008 0.020 0.052 0.874 
 208 P _   0.018 0.024 0.001 0.019 0.010 0.022 0.051 0.855 
 209 F _   0.019 0.030 0.001 0.025 0.013 0.025 0.050 0.837 
 210 L _   0.020 0.036 0.001 0.031 0.015 0.026 0.049 0.822 
 211 T _   0.021 0.039 0.001 0.034 0.015 0.026 0.049 0.815 
 212 A _   0.020 0.039 0.001 0.035 0.015 0.026 0.048 0.816 
 213 L _   0.020 0.038 0.001 0.032 0.014 0.024 0.048 0.823 
 214 K _   0.018 0.034 0.001 0.027 0.012 0.023 0.048 0.837 
 215 Y _   0.018 0.028 0.001 0.020 0.010 0.021 0.049 0.855 
 216 S _   0.017 0.021 0.001 0.014 0.007 0.019 0.049 0.872 
 217 F _   0.016 0.016 0.001 0.009 0.006 0.018 0.049 0.886 
 218 Q _   0.016 0.012 0.001 0.006 0.005 0.017 0.049 0.894 
 219 T _   0.016 0.010 0.000 0.005 0.004 0.018 0.049 0.897 
 220 H _   0.017 0.010 0.000 0.005 0.005 0.019 0.048 0.896 
 221 D _   0.019 0.011 0.001 0.006 0.006 0.020 0.048 0.889 
 222 R _   0.022 0.014 0.001 0.008 0.008 0.023 0.047 0.877 
 223 L _   0.025 0.019 0.001 0.012 0.010 0.025 0.046 0.862 
 224 C _   0.027 0.025 0.001 0.016 0.013 0.027 0.045 0.845 
 225 F _   0.029 0.031 0.001 0.021 0.015 0.029 0.045 0.830 
 226 V _   0.030 0.036 0.001 0.023 0.016 0.030 0.044 0.819 
 227 M _   0.030 0.040 0.001 0.024 0.016 0.030 0.044 0.815 
 228 E _   0.029 0.042 0.001 0.023 0.015 0.030 0.044 0.815 
 229 Y _   0.028 0.042 0.001 0.021 0.014 0.029 0.044 0.820 
 230 A _   0.027 0.042 0.001 0.019 0.013 0.028 0.044 0.825 
 231 N _   0.026 0.042 0.001 0.017 0.012 0.028 0.044 0.830 
 232 G _   0.026 0.041 0.001 0.015 0.012 0.027 0.044 0.834 
 233 G _   0.026 0.042 0.001 0.015 0.011 0.027 0.044 0.835 
 234 E _   0.025 0.042 0.001 0.016 0.011 0.026 0.044 0.834 
 235 L _   0.025 0.043 0.001 0.018 0.011 0.026 0.044 0.833 
 236 F _   0.023 0.043 0.001 0.019 0.012 0.025 0.044 0.832 
 237 F _   0.022 0.043 0.001 0.021 0.012 0.024 0.045 0.833 
 238 H _   0.020 0.043 0.001 0.022 0.011 0.023 0.045 0.835 
 239 L _   0.018 0.041 0.001 0.022 0.011 0.021 0.045 0.840 
 240 S _   0.017 0.038 0.001 0.021 0.010 0.019 0.046 0.849 
 241 R _   0.015 0.034 0.001 0.019 0.008 0.018 0.047 0.859 
 242 E _   0.014 0.029 0.001 0.016 0.007 0.016 0.047 0.870 
 243 R _   0.012 0.024 0.001 0.013 0.006 0.015 0.048 0.882 
 244 V _   0.011 0.019 0.001 0.010 0.005 0.014 0.049 0.893 
 245 F _   0.011 0.015 0.000 0.007 0.004 0.014 0.049 0.900 
 246 S _   0.011 0.013 0.000 0.006 0.003 0.014 0.049 0.903 
 247 E _   0.012 0.012 0.000 0.005 0.004 0.015 0.049 0.903 
 248 D _   0.014 0.012 0.000 0.005 0.004 0.017 0.048 0.899 
 249 R _   0.018 0.014 0.001 0.006 0.005 0.020 0.048 0.889 
 250 A _   0.022 0.018 0.001 0.008 0.008 0.024 0.047 0.871 
 251 R _   0.027 0.027 0.001 0.012 0.012 0.029 0.046 0.845 
 252 F _   0.033 0.041 0.001 0.018 0.017 0.034 0.045 0.811 
 253 Y _   0.037 0.059 0.002 0.026 0.023 0.038 0.044 0.771 
 254 G _   0.041 0.079 0.002 0.034 0.027 0.041 0.043 0.733 
 255 A _   0.043 0.096 0.002 0.043 0.030 0.042 0.042 0.702 
 256 E _   0.044 0.107 0.002 0.049 0.031 0.042 0.042 0.682 
 257 I _   0.044 0.113 0.002 0.052 0.031 0.041 0.042 0.675 
 258 V _   0.043 0.114 0.002 0.051 0.029 0.038 0.043 0.680 
 259 S _   0.041 0.110 0.002 0.047 0.026 0.035 0.044 0.696 
 260 A _   0.038 0.102 0.002 0.040 0.022 0.031 0.045 0.722 
 261 L _   0.034 0.088 0.001 0.031 0.017 0.027 0.046 0.755 
 262 D _   0.029 0.071 0.001 0.023 0.013 0.023 0.048 0.792 
 263 Y _   0.025 0.054 0.001 0.016 0.009 0.020 0.049 0.825 
 264 L _   0.020 0.041 0.001 0.012 0.007 0.017 0.051 0.852 
 265 H _   0.017 0.032 0.001 0.009 0.005 0.015 0.052 0.871 
 266 S _   0.014 0.026 0.000 0.007 0.004 0.013 0.052 0.882 
 267 E _   0.013 0.024 0.000 0.007 0.004 0.012 0.053 0.888 
 268 K _   0.011 0.023 0.000 0.007 0.004 0.012 0.053 0.890 
 269 N _   0.011 0.023 0.000 0.008 0.004 0.012 0.053 0.889 
 270 V _   0.010 0.025 0.000 0.010 0.004 0.012 0.053 0.886 
 271 V _   0.010 0.027 0.001 0.012 0.005 0.012 0.053 0.881 
 272 Y _   0.010 0.029 0.001 0.015 0.005 0.012 0.053 0.876 
 273 R _   0.010 0.031 0.001 0.017 0.006 0.012 0.053 0.872 
 274 D _   0.009 0.032 0.001 0.018 0.006 0.012 0.053 0.869 
 275 L _   0.009 0.033 0.001 0.019 0.006 0.012 0.053 0.869 
 276 K _   0.009 0.032 0.001 0.018 0.005 0.011 0.053 0.871 
 277 L _   0.008 0.032 0.001 0.017 0.005 0.010 0.053 0.874 
 278 E _   0.008 0.030 0.001 0.015 0.004 0.010 0.054 0.879 
 279 N _   0.008 0.028 0.000 0.013 0.004 0.009 0.054 0.884 
 280 L _   0.007 0.026 0.000 0.010 0.003 0.008 0.054 0.890 
 281 M _   0.007 0.025 0.000 0.008 0.003 0.008 0.054 0.895 
 282 L _   0.007 0.024 0.000 0.007 0.002 0.007 0.054 0.898 
 283 D _   0.006 0.024 0.000 0.006 0.002 0.007 0.054 0.900 
 284 K _   0.006 0.025 0.000 0.006 0.002 0.008 0.053 0.900 
 285 D _   0.007 0.027 0.000 0.006 0.003 0.008 0.052 0.896 
 286 G _   0.007 0.032 0.000 0.008 0.003 0.009 0.051 0.889 
 287 H _   0.008 0.040 0.001 0.010 0.004 0.011 0.050 0.877 
 288 I _   0.009 0.054 0.001 0.013 0.005 0.012 0.048 0.858 
 289 K _   0.009 0.071 0.001 0.018 0.007 0.013 0.046 0.835 
 290 I _   0.009 0.090 0.001 0.022 0.008 0.014 0.044 0.812 
 291 T _   0.009 0.106 0.001 0.026 0.008 0.015 0.043 0.792 
 292 D _   0.009 0.119 0.001 0.028 0.009 0.015 0.041 0.778 
 293 F _   0.009 0.127 0.001 0.029 0.008 0.014 0.040 0.772 
 294 G _   0.008 0.132 0.001 0.027 0.008 0.013 0.039 0.772 
 295 L _   0.008 0.134 0.001 0.024 0.007 0.013 0.039 0.776 
 296 C _   0.007 0.134 0.001 0.020 0.006 0.012 0.038 0.783 
 297 K _   0.007 0.133 0.001 0.016 0.005 0.011 0.038 0.790 
 298 E _   0.007 0.132 0.000 0.012 0.004 0.011 0.038 0.797 
 299 G _   0.006 0.131 0.000 0.010 0.004 0.010 0.037 0.801 
 300 I _   0.007 0.133 0.000 0.009 0.004 0.011 0.036 0.800 
 301 K _   0.007 0.138 0.000 0.010 0.004 0.011 0.036 0.794 
 302 D _   0.007 0.146 0.001 0.011 0.005 0.012 0.035 0.783 
 303 G _   0.008 0.159 0.001 0.014 0.006 0.014 0.033 0.765 
 304 A _   0.009 0.177 0.001 0.018 0.007 0.015 0.032 0.742 
 305 T _   0.009 0.195 0.001 0.023 0.008 0.016 0.031 0.717 
 306 M _   0.009 0.212 0.001 0.027 0.009 0.016 0.029 0.696 
 307 K _   0.009 0.225 0.001 0.031 0.010 0.016 0.029 0.680 
 308 T _   0.009 0.233 0.001 0.033 0.010 0.016 0.028 0.670 
 309 F _   0.008 0.238 0.001 0.034 0.010 0.016 0.027 0.665 
 310 C _   0.008 0.239 0.001 0.034 0.010 0.016 0.027 0.665 
 311 G _   0.008 0.237 0.001 0.034 0.010 0.015 0.027 0.668 
 312 T _   0.008 0.233 0.001 0.033 0.009 0.015 0.027 0.673 
 313 P _   0.009 0.226 0.001 0.033 0.009 0.014 0.027 0.681 
 314 E _   0.009 0.215 0.001 0.032 0.009 0.014 0.028 0.692 
 315 Y _   0.009 0.201 0.001 0.031 0.009 0.014 0.029 0.706 
 316 L _   0.009 0.182 0.001 0.030 0.008 0.013 0.030 0.726 
 317 A _   0.010 0.159 0.001 0.028 0.008 0.012 0.032 0.751 
 318 P _   0.009 0.132 0.001 0.025 0.007 0.011 0.033 0.782 
 319 E _   0.009 0.100 0.001 0.020 0.006 0.010 0.035 0.818 
 320 V _   0.009 0.068 0.001 0.016 0.005 0.009 0.036 0.856 
 321 L _   0.009 0.040 0.001 0.011 0.004 0.008 0.037 0.890 
 322 E _   0.009 0.020 0.000 0.007 0.003 0.007 0.038 0.915 
 323 D _   0.010 0.008 0.000 0.004 0.002 0.006 0.038 0.931 
 324 N _   0.013 0.003 0.000 0.003 0.002 0.006 0.038 0.936 
 325 D _   0.020 0.001 0.000 0.002 0.002 0.007 0.037 0.932 
 326 Y _   0.036 0.000 0.000 0.002 0.002 0.008 0.035 0.916 
 327 G _   0.069 0.000 0.000 0.002 0.003 0.011 0.034 0.881 
 328 R _   0.127 0.000 0.001 0.002 0.005 0.016 0.031 0.819 
 329 A _   0.216 0.000 0.001 0.002 0.008 0.021 0.028 0.724 
 330 V _   0.324 0.000 0.001 0.003 0.013 0.027 0.024 0.609 
 331 D _   0.438 0.000 0.001 0.003 0.020 0.032 0.021 0.486 
 332 W H   0.542 0.000 0.002 0.003 0.027 0.035 0.018 0.373 
 333 W H   0.626 0.000 0.002 0.003 0.034 0.037 0.016 0.281 
 334 G H   0.690 0.000 0.002 0.003 0.039 0.037 0.015 0.213 
 335 L H   0.734 0.000 0.002 0.003 0.043 0.036 0.015 0.167 
 336 G H   0.763 0.000 0.002 0.003 0.045 0.034 0.015 0.138 
 337 V H   0.781 0.000 0.002 0.003 0.046 0.031 0.016 0.120 
 338 V H   0.786 0.000 0.002 0.003 0.046 0.029 0.018 0.115 
 339 M H   0.780 0.000 0.002 0.003 0.046 0.028 0.020 0.121 
 340 Y H   0.758 0.001 0.002 0.004 0.045 0.026 0.024 0.140 
 341 E H   0.719 0.001 0.002 0.005 0.043 0.025 0.030 0.175 
 342 M H   0.658 0.001 0.003 0.007 0.040 0.025 0.038 0.229 
 343 M H   0.578 0.001 0.003 0.008 0.034 0.024 0.049 0.304 
 344 C H   0.479 0.001 0.002 0.009 0.027 0.022 0.064 0.396 
 345 G _   0.374 0.001 0.002 0.009 0.020 0.019 0.080 0.496 
 346 R _   0.274 0.000 0.001 0.008 0.013 0.017 0.095 0.592 
 347 L _   0.189 0.000 0.001 0.006 0.008 0.014 0.109 0.673 
 348 P _   0.122 0.000 0.001 0.004 0.005 0.011 0.121 0.737 
 349 F _   0.075 0.000 0.000 0.003 0.003 0.009 0.129 0.780 
 350 Y _   0.046 0.000 0.000 0.002 0.002 0.008 0.135 0.806 
 351 N _   0.031 0.000 0.000 0.001 0.002 0.008 0.140 0.817 
 352 Q _   0.025 0.000 0.000 0.001 0.002 0.010 0.143 0.819 
 353 D _   0.025 0.000 0.000 0.002 0.002 0.013 0.146 0.812 
 354 H _   0.030 0.001 0.000 0.002 0.004 0.018 0.149 0.796 
 355 E _   0.038 0.003 0.001 0.004 0.007 0.026 0.151 0.771 
 356 K _   0.049 0.010 0.001 0.009 0.013 0.035 0.153 0.731 
 357 L _   0.059 0.025 0.002 0.017 0.022 0.043 0.155 0.677 
 358 F _   0.067 0.049 0.002 0.029 0.031 0.050 0.157 0.615 
 359 E _   0.072 0.072 0.002 0.041 0.039 0.054 0.160 0.559 
 360 L _   0.075 0.089 0.002 0.051 0.043 0.056 0.164 0.519 
 361 I _   0.076 0.099 0.002 0.058 0.044 0.055 0.170 0.497 
 362 L _   0.074 0.102 0.002 0.059 0.043 0.052 0.177 0.490 
 363 M _   0.071 0.101 0.002 0.057 0.039 0.048 0.186 0.496 
 364 E _   0.065 0.096 0.002 0.050 0.034 0.043 0.197 0.513 
 365 E _   0.058 0.085 0.002 0.041 0.027 0.037 0.210 0.540 
 366 I _   0.050 0.069 0.002 0.031 0.020 0.032 0.223 0.572 
 367 R _   0.042 0.051 0.001 0.022 0.014 0.026 0.237 0.606 
 368 F _   0.034 0.035 0.001 0.015 0.010 0.021 0.249 0.635 
 369 P _   0.027 0.024 0.001 0.010 0.006 0.017 0.260 0.655 
 370 R _   0.021 0.017 0.001 0.007 0.004 0.014 0.269 0.667 
 371 T _   0.016 0.013 0.000 0.006 0.003 0.012 0.276 0.673 
 372 L _   0.013 0.011 0.000 0.005 0.003 0.011 0.282 0.675 
 373 G _   0.011 0.011 0.000 0.005 0.003 0.010 0.287 0.673 
 374 P _   0.009 0.012 0.000 0.007 0.003 0.010 0.291 0.668 
 375 E _   0.009 0.013 0.000 0.009 0.003 0.010 0.295 0.660 
 376 A _   0.009 0.015 0.001 0.012 0.004 0.011 0.299 0.650 
 377 K _   0.008 0.017 0.001 0.016 0.005 0.011 0.303 0.639 
 378 S _   0.008 0.019 0.001 0.019 0.005 0.011 0.308 0.629 
 379 L _   0.008 0.020 0.001 0.022 0.006 0.011 0.313 0.620 
 380 L _   0.007 0.020 0.001 0.023 0.006 0.011 0.319 0.613 
 381 S _   0.007 0.019 0.001 0.022 0.005 0.010 0.326 0.610 
 382 G _   0.007 0.017 0.001 0.020 0.005 0.009 0.334 0.608 
 383 L _   0.006 0.015 0.000 0.016 0.004 0.008 0.342 0.609 
 384 L _   0.006 0.011 0.000 0.013 0.003 0.007 0.350 0.610 
 385 K _   0.005 0.008 0.000 0.009 0.002 0.006 0.357 0.612 
 386 K _   0.005 0.005 0.000 0.007 0.002 0.005 0.364 0.612 
 387 D _   0.004 0.003 0.000 0.005 0.001 0.004 0.370 0.611 
 388 P _   0.004 0.002 0.000 0.004 0.001 0.004 0.375 0.610 
 389 K _   0.004 0.002 0.000 0.004 0.001 0.004 0.378 0.608 
 390 Q _   0.003 0.001 0.000 0.003 0.001 0.004 0.381 0.606 
 391 R _   0.003 0.001 0.000 0.004 0.001 0.004 0.382 0.605 
 392 L _   0.003 0.001 0.000 0.004 0.001 0.004 0.383 0.604 
 393 G _   0.003 0.001 0.000 0.004 0.001 0.005 0.383 0.603 
 394 G _   0.003 0.001 0.000 0.004 0.001 0.005 0.382 0.603 
 395 G _   0.004 0.000 0.000 0.004 0.001 0.006 0.380 0.603 
 396 S _   0.005 0.000 0.000 0.004 0.002 0.008 0.378 0.602 
 397 E _   0.007 0.000 0.000 0.004 0.002 0.010 0.376 0.600 
 398 D _   0.012 0.000 0.000 0.004 0.003 0.014 0.372 0.595 
 399 A _   0.020 0.000 0.000 0.005 0.004 0.018 0.368 0.584 
 400 K _   0.034 0.000 0.001 0.005 0.006 0.025 0.363 0.566 
 401 E _   0.055 0.001 0.001 0.006 0.010 0.033 0.357 0.539 
 402 I _   0.084 0.001 0.001 0.006 0.016 0.042 0.351 0.499 
 403 M _   0.119 0.002 0.001 0.007 0.025 0.051 0.344 0.450 
 404 Q _   0.157 0.002 0.002 0.008 0.036 0.059 0.338 0.397 
 405 H _   0.193 0.004 0.002 0.010 0.048 0.065 0.333 0.345 
 406 R X   0.224 0.006 0.002 0.011 0.058 0.069 0.330 0.300 
 407 F X   0.248 0.008 0.002 0.012 0.064 0.070 0.330 0.266 
 408 F X   0.265 0.010 0.002 0.014 0.068 0.068 0.331 0.241 
 409 A X   0.274 0.012 0.003 0.016 0.068 0.065 0.335 0.227 
 410 G X   0.277 0.014 0.003 0.017 0.066 0.060 0.341 0.222 
 411 I X   0.272 0.014 0.003 0.019 0.061 0.055 0.350 0.227 
 412 V X   0.259 0.014 0.003 0.019 0.053 0.049 0.360 0.242 
 413 W X   0.237 0.013 0.002 0.019 0.044 0.043 0.374 0.267 
 414 Q X   0.208 0.011 0.002 0.018 0.035 0.037 0.390 0.300 
 415 H X   0.173 0.009 0.002 0.015 0.025 0.031 0.407 0.338 
 416 V X   0.137 0.006 0.001 0.013 0.017 0.025 0.425 0.376 
 417 Y X   0.102 0.004 0.001 0.009 0.011 0.019 0.443 0.412 
 418 E X   0.072 0.002 0.001 0.007 0.006 0.014 0.457 0.441 
 419 K X   0.049 0.001 0.000 0.004 0.004 0.011 0.470 0.461 
 420 K X   0.033 0.001 0.000 0.003 0.002 0.008 0.479 0.473 
 421 L X   0.021 0.000 0.000 0.003 0.002 0.006 0.487 0.481 
 422 S X   0.014 0.000 0.000 0.002 0.001 0.005 0.493 0.484 
 423 P X   0.010 0.000 0.000 0.002 0.001 0.005 0.497 0.484 
 424 P X   0.008 0.001 0.000 0.003 0.001 0.005 0.501 0.481 
 425 F X   0.006 0.001 0.000 0.004 0.002 0.005 0.504 0.478 
 426 K X   0.006 0.002 0.000 0.005 0.002 0.005 0.507 0.473 
 427 P X   0.005 0.003 0.000 0.006 0.002 0.006 0.510 0.468 
 428 Q X   0.005 0.004 0.000 0.007 0.002 0.006 0.512 0.463 
 429 V X   0.004 0.005 0.000 0.008 0.003 0.006 0.515 0.459 
 430 T X   0.004 0.005 0.000 0.008 0.002 0.006 0.517 0.457 
 431 S X   0.004 0.006 0.000 0.008 0.002 0.006 0.519 0.455 
 432 E X   0.003 0.006 0.000 0.007 0.002 0.006 0.521 0.455 
 433 T X   0.003 0.007 0.000 0.006 0.002 0.006 0.522 0.454 
 434 D X   0.003 0.008 0.000 0.005 0.002 0.006 0.523 0.453 
 435 T X   0.003 0.009 0.000 0.004 0.002 0.007 0.524 0.450 
 436 R X   0.004 0.011 0.000 0.005 0.002 0.008 0.524 0.446 
 437 Y X   0.005 0.016 0.000 0.006 0.003 0.010 0.524 0.437 
 438 F X   0.006 0.024 0.001 0.009 0.005 0.012 0.522 0.421 
 439 D X   0.008 0.041 0.001 0.014 0.007 0.015 0.520 0.395 
 440 E X   0.009 0.067 0.001 0.022 0.011 0.018 0.516 0.356 
 441 E X   0.009 0.100 0.001 0.032 0.014 0.020 0.513 0.310 
 442 F X   0.009 0.130 0.001 0.043 0.017 0.021 0.511 0.268 
 443 T X   0.009 0.150 0.001 0.052 0.018 0.021 0.512 0.237 
 444 A X   0.009 0.161 0.001 0.059 0.018 0.020 0.515 0.218 
 445 Q X   0.009 0.165 0.001 0.062 0.017 0.019 0.520 0.208 
 446 M X   0.008 0.164 0.001 0.060 0.016 0.017 0.528 0.205 
 447 I X   0.008 0.158 0.001 0.055 0.014 0.016 0.540 0.209 
 448 T X   0.007 0.144 0.001 0.047 0.012 0.014 0.555 0.220 
 449 I X   0.007 0.121 0.001 0.036 0.010 0.012 0.574 0.238 
 450 T X   0.006 0.092 0.001 0.026 0.008 0.010 0.597 0.260 
 451 P X   0.006 0.063 0.001 0.017 0.005 0.008 0.620 0.280 
 452 P X   0.005 0.040 0.001 0.010 0.003 0.007 0.640 0.294 
 453 D X   0.004 0.027 0.000 0.006 0.002 0.005 0.654 0.300 
 454 Q X   0.003 0.020 0.000 0.004 0.001 0.004 0.665 0.301 
 455 D X   0.003 0.017 0.000 0.003 0.001 0.004 0.674 0.298 
 456 D X   0.003 0.016 0.000 0.003 0.001 0.004 0.680 0.293 
 457 S X   0.002 0.015 0.000 0.004 0.001 0.004 0.686 0.288 
 458 M X   0.002 0.015 0.000 0.004 0.001 0.004 0.690 0.283 
 459 E X   0.002 0.016 0.000 0.005 0.001 0.004 0.694 0.278 
 460 C X   0.002 0.017 0.000 0.006 0.001 0.004 0.697 0.273 
 461 V X   0.002 0.017 0.000 0.006 0.002 0.004 0.700 0.268 
 462 D X   0.002 0.018 0.000 0.006 0.002 0.004 0.703 0.264 
 463 S X   0.002 0.019 0.000 0.006 0.002 0.004 0.706 0.260 
 464 E X   0.002 0.020 0.000 0.007 0.002 0.004 0.710 0.255 
 465 R X   0.002 0.021 0.000 0.007 0.002 0.004 0.714 0.251 
 466 R X   0.002 0.022 0.000 0.007 0.002 0.004 0.717 0.246 
 467 P X   0.002 0.023 0.000 0.007 0.002 0.005 0.721 0.241 
 468 H X   0.002 0.024 0.000 0.007 0.002 0.005 0.724 0.235 
 469 F X   0.002 0.026 0.000 0.008 0.002 0.005 0.727 0.229 
 470 P X   0.002 0.028 0.000 0.009 0.002 0.005 0.731 0.223 
 471 Q X   0.002 0.029 0.000 0.010 0.002 0.005 0.734 0.217 
 472 F X   0.002 0.031 0.000 0.010 0.002 0.005 0.737 0.212 
 473 S X   0.002 0.032 0.000 0.011 0.002 0.004 0.740 0.208 
 474 Y X   0.002 0.033 0.000 0.011 0.002 0.004 0.744 0.205 
 475 S X   0.001 0.033 0.000 0.010 0.002 0.003 0.748 0.203 
 476 A X   0.001 0.032 0.000 0.009 0.001 0.002 0.752 0.202 
 477 S X   0.000 0.031 0.000 0.007 0.000 0.001 0.756 0.205 
 478 G X   0.000 0.029 0.000 0.006 0.000 0.000 0.756 0.209 
 479 T X   0.000 0.027 0.000 0.007 0.000 0.000 0.751 0.213 
 480 A X   0.002 0.027 0.001 0.015 0.003 0.003 0.734 0.215 
