#TopoPred_TM8: 8-state transmembrane topology prediction results by no_profile mode 
#probabilities are in the order of H E C I L F X _, the 8 transmembrane topology types used in PDBTM 
   1 D X   0.017 0.002 0.002 0.055 0.010 0.010 0.532 0.372 
   2 D X   0.005 0.001 0.000 0.027 0.002 0.004 0.543 0.418 
   3 A X   0.001 0.001 0.000 0.014 0.000 0.002 0.542 0.440 
   4 N X   0.001 0.001 0.000 0.011 0.001 0.003 0.535 0.449 
   5 G X   0.002 0.004 0.000 0.013 0.001 0.006 0.521 0.453 
   6 K X   0.003 0.009 0.000 0.019 0.003 0.010 0.500 0.455 
   7 S X   0.005 0.019 0.001 0.029 0.004 0.015 0.473 0.453 
   8 Q _   0.007 0.035 0.001 0.043 0.007 0.020 0.437 0.451 
   9 T _   0.007 0.054 0.001 0.058 0.009 0.023 0.397 0.451 
  10 A _   0.007 0.071 0.001 0.072 0.012 0.025 0.356 0.456 
  11 G _   0.006 0.084 0.001 0.080 0.013 0.025 0.321 0.469 
  12 F _   0.006 0.090 0.001 0.082 0.014 0.025 0.293 0.488 
  13 L _   0.006 0.093 0.001 0.078 0.014 0.024 0.270 0.513 
  14 K _   0.006 0.092 0.001 0.069 0.013 0.023 0.253 0.543 
  15 G _   0.007 0.087 0.001 0.058 0.012 0.021 0.238 0.576 
  16 S _   0.007 0.080 0.001 0.047 0.010 0.020 0.225 0.611 
  17 L _   0.007 0.071 0.001 0.037 0.009 0.018 0.214 0.643 
  18 G _   0.007 0.060 0.001 0.029 0.008 0.017 0.204 0.674 
  19 P _   0.008 0.051 0.001 0.023 0.007 0.016 0.194 0.700 
  20 H _   0.008 0.043 0.001 0.019 0.006 0.016 0.185 0.722 
  21 A _   0.009 0.036 0.001 0.017 0.006 0.016 0.176 0.739 
  22 H _   0.010 0.030 0.001 0.016 0.006 0.015 0.167 0.755 
  23 L _   0.011 0.025 0.001 0.015 0.006 0.015 0.158 0.768 
  24 W _   0.012 0.021 0.001 0.015 0.007 0.015 0.149 0.781 
  25 K _   0.015 0.016 0.001 0.014 0.007 0.015 0.140 0.792 
  26 L _   0.018 0.012 0.001 0.013 0.007 0.015 0.131 0.803 
  27 D _   0.024 0.008 0.001 0.011 0.007 0.014 0.121 0.813 
  28 G _   0.034 0.005 0.001 0.009 0.006 0.014 0.112 0.819 
  29 E _   0.049 0.002 0.001 0.006 0.006 0.013 0.102 0.820 
  30 I _   0.071 0.001 0.001 0.004 0.006 0.012 0.091 0.814 
  31 W _   0.103 0.000 0.001 0.003 0.005 0.012 0.080 0.797 
  32 G _   0.148 0.000 0.001 0.002 0.006 0.011 0.068 0.764 
  33 S _   0.212 0.000 0.001 0.001 0.006 0.011 0.057 0.713 
  34 M _   0.297 0.000 0.001 0.001 0.007 0.011 0.045 0.638 
  35 D _   0.402 0.000 0.001 0.001 0.008 0.010 0.035 0.544 
  36 S H   0.522 0.000 0.001 0.001 0.008 0.010 0.025 0.433 
  37 L H   0.645 0.000 0.001 0.001 0.009 0.009 0.017 0.318 
  38 A H   0.752 0.000 0.001 0.001 0.009 0.008 0.011 0.218 
  39 S H   0.833 0.000 0.001 0.000 0.009 0.006 0.007 0.142 
  40 L H   0.886 0.000 0.001 0.000 0.009 0.005 0.005 0.094 
  41 V H   0.918 0.000 0.001 0.000 0.009 0.004 0.003 0.065 
  42 L H   0.935 0.000 0.001 0.000 0.009 0.004 0.002 0.050 
  43 C H   0.942 0.000 0.001 0.000 0.009 0.003 0.002 0.043 
  44 G H   0.944 0.000 0.001 0.000 0.009 0.003 0.001 0.042 
  45 V H   0.940 0.000 0.001 0.000 0.009 0.003 0.001 0.046 
  46 S H   0.929 0.000 0.001 0.000 0.009 0.003 0.001 0.056 
  47 L H   0.912 0.000 0.001 0.000 0.009 0.003 0.001 0.073 
  48 L H   0.886 0.000 0.001 0.000 0.009 0.004 0.001 0.098 
  49 L H   0.852 0.000 0.001 0.000 0.009 0.005 0.001 0.132 
  50 S H   0.807 0.000 0.001 0.000 0.009 0.005 0.002 0.175 
  51 G H   0.753 0.000 0.001 0.001 0.009 0.006 0.002 0.228 
  52 T H   0.696 0.000 0.001 0.001 0.008 0.007 0.003 0.285 
  53 V H   0.641 0.000 0.001 0.001 0.008 0.008 0.003 0.338 
  54 E H   0.588 0.000 0.001 0.001 0.008 0.010 0.004 0.389 
  55 G H   0.542 0.000 0.001 0.001 0.009 0.012 0.005 0.432 
  56 A H   0.499 0.000 0.001 0.001 0.009 0.014 0.005 0.470 
  57 M _   0.460 0.000 0.001 0.002 0.011 0.017 0.006 0.503 
  58 D _   0.425 0.000 0.001 0.002 0.013 0.019 0.007 0.532 
  59 L _   0.389 0.000 0.001 0.004 0.015 0.022 0.009 0.561 
  60 I _   0.352 0.000 0.001 0.005 0.016 0.024 0.010 0.592 
  61 L _   0.312 0.001 0.001 0.007 0.018 0.025 0.012 0.624 
  62 I _   0.272 0.001 0.002 0.009 0.018 0.026 0.013 0.659 
  63 N _   0.233 0.001 0.002 0.010 0.017 0.026 0.015 0.696 
  64 S _   0.196 0.001 0.001 0.010 0.015 0.026 0.016 0.734 
  65 L _   0.162 0.001 0.001 0.009 0.013 0.025 0.018 0.771 
  66 P _   0.132 0.001 0.001 0.008 0.010 0.023 0.019 0.805 
  67 L _   0.106 0.001 0.001 0.006 0.008 0.022 0.020 0.835 
  68 V _   0.086 0.001 0.001 0.005 0.007 0.021 0.021 0.859 
  69 S _   0.071 0.001 0.001 0.004 0.006 0.021 0.022 0.875 
  70 D _   0.060 0.001 0.001 0.004 0.006 0.022 0.023 0.884 
  71 A _   0.053 0.002 0.001 0.005 0.007 0.023 0.023 0.886 
  72 E _   0.049 0.004 0.001 0.007 0.009 0.025 0.023 0.882 
  73 T _   0.045 0.008 0.001 0.011 0.011 0.026 0.024 0.873 
  74 S _   0.043 0.014 0.001 0.017 0.014 0.028 0.024 0.860 
  75 L _   0.040 0.021 0.001 0.024 0.016 0.029 0.024 0.846 
  76 T _   0.037 0.026 0.001 0.029 0.017 0.029 0.025 0.836 
  77 C _   0.034 0.030 0.001 0.032 0.017 0.028 0.025 0.832 
  78 I _   0.031 0.032 0.001 0.033 0.016 0.026 0.026 0.835 
  79 A _   0.028 0.031 0.001 0.031 0.014 0.024 0.027 0.844 
  80 S _   0.025 0.029 0.001 0.026 0.012 0.021 0.028 0.858 
  81 G _   0.021 0.026 0.001 0.020 0.009 0.019 0.029 0.875 
  82 W _   0.018 0.021 0.001 0.014 0.007 0.016 0.030 0.891 
  83 R _   0.016 0.018 0.001 0.010 0.005 0.015 0.031 0.905 
  84 P _   0.014 0.015 0.000 0.007 0.004 0.013 0.032 0.914 
  85 H _   0.013 0.013 0.000 0.006 0.004 0.013 0.032 0.919 
  86 E _   0.012 0.013 0.000 0.005 0.003 0.013 0.033 0.919 
  87 P _   0.012 0.015 0.000 0.006 0.004 0.014 0.033 0.915 
  88 I _   0.013 0.018 0.001 0.008 0.005 0.015 0.033 0.906 
  89 T _   0.014 0.025 0.001 0.012 0.007 0.017 0.033 0.892 
  90 I _   0.015 0.033 0.001 0.018 0.008 0.018 0.033 0.874 
  91 G _   0.015 0.043 0.001 0.024 0.010 0.019 0.033 0.855 
  92 R _   0.014 0.051 0.001 0.030 0.011 0.020 0.033 0.839 
  93 D _   0.014 0.057 0.001 0.034 0.012 0.019 0.033 0.829 
  94 F _   0.013 0.059 0.001 0.036 0.012 0.019 0.034 0.826 
  95 E _   0.012 0.059 0.001 0.035 0.011 0.017 0.034 0.830 
  96 A _   0.012 0.057 0.001 0.031 0.010 0.016 0.035 0.838 
  97 L _   0.011 0.053 0.001 0.026 0.008 0.014 0.036 0.851 
  98 M _   0.010 0.046 0.001 0.021 0.006 0.013 0.038 0.866 
  99 N _   0.009 0.039 0.001 0.016 0.005 0.011 0.039 0.881 
 100 Q _   0.009 0.031 0.001 0.012 0.004 0.010 0.040 0.894 
 101 H _   0.008 0.025 0.000 0.009 0.003 0.009 0.041 0.904 
 102 Q _   0.008 0.021 0.000 0.007 0.003 0.009 0.042 0.911 
 103 D _   0.008 0.019 0.000 0.006 0.003 0.008 0.043 0.914 
 104 P _   0.008 0.017 0.000 0.005 0.002 0.009 0.043 0.915 
 105 L _   0.008 0.017 0.000 0.005 0.003 0.009 0.043 0.914 
 106 E _   0.009 0.018 0.000 0.006 0.003 0.010 0.043 0.910 
 107 V _   0.010 0.021 0.000 0.007 0.004 0.012 0.043 0.904 
 108 T _   0.011 0.024 0.001 0.009 0.005 0.014 0.043 0.894 
 109 Q _   0.012 0.030 0.001 0.011 0.006 0.015 0.042 0.883 
 110 D _   0.013 0.037 0.001 0.014 0.007 0.017 0.041 0.869 
 111 V _   0.014 0.045 0.001 0.018 0.009 0.019 0.041 0.854 
 112 T _   0.015 0.053 0.001 0.021 0.010 0.020 0.040 0.840 
 113 R _   0.015 0.061 0.001 0.025 0.011 0.021 0.039 0.827 
 114 E _   0.015 0.067 0.001 0.027 0.012 0.021 0.039 0.817 
 115 W _   0.015 0.071 0.001 0.029 0.012 0.021 0.039 0.811 
 116 A _   0.015 0.074 0.001 0.030 0.012 0.020 0.039 0.809 
 117 K _   0.015 0.075 0.001 0.029 0.011 0.019 0.039 0.811 
 118 K _   0.015 0.073 0.001 0.027 0.010 0.018 0.039 0.817 
 119 V _   0.014 0.070 0.001 0.024 0.009 0.016 0.040 0.826 
 120 V _   0.013 0.065 0.001 0.020 0.007 0.015 0.040 0.839 
 121 W _   0.012 0.059 0.001 0.016 0.006 0.013 0.041 0.852 
 122 K _   0.011 0.053 0.001 0.013 0.005 0.012 0.041 0.865 
 123 R _   0.010 0.047 0.000 0.009 0.004 0.011 0.041 0.877 
 124 E _   0.009 0.043 0.000 0.007 0.003 0.010 0.041 0.885 
 125 K _   0.009 0.041 0.000 0.006 0.003 0.010 0.041 0.890 
 126 A _   0.008 0.040 0.000 0.006 0.003 0.010 0.041 0.891 
 127 S _   0.008 0.042 0.000 0.006 0.003 0.010 0.041 0.889 
 128 K _   0.009 0.046 0.000 0.007 0.004 0.011 0.040 0.882 
 129 I _   0.009 0.054 0.001 0.010 0.005 0.012 0.039 0.871 
 130 N _   0.010 0.064 0.001 0.012 0.006 0.013 0.038 0.856 
 131 G _   0.010 0.076 0.001 0.015 0.007 0.014 0.037 0.840 
 132 A _   0.010 0.088 0.001 0.017 0.007 0.015 0.036 0.825 
 133 Y _   0.010 0.100 0.001 0.019 0.008 0.016 0.034 0.812 
 134 F _   0.011 0.109 0.001 0.019 0.008 0.016 0.033 0.803 
 135 C _   0.011 0.117 0.001 0.019 0.008 0.017 0.033 0.795 
 136 E _   0.011 0.124 0.001 0.018 0.008 0.018 0.032 0.789 
 137 G _   0.011 0.130 0.001 0.017 0.008 0.018 0.031 0.784 
 138 R _   0.012 0.136 0.001 0.016 0.008 0.019 0.030 0.777 
 139 V _   0.013 0.143 0.001 0.016 0.009 0.020 0.030 0.769 
 140 R _   0.013 0.151 0.001 0.016 0.009 0.021 0.029 0.759 
 141 G _   0.014 0.160 0.001 0.017 0.010 0.021 0.029 0.748 
 142 E _   0.015 0.169 0.001 0.019 0.011 0.022 0.028 0.735 
 143 A _   0.015 0.178 0.001 0.021 0.012 0.023 0.028 0.722 
 144 I _   0.016 0.186 0.001 0.023 0.012 0.023 0.027 0.711 
 145 R _   0.016 0.193 0.001 0.024 0.012 0.024 0.027 0.703 
 146 I _   0.016 0.196 0.001 0.025 0.012 0.024 0.027 0.699 
 147 R _   0.016 0.198 0.001 0.024 0.012 0.023 0.027 0.699 
 148 T _   0.016 0.196 0.001 0.022 0.011 0.023 0.027 0.703 
 149 M _   0.016 0.193 0.001 0.020 0.010 0.023 0.028 0.710 
 150 K _   0.016 0.187 0.001 0.017 0.009 0.022 0.028 0.719 
 151 M _   0.016 0.182 0.001 0.014 0.008 0.022 0.029 0.729 
 152 R _   0.016 0.178 0.001 0.012 0.008 0.023 0.029 0.734 
 153 Q _   0.017 0.176 0.001 0.011 0.008 0.023 0.029 0.735 
 154 Q _   0.018 0.177 0.001 0.011 0.009 0.024 0.029 0.731 
 155 A _   0.020 0.181 0.001 0.014 0.010 0.026 0.029 0.720 
 156 S _   0.021 0.188 0.001 0.018 0.013 0.027 0.029 0.703 
 157 F _   0.022 0.198 0.001 0.024 0.015 0.028 0.029 0.682 
 158 L _   0.023 0.208 0.001 0.031 0.017 0.028 0.029 0.661 
 159 P _   0.023 0.215 0.001 0.039 0.019 0.028 0.030 0.646 
 160 A _   0.023 0.218 0.001 0.044 0.019 0.027 0.030 0.638 
 161 T _   0.023 0.216 0.001 0.046 0.018 0.025 0.031 0.640 
 162 L _   0.021 0.207 0.001 0.045 0.017 0.023 0.033 0.654 
 163 T _   0.020 0.189 0.001 0.040 0.015 0.020 0.034 0.681 
 164 M _   0.018 0.161 0.001 0.033 0.012 0.018 0.036 0.721 
 165 T _   0.016 0.124 0.001 0.025 0.010 0.015 0.039 0.770 
 166 V _   0.014 0.086 0.001 0.017 0.007 0.013 0.041 0.821 
 167 D _   0.012 0.056 0.001 0.011 0.005 0.011 0.043 0.863 
 168 K _   0.010 0.038 0.000 0.007 0.003 0.009 0.044 0.889 
 169 G _   0.008 0.029 0.000 0.005 0.002 0.008 0.045 0.903 
 170 D _   0.007 0.025 0.000 0.004 0.002 0.008 0.045 0.909 
 171 N _   0.007 0.025 0.000 0.004 0.002 0.008 0.045 0.909 
 172 V _   0.007 0.026 0.000 0.005 0.003 0.009 0.045 0.904 
 173 N _   0.008 0.031 0.000 0.008 0.004 0.011 0.044 0.894 
 174 I _   0.008 0.040 0.001 0.012 0.005 0.013 0.043 0.878 
 175 S _   0.009 0.053 0.001 0.017 0.006 0.015 0.041 0.858 
 176 F _   0.009 0.068 0.001 0.022 0.008 0.016 0.040 0.836 
 177 K _   0.010 0.082 0.001 0.026 0.009 0.017 0.038 0.817 
 178 K _   0.010 0.093 0.001 0.030 0.010 0.018 0.037 0.802 
 179 V _   0.009 0.101 0.001 0.031 0.010 0.018 0.036 0.794 
 180 L _   0.009 0.105 0.001 0.031 0.010 0.018 0.035 0.789 
 181 I _   0.009 0.108 0.001 0.030 0.010 0.018 0.035 0.789 
 182 K _   0.010 0.109 0.001 0.028 0.010 0.017 0.035 0.791 
 183 E _   0.010 0.108 0.001 0.026 0.009 0.017 0.035 0.795 
 184 E _   0.010 0.105 0.001 0.024 0.009 0.016 0.035 0.800 
 185 D _   0.010 0.102 0.001 0.022 0.008 0.016 0.035 0.806 
 186 A _   0.011 0.098 0.001 0.020 0.008 0.016 0.035 0.812 
 187 V _   0.011 0.094 0.001 0.018 0.007 0.015 0.036 0.818 
 188 I _   0.011 0.089 0.001 0.016 0.007 0.015 0.036 0.825 
 189 Y _   0.011 0.085 0.001 0.015 0.006 0.014 0.036 0.830 
 190 K _   0.011 0.081 0.001 0.015 0.006 0.014 0.037 0.835 
 191 N _   0.011 0.078 0.001 0.014 0.006 0.014 0.037 0.838 
 192 G _   0.011 0.075 0.001 0.015 0.006 0.014 0.038 0.842 
 193 S _   0.011 0.071 0.001 0.015 0.006 0.014 0.038 0.844 
 194 F _   0.010 0.069 0.001 0.015 0.006 0.013 0.039 0.847 
 195 I _   0.010 0.066 0.001 0.015 0.006 0.013 0.039 0.850 
 196 H _   0.010 0.063 0.001 0.015 0.006 0.013 0.040 0.853 
 197 S _   0.010 0.060 0.001 0.014 0.006 0.012 0.040 0.857 
 198 V _   0.009 0.057 0.001 0.014 0.005 0.012 0.041 0.862 
 199 P _   0.009 0.053 0.001 0.013 0.005 0.012 0.041 0.866 
 200 R _   0.009 0.050 0.001 0.012 0.005 0.011 0.042 0.871 
 201 H _   0.009 0.048 0.001 0.012 0.005 0.011 0.042 0.873 
 202 E _   0.009 0.046 0.001 0.012 0.005 0.011 0.043 0.875 
 203 V _   0.009 0.045 0.001 0.012 0.005 0.012 0.043 0.874 
 204 P _   0.009 0.044 0.001 0.014 0.005 0.012 0.044 0.872 
 205 D _   0.010 0.044 0.001 0.016 0.006 0.012 0.044 0.868 
 206 I _   0.010 0.043 0.001 0.018 0.006 0.013 0.045 0.864 
 207 L _   0.010 0.043 0.001 0.020 0.007 0.013 0.045 0.861 
 208 E _   0.010 0.041 0.001 0.022 0.007 0.013 0.046 0.860 
 209 V _   0.010 0.038 0.001 0.022 0.007 0.012 0.047 0.864 
 210 H _   0.009 0.033 0.001 0.020 0.006 0.011 0.049 0.871 
 211 L _   0.009 0.027 0.001 0.017 0.005 0.010 0.050 0.882 
 212 P _   0.008 0.021 0.001 0.013 0.004 0.009 0.051 0.894 
 213 H _   0.007 0.014 0.000 0.009 0.003 0.008 0.052 0.906 
 214 A _   0.006 0.009 0.000 0.007 0.003 0.008 0.052 0.915 
 215 Q _   0.006 0.005 0.000 0.005 0.002 0.007 0.052 0.921 
 216 P _   0.006 0.003 0.000 0.004 0.002 0.008 0.052 0.924 
 217 Q _   0.006 0.003 0.000 0.004 0.002 0.009 0.052 0.925 
 218 D _   0.007 0.002 0.000 0.004 0.002 0.010 0.052 0.922 
 219 A _   0.009 0.002 0.000 0.005 0.003 0.013 0.051 0.917 
 220 G _   0.011 0.003 0.000 0.007 0.004 0.017 0.049 0.908 
 221 V _   0.014 0.004 0.001 0.010 0.006 0.022 0.048 0.895 
 222 Y _   0.019 0.005 0.001 0.013 0.009 0.027 0.046 0.880 
 223 S _   0.024 0.006 0.001 0.016 0.011 0.033 0.045 0.864 
 224 A _   0.030 0.007 0.001 0.019 0.014 0.038 0.043 0.847 
 225 R _   0.038 0.007 0.001 0.020 0.017 0.044 0.042 0.830 
 226 Y _   0.049 0.007 0.001 0.019 0.020 0.049 0.040 0.814 
 227 I _   0.062 0.007 0.001 0.017 0.023 0.054 0.039 0.797 
 228 G _   0.077 0.006 0.002 0.015 0.025 0.059 0.037 0.779 
 229 G _   0.096 0.005 0.002 0.012 0.027 0.063 0.036 0.758 
 230 N _   0.117 0.005 0.002 0.011 0.030 0.067 0.035 0.733 
 231 L _   0.138 0.005 0.002 0.009 0.034 0.070 0.034 0.707 
 232 F _   0.159 0.005 0.002 0.009 0.038 0.073 0.034 0.681 
 233 T _   0.176 0.006 0.002 0.009 0.042 0.075 0.033 0.657 
 234 S _   0.189 0.008 0.002 0.011 0.046 0.075 0.033 0.636 
 235 A _   0.198 0.010 0.002 0.014 0.049 0.075 0.034 0.618 
 236 F _   0.202 0.013 0.002 0.017 0.051 0.073 0.034 0.607 
 237 T _   0.201 0.016 0.002 0.021 0.050 0.070 0.035 0.605 
 238 R _   0.193 0.018 0.002 0.025 0.048 0.065 0.037 0.611 
 239 L _   0.181 0.020 0.002 0.027 0.044 0.060 0.038 0.628 
 240 I _   0.164 0.020 0.002 0.028 0.038 0.054 0.040 0.654 
 241 V _   0.143 0.019 0.002 0.027 0.031 0.047 0.042 0.690 
 242 R _   0.118 0.016 0.002 0.024 0.024 0.040 0.044 0.732 
 243 R _   0.093 0.013 0.001 0.019 0.017 0.033 0.047 0.776 
 244 C _   0.071 0.010 0.001 0.015 0.012 0.027 0.049 0.817 
 245 E _   0.051 0.006 0.001 0.011 0.008 0.022 0.050 0.851 
 246 A _   0.036 0.004 0.001 0.007 0.005 0.018 0.051 0.877 
 247 Q _   0.025 0.003 0.000 0.005 0.004 0.015 0.052 0.896 
 248 K _   0.018 0.003 0.000 0.004 0.003 0.013 0.052 0.908 
 249 W _   0.014 0.003 0.000 0.003 0.002 0.012 0.051 0.913 
 250 G _   0.012 0.004 0.000 0.004 0.003 0.013 0.051 0.914 
 251 P _   0.012 0.007 0.000 0.005 0.003 0.014 0.050 0.908 
 252 E _   0.013 0.014 0.001 0.008 0.005 0.017 0.048 0.894 
 253 C _   0.015 0.030 0.001 0.013 0.009 0.020 0.046 0.866 
 254 N _   0.017 0.057 0.001 0.021 0.013 0.024 0.044 0.824 
 255 H _   0.018 0.094 0.002 0.031 0.017 0.026 0.041 0.770 
 256 L _   0.018 0.131 0.002 0.043 0.020 0.028 0.039 0.720 
 257 C _   0.018 0.159 0.002 0.052 0.022 0.028 0.037 0.683 
 258 T _   0.017 0.177 0.002 0.059 0.023 0.028 0.035 0.659 
 259 A _   0.017 0.186 0.002 0.062 0.022 0.027 0.035 0.649 
 260 C _   0.017 0.189 0.002 0.061 0.021 0.025 0.034 0.652 
 261 M _   0.016 0.186 0.001 0.056 0.019 0.023 0.035 0.664 
 262 N _   0.016 0.177 0.001 0.048 0.016 0.021 0.035 0.686 
 263 N _   0.015 0.161 0.001 0.039 0.013 0.019 0.036 0.716 
 264 G _   0.014 0.140 0.001 0.029 0.010 0.017 0.037 0.752 
 265 V _   0.013 0.117 0.001 0.021 0.008 0.015 0.038 0.788 
 266 C _   0.011 0.096 0.001 0.014 0.006 0.013 0.039 0.820 
 267 H _   0.010 0.081 0.001 0.010 0.004 0.012 0.039 0.843 
 268 E _   0.009 0.073 0.000 0.007 0.003 0.011 0.040 0.857 
 269 D _   0.008 0.069 0.000 0.006 0.003 0.011 0.039 0.864 
 270 T _   0.008 0.068 0.000 0.005 0.003 0.012 0.039 0.864 
 271 G _   0.009 0.072 0.000 0.006 0.003 0.013 0.038 0.858 
 272 E _   0.010 0.080 0.001 0.008 0.005 0.015 0.037 0.845 
 273 C _   0.011 0.096 0.001 0.012 0.007 0.017 0.036 0.821 
 274 I _   0.012 0.122 0.001 0.016 0.009 0.020 0.034 0.786 
 275 C _   0.012 0.156 0.001 0.021 0.011 0.022 0.032 0.744 
 276 P _   0.013 0.195 0.001 0.025 0.013 0.023 0.030 0.698 
 277 P _   0.013 0.233 0.001 0.028 0.014 0.025 0.029 0.657 
 278 G _   0.014 0.264 0.001 0.030 0.015 0.025 0.027 0.624 
 279 F _   0.014 0.287 0.001 0.030 0.015 0.026 0.026 0.601 
 280 M _   0.015 0.303 0.001 0.028 0.015 0.027 0.025 0.585 
 281 G _   0.015 0.315 0.001 0.026 0.015 0.027 0.025 0.576 
 282 R _   0.015 0.324 0.001 0.024 0.014 0.027 0.024 0.570 
 283 T _   0.016 0.331 0.001 0.022 0.014 0.027 0.024 0.565 
 284 C _   0.016 0.337 0.001 0.020 0.014 0.027 0.024 0.561 
 285 E _   0.017 0.343 0.001 0.020 0.014 0.027 0.023 0.555 
 286 K _   0.017 0.350 0.001 0.021 0.014 0.027 0.023 0.547 
 287 A _   0.017 0.358 0.001 0.022 0.014 0.026 0.023 0.538 
 288 C _   0.018 0.365 0.001 0.025 0.014 0.025 0.023 0.529 
 289 E _   0.018 0.370 0.001 0.028 0.015 0.024 0.023 0.521 
 290 L _   0.017 0.372 0.001 0.031 0.015 0.023 0.023 0.518 
 291 H _   0.017 0.369 0.001 0.033 0.014 0.022 0.023 0.520 
 292 T _   0.016 0.361 0.001 0.034 0.013 0.020 0.024 0.530 
 293 F _   0.016 0.347 0.001 0.033 0.012 0.018 0.025 0.548 
 294 G _   0.015 0.323 0.001 0.030 0.011 0.017 0.026 0.576 
 295 R _   0.014 0.292 0.001 0.027 0.010 0.015 0.028 0.614 
 296 T _   0.013 0.253 0.001 0.022 0.008 0.014 0.029 0.659 
 297 C _   0.012 0.213 0.001 0.017 0.007 0.013 0.031 0.706 
 298 K _   0.011 0.180 0.001 0.013 0.005 0.011 0.033 0.747 
 299 E _   0.009 0.156 0.001 0.010 0.004 0.010 0.034 0.777 
 300 R _   0.008 0.141 0.000 0.007 0.003 0.009 0.034 0.797 
 301 C _   0.007 0.134 0.000 0.006 0.002 0.009 0.034 0.808 
 302 S _   0.006 0.131 0.000 0.006 0.002 0.009 0.034 0.811 
 303 G _   0.006 0.133 0.000 0.007 0.003 0.009 0.034 0.808 
 304 Q _   0.006 0.139 0.000 0.009 0.003 0.010 0.033 0.799 
 305 E _   0.007 0.150 0.001 0.013 0.005 0.011 0.031 0.782 
 306 G _   0.007 0.166 0.001 0.018 0.006 0.013 0.030 0.760 
 307 C _   0.007 0.184 0.001 0.023 0.007 0.013 0.029 0.735 
 308 K _   0.008 0.201 0.001 0.028 0.008 0.014 0.028 0.713 
 309 S _   0.007 0.213 0.001 0.032 0.009 0.014 0.027 0.697 
 310 Y _   0.008 0.221 0.001 0.034 0.009 0.014 0.026 0.687 
 311 V _   0.008 0.225 0.001 0.033 0.009 0.014 0.026 0.684 
 312 F _   0.008 0.225 0.001 0.030 0.008 0.013 0.026 0.690 
 313 C _   0.007 0.221 0.001 0.026 0.007 0.012 0.026 0.701 
 314 L _   0.007 0.213 0.001 0.020 0.006 0.011 0.026 0.715 
 315 P _   0.007 0.205 0.001 0.015 0.005 0.010 0.026 0.731 
 316 D _   0.006 0.198 0.000 0.011 0.004 0.010 0.027 0.744 
 317 P _   0.006 0.193 0.000 0.009 0.003 0.010 0.027 0.752 
 318 Y _   0.006 0.193 0.000 0.008 0.003 0.011 0.026 0.752 
 319 G _   0.007 0.197 0.000 0.009 0.004 0.012 0.026 0.745 
 320 C _   0.008 0.208 0.001 0.012 0.005 0.013 0.025 0.729 
 321 S _   0.008 0.227 0.001 0.017 0.007 0.014 0.024 0.702 
 322 C _   0.008 0.253 0.001 0.022 0.008 0.015 0.023 0.669 
 323 A _   0.008 0.279 0.001 0.028 0.009 0.015 0.022 0.637 
 324 T _   0.008 0.302 0.001 0.032 0.010 0.015 0.021 0.611 
 325 G _   0.008 0.316 0.001 0.034 0.010 0.014 0.021 0.596 
 326 W _   0.007 0.324 0.001 0.034 0.009 0.014 0.020 0.590 
 327 K _   0.007 0.326 0.001 0.032 0.009 0.013 0.020 0.592 
 328 G _   0.007 0.324 0.001 0.029 0.008 0.012 0.021 0.599 
 329 L _   0.007 0.317 0.001 0.025 0.007 0.011 0.021 0.611 
 330 Q _   0.007 0.307 0.001 0.021 0.006 0.011 0.022 0.626 
 331 C _   0.007 0.295 0.001 0.018 0.005 0.010 0.022 0.642 
 332 N _   0.007 0.283 0.001 0.015 0.005 0.010 0.023 0.657 
 333 E _   0.007 0.273 0.001 0.013 0.004 0.009 0.024 0.669 
 334 A _   0.007 0.265 0.000 0.012 0.004 0.009 0.024 0.679 
 335 C _   0.006 0.259 0.000 0.011 0.004 0.009 0.025 0.686 
 336 H _   0.006 0.255 0.000 0.011 0.003 0.008 0.025 0.690 
 337 P _   0.006 0.252 0.000 0.011 0.003 0.008 0.026 0.693 
 338 G _   0.006 0.250 0.000 0.011 0.003 0.008 0.026 0.695 
 339 F _   0.006 0.249 0.000 0.011 0.003 0.008 0.026 0.697 
 340 Y _   0.005 0.249 0.000 0.011 0.003 0.008 0.026 0.697 
 341 G _   0.005 0.249 0.000 0.011 0.003 0.008 0.026 0.697 
 342 P _   0.005 0.251 0.000 0.011 0.003 0.008 0.026 0.697 
 343 D _   0.005 0.253 0.000 0.011 0.003 0.008 0.025 0.694 
 344 C _   0.004 0.257 0.000 0.011 0.003 0.007 0.025 0.691 
 345 K _   0.004 0.262 0.000 0.012 0.003 0.007 0.024 0.687 
 346 L _   0.004 0.268 0.000 0.012 0.003 0.007 0.024 0.681 
 347 R _   0.004 0.275 0.000 0.012 0.003 0.007 0.023 0.675 
 348 C _   0.004 0.283 0.000 0.013 0.003 0.007 0.023 0.666 
 349 S _   0.004 0.292 0.000 0.013 0.004 0.008 0.022 0.657 
 350 C _   0.004 0.303 0.000 0.014 0.004 0.008 0.021 0.647 
 351 N _   0.004 0.314 0.001 0.014 0.004 0.008 0.020 0.635 
 352 N _   0.004 0.327 0.001 0.015 0.004 0.008 0.019 0.622 
 353 G _   0.004 0.340 0.001 0.015 0.005 0.009 0.019 0.607 
 354 E _   0.005 0.355 0.001 0.016 0.005 0.010 0.018 0.591 
 355 M _   0.005 0.369 0.001 0.018 0.006 0.010 0.017 0.575 
 356 C _   0.005 0.382 0.001 0.019 0.006 0.011 0.017 0.560 
 357 D _   0.006 0.394 0.001 0.020 0.007 0.011 0.016 0.546 
 358 R _   0.006 0.403 0.001 0.021 0.007 0.011 0.016 0.535 
 359 F _   0.006 0.410 0.001 0.022 0.007 0.012 0.016 0.528 
 360 Q _   0.006 0.413 0.001 0.022 0.007 0.012 0.016 0.524 
 361 G _   0.007 0.413 0.001 0.021 0.007 0.012 0.016 0.524 
 362 C _   0.007 0.411 0.001 0.020 0.007 0.012 0.016 0.528 
 363 L _   0.007 0.405 0.001 0.018 0.007 0.011 0.016 0.534 
 364 C _   0.007 0.398 0.001 0.017 0.006 0.011 0.017 0.544 
 365 S _   0.007 0.389 0.001 0.015 0.006 0.011 0.017 0.554 
 366 P _   0.007 0.379 0.001 0.014 0.006 0.011 0.018 0.564 
 367 G _   0.007 0.371 0.001 0.013 0.005 0.011 0.019 0.573 
 368 W _   0.008 0.363 0.001 0.012 0.005 0.011 0.019 0.581 
 369 Q _   0.008 0.357 0.001 0.012 0.005 0.012 0.020 0.586 
 370 G _   0.008 0.352 0.001 0.012 0.005 0.012 0.020 0.590 
 371 L _   0.008 0.349 0.001 0.012 0.005 0.012 0.021 0.592 
 372 Q _   0.008 0.346 0.001 0.013 0.006 0.013 0.021 0.593 
 373 C _   0.008 0.343 0.001 0.014 0.006 0.013 0.022 0.593 
 374 E _   0.008 0.340 0.001 0.015 0.006 0.013 0.023 0.593 
 375 R _   0.009 0.338 0.001 0.017 0.007 0.014 0.023 0.592 
 376 E _   0.009 0.335 0.001 0.018 0.007 0.014 0.024 0.591 
 377 G _   0.009 0.331 0.001 0.020 0.008 0.014 0.025 0.592 
 378 I _   0.010 0.325 0.001 0.022 0.008 0.014 0.026 0.594 
 379 P _   0.010 0.316 0.001 0.024 0.009 0.014 0.027 0.600 
 380 R _   0.010 0.304 0.001 0.025 0.009 0.014 0.029 0.609 
 381 M _   0.010 0.287 0.001 0.025 0.009 0.014 0.031 0.623 
 382 T _   0.010 0.265 0.001 0.025 0.009 0.014 0.033 0.643 
 383 P _   0.011 0.237 0.001 0.024 0.009 0.013 0.036 0.669 
 384 K _   0.011 0.205 0.001 0.022 0.008 0.013 0.040 0.701 
 385 I _   0.010 0.172 0.001 0.020 0.007 0.012 0.043 0.734 
 386 V _   0.010 0.140 0.001 0.017 0.006 0.012 0.046 0.767 
 387 D _   0.010 0.113 0.001 0.015 0.005 0.011 0.050 0.796 
 388 L _   0.009 0.090 0.001 0.013 0.004 0.010 0.053 0.820 
 389 P _   0.009 0.073 0.001 0.011 0.004 0.009 0.055 0.839 
 390 D _   0.008 0.061 0.000 0.009 0.003 0.009 0.057 0.853 
 391 H _   0.007 0.053 0.000 0.008 0.003 0.008 0.058 0.863 
 392 I _   0.007 0.047 0.000 0.007 0.003 0.008 0.059 0.869 
 393 E _   0.006 0.044 0.000 0.007 0.002 0.007 0.060 0.873 
 394 V _   0.006 0.042 0.000 0.007 0.002 0.008 0.060 0.874 
 395 N _   0.006 0.041 0.000 0.008 0.003 0.008 0.061 0.874 
 396 S _   0.006 0.042 0.000 0.008 0.003 0.008 0.061 0.872 
 397 G _   0.006 0.043 0.000 0.010 0.003 0.008 0.060 0.869 
 398 K _   0.006 0.045 0.000 0.011 0.004 0.009 0.060 0.865 
 399 F _   0.006 0.048 0.000 0.013 0.004 0.010 0.060 0.860 
 400 N _   0.006 0.051 0.001 0.014 0.004 0.010 0.059 0.854 
 401 P _   0.006 0.054 0.001 0.016 0.005 0.011 0.059 0.849 
 402 I _   0.006 0.056 0.001 0.017 0.005 0.011 0.059 0.846 
 403 C _   0.007 0.058 0.001 0.017 0.005 0.011 0.058 0.843 
 404 K _   0.007 0.059 0.001 0.017 0.005 0.011 0.058 0.842 
 405 A _   0.007 0.060 0.001 0.016 0.005 0.011 0.059 0.842 
 406 S _   0.007 0.060 0.001 0.015 0.005 0.011 0.059 0.842 
 407 G _   0.007 0.060 0.001 0.014 0.005 0.011 0.059 0.843 
 408 W _   0.007 0.060 0.001 0.013 0.005 0.011 0.059 0.844 
 409 P _   0.007 0.060 0.001 0.013 0.005 0.011 0.060 0.844 
 410 L _   0.008 0.060 0.001 0.012 0.005 0.012 0.060 0.843 
 411 P _   0.008 0.060 0.001 0.013 0.005 0.012 0.061 0.841 
 412 T _   0.009 0.062 0.001 0.013 0.005 0.012 0.061 0.838 
 413 N _   0.009 0.063 0.001 0.014 0.005 0.013 0.061 0.834 
 414 E _   0.009 0.065 0.001 0.016 0.006 0.013 0.062 0.829 
 415 E _   0.009 0.067 0.001 0.017 0.006 0.014 0.062 0.823 
 416 M _   0.010 0.069 0.001 0.019 0.007 0.014 0.063 0.818 
 417 T _   0.010 0.070 0.001 0.020 0.007 0.014 0.063 0.815 
 418 L _   0.010 0.071 0.001 0.022 0.007 0.014 0.064 0.812 
 419 V _   0.009 0.070 0.001 0.022 0.007 0.014 0.065 0.811 
 420 K _   0.009 0.068 0.001 0.023 0.007 0.014 0.066 0.811 
 421 P _   0.009 0.066 0.001 0.024 0.007 0.013 0.067 0.813 
 422 D _   0.009 0.062 0.001 0.024 0.007 0.013 0.069 0.815 
 423 G _   0.009 0.057 0.001 0.023 0.007 0.012 0.071 0.821 
 424 T _   0.009 0.050 0.001 0.021 0.006 0.012 0.073 0.828 
 425 V _   0.009 0.042 0.001 0.019 0.006 0.011 0.075 0.838 
 426 L _   0.008 0.033 0.001 0.016 0.005 0.010 0.077 0.851 
 427 H _   0.008 0.023 0.001 0.012 0.004 0.009 0.079 0.865 
 428 P _   0.007 0.014 0.000 0.009 0.003 0.008 0.081 0.878 
 429 K _   0.006 0.007 0.000 0.006 0.002 0.008 0.082 0.889 
 430 D _   0.006 0.003 0.000 0.004 0.002 0.007 0.082 0.895 
 431 F _   0.007 0.002 0.000 0.003 0.001 0.008 0.082 0.897 
 432 N _   0.009 0.001 0.000 0.002 0.002 0.010 0.081 0.895 
 433 H _   0.014 0.001 0.000 0.002 0.002 0.014 0.080 0.886 
 434 T _   0.024 0.001 0.000 0.003 0.004 0.021 0.078 0.868 
 435 D _   0.040 0.002 0.001 0.004 0.009 0.032 0.076 0.836 
 436 H _   0.062 0.008 0.001 0.009 0.018 0.046 0.073 0.784 
 437 F _   0.085 0.022 0.002 0.017 0.033 0.060 0.069 0.712 
 438 S _   0.105 0.047 0.003 0.030 0.049 0.072 0.065 0.629 
 439 V _   0.119 0.074 0.003 0.044 0.062 0.079 0.061 0.557 
 440 A _   0.128 0.095 0.003 0.058 0.068 0.081 0.059 0.508 
 441 I _   0.131 0.106 0.003 0.067 0.071 0.080 0.057 0.485 
 442 F _   0.130 0.109 0.003 0.070 0.069 0.077 0.057 0.485 
 443 T _   0.126 0.106 0.003 0.066 0.064 0.071 0.057 0.506 
 444 I _   0.119 0.096 0.003 0.057 0.055 0.064 0.058 0.547 
 445 H _   0.110 0.077 0.003 0.043 0.044 0.056 0.059 0.608 
 446 R _   0.098 0.049 0.003 0.028 0.032 0.049 0.060 0.682 
 447 I _   0.085 0.023 0.002 0.015 0.020 0.041 0.062 0.752 
 448 L _   0.073 0.008 0.001 0.007 0.011 0.035 0.062 0.803 
 449 P _   0.063 0.002 0.001 0.003 0.007 0.030 0.062 0.832 
 450 P _   0.060 0.000 0.000 0.002 0.004 0.028 0.062 0.843 
 451 D _   0.062 0.000 0.000 0.001 0.004 0.028 0.062 0.843 
 452 S _   0.070 0.000 0.000 0.001 0.005 0.030 0.061 0.833 
 453 G _   0.085 0.000 0.001 0.002 0.007 0.034 0.060 0.812 
 454 V _   0.104 0.000 0.001 0.003 0.011 0.041 0.059 0.781 
 455 W _   0.126 0.001 0.001 0.005 0.018 0.048 0.059 0.742 
 456 V _   0.147 0.003 0.002 0.008 0.027 0.056 0.058 0.700 
 457 C _   0.165 0.007 0.002 0.012 0.037 0.062 0.057 0.659 
 458 S _   0.178 0.011 0.002 0.017 0.046 0.066 0.057 0.622 
 459 V _   0.187 0.016 0.003 0.022 0.052 0.069 0.057 0.595 
 460 N _   0.188 0.020 0.003 0.026 0.056 0.069 0.058 0.581 
 461 T _   0.185 0.023 0.003 0.029 0.056 0.067 0.059 0.580 
 462 V _   0.176 0.024 0.003 0.030 0.053 0.064 0.061 0.590 
 463 A _   0.162 0.023 0.003 0.029 0.048 0.059 0.064 0.612 
 464 G _   0.146 0.022 0.002 0.026 0.040 0.054 0.067 0.643 
 465 M _   0.126 0.019 0.002 0.023 0.032 0.048 0.070 0.680 
 466 V _   0.106 0.016 0.002 0.019 0.025 0.041 0.074 0.718 
 467 E _   0.087 0.012 0.001 0.015 0.018 0.035 0.077 0.754 
 468 K _   0.069 0.010 0.001 0.013 0.013 0.030 0.080 0.785 
 469 P _   0.053 0.008 0.001 0.011 0.010 0.026 0.083 0.809 
 470 F _   0.041 0.006 0.001 0.010 0.008 0.022 0.086 0.827 
 471 N _   0.032 0.006 0.001 0.010 0.006 0.019 0.088 0.839 
 472 I _   0.025 0.005 0.001 0.010 0.006 0.017 0.090 0.847 
 473 S _   0.020 0.005 0.001 0.010 0.005 0.015 0.092 0.852 
 474 V _   0.017 0.005 0.001 0.010 0.005 0.013 0.094 0.855 
 475 K _   0.014 0.005 0.001 0.010 0.004 0.012 0.096 0.858 
 476 V _   0.012 0.005 0.000 0.010 0.004 0.011 0.097 0.861 
 477 L _   0.010 0.004 0.000 0.009 0.004 0.009 0.099 0.864 
 478 P _   0.009 0.004 0.000 0.008 0.003 0.009 0.100 0.867 
 479 K _   0.008 0.004 0.000 0.007 0.003 0.008 0.101 0.869 
 480 P _   0.007 0.004 0.000 0.006 0.002 0.007 0.102 0.871 
 481 L _   0.007 0.004 0.000 0.005 0.002 0.007 0.102 0.872 
 482 N _   0.006 0.005 0.000 0.005 0.002 0.007 0.102 0.872 
 483 A _   0.006 0.006 0.000 0.005 0.002 0.008 0.102 0.871 
 484 P _   0.007 0.008 0.000 0.005 0.002 0.009 0.101 0.867 
 485 N _   0.007 0.012 0.000 0.006 0.003 0.010 0.100 0.861 
 486 V _   0.008 0.019 0.000 0.008 0.004 0.012 0.098 0.850 
 487 I _   0.010 0.031 0.001 0.011 0.006 0.015 0.096 0.831 
 488 D _   0.011 0.051 0.001 0.016 0.008 0.019 0.093 0.801 
 489 T _   0.013 0.080 0.001 0.022 0.011 0.022 0.090 0.760 
 490 G _   0.014 0.117 0.002 0.030 0.015 0.025 0.087 0.710 
 491 H _   0.015 0.157 0.002 0.039 0.018 0.027 0.083 0.659 
 492 N _   0.015 0.191 0.002 0.048 0.020 0.028 0.081 0.616 
 493 F _   0.015 0.216 0.002 0.055 0.021 0.028 0.079 0.583 
 494 A _   0.015 0.232 0.002 0.061 0.022 0.028 0.078 0.564 
 495 V _   0.015 0.240 0.002 0.063 0.021 0.027 0.077 0.555 
 496 I _   0.015 0.242 0.001 0.062 0.020 0.026 0.078 0.557 
 497 N _   0.015 0.237 0.001 0.059 0.018 0.024 0.079 0.566 
 498 I _   0.015 0.226 0.001 0.053 0.017 0.022 0.081 0.585 
 499 S _   0.015 0.207 0.001 0.045 0.014 0.020 0.083 0.614 
 500 S _   0.014 0.179 0.001 0.038 0.012 0.018 0.086 0.651 
 501 E _   0.014 0.143 0.001 0.030 0.010 0.016 0.091 0.695 
 502 P _   0.013 0.105 0.001 0.023 0.008 0.015 0.095 0.740 
 503 Y _   0.012 0.072 0.001 0.017 0.006 0.013 0.098 0.781 
 504 F _   0.011 0.048 0.001 0.012 0.004 0.011 0.102 0.812 
 505 G _   0.009 0.032 0.000 0.009 0.003 0.010 0.104 0.833 
 506 D _   0.008 0.022 0.000 0.007 0.003 0.008 0.105 0.846 
 507 G _   0.007 0.016 0.000 0.006 0.002 0.008 0.106 0.854 
 508 P _   0.007 0.013 0.000 0.005 0.002 0.007 0.106 0.859 
 509 I _   0.006 0.012 0.000 0.005 0.002 0.007 0.106 0.862 
 510 K _   0.006 0.011 0.000 0.005 0.002 0.007 0.105 0.863 
 511 S _   0.006 0.011 0.000 0.006 0.002 0.008 0.104 0.863 
 512 K _   0.006 0.011 0.000 0.007 0.003 0.008 0.103 0.862 
 513 K _   0.006 0.012 0.000 0.008 0.003 0.009 0.102 0.861 
 514 L _   0.006 0.013 0.000 0.009 0.003 0.010 0.100 0.859 
 515 L _   0.006 0.015 0.000 0.009 0.004 0.010 0.098 0.857 
 516 Y _   0.007 0.017 0.000 0.010 0.004 0.011 0.096 0.855 
 517 K _   0.007 0.019 0.000 0.010 0.004 0.013 0.094 0.852 
 518 P _   0.007 0.021 0.001 0.011 0.005 0.014 0.092 0.849 
 519 V _   0.008 0.024 0.001 0.011 0.005 0.016 0.090 0.844 
 520 N _   0.010 0.027 0.001 0.012 0.006 0.019 0.088 0.837 
 521 H _   0.012 0.031 0.001 0.013 0.008 0.021 0.086 0.828 
 522 Y _   0.014 0.036 0.001 0.015 0.010 0.025 0.083 0.816 
 523 E _   0.017 0.042 0.001 0.017 0.012 0.028 0.081 0.802 
 524 A _   0.020 0.048 0.001 0.020 0.014 0.031 0.079 0.787 
 525 W _   0.023 0.055 0.001 0.022 0.016 0.034 0.077 0.772 
 526 Q _   0.025 0.060 0.001 0.024 0.018 0.036 0.075 0.760 
 527 H _   0.028 0.064 0.001 0.026 0.020 0.037 0.074 0.750 
 528 I _   0.030 0.068 0.001 0.027 0.021 0.038 0.073 0.742 
 529 Q _   0.032 0.070 0.001 0.028 0.022 0.038 0.072 0.737 
 530 V _   0.033 0.071 0.001 0.028 0.022 0.038 0.071 0.735 
 531 T _   0.034 0.071 0.001 0.029 0.021 0.037 0.071 0.735 
 532 N _   0.034 0.070 0.001 0.029 0.021 0.035 0.071 0.738 
 533 E _   0.034 0.068 0.001 0.028 0.019 0.033 0.072 0.744 
 534 I _   0.033 0.063 0.001 0.027 0.017 0.031 0.073 0.754 
 535 V _   0.031 0.057 0.001 0.025 0.015 0.029 0.074 0.768 
 536 T _   0.028 0.049 0.001 0.021 0.013 0.026 0.075 0.786 
 537 L _   0.025 0.040 0.001 0.017 0.010 0.023 0.077 0.806 
 538 N _   0.023 0.032 0.001 0.013 0.008 0.021 0.078 0.825 
 539 Y _   0.020 0.024 0.001 0.009 0.006 0.019 0.079 0.843 
 540 L _   0.018 0.019 0.001 0.007 0.005 0.017 0.079 0.856 
 541 E _   0.016 0.016 0.000 0.005 0.004 0.016 0.079 0.863 
 542 P _   0.016 0.015 0.000 0.004 0.004 0.017 0.079 0.866 
 543 R _   0.016 0.016 0.000 0.005 0.004 0.018 0.078 0.862 
 544 T _   0.018 0.019 0.001 0.006 0.006 0.020 0.078 0.853 
 545 E _   0.020 0.028 0.001 0.010 0.008 0.023 0.076 0.835 
 546 Y _   0.022 0.044 0.001 0.016 0.011 0.026 0.075 0.805 
 547 E _   0.023 0.068 0.001 0.025 0.015 0.028 0.073 0.766 
 548 L _   0.024 0.096 0.002 0.035 0.018 0.029 0.072 0.725 
 549 C _   0.023 0.119 0.002 0.044 0.020 0.029 0.070 0.692 
 550 V _   0.023 0.135 0.002 0.052 0.021 0.029 0.070 0.669 
 551 Q _   0.022 0.144 0.002 0.057 0.020 0.027 0.070 0.658 
 552 L _   0.021 0.146 0.001 0.058 0.019 0.026 0.070 0.659 
 553 V _   0.019 0.144 0.001 0.055 0.017 0.023 0.071 0.669 
 554 R _   0.017 0.135 0.001 0.048 0.014 0.020 0.073 0.690 
 555 R _   0.016 0.119 0.001 0.039 0.011 0.017 0.076 0.721 
 556 G _   0.014 0.098 0.001 0.028 0.008 0.015 0.078 0.758 
 557 E _   0.012 0.074 0.001 0.019 0.006 0.012 0.080 0.797 
 558 G _   0.010 0.054 0.001 0.011 0.004 0.010 0.082 0.829 
 559 G _   0.008 0.040 0.000 0.007 0.002 0.008 0.083 0.851 
 560 E _   0.007 0.034 0.000 0.004 0.002 0.007 0.083 0.863 
 561 G _   0.006 0.032 0.000 0.003 0.001 0.007 0.083 0.867 
 562 H _   0.006 0.032 0.000 0.003 0.002 0.009 0.082 0.865 
 563 P _   0.008 0.038 0.000 0.005 0.003 0.011 0.080 0.855 
 564 G _   0.009 0.052 0.001 0.009 0.005 0.014 0.078 0.831 
 565 P _   0.012 0.086 0.001 0.017 0.009 0.018 0.074 0.783 
 566 V _   0.013 0.148 0.002 0.028 0.013 0.022 0.069 0.707 
 567 R _   0.012 0.219 0.002 0.040 0.016 0.023 0.064 0.623 
 568 R _   0.011 0.280 0.002 0.050 0.017 0.023 0.060 0.557 
 569 F _   0.010 0.318 0.001 0.056 0.017 0.022 0.057 0.518 
 570 T _   0.009 0.339 0.001 0.059 0.016 0.021 0.056 0.499 
 571 T _   0.009 0.348 0.001 0.058 0.015 0.019 0.055 0.495 
 572 A _   0.008 0.349 0.001 0.054 0.014 0.018 0.055 0.501 
 573 S _   0.008 0.343 0.001 0.048 0.012 0.016 0.056 0.516 
 574 I _   0.008 0.330 0.001 0.040 0.010 0.015 0.057 0.539 
 575 G _   0.008 0.310 0.001 0.032 0.009 0.014 0.058 0.568 
 576 L _   0.008 0.285 0.001 0.025 0.008 0.013 0.060 0.600 
 577 P _   0.008 0.258 0.001 0.020 0.006 0.012 0.063 0.632 
 578 P _   0.008 0.235 0.001 0.016 0.005 0.011 0.065 0.659 
 579 P _   0.008 0.216 0.001 0.014 0.005 0.011 0.067 0.680 
 580 R _   0.007 0.201 0.001 0.012 0.004 0.010 0.069 0.696 
 581 G _   0.007 0.190 0.000 0.011 0.004 0.010 0.070 0.707 
 582 L _   0.007 0.182 0.000 0.010 0.003 0.010 0.071 0.716 
 583 N _   0.007 0.176 0.000 0.010 0.003 0.010 0.072 0.722 
 584 L _   0.006 0.172 0.000 0.009 0.003 0.010 0.073 0.726 
 585 L _   0.006 0.169 0.000 0.009 0.003 0.010 0.073 0.730 
 586 P _   0.006 0.168 0.000 0.009 0.003 0.010 0.073 0.731 
 587 K _   0.006 0.168 0.000 0.009 0.003 0.010 0.073 0.730 
 588 S _   0.006 0.170 0.000 0.010 0.004 0.011 0.073 0.725 
 589 Q _   0.007 0.175 0.001 0.012 0.005 0.013 0.072 0.716 
 590 T _   0.007 0.183 0.001 0.016 0.006 0.014 0.072 0.702 
 591 T _   0.008 0.193 0.001 0.021 0.008 0.016 0.071 0.682 
 592 L _   0.009 0.204 0.001 0.028 0.009 0.017 0.071 0.661 
 593 N _   0.010 0.213 0.001 0.035 0.011 0.018 0.070 0.641 
 594 L _   0.010 0.219 0.001 0.041 0.012 0.018 0.071 0.628 
 595 T _   0.011 0.220 0.001 0.044 0.012 0.018 0.072 0.622 
 596 W _   0.011 0.216 0.001 0.045 0.012 0.017 0.073 0.626 
 597 Q _   0.011 0.205 0.001 0.041 0.011 0.016 0.075 0.640 
 598 P _   0.010 0.185 0.001 0.035 0.010 0.014 0.078 0.667 
 599 I _   0.010 0.155 0.001 0.028 0.008 0.013 0.081 0.704 
 600 F _   0.009 0.120 0.001 0.020 0.006 0.011 0.085 0.747 
 601 P _   0.009 0.087 0.001 0.013 0.005 0.010 0.088 0.787 
 602 S _   0.008 0.065 0.000 0.008 0.003 0.009 0.091 0.816 
 603 S _   0.007 0.052 0.000 0.006 0.002 0.008 0.092 0.831 
 604 E _   0.007 0.047 0.000 0.005 0.002 0.008 0.093 0.837 
 605 D _   0.007 0.046 0.000 0.006 0.002 0.009 0.094 0.836 
 606 D _   0.007 0.048 0.000 0.008 0.003 0.010 0.094 0.830 
 607 F _   0.008 0.052 0.000 0.012 0.004 0.012 0.094 0.818 
 608 Y _   0.009 0.059 0.001 0.019 0.006 0.013 0.093 0.801 
 609 V _   0.009 0.067 0.001 0.027 0.007 0.015 0.092 0.782 
 610 E _   0.009 0.074 0.001 0.033 0.008 0.015 0.092 0.768 
 611 V _   0.009 0.077 0.001 0.038 0.008 0.015 0.092 0.760 
 612 E _   0.009 0.077 0.001 0.038 0.008 0.014 0.092 0.760 
 613 R _   0.008 0.075 0.001 0.036 0.008 0.013 0.093 0.766 
 614 R _   0.008 0.069 0.001 0.031 0.007 0.012 0.095 0.778 
 615 S _   0.007 0.060 0.001 0.024 0.005 0.010 0.097 0.796 
 616 V _   0.007 0.048 0.001 0.017 0.004 0.009 0.099 0.815 
 617 Q _   0.006 0.037 0.000 0.012 0.003 0.008 0.101 0.833 
 618 K _   0.006 0.029 0.000 0.008 0.002 0.007 0.102 0.847 
 619 S _   0.005 0.024 0.000 0.005 0.002 0.006 0.102 0.856 
 620 D _   0.005 0.021 0.000 0.004 0.001 0.006 0.102 0.860 
 621 Q _   0.005 0.020 0.000 0.004 0.001 0.006 0.102 0.862 
 622 Q _   0.005 0.021 0.000 0.004 0.002 0.007 0.101 0.861 
 623 N _   0.006 0.024 0.000 0.005 0.002 0.009 0.099 0.855 
 624 I _   0.007 0.032 0.000 0.008 0.004 0.012 0.096 0.841 
 625 K _   0.009 0.050 0.001 0.013 0.006 0.016 0.092 0.814 
 626 V _   0.011 0.081 0.001 0.020 0.009 0.020 0.087 0.770 
 627 P _   0.013 0.125 0.001 0.029 0.013 0.024 0.081 0.713 
 628 G _   0.013 0.174 0.002 0.040 0.016 0.026 0.076 0.653 
 629 N _   0.014 0.214 0.002 0.050 0.018 0.027 0.071 0.604 
 630 L _   0.014 0.240 0.002 0.057 0.020 0.028 0.068 0.573 
 631 T _   0.014 0.255 0.001 0.060 0.020 0.027 0.066 0.558 
 632 S _   0.014 0.261 0.001 0.060 0.019 0.026 0.064 0.554 
 633 V _   0.014 0.260 0.001 0.056 0.018 0.025 0.063 0.562 
 634 L _   0.014 0.253 0.001 0.049 0.016 0.023 0.063 0.581 
 635 L _   0.014 0.237 0.001 0.040 0.013 0.021 0.063 0.610 
 636 N _   0.013 0.215 0.001 0.030 0.011 0.019 0.064 0.646 
 637 N _   0.013 0.189 0.001 0.022 0.009 0.017 0.065 0.684 
 638 L _   0.013 0.165 0.001 0.015 0.007 0.016 0.065 0.718 
 639 H _   0.012 0.147 0.001 0.011 0.005 0.015 0.066 0.744 
 640 P _   0.011 0.136 0.001 0.008 0.004 0.014 0.066 0.760 
 641 R _   0.011 0.131 0.000 0.007 0.004 0.014 0.066 0.767 
 642 E _   0.011 0.130 0.000 0.008 0.004 0.014 0.065 0.768 
 643 Q _   0.011 0.132 0.001 0.009 0.005 0.014 0.065 0.765 
 644 Y _   0.011 0.137 0.001 0.011 0.005 0.014 0.064 0.757 
 645 V _   0.011 0.145 0.001 0.014 0.006 0.014 0.063 0.746 
 646 V _   0.010 0.153 0.001 0.017 0.007 0.014 0.062 0.736 
 647 R _   0.010 0.161 0.001 0.019 0.007 0.014 0.061 0.727 
 648 A _   0.010 0.167 0.001 0.021 0.007 0.014 0.061 0.721 
 649 R _   0.009 0.170 0.001 0.021 0.007 0.013 0.060 0.719 
 650 V _   0.008 0.171 0.001 0.020 0.007 0.013 0.060 0.720 
 651 N _   0.008 0.170 0.001 0.018 0.006 0.012 0.060 0.725 
 652 T _   0.007 0.168 0.001 0.016 0.005 0.011 0.060 0.731 
 653 K _   0.007 0.165 0.001 0.013 0.005 0.011 0.061 0.738 
 654 A _   0.007 0.162 0.000 0.011 0.004 0.011 0.061 0.743 
 655 Q _   0.007 0.161 0.000 0.009 0.004 0.011 0.061 0.746 
 656 G _   0.007 0.161 0.000 0.009 0.004 0.012 0.061 0.746 
 657 E _   0.008 0.164 0.000 0.010 0.004 0.013 0.060 0.741 
 658 W _   0.008 0.171 0.001 0.012 0.005 0.014 0.060 0.729 
 659 S _   0.009 0.181 0.001 0.016 0.007 0.016 0.059 0.711 
 660 E _   0.010 0.195 0.001 0.021 0.009 0.018 0.058 0.687 
 661 D _   0.011 0.211 0.001 0.029 0.011 0.019 0.058 0.660 
 662 L _   0.012 0.225 0.001 0.036 0.013 0.020 0.057 0.637 
 663 T _   0.012 0.233 0.001 0.043 0.014 0.020 0.057 0.620 
