#TopoPred_TM8: 8-state transmembrane topology prediction results by no_profile mode 
#probabilities are in the order of H E C I L F X _, the 8 transmembrane topology types used in PDBTM 
   1 M X   0.008 0.001 0.002 0.039 0.007 0.007 0.853 0.084 
   2 A X   0.003 0.000 0.000 0.020 0.001 0.003 0.877 0.095 
   3 V X   0.001 0.000 0.000 0.010 0.000 0.002 0.884 0.103 
   4 P X   0.001 0.000 0.000 0.006 0.000 0.002 0.884 0.107 
   5 P X   0.001 0.000 0.000 0.005 0.000 0.002 0.880 0.111 
   6 G X   0.001 0.001 0.000 0.005 0.001 0.002 0.875 0.116 
   7 H X   0.001 0.001 0.000 0.005 0.001 0.003 0.868 0.121 
   8 G X   0.002 0.002 0.000 0.005 0.001 0.004 0.859 0.128 
   9 P X   0.002 0.003 0.000 0.006 0.001 0.004 0.847 0.137 
  10 F X   0.002 0.005 0.000 0.007 0.002 0.005 0.832 0.148 
  11 S X   0.002 0.007 0.000 0.009 0.002 0.005 0.815 0.160 
  12 G X   0.002 0.010 0.000 0.010 0.002 0.006 0.798 0.172 
  13 F X   0.002 0.013 0.000 0.010 0.003 0.006 0.780 0.186 
  14 P X   0.002 0.017 0.000 0.011 0.003 0.006 0.761 0.199 
  15 G X   0.002 0.021 0.000 0.011 0.003 0.007 0.743 0.212 
  16 P X   0.002 0.026 0.000 0.012 0.003 0.008 0.725 0.224 
  17 Q X   0.003 0.032 0.000 0.012 0.004 0.008 0.707 0.234 
  18 E X   0.003 0.039 0.001 0.014 0.004 0.009 0.689 0.242 
  19 H X   0.003 0.046 0.001 0.015 0.005 0.010 0.671 0.250 
  20 T X   0.003 0.055 0.001 0.016 0.005 0.010 0.654 0.256 
  21 Q X   0.003 0.063 0.001 0.018 0.006 0.011 0.637 0.261 
  22 V X   0.004 0.072 0.001 0.019 0.006 0.011 0.622 0.265 
  23 L X   0.004 0.079 0.001 0.021 0.007 0.012 0.608 0.269 
  24 P X   0.004 0.086 0.001 0.021 0.007 0.012 0.596 0.273 
  25 D X   0.005 0.091 0.001 0.022 0.007 0.012 0.584 0.278 
  26 V X   0.005 0.095 0.001 0.022 0.007 0.012 0.575 0.284 
  27 R X   0.005 0.097 0.001 0.022 0.007 0.012 0.566 0.290 
  28 L X   0.005 0.098 0.001 0.021 0.007 0.012 0.559 0.296 
  29 L X   0.005 0.098 0.001 0.021 0.007 0.012 0.553 0.304 
  30 P X   0.005 0.096 0.001 0.020 0.007 0.012 0.548 0.312 
  31 R X   0.006 0.094 0.001 0.018 0.006 0.011 0.544 0.321 
  32 R X   0.005 0.090 0.001 0.017 0.006 0.010 0.540 0.331 
  33 L X   0.005 0.085 0.001 0.015 0.005 0.010 0.537 0.341 
  34 P X   0.005 0.080 0.001 0.014 0.005 0.009 0.535 0.352 
  35 L X   0.005 0.073 0.001 0.012 0.004 0.009 0.532 0.364 
  36 A X   0.005 0.067 0.000 0.010 0.004 0.008 0.531 0.375 
  37 F X   0.005 0.060 0.000 0.009 0.003 0.008 0.529 0.386 
  38 R X   0.005 0.054 0.000 0.008 0.003 0.007 0.527 0.396 
  39 D X   0.004 0.049 0.000 0.007 0.003 0.007 0.525 0.405 
  40 A X   0.004 0.045 0.000 0.006 0.003 0.007 0.523 0.411 
  41 T X   0.004 0.043 0.000 0.005 0.002 0.007 0.521 0.416 
  42 S X   0.005 0.042 0.000 0.005 0.003 0.008 0.518 0.419 
  43 A X   0.005 0.041 0.000 0.006 0.003 0.009 0.515 0.421 
  44 P X   0.006 0.042 0.000 0.007 0.003 0.009 0.512 0.420 
  45 L X   0.006 0.043 0.000 0.008 0.004 0.010 0.509 0.418 
  46 R X   0.007 0.045 0.001 0.010 0.005 0.011 0.506 0.415 
  47 K X   0.008 0.047 0.001 0.011 0.006 0.013 0.504 0.411 
  48 L X   0.008 0.049 0.001 0.013 0.007 0.013 0.501 0.407 
  49 S X   0.009 0.051 0.001 0.015 0.008 0.014 0.499 0.403 
  50 V X   0.010 0.053 0.001 0.016 0.008 0.015 0.497 0.400 
  51 D X   0.010 0.054 0.001 0.017 0.008 0.015 0.496 0.399 
  52 L X   0.011 0.054 0.001 0.017 0.008 0.015 0.496 0.399 
  53 I X   0.011 0.053 0.001 0.016 0.008 0.014 0.497 0.400 
  54 K X   0.011 0.051 0.001 0.016 0.008 0.014 0.498 0.402 
  55 T X   0.011 0.049 0.001 0.015 0.007 0.013 0.499 0.405 
  56 Y X   0.011 0.046 0.001 0.014 0.007 0.013 0.501 0.408 
  57 K X   0.010 0.043 0.001 0.013 0.006 0.012 0.504 0.411 
  58 H X   0.010 0.040 0.001 0.013 0.006 0.011 0.507 0.413 
  59 I X   0.010 0.038 0.001 0.012 0.005 0.011 0.510 0.414 
  60 N X   0.009 0.035 0.001 0.012 0.005 0.010 0.514 0.415 
  61 E X   0.009 0.032 0.001 0.012 0.004 0.009 0.518 0.416 
  62 V X   0.009 0.028 0.000 0.011 0.004 0.009 0.522 0.417 
  63 Y X   0.008 0.025 0.000 0.010 0.003 0.008 0.526 0.419 
  64 Y X   0.007 0.021 0.000 0.009 0.003 0.007 0.530 0.423 
  65 A X   0.007 0.017 0.000 0.008 0.003 0.006 0.534 0.426 
  66 K X   0.006 0.014 0.000 0.007 0.002 0.006 0.537 0.429 
  67 K X   0.005 0.011 0.000 0.006 0.002 0.005 0.540 0.431 
  68 K X   0.005 0.009 0.000 0.005 0.002 0.005 0.542 0.432 
  69 R X   0.005 0.007 0.000 0.005 0.001 0.005 0.544 0.433 
  70 R X   0.005 0.006 0.000 0.005 0.001 0.004 0.545 0.433 
  71 A X   0.005 0.005 0.000 0.005 0.001 0.004 0.547 0.433 
  72 Q X   0.004 0.005 0.000 0.005 0.001 0.004 0.547 0.434 
  73 Q X   0.004 0.004 0.000 0.005 0.001 0.004 0.547 0.435 
  74 A X   0.004 0.004 0.000 0.005 0.001 0.004 0.545 0.438 
  75 P X   0.003 0.003 0.000 0.004 0.001 0.003 0.543 0.441 
  76 P X   0.003 0.003 0.000 0.004 0.001 0.003 0.540 0.446 
  77 Q X   0.003 0.003 0.000 0.003 0.001 0.003 0.536 0.451 
  78 D X   0.002 0.003 0.000 0.003 0.001 0.003 0.531 0.456 
  79 S X   0.002 0.003 0.000 0.003 0.001 0.003 0.525 0.462 
  80 S X   0.002 0.004 0.000 0.004 0.001 0.004 0.517 0.468 
  81 N X   0.002 0.005 0.000 0.006 0.001 0.005 0.507 0.473 
  82 K X   0.003 0.007 0.000 0.009 0.002 0.006 0.496 0.478 
  83 K _   0.003 0.011 0.000 0.012 0.003 0.007 0.482 0.482 
  84 E _   0.003 0.016 0.000 0.017 0.003 0.008 0.468 0.486 
  85 K _   0.003 0.020 0.001 0.021 0.004 0.008 0.453 0.489 
  86 K _   0.004 0.024 0.001 0.025 0.004 0.009 0.439 0.494 
  87 V _   0.004 0.027 0.001 0.027 0.005 0.009 0.427 0.501 
  88 L _   0.004 0.029 0.001 0.026 0.004 0.009 0.416 0.511 
  89 N _   0.004 0.029 0.001 0.024 0.004 0.008 0.407 0.524 
  90 H _   0.003 0.028 0.000 0.019 0.003 0.007 0.399 0.538 
  91 G _   0.003 0.027 0.000 0.015 0.003 0.007 0.392 0.554 
  92 Y _   0.003 0.025 0.000 0.011 0.002 0.006 0.384 0.568 
  93 D _   0.003 0.024 0.000 0.008 0.002 0.006 0.376 0.581 
  94 D _   0.003 0.024 0.000 0.006 0.002 0.006 0.368 0.592 
  95 D _   0.003 0.025 0.000 0.005 0.002 0.006 0.359 0.600 
  96 N _   0.004 0.028 0.000 0.006 0.002 0.008 0.347 0.606 
  97 H _   0.005 0.034 0.000 0.008 0.003 0.010 0.333 0.606 
  98 D _   0.006 0.048 0.001 0.012 0.005 0.013 0.315 0.599 
  99 Y _   0.007 0.074 0.001 0.019 0.008 0.017 0.293 0.581 
 100 I _   0.008 0.113 0.001 0.028 0.011 0.020 0.267 0.551 
 101 V _   0.009 0.158 0.002 0.037 0.014 0.022 0.241 0.518 
 102 R _   0.008 0.199 0.002 0.045 0.015 0.023 0.217 0.490 
 103 S _   0.008 0.231 0.002 0.051 0.016 0.024 0.198 0.471 
 104 G _   0.008 0.252 0.001 0.054 0.017 0.024 0.183 0.460 
 105 E _   0.008 0.264 0.001 0.054 0.017 0.024 0.172 0.460 
 106 R _   0.008 0.270 0.001 0.052 0.016 0.023 0.162 0.467 
 107 W _   0.009 0.270 0.001 0.048 0.015 0.022 0.155 0.480 
 108 L _   0.009 0.265 0.001 0.042 0.014 0.021 0.150 0.499 
 109 E _   0.009 0.255 0.001 0.036 0.012 0.019 0.145 0.523 
 110 R _   0.009 0.243 0.001 0.029 0.010 0.018 0.141 0.549 
 111 Y _   0.009 0.228 0.001 0.024 0.009 0.017 0.137 0.576 
 112 E _   0.009 0.213 0.001 0.019 0.008 0.016 0.134 0.600 
 113 I _   0.009 0.199 0.001 0.016 0.007 0.016 0.131 0.622 
 114 D _   0.009 0.188 0.001 0.014 0.006 0.015 0.128 0.639 
 115 S _   0.010 0.180 0.001 0.013 0.006 0.015 0.125 0.651 
 116 L _   0.010 0.174 0.001 0.012 0.006 0.016 0.121 0.660 
 117 I _   0.011 0.170 0.001 0.013 0.006 0.016 0.118 0.665 
 118 G _   0.011 0.168 0.001 0.015 0.007 0.017 0.114 0.667 
 119 K _   0.012 0.166 0.001 0.018 0.008 0.017 0.111 0.667 
 120 G _   0.012 0.165 0.001 0.020 0.009 0.018 0.108 0.667 
 121 S _   0.012 0.162 0.001 0.023 0.010 0.018 0.105 0.669 
 122 F _   0.013 0.158 0.001 0.025 0.010 0.018 0.103 0.673 
 123 G _   0.012 0.152 0.001 0.026 0.010 0.017 0.101 0.681 
 124 Q _   0.012 0.141 0.001 0.025 0.009 0.016 0.099 0.695 
 125 V _   0.012 0.127 0.001 0.023 0.008 0.015 0.098 0.716 
 126 V _   0.011 0.109 0.001 0.019 0.007 0.014 0.097 0.742 
 127 K _   0.010 0.089 0.001 0.015 0.006 0.013 0.096 0.769 
 128 A _   0.010 0.071 0.001 0.011 0.005 0.012 0.095 0.795 
 129 Y _   0.009 0.058 0.001 0.008 0.004 0.012 0.093 0.815 
 130 D _   0.009 0.050 0.000 0.006 0.003 0.012 0.092 0.828 
 131 H _   0.009 0.046 0.000 0.006 0.003 0.012 0.090 0.833 
 132 Q _   0.010 0.045 0.000 0.007 0.004 0.013 0.088 0.833 
 133 T _   0.011 0.047 0.001 0.009 0.005 0.015 0.086 0.827 
 134 Q _   0.012 0.051 0.001 0.013 0.007 0.017 0.083 0.816 
 135 E _   0.013 0.058 0.001 0.019 0.009 0.019 0.080 0.802 
 136 L _   0.014 0.064 0.001 0.025 0.011 0.020 0.077 0.787 
 137 V _   0.015 0.070 0.001 0.031 0.012 0.021 0.075 0.777 
 138 A _   0.015 0.072 0.001 0.034 0.012 0.021 0.073 0.772 
 139 I _   0.015 0.072 0.001 0.034 0.012 0.020 0.071 0.774 
 140 K _   0.014 0.070 0.001 0.032 0.011 0.020 0.070 0.783 
 141 I _   0.014 0.064 0.001 0.027 0.010 0.018 0.069 0.797 
 142 I _   0.013 0.055 0.001 0.022 0.008 0.017 0.068 0.815 
 143 K _   0.013 0.046 0.001 0.016 0.007 0.016 0.067 0.835 
 144 N _   0.012 0.036 0.001 0.011 0.005 0.015 0.067 0.852 
 145 K _   0.012 0.030 0.001 0.008 0.004 0.015 0.066 0.864 
 146 K _   0.013 0.026 0.000 0.006 0.004 0.016 0.065 0.871 
 147 A _   0.014 0.024 0.000 0.005 0.004 0.017 0.064 0.872 
 148 F _   0.016 0.025 0.000 0.005 0.005 0.019 0.062 0.867 
 149 L _   0.019 0.028 0.001 0.007 0.006 0.022 0.061 0.857 
 150 N _   0.022 0.035 0.001 0.011 0.009 0.025 0.059 0.838 
 151 Q _   0.026 0.047 0.001 0.017 0.013 0.029 0.056 0.811 
 152 A _   0.029 0.063 0.001 0.024 0.017 0.032 0.054 0.779 
 153 Q _   0.032 0.079 0.002 0.033 0.020 0.034 0.051 0.748 
 154 I _   0.033 0.093 0.002 0.042 0.023 0.035 0.049 0.723 
 155 E _   0.034 0.101 0.002 0.049 0.024 0.035 0.048 0.708 
 156 L _   0.033 0.104 0.002 0.052 0.024 0.034 0.047 0.705 
 157 R _   0.032 0.103 0.002 0.051 0.022 0.031 0.047 0.713 
 158 L _   0.029 0.097 0.002 0.046 0.019 0.028 0.046 0.732 
 159 L _   0.027 0.085 0.001 0.038 0.016 0.025 0.047 0.761 
 160 E _   0.024 0.068 0.001 0.029 0.012 0.021 0.047 0.797 
 161 L _   0.021 0.048 0.001 0.020 0.009 0.018 0.047 0.836 
 162 M _   0.018 0.029 0.001 0.013 0.006 0.015 0.047 0.871 
 163 N _   0.015 0.015 0.001 0.008 0.004 0.013 0.047 0.896 
 164 Q _   0.014 0.008 0.000 0.005 0.003 0.011 0.046 0.912 
 165 H _   0.013 0.004 0.000 0.004 0.003 0.011 0.046 0.920 
 166 D _   0.012 0.002 0.000 0.003 0.002 0.011 0.044 0.924 
 167 T _   0.013 0.002 0.000 0.004 0.003 0.012 0.043 0.923 
 168 E _   0.015 0.002 0.000 0.005 0.004 0.014 0.042 0.919 
 169 M _   0.018 0.002 0.001 0.007 0.005 0.016 0.040 0.913 
 170 K _   0.022 0.002 0.001 0.009 0.006 0.018 0.038 0.904 
 171 Y _   0.027 0.002 0.001 0.012 0.008 0.021 0.036 0.893 
 172 Y _   0.034 0.003 0.001 0.014 0.010 0.023 0.034 0.883 
 173 I _   0.042 0.003 0.001 0.015 0.011 0.024 0.032 0.872 
 174 V _   0.053 0.003 0.001 0.015 0.012 0.025 0.029 0.861 
 175 H _   0.068 0.002 0.001 0.013 0.012 0.026 0.027 0.850 
 176 L _   0.088 0.002 0.001 0.011 0.012 0.026 0.025 0.836 
 177 K _   0.112 0.001 0.001 0.008 0.011 0.025 0.023 0.819 
 178 R _   0.144 0.001 0.001 0.005 0.010 0.024 0.020 0.795 
 179 H _   0.183 0.000 0.001 0.003 0.010 0.023 0.018 0.762 
 180 F _   0.233 0.000 0.001 0.002 0.009 0.023 0.015 0.716 
 181 M _   0.296 0.000 0.001 0.002 0.010 0.023 0.013 0.656 
 182 F _   0.373 0.000 0.001 0.001 0.012 0.023 0.011 0.579 
 183 R _   0.458 0.000 0.001 0.001 0.015 0.023 0.009 0.492 
 184 N H   0.545 0.000 0.001 0.001 0.019 0.024 0.007 0.403 
 185 H H   0.621 0.000 0.001 0.001 0.023 0.023 0.006 0.325 
 186 L H   0.678 0.000 0.002 0.002 0.026 0.023 0.005 0.265 
 187 C H   0.717 0.000 0.002 0.002 0.028 0.022 0.004 0.225 
 188 L H   0.737 0.000 0.002 0.002 0.029 0.021 0.004 0.205 
 189 V H   0.741 0.000 0.002 0.003 0.029 0.020 0.004 0.201 
 190 F H   0.729 0.000 0.002 0.003 0.029 0.019 0.005 0.214 
 191 E H   0.698 0.000 0.002 0.003 0.028 0.019 0.005 0.246 
 192 L H   0.648 0.000 0.002 0.003 0.025 0.018 0.006 0.297 
 193 L H   0.581 0.000 0.002 0.003 0.021 0.017 0.007 0.369 
 194 S H   0.497 0.000 0.001 0.003 0.017 0.017 0.008 0.458 
 195 Y _   0.406 0.000 0.001 0.003 0.012 0.016 0.009 0.553 
 196 N _   0.319 0.000 0.001 0.002 0.009 0.015 0.010 0.643 
 197 L _   0.242 0.000 0.001 0.002 0.007 0.014 0.011 0.722 
 198 Y _   0.183 0.000 0.001 0.002 0.005 0.013 0.012 0.782 
 199 D _   0.139 0.000 0.001 0.003 0.005 0.013 0.013 0.826 
 200 L _   0.108 0.000 0.001 0.003 0.004 0.014 0.014 0.857 
 201 L _   0.087 0.000 0.001 0.003 0.004 0.014 0.014 0.877 
 202 R _   0.073 0.000 0.001 0.004 0.005 0.016 0.014 0.888 
 203 N _   0.064 0.000 0.001 0.005 0.006 0.017 0.014 0.892 
 204 T _   0.060 0.001 0.001 0.006 0.007 0.019 0.014 0.892 
 205 H _   0.060 0.001 0.001 0.008 0.008 0.021 0.014 0.888 
 206 F _   0.061 0.001 0.001 0.010 0.009 0.022 0.014 0.881 
 207 R _   0.066 0.002 0.001 0.012 0.010 0.024 0.013 0.872 
 208 G _   0.074 0.002 0.001 0.012 0.011 0.025 0.013 0.861 
 209 V _   0.085 0.002 0.001 0.012 0.012 0.025 0.013 0.850 
 210 S _   0.098 0.002 0.001 0.011 0.012 0.026 0.012 0.839 
 211 L _   0.114 0.001 0.001 0.009 0.011 0.025 0.012 0.825 
 212 N _   0.135 0.001 0.001 0.007 0.010 0.025 0.011 0.810 
 213 L _   0.159 0.000 0.001 0.005 0.010 0.024 0.011 0.790 
 214 T _   0.187 0.000 0.001 0.003 0.009 0.024 0.010 0.766 
 215 R _   0.222 0.000 0.001 0.002 0.009 0.023 0.009 0.733 
 216 K _   0.264 0.000 0.001 0.002 0.009 0.023 0.009 0.693 
 217 L _   0.315 0.000 0.001 0.001 0.010 0.024 0.008 0.641 
 218 A _   0.373 0.000 0.001 0.001 0.012 0.025 0.007 0.581 
 219 Q _   0.434 0.000 0.001 0.001 0.015 0.026 0.007 0.516 
 220 Q H   0.493 0.000 0.001 0.002 0.018 0.026 0.006 0.454 
 221 L H   0.543 0.000 0.001 0.002 0.022 0.027 0.006 0.399 
 222 C H   0.583 0.000 0.001 0.002 0.025 0.027 0.006 0.355 
 223 T H   0.611 0.000 0.002 0.003 0.027 0.026 0.007 0.324 
 224 A H   0.625 0.000 0.002 0.003 0.028 0.026 0.007 0.309 
 225 L H   0.626 0.000 0.002 0.003 0.029 0.025 0.008 0.308 
 226 L H   0.615 0.000 0.002 0.003 0.028 0.024 0.009 0.319 
 227 F H   0.591 0.000 0.002 0.003 0.026 0.023 0.010 0.344 
 228 L H   0.554 0.000 0.002 0.003 0.023 0.022 0.012 0.384 
 229 A H   0.503 0.000 0.002 0.003 0.020 0.021 0.014 0.438 
 230 T _   0.442 0.000 0.001 0.004 0.017 0.020 0.016 0.500 
 231 P _   0.377 0.000 0.001 0.004 0.014 0.019 0.019 0.565 
 232 E _   0.310 0.000 0.001 0.005 0.012 0.018 0.022 0.632 
 233 L _   0.246 0.000 0.001 0.005 0.010 0.017 0.025 0.695 
 234 S _   0.190 0.000 0.001 0.006 0.008 0.016 0.028 0.751 
 235 I _   0.142 0.000 0.001 0.006 0.007 0.015 0.031 0.798 
 236 I _   0.103 0.000 0.001 0.006 0.006 0.013 0.033 0.837 
 237 H _   0.073 0.001 0.001 0.007 0.005 0.012 0.035 0.867 
 238 C _   0.051 0.001 0.001 0.006 0.004 0.011 0.037 0.889 
 239 D _   0.036 0.001 0.000 0.006 0.004 0.010 0.038 0.905 
 240 L _   0.025 0.001 0.000 0.006 0.003 0.009 0.039 0.916 
 241 K _   0.018 0.001 0.000 0.006 0.003 0.009 0.040 0.923 
 242 P _   0.014 0.001 0.000 0.006 0.003 0.008 0.040 0.927 
 243 E _   0.011 0.002 0.000 0.007 0.003 0.008 0.040 0.929 
 244 N _   0.009 0.002 0.000 0.007 0.003 0.008 0.040 0.930 
 245 I _   0.008 0.003 0.000 0.007 0.003 0.008 0.040 0.931 
 246 L _   0.008 0.003 0.000 0.007 0.003 0.008 0.040 0.931 
 247 L _   0.007 0.004 0.000 0.007 0.003 0.008 0.039 0.931 
 248 C _   0.007 0.005 0.000 0.007 0.003 0.009 0.039 0.930 
 249 N _   0.007 0.006 0.000 0.007 0.003 0.009 0.038 0.929 
 250 P _   0.007 0.008 0.000 0.008 0.004 0.010 0.037 0.925 
 251 K _   0.008 0.011 0.000 0.009 0.004 0.012 0.036 0.919 
 252 R _   0.009 0.015 0.001 0.012 0.005 0.014 0.035 0.910 
 253 S _   0.010 0.020 0.001 0.014 0.007 0.016 0.034 0.899 
 254 A _   0.011 0.026 0.001 0.018 0.008 0.018 0.032 0.886 
 255 I _   0.012 0.032 0.001 0.021 0.009 0.019 0.031 0.874 
 256 K _   0.013 0.037 0.001 0.024 0.010 0.021 0.030 0.863 
 257 I _   0.014 0.041 0.001 0.025 0.011 0.022 0.029 0.857 
 258 V _   0.015 0.043 0.001 0.025 0.011 0.023 0.028 0.853 
 259 D _   0.015 0.044 0.001 0.024 0.011 0.023 0.028 0.853 
 260 F _   0.016 0.044 0.001 0.021 0.011 0.024 0.027 0.856 
 261 G _   0.017 0.043 0.001 0.018 0.010 0.024 0.027 0.861 
 262 S _   0.018 0.041 0.001 0.015 0.010 0.025 0.026 0.864 
 263 S _   0.019 0.040 0.001 0.013 0.010 0.026 0.026 0.866 
 264 C _   0.021 0.039 0.001 0.012 0.010 0.026 0.025 0.866 
 265 Q _   0.023 0.039 0.001 0.012 0.010 0.028 0.025 0.862 
 266 L _   0.025 0.040 0.001 0.014 0.012 0.029 0.024 0.855 
 267 G _   0.027 0.042 0.001 0.016 0.013 0.030 0.024 0.846 
 268 Q _   0.029 0.044 0.001 0.019 0.015 0.031 0.023 0.837 
 269 R _   0.030 0.046 0.001 0.023 0.016 0.031 0.023 0.830 
 270 I _   0.029 0.047 0.001 0.026 0.017 0.031 0.023 0.826 
 271 Y _   0.029 0.047 0.001 0.027 0.017 0.030 0.023 0.828 
 272 Q _   0.027 0.044 0.001 0.027 0.016 0.028 0.023 0.835 
 273 Y _   0.025 0.040 0.001 0.024 0.014 0.026 0.023 0.847 
 274 I _   0.023 0.035 0.001 0.021 0.012 0.024 0.023 0.862 
 275 Q _   0.021 0.028 0.001 0.016 0.010 0.022 0.023 0.879 
 276 S _   0.019 0.022 0.001 0.013 0.008 0.020 0.023 0.895 
 277 R _   0.017 0.017 0.001 0.010 0.007 0.019 0.023 0.907 
 278 F _   0.016 0.013 0.001 0.009 0.006 0.018 0.022 0.915 
 279 Y _   0.015 0.011 0.001 0.008 0.006 0.018 0.022 0.919 
 280 R _   0.016 0.009 0.001 0.009 0.006 0.018 0.022 0.920 
 281 S _   0.017 0.009 0.001 0.010 0.007 0.019 0.022 0.917 
 282 P _   0.019 0.008 0.001 0.012 0.008 0.019 0.021 0.912 
 283 E _   0.022 0.008 0.001 0.014 0.009 0.020 0.021 0.905 
 284 V _   0.027 0.008 0.001 0.016 0.009 0.021 0.020 0.899 
 285 L _   0.033 0.007 0.001 0.016 0.010 0.021 0.020 0.894 
 286 L _   0.041 0.005 0.001 0.014 0.009 0.021 0.019 0.889 
 287 G _   0.052 0.004 0.001 0.012 0.009 0.021 0.018 0.884 
 288 T _   0.067 0.002 0.001 0.008 0.008 0.021 0.018 0.875 
 289 P _   0.088 0.001 0.001 0.006 0.007 0.021 0.017 0.859 
 290 Y _   0.117 0.000 0.001 0.003 0.007 0.021 0.016 0.834 
 291 D _   0.156 0.000 0.001 0.002 0.007 0.022 0.015 0.797 
 292 L _   0.209 0.000 0.001 0.002 0.008 0.023 0.015 0.743 
 293 A _   0.277 0.000 0.001 0.002 0.010 0.025 0.014 0.671 
 294 I _   0.356 0.000 0.001 0.002 0.013 0.028 0.013 0.587 
 295 D _   0.437 0.000 0.001 0.002 0.018 0.031 0.012 0.498 
 296 M H   0.514 0.000 0.001 0.002 0.024 0.033 0.012 0.414 
 297 W H   0.575 0.000 0.002 0.002 0.030 0.034 0.012 0.345 
 298 S H   0.619 0.000 0.002 0.003 0.036 0.035 0.012 0.294 
 299 L H   0.646 0.001 0.002 0.004 0.040 0.035 0.013 0.259 
 300 G H   0.658 0.001 0.002 0.005 0.044 0.035 0.014 0.241 
 301 C H   0.658 0.001 0.002 0.006 0.045 0.034 0.016 0.237 
 302 I H   0.643 0.002 0.002 0.007 0.045 0.033 0.018 0.250 
 303 L H   0.611 0.002 0.002 0.008 0.044 0.032 0.022 0.279 
 304 V H   0.562 0.002 0.002 0.010 0.040 0.030 0.026 0.327 
 305 E H   0.495 0.002 0.002 0.011 0.035 0.028 0.032 0.396 
 306 M _   0.414 0.002 0.002 0.011 0.028 0.026 0.038 0.479 
 307 H _   0.326 0.001 0.002 0.010 0.021 0.023 0.046 0.571 
 308 T _   0.244 0.001 0.001 0.010 0.014 0.020 0.053 0.657 
 309 G _   0.173 0.001 0.001 0.008 0.010 0.017 0.060 0.731 
 310 E _   0.116 0.001 0.001 0.007 0.007 0.014 0.066 0.789 
 311 P _   0.075 0.001 0.001 0.006 0.004 0.011 0.071 0.831 
 312 L _   0.047 0.000 0.000 0.005 0.003 0.009 0.074 0.860 
 313 F _   0.029 0.000 0.000 0.004 0.002 0.008 0.077 0.879 
 314 S _   0.018 0.001 0.000 0.004 0.002 0.007 0.079 0.890 
 315 G _   0.012 0.001 0.000 0.003 0.002 0.006 0.080 0.896 
 316 S _   0.009 0.001 0.000 0.003 0.002 0.007 0.081 0.898 
 317 N _   0.007 0.003 0.000 0.004 0.002 0.007 0.081 0.896 
 318 E _   0.007 0.005 0.000 0.005 0.002 0.009 0.081 0.891 
 319 V _   0.008 0.010 0.000 0.006 0.003 0.011 0.080 0.880 
 320 D _   0.010 0.020 0.001 0.009 0.005 0.014 0.079 0.861 
 321 Q _   0.012 0.038 0.001 0.014 0.007 0.018 0.078 0.833 
 322 M _   0.014 0.065 0.001 0.019 0.010 0.022 0.076 0.793 
 323 N _   0.016 0.099 0.001 0.026 0.014 0.025 0.074 0.746 
 324 R _   0.017 0.134 0.002 0.033 0.017 0.027 0.072 0.698 
 325 I _   0.019 0.167 0.002 0.039 0.019 0.029 0.070 0.656 
 326 V _   0.020 0.192 0.002 0.044 0.020 0.030 0.069 0.624 
 327 E _   0.020 0.210 0.002 0.047 0.021 0.030 0.069 0.602 
 328 V _   0.021 0.221 0.001 0.049 0.021 0.029 0.070 0.588 
 329 L _   0.021 0.226 0.001 0.050 0.020 0.028 0.071 0.583 
 330 G _   0.021 0.226 0.001 0.048 0.019 0.027 0.072 0.585 
 331 I _   0.021 0.222 0.001 0.046 0.017 0.025 0.075 0.593 
 332 P _   0.020 0.213 0.001 0.042 0.015 0.023 0.077 0.608 
 333 P _   0.019 0.199 0.001 0.037 0.013 0.021 0.081 0.629 
 334 A _   0.018 0.179 0.001 0.032 0.011 0.018 0.085 0.656 
 335 A _   0.016 0.154 0.001 0.025 0.008 0.016 0.090 0.689 
 336 M _   0.015 0.127 0.001 0.019 0.007 0.014 0.094 0.724 
 337 L _   0.013 0.101 0.001 0.014 0.005 0.012 0.098 0.756 
 338 D _   0.011 0.081 0.001 0.010 0.004 0.010 0.101 0.782 
 339 Q _   0.009 0.068 0.000 0.007 0.003 0.009 0.104 0.801 
 340 A _   0.008 0.061 0.000 0.005 0.002 0.008 0.105 0.811 
 341 P _   0.007 0.057 0.000 0.004 0.002 0.007 0.106 0.816 
 342 K _   0.006 0.057 0.000 0.004 0.002 0.008 0.106 0.817 
 343 A _   0.006 0.059 0.000 0.005 0.002 0.008 0.106 0.813 
 344 R _   0.007 0.065 0.000 0.007 0.003 0.009 0.105 0.804 
 345 K _   0.007 0.075 0.000 0.009 0.004 0.010 0.104 0.791 
 346 Y _   0.007 0.090 0.001 0.012 0.005 0.012 0.102 0.771 
 347 F _   0.008 0.109 0.001 0.016 0.006 0.013 0.100 0.748 
 348 E _   0.008 0.132 0.001 0.020 0.007 0.014 0.099 0.721 
 349 R _   0.008 0.154 0.001 0.024 0.008 0.014 0.097 0.695 
 350 L _   0.008 0.175 0.001 0.028 0.008 0.015 0.095 0.671 
 351 P _   0.008 0.192 0.001 0.031 0.009 0.015 0.094 0.650 
 352 G _   0.008 0.204 0.001 0.034 0.009 0.015 0.094 0.634 
 353 G _   0.008 0.213 0.001 0.037 0.010 0.016 0.094 0.622 
 354 G _   0.009 0.217 0.001 0.039 0.010 0.016 0.094 0.614 
 355 W _   0.010 0.217 0.001 0.040 0.010 0.015 0.096 0.612 
 356 T _   0.010 0.212 0.001 0.038 0.009 0.015 0.098 0.616 
 357 L _   0.010 0.202 0.001 0.036 0.009 0.014 0.101 0.628 
 358 R _   0.010 0.186 0.001 0.031 0.008 0.013 0.105 0.646 
 359 R _   0.009 0.164 0.001 0.027 0.007 0.012 0.109 0.671 
 360 T _   0.009 0.138 0.001 0.021 0.006 0.011 0.114 0.700 
 361 K _   0.009 0.112 0.001 0.016 0.004 0.010 0.119 0.729 
 362 E _   0.008 0.089 0.001 0.012 0.003 0.008 0.123 0.756 
 363 L _   0.007 0.072 0.000 0.008 0.003 0.007 0.126 0.776 
 364 R _   0.007 0.062 0.000 0.006 0.002 0.007 0.128 0.789 
 365 K _   0.006 0.055 0.000 0.004 0.002 0.006 0.129 0.797 
 366 D _   0.005 0.053 0.000 0.004 0.001 0.006 0.129 0.802 
 367 Y _   0.005 0.052 0.000 0.004 0.001 0.007 0.129 0.802 
 368 Q _   0.005 0.055 0.000 0.005 0.002 0.008 0.127 0.798 
 369 G _   0.006 0.063 0.000 0.006 0.003 0.010 0.125 0.787 
 370 P _   0.007 0.078 0.001 0.010 0.004 0.012 0.122 0.766 
 371 G _   0.009 0.106 0.001 0.015 0.006 0.015 0.117 0.732 
 372 T _   0.010 0.150 0.001 0.021 0.009 0.017 0.112 0.681 
 373 R _   0.010 0.207 0.001 0.028 0.011 0.019 0.105 0.618 
 374 R _   0.009 0.267 0.001 0.035 0.013 0.020 0.099 0.555 
 375 L _   0.009 0.318 0.001 0.041 0.014 0.019 0.094 0.503 
 376 Q _   0.008 0.356 0.001 0.046 0.014 0.019 0.091 0.466 
 377 E _   0.008 0.380 0.001 0.049 0.013 0.018 0.088 0.443 
 378 V _   0.008 0.393 0.001 0.050 0.013 0.017 0.087 0.432 
 379 L _   0.007 0.398 0.001 0.050 0.012 0.016 0.087 0.430 
 380 G _   0.008 0.396 0.001 0.047 0.011 0.015 0.087 0.435 
 381 V _   0.008 0.387 0.001 0.044 0.010 0.014 0.088 0.448 
 382 Q _   0.008 0.369 0.001 0.040 0.010 0.013 0.090 0.469 
 383 T _   0.008 0.342 0.001 0.035 0.009 0.012 0.093 0.501 
 384 G _   0.008 0.305 0.001 0.030 0.008 0.012 0.096 0.540 
 385 G _   0.008 0.263 0.001 0.025 0.007 0.011 0.100 0.584 
 386 P _   0.008 0.223 0.001 0.021 0.006 0.011 0.104 0.626 
 387 G _   0.008 0.186 0.001 0.017 0.005 0.010 0.108 0.664 
 388 G _   0.008 0.157 0.001 0.014 0.004 0.010 0.111 0.696 
 389 R _   0.007 0.134 0.000 0.012 0.003 0.009 0.114 0.721 
 390 R _   0.007 0.118 0.000 0.010 0.003 0.008 0.116 0.739 
 391 A _   0.006 0.106 0.000 0.008 0.002 0.008 0.117 0.753 
 392 G _   0.005 0.098 0.000 0.007 0.002 0.007 0.117 0.763 
 393 E _   0.004 0.094 0.000 0.006 0.002 0.007 0.117 0.770 
 394 P _   0.004 0.092 0.000 0.005 0.002 0.007 0.116 0.773 
 395 G _   0.004 0.092 0.000 0.005 0.002 0.008 0.115 0.773 
 396 H _   0.005 0.096 0.000 0.006 0.002 0.009 0.113 0.769 
 397 S _   0.005 0.103 0.000 0.008 0.003 0.011 0.110 0.759 
 398 P _   0.007 0.117 0.001 0.011 0.004 0.014 0.106 0.740 
 399 A _   0.008 0.142 0.001 0.015 0.007 0.018 0.102 0.708 
 400 D _   0.010 0.178 0.001 0.021 0.010 0.021 0.096 0.663 
 401 Y _   0.011 0.225 0.001 0.027 0.013 0.024 0.091 0.608 
 402 L _   0.012 0.275 0.002 0.034 0.015 0.026 0.085 0.552 
 403 R _   0.012 0.317 0.002 0.039 0.017 0.027 0.081 0.505 
 404 F _   0.012 0.348 0.001 0.044 0.018 0.027 0.077 0.472 
 405 Q _   0.012 0.367 0.001 0.047 0.018 0.027 0.075 0.452 
 406 D _   0.013 0.378 0.001 0.048 0.018 0.027 0.073 0.443 
 407 L _   0.013 0.381 0.001 0.047 0.018 0.026 0.072 0.442 
 408 V _   0.014 0.379 0.001 0.044 0.017 0.025 0.072 0.447 
 409 L _   0.014 0.370 0.001 0.040 0.016 0.024 0.072 0.461 
 410 R _   0.015 0.354 0.001 0.036 0.015 0.022 0.073 0.484 
 411 M _   0.015 0.329 0.001 0.030 0.013 0.021 0.075 0.516 
 412 L _   0.015 0.297 0.001 0.024 0.011 0.020 0.076 0.554 
 413 E _   0.015 0.264 0.001 0.019 0.009 0.019 0.078 0.594 
 414 Y _   0.014 0.235 0.001 0.014 0.007 0.019 0.080 0.630 
 415 E _   0.014 0.215 0.001 0.010 0.006 0.018 0.081 0.655 
 416 P _   0.013 0.204 0.001 0.008 0.005 0.018 0.082 0.670 
 417 A _   0.014 0.199 0.000 0.007 0.004 0.019 0.082 0.675 
 418 A _   0.014 0.200 0.001 0.007 0.005 0.020 0.082 0.672 
 419 R _   0.015 0.206 0.001 0.009 0.006 0.021 0.082 0.661 
 420 I _   0.016 0.219 0.001 0.012 0.009 0.023 0.081 0.639 
 421 S _   0.017 0.242 0.001 0.017 0.011 0.025 0.079 0.607 
 422 P _   0.018 0.274 0.001 0.024 0.014 0.026 0.078 0.565 
 423 L _   0.018 0.307 0.001 0.031 0.016 0.027 0.077 0.523 
 424 G _   0.017 0.334 0.001 0.038 0.018 0.026 0.076 0.489 
 425 A _   0.017 0.352 0.001 0.044 0.018 0.025 0.076 0.466 
 426 L _   0.016 0.362 0.001 0.048 0.018 0.024 0.077 0.454 
 427 Q _   0.015 0.364 0.001 0.049 0.017 0.023 0.078 0.452 
 428 H _   0.015 0.359 0.001 0.048 0.016 0.021 0.080 0.459 
 429 G _   0.014 0.346 0.001 0.046 0.015 0.019 0.084 0.475 
 430 F _   0.013 0.323 0.001 0.041 0.013 0.018 0.088 0.503 
 431 F _   0.013 0.287 0.001 0.036 0.012 0.016 0.093 0.542 
 432 R _   0.013 0.242 0.001 0.029 0.010 0.015 0.099 0.591 
 433 R _   0.012 0.193 0.001 0.024 0.008 0.013 0.106 0.643 
 434 T _   0.011 0.150 0.001 0.018 0.006 0.012 0.112 0.690 
 435 A _   0.009 0.117 0.001 0.014 0.005 0.010 0.118 0.727 
 436 D _   0.008 0.093 0.001 0.011 0.003 0.009 0.122 0.753 
 437 E _   0.007 0.079 0.000 0.009 0.003 0.008 0.125 0.769 
 438 A _   0.006 0.070 0.000 0.008 0.002 0.007 0.127 0.779 
 439 T _   0.005 0.065 0.000 0.007 0.002 0.007 0.129 0.784 
 440 N _   0.005 0.063 0.000 0.007 0.002 0.007 0.130 0.786 
 441 T _   0.005 0.061 0.000 0.008 0.002 0.007 0.131 0.786 
 442 G _   0.005 0.062 0.000 0.009 0.002 0.007 0.131 0.785 
 443 P _   0.004 0.063 0.000 0.010 0.002 0.007 0.131 0.782 
 444 A _   0.004 0.064 0.000 0.012 0.003 0.007 0.130 0.780 
 445 G _   0.004 0.066 0.000 0.013 0.003 0.007 0.130 0.777 
 446 S _   0.004 0.068 0.000 0.014 0.003 0.007 0.129 0.774 
 447 S _   0.004 0.070 0.000 0.015 0.003 0.008 0.129 0.772 
 448 A _   0.004 0.072 0.000 0.015 0.003 0.008 0.128 0.770 
 449 S _   0.004 0.073 0.000 0.015 0.003 0.007 0.128 0.769 
 450 T _   0.004 0.075 0.000 0.015 0.003 0.007 0.128 0.769 
 451 S _   0.004 0.076 0.000 0.014 0.003 0.007 0.127 0.768 
 452 P _   0.004 0.077 0.000 0.013 0.003 0.007 0.127 0.769 
 453 A _   0.004 0.078 0.000 0.012 0.003 0.007 0.127 0.769 
 454 P _   0.004 0.080 0.000 0.011 0.002 0.007 0.126 0.769 
 455 L _   0.004 0.083 0.000 0.010 0.002 0.007 0.125 0.768 
 456 D _   0.004 0.087 0.000 0.010 0.002 0.008 0.124 0.765 
 457 T _   0.004 0.093 0.000 0.010 0.003 0.009 0.122 0.759 
 458 C _   0.005 0.104 0.000 0.012 0.004 0.011 0.120 0.745 
 459 P _   0.006 0.124 0.001 0.015 0.005 0.013 0.116 0.720 
 460 S _   0.007 0.160 0.001 0.020 0.008 0.016 0.112 0.676 
 461 S _   0.009 0.217 0.001 0.027 0.012 0.019 0.106 0.609 
 462 S _   0.009 0.301 0.002 0.036 0.016 0.021 0.098 0.517 
 463 T _   0.008 0.400 0.002 0.045 0.018 0.021 0.091 0.414 
 464 A E   0.007 0.489 0.002 0.052 0.018 0.019 0.086 0.327 
 465 S E   0.006 0.553 0.002 0.056 0.017 0.017 0.082 0.268 
 466 S E   0.005 0.591 0.001 0.059 0.015 0.016 0.081 0.233 
 467 I E   0.004 0.611 0.001 0.060 0.014 0.015 0.080 0.215 
 468 S E   0.004 0.619 0.001 0.060 0.013 0.014 0.081 0.208 
 469 S E   0.004 0.619 0.001 0.058 0.013 0.013 0.082 0.209 
 470 S E   0.005 0.610 0.001 0.055 0.012 0.013 0.085 0.219 
 471 G E   0.005 0.590 0.001 0.051 0.012 0.012 0.090 0.238 
 472 G E   0.006 0.555 0.001 0.046 0.012 0.012 0.097 0.271 
 473 S E   0.007 0.501 0.002 0.041 0.012 0.013 0.107 0.318 
 474 S E   0.007 0.432 0.002 0.036 0.011 0.013 0.121 0.377 
 475 G _   0.008 0.359 0.002 0.031 0.010 0.013 0.137 0.439 
 476 S _   0.008 0.292 0.001 0.026 0.008 0.014 0.154 0.496 
 477 S _   0.008 0.237 0.001 0.022 0.007 0.013 0.170 0.542 
 478 S _   0.008 0.195 0.001 0.019 0.006 0.013 0.184 0.575 
 479 D _   0.007 0.165 0.001 0.017 0.005 0.012 0.196 0.597 
 480 N _   0.007 0.144 0.001 0.016 0.004 0.012 0.207 0.611 
 481 R _   0.006 0.128 0.001 0.015 0.004 0.011 0.216 0.619 
 482 T _   0.006 0.116 0.000 0.015 0.004 0.011 0.225 0.623 
 483 Y _   0.006 0.106 0.000 0.016 0.004 0.010 0.233 0.625 
 484 R _   0.005 0.097 0.001 0.016 0.004 0.010 0.241 0.626 
 485 Y _   0.005 0.088 0.001 0.017 0.004 0.010 0.249 0.627 
 486 S _   0.005 0.080 0.000 0.016 0.004 0.009 0.257 0.629 
 487 N _   0.005 0.071 0.000 0.016 0.004 0.009 0.265 0.631 
 488 R _   0.005 0.062 0.000 0.015 0.003 0.008 0.273 0.634 
 489 Y _   0.004 0.054 0.000 0.013 0.003 0.007 0.280 0.638 
 490 C _   0.004 0.047 0.000 0.011 0.003 0.007 0.287 0.641 
 491 G _   0.004 0.040 0.000 0.010 0.002 0.006 0.294 0.643 
 492 G _   0.003 0.036 0.000 0.009 0.002 0.006 0.299 0.644 
 493 P _   0.003 0.032 0.000 0.009 0.002 0.006 0.304 0.643 
 494 G _   0.003 0.030 0.000 0.009 0.002 0.006 0.309 0.641 
 495 P _   0.004 0.028 0.000 0.010 0.002 0.006 0.312 0.638 
 496 P _   0.004 0.027 0.000 0.011 0.002 0.007 0.316 0.633 
 497 I _   0.004 0.026 0.000 0.012 0.003 0.007 0.320 0.629 
 498 T _   0.004 0.025 0.000 0.013 0.003 0.007 0.324 0.624 
 499 D _   0.004 0.024 0.000 0.014 0.003 0.007 0.328 0.621 
 500 C _   0.004 0.023 0.000 0.014 0.003 0.007 0.332 0.618 
 501 E _   0.004 0.021 0.000 0.013 0.003 0.007 0.336 0.617 
 502 M _   0.004 0.019 0.000 0.012 0.003 0.006 0.340 0.616 
 503 N _   0.004 0.017 0.000 0.010 0.002 0.006 0.344 0.617 
 504 S _   0.004 0.015 0.000 0.008 0.002 0.005 0.347 0.618 
 505 P _   0.003 0.014 0.000 0.007 0.002 0.005 0.350 0.619 
 506 Q _   0.003 0.013 0.000 0.006 0.001 0.005 0.352 0.620 
 507 V _   0.003 0.012 0.000 0.005 0.001 0.005 0.354 0.619 
 508 P _   0.003 0.012 0.000 0.005 0.001 0.005 0.355 0.618 
 509 P _   0.003 0.013 0.000 0.006 0.002 0.005 0.356 0.616 
 510 S _   0.003 0.014 0.000 0.007 0.002 0.006 0.356 0.613 
 511 Q _   0.004 0.016 0.000 0.008 0.002 0.006 0.356 0.608 
 512 P _   0.004 0.018 0.000 0.010 0.003 0.007 0.355 0.602 
 513 L _   0.004 0.021 0.000 0.013 0.003 0.007 0.355 0.597 
 514 R _   0.004 0.024 0.000 0.015 0.003 0.007 0.355 0.592 
 515 P _   0.004 0.026 0.000 0.016 0.003 0.008 0.355 0.588 
 516 W _   0.004 0.027 0.000 0.016 0.004 0.007 0.355 0.586 
 517 A _   0.004 0.028 0.000 0.016 0.003 0.007 0.356 0.585 
 518 G _   0.004 0.028 0.000 0.015 0.003 0.007 0.358 0.585 
 519 G _   0.004 0.028 0.000 0.013 0.003 0.007 0.359 0.587 
 520 D _   0.004 0.027 0.000 0.012 0.003 0.006 0.361 0.588 
 521 V _   0.004 0.026 0.000 0.010 0.002 0.006 0.363 0.589 
 522 P _   0.004 0.025 0.000 0.009 0.002 0.006 0.365 0.590 
 523 H _   0.004 0.025 0.000 0.008 0.002 0.006 0.366 0.589 
 524 K _   0.004 0.025 0.000 0.008 0.002 0.006 0.368 0.589 
 525 T _   0.003 0.025 0.000 0.008 0.002 0.006 0.369 0.587 
 526 H _   0.003 0.026 0.000 0.008 0.002 0.006 0.370 0.586 
 527 Q _   0.003 0.027 0.000 0.008 0.002 0.006 0.370 0.584 
 528 A _   0.003 0.028 0.000 0.009 0.002 0.006 0.370 0.582 
 529 P _   0.003 0.030 0.000 0.009 0.002 0.006 0.370 0.579 
 530 A _   0.003 0.032 0.000 0.009 0.002 0.006 0.370 0.577 
 531 S _   0.003 0.034 0.000 0.010 0.002 0.006 0.370 0.574 
 532 A _   0.003 0.036 0.000 0.011 0.003 0.006 0.370 0.571 
 533 S _   0.003 0.038 0.000 0.011 0.003 0.006 0.370 0.567 
 534 S _   0.003 0.041 0.000 0.013 0.003 0.007 0.371 0.563 
 535 L _   0.004 0.043 0.000 0.014 0.003 0.007 0.371 0.558 
 536 P _   0.004 0.045 0.000 0.015 0.003 0.007 0.372 0.553 
 537 G _   0.004 0.046 0.000 0.016 0.004 0.007 0.374 0.548 
 538 T _   0.004 0.047 0.000 0.017 0.004 0.007 0.376 0.545 
 539 G _   0.004 0.047 0.000 0.017 0.004 0.007 0.378 0.542 
 540 A _   0.004 0.047 0.000 0.017 0.003 0.007 0.382 0.540 
 541 Q _   0.004 0.045 0.000 0.016 0.003 0.007 0.385 0.539 
 542 L _   0.004 0.043 0.000 0.015 0.003 0.007 0.389 0.539 
 543 P _   0.004 0.041 0.000 0.014 0.003 0.007 0.393 0.539 
 544 P _   0.004 0.038 0.000 0.013 0.003 0.006 0.397 0.538 
 545 Q _   0.004 0.036 0.000 0.012 0.003 0.006 0.402 0.536 
 546 P _   0.004 0.034 0.000 0.012 0.003 0.006 0.407 0.533 
 547 R _   0.004 0.031 0.000 0.012 0.003 0.006 0.412 0.530 
 548 Y _   0.004 0.029 0.000 0.013 0.003 0.006 0.418 0.527 
 549 L _   0.004 0.026 0.000 0.012 0.003 0.006 0.423 0.524 
 550 G _   0.004 0.024 0.000 0.011 0.002 0.006 0.429 0.524 
 551 R _   0.004 0.020 0.000 0.010 0.002 0.005 0.433 0.524 
 552 P _   0.004 0.017 0.000 0.008 0.002 0.005 0.438 0.527 
 553 P _   0.003 0.014 0.000 0.006 0.001 0.004 0.441 0.530 
 554 S _   0.003 0.012 0.000 0.004 0.001 0.004 0.443 0.533 
 555 P _   0.003 0.011 0.000 0.003 0.001 0.003 0.444 0.536 
 556 T _   0.002 0.010 0.000 0.002 0.001 0.003 0.443 0.538 
 557 S _   0.002 0.011 0.000 0.002 0.001 0.004 0.442 0.539 
 558 P _   0.002 0.012 0.000 0.003 0.001 0.005 0.439 0.538 
 559 P _   0.003 0.017 0.000 0.005 0.002 0.006 0.434 0.533 
 560 P _   0.004 0.029 0.000 0.008 0.003 0.009 0.426 0.519 
 561 P _   0.006 0.058 0.001 0.016 0.006 0.013 0.414 0.486 
 562 E _   0.007 0.115 0.001 0.027 0.010 0.017 0.396 0.427 
 563 L X   0.007 0.196 0.002 0.040 0.014 0.019 0.375 0.347 
 564 M X   0.006 0.279 0.002 0.052 0.015 0.019 0.357 0.271 
 565 D X   0.005 0.340 0.002 0.061 0.015 0.018 0.344 0.216 
 566 V E   0.005 0.373 0.001 0.067 0.013 0.016 0.337 0.187 
 567 S E   0.004 0.390 0.001 0.069 0.012 0.015 0.334 0.175 
 568 L E   0.004 0.396 0.001 0.069 0.011 0.014 0.334 0.171 
 569 V E   0.004 0.395 0.001 0.066 0.011 0.013 0.335 0.175 
 570 G E   0.004 0.385 0.001 0.060 0.010 0.012 0.339 0.188 
 571 G E   0.005 0.364 0.001 0.053 0.010 0.011 0.346 0.210 
 572 P X   0.006 0.326 0.001 0.045 0.009 0.011 0.356 0.246 
 573 A X   0.007 0.271 0.001 0.036 0.008 0.011 0.370 0.296 
 574 D X   0.008 0.207 0.001 0.027 0.007 0.010 0.388 0.353 
 575 C X   0.008 0.148 0.001 0.019 0.005 0.009 0.405 0.404 
 576 S _   0.007 0.106 0.001 0.012 0.004 0.008 0.419 0.443 
 577 P _   0.006 0.081 0.000 0.008 0.002 0.007 0.429 0.467 
 578 P _   0.005 0.068 0.000 0.005 0.001 0.006 0.434 0.481 
 579 H _   0.004 0.061 0.000 0.004 0.001 0.005 0.437 0.488 
 580 P _   0.003 0.059 0.000 0.003 0.001 0.005 0.438 0.491 
 581 A _   0.003 0.059 0.000 0.003 0.001 0.005 0.437 0.491 
 582 P _   0.003 0.061 0.000 0.004 0.001 0.006 0.435 0.489 
 583 A _   0.004 0.068 0.000 0.006 0.002 0.007 0.431 0.482 
 584 P _   0.004 0.082 0.000 0.009 0.003 0.010 0.424 0.467 
 585 Q _   0.005 0.109 0.001 0.015 0.005 0.012 0.414 0.440 
 586 H X   0.006 0.154 0.001 0.022 0.007 0.014 0.401 0.396 
 587 P X   0.005 0.216 0.001 0.030 0.010 0.015 0.385 0.337 
 588 A X   0.005 0.285 0.001 0.037 0.011 0.015 0.370 0.275 
 589 A X   0.004 0.344 0.001 0.043 0.011 0.014 0.359 0.223 
 590 S E   0.004 0.386 0.001 0.048 0.011 0.014 0.351 0.186 
 591 A E   0.003 0.411 0.001 0.052 0.010 0.013 0.347 0.164 
 592 L E   0.003 0.423 0.001 0.054 0.010 0.012 0.346 0.152 
 593 R E   0.003 0.427 0.001 0.055 0.009 0.012 0.346 0.147 
 594 T E   0.003 0.425 0.001 0.054 0.009 0.011 0.349 0.148 
 595 R E   0.004 0.415 0.001 0.052 0.009 0.011 0.354 0.154 
 596 M E   0.004 0.395 0.001 0.049 0.009 0.010 0.363 0.169 
 597 T X   0.005 0.359 0.001 0.044 0.010 0.010 0.377 0.194 
 598 G X   0.006 0.303 0.002 0.038 0.009 0.010 0.398 0.233 
 599 G X   0.007 0.233 0.002 0.032 0.009 0.010 0.426 0.281 
 600 R X   0.008 0.160 0.001 0.024 0.007 0.010 0.457 0.333 
 601 P X   0.008 0.101 0.001 0.016 0.005 0.009 0.484 0.376 
 602 P X   0.007 0.062 0.001 0.010 0.003 0.007 0.505 0.405 
 603 L X   0.006 0.040 0.000 0.006 0.002 0.005 0.518 0.423 
 604 P X   0.004 0.029 0.000 0.004 0.001 0.004 0.526 0.431 
 605 P X   0.004 0.024 0.000 0.002 0.001 0.004 0.531 0.435 
 606 P X   0.003 0.023 0.000 0.002 0.001 0.004 0.533 0.435 
 607 D X   0.003 0.023 0.000 0.002 0.001 0.004 0.533 0.435 
 608 D X   0.003 0.025 0.000 0.003 0.001 0.005 0.531 0.432 
 609 P X   0.004 0.030 0.000 0.004 0.002 0.007 0.527 0.425 
 610 A X   0.005 0.044 0.000 0.008 0.003 0.009 0.521 0.410 
 611 T X   0.006 0.072 0.001 0.013 0.005 0.012 0.511 0.380 
 612 L X   0.006 0.120 0.001 0.021 0.008 0.014 0.496 0.334 
 613 G X   0.005 0.185 0.001 0.029 0.010 0.015 0.480 0.274 
 614 P X   0.005 0.251 0.001 0.035 0.010 0.014 0.466 0.218 
 615 H X   0.004 0.301 0.001 0.038 0.009 0.013 0.456 0.178 
 616 L X   0.003 0.334 0.001 0.040 0.009 0.012 0.450 0.151 
 617 G X   0.003 0.353 0.001 0.041 0.008 0.011 0.446 0.136 
 618 L X   0.003 0.364 0.001 0.041 0.007 0.011 0.446 0.128 
 619 R X   0.003 0.368 0.001 0.040 0.007 0.010 0.446 0.125 
 620 G X   0.003 0.367 0.001 0.039 0.007 0.010 0.449 0.126 
 621 V X   0.002 0.363 0.001 0.036 0.007 0.009 0.453 0.130 
 622 P X   0.002 0.353 0.001 0.033 0.006 0.008 0.459 0.138 
 623 Q X   0.002 0.338 0.001 0.030 0.006 0.007 0.467 0.150 
 624 S X   0.002 0.314 0.001 0.025 0.005 0.005 0.479 0.169 
 625 T X   0.002 0.278 0.001 0.020 0.003 0.004 0.494 0.198 
 626 A X   0.001 0.227 0.000 0.014 0.001 0.002 0.512 0.242 
 627 A X   0.000 0.183 0.000 0.010 0.000 0.001 0.520 0.286 
 628 S X   0.000 0.159 0.000 0.010 0.000 0.001 0.520 0.310 
 629 S X   0.003 0.147 0.001 0.017 0.004 0.003 0.510 0.315 
