#TopoPred_TM8: 8-state transmembrane topology prediction results by no_profile mode 
#probabilities are in the order of H E C I L F X _, the 8 transmembrane topology types used in PDBTM 
   1 M X   0.010 0.001 0.002 0.059 0.010 0.010 0.810 0.098 
   2 Q X   0.005 0.001 0.000 0.039 0.002 0.006 0.838 0.110 
   3 G X   0.003 0.000 0.000 0.024 0.001 0.004 0.847 0.122 
   4 L X   0.002 0.000 0.000 0.016 0.001 0.004 0.847 0.130 
   5 L X   0.002 0.000 0.000 0.011 0.001 0.004 0.843 0.138 
   6 T X   0.002 0.001 0.000 0.008 0.001 0.004 0.838 0.147 
   7 S X   0.002 0.001 0.000 0.005 0.001 0.004 0.831 0.156 
   8 G X   0.002 0.001 0.000 0.004 0.001 0.004 0.822 0.166 
   9 R X   0.002 0.002 0.000 0.004 0.001 0.004 0.811 0.177 
  10 K X   0.002 0.003 0.000 0.004 0.001 0.004 0.797 0.189 
  11 P X   0.002 0.006 0.000 0.005 0.002 0.005 0.779 0.201 
  12 S X   0.003 0.011 0.000 0.008 0.002 0.007 0.755 0.214 
  13 G X   0.003 0.023 0.001 0.012 0.004 0.009 0.724 0.225 
  14 G X   0.004 0.045 0.001 0.018 0.006 0.012 0.683 0.231 
  15 G X   0.005 0.082 0.001 0.026 0.009 0.015 0.632 0.230 
  16 R X   0.005 0.135 0.002 0.034 0.012 0.018 0.574 0.219 
  17 C X   0.005 0.200 0.002 0.041 0.014 0.019 0.516 0.203 
  18 T X   0.005 0.266 0.002 0.045 0.015 0.019 0.464 0.184 
  19 G X   0.004 0.326 0.002 0.047 0.015 0.018 0.422 0.166 
  20 R X   0.004 0.375 0.002 0.047 0.014 0.017 0.390 0.151 
  21 G E   0.004 0.411 0.001 0.046 0.013 0.016 0.368 0.141 
  22 G E   0.003 0.435 0.001 0.044 0.012 0.015 0.352 0.137 
  23 W E   0.003 0.451 0.001 0.043 0.011 0.014 0.341 0.136 
  24 R E   0.004 0.460 0.001 0.041 0.010 0.013 0.333 0.137 
  25 G E   0.004 0.464 0.001 0.040 0.010 0.013 0.328 0.142 
  26 Q E   0.004 0.463 0.001 0.038 0.009 0.012 0.324 0.149 
  27 W E   0.004 0.457 0.001 0.037 0.009 0.011 0.322 0.159 
  28 C E   0.004 0.446 0.001 0.035 0.009 0.011 0.321 0.173 
  29 L E   0.005 0.427 0.001 0.033 0.008 0.010 0.321 0.194 
  30 K E   0.006 0.399 0.001 0.031 0.008 0.010 0.323 0.222 
  31 P E   0.006 0.358 0.001 0.028 0.008 0.010 0.327 0.261 
  32 W X   0.007 0.306 0.001 0.025 0.008 0.010 0.333 0.310 
  33 M _   0.008 0.247 0.001 0.020 0.007 0.010 0.339 0.367 
  34 G _   0.008 0.190 0.001 0.016 0.006 0.010 0.346 0.425 
  35 G _   0.007 0.146 0.001 0.011 0.004 0.009 0.351 0.472 
  36 A _   0.006 0.117 0.000 0.007 0.003 0.008 0.354 0.504 
  37 D _   0.005 0.103 0.000 0.005 0.002 0.008 0.355 0.522 
  38 P _   0.005 0.097 0.000 0.004 0.002 0.008 0.355 0.529 
  39 P _   0.005 0.096 0.000 0.004 0.002 0.009 0.354 0.529 
  40 T _   0.006 0.099 0.000 0.006 0.003 0.011 0.352 0.522 
  41 P _   0.007 0.111 0.001 0.010 0.005 0.014 0.348 0.505 
  42 T _   0.008 0.134 0.001 0.018 0.008 0.017 0.342 0.472 
  43 L _   0.008 0.169 0.001 0.028 0.011 0.018 0.336 0.429 
  44 S _   0.008 0.204 0.001 0.039 0.013 0.019 0.329 0.387 
  45 C _   0.007 0.230 0.001 0.047 0.013 0.019 0.325 0.357 
  46 L _   0.007 0.245 0.001 0.053 0.013 0.018 0.323 0.339 
  47 L _   0.007 0.252 0.001 0.055 0.013 0.017 0.322 0.332 
  48 L _   0.006 0.253 0.001 0.054 0.012 0.016 0.324 0.334 
  49 P _   0.006 0.248 0.001 0.050 0.012 0.015 0.326 0.342 
  50 V _   0.006 0.236 0.001 0.044 0.010 0.014 0.331 0.358 
  51 P _   0.006 0.215 0.001 0.038 0.009 0.013 0.337 0.380 
  52 P _   0.007 0.188 0.001 0.031 0.008 0.012 0.346 0.407 
  53 E _   0.007 0.157 0.001 0.025 0.007 0.012 0.356 0.436 
  54 L _   0.007 0.125 0.001 0.020 0.006 0.011 0.366 0.463 
  55 P _   0.007 0.098 0.001 0.016 0.005 0.010 0.376 0.486 
  56 D _   0.007 0.078 0.001 0.014 0.004 0.009 0.385 0.503 
  57 H _   0.007 0.063 0.000 0.012 0.003 0.009 0.392 0.514 
  58 C _   0.006 0.051 0.000 0.010 0.003 0.008 0.398 0.523 
  59 Y _   0.006 0.043 0.000 0.010 0.003 0.007 0.404 0.528 
  60 R _   0.005 0.036 0.000 0.009 0.002 0.007 0.408 0.533 
  61 M _   0.005 0.030 0.000 0.008 0.002 0.006 0.411 0.536 
  62 N _   0.005 0.026 0.000 0.008 0.002 0.006 0.414 0.539 
  63 S _   0.004 0.022 0.000 0.008 0.002 0.006 0.416 0.542 
  64 S _   0.004 0.019 0.000 0.007 0.002 0.005 0.418 0.545 
  65 P _   0.004 0.016 0.000 0.007 0.002 0.005 0.419 0.547 
  66 A _   0.004 0.014 0.000 0.007 0.002 0.005 0.420 0.549 
  67 G _   0.003 0.013 0.000 0.007 0.002 0.005 0.420 0.551 
  68 T _   0.003 0.012 0.000 0.007 0.002 0.005 0.419 0.553 
  69 P _   0.003 0.011 0.000 0.006 0.002 0.005 0.418 0.556 
  70 S _   0.003 0.010 0.000 0.006 0.001 0.004 0.416 0.558 
  71 P _   0.003 0.010 0.000 0.007 0.002 0.005 0.413 0.561 
  72 Q _   0.003 0.010 0.000 0.007 0.002 0.005 0.410 0.564 
  73 P _   0.003 0.010 0.000 0.008 0.002 0.005 0.406 0.567 
  74 S _   0.003 0.011 0.000 0.008 0.002 0.005 0.401 0.570 
  75 R _   0.003 0.012 0.000 0.009 0.002 0.005 0.396 0.573 
  76 A _   0.003 0.013 0.000 0.010 0.002 0.005 0.391 0.576 
  77 N _   0.003 0.014 0.000 0.012 0.002 0.006 0.385 0.578 
  78 G _   0.003 0.016 0.000 0.013 0.002 0.006 0.379 0.581 
  79 N _   0.003 0.017 0.000 0.014 0.003 0.006 0.373 0.584 
  80 I _   0.003 0.018 0.000 0.015 0.003 0.006 0.367 0.588 
  81 N _   0.003 0.019 0.000 0.014 0.003 0.006 0.361 0.593 
  82 L _   0.003 0.020 0.000 0.014 0.003 0.006 0.356 0.598 
  83 G _   0.003 0.020 0.000 0.013 0.002 0.006 0.350 0.604 
  84 P _   0.003 0.020 0.000 0.011 0.002 0.006 0.345 0.612 
  85 S _   0.003 0.020 0.000 0.010 0.002 0.006 0.340 0.619 
  86 A _   0.003 0.021 0.000 0.008 0.002 0.006 0.334 0.626 
  87 N _   0.003 0.021 0.000 0.007 0.002 0.006 0.327 0.633 
  88 P _   0.003 0.022 0.000 0.007 0.002 0.006 0.320 0.639 
  89 N _   0.003 0.025 0.000 0.007 0.002 0.007 0.312 0.644 
  90 A _   0.004 0.028 0.000 0.008 0.002 0.008 0.303 0.647 
  91 Q _   0.004 0.035 0.000 0.010 0.003 0.009 0.292 0.647 
  92 P _   0.005 0.045 0.001 0.013 0.004 0.011 0.280 0.642 
  93 T _   0.005 0.060 0.001 0.018 0.006 0.013 0.266 0.632 
  94 D _   0.006 0.079 0.001 0.023 0.007 0.015 0.251 0.618 
  95 F _   0.006 0.100 0.001 0.029 0.009 0.016 0.237 0.602 
  96 D _   0.006 0.120 0.001 0.035 0.010 0.017 0.224 0.587 
  97 F _   0.007 0.136 0.001 0.039 0.011 0.017 0.213 0.577 
  98 L _   0.007 0.146 0.001 0.041 0.011 0.017 0.204 0.573 
  99 K _   0.007 0.153 0.001 0.041 0.011 0.017 0.196 0.575 
 100 V _   0.007 0.155 0.001 0.039 0.010 0.016 0.190 0.582 
 101 I _   0.007 0.155 0.001 0.036 0.009 0.015 0.185 0.593 
 102 G _   0.007 0.152 0.001 0.032 0.008 0.014 0.180 0.605 
 103 K _   0.007 0.147 0.001 0.028 0.008 0.014 0.177 0.619 
 104 G _   0.007 0.140 0.001 0.025 0.007 0.013 0.174 0.633 
 105 N _   0.007 0.132 0.001 0.023 0.007 0.013 0.172 0.646 
 106 Y _   0.008 0.123 0.001 0.021 0.006 0.012 0.170 0.659 
 107 G _   0.008 0.114 0.001 0.019 0.006 0.012 0.168 0.673 
 108 K _   0.008 0.104 0.001 0.018 0.005 0.011 0.167 0.686 
 109 V _   0.008 0.094 0.001 0.016 0.005 0.011 0.165 0.701 
 110 L _   0.007 0.084 0.001 0.014 0.004 0.010 0.164 0.716 
 111 L _   0.007 0.074 0.001 0.011 0.004 0.009 0.162 0.731 
 112 A _   0.007 0.066 0.000 0.009 0.003 0.009 0.160 0.746 
 113 K _   0.006 0.059 0.000 0.007 0.003 0.009 0.158 0.758 
 114 R _   0.006 0.054 0.000 0.006 0.003 0.009 0.156 0.767 
 115 K _   0.006 0.052 0.000 0.006 0.003 0.009 0.153 0.772 
 116 S _   0.007 0.051 0.000 0.006 0.003 0.010 0.150 0.772 
 117 D _   0.008 0.053 0.000 0.008 0.004 0.012 0.146 0.768 
 118 G _   0.009 0.059 0.001 0.011 0.005 0.015 0.142 0.758 
 119 A _   0.011 0.067 0.001 0.017 0.007 0.017 0.138 0.742 
 120 F _   0.013 0.078 0.001 0.024 0.010 0.019 0.133 0.723 
 121 Y _   0.014 0.088 0.001 0.032 0.012 0.021 0.129 0.705 
 122 A _   0.014 0.095 0.001 0.038 0.013 0.021 0.125 0.692 
 123 V _   0.014 0.098 0.001 0.042 0.013 0.021 0.122 0.687 
 124 K _   0.014 0.098 0.001 0.043 0.013 0.021 0.120 0.690 
 125 V _   0.014 0.094 0.001 0.040 0.012 0.019 0.119 0.701 
 126 L _   0.013 0.086 0.001 0.034 0.011 0.018 0.118 0.719 
 127 Q _   0.013 0.073 0.001 0.027 0.009 0.016 0.118 0.744 
 128 K _   0.012 0.056 0.001 0.020 0.007 0.014 0.118 0.772 
 129 K _   0.011 0.039 0.001 0.014 0.005 0.013 0.118 0.799 
 130 S _   0.010 0.025 0.001 0.010 0.004 0.011 0.117 0.822 
 131 I _   0.009 0.015 0.000 0.006 0.003 0.010 0.117 0.839 
 132 L _   0.009 0.010 0.000 0.005 0.002 0.010 0.116 0.848 
 133 K _   0.009 0.007 0.000 0.004 0.002 0.010 0.114 0.853 
 134 K _   0.009 0.006 0.000 0.004 0.002 0.011 0.112 0.854 
 135 K _   0.011 0.006 0.000 0.004 0.003 0.013 0.110 0.852 
 136 E _   0.013 0.007 0.000 0.006 0.004 0.016 0.107 0.847 
 137 Q _   0.016 0.010 0.001 0.008 0.006 0.020 0.104 0.837 
 138 S _   0.019 0.014 0.001 0.012 0.009 0.024 0.100 0.822 
 139 H _   0.023 0.020 0.001 0.017 0.012 0.028 0.096 0.804 
 140 I _   0.026 0.026 0.001 0.023 0.016 0.031 0.092 0.785 
 141 M _   0.029 0.031 0.001 0.029 0.019 0.034 0.088 0.768 
 142 A _   0.032 0.035 0.001 0.033 0.021 0.035 0.086 0.757 
 143 E _   0.034 0.037 0.002 0.035 0.022 0.036 0.083 0.752 
 144 R _   0.035 0.037 0.002 0.034 0.021 0.035 0.081 0.755 
 145 S _   0.035 0.035 0.001 0.030 0.019 0.034 0.080 0.765 
 146 V _   0.035 0.031 0.001 0.025 0.017 0.032 0.078 0.779 
 147 L _   0.034 0.026 0.001 0.020 0.014 0.030 0.077 0.797 
 148 L _   0.034 0.020 0.001 0.015 0.012 0.028 0.077 0.814 
 149 K _   0.033 0.016 0.001 0.011 0.010 0.027 0.076 0.828 
 150 N _   0.032 0.013 0.001 0.008 0.008 0.025 0.075 0.838 
 151 V _   0.031 0.011 0.001 0.007 0.008 0.025 0.074 0.844 
 152 R _   0.030 0.010 0.001 0.008 0.008 0.024 0.073 0.846 
 153 H _   0.030 0.011 0.001 0.009 0.008 0.025 0.072 0.844 
 154 P _   0.030 0.012 0.001 0.011 0.009 0.025 0.072 0.841 
 155 F _   0.029 0.013 0.001 0.015 0.010 0.025 0.071 0.836 
 156 L _   0.029 0.015 0.001 0.018 0.011 0.025 0.070 0.832 
 157 V _   0.028 0.016 0.001 0.020 0.012 0.024 0.069 0.831 
 158 G _   0.026 0.016 0.001 0.021 0.012 0.023 0.069 0.833 
 159 L _   0.024 0.015 0.001 0.020 0.011 0.022 0.068 0.839 
 160 R _   0.022 0.014 0.001 0.018 0.010 0.020 0.068 0.848 
 161 Y _   0.020 0.012 0.001 0.014 0.008 0.018 0.068 0.860 
 162 S _   0.018 0.009 0.001 0.011 0.006 0.017 0.067 0.871 
 163 F _   0.016 0.008 0.001 0.009 0.005 0.015 0.067 0.880 
 164 Q _   0.015 0.006 0.001 0.007 0.005 0.015 0.066 0.886 
 165 T _   0.014 0.006 0.000 0.006 0.004 0.015 0.066 0.889 
 166 P _   0.014 0.006 0.001 0.006 0.005 0.015 0.065 0.889 
 167 E _   0.015 0.006 0.001 0.007 0.005 0.016 0.065 0.887 
 168 K _   0.016 0.007 0.001 0.008 0.006 0.017 0.064 0.882 
 169 L _   0.017 0.009 0.001 0.009 0.006 0.018 0.063 0.877 
 170 Y _   0.018 0.011 0.001 0.011 0.007 0.019 0.062 0.871 
 171 F _   0.019 0.013 0.001 0.012 0.008 0.020 0.061 0.866 
 172 V _   0.020 0.015 0.001 0.013 0.009 0.022 0.060 0.861 
 173 L _   0.021 0.017 0.001 0.013 0.009 0.023 0.059 0.856 
 174 D _   0.022 0.019 0.001 0.013 0.010 0.024 0.059 0.852 
 175 Y _   0.024 0.021 0.001 0.013 0.011 0.026 0.058 0.846 
 176 V _   0.025 0.024 0.001 0.014 0.012 0.027 0.057 0.839 
 177 N _   0.027 0.027 0.001 0.016 0.013 0.029 0.056 0.830 
 178 G _   0.029 0.031 0.001 0.019 0.015 0.030 0.055 0.819 
 179 G _   0.031 0.035 0.001 0.023 0.016 0.031 0.055 0.809 
 180 E _   0.031 0.038 0.001 0.026 0.017 0.031 0.055 0.801 
 181 L _   0.031 0.039 0.001 0.029 0.017 0.030 0.054 0.798 
 182 F _   0.029 0.039 0.001 0.030 0.016 0.029 0.055 0.801 
 183 F _   0.027 0.037 0.001 0.029 0.015 0.027 0.055 0.809 
 184 H _   0.024 0.034 0.001 0.027 0.013 0.024 0.055 0.822 
 185 L _   0.022 0.029 0.001 0.022 0.011 0.021 0.056 0.838 
 186 Q _   0.019 0.022 0.001 0.018 0.008 0.019 0.056 0.857 
 187 R _   0.017 0.016 0.001 0.013 0.006 0.017 0.056 0.874 
 188 E _   0.015 0.010 0.001 0.010 0.005 0.015 0.057 0.888 
 189 R _   0.014 0.006 0.000 0.007 0.004 0.013 0.057 0.899 
 190 R _   0.014 0.003 0.000 0.005 0.003 0.013 0.056 0.905 
 191 F _   0.015 0.002 0.000 0.004 0.003 0.013 0.056 0.908 
 192 L _   0.018 0.001 0.000 0.004 0.003 0.014 0.055 0.906 
 193 E _   0.024 0.000 0.000 0.003 0.003 0.016 0.054 0.899 
 194 P _   0.034 0.000 0.000 0.003 0.004 0.019 0.052 0.887 
 195 R _   0.050 0.000 0.001 0.004 0.006 0.023 0.050 0.866 
 196 A _   0.072 0.000 0.001 0.005 0.008 0.029 0.048 0.836 
 197 R _   0.102 0.000 0.001 0.005 0.013 0.036 0.045 0.797 
 198 F _   0.139 0.001 0.001 0.006 0.019 0.044 0.042 0.748 
 199 Y _   0.178 0.001 0.002 0.008 0.026 0.051 0.040 0.695 
 200 A _   0.222 0.001 0.002 0.009 0.035 0.057 0.037 0.637 
 201 A _   0.262 0.002 0.002 0.010 0.042 0.062 0.035 0.584 
 202 E _   0.300 0.002 0.002 0.011 0.049 0.065 0.033 0.538 
 203 V _   0.332 0.002 0.002 0.011 0.053 0.065 0.032 0.501 
 204 A _   0.356 0.003 0.002 0.011 0.054 0.064 0.032 0.478 
 205 S _   0.370 0.003 0.002 0.011 0.054 0.062 0.031 0.467 
 206 A _   0.375 0.003 0.002 0.010 0.051 0.059 0.032 0.468 
 207 I _   0.369 0.002 0.002 0.009 0.048 0.056 0.032 0.481 
 208 G _   0.355 0.002 0.002 0.009 0.044 0.053 0.033 0.503 
 209 Y _   0.332 0.002 0.002 0.009 0.039 0.049 0.035 0.532 
 210 L _   0.303 0.002 0.002 0.009 0.034 0.046 0.036 0.567 
 211 H _   0.271 0.002 0.002 0.010 0.030 0.042 0.039 0.605 
 212 S _   0.235 0.002 0.002 0.012 0.025 0.038 0.041 0.645 
 213 L _   0.195 0.002 0.002 0.013 0.021 0.034 0.044 0.689 
 214 N _   0.157 0.002 0.001 0.014 0.016 0.030 0.047 0.732 
 215 I _   0.122 0.002 0.001 0.013 0.013 0.025 0.050 0.774 
 216 I _   0.091 0.002 0.001 0.012 0.009 0.021 0.052 0.811 
 217 Y _   0.066 0.002 0.001 0.010 0.007 0.017 0.054 0.843 
 218 R _   0.047 0.001 0.001 0.008 0.005 0.014 0.056 0.869 
 219 D _   0.033 0.001 0.000 0.006 0.004 0.012 0.057 0.888 
 220 L _   0.023 0.001 0.000 0.004 0.003 0.011 0.058 0.901 
 221 K _   0.017 0.001 0.000 0.003 0.002 0.010 0.058 0.909 
 222 P _   0.013 0.001 0.000 0.003 0.002 0.010 0.058 0.912 
 223 E _   0.012 0.001 0.000 0.003 0.002 0.010 0.058 0.912 
 224 N _   0.012 0.003 0.000 0.004 0.003 0.012 0.057 0.908 
 225 I _   0.014 0.006 0.000 0.005 0.004 0.014 0.057 0.900 
 226 L _   0.016 0.012 0.001 0.008 0.006 0.017 0.056 0.885 
 227 L _   0.018 0.022 0.001 0.012 0.008 0.021 0.054 0.864 
 228 D _   0.019 0.037 0.001 0.016 0.011 0.024 0.053 0.839 
 229 C _   0.021 0.054 0.001 0.021 0.014 0.028 0.051 0.810 
 230 Q _   0.023 0.072 0.001 0.027 0.017 0.030 0.049 0.780 
 231 G _   0.025 0.090 0.002 0.032 0.020 0.032 0.048 0.752 
 232 H _   0.026 0.104 0.002 0.037 0.021 0.033 0.047 0.730 
 233 V _   0.028 0.114 0.002 0.041 0.022 0.033 0.047 0.714 
 234 V _   0.028 0.121 0.002 0.044 0.022 0.032 0.047 0.705 
 235 L _   0.028 0.124 0.001 0.044 0.021 0.031 0.047 0.704 
 236 T _   0.027 0.123 0.001 0.044 0.019 0.029 0.047 0.709 
 237 D _   0.025 0.119 0.001 0.041 0.017 0.026 0.048 0.721 
 238 F _   0.024 0.112 0.001 0.037 0.015 0.024 0.050 0.738 
 239 G _   0.021 0.100 0.001 0.032 0.012 0.021 0.051 0.761 
 240 L _   0.019 0.085 0.001 0.026 0.010 0.018 0.053 0.787 
 241 C _   0.017 0.069 0.001 0.021 0.008 0.016 0.055 0.815 
 242 K _   0.014 0.053 0.001 0.016 0.006 0.013 0.056 0.840 
 243 E _   0.012 0.040 0.001 0.012 0.004 0.011 0.057 0.862 
 244 G _   0.010 0.031 0.000 0.009 0.003 0.010 0.058 0.879 
 245 V _   0.008 0.024 0.000 0.007 0.003 0.008 0.058 0.892 
 246 E _   0.007 0.020 0.000 0.006 0.002 0.007 0.058 0.900 
 247 P _   0.006 0.018 0.000 0.005 0.002 0.007 0.057 0.904 
 248 E _   0.006 0.017 0.000 0.005 0.002 0.007 0.056 0.907 
 249 D _   0.006 0.018 0.000 0.005 0.002 0.007 0.055 0.907 
 250 T _   0.006 0.020 0.000 0.006 0.002 0.008 0.054 0.905 
 251 T _   0.006 0.023 0.000 0.008 0.003 0.009 0.052 0.900 
 252 S _   0.006 0.028 0.000 0.011 0.004 0.010 0.049 0.892 
 253 T _   0.006 0.035 0.001 0.014 0.005 0.011 0.047 0.882 
 254 F _   0.007 0.044 0.001 0.018 0.006 0.012 0.044 0.870 
 255 C _   0.007 0.052 0.001 0.022 0.007 0.013 0.041 0.857 
 256 G _   0.007 0.061 0.001 0.026 0.007 0.014 0.038 0.845 
 257 T _   0.007 0.069 0.001 0.030 0.008 0.015 0.036 0.834 
 258 P _   0.008 0.075 0.001 0.033 0.009 0.016 0.034 0.825 
 259 E _   0.008 0.079 0.001 0.037 0.010 0.016 0.032 0.818 
 260 Y _   0.008 0.081 0.001 0.039 0.010 0.016 0.030 0.814 
 261 L _   0.008 0.082 0.001 0.040 0.010 0.016 0.029 0.814 
 262 A _   0.009 0.080 0.001 0.040 0.010 0.016 0.027 0.817 
 263 P _   0.009 0.075 0.001 0.038 0.010 0.015 0.027 0.826 
 264 E _   0.010 0.068 0.001 0.033 0.009 0.014 0.026 0.839 
 265 V _   0.011 0.056 0.001 0.027 0.008 0.013 0.026 0.858 
 266 L _   0.013 0.042 0.001 0.020 0.006 0.012 0.025 0.882 
 267 R _   0.015 0.026 0.001 0.014 0.005 0.010 0.025 0.905 
 268 K _   0.019 0.013 0.001 0.008 0.004 0.009 0.024 0.922 
 269 E _   0.027 0.005 0.000 0.004 0.003 0.008 0.023 0.930 
 270 P _   0.040 0.001 0.000 0.002 0.002 0.008 0.022 0.924 
 271 Y _   0.065 0.000 0.000 0.001 0.003 0.009 0.020 0.901 
 272 D _   0.113 0.000 0.000 0.001 0.003 0.010 0.018 0.854 
 273 R _   0.195 0.000 0.001 0.001 0.005 0.012 0.015 0.770 
 274 A _   0.320 0.000 0.001 0.001 0.008 0.015 0.012 0.643 
 275 V _   0.461 0.000 0.001 0.001 0.011 0.018 0.010 0.498 
 276 D H   0.593 0.000 0.001 0.001 0.016 0.020 0.007 0.361 
 277 W H   0.697 0.000 0.001 0.001 0.021 0.021 0.006 0.252 
 278 W H   0.769 0.000 0.001 0.001 0.025 0.021 0.005 0.177 
 279 C H   0.814 0.000 0.001 0.002 0.027 0.020 0.005 0.131 
 280 L H   0.839 0.000 0.001 0.002 0.029 0.019 0.005 0.105 
 281 G H   0.850 0.000 0.001 0.002 0.030 0.018 0.005 0.094 
 282 A H   0.849 0.000 0.002 0.002 0.030 0.017 0.005 0.094 
 283 V H   0.837 0.000 0.002 0.002 0.031 0.016 0.006 0.106 
 284 L H   0.809 0.000 0.002 0.003 0.030 0.016 0.008 0.133 
 285 Y H   0.760 0.000 0.002 0.003 0.029 0.016 0.010 0.180 
 286 E H   0.686 0.000 0.002 0.003 0.026 0.016 0.014 0.253 
 287 M H   0.588 0.000 0.002 0.004 0.022 0.016 0.019 0.349 
 288 L H   0.475 0.000 0.002 0.004 0.017 0.015 0.025 0.461 
 289 H _   0.362 0.000 0.001 0.004 0.012 0.014 0.032 0.574 
 290 G _   0.260 0.000 0.001 0.004 0.009 0.013 0.039 0.674 
 291 L _   0.177 0.000 0.001 0.004 0.006 0.012 0.045 0.755 
 292 P _   0.117 0.000 0.001 0.004 0.005 0.010 0.050 0.814 
 293 P _   0.075 0.000 0.000 0.003 0.003 0.009 0.054 0.854 
 294 F _   0.049 0.000 0.000 0.003 0.003 0.009 0.057 0.880 
 295 Y _   0.032 0.000 0.000 0.003 0.003 0.009 0.059 0.894 
 296 S _   0.023 0.001 0.000 0.004 0.003 0.009 0.061 0.900 
 297 Q _   0.018 0.001 0.000 0.005 0.003 0.010 0.062 0.901 
 298 D _   0.015 0.003 0.000 0.006 0.004 0.011 0.063 0.897 
 299 V _   0.014 0.005 0.001 0.009 0.005 0.013 0.064 0.889 
 300 S _   0.014 0.008 0.001 0.012 0.006 0.014 0.065 0.880 
 301 Q _   0.013 0.012 0.001 0.016 0.007 0.016 0.066 0.868 
 302 M _   0.013 0.016 0.001 0.020 0.009 0.017 0.068 0.857 
 303 Y _   0.013 0.019 0.001 0.023 0.009 0.017 0.069 0.849 
 304 E _   0.013 0.020 0.001 0.024 0.010 0.017 0.070 0.844 
 305 N _   0.012 0.021 0.001 0.024 0.009 0.017 0.072 0.843 
 306 I _   0.012 0.021 0.001 0.022 0.009 0.017 0.074 0.844 
 307 L _   0.012 0.020 0.001 0.019 0.008 0.016 0.077 0.848 
 308 H _   0.012 0.018 0.001 0.016 0.007 0.016 0.079 0.852 
 309 Q _   0.012 0.016 0.001 0.012 0.006 0.015 0.082 0.857 
 310 P _   0.012 0.014 0.001 0.009 0.005 0.016 0.085 0.860 
 311 L _   0.012 0.013 0.001 0.007 0.004 0.016 0.087 0.860 
 312 Q _   0.014 0.012 0.000 0.006 0.004 0.018 0.089 0.857 
 313 I _   0.016 0.013 0.000 0.005 0.005 0.020 0.090 0.850 
 314 P _   0.021 0.015 0.001 0.006 0.006 0.023 0.092 0.837 
 315 G _   0.026 0.020 0.001 0.008 0.009 0.028 0.093 0.816 
 316 G _   0.033 0.030 0.001 0.011 0.013 0.034 0.095 0.784 
 317 R _   0.041 0.047 0.001 0.015 0.019 0.040 0.096 0.741 
 318 T _   0.047 0.071 0.002 0.022 0.025 0.044 0.097 0.691 
 319 V _   0.051 0.100 0.002 0.030 0.031 0.047 0.099 0.639 
 320 A _   0.053 0.125 0.002 0.039 0.035 0.048 0.102 0.595 
 321 A _   0.053 0.143 0.002 0.047 0.036 0.048 0.106 0.565 
 322 C _   0.052 0.154 0.002 0.052 0.035 0.046 0.110 0.549 
 323 D _   0.050 0.158 0.002 0.053 0.033 0.043 0.116 0.545 
 324 L _   0.047 0.157 0.002 0.052 0.030 0.039 0.123 0.551 
 325 L _   0.042 0.150 0.002 0.048 0.025 0.035 0.131 0.567 
 326 Q _   0.037 0.136 0.002 0.041 0.020 0.030 0.141 0.593 
 327 S _   0.032 0.115 0.002 0.033 0.016 0.025 0.151 0.626 
 328 L _   0.027 0.089 0.001 0.025 0.012 0.021 0.162 0.663 
 329 L _   0.022 0.064 0.001 0.018 0.008 0.017 0.173 0.697 
 330 H _   0.018 0.043 0.001 0.012 0.006 0.014 0.182 0.724 
 331 K _   0.015 0.028 0.001 0.009 0.004 0.012 0.190 0.743 
 332 D _   0.012 0.020 0.000 0.006 0.003 0.010 0.196 0.753 
 333 Q _   0.010 0.015 0.000 0.005 0.002 0.008 0.201 0.759 
 334 R _   0.008 0.013 0.000 0.004 0.002 0.007 0.205 0.760 
 335 Q _   0.007 0.012 0.000 0.004 0.002 0.007 0.208 0.760 
 336 R _   0.007 0.012 0.000 0.004 0.002 0.007 0.210 0.758 
 337 L _   0.006 0.012 0.000 0.005 0.002 0.008 0.212 0.754 
 338 G _   0.006 0.014 0.000 0.006 0.002 0.009 0.213 0.749 
 339 S _   0.007 0.018 0.000 0.007 0.003 0.010 0.214 0.742 
 340 K _   0.007 0.022 0.000 0.009 0.004 0.011 0.214 0.732 
 341 A _   0.008 0.029 0.001 0.011 0.005 0.013 0.215 0.720 
 342 D _   0.008 0.038 0.001 0.014 0.006 0.014 0.214 0.705 
 343 F _   0.009 0.048 0.001 0.017 0.007 0.016 0.214 0.688 
 344 L _   0.010 0.059 0.001 0.021 0.009 0.018 0.214 0.669 
 345 E _   0.011 0.070 0.001 0.025 0.010 0.019 0.215 0.650 
 346 I _   0.012 0.080 0.001 0.029 0.012 0.020 0.215 0.631 
 347 K _   0.012 0.088 0.001 0.033 0.013 0.021 0.217 0.614 
 348 N _   0.013 0.094 0.001 0.037 0.014 0.021 0.219 0.601 
 349 H _   0.013 0.097 0.001 0.039 0.014 0.021 0.223 0.592 
 350 V _   0.013 0.097 0.001 0.039 0.014 0.020 0.227 0.588 
 351 F _   0.013 0.094 0.001 0.038 0.013 0.019 0.233 0.589 
 352 F _   0.013 0.089 0.001 0.034 0.011 0.018 0.239 0.595 
 353 S _   0.012 0.080 0.001 0.029 0.010 0.016 0.247 0.605 
 354 P _   0.011 0.069 0.001 0.023 0.008 0.014 0.255 0.619 
 355 I _   0.010 0.056 0.001 0.018 0.006 0.013 0.264 0.632 
 356 N _   0.010 0.045 0.001 0.014 0.005 0.011 0.272 0.643 
 357 W _   0.009 0.035 0.001 0.011 0.004 0.010 0.279 0.652 
 358 D _   0.008 0.028 0.000 0.009 0.003 0.009 0.286 0.656 
 359 D _   0.008 0.023 0.000 0.008 0.003 0.009 0.291 0.657 
 360 L _   0.007 0.020 0.000 0.008 0.003 0.008 0.297 0.656 
 361 Y _   0.007 0.018 0.000 0.008 0.003 0.008 0.302 0.653 
 362 H _   0.007 0.017 0.000 0.009 0.003 0.008 0.307 0.649 
 363 K _   0.007 0.016 0.000 0.010 0.003 0.008 0.311 0.645 
 364 R _   0.007 0.014 0.000 0.010 0.003 0.007 0.316 0.643 
 365 L _   0.006 0.013 0.000 0.010 0.003 0.007 0.320 0.641 
 366 T _   0.006 0.012 0.000 0.009 0.003 0.006 0.324 0.640 
 367 P _   0.005 0.011 0.000 0.008 0.002 0.006 0.327 0.640 
 368 P _   0.005 0.010 0.000 0.007 0.002 0.005 0.330 0.640 
 369 F _   0.005 0.009 0.000 0.006 0.002 0.005 0.333 0.640 
 370 N _   0.004 0.009 0.000 0.005 0.002 0.005 0.335 0.640 
 371 P _   0.004 0.009 0.000 0.005 0.002 0.005 0.337 0.639 
 372 N _   0.004 0.009 0.000 0.005 0.001 0.005 0.338 0.638 
 373 V _   0.004 0.010 0.000 0.005 0.002 0.005 0.338 0.637 
 374 T _   0.004 0.012 0.000 0.005 0.002 0.005 0.338 0.635 
 375 G _   0.004 0.014 0.000 0.006 0.002 0.005 0.337 0.632 
 376 P _   0.004 0.018 0.000 0.007 0.002 0.006 0.335 0.628 
 377 A _   0.004 0.023 0.000 0.008 0.002 0.007 0.333 0.624 
 378 D _   0.004 0.030 0.000 0.009 0.003 0.007 0.330 0.618 
 379 L _   0.004 0.039 0.000 0.010 0.003 0.008 0.326 0.610 
 380 K _   0.004 0.051 0.000 0.012 0.003 0.009 0.321 0.599 
 381 H _   0.004 0.067 0.001 0.014 0.004 0.010 0.316 0.585 
 382 F _   0.005 0.086 0.001 0.016 0.005 0.011 0.311 0.566 
 383 D _   0.005 0.110 0.001 0.019 0.006 0.012 0.305 0.543 
 384 P _   0.005 0.136 0.001 0.022 0.007 0.012 0.300 0.517 
 385 E _   0.005 0.163 0.001 0.024 0.007 0.013 0.295 0.492 
 386 F _   0.005 0.187 0.001 0.026 0.008 0.013 0.291 0.469 
 387 T _   0.005 0.208 0.001 0.028 0.008 0.013 0.288 0.450 
 388 Q _   0.005 0.224 0.001 0.029 0.008 0.013 0.285 0.436 
 389 E _   0.005 0.237 0.001 0.029 0.008 0.013 0.283 0.425 
 390 A _   0.005 0.245 0.001 0.029 0.008 0.012 0.283 0.418 
 391 V _   0.005 0.251 0.001 0.028 0.008 0.012 0.283 0.413 
 392 S _   0.005 0.254 0.001 0.027 0.007 0.012 0.284 0.411 
 393 K _   0.005 0.255 0.001 0.025 0.007 0.011 0.285 0.411 
 394 S _   0.005 0.254 0.001 0.024 0.007 0.011 0.288 0.412 
 395 I _   0.005 0.251 0.001 0.022 0.006 0.010 0.291 0.414 
 396 G _   0.005 0.246 0.001 0.020 0.006 0.010 0.295 0.418 
 397 C _   0.005 0.239 0.001 0.018 0.005 0.010 0.299 0.424 
 398 T _   0.005 0.231 0.001 0.015 0.005 0.009 0.304 0.431 
 399 P _   0.005 0.223 0.001 0.012 0.004 0.009 0.308 0.438 
 400 D _   0.005 0.216 0.000 0.010 0.003 0.009 0.313 0.444 
 401 T _   0.005 0.210 0.000 0.008 0.003 0.010 0.317 0.447 
 402 V _   0.005 0.208 0.000 0.007 0.003 0.010 0.321 0.447 
 403 A _   0.006 0.208 0.000 0.007 0.003 0.012 0.323 0.441 
 404 S _   0.007 0.212 0.000 0.008 0.004 0.014 0.325 0.430 
 405 S _   0.008 0.223 0.001 0.011 0.006 0.016 0.327 0.408 
 406 S _   0.010 0.244 0.001 0.016 0.010 0.019 0.328 0.373 
 407 G X   0.011 0.278 0.001 0.024 0.014 0.022 0.329 0.321 
 408 A X   0.011 0.319 0.002 0.035 0.017 0.023 0.330 0.262 
 409 S E   0.011 0.354 0.002 0.047 0.020 0.024 0.333 0.209 
 410 S E   0.011 0.378 0.002 0.058 0.021 0.024 0.338 0.169 
 411 A E   0.010 0.388 0.001 0.067 0.021 0.023 0.345 0.144 
 412 F E   0.010 0.390 0.001 0.071 0.021 0.022 0.356 0.130 
 413 L E   0.009 0.383 0.002 0.072 0.020 0.021 0.371 0.123 
 414 G X   0.009 0.365 0.002 0.069 0.019 0.019 0.393 0.124 
 415 F X   0.009 0.328 0.002 0.063 0.019 0.018 0.427 0.134 
 416 S X   0.010 0.268 0.003 0.054 0.018 0.017 0.476 0.155 
 417 Y X   0.010 0.188 0.003 0.042 0.015 0.015 0.543 0.184 
 418 A X   0.010 0.111 0.002 0.029 0.011 0.013 0.614 0.210 
 419 P X   0.008 0.057 0.001 0.018 0.007 0.010 0.673 0.225 
 420 E X   0.006 0.028 0.001 0.010 0.004 0.007 0.716 0.228 
 421 D X   0.004 0.014 0.000 0.006 0.002 0.005 0.747 0.223 
 422 D X   0.002 0.007 0.000 0.003 0.001 0.003 0.767 0.216 
 423 D X   0.001 0.003 0.000 0.002 0.000 0.001 0.782 0.211 
 424 I X   0.000 0.002 0.000 0.001 0.000 0.000 0.789 0.207 
 425 L X   0.000 0.001 0.000 0.001 0.000 0.000 0.791 0.206 
 426 D X   0.000 0.001 0.000 0.002 0.000 0.000 0.789 0.207 
 427 C X   0.002 0.002 0.001 0.010 0.003 0.002 0.774 0.207 
