#TopoPred_TM8: 8-state transmembrane topology prediction results by no_profile mode 
#probabilities are in the order of H E C I L F X _, the 8 transmembrane topology types used in PDBTM 
   1 M _   0.062 0.000 0.003 0.009 0.015 0.019 0.206 0.685 
   2 V _   0.054 0.000 0.000 0.002 0.004 0.013 0.208 0.719 
   3 S _   0.068 0.000 0.000 0.001 0.003 0.011 0.205 0.712 
   4 W _   0.158 0.000 0.001 0.001 0.006 0.012 0.189 0.633 
   5 G _   0.322 0.000 0.001 0.001 0.010 0.014 0.156 0.496 
   6 R H   0.506 0.000 0.002 0.001 0.015 0.015 0.113 0.349 
   7 F H   0.659 0.000 0.002 0.001 0.017 0.013 0.081 0.228 
   8 I H   0.765 0.000 0.002 0.001 0.017 0.011 0.058 0.146 
   9 C H   0.829 0.000 0.001 0.001 0.016 0.009 0.045 0.099 
  10 L H   0.863 0.000 0.001 0.000 0.016 0.007 0.038 0.074 
  11 V H   0.882 0.000 0.001 0.000 0.015 0.006 0.034 0.061 
  12 V H   0.889 0.000 0.001 0.000 0.015 0.006 0.031 0.058 
  13 V H   0.887 0.000 0.001 0.000 0.015 0.005 0.030 0.062 
  14 T H   0.875 0.000 0.001 0.000 0.015 0.005 0.029 0.074 
  15 M H   0.851 0.000 0.001 0.001 0.015 0.006 0.029 0.097 
  16 A H   0.813 0.000 0.001 0.001 0.015 0.007 0.031 0.132 
  17 T H   0.757 0.000 0.001 0.001 0.015 0.008 0.033 0.184 
  18 L H   0.682 0.000 0.001 0.001 0.015 0.009 0.038 0.254 
  19 S H   0.595 0.000 0.001 0.001 0.013 0.010 0.044 0.335 
  20 L H   0.500 0.000 0.001 0.002 0.012 0.011 0.053 0.421 
  21 A _   0.404 0.000 0.001 0.002 0.011 0.012 0.063 0.507 
  22 R _   0.314 0.000 0.001 0.004 0.009 0.012 0.074 0.586 
  23 P _   0.236 0.000 0.001 0.005 0.008 0.012 0.086 0.652 
  24 S _   0.172 0.000 0.001 0.006 0.007 0.012 0.097 0.704 
  25 F _   0.124 0.001 0.001 0.008 0.006 0.012 0.106 0.743 
  26 S _   0.088 0.001 0.001 0.009 0.005 0.011 0.115 0.771 
  27 L _   0.062 0.001 0.001 0.009 0.004 0.010 0.122 0.791 
  28 V _   0.044 0.001 0.001 0.009 0.004 0.009 0.129 0.804 
  29 E _   0.031 0.001 0.000 0.008 0.003 0.008 0.134 0.813 
  30 D _   0.022 0.001 0.000 0.008 0.003 0.007 0.139 0.819 
  31 T _   0.016 0.001 0.000 0.007 0.002 0.007 0.143 0.824 
  32 T _   0.012 0.001 0.000 0.006 0.002 0.006 0.146 0.827 
  33 L _   0.009 0.001 0.000 0.005 0.002 0.005 0.148 0.830 
  34 E _   0.007 0.001 0.000 0.004 0.001 0.005 0.149 0.832 
  35 P _   0.006 0.001 0.000 0.004 0.001 0.005 0.150 0.833 
  36 E _   0.005 0.001 0.000 0.004 0.001 0.004 0.150 0.834 
  37 E _   0.005 0.002 0.000 0.004 0.001 0.005 0.149 0.835 
  38 P _   0.005 0.003 0.000 0.004 0.001 0.005 0.148 0.835 
  39 P _   0.005 0.005 0.000 0.005 0.002 0.006 0.145 0.833 
  40 T _   0.005 0.008 0.000 0.006 0.002 0.006 0.142 0.830 
  41 K _   0.005 0.013 0.000 0.008 0.003 0.007 0.139 0.825 
  42 Y _   0.005 0.020 0.000 0.011 0.003 0.008 0.135 0.818 
  43 Q _   0.005 0.028 0.000 0.014 0.004 0.009 0.130 0.809 
  44 I _   0.005 0.038 0.001 0.016 0.004 0.010 0.126 0.800 
  45 S _   0.005 0.048 0.001 0.017 0.005 0.010 0.121 0.793 
  46 Q _   0.005 0.057 0.001 0.018 0.005 0.011 0.117 0.786 
  47 P _   0.005 0.065 0.001 0.019 0.005 0.011 0.113 0.781 
  48 E _   0.005 0.073 0.001 0.019 0.005 0.012 0.109 0.777 
  49 V _   0.005 0.080 0.001 0.018 0.005 0.012 0.105 0.773 
  50 Y _   0.006 0.086 0.001 0.018 0.005 0.013 0.102 0.770 
  51 V _   0.006 0.092 0.001 0.018 0.006 0.013 0.099 0.766 
  52 A _   0.006 0.098 0.001 0.017 0.006 0.014 0.096 0.762 
  53 A _   0.007 0.104 0.001 0.017 0.006 0.015 0.093 0.757 
  54 P _   0.007 0.110 0.001 0.018 0.007 0.017 0.090 0.751 
  55 G _   0.008 0.116 0.001 0.018 0.008 0.018 0.088 0.743 
  56 E _   0.009 0.123 0.001 0.019 0.009 0.020 0.085 0.734 
  57 S _   0.011 0.129 0.001 0.020 0.009 0.021 0.083 0.725 
  58 L _   0.012 0.135 0.001 0.021 0.010 0.023 0.081 0.717 
  59 E _   0.014 0.140 0.001 0.022 0.011 0.024 0.079 0.709 
  60 V _   0.015 0.144 0.001 0.022 0.012 0.025 0.077 0.703 
  61 R _   0.016 0.146 0.001 0.022 0.012 0.026 0.076 0.699 
  62 C _   0.018 0.148 0.001 0.022 0.013 0.027 0.075 0.696 
  63 L _   0.020 0.148 0.001 0.022 0.013 0.027 0.074 0.695 
  64 L _   0.021 0.147 0.001 0.022 0.014 0.027 0.074 0.693 
  65 K _   0.022 0.146 0.001 0.022 0.014 0.027 0.074 0.693 
  66 D _   0.023 0.144 0.001 0.023 0.014 0.027 0.074 0.694 
  67 A _   0.024 0.141 0.001 0.024 0.014 0.026 0.074 0.696 
  68 A _   0.024 0.137 0.001 0.024 0.014 0.025 0.074 0.700 
  69 V _   0.024 0.132 0.001 0.025 0.013 0.024 0.075 0.706 
  70 I _   0.023 0.125 0.001 0.025 0.013 0.022 0.076 0.715 
  71 S _   0.022 0.115 0.001 0.024 0.011 0.020 0.077 0.728 
  72 W _   0.020 0.103 0.001 0.023 0.010 0.018 0.079 0.746 
  73 T _   0.018 0.089 0.001 0.020 0.009 0.016 0.081 0.767 
  74 K _   0.016 0.073 0.001 0.017 0.007 0.014 0.082 0.789 
  75 D _   0.014 0.058 0.001 0.013 0.006 0.013 0.084 0.811 
  76 G _   0.012 0.046 0.001 0.010 0.004 0.011 0.085 0.831 
  77 V _   0.010 0.036 0.000 0.008 0.003 0.010 0.086 0.847 
  78 H _   0.009 0.030 0.000 0.006 0.003 0.009 0.086 0.857 
  79 L _   0.008 0.027 0.000 0.005 0.002 0.008 0.086 0.864 
  80 G _   0.007 0.026 0.000 0.004 0.002 0.008 0.085 0.866 
  81 P _   0.007 0.027 0.000 0.005 0.002 0.009 0.085 0.865 
  82 N _   0.008 0.030 0.000 0.006 0.003 0.011 0.083 0.859 
  83 N _   0.009 0.038 0.001 0.008 0.004 0.013 0.081 0.846 
  84 R _   0.011 0.053 0.001 0.013 0.006 0.016 0.079 0.822 
  85 T _   0.012 0.077 0.001 0.020 0.009 0.019 0.076 0.787 
  86 V _   0.013 0.110 0.001 0.029 0.012 0.021 0.072 0.742 
  87 L _   0.013 0.145 0.001 0.038 0.014 0.022 0.069 0.697 
  88 I _   0.012 0.173 0.001 0.048 0.016 0.023 0.066 0.661 
  89 G _   0.012 0.192 0.001 0.055 0.016 0.022 0.064 0.637 
  90 E _   0.012 0.202 0.001 0.058 0.016 0.022 0.063 0.626 
  91 Y _   0.011 0.205 0.001 0.058 0.015 0.020 0.062 0.627 
  92 L _   0.011 0.202 0.001 0.054 0.014 0.019 0.062 0.638 
  93 Q _   0.010 0.193 0.001 0.046 0.012 0.017 0.063 0.659 
  94 I _   0.009 0.176 0.001 0.037 0.010 0.015 0.064 0.688 
  95 K _   0.008 0.154 0.001 0.027 0.007 0.013 0.066 0.724 
  96 G _   0.008 0.130 0.001 0.019 0.005 0.011 0.067 0.759 
  97 A _   0.007 0.110 0.001 0.012 0.004 0.010 0.068 0.789 
  98 T _   0.006 0.096 0.000 0.008 0.003 0.009 0.069 0.809 
  99 P _   0.006 0.089 0.000 0.006 0.002 0.009 0.069 0.819 
 100 R _   0.006 0.086 0.000 0.006 0.002 0.010 0.069 0.821 
 101 D _   0.006 0.088 0.000 0.007 0.003 0.011 0.068 0.817 
 102 S _   0.007 0.093 0.000 0.010 0.004 0.013 0.067 0.805 
 103 G _   0.008 0.104 0.001 0.015 0.006 0.015 0.066 0.785 
 104 L _   0.009 0.120 0.001 0.021 0.008 0.018 0.064 0.759 
 105 Y _   0.010 0.135 0.001 0.028 0.010 0.020 0.063 0.734 
 106 A _   0.010 0.146 0.001 0.033 0.011 0.021 0.062 0.715 
 107 C _   0.010 0.152 0.001 0.036 0.012 0.022 0.061 0.706 
 108 T _   0.010 0.154 0.001 0.035 0.012 0.023 0.061 0.704 
 109 A _   0.011 0.152 0.001 0.031 0.011 0.024 0.061 0.710 
 110 S _   0.011 0.147 0.001 0.025 0.010 0.025 0.061 0.720 
 111 R _   0.013 0.140 0.001 0.019 0.009 0.026 0.061 0.731 
 112 T _   0.015 0.133 0.001 0.014 0.008 0.028 0.061 0.740 
 113 V _   0.018 0.128 0.001 0.011 0.009 0.030 0.062 0.742 
 114 D _   0.022 0.127 0.001 0.009 0.010 0.034 0.062 0.735 
 115 S _   0.028 0.130 0.001 0.010 0.013 0.039 0.062 0.717 
 116 E _   0.035 0.142 0.001 0.013 0.019 0.044 0.062 0.684 
 117 T _   0.041 0.168 0.002 0.020 0.027 0.049 0.061 0.633 
 118 W _   0.045 0.210 0.003 0.030 0.034 0.051 0.061 0.567 
 119 Y _   0.046 0.260 0.003 0.042 0.039 0.051 0.061 0.498 
 120 F _   0.045 0.304 0.003 0.054 0.040 0.049 0.061 0.444 
 121 M _   0.043 0.334 0.002 0.064 0.039 0.046 0.062 0.410 
 122 V _   0.040 0.350 0.002 0.071 0.037 0.042 0.064 0.394 
 123 N _   0.038 0.356 0.002 0.074 0.034 0.038 0.067 0.392 
 124 V _   0.034 0.352 0.002 0.073 0.030 0.034 0.071 0.404 
 125 T _   0.030 0.338 0.002 0.067 0.025 0.030 0.077 0.431 
 126 D _   0.026 0.310 0.002 0.059 0.020 0.026 0.084 0.473 
 127 A _   0.023 0.265 0.002 0.048 0.016 0.022 0.092 0.532 
 128 I _   0.020 0.207 0.002 0.037 0.012 0.018 0.102 0.602 
 129 S _   0.017 0.145 0.001 0.027 0.008 0.015 0.112 0.675 
 130 S _   0.013 0.094 0.001 0.018 0.005 0.012 0.120 0.737 
 131 G _   0.010 0.062 0.001 0.011 0.003 0.009 0.126 0.778 
 132 D _   0.008 0.043 0.000 0.007 0.002 0.007 0.130 0.803 
 133 D _   0.006 0.034 0.000 0.005 0.001 0.006 0.132 0.816 
 134 E _   0.005 0.030 0.000 0.004 0.001 0.005 0.133 0.822 
 135 D _   0.004 0.028 0.000 0.004 0.001 0.005 0.133 0.825 
 136 D _   0.004 0.029 0.000 0.005 0.001 0.005 0.133 0.823 
 137 T _   0.004 0.031 0.000 0.007 0.002 0.006 0.131 0.819 
 138 D _   0.004 0.035 0.000 0.011 0.002 0.007 0.129 0.812 
 139 G _   0.004 0.041 0.000 0.015 0.003 0.008 0.127 0.802 
 140 A _   0.004 0.048 0.000 0.019 0.003 0.009 0.124 0.792 
 141 E _   0.004 0.054 0.000 0.023 0.004 0.010 0.121 0.783 
 142 D _   0.004 0.059 0.000 0.025 0.004 0.010 0.119 0.779 
 143 F _   0.004 0.061 0.000 0.025 0.004 0.009 0.117 0.779 
 144 V _   0.004 0.062 0.000 0.023 0.004 0.009 0.115 0.783 
 145 S _   0.004 0.062 0.000 0.019 0.003 0.008 0.114 0.789 
 146 E _   0.004 0.061 0.000 0.016 0.003 0.008 0.112 0.796 
 147 N _   0.004 0.060 0.000 0.013 0.002 0.007 0.111 0.803 
 148 S _   0.004 0.059 0.000 0.010 0.002 0.007 0.110 0.808 
 149 N _   0.004 0.059 0.000 0.009 0.002 0.007 0.108 0.811 
 150 N _   0.004 0.060 0.000 0.009 0.002 0.007 0.107 0.812 
 151 K _   0.004 0.063 0.000 0.009 0.002 0.007 0.105 0.810 
 152 R _   0.004 0.067 0.000 0.010 0.002 0.007 0.102 0.806 
 153 A _   0.005 0.073 0.000 0.012 0.003 0.008 0.100 0.800 
 154 P _   0.005 0.080 0.000 0.013 0.003 0.008 0.097 0.793 
 155 Y _   0.005 0.088 0.000 0.015 0.003 0.009 0.094 0.787 
 156 W _   0.004 0.095 0.000 0.016 0.004 0.009 0.091 0.781 
 157 T _   0.004 0.102 0.000 0.016 0.004 0.009 0.088 0.777 
 158 N _   0.004 0.108 0.000 0.015 0.004 0.009 0.085 0.774 
 159 T _   0.004 0.114 0.000 0.015 0.004 0.009 0.082 0.772 
 160 E _   0.004 0.120 0.000 0.014 0.004 0.009 0.079 0.769 
 161 K _   0.005 0.127 0.000 0.014 0.004 0.010 0.077 0.765 
 162 M _   0.005 0.135 0.000 0.014 0.004 0.010 0.074 0.759 
 163 E _   0.005 0.145 0.001 0.015 0.004 0.011 0.071 0.749 
 164 K _   0.005 0.157 0.001 0.016 0.005 0.011 0.068 0.737 
 165 R _   0.006 0.170 0.001 0.018 0.006 0.012 0.065 0.722 
 166 L _   0.006 0.185 0.001 0.021 0.006 0.013 0.062 0.706 
 167 H _   0.006 0.200 0.001 0.024 0.007 0.013 0.059 0.689 
 168 A _   0.007 0.212 0.001 0.026 0.008 0.014 0.057 0.675 
 169 V _   0.007 0.222 0.001 0.028 0.008 0.014 0.055 0.665 
 170 P _   0.007 0.228 0.001 0.030 0.008 0.014 0.053 0.659 
 171 A _   0.007 0.231 0.001 0.030 0.009 0.014 0.052 0.656 
 172 A _   0.008 0.231 0.001 0.030 0.009 0.013 0.052 0.657 
 173 N _   0.008 0.227 0.001 0.029 0.008 0.013 0.051 0.663 
 174 T _   0.008 0.220 0.001 0.027 0.008 0.012 0.051 0.673 
 175 V _   0.008 0.209 0.001 0.024 0.007 0.012 0.052 0.687 
 176 K _   0.008 0.195 0.001 0.021 0.007 0.011 0.052 0.705 
 177 F _   0.008 0.178 0.001 0.018 0.006 0.011 0.053 0.726 
 178 R _   0.008 0.161 0.001 0.014 0.005 0.010 0.054 0.748 
 179 C _   0.008 0.145 0.001 0.011 0.004 0.009 0.055 0.767 
 180 P _   0.007 0.133 0.000 0.009 0.003 0.009 0.055 0.783 
 181 A _   0.007 0.126 0.000 0.008 0.003 0.009 0.055 0.792 
 182 G _   0.007 0.122 0.000 0.007 0.003 0.009 0.056 0.796 
 183 G _   0.007 0.121 0.000 0.008 0.003 0.009 0.055 0.796 
 184 N _   0.008 0.122 0.000 0.010 0.004 0.010 0.055 0.790 
 185 P _   0.008 0.126 0.001 0.013 0.005 0.011 0.055 0.782 
 186 M _   0.009 0.130 0.001 0.017 0.005 0.012 0.054 0.772 
 187 P _   0.009 0.134 0.001 0.021 0.006 0.012 0.054 0.763 
 188 T _   0.009 0.136 0.001 0.023 0.006 0.012 0.054 0.758 
 189 M _   0.009 0.136 0.001 0.024 0.006 0.012 0.054 0.758 
 190 R _   0.008 0.133 0.001 0.022 0.006 0.011 0.055 0.764 
 191 W _   0.008 0.127 0.001 0.019 0.005 0.010 0.055 0.774 
 192 L _   0.007 0.120 0.001 0.016 0.004 0.009 0.056 0.788 
 193 K _   0.006 0.111 0.000 0.012 0.003 0.008 0.056 0.802 
 194 N _   0.006 0.104 0.000 0.009 0.003 0.008 0.056 0.814 
 195 G _   0.005 0.099 0.000 0.007 0.002 0.007 0.056 0.823 
 196 K _   0.005 0.097 0.000 0.006 0.002 0.007 0.056 0.827 
 197 E _   0.005 0.097 0.000 0.006 0.002 0.008 0.055 0.827 
 198 F _   0.005 0.101 0.000 0.007 0.003 0.008 0.054 0.821 
 199 K _   0.006 0.110 0.000 0.009 0.003 0.009 0.052 0.811 
 200 Q _   0.006 0.123 0.001 0.012 0.004 0.011 0.050 0.794 
 201 E _   0.006 0.141 0.001 0.015 0.005 0.012 0.048 0.772 
 202 H _   0.006 0.162 0.001 0.018 0.006 0.013 0.046 0.748 
 203 R _   0.006 0.182 0.001 0.021 0.007 0.013 0.044 0.726 
 204 I _   0.006 0.199 0.001 0.023 0.007 0.014 0.042 0.708 
 205 G _   0.006 0.211 0.001 0.023 0.007 0.014 0.040 0.697 
 206 G _   0.006 0.220 0.001 0.022 0.007 0.015 0.039 0.690 
 207 Y _   0.007 0.226 0.001 0.020 0.007 0.016 0.038 0.686 
 208 K _   0.007 0.231 0.001 0.018 0.007 0.016 0.037 0.683 
 209 V _   0.008 0.235 0.001 0.017 0.007 0.018 0.036 0.679 
 210 R _   0.009 0.241 0.001 0.016 0.008 0.019 0.035 0.671 
 211 N _   0.011 0.248 0.001 0.017 0.009 0.021 0.034 0.659 
 212 Q _   0.012 0.260 0.001 0.020 0.011 0.023 0.033 0.640 
 213 H _   0.014 0.275 0.001 0.025 0.014 0.025 0.031 0.614 
 214 W _   0.015 0.292 0.001 0.032 0.016 0.026 0.030 0.587 
 215 S _   0.016 0.306 0.001 0.040 0.018 0.026 0.030 0.564 
 216 L _   0.016 0.314 0.001 0.046 0.018 0.025 0.029 0.549 
 217 I _   0.016 0.317 0.001 0.050 0.018 0.024 0.029 0.544 
 218 M _   0.015 0.313 0.001 0.051 0.017 0.023 0.029 0.550 
 219 E _   0.015 0.300 0.001 0.048 0.016 0.021 0.030 0.569 
 220 S _   0.014 0.276 0.001 0.042 0.014 0.019 0.031 0.604 
 221 V _   0.013 0.237 0.001 0.033 0.012 0.017 0.032 0.654 
 222 V _   0.013 0.188 0.001 0.025 0.009 0.015 0.034 0.715 
 223 P _   0.012 0.142 0.001 0.017 0.007 0.013 0.036 0.773 
 224 S _   0.010 0.109 0.001 0.011 0.005 0.012 0.037 0.816 
 225 D _   0.009 0.091 0.000 0.007 0.004 0.011 0.037 0.840 
 226 K _   0.008 0.083 0.000 0.006 0.003 0.011 0.038 0.851 
 227 G _   0.008 0.081 0.000 0.006 0.003 0.011 0.038 0.853 
 228 N _   0.008 0.082 0.000 0.008 0.004 0.012 0.037 0.849 
 229 Y _   0.008 0.087 0.001 0.012 0.005 0.013 0.037 0.838 
 230 T _   0.008 0.095 0.001 0.017 0.006 0.014 0.036 0.823 
 231 C _   0.008 0.105 0.001 0.022 0.007 0.014 0.035 0.808 
 232 V _   0.009 0.113 0.001 0.026 0.008 0.014 0.034 0.795 
 233 V _   0.008 0.118 0.001 0.029 0.008 0.014 0.034 0.787 
 234 E _   0.008 0.121 0.001 0.029 0.008 0.014 0.033 0.786 
 235 N _   0.007 0.121 0.001 0.028 0.008 0.013 0.033 0.789 
 236 E _   0.007 0.118 0.001 0.025 0.007 0.012 0.033 0.796 
 237 Y _   0.007 0.114 0.001 0.021 0.006 0.012 0.034 0.806 
 238 G _   0.007 0.108 0.001 0.018 0.005 0.011 0.034 0.816 
 239 S _   0.007 0.102 0.001 0.015 0.005 0.011 0.034 0.826 
 240 I _   0.007 0.098 0.001 0.013 0.004 0.011 0.035 0.832 
 241 N _   0.007 0.095 0.000 0.012 0.004 0.011 0.035 0.836 
 242 H _   0.007 0.093 0.001 0.013 0.004 0.011 0.035 0.837 
 243 T _   0.007 0.092 0.001 0.014 0.005 0.011 0.035 0.836 
 244 Y _   0.007 0.092 0.001 0.015 0.005 0.011 0.036 0.834 
 245 H _   0.007 0.091 0.001 0.016 0.005 0.011 0.036 0.832 
 246 L _   0.007 0.091 0.001 0.017 0.005 0.011 0.036 0.832 
 247 D _   0.007 0.089 0.001 0.017 0.005 0.011 0.036 0.834 
 248 V _   0.007 0.087 0.001 0.016 0.005 0.010 0.037 0.838 
 249 V _   0.007 0.084 0.001 0.014 0.004 0.010 0.037 0.843 
 250 E _   0.007 0.081 0.001 0.012 0.004 0.009 0.037 0.849 
 251 R _   0.006 0.078 0.000 0.011 0.004 0.009 0.038 0.854 
 252 S _   0.006 0.075 0.000 0.010 0.004 0.009 0.038 0.858 
 253 P _   0.006 0.074 0.000 0.010 0.004 0.010 0.038 0.858 
 254 H _   0.007 0.074 0.000 0.010 0.004 0.010 0.038 0.857 
 255 R _   0.007 0.076 0.000 0.011 0.004 0.011 0.038 0.853 
 256 P _   0.007 0.079 0.001 0.013 0.005 0.011 0.038 0.847 
 257 I _   0.008 0.082 0.001 0.015 0.005 0.012 0.038 0.839 
 258 L _   0.008 0.086 0.001 0.016 0.006 0.013 0.038 0.833 
 259 Q _   0.008 0.089 0.001 0.017 0.006 0.013 0.038 0.828 
 260 A _   0.008 0.091 0.001 0.018 0.006 0.013 0.038 0.826 
 261 G _   0.008 0.092 0.001 0.017 0.006 0.013 0.038 0.825 
 262 L _   0.008 0.093 0.001 0.016 0.006 0.014 0.038 0.825 
 263 P _   0.008 0.092 0.001 0.015 0.006 0.014 0.038 0.826 
 264 A _   0.009 0.092 0.001 0.014 0.006 0.015 0.038 0.826 
 265 N _   0.009 0.092 0.001 0.012 0.006 0.016 0.038 0.826 
 266 A _   0.010 0.093 0.001 0.012 0.006 0.017 0.039 0.823 
 267 S _   0.012 0.094 0.001 0.012 0.007 0.018 0.039 0.817 
 268 T _   0.013 0.098 0.001 0.013 0.008 0.020 0.039 0.808 
 269 V _   0.015 0.103 0.001 0.015 0.010 0.022 0.039 0.794 
 270 V _   0.017 0.111 0.001 0.019 0.012 0.025 0.040 0.776 
 271 G _   0.019 0.120 0.001 0.024 0.014 0.026 0.040 0.755 
 272 G _   0.020 0.129 0.001 0.030 0.017 0.028 0.040 0.735 
 273 D _   0.022 0.135 0.001 0.035 0.018 0.029 0.041 0.718 
 274 V _   0.022 0.139 0.001 0.039 0.019 0.029 0.042 0.708 
 275 E _   0.022 0.139 0.001 0.040 0.019 0.028 0.044 0.707 
 276 F _   0.021 0.135 0.001 0.039 0.017 0.026 0.046 0.713 
 277 V _   0.020 0.127 0.001 0.035 0.015 0.024 0.048 0.729 
 278 C _   0.019 0.115 0.001 0.028 0.013 0.022 0.050 0.752 
 279 K _   0.017 0.099 0.001 0.022 0.010 0.020 0.053 0.778 
 280 V _   0.016 0.083 0.001 0.016 0.008 0.018 0.056 0.803 
 281 Y _   0.014 0.069 0.001 0.011 0.006 0.017 0.058 0.824 
 282 S _   0.013 0.060 0.001 0.008 0.005 0.016 0.060 0.837 
 283 D _   0.013 0.056 0.000 0.007 0.004 0.015 0.062 0.842 
 284 A _   0.013 0.054 0.001 0.008 0.005 0.016 0.063 0.841 
 285 Q _   0.013 0.055 0.001 0.010 0.005 0.016 0.065 0.835 
 286 P _   0.014 0.059 0.001 0.014 0.007 0.017 0.066 0.823 
 287 H _   0.014 0.064 0.001 0.019 0.008 0.018 0.068 0.808 
 288 I _   0.015 0.070 0.001 0.026 0.010 0.019 0.069 0.791 
 289 Q _   0.015 0.074 0.001 0.032 0.010 0.019 0.071 0.778 
 290 W _   0.014 0.076 0.001 0.036 0.011 0.018 0.073 0.771 
 291 I _   0.014 0.075 0.001 0.037 0.010 0.017 0.076 0.770 
 292 K _   0.013 0.071 0.001 0.035 0.009 0.015 0.079 0.776 
 293 H _   0.012 0.064 0.001 0.030 0.008 0.013 0.083 0.789 
 294 V _   0.010 0.053 0.001 0.024 0.006 0.011 0.087 0.807 
 295 E _   0.009 0.040 0.001 0.018 0.005 0.010 0.091 0.827 
 296 K _   0.008 0.028 0.000 0.012 0.003 0.008 0.094 0.846 
 297 N _   0.007 0.019 0.000 0.008 0.002 0.006 0.097 0.861 
 298 G _   0.006 0.012 0.000 0.005 0.002 0.005 0.098 0.871 
 299 S _   0.005 0.009 0.000 0.003 0.001 0.005 0.099 0.877 
 300 K _   0.004 0.008 0.000 0.003 0.001 0.005 0.100 0.880 
 301 Y _   0.004 0.008 0.000 0.003 0.001 0.005 0.099 0.880 
 302 G _   0.005 0.009 0.000 0.003 0.001 0.006 0.098 0.878 
 303 P _   0.006 0.012 0.000 0.005 0.002 0.008 0.096 0.872 
 304 D _   0.007 0.020 0.000 0.008 0.003 0.012 0.093 0.858 
 305 G _   0.009 0.037 0.001 0.013 0.006 0.016 0.088 0.830 
 306 L _   0.011 0.067 0.001 0.023 0.009 0.021 0.082 0.786 
 307 P _   0.012 0.110 0.001 0.035 0.013 0.025 0.075 0.729 
 308 Y _   0.012 0.157 0.002 0.048 0.017 0.027 0.069 0.668 
 309 L _   0.012 0.194 0.002 0.061 0.020 0.029 0.063 0.619 
 310 K _   0.012 0.218 0.002 0.070 0.021 0.029 0.059 0.589 
 311 V _   0.012 0.230 0.002 0.076 0.021 0.029 0.056 0.574 
 312 L _   0.012 0.234 0.001 0.076 0.021 0.028 0.054 0.574 
 313 K _   0.012 0.231 0.002 0.071 0.019 0.026 0.053 0.587 
 314 A _   0.012 0.219 0.002 0.062 0.017 0.024 0.053 0.612 
 315 A _   0.012 0.197 0.002 0.050 0.015 0.022 0.053 0.651 
 316 G _   0.012 0.164 0.001 0.037 0.012 0.020 0.053 0.701 
 317 V _   0.012 0.124 0.001 0.025 0.010 0.018 0.053 0.756 
 318 N _   0.012 0.088 0.001 0.016 0.007 0.017 0.054 0.804 
 319 T _   0.011 0.063 0.001 0.010 0.006 0.017 0.054 0.838 
 320 T _   0.011 0.050 0.001 0.007 0.005 0.017 0.054 0.855 
 321 D _   0.012 0.045 0.000 0.006 0.004 0.018 0.053 0.861 
 322 K _   0.014 0.043 0.001 0.007 0.005 0.019 0.053 0.859 
 323 E _   0.016 0.044 0.001 0.009 0.006 0.021 0.052 0.851 
 324 I _   0.017 0.048 0.001 0.013 0.009 0.024 0.050 0.838 
 325 E _   0.019 0.053 0.001 0.019 0.011 0.026 0.049 0.821 
 326 V _   0.020 0.059 0.001 0.026 0.014 0.027 0.048 0.805 
 327 L _   0.021 0.063 0.001 0.031 0.015 0.028 0.047 0.794 
 328 Y _   0.021 0.065 0.001 0.034 0.016 0.028 0.046 0.789 
 329 I _   0.020 0.065 0.001 0.035 0.016 0.027 0.045 0.791 
 330 R _   0.019 0.062 0.001 0.033 0.015 0.025 0.045 0.799 
 331 N _   0.018 0.056 0.001 0.029 0.014 0.024 0.045 0.813 
 332 V _   0.017 0.048 0.001 0.024 0.012 0.022 0.045 0.831 
 333 T _   0.015 0.039 0.001 0.019 0.010 0.020 0.046 0.850 
 334 F _   0.015 0.031 0.001 0.015 0.008 0.019 0.046 0.867 
 335 E _   0.013 0.023 0.001 0.011 0.006 0.018 0.046 0.881 
 336 D _   0.013 0.018 0.001 0.009 0.006 0.017 0.046 0.891 
 337 A _   0.013 0.015 0.001 0.008 0.005 0.017 0.046 0.897 
 338 G _   0.013 0.013 0.001 0.008 0.005 0.017 0.045 0.899 
 339 E _   0.013 0.012 0.001 0.008 0.005 0.017 0.045 0.899 
 340 Y _   0.014 0.012 0.001 0.009 0.006 0.018 0.044 0.896 
 341 T _   0.015 0.012 0.001 0.009 0.007 0.020 0.043 0.893 
 342 C _   0.017 0.013 0.001 0.011 0.008 0.022 0.042 0.888 
 343 L _   0.018 0.013 0.001 0.012 0.008 0.023 0.042 0.882 
 344 A _   0.020 0.014 0.001 0.013 0.010 0.026 0.041 0.876 
 345 G _   0.023 0.015 0.001 0.013 0.010 0.028 0.040 0.870 
 346 N _   0.027 0.016 0.001 0.013 0.011 0.030 0.039 0.863 
 347 S _   0.031 0.016 0.001 0.012 0.012 0.032 0.039 0.856 
 348 I _   0.036 0.017 0.001 0.012 0.014 0.035 0.038 0.847 
 349 G _   0.041 0.019 0.001 0.012 0.015 0.038 0.037 0.837 
 350 I _   0.047 0.021 0.001 0.012 0.018 0.041 0.037 0.823 
 351 S _   0.053 0.025 0.001 0.014 0.021 0.043 0.036 0.807 
 352 F _   0.057 0.029 0.001 0.017 0.024 0.045 0.035 0.790 
 353 H _   0.061 0.035 0.002 0.021 0.027 0.047 0.035 0.771 
 354 S _   0.064 0.042 0.002 0.027 0.030 0.047 0.035 0.754 
 355 A _   0.063 0.048 0.002 0.033 0.031 0.046 0.035 0.743 
 356 W _   0.061 0.052 0.002 0.038 0.030 0.044 0.035 0.737 
 357 L _   0.057 0.054 0.002 0.041 0.028 0.040 0.036 0.743 
 358 T _   0.051 0.053 0.002 0.041 0.024 0.036 0.037 0.756 
 359 V _   0.045 0.050 0.002 0.037 0.020 0.031 0.038 0.776 
 360 L _   0.038 0.044 0.001 0.032 0.016 0.026 0.039 0.804 
 361 P _   0.031 0.036 0.001 0.025 0.012 0.021 0.040 0.834 
 362 A _   0.025 0.026 0.001 0.019 0.008 0.017 0.041 0.864 
 363 P _   0.020 0.017 0.001 0.013 0.006 0.014 0.041 0.889 
 364 G _   0.016 0.010 0.001 0.009 0.004 0.011 0.042 0.908 
 365 R _   0.013 0.005 0.000 0.006 0.003 0.008 0.042 0.922 
 366 E _   0.011 0.003 0.000 0.004 0.002 0.007 0.042 0.931 
 367 K _   0.010 0.001 0.000 0.003 0.002 0.005 0.041 0.937 
 368 E _   0.011 0.000 0.000 0.002 0.001 0.005 0.040 0.940 
 369 I _   0.013 0.000 0.000 0.002 0.001 0.004 0.039 0.940 
 370 T _   0.019 0.000 0.000 0.002 0.001 0.004 0.037 0.937 
 371 A _   0.031 0.000 0.000 0.001 0.002 0.004 0.034 0.927 
 372 S _   0.054 0.000 0.000 0.001 0.002 0.005 0.031 0.906 
 373 P _   0.093 0.000 0.000 0.001 0.003 0.006 0.028 0.869 
 374 D _   0.149 0.000 0.000 0.001 0.004 0.006 0.024 0.816 
 375 Y _   0.224 0.000 0.001 0.001 0.004 0.007 0.021 0.743 
 376 L _   0.313 0.000 0.001 0.001 0.005 0.007 0.017 0.656 
 377 E _   0.414 0.000 0.001 0.001 0.005 0.007 0.015 0.558 
 378 I H   0.518 0.000 0.001 0.000 0.006 0.006 0.012 0.457 
 379 A H   0.618 0.000 0.001 0.000 0.006 0.005 0.010 0.360 
 380 I H   0.707 0.000 0.001 0.000 0.005 0.005 0.009 0.273 
 381 Y H   0.782 0.000 0.001 0.000 0.005 0.004 0.007 0.201 
 382 C H   0.841 0.000 0.001 0.000 0.005 0.003 0.006 0.144 
 383 I H   0.887 0.000 0.001 0.000 0.005 0.003 0.005 0.100 
 384 G H   0.920 0.000 0.001 0.000 0.005 0.002 0.004 0.068 
 385 V H   0.942 0.000 0.001 0.000 0.005 0.002 0.003 0.047 
 386 F H   0.955 0.000 0.001 0.000 0.005 0.002 0.003 0.034 
 387 L H   0.964 0.000 0.001 0.000 0.005 0.002 0.002 0.026 
 388 I H   0.968 0.000 0.001 0.000 0.006 0.002 0.002 0.022 
 389 A H   0.967 0.000 0.001 0.000 0.006 0.002 0.002 0.022 
 390 C H   0.963 0.000 0.001 0.000 0.007 0.002 0.002 0.025 
 391 M H   0.955 0.000 0.001 0.000 0.008 0.002 0.002 0.032 
 392 V H   0.942 0.000 0.001 0.000 0.009 0.003 0.002 0.044 
 393 V H   0.922 0.000 0.001 0.000 0.010 0.003 0.002 0.062 
 394 T H   0.892 0.000 0.001 0.000 0.011 0.004 0.002 0.090 
 395 V H   0.852 0.000 0.001 0.000 0.011 0.004 0.003 0.128 
 396 I H   0.796 0.000 0.001 0.001 0.012 0.005 0.004 0.181 
 397 L H   0.723 0.000 0.001 0.001 0.012 0.006 0.006 0.251 
 398 C H   0.629 0.000 0.001 0.001 0.011 0.007 0.009 0.342 
 399 R H   0.518 0.000 0.001 0.002 0.010 0.007 0.014 0.448 
 400 M _   0.399 0.000 0.001 0.002 0.008 0.007 0.019 0.564 
 401 K _   0.287 0.000 0.001 0.002 0.006 0.007 0.025 0.672 
 402 N _   0.192 0.000 0.001 0.002 0.004 0.007 0.031 0.764 
 403 T _   0.119 0.000 0.000 0.002 0.003 0.006 0.035 0.834 
 404 T _   0.071 0.000 0.000 0.002 0.002 0.005 0.039 0.880 
 405 K _   0.042 0.000 0.000 0.002 0.002 0.005 0.041 0.908 
 406 K _   0.025 0.000 0.000 0.002 0.001 0.005 0.043 0.923 
 407 P _   0.016 0.001 0.000 0.002 0.001 0.005 0.044 0.930 
 408 D _   0.012 0.003 0.000 0.003 0.002 0.006 0.044 0.929 
 409 F _   0.010 0.008 0.000 0.005 0.002 0.008 0.044 0.922 
 410 S _   0.009 0.019 0.000 0.008 0.003 0.010 0.044 0.907 
 411 S _   0.009 0.038 0.001 0.012 0.005 0.012 0.043 0.881 
 412 Q _   0.009 0.067 0.001 0.016 0.006 0.013 0.042 0.846 
 413 P _   0.009 0.102 0.001 0.020 0.007 0.015 0.040 0.806 
 414 A _   0.009 0.137 0.001 0.024 0.008 0.015 0.038 0.768 
 415 V _   0.008 0.168 0.001 0.026 0.009 0.016 0.037 0.735 
 416 H _   0.008 0.194 0.001 0.026 0.009 0.016 0.036 0.710 
 417 K _   0.008 0.213 0.001 0.026 0.009 0.016 0.035 0.691 
 418 L _   0.008 0.228 0.001 0.025 0.009 0.016 0.035 0.678 
 419 T _   0.008 0.240 0.001 0.024 0.009 0.016 0.035 0.667 
 420 K _   0.009 0.251 0.001 0.023 0.009 0.016 0.034 0.658 
 421 R _   0.009 0.259 0.001 0.022 0.009 0.017 0.034 0.649 
 422 I _   0.009 0.268 0.001 0.022 0.009 0.017 0.035 0.640 
 423 P _   0.010 0.276 0.001 0.023 0.009 0.017 0.035 0.631 
 424 L _   0.010 0.283 0.001 0.024 0.009 0.016 0.035 0.622 
 425 R _   0.010 0.289 0.001 0.026 0.009 0.016 0.036 0.615 
 426 R _   0.009 0.292 0.001 0.027 0.009 0.015 0.036 0.610 
 427 Q _   0.009 0.293 0.001 0.028 0.009 0.015 0.037 0.609 
 428 V _   0.008 0.290 0.001 0.028 0.008 0.014 0.038 0.612 
 429 T _   0.008 0.285 0.001 0.027 0.008 0.013 0.039 0.619 
 430 V _   0.008 0.275 0.001 0.025 0.007 0.012 0.041 0.632 
 431 S _   0.007 0.262 0.001 0.022 0.006 0.011 0.042 0.649 
 432 A _   0.007 0.245 0.001 0.019 0.005 0.010 0.044 0.669 
 433 E _   0.006 0.226 0.001 0.015 0.004 0.009 0.046 0.692 
 434 S _   0.006 0.209 0.001 0.011 0.004 0.008 0.048 0.713 
 435 S _   0.005 0.195 0.000 0.009 0.003 0.008 0.049 0.730 
 436 S _   0.005 0.186 0.000 0.007 0.002 0.008 0.050 0.741 
 437 S _   0.005 0.182 0.000 0.006 0.002 0.009 0.051 0.745 
 438 M _   0.006 0.183 0.000 0.006 0.002 0.010 0.051 0.742 
 439 N _   0.007 0.188 0.000 0.007 0.003 0.012 0.051 0.732 
 440 S _   0.008 0.202 0.001 0.010 0.005 0.014 0.050 0.709 
 441 N _   0.010 0.229 0.001 0.015 0.008 0.018 0.049 0.670 
 442 T _   0.012 0.273 0.001 0.022 0.012 0.021 0.048 0.612 
 443 P _   0.012 0.328 0.002 0.029 0.015 0.022 0.047 0.545 
 444 L _   0.012 0.377 0.002 0.036 0.016 0.023 0.046 0.488 
 445 V _   0.012 0.412 0.001 0.041 0.016 0.023 0.045 0.449 
 446 R E   0.011 0.433 0.001 0.043 0.016 0.023 0.046 0.427 
 447 I E   0.011 0.443 0.001 0.042 0.015 0.022 0.047 0.419 
 448 T E   0.011 0.445 0.001 0.039 0.014 0.021 0.048 0.421 
 449 T E   0.011 0.441 0.001 0.034 0.013 0.020 0.050 0.431 
 450 R _   0.010 0.430 0.001 0.028 0.011 0.019 0.052 0.448 
 451 L _   0.010 0.415 0.001 0.022 0.010 0.018 0.055 0.469 
 452 S _   0.010 0.398 0.001 0.018 0.009 0.018 0.058 0.490 
 453 S _   0.010 0.384 0.001 0.014 0.007 0.017 0.060 0.506 
 454 T _   0.010 0.376 0.001 0.013 0.007 0.017 0.063 0.514 
 455 A _   0.010 0.371 0.001 0.014 0.007 0.017 0.065 0.515 
 456 D _   0.011 0.370 0.001 0.016 0.007 0.017 0.067 0.511 
 457 T _   0.011 0.371 0.001 0.020 0.008 0.017 0.070 0.502 
 458 P _   0.012 0.372 0.001 0.024 0.009 0.017 0.072 0.492 
 459 M _   0.012 0.372 0.001 0.029 0.010 0.017 0.075 0.485 
 460 L _   0.012 0.367 0.001 0.033 0.010 0.017 0.079 0.481 
 461 A _   0.012 0.358 0.001 0.035 0.011 0.016 0.084 0.484 
 462 G _   0.012 0.340 0.001 0.036 0.011 0.015 0.090 0.495 
 463 V _   0.012 0.313 0.001 0.034 0.010 0.015 0.097 0.517 
 464 S _   0.013 0.272 0.001 0.032 0.010 0.014 0.107 0.551 
 465 E _   0.013 0.219 0.001 0.028 0.009 0.013 0.120 0.597 
 466 Y _   0.013 0.162 0.001 0.023 0.007 0.013 0.133 0.648 
 467 E _   0.012 0.111 0.001 0.017 0.006 0.012 0.145 0.696 
 468 L _   0.011 0.072 0.001 0.013 0.004 0.010 0.156 0.734 
 469 P _   0.009 0.046 0.000 0.009 0.003 0.009 0.164 0.759 
 470 E _   0.008 0.032 0.000 0.007 0.002 0.008 0.169 0.774 
 471 D _   0.007 0.024 0.000 0.006 0.002 0.007 0.173 0.781 
 472 P _   0.006 0.019 0.000 0.005 0.002 0.006 0.176 0.785 
 473 K _   0.006 0.017 0.000 0.005 0.002 0.006 0.178 0.786 
 474 W _   0.006 0.016 0.000 0.005 0.002 0.006 0.179 0.786 
 475 E _   0.005 0.015 0.000 0.006 0.002 0.006 0.180 0.785 
 476 F _   0.005 0.016 0.000 0.007 0.002 0.007 0.179 0.785 
 477 P _   0.005 0.016 0.000 0.007 0.002 0.007 0.179 0.784 
 478 R _   0.004 0.017 0.000 0.008 0.002 0.007 0.177 0.784 
 479 D _   0.004 0.018 0.000 0.008 0.002 0.007 0.176 0.785 
 480 K _   0.004 0.020 0.000 0.008 0.002 0.008 0.173 0.785 
 481 L _   0.004 0.022 0.000 0.007 0.002 0.008 0.171 0.785 
 482 T _   0.004 0.025 0.000 0.007 0.002 0.009 0.168 0.784 
 483 L _   0.005 0.029 0.000 0.008 0.003 0.011 0.164 0.780 
 484 G _   0.006 0.035 0.000 0.009 0.003 0.013 0.160 0.773 
 485 K _   0.007 0.045 0.001 0.010 0.004 0.016 0.155 0.761 
 486 P _   0.009 0.059 0.001 0.012 0.006 0.020 0.150 0.742 
 487 L _   0.013 0.081 0.001 0.015 0.009 0.025 0.143 0.712 
 488 G _   0.017 0.113 0.001 0.019 0.014 0.031 0.136 0.669 
 489 E _   0.021 0.156 0.002 0.025 0.020 0.036 0.128 0.612 
 490 G _   0.025 0.211 0.002 0.031 0.027 0.041 0.119 0.544 
 491 C _   0.028 0.274 0.003 0.038 0.033 0.044 0.111 0.469 
 492 F _   0.030 0.336 0.003 0.046 0.037 0.045 0.104 0.400 
 493 G E   0.031 0.386 0.003 0.054 0.038 0.044 0.099 0.345 
 494 Q E   0.031 0.420 0.002 0.062 0.038 0.042 0.095 0.309 
 495 V E   0.032 0.440 0.002 0.068 0.036 0.040 0.094 0.290 
 496 V E   0.031 0.447 0.002 0.072 0.033 0.037 0.093 0.285 
 497 M E   0.030 0.445 0.002 0.072 0.030 0.033 0.094 0.294 
 498 A E   0.029 0.430 0.002 0.069 0.027 0.030 0.096 0.318 
 499 E E   0.027 0.396 0.002 0.062 0.023 0.026 0.099 0.364 
 500 A _   0.025 0.333 0.002 0.051 0.020 0.023 0.104 0.441 
 501 V _   0.024 0.238 0.002 0.038 0.015 0.020 0.111 0.552 
 502 G _   0.021 0.136 0.002 0.024 0.010 0.016 0.118 0.673 
 503 I _   0.017 0.062 0.001 0.013 0.006 0.013 0.122 0.766 
 504 D _   0.012 0.025 0.000 0.006 0.003 0.010 0.125 0.818 
 505 K _   0.009 0.012 0.000 0.003 0.002 0.008 0.126 0.840 
 506 D _   0.007 0.009 0.000 0.002 0.001 0.008 0.126 0.847 
 507 K _   0.007 0.008 0.000 0.002 0.002 0.010 0.125 0.846 
 508 P _   0.009 0.011 0.000 0.004 0.003 0.013 0.124 0.836 
 509 K _   0.013 0.022 0.001 0.010 0.006 0.019 0.121 0.810 
 510 E _   0.016 0.054 0.001 0.022 0.012 0.025 0.117 0.753 
 511 A _   0.018 0.114 0.002 0.043 0.017 0.029 0.111 0.667 
 512 V _   0.017 0.174 0.002 0.064 0.021 0.031 0.105 0.586 
 513 T _   0.017 0.214 0.002 0.080 0.022 0.030 0.101 0.534 
 514 V _   0.015 0.233 0.002 0.090 0.021 0.029 0.099 0.511 
 515 A _   0.014 0.240 0.001 0.092 0.020 0.027 0.098 0.507 
 516 V _   0.013 0.237 0.001 0.086 0.018 0.025 0.099 0.520 
 517 K _   0.012 0.225 0.001 0.075 0.016 0.022 0.100 0.549 
 518 M _   0.012 0.199 0.001 0.059 0.013 0.019 0.103 0.595 
 519 L _   0.011 0.157 0.001 0.042 0.010 0.016 0.106 0.656 
 520 K _   0.010 0.107 0.001 0.028 0.007 0.013 0.110 0.723 
 521 D _   0.009 0.064 0.001 0.017 0.005 0.011 0.114 0.780 
 522 D _   0.008 0.034 0.000 0.010 0.003 0.009 0.116 0.819 
 523 A _   0.007 0.019 0.000 0.006 0.002 0.008 0.117 0.841 
 524 T _   0.006 0.012 0.000 0.004 0.002 0.007 0.117 0.852 
 525 E _   0.005 0.009 0.000 0.003 0.001 0.007 0.117 0.857 
 526 K _   0.006 0.009 0.000 0.003 0.001 0.008 0.115 0.857 
 527 D _   0.007 0.009 0.000 0.004 0.002 0.010 0.113 0.855 
 528 L _   0.008 0.012 0.000 0.005 0.003 0.014 0.110 0.847 
 529 S _   0.011 0.017 0.000 0.009 0.005 0.018 0.107 0.834 
 530 D _   0.014 0.027 0.001 0.014 0.008 0.024 0.102 0.811 
 531 L _   0.017 0.042 0.001 0.022 0.012 0.030 0.096 0.779 
 532 V _   0.021 0.060 0.001 0.032 0.017 0.035 0.090 0.743 
 533 S _   0.024 0.078 0.002 0.043 0.022 0.039 0.084 0.708 
 534 E _   0.026 0.091 0.002 0.053 0.026 0.042 0.080 0.680 
 535 M _   0.028 0.099 0.002 0.060 0.029 0.044 0.076 0.663 
 536 E _   0.030 0.102 0.002 0.063 0.029 0.043 0.073 0.658 
 537 M _   0.031 0.100 0.002 0.060 0.028 0.042 0.070 0.666 
 538 M _   0.032 0.093 0.002 0.052 0.025 0.040 0.069 0.686 
 539 K _   0.032 0.081 0.002 0.042 0.021 0.037 0.068 0.718 
 540 M _   0.031 0.063 0.002 0.030 0.017 0.034 0.067 0.757 
 541 I _   0.030 0.044 0.001 0.019 0.013 0.031 0.067 0.795 
 542 G _   0.028 0.029 0.001 0.012 0.010 0.029 0.066 0.826 
 543 K _   0.028 0.020 0.001 0.007 0.007 0.027 0.065 0.844 
 544 H _   0.028 0.017 0.001 0.005 0.006 0.027 0.064 0.852 
 545 K _   0.028 0.016 0.001 0.006 0.007 0.028 0.063 0.851 
 546 N _   0.030 0.018 0.001 0.008 0.008 0.030 0.062 0.844 
 547 I _   0.033 0.022 0.001 0.012 0.011 0.032 0.060 0.829 
 548 I _   0.035 0.029 0.001 0.019 0.015 0.033 0.059 0.810 
 549 N _   0.036 0.036 0.001 0.026 0.018 0.034 0.057 0.791 
 550 L _   0.036 0.042 0.001 0.031 0.019 0.034 0.056 0.779 
 551 L _   0.035 0.046 0.002 0.034 0.019 0.033 0.055 0.776 
 552 G _   0.033 0.047 0.001 0.033 0.018 0.032 0.054 0.782 
 553 A _   0.030 0.045 0.001 0.029 0.016 0.029 0.054 0.796 
 554 C _   0.028 0.042 0.001 0.022 0.013 0.027 0.053 0.814 
 555 T _   0.025 0.038 0.001 0.017 0.011 0.024 0.053 0.832 
 556 Q _   0.023 0.034 0.001 0.012 0.009 0.023 0.053 0.846 
 557 D _   0.021 0.032 0.001 0.010 0.007 0.022 0.052 0.855 
 558 G _   0.020 0.032 0.001 0.009 0.007 0.021 0.052 0.857 
 559 P _   0.020 0.033 0.001 0.010 0.008 0.021 0.052 0.855 
 560 L _   0.020 0.035 0.001 0.013 0.009 0.021 0.052 0.849 
 561 Y _   0.020 0.039 0.001 0.017 0.010 0.021 0.051 0.841 
 562 V _   0.020 0.043 0.001 0.021 0.010 0.021 0.051 0.833 
 563 I _   0.019 0.046 0.001 0.024 0.010 0.020 0.051 0.829 
 564 V _   0.017 0.047 0.001 0.024 0.010 0.019 0.051 0.830 
 565 E _   0.015 0.047 0.001 0.023 0.009 0.017 0.051 0.836 
 566 Y _   0.014 0.046 0.001 0.020 0.008 0.016 0.052 0.845 
 567 A _   0.012 0.043 0.001 0.016 0.006 0.014 0.052 0.856 
 568 S _   0.011 0.040 0.001 0.013 0.005 0.013 0.052 0.865 
 569 K _   0.010 0.038 0.001 0.011 0.005 0.012 0.053 0.872 
 570 G _   0.009 0.036 0.000 0.010 0.004 0.011 0.053 0.877 
 571 N _   0.009 0.035 0.000 0.009 0.004 0.011 0.053 0.879 
 572 L _   0.009 0.035 0.000 0.010 0.004 0.011 0.053 0.878 
 573 R _   0.009 0.036 0.000 0.011 0.004 0.011 0.053 0.875 
 574 E _   0.009 0.038 0.001 0.013 0.004 0.011 0.053 0.872 
 575 Y _   0.009 0.039 0.001 0.015 0.005 0.011 0.053 0.868 
 576 L _   0.008 0.041 0.001 0.016 0.005 0.011 0.053 0.865 
 577 R _   0.008 0.042 0.001 0.018 0.005 0.011 0.053 0.863 
 578 A _   0.008 0.042 0.001 0.018 0.006 0.011 0.053 0.862 
 579 R _   0.008 0.042 0.001 0.019 0.005 0.011 0.053 0.862 
 580 R _   0.008 0.041 0.001 0.019 0.005 0.010 0.053 0.863 
 581 P _   0.008 0.039 0.001 0.018 0.005 0.010 0.054 0.865 
 582 P _   0.007 0.037 0.001 0.017 0.005 0.010 0.054 0.869 
 583 G _   0.007 0.034 0.001 0.016 0.005 0.009 0.055 0.874 
 584 M _   0.007 0.030 0.001 0.014 0.004 0.008 0.056 0.880 
 585 E _   0.007 0.026 0.000 0.012 0.004 0.008 0.057 0.887 
 586 Y _   0.006 0.022 0.000 0.010 0.003 0.007 0.057 0.894 
 587 S _   0.006 0.018 0.000 0.008 0.003 0.007 0.058 0.901 
 588 Y _   0.005 0.016 0.000 0.006 0.002 0.007 0.058 0.905 
 589 D _   0.005 0.015 0.000 0.006 0.002 0.007 0.058 0.908 
 590 I _   0.005 0.014 0.000 0.006 0.002 0.007 0.057 0.908 
 591 N _   0.005 0.015 0.000 0.006 0.002 0.009 0.057 0.906 
 592 R _   0.006 0.016 0.000 0.007 0.003 0.010 0.056 0.901 
 593 V _   0.007 0.019 0.000 0.009 0.004 0.013 0.055 0.893 
 594 P _   0.008 0.022 0.001 0.012 0.005 0.015 0.054 0.883 
 595 E _   0.009 0.027 0.001 0.015 0.006 0.018 0.052 0.872 
 596 E _   0.010 0.031 0.001 0.017 0.008 0.021 0.051 0.861 
 597 Q _   0.012 0.034 0.001 0.018 0.009 0.024 0.050 0.853 
 598 M _   0.014 0.037 0.001 0.019 0.010 0.027 0.049 0.845 
 599 T _   0.016 0.038 0.001 0.017 0.011 0.030 0.048 0.839 
 600 F _   0.020 0.040 0.001 0.016 0.012 0.033 0.047 0.831 
 601 K _   0.025 0.041 0.001 0.015 0.014 0.037 0.046 0.822 
 602 D _   0.032 0.043 0.001 0.014 0.016 0.041 0.045 0.808 
 603 L _   0.039 0.046 0.001 0.014 0.019 0.045 0.044 0.791 
 604 V _   0.048 0.050 0.001 0.016 0.023 0.049 0.043 0.770 
 605 S _   0.057 0.055 0.002 0.018 0.027 0.053 0.043 0.745 
 606 C _   0.065 0.061 0.002 0.022 0.032 0.056 0.042 0.720 
 607 T _   0.072 0.067 0.002 0.026 0.036 0.057 0.042 0.698 
 608 Y _   0.078 0.072 0.002 0.030 0.038 0.057 0.042 0.681 
 609 Q _   0.081 0.074 0.002 0.033 0.039 0.056 0.042 0.673 
 610 L _   0.081 0.075 0.002 0.034 0.038 0.054 0.043 0.673 
 611 A _   0.080 0.073 0.002 0.033 0.035 0.051 0.044 0.682 
 612 R _   0.075 0.068 0.002 0.031 0.032 0.047 0.045 0.700 
 613 G _   0.070 0.061 0.002 0.027 0.027 0.042 0.047 0.724 
 614 M _   0.062 0.052 0.002 0.024 0.022 0.037 0.049 0.752 
 615 E _   0.054 0.041 0.001 0.020 0.017 0.033 0.051 0.783 
 616 Y _   0.045 0.031 0.001 0.016 0.013 0.028 0.053 0.812 
 617 L _   0.037 0.022 0.001 0.013 0.010 0.024 0.054 0.838 
 618 A _   0.030 0.015 0.001 0.010 0.008 0.021 0.056 0.860 
 619 S _   0.025 0.010 0.001 0.008 0.006 0.018 0.057 0.876 
 620 Q _   0.021 0.006 0.001 0.007 0.005 0.016 0.058 0.887 
 621 K _   0.018 0.004 0.000 0.006 0.004 0.015 0.059 0.894 
 622 C _   0.016 0.003 0.000 0.005 0.004 0.014 0.059 0.898 
 623 I _   0.015 0.002 0.000 0.005 0.004 0.014 0.060 0.899 
 624 H _   0.016 0.002 0.000 0.006 0.004 0.014 0.060 0.897 
 625 R _   0.016 0.002 0.001 0.007 0.005 0.015 0.060 0.894 
 626 D _   0.017 0.003 0.001 0.008 0.006 0.016 0.060 0.889 
 627 L _   0.019 0.003 0.001 0.010 0.007 0.017 0.060 0.883 
 628 A _   0.020 0.004 0.001 0.012 0.008 0.018 0.060 0.877 
 629 A _   0.021 0.004 0.001 0.013 0.009 0.019 0.060 0.873 
 630 R _   0.022 0.004 0.001 0.013 0.009 0.020 0.061 0.871 
 631 N _   0.023 0.004 0.001 0.013 0.009 0.020 0.061 0.870 
 632 V _   0.023 0.004 0.001 0.011 0.008 0.020 0.062 0.870 
 633 L _   0.024 0.004 0.001 0.010 0.008 0.020 0.062 0.871 
 634 V _   0.024 0.004 0.001 0.008 0.007 0.020 0.063 0.873 
 635 T _   0.025 0.003 0.001 0.007 0.007 0.021 0.063 0.873 
 636 E _   0.026 0.004 0.001 0.006 0.007 0.022 0.063 0.872 
 637 N _   0.027 0.004 0.001 0.007 0.007 0.023 0.064 0.868 
 638 N _   0.029 0.006 0.001 0.008 0.008 0.025 0.064 0.861 
 639 V _   0.031 0.008 0.001 0.010 0.010 0.027 0.064 0.849 
 640 M _   0.033 0.013 0.001 0.014 0.012 0.028 0.064 0.834 
 641 K _   0.035 0.018 0.001 0.019 0.015 0.030 0.065 0.817 
 642 I _   0.036 0.024 0.001 0.026 0.017 0.030 0.065 0.801 
 643 A _   0.035 0.030 0.001 0.032 0.018 0.030 0.066 0.788 
 644 D _   0.034 0.033 0.001 0.036 0.018 0.029 0.067 0.783 
 645 F _   0.031 0.034 0.001 0.037 0.017 0.027 0.068 0.785 
 646 G _   0.029 0.034 0.001 0.035 0.015 0.024 0.069 0.793 
 647 L _   0.025 0.031 0.001 0.030 0.012 0.021 0.071 0.807 
 648 A _   0.022 0.027 0.001 0.024 0.010 0.018 0.073 0.824 
 649 R _   0.019 0.022 0.001 0.019 0.007 0.015 0.076 0.842 
 650 D _   0.015 0.016 0.001 0.014 0.005 0.013 0.077 0.858 
 651 I _   0.013 0.012 0.000 0.010 0.004 0.011 0.079 0.870 
 652 N _   0.011 0.009 0.000 0.008 0.003 0.009 0.080 0.879 
 653 N _   0.010 0.006 0.000 0.006 0.003 0.008 0.081 0.885 
 654 I _   0.009 0.005 0.000 0.006 0.002 0.007 0.081 0.889 
 655 D _   0.008 0.004 0.000 0.005 0.002 0.007 0.082 0.892 
 656 Y _   0.007 0.004 0.000 0.005 0.002 0.006 0.081 0.894 
 657 Y _   0.007 0.004 0.000 0.005 0.002 0.006 0.081 0.895 
 658 K _   0.006 0.004 0.000 0.005 0.002 0.006 0.079 0.896 
 659 K _   0.006 0.005 0.000 0.005 0.002 0.007 0.078 0.897 
 660 T _   0.006 0.006 0.000 0.006 0.002 0.007 0.076 0.897 
 661 T _   0.006 0.008 0.000 0.006 0.002 0.008 0.074 0.897 
 662 N _   0.006 0.011 0.000 0.007 0.003 0.009 0.071 0.894 
 663 G _   0.006 0.015 0.000 0.009 0.003 0.010 0.068 0.889 
