#TopoPred_TM8: 8-state transmembrane topology prediction results by no_profile mode 
#probabilities are in the order of H E C I L F X _, the 8 transmembrane topology types used in PDBTM 
   1 M _   0.021 0.000 0.002 0.017 0.009 0.010 0.322 0.619 
   2 K _   0.007 0.000 0.000 0.005 0.001 0.004 0.325 0.658 
   3 P _   0.006 0.000 0.000 0.002 0.001 0.003 0.321 0.667 
   4 A _   0.023 0.000 0.000 0.001 0.002 0.005 0.308 0.661 
   5 T _   0.092 0.000 0.001 0.002 0.005 0.010 0.276 0.615 
   6 G _   0.259 0.000 0.002 0.002 0.012 0.017 0.215 0.493 
   7 L H   0.462 0.000 0.002 0.002 0.017 0.022 0.154 0.341 
   8 W H   0.625 0.000 0.002 0.002 0.022 0.023 0.107 0.220 
   9 V H   0.728 0.000 0.002 0.001 0.026 0.022 0.077 0.144 
  10 W H   0.785 0.000 0.002 0.001 0.028 0.020 0.060 0.103 
  11 V H   0.816 0.000 0.002 0.001 0.028 0.018 0.051 0.084 
  12 S H   0.829 0.000 0.001 0.001 0.028 0.016 0.046 0.078 
  13 L H   0.828 0.000 0.001 0.001 0.028 0.014 0.043 0.084 
  14 L H   0.811 0.000 0.002 0.002 0.028 0.014 0.041 0.103 
  15 V H   0.776 0.000 0.002 0.002 0.027 0.013 0.040 0.140 
  16 A H   0.714 0.000 0.002 0.002 0.024 0.013 0.040 0.204 
  17 A H   0.624 0.000 0.002 0.003 0.021 0.012 0.041 0.297 
  18 G H   0.510 0.000 0.002 0.003 0.015 0.011 0.043 0.416 
  19 T _   0.385 0.000 0.001 0.002 0.010 0.010 0.046 0.545 
  20 V _   0.266 0.000 0.001 0.002 0.007 0.009 0.048 0.667 
  21 Q _   0.167 0.000 0.001 0.002 0.004 0.007 0.050 0.769 
  22 P _   0.098 0.000 0.000 0.002 0.003 0.006 0.052 0.839 
  23 S _   0.057 0.000 0.000 0.002 0.002 0.006 0.052 0.880 
  24 D _   0.034 0.000 0.000 0.002 0.002 0.006 0.053 0.903 
  25 S _   0.022 0.001 0.000 0.003 0.002 0.007 0.053 0.913 
  26 Q _   0.016 0.002 0.000 0.004 0.002 0.008 0.052 0.915 
  27 S _   0.013 0.005 0.000 0.007 0.003 0.009 0.051 0.911 
  28 V _   0.011 0.010 0.001 0.011 0.004 0.010 0.050 0.902 
  29 C _   0.010 0.017 0.001 0.015 0.005 0.011 0.049 0.891 
  30 A _   0.009 0.024 0.001 0.019 0.006 0.012 0.048 0.881 
  31 G _   0.009 0.029 0.001 0.021 0.006 0.012 0.046 0.875 
  32 T _   0.008 0.033 0.001 0.022 0.006 0.012 0.045 0.872 
  33 E _   0.008 0.035 0.001 0.021 0.006 0.012 0.045 0.873 
  34 N _   0.007 0.036 0.001 0.019 0.006 0.012 0.044 0.876 
  35 K _   0.007 0.037 0.001 0.016 0.005 0.011 0.043 0.879 
  36 L _   0.007 0.037 0.001 0.014 0.005 0.011 0.043 0.882 
  37 S _   0.007 0.037 0.001 0.013 0.004 0.011 0.043 0.884 
  38 S _   0.007 0.037 0.000 0.012 0.004 0.011 0.042 0.885 
  39 L _   0.008 0.038 0.001 0.013 0.004 0.011 0.042 0.883 
  40 S _   0.008 0.039 0.001 0.014 0.005 0.012 0.041 0.881 
  41 D _   0.008 0.041 0.001 0.015 0.005 0.012 0.041 0.877 
  42 L _   0.009 0.042 0.001 0.017 0.006 0.013 0.041 0.873 
  43 E _   0.009 0.042 0.001 0.018 0.006 0.013 0.040 0.871 
  44 Q _   0.009 0.043 0.001 0.019 0.006 0.013 0.040 0.870 
  45 Q _   0.009 0.042 0.001 0.019 0.006 0.013 0.039 0.871 
  46 Y _   0.009 0.040 0.001 0.018 0.006 0.013 0.039 0.873 
  47 R _   0.009 0.038 0.001 0.016 0.006 0.013 0.039 0.878 
  48 A _   0.009 0.035 0.001 0.014 0.005 0.013 0.039 0.884 
  49 L _   0.009 0.032 0.001 0.012 0.005 0.013 0.039 0.890 
  50 R _   0.009 0.030 0.001 0.010 0.004 0.013 0.039 0.894 
  51 K _   0.010 0.028 0.001 0.008 0.004 0.014 0.039 0.897 
  52 Y _   0.010 0.027 0.000 0.007 0.004 0.015 0.039 0.897 
  53 Y _   0.012 0.027 0.001 0.007 0.005 0.017 0.038 0.893 
  54 E _   0.014 0.030 0.001 0.008 0.006 0.019 0.038 0.884 
  55 N _   0.017 0.034 0.001 0.011 0.008 0.023 0.037 0.869 
  56 C _   0.021 0.042 0.001 0.015 0.011 0.027 0.036 0.846 
  57 E _   0.025 0.054 0.001 0.021 0.016 0.031 0.035 0.817 
  58 V _   0.029 0.068 0.002 0.029 0.020 0.034 0.034 0.784 
  59 V _   0.032 0.082 0.002 0.037 0.024 0.036 0.033 0.753 
  60 M _   0.034 0.093 0.002 0.046 0.027 0.038 0.033 0.729 
  61 G _   0.035 0.100 0.002 0.051 0.028 0.038 0.033 0.715 
  62 N _   0.035 0.102 0.002 0.053 0.027 0.036 0.033 0.712 
  63 L _   0.033 0.100 0.002 0.051 0.025 0.034 0.034 0.721 
  64 E _   0.031 0.093 0.002 0.047 0.022 0.031 0.034 0.739 
  65 I _   0.029 0.081 0.002 0.039 0.018 0.028 0.036 0.768 
  66 T _   0.025 0.064 0.001 0.030 0.014 0.024 0.037 0.804 
  67 S _   0.022 0.044 0.001 0.021 0.010 0.021 0.038 0.842 
  68 I _   0.019 0.027 0.001 0.014 0.007 0.018 0.039 0.875 
  69 E _   0.017 0.013 0.001 0.009 0.005 0.016 0.040 0.899 
  70 H _   0.016 0.006 0.000 0.005 0.003 0.015 0.040 0.914 
  71 N _   0.017 0.002 0.000 0.003 0.003 0.014 0.040 0.920 
  72 R _   0.019 0.001 0.000 0.003 0.003 0.015 0.040 0.919 
  73 D _   0.025 0.000 0.000 0.002 0.003 0.017 0.039 0.912 
  74 L _   0.035 0.000 0.000 0.003 0.004 0.021 0.039 0.899 
  75 S _   0.050 0.000 0.001 0.003 0.006 0.026 0.037 0.877 
  76 F _   0.071 0.000 0.001 0.004 0.009 0.033 0.036 0.845 
  77 L _   0.096 0.001 0.001 0.006 0.014 0.041 0.035 0.807 
  78 R _   0.125 0.002 0.001 0.007 0.021 0.048 0.033 0.762 
  79 S _   0.154 0.003 0.002 0.009 0.029 0.056 0.032 0.716 
  80 V _   0.181 0.004 0.002 0.011 0.037 0.061 0.030 0.673 
  81 R _   0.204 0.006 0.002 0.013 0.043 0.065 0.029 0.636 
  82 E _   0.222 0.009 0.002 0.015 0.049 0.068 0.029 0.606 
  83 V _   0.234 0.011 0.002 0.016 0.052 0.068 0.029 0.587 
  84 T _   0.241 0.013 0.002 0.018 0.054 0.068 0.029 0.576 
  85 G _   0.240 0.014 0.002 0.020 0.053 0.065 0.029 0.577 
  86 Y _   0.233 0.015 0.002 0.021 0.050 0.062 0.030 0.587 
  87 V _   0.219 0.015 0.002 0.022 0.045 0.058 0.031 0.608 
  88 L _   0.199 0.015 0.002 0.022 0.039 0.053 0.032 0.638 
  89 V _   0.175 0.014 0.002 0.021 0.032 0.047 0.034 0.676 
  90 A _   0.148 0.012 0.002 0.019 0.025 0.041 0.036 0.719 
  91 L _   0.119 0.009 0.001 0.016 0.019 0.035 0.037 0.764 
  92 N _   0.093 0.007 0.001 0.013 0.013 0.029 0.039 0.805 
  93 Q _   0.070 0.005 0.001 0.010 0.009 0.024 0.040 0.841 
  94 F _   0.052 0.003 0.001 0.008 0.007 0.020 0.041 0.869 
  95 R _   0.038 0.003 0.001 0.006 0.005 0.017 0.042 0.889 
  96 Y _   0.029 0.002 0.000 0.005 0.004 0.015 0.042 0.902 
  97 L _   0.023 0.002 0.000 0.005 0.004 0.014 0.043 0.909 
  98 P _   0.019 0.002 0.000 0.005 0.004 0.014 0.043 0.912 
  99 L _   0.017 0.003 0.000 0.007 0.004 0.014 0.043 0.911 
 100 E _   0.016 0.005 0.001 0.009 0.005 0.015 0.043 0.907 
 101 N _   0.016 0.007 0.001 0.011 0.006 0.016 0.043 0.901 
 102 L _   0.016 0.009 0.001 0.013 0.007 0.016 0.043 0.895 
 103 R _   0.016 0.010 0.001 0.015 0.007 0.017 0.043 0.890 
 104 I _   0.016 0.012 0.001 0.016 0.008 0.017 0.043 0.887 
 105 I _   0.015 0.013 0.001 0.016 0.007 0.017 0.044 0.887 
 106 R _   0.015 0.013 0.001 0.014 0.007 0.017 0.044 0.889 
 107 G _   0.015 0.013 0.001 0.012 0.006 0.017 0.044 0.893 
 108 T _   0.015 0.012 0.001 0.009 0.005 0.017 0.044 0.896 
 109 K _   0.015 0.013 0.001 0.007 0.005 0.018 0.044 0.897 
 110 L _   0.016 0.013 0.001 0.006 0.005 0.019 0.044 0.895 
 111 Y _   0.018 0.016 0.001 0.007 0.006 0.022 0.043 0.887 
 112 E _   0.021 0.021 0.001 0.009 0.009 0.025 0.043 0.871 
 113 D _   0.025 0.033 0.001 0.014 0.012 0.029 0.042 0.845 
 114 R _   0.028 0.054 0.001 0.022 0.017 0.032 0.041 0.805 
 115 Y _   0.030 0.082 0.002 0.033 0.022 0.034 0.040 0.758 
 116 A _   0.031 0.107 0.002 0.046 0.024 0.035 0.039 0.716 
 117 L _   0.031 0.124 0.002 0.056 0.025 0.034 0.039 0.689 
 118 A _   0.030 0.133 0.002 0.062 0.024 0.032 0.039 0.678 
 119 I _   0.027 0.135 0.002 0.062 0.022 0.029 0.039 0.683 
 120 F _   0.025 0.131 0.002 0.056 0.019 0.026 0.040 0.702 
 121 L _   0.022 0.121 0.001 0.045 0.015 0.022 0.042 0.733 
 122 N _   0.019 0.103 0.001 0.033 0.011 0.018 0.043 0.772 
 123 Y _   0.016 0.080 0.001 0.022 0.008 0.015 0.045 0.815 
 124 R _   0.013 0.059 0.001 0.013 0.005 0.012 0.046 0.851 
 125 K _   0.010 0.046 0.000 0.008 0.003 0.010 0.046 0.876 
 126 D _   0.008 0.039 0.000 0.005 0.002 0.008 0.047 0.890 
 127 G _   0.007 0.036 0.000 0.004 0.002 0.008 0.047 0.896 
 128 N _   0.007 0.036 0.000 0.004 0.002 0.008 0.046 0.896 
 129 F _   0.007 0.039 0.000 0.006 0.003 0.009 0.045 0.891 
 130 G _   0.007 0.046 0.000 0.008 0.003 0.010 0.044 0.880 
 131 L _   0.008 0.057 0.001 0.011 0.004 0.012 0.043 0.864 
 132 Q _   0.008 0.072 0.001 0.015 0.005 0.013 0.041 0.845 
 133 E _   0.008 0.089 0.001 0.018 0.006 0.014 0.039 0.825 
 134 L _   0.008 0.105 0.001 0.020 0.007 0.015 0.037 0.808 
 135 G _   0.008 0.119 0.001 0.022 0.008 0.016 0.035 0.791 
 136 L _   0.009 0.132 0.001 0.023 0.009 0.017 0.033 0.777 
 137 K _   0.010 0.144 0.001 0.023 0.009 0.018 0.031 0.764 
 138 N _   0.010 0.154 0.001 0.024 0.010 0.018 0.030 0.751 
 139 L _   0.011 0.163 0.001 0.025 0.011 0.019 0.029 0.740 
 140 T _   0.012 0.171 0.001 0.027 0.011 0.020 0.028 0.730 
 141 E _   0.013 0.177 0.001 0.028 0.012 0.020 0.028 0.721 
 142 I _   0.014 0.180 0.001 0.029 0.012 0.020 0.027 0.717 
 143 L _   0.015 0.181 0.001 0.029 0.011 0.019 0.027 0.717 
 144 N _   0.015 0.179 0.001 0.027 0.011 0.019 0.027 0.721 
 145 G _   0.015 0.174 0.001 0.024 0.009 0.018 0.027 0.731 
 146 G _   0.014 0.167 0.001 0.021 0.008 0.017 0.028 0.745 
 147 V _   0.013 0.158 0.001 0.016 0.007 0.016 0.028 0.761 
 148 Y _   0.013 0.149 0.001 0.012 0.006 0.015 0.028 0.777 
 149 V _   0.012 0.142 0.001 0.010 0.005 0.015 0.028 0.790 
 150 D _   0.011 0.138 0.000 0.008 0.004 0.015 0.028 0.797 
 151 Q _   0.011 0.137 0.000 0.007 0.004 0.015 0.027 0.798 
 152 N _   0.012 0.141 0.001 0.007 0.005 0.016 0.027 0.791 
 153 K _   0.013 0.152 0.001 0.009 0.006 0.018 0.026 0.775 
 154 F _   0.014 0.172 0.001 0.013 0.009 0.020 0.024 0.747 
 155 L _   0.014 0.206 0.001 0.018 0.011 0.022 0.023 0.705 
 156 C _   0.014 0.250 0.001 0.024 0.014 0.022 0.021 0.654 
 157 Y _   0.013 0.298 0.002 0.029 0.015 0.022 0.019 0.601 
 158 A _   0.013 0.340 0.001 0.033 0.015 0.021 0.018 0.558 
 159 D _   0.012 0.370 0.001 0.036 0.015 0.020 0.017 0.529 
 160 T _   0.011 0.390 0.001 0.037 0.014 0.019 0.016 0.511 
 161 I _   0.011 0.401 0.001 0.037 0.013 0.018 0.016 0.504 
 162 H _   0.010 0.405 0.001 0.035 0.012 0.017 0.015 0.504 
 163 W _   0.010 0.403 0.001 0.032 0.011 0.015 0.015 0.512 
 164 Q _   0.009 0.396 0.001 0.028 0.009 0.014 0.016 0.526 
 165 D _   0.009 0.385 0.001 0.023 0.008 0.013 0.016 0.545 
 166 I _   0.009 0.371 0.001 0.018 0.006 0.012 0.017 0.567 
 167 V _   0.008 0.357 0.001 0.013 0.005 0.011 0.017 0.588 
 168 R _   0.007 0.346 0.001 0.010 0.004 0.011 0.017 0.604 
 169 N _   0.007 0.340 0.000 0.008 0.003 0.010 0.017 0.614 
 170 P _   0.007 0.338 0.000 0.008 0.003 0.010 0.017 0.616 
 171 W _   0.007 0.342 0.000 0.008 0.004 0.011 0.017 0.612 
 172 P _   0.007 0.352 0.001 0.011 0.005 0.011 0.016 0.599 
 173 S _   0.007 0.370 0.001 0.014 0.006 0.012 0.015 0.576 
 174 N _   0.007 0.397 0.001 0.018 0.007 0.012 0.014 0.544 
 175 L _   0.006 0.426 0.001 0.022 0.008 0.012 0.014 0.512 
 176 T _   0.006 0.450 0.001 0.025 0.008 0.011 0.013 0.486 
 177 L _   0.005 0.468 0.001 0.027 0.007 0.010 0.012 0.470 
 178 V E   0.005 0.478 0.001 0.027 0.007 0.009 0.012 0.462 
 179 S E   0.004 0.483 0.001 0.025 0.006 0.009 0.012 0.461 
 180 T E   0.004 0.482 0.001 0.022 0.005 0.008 0.012 0.466 
 181 N E   0.004 0.478 0.001 0.019 0.004 0.007 0.012 0.475 
 182 G _   0.004 0.470 0.000 0.016 0.004 0.007 0.012 0.487 
 183 S _   0.004 0.462 0.000 0.013 0.003 0.006 0.012 0.499 
 184 S _   0.004 0.454 0.000 0.010 0.003 0.006 0.013 0.510 
 185 G _   0.004 0.449 0.000 0.009 0.002 0.006 0.013 0.517 
 186 C _   0.004 0.446 0.000 0.008 0.002 0.006 0.013 0.520 
 187 G _   0.004 0.448 0.000 0.008 0.002 0.007 0.013 0.518 
 188 R _   0.004 0.454 0.000 0.009 0.003 0.007 0.012 0.511 
 189 C _   0.004 0.464 0.000 0.010 0.003 0.008 0.012 0.499 
 190 H _   0.004 0.479 0.000 0.013 0.004 0.008 0.011 0.481 
 191 K E   0.004 0.498 0.001 0.015 0.005 0.008 0.010 0.459 
 192 S E   0.004 0.518 0.001 0.018 0.005 0.008 0.010 0.437 
 193 C E   0.004 0.536 0.001 0.019 0.005 0.008 0.009 0.417 
 194 T E   0.004 0.549 0.001 0.021 0.005 0.008 0.009 0.403 
 195 G E   0.003 0.558 0.001 0.021 0.005 0.008 0.009 0.395 
 196 R E   0.003 0.561 0.001 0.020 0.005 0.008 0.009 0.393 
 197 C E   0.003 0.560 0.001 0.019 0.005 0.008 0.009 0.396 
 198 W E   0.003 0.554 0.001 0.017 0.004 0.008 0.009 0.404 
 199 G E   0.004 0.546 0.000 0.014 0.004 0.008 0.009 0.416 
 200 P E   0.004 0.535 0.000 0.011 0.003 0.008 0.009 0.428 
 201 T E   0.004 0.527 0.000 0.009 0.003 0.009 0.010 0.438 
 202 E E   0.004 0.521 0.000 0.008 0.003 0.010 0.010 0.443 
 203 N E   0.005 0.521 0.000 0.008 0.004 0.011 0.010 0.442 
 204 H E   0.006 0.527 0.000 0.009 0.005 0.012 0.010 0.432 
 205 C E   0.007 0.541 0.001 0.011 0.006 0.014 0.009 0.411 
 206 Q E   0.008 0.566 0.001 0.015 0.008 0.015 0.009 0.378 
 207 T E   0.008 0.598 0.001 0.020 0.010 0.015 0.008 0.340 
 208 L E   0.008 0.628 0.001 0.024 0.011 0.014 0.008 0.306 
 209 T E   0.007 0.650 0.001 0.028 0.010 0.014 0.008 0.282 
 210 R E   0.007 0.663 0.001 0.030 0.010 0.013 0.008 0.270 
 211 T E   0.007 0.667 0.001 0.030 0.010 0.012 0.008 0.267 
 212 V E   0.006 0.664 0.001 0.029 0.009 0.011 0.008 0.271 
 213 C E   0.007 0.653 0.001 0.027 0.009 0.011 0.008 0.285 
 214 A E   0.007 0.632 0.001 0.025 0.008 0.010 0.009 0.308 
 215 E E   0.007 0.600 0.001 0.022 0.008 0.010 0.010 0.342 
 216 Q E   0.008 0.560 0.001 0.019 0.007 0.010 0.011 0.383 
 217 C E   0.008 0.519 0.001 0.016 0.006 0.010 0.013 0.427 
 218 D E   0.008 0.485 0.001 0.013 0.005 0.010 0.014 0.464 
 219 G _   0.007 0.459 0.001 0.011 0.004 0.010 0.015 0.493 
 220 R _   0.007 0.441 0.000 0.010 0.004 0.009 0.016 0.513 
 221 C _   0.006 0.430 0.000 0.009 0.003 0.009 0.017 0.526 
 222 Y _   0.006 0.424 0.000 0.008 0.003 0.008 0.017 0.534 
 223 G _   0.005 0.421 0.000 0.008 0.003 0.008 0.017 0.537 
 224 P _   0.005 0.421 0.000 0.008 0.003 0.008 0.017 0.538 
 225 Y _   0.005 0.423 0.000 0.009 0.003 0.008 0.017 0.536 
 226 V _   0.004 0.429 0.000 0.010 0.003 0.008 0.016 0.529 
 227 S _   0.004 0.438 0.000 0.011 0.003 0.008 0.016 0.519 
 228 D _   0.004 0.451 0.000 0.013 0.004 0.008 0.015 0.505 
 229 C _   0.004 0.467 0.001 0.015 0.004 0.008 0.014 0.486 
 230 C E   0.004 0.486 0.001 0.018 0.005 0.008 0.013 0.466 
 231 H E   0.004 0.504 0.001 0.020 0.005 0.008 0.013 0.446 
 232 R E   0.004 0.519 0.001 0.022 0.005 0.008 0.012 0.430 
 233 E E   0.003 0.529 0.001 0.024 0.005 0.007 0.012 0.419 
 234 C E   0.003 0.534 0.001 0.024 0.005 0.007 0.012 0.415 
 235 A E   0.003 0.534 0.001 0.022 0.004 0.007 0.012 0.417 
 236 G E   0.003 0.530 0.001 0.020 0.004 0.006 0.012 0.425 
 237 G E   0.003 0.521 0.000 0.017 0.004 0.006 0.012 0.437 
 238 C E   0.003 0.509 0.000 0.014 0.003 0.005 0.012 0.453 
 239 S E   0.003 0.496 0.000 0.011 0.003 0.005 0.012 0.470 
 240 G E   0.003 0.485 0.000 0.008 0.002 0.005 0.013 0.484 
 241 P _   0.003 0.478 0.000 0.007 0.002 0.005 0.013 0.492 
 242 K _   0.003 0.477 0.000 0.007 0.002 0.006 0.013 0.494 
 243 D _   0.003 0.480 0.000 0.008 0.002 0.006 0.012 0.489 
 244 T E   0.003 0.490 0.000 0.009 0.003 0.007 0.012 0.476 
 245 D E   0.003 0.508 0.000 0.012 0.003 0.007 0.011 0.455 
 246 C E   0.003 0.531 0.001 0.015 0.004 0.007 0.010 0.429 
 247 F E   0.003 0.555 0.001 0.017 0.004 0.007 0.010 0.402 
 248 A E   0.003 0.575 0.001 0.018 0.004 0.007 0.009 0.382 
 249 C E   0.003 0.590 0.001 0.018 0.004 0.007 0.008 0.369 
 250 M E   0.003 0.598 0.000 0.017 0.004 0.007 0.008 0.363 
 251 N E   0.002 0.603 0.000 0.016 0.004 0.006 0.008 0.360 
 252 F E   0.002 0.605 0.000 0.014 0.004 0.006 0.008 0.361 
 253 N E   0.003 0.604 0.000 0.012 0.003 0.007 0.008 0.362 
 254 D E   0.003 0.604 0.000 0.011 0.003 0.007 0.008 0.364 
 255 S E   0.003 0.604 0.000 0.010 0.003 0.008 0.008 0.363 
 256 G E   0.004 0.605 0.000 0.010 0.004 0.008 0.008 0.361 
 257 A E   0.004 0.608 0.000 0.011 0.004 0.009 0.008 0.356 
 258 C E   0.005 0.613 0.000 0.011 0.005 0.010 0.008 0.349 
 259 V E   0.005 0.618 0.001 0.013 0.005 0.010 0.008 0.340 
 260 T E   0.006 0.623 0.001 0.014 0.006 0.011 0.008 0.333 
 261 Q E   0.006 0.626 0.001 0.015 0.006 0.011 0.008 0.328 
 262 C E   0.006 0.627 0.001 0.016 0.007 0.011 0.008 0.326 
 263 P E   0.006 0.625 0.001 0.016 0.007 0.011 0.008 0.326 
 264 Q E   0.007 0.619 0.001 0.016 0.007 0.011 0.008 0.330 
 265 T E   0.007 0.612 0.001 0.016 0.007 0.012 0.008 0.337 
 266 F E   0.007 0.601 0.001 0.017 0.007 0.012 0.009 0.346 
 267 V E   0.007 0.589 0.001 0.017 0.008 0.012 0.009 0.356 
 268 Y E   0.007 0.576 0.001 0.018 0.008 0.012 0.010 0.368 
 269 N E   0.008 0.560 0.001 0.019 0.008 0.012 0.011 0.382 
 270 P E   0.008 0.542 0.001 0.020 0.008 0.012 0.012 0.399 
 271 T E   0.008 0.519 0.001 0.021 0.008 0.012 0.013 0.419 
 272 T E   0.008 0.491 0.001 0.021 0.008 0.011 0.014 0.446 
 273 F _   0.008 0.458 0.001 0.020 0.007 0.011 0.015 0.479 
 274 Q _   0.008 0.420 0.001 0.018 0.007 0.011 0.017 0.518 
 275 L _   0.008 0.380 0.001 0.016 0.006 0.011 0.018 0.560 
 276 E _   0.007 0.344 0.001 0.013 0.005 0.010 0.019 0.600 
 277 H _   0.007 0.317 0.001 0.011 0.004 0.010 0.020 0.631 
 278 N _   0.006 0.298 0.000 0.009 0.003 0.010 0.021 0.652 
 279 F _   0.006 0.287 0.000 0.008 0.003 0.010 0.022 0.664 
 280 N _   0.006 0.283 0.000 0.007 0.003 0.010 0.022 0.668 
 281 A _   0.006 0.282 0.000 0.008 0.003 0.011 0.022 0.666 
 282 K _   0.007 0.286 0.000 0.010 0.004 0.012 0.022 0.659 
 283 Y _   0.007 0.294 0.001 0.013 0.005 0.012 0.021 0.647 
 284 T _   0.007 0.304 0.001 0.017 0.006 0.013 0.021 0.631 
 285 Y _   0.007 0.315 0.001 0.021 0.007 0.014 0.020 0.615 
 286 G _   0.007 0.324 0.001 0.024 0.008 0.014 0.020 0.602 
 287 A _   0.007 0.331 0.001 0.027 0.008 0.014 0.020 0.593 
 288 F _   0.007 0.333 0.001 0.028 0.008 0.014 0.020 0.590 
 289 C _   0.007 0.332 0.001 0.027 0.008 0.013 0.020 0.592 
 290 V _   0.007 0.328 0.001 0.026 0.008 0.013 0.020 0.598 
 291 K _   0.007 0.320 0.001 0.024 0.008 0.012 0.021 0.608 
 292 K _   0.007 0.309 0.001 0.022 0.007 0.012 0.021 0.621 
 293 C _   0.007 0.297 0.001 0.019 0.007 0.012 0.022 0.636 
 294 P _   0.007 0.285 0.001 0.017 0.006 0.011 0.022 0.651 
 295 H _   0.007 0.273 0.001 0.016 0.006 0.011 0.023 0.663 
 296 N _   0.007 0.263 0.001 0.015 0.005 0.011 0.024 0.674 
 297 F _   0.007 0.254 0.001 0.014 0.005 0.011 0.025 0.683 
 298 V _   0.007 0.247 0.001 0.015 0.005 0.011 0.025 0.689 
 299 V _   0.007 0.241 0.001 0.015 0.005 0.011 0.026 0.693 
 300 D _   0.007 0.235 0.001 0.016 0.005 0.011 0.026 0.697 
 301 S _   0.007 0.230 0.001 0.017 0.006 0.012 0.027 0.701 
 302 S _   0.007 0.224 0.001 0.018 0.006 0.011 0.027 0.705 
 303 S _   0.007 0.217 0.001 0.019 0.006 0.011 0.028 0.710 
 304 C _   0.007 0.209 0.001 0.020 0.006 0.011 0.029 0.718 
 305 V _   0.007 0.199 0.001 0.019 0.006 0.011 0.030 0.727 
 306 R _   0.007 0.187 0.001 0.018 0.006 0.010 0.031 0.740 
 307 A _   0.007 0.174 0.001 0.017 0.005 0.010 0.032 0.754 
 308 C _   0.007 0.161 0.001 0.015 0.005 0.009 0.033 0.770 
 309 P _   0.006 0.147 0.001 0.013 0.004 0.009 0.034 0.786 
 310 S _   0.006 0.135 0.001 0.012 0.004 0.009 0.034 0.800 
 311 S _   0.006 0.125 0.000 0.010 0.003 0.008 0.035 0.812 
 312 K _   0.006 0.118 0.000 0.009 0.003 0.008 0.036 0.819 
 313 M _   0.006 0.113 0.000 0.009 0.003 0.008 0.036 0.824 
 314 E _   0.006 0.111 0.000 0.009 0.003 0.009 0.037 0.826 
 315 V _   0.006 0.110 0.000 0.010 0.003 0.009 0.037 0.825 
 316 E _   0.006 0.111 0.000 0.012 0.004 0.010 0.037 0.821 
 317 E _   0.006 0.112 0.001 0.014 0.004 0.010 0.037 0.816 
 318 N _   0.007 0.115 0.001 0.016 0.005 0.011 0.037 0.810 
 319 G _   0.007 0.117 0.001 0.018 0.006 0.011 0.037 0.804 
 320 I _   0.007 0.118 0.001 0.020 0.006 0.012 0.037 0.799 
 321 K _   0.008 0.119 0.001 0.021 0.006 0.012 0.037 0.796 
 322 M _   0.008 0.118 0.001 0.021 0.006 0.012 0.038 0.797 
 323 C _   0.008 0.115 0.001 0.020 0.006 0.012 0.038 0.801 
 324 K _   0.007 0.110 0.001 0.018 0.006 0.011 0.039 0.808 
 325 P _   0.007 0.105 0.001 0.016 0.005 0.011 0.040 0.816 
 326 C _   0.007 0.099 0.001 0.013 0.004 0.010 0.040 0.826 
 327 T _   0.007 0.094 0.000 0.011 0.004 0.010 0.041 0.833 
 328 D _   0.006 0.091 0.000 0.009 0.003 0.010 0.041 0.839 
 329 I _   0.007 0.089 0.000 0.008 0.003 0.010 0.042 0.841 
 330 C _   0.007 0.090 0.000 0.007 0.003 0.011 0.042 0.839 
 331 P _   0.008 0.093 0.000 0.008 0.004 0.013 0.041 0.833 
 332 K _   0.009 0.100 0.001 0.009 0.005 0.015 0.041 0.821 
 333 A _   0.010 0.112 0.001 0.012 0.006 0.017 0.040 0.801 
 334 C _   0.012 0.132 0.001 0.016 0.009 0.020 0.039 0.772 
 335 D _   0.013 0.160 0.001 0.021 0.012 0.023 0.038 0.731 
 336 G _   0.015 0.195 0.001 0.028 0.015 0.026 0.037 0.683 
 337 I _   0.016 0.232 0.002 0.036 0.018 0.028 0.035 0.633 
 338 G _   0.016 0.266 0.002 0.043 0.021 0.029 0.034 0.589 
 339 T _   0.016 0.291 0.002 0.051 0.023 0.029 0.033 0.555 
 340 G _   0.016 0.307 0.002 0.058 0.024 0.029 0.033 0.532 
 341 S _   0.016 0.314 0.002 0.062 0.023 0.028 0.033 0.521 
 342 L _   0.016 0.314 0.002 0.063 0.023 0.026 0.034 0.522 
 343 M _   0.015 0.307 0.002 0.061 0.021 0.024 0.036 0.534 
 344 S _   0.015 0.290 0.002 0.056 0.018 0.022 0.038 0.559 
 345 A _   0.014 0.259 0.002 0.049 0.016 0.020 0.040 0.599 
 346 Q _   0.013 0.213 0.002 0.040 0.013 0.018 0.044 0.657 
 347 T _   0.013 0.155 0.001 0.030 0.011 0.016 0.047 0.727 
 348 V _   0.011 0.100 0.001 0.021 0.008 0.014 0.051 0.795 
 349 D _   0.010 0.056 0.001 0.014 0.005 0.012 0.054 0.848 
 350 S _   0.008 0.029 0.001 0.009 0.004 0.010 0.056 0.883 
 351 S _   0.007 0.015 0.000 0.006 0.003 0.009 0.057 0.902 
 352 N _   0.006 0.008 0.000 0.005 0.002 0.009 0.058 0.911 
 353 I _   0.006 0.005 0.000 0.005 0.002 0.010 0.058 0.913 
 354 D _   0.007 0.004 0.000 0.005 0.002 0.011 0.059 0.912 
 355 K _   0.009 0.003 0.000 0.006 0.003 0.013 0.058 0.908 
 356 F _   0.012 0.003 0.000 0.007 0.004 0.016 0.058 0.902 
 357 I _   0.016 0.002 0.001 0.007 0.004 0.019 0.057 0.893 
 358 N _   0.021 0.002 0.001 0.008 0.006 0.023 0.056 0.883 
 359 C _   0.031 0.002 0.001 0.008 0.007 0.028 0.055 0.868 
 360 T _   0.044 0.002 0.001 0.007 0.010 0.035 0.054 0.847 
 361 K _   0.062 0.002 0.001 0.007 0.014 0.042 0.053 0.819 
 362 I _   0.085 0.003 0.001 0.007 0.020 0.051 0.051 0.781 
 363 N _   0.111 0.005 0.002 0.008 0.030 0.060 0.050 0.734 
 364 G _   0.138 0.010 0.002 0.010 0.042 0.068 0.048 0.681 
 365 N _   0.162 0.018 0.003 0.015 0.055 0.075 0.047 0.624 
 366 L _   0.181 0.031 0.003 0.023 0.065 0.078 0.047 0.572 
 367 I _   0.191 0.044 0.003 0.032 0.071 0.078 0.048 0.533 
 368 F _   0.192 0.054 0.003 0.041 0.072 0.075 0.049 0.514 
 369 L _   0.185 0.059 0.003 0.048 0.069 0.070 0.051 0.516 
 370 V _   0.172 0.060 0.003 0.050 0.062 0.063 0.053 0.537 
 371 T _   0.153 0.057 0.003 0.046 0.052 0.055 0.056 0.578 
 372 G _   0.129 0.049 0.003 0.039 0.040 0.046 0.060 0.634 
 373 I _   0.103 0.038 0.002 0.029 0.028 0.037 0.063 0.699 
 374 H _   0.078 0.025 0.002 0.020 0.018 0.029 0.067 0.762 
 375 G _   0.056 0.014 0.001 0.013 0.010 0.023 0.070 0.814 
 376 D _   0.039 0.007 0.001 0.008 0.006 0.017 0.072 0.849 
 377 P _   0.027 0.004 0.000 0.006 0.004 0.013 0.073 0.873 
 378 Y _   0.018 0.002 0.000 0.004 0.003 0.011 0.074 0.887 
 379 N _   0.013 0.001 0.000 0.004 0.002 0.009 0.075 0.895 
 380 A _   0.010 0.001 0.000 0.004 0.002 0.009 0.075 0.899 
 381 I _   0.009 0.001 0.000 0.004 0.002 0.009 0.074 0.901 
 382 E _   0.008 0.001 0.000 0.005 0.002 0.009 0.074 0.902 
 383 A _   0.007 0.001 0.000 0.005 0.002 0.010 0.073 0.901 
 384 I _   0.008 0.002 0.000 0.005 0.002 0.011 0.071 0.900 
 385 D _   0.009 0.002 0.000 0.005 0.003 0.013 0.070 0.898 
 386 P _   0.010 0.003 0.000 0.006 0.003 0.016 0.068 0.893 
 387 E _   0.014 0.005 0.000 0.006 0.005 0.020 0.066 0.885 
 388 K _   0.019 0.008 0.001 0.007 0.007 0.025 0.063 0.871 
 389 L _   0.025 0.012 0.001 0.009 0.010 0.032 0.060 0.850 
 390 N _   0.034 0.021 0.001 0.012 0.015 0.040 0.057 0.820 
 391 V _   0.044 0.034 0.002 0.016 0.022 0.048 0.054 0.781 
 392 F _   0.054 0.053 0.002 0.021 0.030 0.056 0.050 0.734 
 393 R _   0.063 0.076 0.002 0.028 0.038 0.061 0.047 0.685 
 394 T _   0.070 0.099 0.002 0.034 0.045 0.065 0.044 0.642 
 395 V _   0.075 0.118 0.003 0.039 0.049 0.066 0.042 0.608 
 396 R _   0.078 0.132 0.003 0.044 0.051 0.065 0.040 0.587 
 397 E _   0.077 0.141 0.002 0.048 0.051 0.063 0.039 0.578 
 398 I _   0.076 0.145 0.002 0.050 0.048 0.060 0.038 0.581 
 399 T _   0.072 0.145 0.002 0.049 0.044 0.055 0.038 0.593 
 400 G _   0.067 0.141 0.002 0.047 0.039 0.050 0.038 0.615 
 401 F _   0.061 0.131 0.002 0.043 0.033 0.045 0.039 0.646 
 402 L _   0.053 0.116 0.002 0.038 0.027 0.039 0.040 0.685 
 403 N _   0.046 0.096 0.002 0.032 0.021 0.034 0.041 0.730 
 404 I _   0.038 0.074 0.001 0.025 0.015 0.029 0.042 0.776 
 405 Q _   0.031 0.050 0.001 0.019 0.011 0.024 0.043 0.822 
 406 S _   0.025 0.030 0.001 0.013 0.008 0.020 0.043 0.861 
 407 W _   0.020 0.016 0.001 0.009 0.005 0.017 0.044 0.889 
 408 P _   0.017 0.008 0.000 0.006 0.004 0.015 0.043 0.908 
 409 P _   0.016 0.003 0.000 0.004 0.003 0.013 0.043 0.917 
 410 N _   0.016 0.001 0.000 0.003 0.002 0.013 0.042 0.921 
 411 M _   0.020 0.001 0.000 0.003 0.003 0.015 0.041 0.918 
 412 T _   0.027 0.000 0.000 0.003 0.003 0.017 0.040 0.909 
 413 D _   0.039 0.000 0.001 0.003 0.005 0.021 0.038 0.893 
 414 F _   0.058 0.000 0.001 0.004 0.007 0.027 0.036 0.867 
 415 S _   0.083 0.000 0.001 0.005 0.011 0.034 0.034 0.831 
 416 V _   0.116 0.001 0.001 0.007 0.017 0.043 0.031 0.784 
 417 F _   0.155 0.001 0.002 0.009 0.025 0.051 0.028 0.729 
 418 S _   0.198 0.001 0.002 0.011 0.034 0.058 0.026 0.670 
 419 N _   0.241 0.002 0.002 0.012 0.042 0.064 0.023 0.614 
 420 L _   0.280 0.002 0.002 0.013 0.047 0.067 0.021 0.567 
 421 V _   0.313 0.002 0.002 0.013 0.051 0.069 0.020 0.531 
 422 T _   0.340 0.002 0.002 0.012 0.052 0.068 0.019 0.504 
 423 I _   0.361 0.002 0.002 0.010 0.052 0.067 0.018 0.488 
 424 G _   0.379 0.001 0.002 0.008 0.050 0.065 0.017 0.478 
 425 G _   0.389 0.001 0.002 0.006 0.046 0.062 0.017 0.477 
 426 R _   0.393 0.001 0.002 0.005 0.041 0.059 0.017 0.482 
 427 V _   0.390 0.000 0.002 0.004 0.038 0.057 0.017 0.492 
 428 L _   0.383 0.000 0.002 0.004 0.035 0.054 0.017 0.505 
 429 Y _   0.369 0.000 0.002 0.004 0.033 0.052 0.018 0.522 
 430 S _   0.352 0.000 0.002 0.005 0.031 0.050 0.018 0.542 
 431 G _   0.330 0.001 0.002 0.006 0.030 0.048 0.020 0.564 
 432 L _   0.306 0.001 0.002 0.008 0.028 0.046 0.021 0.589 
 433 S _   0.278 0.001 0.002 0.010 0.026 0.043 0.022 0.617 
 434 L _   0.247 0.002 0.002 0.011 0.024 0.041 0.024 0.649 
 435 L _   0.216 0.002 0.002 0.012 0.022 0.038 0.026 0.684 
 436 I _   0.184 0.002 0.001 0.011 0.019 0.035 0.027 0.720 
 437 L _   0.153 0.002 0.001 0.011 0.016 0.032 0.029 0.756 
 438 K _   0.124 0.002 0.001 0.010 0.013 0.029 0.031 0.790 
 439 Q _   0.099 0.002 0.001 0.009 0.011 0.026 0.032 0.821 
 440 Q _   0.077 0.002 0.001 0.008 0.009 0.023 0.034 0.846 
 441 G _   0.060 0.002 0.001 0.008 0.008 0.021 0.035 0.865 
 442 I _   0.047 0.002 0.001 0.009 0.007 0.019 0.036 0.879 
 443 T _   0.037 0.003 0.001 0.009 0.006 0.018 0.037 0.889 
 444 S _   0.030 0.003 0.001 0.009 0.006 0.017 0.038 0.897 
 445 L _   0.024 0.004 0.001 0.010 0.006 0.016 0.039 0.902 
 446 Q _   0.019 0.004 0.001 0.010 0.005 0.015 0.039 0.907 
 447 F _   0.016 0.005 0.001 0.010 0.005 0.014 0.040 0.910 
 448 Q _   0.014 0.006 0.001 0.009 0.005 0.014 0.040 0.912 
 449 S _   0.012 0.007 0.001 0.010 0.005 0.014 0.040 0.912 
 450 L _   0.012 0.008 0.001 0.011 0.005 0.014 0.040 0.909 
 451 K _   0.012 0.010 0.001 0.013 0.006 0.014 0.040 0.904 
 452 E _   0.012 0.012 0.001 0.016 0.007 0.015 0.041 0.897 
 453 I _   0.012 0.015 0.001 0.020 0.008 0.016 0.041 0.888 
 454 S _   0.012 0.018 0.001 0.024 0.009 0.016 0.041 0.879 
 455 A _   0.012 0.019 0.001 0.027 0.010 0.016 0.042 0.872 
 456 G _   0.012 0.020 0.001 0.029 0.010 0.016 0.043 0.870 
 457 N _   0.012 0.020 0.001 0.028 0.009 0.015 0.044 0.872 
 458 I _   0.011 0.018 0.001 0.025 0.008 0.014 0.045 0.879 
 459 Y _   0.010 0.015 0.001 0.020 0.006 0.013 0.046 0.889 
 460 I _   0.009 0.011 0.001 0.014 0.005 0.011 0.047 0.901 
 461 T _   0.008 0.008 0.000 0.010 0.004 0.010 0.048 0.912 
 462 D _   0.008 0.005 0.000 0.006 0.003 0.010 0.049 0.919 
 463 N _   0.008 0.003 0.000 0.004 0.002 0.010 0.049 0.923 
 464 S _   0.008 0.003 0.000 0.003 0.002 0.012 0.049 0.922 
 465 N _   0.011 0.003 0.000 0.003 0.003 0.015 0.049 0.917 
 466 L _   0.015 0.004 0.000 0.004 0.004 0.019 0.048 0.905 
 467 C _   0.021 0.009 0.001 0.006 0.007 0.025 0.048 0.884 
 468 Y _   0.028 0.019 0.001 0.010 0.012 0.034 0.046 0.850 
 469 Y _   0.036 0.040 0.002 0.015 0.019 0.042 0.045 0.801 
 470 H _   0.044 0.073 0.002 0.022 0.028 0.050 0.043 0.739 
 471 T _   0.051 0.111 0.002 0.029 0.036 0.056 0.041 0.675 
 472 I _   0.057 0.147 0.003 0.034 0.042 0.060 0.039 0.619 
 473 N _   0.061 0.176 0.003 0.038 0.047 0.062 0.038 0.575 
 474 W _   0.065 0.196 0.002 0.040 0.050 0.063 0.038 0.547 
 475 T _   0.068 0.209 0.002 0.040 0.050 0.062 0.037 0.531 
 476 T _   0.069 0.218 0.002 0.040 0.049 0.060 0.038 0.525 
 477 L _   0.068 0.221 0.002 0.039 0.046 0.057 0.039 0.528 
 478 F _   0.065 0.222 0.002 0.039 0.042 0.053 0.040 0.538 
 479 S _   0.061 0.219 0.002 0.038 0.037 0.049 0.041 0.554 
 480 T _   0.056 0.213 0.002 0.037 0.032 0.044 0.043 0.574 
 481 I _   0.051 0.204 0.002 0.036 0.027 0.039 0.045 0.597 
 482 N _   0.045 0.191 0.002 0.035 0.022 0.035 0.047 0.624 
 483 Q _   0.039 0.174 0.002 0.032 0.018 0.030 0.050 0.655 
 484 R _   0.033 0.152 0.001 0.029 0.014 0.026 0.053 0.691 
 485 I _   0.027 0.127 0.001 0.025 0.011 0.022 0.056 0.731 
 486 V _   0.022 0.100 0.001 0.020 0.008 0.018 0.059 0.773 
 487 I _   0.017 0.075 0.001 0.014 0.006 0.015 0.061 0.811 
 488 R _   0.013 0.056 0.001 0.010 0.004 0.012 0.063 0.842 
 489 D _   0.010 0.044 0.000 0.006 0.003 0.010 0.064 0.863 
 490 N _   0.008 0.038 0.000 0.004 0.002 0.009 0.064 0.875 
 491 R _   0.007 0.036 0.000 0.003 0.002 0.009 0.063 0.880 
 492 K _   0.007 0.036 0.000 0.004 0.002 0.010 0.063 0.878 
 493 A _   0.008 0.042 0.000 0.005 0.003 0.012 0.061 0.868 
 494 E _   0.011 0.058 0.001 0.009 0.006 0.016 0.059 0.841 
 495 N _   0.013 0.099 0.001 0.017 0.010 0.021 0.055 0.784 
 496 C _   0.015 0.179 0.002 0.028 0.016 0.024 0.049 0.687 
 497 T _   0.014 0.294 0.002 0.040 0.020 0.025 0.043 0.561 
 498 A _   0.012 0.407 0.002 0.049 0.021 0.024 0.038 0.447 
 499 E E   0.010 0.487 0.002 0.055 0.019 0.022 0.034 0.371 
 500 G E   0.009 0.533 0.001 0.057 0.017 0.020 0.032 0.331 
 501 M E   0.008 0.557 0.001 0.057 0.015 0.018 0.031 0.313 
 502 V E   0.007 0.566 0.001 0.055 0.014 0.017 0.030 0.309 
 503 C E   0.007 0.566 0.001 0.052 0.013 0.015 0.030 0.315 
 504 N E   0.007 0.558 0.001 0.047 0.012 0.014 0.031 0.330 
 505 H E   0.007 0.540 0.001 0.042 0.011 0.013 0.032 0.355 
 506 L E   0.007 0.511 0.001 0.036 0.010 0.012 0.033 0.389 
 507 C E   0.008 0.471 0.001 0.031 0.009 0.012 0.036 0.434 
 508 S _   0.008 0.426 0.001 0.025 0.007 0.011 0.038 0.483 
 509 S _   0.008 0.383 0.001 0.021 0.006 0.011 0.041 0.530 
 510 D _   0.008 0.343 0.001 0.017 0.005 0.010 0.043 0.573 
 511 G _   0.007 0.311 0.001 0.014 0.004 0.009 0.045 0.609 
 512 C _   0.006 0.286 0.000 0.011 0.003 0.009 0.047 0.637 
 513 W _   0.006 0.269 0.000 0.009 0.003 0.008 0.048 0.657 
 514 G _   0.005 0.258 0.000 0.007 0.002 0.008 0.049 0.670 
 515 P _   0.005 0.252 0.000 0.007 0.002 0.008 0.049 0.677 
 516 G _   0.004 0.250 0.000 0.007 0.002 0.008 0.049 0.678 
 517 P _   0.005 0.253 0.000 0.007 0.002 0.009 0.049 0.675 
 518 D _   0.005 0.260 0.000 0.009 0.003 0.010 0.048 0.665 
 519 Q _   0.006 0.272 0.000 0.011 0.004 0.012 0.047 0.648 
 520 C _   0.006 0.293 0.001 0.014 0.005 0.014 0.045 0.622 
 521 L _   0.007 0.322 0.001 0.017 0.007 0.015 0.043 0.588 
 522 S _   0.007 0.356 0.001 0.021 0.008 0.017 0.041 0.549 
 523 C _   0.007 0.393 0.001 0.024 0.010 0.017 0.039 0.509 
 524 R _   0.007 0.430 0.001 0.027 0.011 0.018 0.037 0.469 
 525 R E   0.007 0.462 0.001 0.030 0.012 0.018 0.035 0.434 
 526 F E   0.007 0.487 0.001 0.032 0.013 0.018 0.034 0.408 
 527 S E   0.008 0.506 0.001 0.033 0.013 0.018 0.033 0.388 
 528 R E   0.008 0.518 0.001 0.035 0.013 0.018 0.033 0.374 
 529 G E   0.008 0.524 0.001 0.036 0.013 0.017 0.033 0.367 
 530 R E   0.009 0.525 0.001 0.036 0.013 0.017 0.033 0.366 
 531 I E   0.009 0.520 0.001 0.035 0.013 0.016 0.034 0.372 
 532 C E   0.009 0.509 0.001 0.033 0.012 0.015 0.035 0.384 
 533 I E   0.010 0.490 0.001 0.031 0.011 0.015 0.037 0.404 
 534 E E   0.010 0.462 0.001 0.028 0.011 0.014 0.039 0.434 
 535 S _   0.010 0.425 0.001 0.025 0.010 0.014 0.042 0.472 
 536 C _   0.010 0.383 0.001 0.022 0.009 0.013 0.046 0.516 
 537 N _   0.010 0.341 0.001 0.018 0.008 0.013 0.049 0.560 
 538 L _   0.009 0.305 0.001 0.015 0.006 0.012 0.052 0.599 
 539 Y _   0.008 0.276 0.001 0.013 0.005 0.012 0.055 0.630 
 540 D _   0.008 0.257 0.001 0.011 0.004 0.011 0.057 0.652 
 541 G _   0.007 0.244 0.000 0.010 0.004 0.011 0.059 0.665 
 542 E _   0.007 0.237 0.000 0.009 0.004 0.011 0.060 0.672 
 543 F _   0.007 0.233 0.000 0.009 0.004 0.011 0.061 0.676 
 544 R _   0.007 0.232 0.000 0.010 0.004 0.011 0.062 0.674 
 545 E _   0.007 0.233 0.001 0.012 0.004 0.011 0.063 0.670 
 546 F _   0.007 0.235 0.001 0.014 0.005 0.012 0.064 0.663 
 547 E _   0.007 0.238 0.001 0.017 0.006 0.012 0.065 0.655 
 548 N _   0.007 0.241 0.001 0.020 0.006 0.012 0.066 0.646 
 549 G _   0.007 0.244 0.001 0.023 0.007 0.013 0.067 0.638 
 550 S _   0.008 0.244 0.001 0.026 0.007 0.013 0.069 0.633 
 551 I _   0.008 0.242 0.001 0.027 0.008 0.012 0.071 0.631 
 552 C _   0.008 0.237 0.001 0.027 0.007 0.012 0.073 0.635 
 553 V _   0.008 0.227 0.001 0.025 0.007 0.011 0.077 0.644 
 554 E _   0.007 0.213 0.001 0.022 0.006 0.011 0.080 0.659 
 555 C _   0.007 0.196 0.001 0.018 0.005 0.010 0.084 0.679 
 556 D _   0.007 0.178 0.001 0.014 0.004 0.009 0.087 0.700 
 557 P _   0.006 0.162 0.001 0.011 0.004 0.009 0.091 0.717 
 558 Q _   0.006 0.151 0.000 0.009 0.003 0.009 0.093 0.729 
 559 C _   0.005 0.144 0.000 0.008 0.003 0.009 0.096 0.735 
 560 E _   0.005 0.142 0.000 0.008 0.003 0.009 0.097 0.735 
 561 K _   0.005 0.143 0.000 0.010 0.003 0.010 0.099 0.730 
 562 M _   0.006 0.147 0.000 0.014 0.004 0.010 0.100 0.719 
 563 E _   0.006 0.153 0.001 0.019 0.005 0.011 0.101 0.704 
 564 D _   0.006 0.160 0.001 0.025 0.006 0.012 0.102 0.687 
 565 G _   0.006 0.166 0.001 0.032 0.007 0.012 0.104 0.672 
 566 L _   0.006 0.170 0.001 0.036 0.008 0.012 0.106 0.661 
 567 L _   0.006 0.169 0.001 0.038 0.008 0.012 0.109 0.657 
 568 T _   0.006 0.164 0.001 0.037 0.008 0.012 0.112 0.660 
 569 C _   0.006 0.155 0.001 0.035 0.007 0.011 0.117 0.669 
 570 H _   0.006 0.140 0.001 0.030 0.006 0.010 0.123 0.684 
 571 G _   0.006 0.121 0.001 0.025 0.005 0.009 0.129 0.704 
 572 P _   0.006 0.101 0.001 0.020 0.004 0.009 0.136 0.724 
 573 G _   0.006 0.083 0.001 0.015 0.004 0.008 0.142 0.741 
 574 P _   0.005 0.069 0.000 0.012 0.003 0.008 0.148 0.755 
 575 D _   0.005 0.059 0.000 0.010 0.002 0.007 0.152 0.763 
 576 N _   0.005 0.052 0.000 0.009 0.002 0.007 0.156 0.768 
 577 C _   0.005 0.048 0.000 0.009 0.002 0.007 0.159 0.770 
 578 T _   0.005 0.045 0.000 0.009 0.002 0.007 0.161 0.770 
 579 K _   0.004 0.043 0.000 0.010 0.002 0.007 0.163 0.770 
 580 C _   0.004 0.042 0.000 0.011 0.002 0.007 0.165 0.770 
 581 S _   0.004 0.041 0.000 0.011 0.002 0.007 0.166 0.769 
 582 H _   0.004 0.040 0.000 0.011 0.002 0.006 0.166 0.769 
 583 F _   0.004 0.040 0.000 0.011 0.002 0.006 0.167 0.770 
 584 K _   0.004 0.039 0.000 0.011 0.002 0.006 0.167 0.771 
 585 D _   0.003 0.039 0.000 0.010 0.002 0.006 0.167 0.771 
 586 G _   0.003 0.039 0.000 0.010 0.002 0.006 0.167 0.772 
 587 P _   0.003 0.040 0.000 0.009 0.002 0.006 0.167 0.772 
 588 N _   0.003 0.041 0.000 0.009 0.002 0.006 0.167 0.771 
 589 C _   0.003 0.043 0.000 0.009 0.002 0.006 0.166 0.770 
 590 V _   0.003 0.045 0.000 0.009 0.002 0.006 0.165 0.768 
 591 E _   0.004 0.049 0.000 0.009 0.002 0.007 0.164 0.766 
 592 K _   0.004 0.053 0.000 0.010 0.002 0.007 0.162 0.762 
 593 C _   0.004 0.059 0.000 0.010 0.002 0.008 0.160 0.757 
 594 P _   0.004 0.068 0.000 0.012 0.003 0.009 0.157 0.748 
 595 D _   0.004 0.080 0.000 0.014 0.004 0.010 0.153 0.735 
 596 G _   0.005 0.096 0.001 0.018 0.005 0.011 0.149 0.716 
 597 L _   0.005 0.116 0.001 0.023 0.006 0.013 0.145 0.691 
 598 Q _   0.006 0.140 0.001 0.030 0.008 0.015 0.140 0.660 
 599 G _   0.006 0.165 0.001 0.039 0.009 0.016 0.136 0.627 
 600 A _   0.007 0.186 0.001 0.048 0.011 0.017 0.133 0.598 
 601 N _   0.007 0.201 0.001 0.055 0.012 0.017 0.130 0.577 
 602 S _   0.007 0.208 0.001 0.059 0.012 0.017 0.129 0.565 
 603 F _   0.008 0.211 0.001 0.061 0.012 0.017 0.129 0.562 
 604 I _   0.008 0.207 0.001 0.058 0.011 0.016 0.130 0.569 
 605 F _   0.008 0.196 0.001 0.052 0.010 0.015 0.132 0.585 
 606 K _   0.008 0.177 0.001 0.044 0.009 0.014 0.135 0.612 
 607 Y _   0.008 0.148 0.001 0.035 0.008 0.012 0.139 0.649 
 608 A _   0.008 0.113 0.001 0.026 0.006 0.011 0.143 0.692 
 609 D _   0.008 0.079 0.001 0.018 0.005 0.010 0.147 0.733 
 610 P _   0.007 0.053 0.001 0.013 0.003 0.009 0.150 0.765 
 611 D _   0.007 0.036 0.000 0.009 0.003 0.008 0.152 0.786 
 612 R _   0.006 0.026 0.000 0.007 0.002 0.007 0.153 0.799 
 613 E _   0.006 0.020 0.000 0.006 0.002 0.006 0.153 0.807 
 614 C _   0.005 0.017 0.000 0.005 0.002 0.006 0.153 0.811 
 615 H _   0.005 0.016 0.000 0.006 0.002 0.006 0.151 0.814 
 616 P _   0.005 0.016 0.000 0.007 0.002 0.007 0.149 0.815 
 617 C _   0.004 0.016 0.000 0.009 0.002 0.007 0.147 0.815 
 618 H _   0.004 0.017 0.000 0.011 0.003 0.007 0.143 0.814 
 619 P _   0.004 0.018 0.000 0.013 0.003 0.008 0.140 0.813 
 620 N _   0.005 0.019 0.000 0.015 0.003 0.008 0.137 0.813 
 621 C _   0.005 0.020 0.000 0.016 0.003 0.008 0.133 0.815 
 622 T _   0.004 0.020 0.000 0.016 0.003 0.008 0.130 0.819 
 623 Q _   0.004 0.021 0.000 0.015 0.003 0.008 0.126 0.823 
 624 G _   0.004 0.020 0.000 0.013 0.003 0.007 0.123 0.829 
 625 C _   0.004 0.020 0.000 0.012 0.003 0.007 0.119 0.835 
 626 N _   0.004 0.020 0.000 0.010 0.002 0.007 0.115 0.841 
 627 G _   0.004 0.020 0.000 0.009 0.002 0.007 0.111 0.845 
 628 P _   0.004 0.021 0.000 0.009 0.003 0.008 0.107 0.848 
 629 T _   0.004 0.023 0.000 0.011 0.003 0.009 0.102 0.848 
 630 S _   0.005 0.026 0.000 0.013 0.004 0.010 0.098 0.844 
 631 H _   0.005 0.031 0.001 0.017 0.005 0.012 0.092 0.837 
 632 D _   0.006 0.037 0.001 0.023 0.006 0.013 0.087 0.827 
 633 C _   0.007 0.042 0.001 0.030 0.008 0.015 0.082 0.816 
 634 I _   0.007 0.047 0.001 0.036 0.009 0.016 0.077 0.807 
 635 Y _   0.008 0.050 0.001 0.040 0.010 0.016 0.073 0.803 
 636 Y _   0.008 0.050 0.001 0.041 0.010 0.016 0.069 0.805 
 637 P _   0.008 0.049 0.001 0.040 0.009 0.015 0.066 0.812 
 638 W _   0.008 0.045 0.001 0.035 0.009 0.014 0.064 0.826 
 639 T _   0.008 0.038 0.001 0.029 0.007 0.013 0.062 0.844 
 640 G _   0.008 0.029 0.001 0.022 0.006 0.011 0.060 0.864 
 641 H _   0.008 0.019 0.001 0.015 0.005 0.010 0.058 0.884 
 642 S _   0.009 0.011 0.000 0.010 0.004 0.009 0.056 0.901 
 643 T _   0.011 0.005 0.000 0.006 0.003 0.008 0.054 0.913 
 644 L _   0.014 0.002 0.000 0.004 0.002 0.007 0.051 0.918 
 645 P _   0.022 0.001 0.000 0.003 0.002 0.007 0.048 0.916 
 646 Q _   0.036 0.000 0.000 0.002 0.003 0.008 0.044 0.906 
 647 H _   0.062 0.000 0.000 0.002 0.003 0.008 0.040 0.884 
 648 A _   0.105 0.000 0.001 0.002 0.004 0.009 0.035 0.844 
 649 R _   0.167 0.000 0.001 0.002 0.005 0.010 0.029 0.786 
 650 T _   0.248 0.000 0.001 0.001 0.007 0.011 0.023 0.710 
 651 P _   0.344 0.000 0.001 0.001 0.007 0.011 0.018 0.618 
 652 L _   0.444 0.000 0.001 0.001 0.008 0.010 0.014 0.522 
 653 I H   0.547 0.000 0.001 0.001 0.008 0.009 0.010 0.424 
 654 A H   0.644 0.000 0.001 0.001 0.008 0.008 0.008 0.331 
 655 A H   0.731 0.000 0.001 0.000 0.007 0.007 0.006 0.248 
 656 G H   0.805 0.000 0.001 0.000 0.007 0.005 0.004 0.178 
 657 V H   0.863 0.000 0.001 0.000 0.006 0.004 0.003 0.123 
 658 I H   0.903 0.000 0.001 0.000 0.006 0.003 0.002 0.084 
 659 G H   0.931 0.000 0.001 0.000 0.006 0.003 0.002 0.057 
 660 G H   0.949 0.000 0.001 0.000 0.006 0.003 0.001 0.040 
 661 L H   0.959 0.000 0.001 0.000 0.006 0.002 0.001 0.031 
 662 F H   0.964 0.000 0.001 0.000 0.006 0.002 0.001 0.026 
 663 I H   0.964 0.000 0.001 0.000 0.006 0.002 0.001 0.026 
