#TopoPred_TM8: 8-state transmembrane topology prediction results by no_profile mode 
#probabilities are in the order of H E C I L F X _, the 8 transmembrane topology types used in PDBTM 
   1 M X   0.018 0.002 0.003 0.059 0.013 0.020 0.715 0.171 
   2 G X   0.011 0.001 0.000 0.047 0.004 0.016 0.734 0.187 
   3 M X   0.008 0.001 0.000 0.039 0.002 0.015 0.738 0.196 
   4 A X   0.009 0.002 0.000 0.035 0.003 0.017 0.735 0.199 
   5 C X   0.012 0.004 0.000 0.033 0.004 0.019 0.726 0.202 
   6 L X   0.014 0.005 0.001 0.032 0.006 0.020 0.713 0.208 
   7 T X   0.016 0.006 0.001 0.031 0.007 0.021 0.701 0.217 
   8 M X   0.017 0.007 0.001 0.028 0.008 0.020 0.690 0.229 
   9 T X   0.017 0.008 0.001 0.025 0.008 0.018 0.679 0.245 
  10 E X   0.015 0.008 0.001 0.022 0.007 0.016 0.668 0.263 
  11 M X   0.012 0.008 0.001 0.018 0.006 0.013 0.658 0.283 
  12 E X   0.010 0.007 0.001 0.014 0.005 0.011 0.650 0.302 
  13 G X   0.008 0.006 0.000 0.011 0.004 0.010 0.641 0.319 
  14 T X   0.007 0.006 0.000 0.009 0.003 0.008 0.634 0.334 
  15 S X   0.005 0.005 0.000 0.007 0.003 0.007 0.627 0.345 
  16 T X   0.005 0.005 0.000 0.007 0.002 0.006 0.619 0.355 
  17 S X   0.004 0.005 0.000 0.007 0.002 0.006 0.612 0.363 
  18 S X   0.004 0.005 0.000 0.007 0.002 0.006 0.604 0.371 
  19 I X   0.004 0.005 0.000 0.008 0.002 0.005 0.597 0.379 
  20 Y X   0.003 0.005 0.000 0.008 0.002 0.005 0.588 0.387 
  21 Q X   0.003 0.005 0.000 0.008 0.002 0.005 0.580 0.396 
  22 N X   0.003 0.005 0.000 0.008 0.002 0.005 0.572 0.405 
  23 G X   0.003 0.006 0.000 0.007 0.002 0.004 0.563 0.415 
  24 D X   0.003 0.006 0.000 0.007 0.002 0.004 0.554 0.425 
  25 I X   0.003 0.006 0.000 0.006 0.002 0.004 0.545 0.434 
  26 S X   0.002 0.006 0.000 0.005 0.002 0.004 0.536 0.444 
  27 G X   0.003 0.007 0.000 0.005 0.002 0.005 0.526 0.453 
  28 N X   0.003 0.008 0.000 0.005 0.002 0.005 0.515 0.462 
  29 A X   0.003 0.010 0.000 0.006 0.002 0.007 0.503 0.469 
  30 N X   0.004 0.014 0.000 0.007 0.003 0.008 0.489 0.475 
  31 S _   0.004 0.020 0.000 0.009 0.004 0.010 0.473 0.479 
  32 M _   0.005 0.029 0.001 0.012 0.005 0.013 0.456 0.479 
  33 K _   0.007 0.043 0.001 0.016 0.007 0.016 0.436 0.474 
  34 Q _   0.008 0.060 0.001 0.021 0.009 0.020 0.415 0.465 
  35 I _   0.009 0.082 0.001 0.027 0.012 0.023 0.394 0.451 
  36 D _   0.011 0.104 0.001 0.034 0.015 0.026 0.373 0.435 
  37 P _   0.012 0.126 0.002 0.041 0.018 0.028 0.354 0.420 
  38 V _   0.013 0.142 0.002 0.048 0.020 0.029 0.339 0.408 
  39 L _   0.014 0.153 0.002 0.053 0.021 0.029 0.327 0.402 
  40 Q _   0.015 0.159 0.001 0.056 0.021 0.028 0.318 0.403 
  41 V _   0.015 0.159 0.001 0.056 0.020 0.027 0.310 0.412 
  42 Y _   0.015 0.155 0.001 0.052 0.018 0.025 0.305 0.428 
  43 L _   0.014 0.146 0.001 0.046 0.016 0.023 0.301 0.453 
  44 Y _   0.014 0.129 0.001 0.038 0.013 0.020 0.298 0.487 
  45 H _   0.013 0.106 0.001 0.029 0.010 0.017 0.296 0.527 
  46 S _   0.012 0.078 0.001 0.022 0.008 0.015 0.293 0.570 
  47 L _   0.011 0.053 0.001 0.015 0.006 0.013 0.291 0.610 
  48 G _   0.010 0.033 0.001 0.011 0.004 0.011 0.289 0.642 
  49 K _   0.008 0.020 0.000 0.008 0.003 0.010 0.286 0.665 
  50 S _   0.007 0.012 0.000 0.006 0.003 0.009 0.282 0.680 
  51 E _   0.007 0.007 0.000 0.005 0.002 0.008 0.278 0.691 
  52 A _   0.006 0.005 0.000 0.005 0.002 0.008 0.274 0.700 
  53 D _   0.006 0.003 0.000 0.005 0.002 0.008 0.268 0.707 
  54 Y _   0.007 0.002 0.000 0.005 0.002 0.009 0.262 0.713 
  55 L _   0.008 0.001 0.000 0.005 0.003 0.010 0.255 0.718 
  56 T _   0.009 0.001 0.000 0.005 0.003 0.012 0.247 0.722 
  57 F _   0.012 0.001 0.000 0.005 0.003 0.015 0.238 0.725 
  58 P _   0.017 0.001 0.001 0.005 0.004 0.019 0.229 0.725 
  59 S _   0.024 0.001 0.001 0.005 0.006 0.025 0.218 0.720 
  60 G _   0.035 0.001 0.001 0.006 0.009 0.032 0.207 0.709 
  61 E _   0.050 0.001 0.001 0.008 0.015 0.041 0.195 0.690 
  62 Y _   0.068 0.002 0.001 0.010 0.022 0.050 0.182 0.665 
  63 V _   0.088 0.003 0.002 0.013 0.030 0.059 0.170 0.635 
  64 A _   0.107 0.004 0.002 0.018 0.038 0.066 0.159 0.606 
  65 E _   0.124 0.006 0.002 0.022 0.045 0.071 0.149 0.582 
  66 E _   0.138 0.007 0.002 0.024 0.049 0.073 0.140 0.566 
  67 I _   0.149 0.008 0.003 0.025 0.051 0.074 0.132 0.560 
  68 C _   0.155 0.008 0.002 0.023 0.049 0.072 0.126 0.564 
  69 I _   0.159 0.007 0.002 0.020 0.046 0.069 0.120 0.577 
  70 A _   0.158 0.005 0.002 0.017 0.041 0.066 0.116 0.595 
  71 A _   0.155 0.004 0.002 0.013 0.035 0.062 0.112 0.617 
  72 S _   0.151 0.003 0.002 0.010 0.029 0.058 0.108 0.641 
  73 K _   0.144 0.002 0.001 0.008 0.024 0.054 0.106 0.662 
  74 A _   0.137 0.001 0.001 0.006 0.019 0.051 0.103 0.682 
  75 C _   0.130 0.001 0.001 0.005 0.016 0.048 0.101 0.698 
  76 G _   0.124 0.001 0.001 0.005 0.015 0.046 0.099 0.710 
  77 I _   0.118 0.001 0.001 0.005 0.014 0.045 0.097 0.719 
  78 T _   0.112 0.001 0.001 0.006 0.014 0.044 0.095 0.725 
  79 P _   0.107 0.002 0.001 0.007 0.015 0.044 0.094 0.729 
  80 V _   0.102 0.004 0.001 0.009 0.017 0.045 0.092 0.731 
  81 Y _   0.097 0.006 0.001 0.011 0.019 0.045 0.091 0.730 
  82 H _   0.091 0.009 0.001 0.014 0.021 0.045 0.090 0.730 
  83 N _   0.084 0.013 0.002 0.018 0.022 0.044 0.089 0.729 
  84 M _   0.078 0.016 0.002 0.021 0.023 0.043 0.088 0.730 
  85 F _   0.071 0.019 0.002 0.024 0.023 0.041 0.087 0.733 
  86 A _   0.063 0.022 0.002 0.026 0.022 0.038 0.087 0.741 
  87 L _   0.055 0.023 0.001 0.027 0.020 0.034 0.087 0.753 
  88 M _   0.047 0.023 0.001 0.026 0.017 0.031 0.088 0.767 
  89 S _   0.040 0.022 0.001 0.024 0.015 0.027 0.088 0.783 
  90 E _   0.033 0.020 0.001 0.022 0.012 0.024 0.089 0.799 
  91 T _   0.028 0.018 0.001 0.018 0.010 0.021 0.090 0.815 
  92 E _   0.023 0.015 0.001 0.015 0.008 0.018 0.091 0.830 
  93 R _   0.019 0.012 0.001 0.012 0.006 0.015 0.092 0.843 
  94 I _   0.016 0.010 0.001 0.009 0.005 0.013 0.093 0.854 
  95 W _   0.013 0.008 0.000 0.008 0.004 0.011 0.093 0.862 
  96 Y _   0.011 0.007 0.000 0.007 0.003 0.010 0.094 0.867 
  97 P _   0.010 0.007 0.000 0.006 0.003 0.010 0.094 0.870 
  98 P _   0.009 0.007 0.000 0.007 0.003 0.009 0.094 0.870 
  99 N _   0.009 0.008 0.000 0.007 0.003 0.009 0.093 0.870 
 100 H _   0.009 0.009 0.000 0.008 0.003 0.009 0.093 0.869 
 101 V _   0.008 0.010 0.000 0.009 0.003 0.009 0.092 0.868 
 102 F _   0.008 0.011 0.000 0.009 0.003 0.010 0.091 0.867 
 103 H _   0.008 0.013 0.000 0.009 0.003 0.010 0.090 0.867 
 104 I _   0.007 0.015 0.000 0.008 0.003 0.010 0.089 0.866 
 105 D _   0.007 0.018 0.000 0.008 0.003 0.011 0.087 0.865 
 106 E _   0.008 0.021 0.000 0.008 0.004 0.012 0.085 0.861 
 107 S _   0.008 0.027 0.001 0.009 0.004 0.014 0.083 0.854 
 108 T _   0.010 0.036 0.001 0.010 0.006 0.017 0.081 0.840 
 109 R _   0.012 0.051 0.001 0.014 0.008 0.020 0.078 0.818 
 110 H _   0.014 0.074 0.001 0.018 0.011 0.024 0.074 0.784 
 111 N _   0.016 0.108 0.001 0.025 0.015 0.027 0.070 0.737 
 112 V _   0.018 0.150 0.002 0.033 0.019 0.030 0.066 0.682 
 113 L _   0.019 0.192 0.002 0.042 0.022 0.032 0.062 0.629 
 114 Y _   0.019 0.225 0.002 0.050 0.024 0.032 0.059 0.589 
 115 R _   0.020 0.245 0.002 0.056 0.025 0.032 0.057 0.564 
 116 I _   0.019 0.256 0.002 0.060 0.025 0.031 0.056 0.552 
 117 R _   0.019 0.259 0.002 0.061 0.024 0.030 0.055 0.551 
 118 F _   0.018 0.256 0.002 0.059 0.022 0.028 0.055 0.562 
 119 Y _   0.017 0.246 0.002 0.053 0.020 0.025 0.055 0.582 
 120 F _   0.016 0.227 0.002 0.046 0.017 0.023 0.056 0.613 
 121 P _   0.015 0.200 0.001 0.038 0.014 0.020 0.058 0.654 
 122 R _   0.014 0.165 0.001 0.030 0.011 0.018 0.060 0.701 
 123 W _   0.013 0.129 0.001 0.023 0.009 0.016 0.061 0.749 
 124 Y _   0.011 0.096 0.001 0.017 0.006 0.014 0.063 0.793 
 125 C _   0.010 0.072 0.001 0.012 0.005 0.012 0.064 0.825 
 126 S _   0.008 0.056 0.001 0.010 0.004 0.010 0.064 0.847 
 127 G _   0.007 0.046 0.000 0.008 0.003 0.009 0.064 0.860 
 128 S _   0.007 0.041 0.000 0.008 0.003 0.009 0.064 0.869 
 129 N _   0.007 0.037 0.000 0.008 0.003 0.009 0.064 0.873 
 130 R _   0.006 0.035 0.000 0.009 0.003 0.009 0.063 0.875 
 131 A _   0.006 0.034 0.000 0.010 0.003 0.009 0.062 0.875 
 132 Y _   0.006 0.033 0.000 0.011 0.004 0.009 0.061 0.875 
 133 R _   0.006 0.033 0.000 0.012 0.004 0.010 0.060 0.875 
 134 H _   0.006 0.033 0.001 0.013 0.004 0.010 0.059 0.875 
 135 G _   0.006 0.032 0.001 0.014 0.004 0.011 0.057 0.874 
 136 I _   0.006 0.032 0.001 0.015 0.005 0.011 0.056 0.874 
 137 S _   0.007 0.031 0.001 0.014 0.005 0.012 0.055 0.875 
 138 R _   0.007 0.030 0.001 0.014 0.005 0.013 0.054 0.876 
 139 G _   0.008 0.028 0.001 0.013 0.005 0.014 0.054 0.878 
 140 A _   0.009 0.026 0.001 0.012 0.005 0.016 0.053 0.879 
 141 E _   0.010 0.025 0.001 0.011 0.005 0.018 0.052 0.878 
 142 A _   0.013 0.023 0.001 0.010 0.006 0.021 0.051 0.876 
 143 P _   0.017 0.023 0.001 0.009 0.006 0.024 0.050 0.870 
 144 L _   0.023 0.023 0.001 0.009 0.008 0.028 0.049 0.859 
 145 L _   0.032 0.024 0.001 0.009 0.011 0.034 0.048 0.841 
 146 D _   0.043 0.027 0.001 0.011 0.016 0.040 0.047 0.816 
 147 D _   0.055 0.032 0.001 0.014 0.022 0.047 0.045 0.784 
 148 F _   0.068 0.039 0.002 0.019 0.029 0.053 0.044 0.746 
 149 V _   0.081 0.047 0.002 0.025 0.037 0.058 0.043 0.707 
 150 M _   0.091 0.055 0.002 0.032 0.043 0.061 0.042 0.674 
 151 S _   0.098 0.061 0.002 0.038 0.046 0.061 0.041 0.653 
 152 Y _   0.102 0.063 0.002 0.041 0.046 0.060 0.041 0.644 
 153 L _   0.101 0.062 0.002 0.041 0.044 0.057 0.042 0.652 
 154 F _   0.096 0.057 0.002 0.037 0.039 0.052 0.043 0.674 
 155 A _   0.088 0.049 0.002 0.030 0.032 0.047 0.044 0.708 
 156 Q _   0.078 0.037 0.002 0.023 0.025 0.041 0.045 0.749 
 157 W _   0.067 0.025 0.001 0.016 0.018 0.036 0.046 0.790 
 158 R _   0.057 0.015 0.001 0.011 0.013 0.031 0.047 0.825 
 159 H _   0.047 0.009 0.001 0.007 0.009 0.027 0.048 0.851 
 160 D _   0.040 0.006 0.001 0.006 0.007 0.024 0.049 0.867 
 161 F _   0.035 0.005 0.001 0.006 0.006 0.022 0.049 0.876 
 162 V _   0.030 0.004 0.001 0.007 0.006 0.021 0.050 0.881 
 163 H _   0.027 0.004 0.001 0.009 0.007 0.020 0.050 0.882 
 164 G _   0.025 0.004 0.001 0.011 0.007 0.020 0.050 0.881 
 165 W _   0.024 0.004 0.001 0.013 0.008 0.019 0.051 0.881 
 166 I _   0.023 0.004 0.001 0.014 0.008 0.019 0.051 0.881 
 167 K _   0.022 0.004 0.001 0.013 0.007 0.018 0.051 0.883 
 168 V _   0.022 0.003 0.001 0.012 0.007 0.017 0.052 0.887 
 169 P _   0.022 0.002 0.001 0.010 0.006 0.017 0.052 0.891 
 170 V _   0.024 0.001 0.001 0.007 0.005 0.016 0.052 0.894 
 171 T _   0.028 0.001 0.000 0.005 0.004 0.017 0.052 0.893 
 172 H _   0.035 0.000 0.000 0.003 0.004 0.018 0.052 0.888 
 173 E _   0.046 0.000 0.000 0.002 0.004 0.020 0.051 0.876 
 174 T _   0.064 0.000 0.001 0.002 0.005 0.024 0.050 0.854 
 175 Q _   0.090 0.000 0.001 0.002 0.008 0.030 0.049 0.820 
 176 E _   0.125 0.000 0.001 0.003 0.013 0.038 0.048 0.772 
 177 E _   0.166 0.001 0.001 0.004 0.021 0.047 0.047 0.712 
 178 C _   0.208 0.004 0.002 0.007 0.033 0.056 0.047 0.644 
 179 L _   0.244 0.011 0.002 0.011 0.046 0.063 0.046 0.577 
 180 G _   0.270 0.021 0.003 0.017 0.056 0.066 0.046 0.520 
 181 M _   0.285 0.032 0.003 0.025 0.063 0.067 0.047 0.477 
 182 A _   0.289 0.041 0.003 0.033 0.065 0.066 0.049 0.454 
 183 V _   0.284 0.046 0.003 0.038 0.063 0.062 0.051 0.453 
 184 L _   0.268 0.048 0.003 0.040 0.058 0.057 0.054 0.471 
 185 D _   0.243 0.046 0.003 0.039 0.050 0.050 0.058 0.511 
 186 M _   0.210 0.041 0.003 0.035 0.039 0.043 0.062 0.568 
 187 M _   0.172 0.031 0.002 0.027 0.028 0.035 0.067 0.637 
 188 R _   0.133 0.020 0.002 0.018 0.018 0.027 0.072 0.710 
 189 I _   0.097 0.011 0.001 0.011 0.010 0.020 0.076 0.774 
 190 A _   0.065 0.005 0.001 0.007 0.005 0.015 0.079 0.824 
 191 K _   0.042 0.002 0.000 0.004 0.003 0.011 0.081 0.857 
 192 E _   0.026 0.001 0.000 0.003 0.002 0.008 0.082 0.878 
 193 N _   0.017 0.001 0.000 0.002 0.002 0.007 0.082 0.890 
 194 D _   0.012 0.001 0.000 0.002 0.002 0.007 0.082 0.895 
 195 Q _   0.010 0.001 0.000 0.003 0.002 0.007 0.081 0.896 
 196 T _   0.009 0.002 0.000 0.004 0.002 0.008 0.080 0.895 
 197 P _   0.009 0.004 0.000 0.006 0.003 0.009 0.079 0.889 
 198 L _   0.009 0.007 0.000 0.009 0.004 0.011 0.077 0.881 
 199 A _   0.009 0.012 0.001 0.013 0.005 0.013 0.075 0.872 
 200 I _   0.009 0.017 0.001 0.016 0.006 0.014 0.073 0.863 
 201 Y _   0.009 0.022 0.001 0.019 0.007 0.015 0.071 0.856 
 202 N _   0.009 0.026 0.001 0.020 0.008 0.016 0.069 0.850 
 203 S _   0.010 0.029 0.001 0.021 0.008 0.017 0.068 0.847 
 204 I _   0.010 0.031 0.001 0.020 0.008 0.018 0.066 0.846 
 205 S _   0.011 0.032 0.001 0.019 0.008 0.019 0.065 0.846 
 206 Y _   0.011 0.033 0.001 0.018 0.008 0.020 0.064 0.845 
 207 K _   0.012 0.034 0.001 0.018 0.009 0.021 0.062 0.844 
 208 T _   0.013 0.035 0.001 0.018 0.009 0.022 0.061 0.841 
 209 F _   0.014 0.036 0.001 0.018 0.010 0.023 0.060 0.837 
 210 L _   0.015 0.038 0.001 0.020 0.011 0.023 0.060 0.833 
 211 P _   0.016 0.039 0.001 0.021 0.011 0.024 0.059 0.828 
 212 K _   0.017 0.040 0.001 0.023 0.012 0.025 0.058 0.825 
 213 C _   0.018 0.040 0.001 0.023 0.012 0.025 0.058 0.824 
 214 I _   0.018 0.039 0.001 0.023 0.012 0.024 0.057 0.825 
 215 R _   0.019 0.037 0.001 0.022 0.012 0.024 0.057 0.828 
 216 A _   0.019 0.034 0.001 0.020 0.011 0.024 0.057 0.834 
 217 K _   0.019 0.030 0.001 0.017 0.010 0.023 0.058 0.842 
 218 I _   0.019 0.026 0.001 0.015 0.009 0.022 0.058 0.850 
 219 Q _   0.019 0.022 0.001 0.012 0.008 0.022 0.058 0.857 
 220 D _   0.020 0.018 0.001 0.010 0.008 0.022 0.058 0.863 
 221 Y _   0.021 0.016 0.001 0.009 0.007 0.022 0.059 0.866 
 222 H _   0.022 0.014 0.001 0.009 0.007 0.022 0.059 0.867 
 223 I _   0.023 0.013 0.001 0.008 0.007 0.023 0.059 0.865 
 224 L _   0.025 0.012 0.001 0.008 0.008 0.024 0.059 0.862 
 225 T _   0.027 0.012 0.001 0.009 0.008 0.025 0.060 0.859 
 226 R _   0.029 0.012 0.001 0.009 0.009 0.027 0.060 0.854 
 227 K _   0.031 0.013 0.001 0.009 0.010 0.028 0.060 0.848 
 228 R _   0.034 0.014 0.001 0.010 0.011 0.030 0.060 0.842 
 229 I _   0.036 0.015 0.001 0.010 0.012 0.032 0.060 0.833 
 230 R _   0.038 0.018 0.001 0.011 0.014 0.033 0.060 0.825 
 231 Y _   0.040 0.021 0.001 0.013 0.015 0.035 0.060 0.815 
 232 R _   0.042 0.024 0.001 0.015 0.017 0.036 0.061 0.804 
 233 F _   0.043 0.028 0.001 0.018 0.018 0.036 0.061 0.794 
 234 R _   0.042 0.032 0.001 0.021 0.019 0.036 0.062 0.787 
 235 R _   0.041 0.035 0.001 0.023 0.019 0.035 0.063 0.783 
 236 F _   0.038 0.037 0.001 0.025 0.019 0.033 0.064 0.783 
 237 I _   0.035 0.038 0.001 0.025 0.018 0.031 0.065 0.787 
 238 Q _   0.032 0.038 0.001 0.024 0.016 0.029 0.067 0.794 
 239 Q _   0.028 0.036 0.001 0.022 0.014 0.026 0.068 0.804 
 240 F _   0.025 0.033 0.001 0.020 0.012 0.023 0.070 0.816 
 241 S _   0.022 0.030 0.001 0.017 0.010 0.021 0.072 0.828 
 242 Q _   0.019 0.026 0.001 0.014 0.008 0.019 0.074 0.840 
 243 C _   0.017 0.023 0.001 0.012 0.007 0.017 0.075 0.849 
 244 K _   0.015 0.021 0.001 0.010 0.006 0.015 0.077 0.856 
 245 A _   0.013 0.019 0.001 0.009 0.005 0.014 0.078 0.862 
 246 T _   0.013 0.017 0.001 0.008 0.004 0.013 0.079 0.864 
 247 A _   0.012 0.017 0.001 0.008 0.004 0.013 0.080 0.865 
 248 R _   0.012 0.016 0.001 0.008 0.004 0.013 0.081 0.865 
 249 N _   0.012 0.017 0.001 0.008 0.004 0.014 0.082 0.863 
 250 L _   0.013 0.018 0.001 0.008 0.005 0.014 0.083 0.859 
 251 K _   0.014 0.019 0.001 0.008 0.005 0.016 0.083 0.854 
 252 L _   0.015 0.022 0.001 0.009 0.006 0.017 0.084 0.846 
 253 K _   0.017 0.025 0.001 0.010 0.007 0.019 0.084 0.837 
 254 Y _   0.018 0.030 0.001 0.012 0.008 0.021 0.085 0.826 
 255 L _   0.020 0.035 0.001 0.014 0.009 0.023 0.086 0.812 
 256 I _   0.022 0.042 0.001 0.016 0.011 0.024 0.086 0.797 
 257 N _   0.024 0.050 0.001 0.019 0.012 0.026 0.087 0.782 
 258 L _   0.025 0.057 0.001 0.022 0.014 0.027 0.088 0.766 
 259 E _   0.026 0.064 0.001 0.025 0.015 0.027 0.090 0.752 
 260 T _   0.027 0.070 0.001 0.027 0.015 0.027 0.091 0.741 
 261 L _   0.027 0.074 0.001 0.030 0.015 0.027 0.093 0.732 
 262 Q _   0.026 0.077 0.001 0.032 0.015 0.026 0.095 0.727 
 263 S _   0.026 0.078 0.001 0.033 0.015 0.025 0.098 0.725 
 264 A _   0.024 0.077 0.001 0.033 0.014 0.023 0.102 0.726 
 265 F _   0.023 0.074 0.001 0.033 0.012 0.021 0.105 0.731 
 266 Y _   0.021 0.069 0.001 0.031 0.011 0.019 0.110 0.739 
 267 T _   0.019 0.062 0.001 0.028 0.009 0.017 0.115 0.750 
 268 E _   0.017 0.052 0.001 0.024 0.008 0.015 0.120 0.763 
 269 K _   0.015 0.041 0.001 0.020 0.006 0.012 0.125 0.779 
 270 F _   0.013 0.030 0.001 0.015 0.004 0.010 0.130 0.797 
 271 E _   0.011 0.019 0.000 0.011 0.003 0.008 0.134 0.813 
 272 V _   0.009 0.010 0.000 0.007 0.002 0.007 0.138 0.827 
 273 K _   0.007 0.005 0.000 0.004 0.002 0.005 0.139 0.837 
 274 E _   0.006 0.002 0.000 0.003 0.001 0.004 0.140 0.843 
 275 P _   0.006 0.001 0.000 0.002 0.001 0.004 0.140 0.846 
 276 G _   0.008 0.000 0.000 0.001 0.001 0.004 0.139 0.846 
 277 S _   0.013 0.000 0.000 0.001 0.001 0.006 0.137 0.842 
 278 G _   0.025 0.000 0.000 0.001 0.002 0.010 0.134 0.828 
 279 P _   0.053 0.000 0.000 0.002 0.003 0.017 0.129 0.796 
 280 S _   0.102 0.000 0.001 0.002 0.007 0.028 0.122 0.737 
 281 G _   0.175 0.000 0.001 0.003 0.015 0.044 0.114 0.647 
 282 E _   0.259 0.001 0.002 0.005 0.030 0.061 0.105 0.536 
 283 E _   0.335 0.005 0.002 0.008 0.050 0.076 0.097 0.426 
 284 I H   0.392 0.011 0.003 0.012 0.068 0.086 0.091 0.336 
 285 F H   0.432 0.020 0.003 0.016 0.082 0.090 0.087 0.271 
 286 A H   0.453 0.028 0.003 0.020 0.089 0.090 0.085 0.232 
 287 T H   0.462 0.034 0.003 0.023 0.093 0.087 0.084 0.214 
 288 I H   0.463 0.038 0.003 0.025 0.092 0.082 0.084 0.213 
 289 I H   0.451 0.040 0.003 0.026 0.089 0.076 0.086 0.229 
 290 I H   0.429 0.039 0.003 0.026 0.081 0.070 0.089 0.263 
 291 T H   0.394 0.037 0.003 0.025 0.071 0.063 0.092 0.315 
 292 G _   0.349 0.033 0.003 0.023 0.058 0.056 0.097 0.380 
 293 N _   0.299 0.028 0.003 0.022 0.045 0.048 0.104 0.452 
 294 G _   0.244 0.022 0.002 0.020 0.032 0.041 0.111 0.529 
 295 G _   0.190 0.016 0.002 0.017 0.021 0.033 0.118 0.603 
 296 I _   0.141 0.012 0.001 0.014 0.013 0.027 0.124 0.668 
 297 Q _   0.099 0.008 0.001 0.012 0.008 0.021 0.130 0.721 
 298 W _   0.067 0.005 0.001 0.009 0.005 0.016 0.134 0.764 
 299 S _   0.043 0.003 0.000 0.006 0.003 0.012 0.137 0.795 
 300 R _   0.027 0.002 0.000 0.005 0.002 0.009 0.138 0.815 
 301 G _   0.017 0.002 0.000 0.004 0.002 0.008 0.139 0.828 
 302 K _   0.011 0.002 0.000 0.003 0.002 0.007 0.140 0.836 
 303 H _   0.008 0.002 0.000 0.003 0.001 0.006 0.139 0.839 
 304 K _   0.007 0.003 0.000 0.004 0.002 0.006 0.138 0.840 
 305 E _   0.006 0.005 0.000 0.005 0.002 0.007 0.137 0.838 
 306 S _   0.006 0.009 0.000 0.007 0.002 0.008 0.135 0.833 
 307 E _   0.006 0.014 0.000 0.010 0.003 0.009 0.132 0.825 
 308 T _   0.006 0.022 0.001 0.013 0.004 0.011 0.129 0.814 
 309 L _   0.006 0.031 0.001 0.017 0.005 0.012 0.126 0.802 
 310 T _   0.006 0.040 0.001 0.021 0.006 0.013 0.123 0.790 
 311 E _   0.007 0.048 0.001 0.024 0.007 0.014 0.120 0.780 
 312 Q _   0.007 0.054 0.001 0.025 0.007 0.014 0.118 0.774 
 313 D _   0.007 0.059 0.001 0.026 0.008 0.015 0.116 0.770 
 314 L _   0.008 0.062 0.001 0.025 0.008 0.015 0.114 0.769 
 315 Q _   0.008 0.063 0.001 0.024 0.008 0.015 0.113 0.770 
 316 L _   0.008 0.063 0.001 0.022 0.007 0.015 0.112 0.772 
 317 Y _   0.009 0.063 0.001 0.020 0.007 0.014 0.111 0.775 
 318 C _   0.009 0.062 0.001 0.018 0.007 0.014 0.111 0.778 
 319 D _   0.010 0.061 0.001 0.017 0.007 0.014 0.111 0.781 
 320 F _   0.010 0.060 0.001 0.016 0.006 0.014 0.111 0.782 
 321 P _   0.010 0.059 0.001 0.017 0.007 0.014 0.111 0.782 
 322 N _   0.011 0.058 0.001 0.018 0.007 0.014 0.111 0.780 
 323 I _   0.011 0.058 0.001 0.019 0.007 0.014 0.111 0.779 
 324 I _   0.012 0.057 0.001 0.020 0.007 0.014 0.111 0.777 
 325 D _   0.011 0.056 0.001 0.022 0.007 0.014 0.112 0.777 
 326 V _   0.011 0.053 0.001 0.022 0.007 0.013 0.113 0.780 
 327 S _   0.011 0.050 0.001 0.021 0.007 0.012 0.114 0.785 
 328 I _   0.010 0.045 0.001 0.019 0.006 0.011 0.115 0.793 
 329 K _   0.009 0.039 0.001 0.016 0.005 0.010 0.116 0.804 
 330 Q _   0.008 0.032 0.001 0.013 0.004 0.009 0.117 0.817 
 331 A _   0.007 0.025 0.000 0.010 0.003 0.008 0.118 0.828 
 332 N _   0.006 0.020 0.000 0.007 0.003 0.007 0.119 0.838 
 333 Q _   0.006 0.017 0.000 0.006 0.002 0.007 0.119 0.844 
 334 E _   0.005 0.015 0.000 0.005 0.002 0.006 0.118 0.847 
 335 G _   0.005 0.014 0.000 0.005 0.002 0.007 0.118 0.848 
 336 S _   0.006 0.015 0.000 0.007 0.002 0.007 0.117 0.845 
 337 N _   0.006 0.016 0.000 0.010 0.003 0.009 0.116 0.840 
 338 E _   0.007 0.018 0.000 0.014 0.004 0.010 0.115 0.832 
 339 S _   0.007 0.021 0.001 0.018 0.005 0.011 0.114 0.823 
 340 R _   0.008 0.023 0.001 0.023 0.006 0.011 0.113 0.815 
 341 V _   0.008 0.024 0.001 0.027 0.006 0.012 0.113 0.810 
 342 V _   0.008 0.024 0.001 0.027 0.006 0.011 0.113 0.810 
 343 T _   0.007 0.023 0.001 0.025 0.006 0.011 0.113 0.815 
 344 I _   0.007 0.020 0.001 0.021 0.005 0.010 0.113 0.824 
 345 H _   0.006 0.016 0.001 0.016 0.004 0.009 0.113 0.835 
 346 K _   0.006 0.011 0.000 0.012 0.003 0.008 0.114 0.847 
 347 Q _   0.005 0.007 0.000 0.008 0.002 0.007 0.114 0.856 
 348 D _   0.005 0.004 0.000 0.005 0.002 0.007 0.114 0.863 
 349 G _   0.005 0.002 0.000 0.004 0.002 0.007 0.113 0.867 
 350 K _   0.005 0.001 0.000 0.004 0.002 0.008 0.113 0.868 
 351 N _   0.007 0.001 0.000 0.004 0.002 0.009 0.111 0.866 
 352 L _   0.009 0.001 0.000 0.004 0.002 0.012 0.109 0.862 
 353 E _   0.013 0.001 0.000 0.005 0.003 0.015 0.107 0.854 
 354 I _   0.019 0.001 0.001 0.007 0.005 0.020 0.104 0.844 
 355 E _   0.028 0.001 0.001 0.008 0.007 0.025 0.101 0.829 
 356 L _   0.041 0.001 0.001 0.009 0.009 0.032 0.098 0.809 
 357 S _   0.059 0.002 0.001 0.010 0.013 0.039 0.094 0.783 
 358 S _   0.083 0.002 0.001 0.010 0.019 0.046 0.090 0.749 
 359 L _   0.112 0.002 0.002 0.010 0.025 0.053 0.086 0.711 
 360 R _   0.145 0.002 0.002 0.010 0.031 0.059 0.082 0.668 
 361 E _   0.178 0.003 0.002 0.010 0.038 0.064 0.080 0.625 
 362 A _   0.210 0.004 0.002 0.011 0.044 0.067 0.077 0.585 
 363 L _   0.237 0.005 0.002 0.012 0.048 0.068 0.076 0.551 
 364 S _   0.259 0.006 0.002 0.013 0.051 0.067 0.075 0.526 
 365 F _   0.272 0.008 0.002 0.014 0.052 0.065 0.075 0.511 
 366 V _   0.277 0.009 0.002 0.016 0.050 0.062 0.076 0.508 
 367 S _   0.273 0.009 0.002 0.017 0.047 0.058 0.077 0.515 
 368 L _   0.261 0.009 0.002 0.018 0.042 0.054 0.079 0.534 
 369 I _   0.240 0.009 0.002 0.018 0.037 0.048 0.082 0.564 
 370 D _   0.213 0.008 0.002 0.017 0.030 0.043 0.085 0.602 
 371 G _   0.181 0.007 0.002 0.016 0.023 0.037 0.088 0.647 
 372 Y _   0.148 0.005 0.001 0.014 0.017 0.031 0.091 0.693 
 373 Y _   0.115 0.004 0.001 0.011 0.012 0.025 0.094 0.739 
 374 R _   0.084 0.002 0.001 0.008 0.008 0.020 0.097 0.779 
 375 L _   0.059 0.001 0.001 0.006 0.005 0.016 0.099 0.813 
 376 T _   0.040 0.001 0.000 0.005 0.004 0.013 0.100 0.838 
 377 A _   0.027 0.000 0.000 0.004 0.003 0.010 0.101 0.855 
 378 D _   0.018 0.000 0.000 0.003 0.002 0.009 0.101 0.866 
 379 A _   0.014 0.000 0.000 0.003 0.002 0.009 0.101 0.871 
 380 H _   0.011 0.001 0.000 0.003 0.002 0.009 0.100 0.874 
 381 H _   0.011 0.001 0.000 0.004 0.002 0.010 0.099 0.873 
 382 Y _   0.011 0.003 0.000 0.005 0.003 0.011 0.098 0.869 
 383 L _   0.011 0.005 0.000 0.007 0.004 0.013 0.096 0.862 
 384 C _   0.013 0.009 0.001 0.010 0.006 0.016 0.094 0.852 
 385 K _   0.014 0.016 0.001 0.014 0.008 0.018 0.092 0.837 
 386 E _   0.015 0.023 0.001 0.019 0.010 0.021 0.089 0.821 
 387 V _   0.017 0.031 0.001 0.024 0.012 0.023 0.087 0.805 
 388 A _   0.017 0.039 0.001 0.029 0.014 0.024 0.085 0.790 
 389 P _   0.018 0.044 0.001 0.034 0.016 0.025 0.083 0.779 
 390 P _   0.019 0.048 0.001 0.037 0.016 0.025 0.082 0.772 
 391 A _   0.019 0.050 0.001 0.037 0.016 0.024 0.082 0.771 
 392 V _   0.018 0.049 0.001 0.036 0.014 0.023 0.081 0.777 
 393 L _   0.017 0.047 0.001 0.031 0.013 0.021 0.081 0.789 
 394 E _   0.016 0.042 0.001 0.026 0.010 0.019 0.082 0.805 
 395 N _   0.014 0.036 0.001 0.019 0.008 0.017 0.082 0.823 
 396 I _   0.013 0.030 0.001 0.014 0.006 0.015 0.082 0.840 
 397 Q _   0.011 0.024 0.001 0.009 0.004 0.013 0.082 0.855 
 398 S _   0.010 0.021 0.000 0.006 0.004 0.013 0.082 0.864 
 399 N _   0.010 0.019 0.000 0.005 0.003 0.012 0.081 0.868 
 400 C _   0.011 0.020 0.000 0.005 0.003 0.013 0.081 0.867 
 401 H _   0.012 0.022 0.000 0.006 0.004 0.015 0.079 0.860 
 402 G _   0.014 0.028 0.001 0.010 0.006 0.017 0.078 0.846 
 403 P _   0.016 0.039 0.001 0.015 0.009 0.020 0.076 0.823 
 404 I _   0.018 0.054 0.001 0.023 0.012 0.022 0.075 0.795 
 405 S _   0.019 0.069 0.001 0.032 0.015 0.024 0.073 0.767 
 406 M _   0.019 0.081 0.001 0.039 0.016 0.024 0.072 0.748 
 407 D _   0.019 0.087 0.001 0.043 0.016 0.024 0.072 0.738 
 408 F _   0.018 0.090 0.001 0.044 0.016 0.023 0.072 0.737 
 409 A _   0.017 0.089 0.001 0.041 0.014 0.021 0.072 0.745 
 410 I _   0.015 0.084 0.001 0.035 0.012 0.019 0.073 0.760 
 411 S _   0.014 0.075 0.001 0.027 0.009 0.017 0.074 0.782 
 412 K _   0.012 0.065 0.001 0.020 0.007 0.015 0.075 0.805 
 413 L _   0.011 0.054 0.001 0.014 0.005 0.013 0.076 0.825 
 414 K _   0.010 0.046 0.000 0.009 0.004 0.012 0.077 0.841 
 415 K _   0.009 0.041 0.000 0.007 0.003 0.011 0.078 0.851 
 416 A _   0.009 0.038 0.000 0.006 0.003 0.011 0.078 0.854 
 417 G _   0.009 0.038 0.000 0.007 0.003 0.011 0.078 0.853 
 418 N _   0.009 0.040 0.000 0.009 0.004 0.012 0.078 0.846 
 419 Q _   0.010 0.044 0.001 0.013 0.005 0.013 0.077 0.836 
 420 T _   0.011 0.049 0.001 0.018 0.007 0.014 0.077 0.823 
 421 G _   0.011 0.054 0.001 0.024 0.008 0.015 0.076 0.810 
 422 L _   0.011 0.058 0.001 0.028 0.009 0.015 0.076 0.802 
 423 Y _   0.011 0.059 0.001 0.029 0.009 0.015 0.076 0.800 
 424 V _   0.010 0.058 0.001 0.028 0.008 0.014 0.077 0.804 
 425 L _   0.009 0.055 0.001 0.024 0.007 0.013 0.078 0.814 
 426 R _   0.008 0.049 0.001 0.019 0.006 0.012 0.079 0.827 
 427 C _   0.008 0.043 0.001 0.013 0.004 0.011 0.080 0.841 
 428 S _   0.007 0.037 0.000 0.009 0.003 0.010 0.080 0.853 
 429 P _   0.007 0.033 0.000 0.006 0.003 0.010 0.081 0.860 
 430 K _   0.007 0.032 0.000 0.005 0.003 0.010 0.081 0.862 
 431 D _   0.008 0.033 0.000 0.005 0.003 0.012 0.081 0.858 
 432 F _   0.010 0.037 0.000 0.006 0.004 0.015 0.080 0.847 
 433 N _   0.013 0.047 0.001 0.009 0.006 0.018 0.079 0.826 
 434 K _   0.015 0.067 0.001 0.015 0.010 0.022 0.078 0.791 
 435 Y _   0.017 0.096 0.001 0.023 0.013 0.025 0.077 0.748 
 436 F _   0.018 0.129 0.002 0.031 0.016 0.028 0.075 0.702 
 437 L _   0.018 0.155 0.002 0.037 0.018 0.029 0.074 0.666 
 438 T _   0.019 0.174 0.001 0.040 0.019 0.029 0.074 0.643 
 439 F _   0.018 0.185 0.001 0.041 0.019 0.029 0.074 0.633 
 440 A _   0.018 0.189 0.001 0.039 0.018 0.028 0.075 0.631 
 441 V _   0.018 0.190 0.001 0.035 0.016 0.027 0.076 0.636 
 442 E _   0.018 0.188 0.001 0.030 0.015 0.026 0.077 0.645 
 443 R _   0.017 0.184 0.001 0.026 0.013 0.025 0.079 0.655 
 444 E _   0.017 0.179 0.001 0.023 0.012 0.024 0.081 0.664 
 445 N _   0.017 0.175 0.001 0.021 0.011 0.023 0.083 0.670 
 446 V _   0.017 0.171 0.001 0.021 0.010 0.022 0.085 0.673 
 447 I _   0.017 0.168 0.001 0.022 0.010 0.021 0.087 0.674 
 448 E _   0.017 0.164 0.001 0.024 0.010 0.020 0.090 0.674 
 449 Y _   0.016 0.160 0.001 0.026 0.010 0.019 0.093 0.675 
 450 K _   0.016 0.155 0.001 0.027 0.010 0.018 0.096 0.679 
 451 H _   0.015 0.146 0.001 0.027 0.009 0.017 0.099 0.687 
 452 C _   0.014 0.134 0.001 0.025 0.008 0.015 0.103 0.700 
 453 L _   0.012 0.119 0.001 0.022 0.007 0.013 0.107 0.718 
 454 I _   0.011 0.101 0.001 0.019 0.006 0.012 0.112 0.739 
 455 T _   0.010 0.083 0.001 0.015 0.005 0.010 0.116 0.761 
 456 K _   0.009 0.066 0.001 0.012 0.004 0.009 0.119 0.780 
 457 N _   0.008 0.054 0.000 0.009 0.003 0.008 0.122 0.796 
 458 E _   0.007 0.045 0.000 0.007 0.002 0.007 0.125 0.807 
 459 N _   0.006 0.040 0.000 0.006 0.002 0.006 0.126 0.814 
 460 E _   0.005 0.037 0.000 0.005 0.002 0.006 0.127 0.818 
 461 E _   0.005 0.036 0.000 0.005 0.002 0.006 0.127 0.819 
 462 Y _   0.005 0.036 0.000 0.006 0.002 0.006 0.127 0.819 
 463 N _   0.005 0.037 0.000 0.006 0.002 0.006 0.126 0.818 
 464 L _   0.005 0.040 0.000 0.007 0.002 0.007 0.124 0.815 
 465 S _   0.004 0.044 0.000 0.009 0.002 0.007 0.122 0.811 
 466 G _   0.004 0.050 0.000 0.010 0.003 0.008 0.119 0.806 
 467 T _   0.004 0.058 0.000 0.011 0.003 0.008 0.116 0.800 
 468 K _   0.005 0.066 0.000 0.012 0.003 0.009 0.113 0.793 
 469 K _   0.004 0.076 0.000 0.013 0.003 0.010 0.109 0.784 
 470 N _   0.005 0.088 0.000 0.014 0.004 0.011 0.105 0.774 
 471 F _   0.005 0.102 0.001 0.015 0.004 0.012 0.101 0.761 
 472 S _   0.005 0.118 0.001 0.016 0.005 0.013 0.097 0.745 
 473 S _   0.006 0.139 0.001 0.019 0.006 0.014 0.092 0.723 
 474 L _   0.007 0.163 0.001 0.021 0.007 0.016 0.088 0.697 
 475 K _   0.007 0.190 0.001 0.024 0.009 0.017 0.083 0.669 
 476 D _   0.008 0.217 0.001 0.027 0.010 0.018 0.079 0.639 
 477 L _   0.009 0.241 0.001 0.031 0.011 0.019 0.076 0.613 
 478 L _   0.009 0.260 0.001 0.034 0.012 0.020 0.073 0.591 
 479 N _   0.010 0.273 0.001 0.036 0.013 0.020 0.071 0.577 
 480 C _   0.011 0.280 0.001 0.036 0.013 0.020 0.069 0.570 
 481 Y _   0.012 0.281 0.001 0.034 0.012 0.020 0.068 0.571 
 482 Q _   0.012 0.279 0.001 0.031 0.011 0.020 0.068 0.578 
 483 M _   0.013 0.272 0.001 0.026 0.010 0.019 0.068 0.591 
 484 E _   0.013 0.262 0.001 0.021 0.009 0.019 0.068 0.607 
 485 T _   0.014 0.250 0.001 0.016 0.008 0.019 0.069 0.624 
 486 V _   0.014 0.241 0.001 0.013 0.007 0.019 0.069 0.637 
 487 R _   0.015 0.234 0.001 0.012 0.007 0.019 0.069 0.643 
 488 S _   0.015 0.232 0.001 0.012 0.007 0.020 0.070 0.643 
 489 D _   0.016 0.234 0.001 0.015 0.008 0.020 0.070 0.635 
 490 N _   0.017 0.239 0.001 0.021 0.010 0.021 0.070 0.621 
 491 I _   0.018 0.245 0.001 0.028 0.011 0.021 0.070 0.605 
 492 I _   0.018 0.249 0.001 0.036 0.012 0.021 0.071 0.591 
 493 F _   0.018 0.250 0.001 0.042 0.013 0.021 0.072 0.585 
 494 Q _   0.017 0.245 0.001 0.044 0.013 0.019 0.074 0.588 
 495 F _   0.015 0.232 0.001 0.043 0.012 0.018 0.076 0.603 
 496 T _   0.014 0.208 0.001 0.039 0.010 0.016 0.079 0.633 
 497 K _   0.012 0.171 0.001 0.032 0.009 0.014 0.083 0.678 
 498 C _   0.011 0.124 0.001 0.023 0.007 0.011 0.087 0.735 
 499 C _   0.010 0.079 0.001 0.015 0.005 0.009 0.091 0.791 
 500 P _   0.008 0.048 0.000 0.009 0.003 0.007 0.094 0.832 
 501 P _   0.006 0.032 0.000 0.005 0.002 0.006 0.095 0.855 
 502 K _   0.005 0.025 0.000 0.003 0.001 0.005 0.095 0.866 
 503 P _   0.004 0.023 0.000 0.002 0.001 0.006 0.095 0.869 
 504 K _   0.005 0.024 0.000 0.003 0.001 0.007 0.093 0.866 
 505 D _   0.006 0.030 0.000 0.006 0.003 0.011 0.091 0.853 
 506 K _   0.009 0.050 0.001 0.012 0.006 0.015 0.087 0.820 
 507 S _   0.011 0.097 0.001 0.024 0.011 0.021 0.081 0.754 
 508 N _   0.012 0.178 0.002 0.042 0.016 0.024 0.072 0.653 
 509 L _   0.012 0.265 0.002 0.059 0.019 0.026 0.064 0.553 
 510 L _   0.011 0.326 0.002 0.071 0.019 0.026 0.059 0.487 
 511 V _   0.010 0.358 0.001 0.079 0.019 0.025 0.055 0.453 
 512 F _   0.010 0.372 0.001 0.081 0.018 0.023 0.053 0.442 
 513 R _   0.009 0.374 0.001 0.078 0.017 0.022 0.052 0.447 
 514 T _   0.009 0.367 0.001 0.070 0.015 0.020 0.051 0.467 
 515 N _   0.009 0.349 0.001 0.058 0.013 0.018 0.052 0.500 
 516 G _   0.009 0.317 0.001 0.046 0.012 0.016 0.053 0.547 
 517 V _   0.010 0.274 0.001 0.034 0.010 0.015 0.054 0.603 
 518 S _   0.010 0.228 0.001 0.023 0.008 0.013 0.056 0.661 
 519 D _   0.009 0.188 0.001 0.016 0.006 0.012 0.057 0.711 
 520 V _   0.009 0.162 0.001 0.011 0.004 0.011 0.058 0.744 
 521 P _   0.008 0.146 0.000 0.009 0.003 0.011 0.059 0.764 
 522 T _   0.007 0.138 0.000 0.007 0.003 0.010 0.059 0.775 
 523 S _   0.007 0.135 0.000 0.007 0.003 0.010 0.058 0.780 
 524 P _   0.007 0.135 0.000 0.007 0.003 0.011 0.057 0.780 
 525 T _   0.007 0.138 0.000 0.008 0.003 0.011 0.056 0.776 
 526 L _   0.007 0.144 0.000 0.010 0.004 0.012 0.054 0.768 
 527 Q _   0.007 0.152 0.001 0.012 0.005 0.013 0.053 0.757 
 528 R _   0.008 0.163 0.001 0.015 0.006 0.015 0.050 0.743 
 529 P _   0.008 0.177 0.001 0.018 0.007 0.016 0.048 0.726 
 530 T _   0.008 0.191 0.001 0.022 0.009 0.017 0.046 0.707 
 531 H _   0.009 0.205 0.001 0.026 0.010 0.018 0.044 0.688 
 532 M _   0.009 0.216 0.001 0.029 0.011 0.019 0.043 0.672 
 533 N _   0.009 0.225 0.001 0.033 0.012 0.019 0.041 0.659 
 534 Q _   0.010 0.229 0.001 0.035 0.012 0.019 0.041 0.653 
 535 M _   0.010 0.230 0.001 0.036 0.012 0.019 0.040 0.652 
 536 V _   0.010 0.226 0.001 0.035 0.012 0.018 0.040 0.658 
 537 F _   0.010 0.218 0.001 0.032 0.011 0.018 0.039 0.671 
 538 H _   0.010 0.205 0.001 0.028 0.010 0.017 0.040 0.690 
 539 K _   0.010 0.188 0.001 0.024 0.009 0.016 0.040 0.712 
 540 I _   0.010 0.168 0.001 0.020 0.008 0.016 0.041 0.737 
 541 R _   0.010 0.150 0.001 0.016 0.007 0.015 0.041 0.759 
 542 N _   0.010 0.134 0.001 0.014 0.006 0.015 0.042 0.778 
 543 E _   0.010 0.122 0.001 0.012 0.006 0.015 0.042 0.792 
 544 D _   0.011 0.113 0.001 0.011 0.005 0.015 0.043 0.802 
 545 L _   0.011 0.107 0.001 0.010 0.005 0.015 0.043 0.808 
 546 I _   0.012 0.102 0.001 0.010 0.005 0.016 0.043 0.811 
 547 F _   0.012 0.099 0.001 0.010 0.006 0.017 0.043 0.813 
 548 N _   0.013 0.097 0.001 0.010 0.006 0.018 0.043 0.812 
 549 E _   0.014 0.096 0.001 0.011 0.007 0.019 0.043 0.809 
 550 S _   0.016 0.097 0.001 0.011 0.007 0.021 0.042 0.805 
 551 L _   0.017 0.098 0.001 0.012 0.008 0.022 0.042 0.799 
 552 G _   0.019 0.100 0.001 0.014 0.010 0.024 0.042 0.791 
 553 Q _   0.021 0.103 0.001 0.016 0.011 0.026 0.042 0.780 
 554 G _   0.022 0.107 0.001 0.018 0.013 0.027 0.042 0.769 
 555 T _   0.024 0.112 0.001 0.022 0.015 0.028 0.042 0.758 
 556 F _   0.024 0.115 0.001 0.025 0.016 0.028 0.042 0.749 
 557 T _   0.025 0.117 0.001 0.028 0.017 0.028 0.042 0.741 
 558 K _   0.025 0.118 0.001 0.031 0.017 0.028 0.042 0.739 
 559 I _   0.024 0.116 0.001 0.032 0.017 0.026 0.043 0.741 
 560 F _   0.023 0.112 0.001 0.032 0.016 0.025 0.044 0.748 
 561 K _   0.021 0.105 0.001 0.030 0.014 0.023 0.045 0.760 
 562 G _   0.020 0.094 0.001 0.027 0.012 0.021 0.047 0.778 
 563 V _   0.018 0.080 0.001 0.023 0.010 0.019 0.048 0.800 
 564 R _   0.017 0.064 0.001 0.019 0.008 0.017 0.050 0.824 
 565 R _   0.015 0.047 0.001 0.014 0.007 0.015 0.052 0.850 
 566 E _   0.013 0.032 0.001 0.010 0.005 0.013 0.053 0.872 
 567 V _   0.012 0.022 0.001 0.007 0.004 0.012 0.054 0.888 
 568 G _   0.011 0.016 0.000 0.005 0.003 0.012 0.055 0.898 
 569 D _   0.011 0.013 0.000 0.004 0.003 0.012 0.055 0.902 
 570 Y _   0.011 0.012 0.000 0.003 0.003 0.013 0.055 0.902 
 571 G _   0.013 0.013 0.000 0.004 0.004 0.015 0.055 0.895 
 572 Q _   0.016 0.017 0.001 0.006 0.005 0.019 0.054 0.881 
 573 L _   0.020 0.026 0.001 0.011 0.009 0.024 0.053 0.857 
 574 H _   0.023 0.044 0.001 0.018 0.013 0.028 0.052 0.820 
 575 E _   0.025 0.070 0.002 0.030 0.018 0.032 0.050 0.773 
 576 T _   0.026 0.097 0.002 0.042 0.022 0.034 0.049 0.728 
 577 E _   0.026 0.118 0.002 0.054 0.024 0.034 0.048 0.695 
 578 V _   0.025 0.130 0.002 0.061 0.024 0.034 0.047 0.677 
 579 L _   0.024 0.135 0.002 0.064 0.023 0.032 0.048 0.673 
 580 L _   0.022 0.133 0.002 0.062 0.021 0.029 0.048 0.682 
 581 K _   0.020 0.126 0.002 0.055 0.018 0.026 0.049 0.703 
 582 V _   0.018 0.111 0.001 0.045 0.015 0.023 0.051 0.736 
 583 L _   0.017 0.088 0.001 0.033 0.011 0.020 0.052 0.778 
 584 D _   0.015 0.060 0.001 0.021 0.008 0.018 0.054 0.823 
 585 K _   0.014 0.036 0.001 0.012 0.005 0.016 0.055 0.862 
 586 A _   0.012 0.020 0.000 0.007 0.004 0.014 0.056 0.887 
 587 H _   0.011 0.013 0.000 0.004 0.003 0.014 0.056 0.899 
 588 R _   0.012 0.011 0.000 0.003 0.002 0.015 0.056 0.901 
 589 N _   0.014 0.010 0.000 0.003 0.003 0.017 0.055 0.896 
 590 Y _   0.018 0.013 0.000 0.005 0.005 0.021 0.054 0.883 
 591 S _   0.024 0.020 0.001 0.009 0.009 0.027 0.053 0.856 
 592 E _   0.030 0.036 0.001 0.018 0.015 0.033 0.051 0.816 
 593 S _   0.035 0.058 0.002 0.029 0.021 0.038 0.049 0.767 
 594 F _   0.039 0.079 0.002 0.041 0.027 0.041 0.047 0.723 
 595 F _   0.041 0.094 0.002 0.052 0.030 0.042 0.046 0.693 
 596 E _   0.041 0.101 0.002 0.059 0.031 0.042 0.046 0.678 
 597 A _   0.041 0.103 0.002 0.060 0.030 0.040 0.045 0.680 
 598 A _   0.039 0.099 0.002 0.055 0.027 0.038 0.046 0.694 
 599 S _   0.038 0.088 0.002 0.046 0.023 0.034 0.046 0.722 
 600 M _   0.036 0.070 0.002 0.034 0.019 0.031 0.047 0.762 
 601 M _   0.034 0.046 0.001 0.022 0.014 0.027 0.049 0.807 
 602 S _   0.032 0.024 0.001 0.012 0.009 0.024 0.050 0.847 
 603 K _   0.030 0.010 0.001 0.007 0.006 0.022 0.050 0.874 
 604 L _   0.028 0.003 0.000 0.004 0.005 0.020 0.050 0.889 
 605 S _   0.029 0.001 0.000 0.003 0.004 0.020 0.051 0.893 
 606 H _   0.031 0.001 0.000 0.002 0.004 0.021 0.050 0.890 
 607 K _   0.036 0.001 0.001 0.003 0.005 0.023 0.050 0.881 
 608 H _   0.044 0.001 0.001 0.004 0.008 0.027 0.050 0.866 
 609 L _   0.052 0.002 0.001 0.007 0.011 0.030 0.050 0.847 
 610 V _   0.059 0.003 0.001 0.012 0.015 0.034 0.050 0.826 
 611 L _   0.065 0.005 0.001 0.017 0.019 0.036 0.050 0.806 
 612 N _   0.069 0.007 0.002 0.022 0.022 0.038 0.050 0.791 
 613 Y _   0.071 0.008 0.002 0.024 0.023 0.038 0.050 0.784 
 614 G _   0.071 0.008 0.002 0.024 0.022 0.037 0.051 0.785 
 615 V _   0.070 0.008 0.002 0.021 0.020 0.035 0.052 0.793 
 616 C _   0.066 0.006 0.001 0.016 0.017 0.032 0.053 0.808 
 617 V _   0.061 0.004 0.001 0.012 0.013 0.030 0.054 0.825 
 618 C _   0.055 0.003 0.001 0.008 0.010 0.028 0.055 0.840 
 619 G _   0.050 0.002 0.001 0.005 0.008 0.026 0.056 0.852 
 620 D _   0.047 0.001 0.001 0.004 0.007 0.025 0.057 0.858 
 621 E _   0.044 0.001 0.001 0.004 0.006 0.026 0.058 0.860 
 622 N _   0.043 0.002 0.001 0.005 0.007 0.026 0.058 0.857 
 623 I _   0.043 0.003 0.001 0.007 0.009 0.028 0.059 0.850 
 624 L _   0.043 0.006 0.001 0.010 0.011 0.030 0.060 0.839 
 625 V _   0.043 0.010 0.001 0.015 0.014 0.031 0.060 0.826 
 626 Q _   0.042 0.015 0.001 0.020 0.016 0.031 0.061 0.814 
 627 E _   0.039 0.019 0.001 0.025 0.017 0.031 0.062 0.807 
 628 F _   0.036 0.022 0.001 0.028 0.017 0.029 0.063 0.805 
 629 V _   0.032 0.023 0.001 0.029 0.016 0.027 0.064 0.808 
 630 K _   0.028 0.023 0.001 0.028 0.014 0.025 0.066 0.815 
 631 F _   0.025 0.021 0.001 0.025 0.012 0.022 0.068 0.826 
 632 G _   0.021 0.019 0.001 0.022 0.010 0.019 0.070 0.838 
 633 S _   0.018 0.015 0.001 0.018 0.008 0.017 0.072 0.851 
 634 L _   0.016 0.012 0.001 0.014 0.006 0.014 0.074 0.864 
 635 D _   0.013 0.008 0.001 0.010 0.005 0.012 0.076 0.875 
 636 T _   0.012 0.005 0.000 0.008 0.004 0.010 0.077 0.884 
 637 Y _   0.010 0.003 0.000 0.006 0.003 0.009 0.079 0.890 
 638 L _   0.009 0.002 0.000 0.004 0.002 0.008 0.079 0.894 
 639 K _   0.009 0.001 0.000 0.003 0.002 0.008 0.080 0.896 
 640 K _   0.009 0.001 0.000 0.003 0.002 0.009 0.080 0.897 
 641 N _   0.009 0.001 0.000 0.003 0.002 0.010 0.080 0.895 
 642 K _   0.011 0.001 0.000 0.003 0.003 0.012 0.080 0.890 
 643 N _   0.014 0.001 0.000 0.004 0.004 0.015 0.079 0.883 
 644 C _   0.018 0.001 0.001 0.006 0.005 0.019 0.078 0.872 
 645 I _   0.023 0.002 0.001 0.009 0.008 0.023 0.078 0.857 
 646 N _   0.029 0.003 0.001 0.012 0.010 0.028 0.077 0.840 
 647 I _   0.035 0.004 0.001 0.015 0.013 0.033 0.076 0.823 
 648 L _   0.041 0.005 0.001 0.017 0.016 0.037 0.075 0.808 
 649 W _   0.047 0.005 0.001 0.018 0.017 0.040 0.074 0.796 
 650 K _   0.054 0.005 0.001 0.017 0.019 0.043 0.074 0.788 
 651 L _   0.060 0.004 0.001 0.015 0.019 0.045 0.073 0.782 
 652 E _   0.067 0.004 0.001 0.013 0.019 0.046 0.073 0.777 
 653 V _   0.074 0.003 0.001 0.010 0.019 0.047 0.073 0.772 
 654 A _   0.082 0.002 0.001 0.009 0.019 0.048 0.073 0.766 
 655 K _   0.090 0.002 0.001 0.008 0.019 0.048 0.073 0.758 
 656 Q _   0.098 0.002 0.001 0.008 0.020 0.049 0.074 0.748 
 657 L _   0.106 0.002 0.001 0.009 0.022 0.049 0.075 0.737 
 658 A _   0.112 0.002 0.001 0.010 0.023 0.048 0.076 0.728 
 659 W _   0.115 0.003 0.002 0.012 0.024 0.047 0.077 0.721 
 660 A _   0.116 0.003 0.002 0.013 0.024 0.045 0.079 0.720 
 661 M _   0.113 0.003 0.002 0.013 0.022 0.043 0.081 0.723 
 662 H _   0.109 0.003 0.001 0.013 0.020 0.040 0.083 0.731 
 663 F _   0.103 0.002 0.001 0.011 0.017 0.036 0.085 0.743 
