#TopoPred_TM8: 8-state transmembrane topology prediction results by no_profile mode 
#probabilities are in the order of H E C I L F X _, the 8 transmembrane topology types used in PDBTM 
   1 M X   0.007 0.001 0.002 0.030 0.006 0.006 0.880 0.068 
   2 P X   0.002 0.000 0.000 0.014 0.001 0.002 0.905 0.076 
   3 L X   0.001 0.000 0.000 0.006 0.000 0.001 0.911 0.081 
   4 A X   0.000 0.000 0.000 0.003 0.000 0.001 0.911 0.083 
   5 Q X   0.001 0.000 0.000 0.003 0.000 0.002 0.909 0.085 
   6 L X   0.001 0.001 0.000 0.003 0.001 0.003 0.905 0.087 
   7 K X   0.001 0.001 0.000 0.004 0.001 0.003 0.900 0.089 
   8 E X   0.002 0.003 0.000 0.006 0.001 0.004 0.894 0.091 
   9 P X   0.002 0.005 0.000 0.008 0.002 0.005 0.886 0.092 
  10 W X   0.002 0.007 0.000 0.012 0.003 0.006 0.877 0.093 
  11 P X   0.002 0.010 0.000 0.015 0.003 0.006 0.869 0.094 
  12 L X   0.002 0.012 0.000 0.017 0.004 0.006 0.862 0.096 
  13 M X   0.002 0.013 0.000 0.018 0.004 0.006 0.857 0.099 
  14 E X   0.002 0.013 0.000 0.018 0.003 0.006 0.854 0.103 
  15 L X   0.002 0.013 0.000 0.016 0.003 0.005 0.852 0.109 
  16 V X   0.002 0.011 0.000 0.013 0.002 0.004 0.851 0.115 
  17 P X   0.002 0.010 0.000 0.009 0.002 0.004 0.851 0.122 
  18 L X   0.002 0.007 0.000 0.006 0.001 0.003 0.850 0.129 
  19 D X   0.002 0.005 0.000 0.004 0.001 0.002 0.850 0.135 
  20 P X   0.002 0.004 0.000 0.003 0.001 0.002 0.848 0.141 
  21 E X   0.001 0.003 0.000 0.002 0.001 0.002 0.846 0.145 
  22 N X   0.001 0.002 0.000 0.002 0.000 0.002 0.843 0.150 
  23 G X   0.001 0.002 0.000 0.002 0.000 0.002 0.839 0.154 
  24 Q X   0.001 0.002 0.000 0.002 0.001 0.002 0.835 0.158 
  25 T X   0.001 0.002 0.000 0.002 0.001 0.002 0.828 0.163 
  26 S X   0.001 0.002 0.000 0.003 0.001 0.002 0.821 0.169 
  27 G X   0.001 0.003 0.000 0.004 0.001 0.003 0.812 0.175 
  28 E X   0.002 0.003 0.000 0.006 0.001 0.003 0.801 0.183 
  29 E X   0.002 0.004 0.000 0.006 0.001 0.003 0.790 0.193 
  30 A X   0.002 0.005 0.000 0.007 0.001 0.004 0.777 0.204 
  31 G X   0.002 0.006 0.000 0.007 0.001 0.004 0.764 0.217 
  32 L X   0.002 0.007 0.000 0.006 0.001 0.004 0.749 0.231 
  33 Q X   0.002 0.008 0.000 0.006 0.001 0.004 0.734 0.245 
  34 P X   0.002 0.009 0.000 0.006 0.002 0.005 0.717 0.260 
  35 S X   0.002 0.011 0.000 0.006 0.002 0.006 0.699 0.274 
  36 K X   0.002 0.016 0.000 0.008 0.002 0.008 0.678 0.286 
  37 D X   0.003 0.023 0.001 0.011 0.004 0.010 0.653 0.294 
  38 E X   0.004 0.037 0.001 0.017 0.006 0.013 0.624 0.298 
  39 G X   0.005 0.059 0.001 0.025 0.009 0.016 0.589 0.296 
  40 V X   0.006 0.087 0.001 0.034 0.011 0.019 0.553 0.288 
  41 L X   0.006 0.116 0.001 0.045 0.013 0.021 0.519 0.279 
  42 K X   0.007 0.139 0.001 0.053 0.015 0.021 0.491 0.273 
  43 E X   0.007 0.154 0.001 0.060 0.015 0.022 0.469 0.273 
  44 I X   0.007 0.162 0.001 0.063 0.015 0.021 0.452 0.279 
  45 S X   0.007 0.166 0.001 0.063 0.015 0.020 0.439 0.290 
  46 I X   0.007 0.165 0.001 0.060 0.014 0.019 0.429 0.306 
  47 T X   0.008 0.159 0.001 0.054 0.012 0.018 0.421 0.327 
  48 H X   0.008 0.148 0.001 0.046 0.011 0.016 0.416 0.354 
  49 H X   0.008 0.131 0.001 0.037 0.009 0.014 0.412 0.388 
  50 V _   0.008 0.108 0.001 0.029 0.007 0.013 0.408 0.425 
  51 K _   0.008 0.083 0.001 0.021 0.006 0.011 0.405 0.465 
  52 A _   0.007 0.058 0.001 0.015 0.004 0.010 0.402 0.503 
  53 G _   0.006 0.039 0.000 0.010 0.003 0.009 0.398 0.534 
  54 S _   0.006 0.027 0.000 0.006 0.002 0.007 0.393 0.558 
  55 E _   0.005 0.019 0.000 0.004 0.002 0.007 0.387 0.575 
  56 K _   0.005 0.016 0.000 0.003 0.002 0.007 0.379 0.588 
  57 A _   0.005 0.015 0.000 0.003 0.002 0.008 0.370 0.597 
  58 D _   0.005 0.015 0.000 0.004 0.002 0.010 0.360 0.604 
  59 P _   0.007 0.018 0.000 0.005 0.003 0.013 0.347 0.607 
  60 S _   0.009 0.024 0.001 0.009 0.005 0.017 0.331 0.604 
  61 H _   0.011 0.038 0.001 0.015 0.009 0.022 0.313 0.592 
  62 F _   0.013 0.059 0.001 0.024 0.013 0.027 0.291 0.572 
  63 E _   0.015 0.083 0.002 0.033 0.017 0.031 0.270 0.549 
  64 L _   0.016 0.103 0.002 0.042 0.020 0.034 0.251 0.532 
  65 L _   0.017 0.118 0.002 0.047 0.022 0.037 0.235 0.523 
  66 K _   0.019 0.126 0.002 0.049 0.022 0.038 0.222 0.523 
  67 V _   0.020 0.129 0.002 0.046 0.022 0.038 0.211 0.532 
  68 L _   0.021 0.129 0.002 0.040 0.021 0.038 0.202 0.548 
  69 G _   0.023 0.125 0.001 0.033 0.020 0.037 0.193 0.568 
  70 Q _   0.024 0.118 0.001 0.026 0.018 0.037 0.186 0.588 
  71 G _   0.026 0.111 0.001 0.021 0.017 0.037 0.180 0.607 
  72 S _   0.027 0.106 0.001 0.018 0.016 0.036 0.174 0.621 
  73 F _   0.029 0.102 0.001 0.017 0.016 0.036 0.169 0.630 
  74 G _   0.030 0.100 0.001 0.019 0.016 0.036 0.164 0.634 
  75 K _   0.031 0.099 0.001 0.022 0.017 0.035 0.160 0.636 
  76 V _   0.031 0.098 0.001 0.025 0.017 0.034 0.156 0.637 
  77 F _   0.030 0.096 0.001 0.029 0.017 0.032 0.153 0.642 
  78 L _   0.029 0.092 0.001 0.030 0.016 0.029 0.150 0.652 
  79 V _   0.027 0.084 0.001 0.029 0.014 0.026 0.148 0.670 
  80 R _   0.024 0.073 0.001 0.025 0.012 0.023 0.146 0.694 
  81 K _   0.021 0.058 0.001 0.020 0.010 0.020 0.145 0.724 
  82 V _   0.019 0.042 0.001 0.015 0.008 0.017 0.143 0.756 
  83 T _   0.016 0.027 0.001 0.010 0.005 0.015 0.142 0.785 
  84 R _   0.014 0.017 0.001 0.006 0.004 0.013 0.140 0.806 
  85 P _   0.012 0.012 0.000 0.004 0.003 0.013 0.138 0.818 
  86 D _   0.012 0.010 0.000 0.004 0.003 0.013 0.135 0.824 
  87 S _   0.012 0.010 0.000 0.004 0.003 0.013 0.132 0.825 
  88 G _   0.013 0.011 0.000 0.006 0.004 0.015 0.129 0.821 
  89 H _   0.015 0.014 0.001 0.009 0.006 0.017 0.126 0.813 
  90 L _   0.016 0.020 0.001 0.013 0.008 0.020 0.122 0.800 
  91 Y _   0.017 0.027 0.001 0.019 0.010 0.022 0.118 0.785 
  92 A _   0.018 0.035 0.001 0.025 0.012 0.023 0.113 0.772 
  93 M _   0.019 0.040 0.001 0.029 0.014 0.024 0.110 0.764 
  94 K _   0.018 0.044 0.001 0.032 0.014 0.024 0.106 0.761 
  95 V _   0.018 0.045 0.001 0.032 0.014 0.023 0.104 0.763 
  96 L _   0.017 0.044 0.001 0.030 0.013 0.022 0.101 0.771 
  97 K _   0.017 0.042 0.001 0.026 0.012 0.020 0.100 0.783 
  98 K _   0.016 0.038 0.001 0.022 0.010 0.019 0.098 0.796 
  99 A _   0.014 0.033 0.001 0.018 0.008 0.017 0.097 0.811 
 100 T _   0.014 0.027 0.001 0.015 0.007 0.016 0.096 0.825 
 101 L _   0.013 0.022 0.001 0.012 0.006 0.014 0.095 0.837 
 102 K _   0.012 0.019 0.001 0.010 0.005 0.013 0.094 0.846 
 103 V _   0.011 0.016 0.001 0.009 0.005 0.013 0.093 0.853 
 104 R _   0.011 0.014 0.001 0.009 0.004 0.012 0.092 0.857 
 105 D _   0.011 0.012 0.001 0.009 0.004 0.012 0.091 0.860 
 106 R _   0.011 0.011 0.001 0.009 0.004 0.012 0.089 0.862 
 107 V _   0.011 0.011 0.001 0.010 0.005 0.012 0.088 0.863 
 108 R _   0.011 0.010 0.001 0.010 0.005 0.013 0.087 0.864 
 109 T _   0.011 0.010 0.001 0.011 0.005 0.013 0.085 0.864 
 110 K _   0.011 0.009 0.001 0.012 0.006 0.013 0.084 0.864 
 111 M _   0.011 0.009 0.001 0.012 0.006 0.013 0.083 0.865 
 112 E _   0.012 0.008 0.001 0.012 0.006 0.013 0.081 0.866 
 113 R _   0.012 0.007 0.001 0.012 0.006 0.013 0.080 0.868 
 114 D _   0.012 0.007 0.001 0.011 0.006 0.013 0.079 0.871 
 115 I _   0.012 0.006 0.001 0.010 0.005 0.013 0.078 0.874 
 116 L _   0.013 0.005 0.001 0.009 0.005 0.014 0.077 0.877 
 117 A _   0.014 0.004 0.001 0.008 0.005 0.014 0.076 0.879 
 118 D _   0.015 0.003 0.001 0.007 0.005 0.015 0.075 0.880 
 119 V _   0.016 0.003 0.001 0.006 0.005 0.016 0.074 0.879 
 120 N _   0.018 0.002 0.001 0.006 0.005 0.018 0.073 0.877 
 121 H _   0.021 0.002 0.001 0.007 0.006 0.020 0.072 0.872 
 122 P _   0.024 0.003 0.001 0.008 0.007 0.022 0.070 0.865 
 123 F _   0.027 0.003 0.001 0.009 0.009 0.025 0.069 0.857 
 124 V _   0.030 0.004 0.001 0.011 0.011 0.028 0.068 0.847 
 125 V _   0.033 0.005 0.001 0.014 0.012 0.030 0.066 0.839 
 126 K _   0.035 0.005 0.001 0.016 0.014 0.032 0.065 0.832 
 127 L _   0.037 0.006 0.001 0.016 0.015 0.034 0.064 0.828 
 128 H _   0.038 0.006 0.001 0.016 0.015 0.034 0.063 0.828 
 129 Y _   0.038 0.005 0.001 0.015 0.014 0.034 0.062 0.831 
 130 A _   0.039 0.005 0.001 0.012 0.013 0.034 0.061 0.835 
 131 F _   0.040 0.004 0.001 0.010 0.012 0.035 0.060 0.838 
 132 Q _   0.042 0.003 0.001 0.008 0.012 0.035 0.059 0.840 
 133 T _   0.045 0.003 0.001 0.007 0.012 0.036 0.058 0.838 
 134 E _   0.050 0.003 0.001 0.007 0.012 0.037 0.058 0.832 
 135 G _   0.055 0.003 0.001 0.007 0.014 0.039 0.057 0.824 
 136 K _   0.061 0.004 0.001 0.009 0.016 0.041 0.056 0.812 
 137 L _   0.066 0.006 0.001 0.011 0.019 0.043 0.056 0.798 
 138 Y _   0.071 0.008 0.001 0.014 0.022 0.044 0.055 0.785 
 139 L _   0.074 0.010 0.002 0.017 0.024 0.044 0.055 0.774 
 140 I _   0.075 0.012 0.002 0.020 0.025 0.044 0.055 0.768 
 141 L _   0.073 0.013 0.002 0.022 0.025 0.042 0.055 0.767 
 142 D _   0.070 0.013 0.002 0.023 0.024 0.040 0.056 0.773 
 143 F _   0.066 0.013 0.002 0.021 0.021 0.037 0.057 0.784 
 144 L _   0.059 0.011 0.001 0.019 0.018 0.034 0.058 0.800 
 145 R _   0.052 0.009 0.001 0.016 0.015 0.030 0.058 0.818 
 146 G _   0.045 0.007 0.001 0.013 0.012 0.027 0.059 0.836 
 147 G _   0.040 0.005 0.001 0.010 0.009 0.024 0.060 0.851 
 148 D _   0.034 0.004 0.001 0.008 0.007 0.021 0.061 0.864 
 149 L _   0.031 0.003 0.001 0.007 0.006 0.019 0.061 0.873 
 150 F _   0.027 0.002 0.001 0.006 0.005 0.018 0.062 0.879 
 151 T _   0.025 0.001 0.001 0.006 0.005 0.017 0.062 0.884 
 152 R _   0.023 0.001 0.001 0.006 0.005 0.017 0.062 0.885 
 153 L _   0.022 0.001 0.001 0.006 0.005 0.017 0.062 0.885 
 154 S _   0.022 0.001 0.001 0.007 0.006 0.018 0.062 0.884 
 155 K _   0.023 0.001 0.001 0.008 0.006 0.018 0.062 0.881 
 156 E _   0.024 0.001 0.001 0.008 0.006 0.019 0.062 0.879 
 157 V _   0.025 0.001 0.001 0.008 0.006 0.019 0.062 0.878 
 158 M _   0.027 0.001 0.001 0.007 0.006 0.020 0.062 0.876 
 159 F _   0.030 0.001 0.001 0.006 0.006 0.021 0.061 0.875 
 160 T _   0.033 0.001 0.001 0.005 0.006 0.022 0.061 0.872 
 161 E _   0.038 0.001 0.001 0.004 0.006 0.025 0.060 0.865 
 162 E _   0.045 0.000 0.001 0.004 0.007 0.028 0.059 0.856 
 163 D _   0.055 0.001 0.001 0.004 0.009 0.032 0.059 0.840 
 164 V _   0.067 0.001 0.001 0.005 0.012 0.037 0.058 0.819 
 165 K _   0.080 0.003 0.001 0.007 0.017 0.043 0.057 0.791 
 166 F _   0.093 0.005 0.001 0.011 0.023 0.049 0.056 0.761 
 167 Y _   0.103 0.010 0.002 0.017 0.029 0.053 0.056 0.731 
 168 L _   0.109 0.014 0.002 0.024 0.034 0.055 0.056 0.707 
 169 A _   0.110 0.018 0.002 0.029 0.035 0.055 0.056 0.695 
 170 E _   0.108 0.019 0.002 0.031 0.035 0.053 0.056 0.695 
 171 L _   0.102 0.019 0.002 0.030 0.032 0.050 0.057 0.708 
 172 A _   0.095 0.017 0.002 0.025 0.027 0.046 0.058 0.731 
 173 L _   0.086 0.014 0.002 0.018 0.022 0.042 0.059 0.758 
 174 G _   0.078 0.011 0.001 0.012 0.017 0.038 0.060 0.784 
 175 L _   0.069 0.008 0.001 0.009 0.013 0.034 0.061 0.806 
 176 D _   0.061 0.006 0.001 0.007 0.010 0.032 0.061 0.822 
 177 H _   0.056 0.006 0.001 0.006 0.009 0.030 0.062 0.830 
 178 L _   0.051 0.007 0.001 0.008 0.009 0.029 0.063 0.832 
 179 H _   0.048 0.008 0.001 0.011 0.010 0.028 0.064 0.830 
 180 S _   0.045 0.010 0.001 0.015 0.011 0.027 0.065 0.824 
 181 L _   0.041 0.013 0.001 0.020 0.012 0.026 0.066 0.819 
 182 G _   0.038 0.015 0.001 0.024 0.013 0.025 0.068 0.816 
 183 I _   0.034 0.016 0.001 0.026 0.012 0.022 0.070 0.819 
 184 I _   0.030 0.016 0.001 0.025 0.011 0.020 0.071 0.826 
 185 Y _   0.025 0.015 0.001 0.022 0.009 0.017 0.073 0.838 
 186 R _   0.021 0.013 0.001 0.018 0.007 0.014 0.075 0.852 
 187 D _   0.017 0.010 0.001 0.013 0.005 0.012 0.077 0.865 
 188 L _   0.013 0.007 0.000 0.009 0.004 0.010 0.079 0.877 
 189 K _   0.011 0.005 0.000 0.007 0.003 0.008 0.081 0.885 
 190 P _   0.009 0.004 0.000 0.005 0.002 0.007 0.082 0.891 
 191 E _   0.008 0.004 0.000 0.004 0.002 0.006 0.082 0.893 
 192 N _   0.007 0.004 0.000 0.004 0.002 0.006 0.083 0.894 
 193 I _   0.007 0.005 0.000 0.004 0.002 0.006 0.083 0.893 
 194 L _   0.007 0.006 0.000 0.005 0.002 0.007 0.082 0.890 
 195 L _   0.007 0.008 0.000 0.007 0.003 0.008 0.082 0.886 
 196 D _   0.007 0.012 0.000 0.008 0.003 0.008 0.081 0.881 
 197 E _   0.007 0.016 0.000 0.010 0.004 0.009 0.079 0.875 
 198 E _   0.007 0.021 0.000 0.012 0.004 0.010 0.078 0.867 
 199 G _   0.007 0.027 0.001 0.015 0.005 0.011 0.077 0.859 
 200 H _   0.007 0.033 0.001 0.017 0.005 0.012 0.075 0.850 
 201 I _   0.007 0.038 0.001 0.020 0.006 0.012 0.074 0.842 
 202 K _   0.008 0.043 0.001 0.023 0.006 0.013 0.073 0.834 
 203 L _   0.008 0.047 0.001 0.025 0.007 0.013 0.072 0.827 
 204 T _   0.008 0.050 0.001 0.027 0.007 0.013 0.071 0.823 
 205 D _   0.008 0.051 0.001 0.028 0.007 0.013 0.071 0.822 
 206 F _   0.008 0.051 0.001 0.027 0.007 0.012 0.071 0.823 
 207 G _   0.008 0.049 0.001 0.025 0.006 0.011 0.072 0.828 
 208 L _   0.007 0.046 0.001 0.022 0.005 0.011 0.072 0.835 
 209 S _   0.007 0.042 0.001 0.019 0.005 0.010 0.073 0.845 
 210 K _   0.007 0.036 0.000 0.015 0.004 0.009 0.074 0.855 
 211 E _   0.006 0.031 0.000 0.011 0.003 0.008 0.075 0.866 
 212 A _   0.006 0.027 0.000 0.008 0.002 0.007 0.075 0.875 
 213 I _   0.005 0.024 0.000 0.006 0.002 0.007 0.075 0.882 
 214 D _   0.005 0.022 0.000 0.005 0.002 0.007 0.074 0.885 
 215 H _   0.005 0.022 0.000 0.004 0.002 0.008 0.073 0.885 
 216 E _   0.006 0.025 0.000 0.005 0.002 0.010 0.071 0.881 
 217 K _   0.007 0.030 0.000 0.006 0.003 0.012 0.069 0.871 
 218 K _   0.009 0.043 0.001 0.010 0.005 0.016 0.066 0.850 
 219 A _   0.012 0.067 0.001 0.016 0.008 0.020 0.062 0.815 
 220 Y _   0.014 0.108 0.001 0.024 0.012 0.024 0.057 0.760 
 221 S _   0.015 0.163 0.002 0.033 0.017 0.027 0.051 0.691 
 222 F _   0.015 0.222 0.002 0.043 0.020 0.029 0.046 0.623 
 223 C _   0.016 0.271 0.002 0.051 0.022 0.030 0.042 0.567 
 224 G _   0.016 0.305 0.002 0.057 0.023 0.030 0.038 0.529 
 225 T _   0.016 0.326 0.002 0.061 0.023 0.030 0.036 0.507 
 226 V _   0.016 0.338 0.002 0.062 0.023 0.029 0.034 0.496 
 227 E _   0.016 0.341 0.002 0.062 0.022 0.028 0.033 0.497 
 228 Y _   0.016 0.338 0.001 0.059 0.021 0.026 0.032 0.506 
 229 M _   0.016 0.328 0.002 0.056 0.020 0.025 0.032 0.523 
 230 A _   0.016 0.310 0.002 0.051 0.018 0.023 0.032 0.548 
 231 P _   0.016 0.284 0.002 0.046 0.016 0.022 0.032 0.583 
 232 E _   0.015 0.247 0.002 0.040 0.014 0.020 0.033 0.628 
 233 V _   0.015 0.203 0.002 0.034 0.012 0.019 0.034 0.682 
 234 V _   0.015 0.154 0.001 0.028 0.010 0.017 0.035 0.739 
 235 N _   0.015 0.106 0.001 0.021 0.008 0.015 0.036 0.797 
 236 R _   0.015 0.064 0.001 0.015 0.006 0.013 0.037 0.849 
 237 Q _   0.015 0.033 0.001 0.010 0.005 0.012 0.037 0.888 
 238 G _   0.017 0.014 0.000 0.006 0.003 0.010 0.037 0.912 
 239 H _   0.021 0.005 0.000 0.004 0.003 0.010 0.036 0.921 
 240 S _   0.031 0.002 0.000 0.003 0.002 0.010 0.035 0.918 
 241 H _   0.050 0.000 0.000 0.002 0.003 0.011 0.033 0.901 
 242 S _   0.086 0.000 0.000 0.002 0.004 0.013 0.031 0.864 
 243 A _   0.146 0.000 0.001 0.002 0.005 0.016 0.028 0.802 
 244 D _   0.232 0.000 0.001 0.002 0.009 0.020 0.025 0.711 
 245 W _   0.342 0.000 0.001 0.002 0.013 0.024 0.022 0.595 
 246 W _   0.455 0.000 0.001 0.002 0.020 0.028 0.019 0.474 
 247 S H   0.558 0.000 0.002 0.002 0.028 0.031 0.017 0.362 
 248 Y H   0.640 0.000 0.002 0.003 0.034 0.032 0.015 0.274 
 249 G H   0.699 0.000 0.002 0.003 0.039 0.032 0.015 0.210 
 250 V H   0.740 0.000 0.002 0.003 0.042 0.030 0.015 0.168 
 251 L H   0.762 0.001 0.002 0.003 0.043 0.029 0.015 0.145 
 252 M H   0.768 0.001 0.002 0.004 0.044 0.027 0.017 0.139 
 253 F H   0.760 0.001 0.002 0.004 0.043 0.025 0.019 0.146 
 254 E H   0.734 0.001 0.002 0.005 0.041 0.024 0.021 0.171 
 255 M H   0.686 0.001 0.002 0.006 0.038 0.023 0.026 0.218 
 256 L H   0.613 0.001 0.003 0.007 0.033 0.021 0.032 0.290 
 257 T H   0.517 0.001 0.002 0.008 0.026 0.019 0.039 0.387 
 258 G _   0.410 0.001 0.002 0.007 0.018 0.017 0.049 0.497 
 259 S _   0.304 0.000 0.001 0.006 0.012 0.014 0.058 0.604 
 260 L _   0.210 0.000 0.001 0.005 0.007 0.011 0.066 0.700 
 261 P _   0.135 0.000 0.001 0.003 0.004 0.009 0.073 0.775 
 262 F _   0.082 0.000 0.000 0.002 0.003 0.007 0.077 0.828 
 263 Q _   0.047 0.000 0.000 0.002 0.002 0.006 0.081 0.862 
 264 G _   0.028 0.000 0.000 0.001 0.001 0.006 0.083 0.880 
 265 K _   0.019 0.000 0.000 0.001 0.001 0.007 0.084 0.887 
 266 D _   0.016 0.001 0.000 0.002 0.002 0.009 0.085 0.886 
 267 R _   0.016 0.002 0.000 0.003 0.003 0.013 0.086 0.878 
 268 K _   0.019 0.008 0.001 0.006 0.005 0.018 0.086 0.858 
 269 E _   0.022 0.024 0.001 0.013 0.009 0.024 0.085 0.822 
 270 T _   0.024 0.055 0.001 0.023 0.015 0.029 0.084 0.768 
 271 M _   0.025 0.093 0.002 0.035 0.019 0.033 0.083 0.710 
 272 T _   0.026 0.124 0.002 0.046 0.022 0.035 0.082 0.664 
 273 L _   0.025 0.144 0.002 0.052 0.023 0.036 0.082 0.635 
 274 I _   0.024 0.154 0.002 0.055 0.023 0.036 0.082 0.623 
 275 L _   0.024 0.157 0.002 0.052 0.023 0.035 0.084 0.623 
 276 K _   0.024 0.155 0.002 0.046 0.021 0.034 0.086 0.632 
 277 A _   0.023 0.148 0.001 0.038 0.018 0.032 0.088 0.650 
 278 K _   0.023 0.136 0.001 0.029 0.015 0.030 0.091 0.673 
 279 L _   0.023 0.122 0.001 0.021 0.013 0.029 0.095 0.696 
 280 G _   0.023 0.109 0.001 0.015 0.010 0.028 0.098 0.716 
 281 M _   0.023 0.099 0.001 0.011 0.008 0.027 0.101 0.730 
 282 P _   0.023 0.093 0.001 0.009 0.007 0.027 0.104 0.737 
 283 Q _   0.023 0.091 0.001 0.008 0.007 0.027 0.106 0.737 
 284 F _   0.024 0.092 0.001 0.008 0.008 0.028 0.108 0.731 
 285 L _   0.025 0.095 0.001 0.010 0.009 0.029 0.110 0.720 
 286 S _   0.026 0.102 0.001 0.013 0.011 0.030 0.112 0.704 
 287 T _   0.027 0.112 0.001 0.017 0.013 0.032 0.114 0.684 
 288 E _   0.028 0.124 0.001 0.022 0.016 0.032 0.116 0.661 
 289 A _   0.028 0.137 0.001 0.028 0.017 0.032 0.119 0.638 
 290 Q _   0.028 0.147 0.001 0.034 0.019 0.032 0.122 0.618 
 291 S _   0.027 0.154 0.001 0.038 0.019 0.030 0.126 0.604 
 292 L _   0.027 0.157 0.001 0.041 0.019 0.029 0.130 0.596 
 293 L _   0.025 0.156 0.001 0.042 0.018 0.027 0.136 0.595 
 294 R _   0.023 0.152 0.001 0.041 0.016 0.024 0.142 0.600 
 295 A _   0.022 0.142 0.001 0.038 0.014 0.022 0.150 0.611 
 296 L _   0.020 0.128 0.001 0.033 0.012 0.019 0.159 0.627 
 297 F _   0.018 0.109 0.001 0.028 0.010 0.017 0.169 0.649 
 298 K _   0.016 0.087 0.001 0.022 0.007 0.014 0.180 0.672 
 299 R _   0.014 0.066 0.001 0.017 0.006 0.012 0.190 0.694 
 300 N _   0.012 0.049 0.001 0.013 0.004 0.010 0.199 0.712 
 301 P _   0.010 0.036 0.000 0.010 0.003 0.009 0.207 0.725 
 302 A _   0.009 0.027 0.000 0.008 0.002 0.007 0.213 0.734 
 303 N _   0.007 0.021 0.000 0.006 0.002 0.006 0.217 0.740 
 304 R _   0.006 0.018 0.000 0.005 0.002 0.005 0.221 0.744 
 305 L _   0.005 0.016 0.000 0.004 0.001 0.005 0.223 0.746 
 306 G _   0.005 0.015 0.000 0.004 0.001 0.005 0.224 0.747 
 307 S _   0.004 0.015 0.000 0.004 0.001 0.005 0.224 0.747 
 308 G _   0.004 0.017 0.000 0.004 0.001 0.006 0.223 0.745 
 309 P _   0.004 0.021 0.000 0.005 0.002 0.007 0.220 0.741 
 310 D _   0.005 0.029 0.000 0.007 0.002 0.009 0.217 0.731 
 311 G _   0.005 0.044 0.001 0.011 0.004 0.011 0.212 0.713 
 312 A _   0.007 0.071 0.001 0.016 0.006 0.014 0.205 0.680 
 313 E _   0.007 0.113 0.001 0.023 0.008 0.017 0.197 0.634 
 314 E _   0.008 0.163 0.001 0.031 0.011 0.019 0.188 0.580 
 315 I _   0.008 0.216 0.001 0.038 0.013 0.020 0.180 0.524 
 316 K _   0.007 0.259 0.001 0.044 0.014 0.020 0.174 0.480 
 317 R _   0.007 0.288 0.001 0.049 0.014 0.020 0.169 0.451 
 318 H _   0.007 0.306 0.001 0.051 0.014 0.020 0.167 0.434 
 319 V _   0.007 0.315 0.001 0.052 0.014 0.019 0.165 0.427 
 320 F _   0.007 0.317 0.001 0.050 0.013 0.019 0.165 0.428 
 321 Y _   0.007 0.313 0.001 0.046 0.013 0.018 0.166 0.435 
 322 S _   0.008 0.305 0.001 0.041 0.012 0.017 0.168 0.448 
 323 T _   0.008 0.290 0.001 0.036 0.011 0.017 0.171 0.466 
 324 I _   0.009 0.272 0.001 0.031 0.010 0.016 0.174 0.487 
 325 D _   0.009 0.251 0.001 0.027 0.009 0.015 0.179 0.509 
 326 W _   0.010 0.228 0.001 0.024 0.008 0.015 0.184 0.531 
 327 N _   0.010 0.204 0.001 0.022 0.008 0.014 0.189 0.551 
 328 K _   0.010 0.182 0.001 0.021 0.007 0.014 0.194 0.571 
 329 L _   0.010 0.160 0.001 0.019 0.007 0.013 0.200 0.590 
 330 Y _   0.010 0.139 0.001 0.018 0.006 0.012 0.206 0.609 
 331 R _   0.009 0.119 0.001 0.016 0.005 0.011 0.211 0.627 
 332 R _   0.009 0.101 0.001 0.014 0.005 0.010 0.217 0.644 
 333 E _   0.008 0.086 0.001 0.012 0.004 0.009 0.221 0.659 
 334 I _   0.007 0.073 0.000 0.010 0.003 0.009 0.226 0.672 
 335 K _   0.007 0.063 0.000 0.009 0.003 0.008 0.229 0.681 
 336 P _   0.006 0.056 0.000 0.007 0.003 0.007 0.233 0.688 
 337 P _   0.006 0.051 0.000 0.007 0.002 0.007 0.235 0.692 
 338 F _   0.005 0.048 0.000 0.006 0.002 0.007 0.237 0.694 
 339 K _   0.005 0.046 0.000 0.007 0.002 0.007 0.239 0.694 
 340 P _   0.005 0.046 0.000 0.007 0.002 0.007 0.240 0.693 
 341 A _   0.005 0.046 0.000 0.007 0.002 0.007 0.241 0.691 
 342 V _   0.005 0.047 0.000 0.008 0.003 0.007 0.242 0.688 
 343 A _   0.005 0.048 0.000 0.009 0.003 0.008 0.242 0.685 
 344 Q _   0.005 0.051 0.000 0.009 0.003 0.008 0.242 0.682 
 345 P _   0.005 0.053 0.000 0.010 0.003 0.008 0.242 0.678 
 346 D _   0.005 0.057 0.000 0.012 0.003 0.009 0.241 0.672 
 347 D _   0.005 0.061 0.000 0.014 0.004 0.010 0.241 0.665 
 348 T _   0.006 0.066 0.001 0.017 0.005 0.011 0.241 0.655 
 349 F _   0.006 0.071 0.001 0.021 0.005 0.011 0.241 0.644 
 350 Y _   0.007 0.075 0.001 0.025 0.006 0.012 0.241 0.633 
 351 F _   0.007 0.079 0.001 0.029 0.007 0.013 0.242 0.623 
 352 D _   0.007 0.080 0.001 0.033 0.007 0.013 0.244 0.616 
 353 T _   0.007 0.079 0.001 0.034 0.007 0.012 0.246 0.612 
 354 E _   0.007 0.076 0.001 0.033 0.007 0.012 0.250 0.614 
 355 F _   0.007 0.070 0.001 0.030 0.006 0.011 0.254 0.621 
 356 T _   0.007 0.061 0.001 0.025 0.005 0.010 0.259 0.632 
 357 S _   0.007 0.049 0.001 0.020 0.004 0.009 0.264 0.647 
 358 R _   0.006 0.035 0.000 0.015 0.003 0.007 0.270 0.664 
 359 T _   0.006 0.023 0.000 0.010 0.002 0.006 0.274 0.679 
 360 P _   0.005 0.014 0.000 0.006 0.002 0.005 0.278 0.691 
 361 K _   0.004 0.008 0.000 0.004 0.001 0.004 0.280 0.698 
 362 D _   0.004 0.005 0.000 0.003 0.001 0.004 0.280 0.703 
 363 S _   0.003 0.004 0.000 0.002 0.001 0.004 0.280 0.706 
 364 P _   0.003 0.003 0.000 0.002 0.001 0.004 0.278 0.708 
 365 G _   0.003 0.004 0.000 0.002 0.001 0.006 0.275 0.709 
 366 I _   0.004 0.005 0.000 0.003 0.001 0.008 0.271 0.707 
 367 P _   0.006 0.008 0.000 0.005 0.002 0.012 0.265 0.702 
 368 P _   0.009 0.015 0.000 0.007 0.004 0.019 0.257 0.690 
 369 S _   0.014 0.030 0.001 0.011 0.007 0.027 0.245 0.665 
 370 A _   0.020 0.056 0.001 0.016 0.013 0.037 0.231 0.627 
 371 G _   0.027 0.096 0.002 0.021 0.020 0.047 0.214 0.573 
 372 A _   0.035 0.149 0.002 0.026 0.030 0.056 0.195 0.507 
 373 H _   0.043 0.210 0.003 0.029 0.041 0.063 0.176 0.436 
 374 Q _   0.049 0.278 0.003 0.031 0.050 0.066 0.159 0.363 
 375 L E   0.053 0.345 0.003 0.033 0.058 0.067 0.144 0.297 
 376 F E   0.056 0.405 0.003 0.035 0.061 0.065 0.132 0.242 
 377 R E   0.057 0.454 0.003 0.038 0.060 0.061 0.124 0.202 
 378 G E   0.058 0.490 0.003 0.042 0.057 0.055 0.119 0.177 
 379 F E   0.058 0.512 0.002 0.045 0.052 0.050 0.116 0.165 
 380 S E   0.058 0.522 0.002 0.048 0.047 0.045 0.114 0.163 
 381 F E   0.056 0.523 0.002 0.051 0.041 0.040 0.114 0.172 
 382 V E   0.054 0.514 0.002 0.051 0.036 0.036 0.115 0.193 
 383 A E   0.050 0.489 0.002 0.049 0.030 0.031 0.117 0.231 
 384 T E   0.045 0.440 0.002 0.044 0.025 0.027 0.121 0.295 
 385 G _   0.041 0.359 0.003 0.038 0.020 0.023 0.126 0.390 
 386 L _   0.036 0.253 0.002 0.030 0.015 0.020 0.134 0.510 
 387 M _   0.030 0.150 0.002 0.020 0.010 0.016 0.141 0.632 
 388 E _   0.023 0.079 0.001 0.012 0.006 0.012 0.146 0.721 
 389 D _   0.016 0.042 0.000 0.007 0.003 0.009 0.149 0.774 
 390 D _   0.010 0.026 0.000 0.004 0.002 0.007 0.150 0.801 
 391 G _   0.007 0.020 0.000 0.002 0.001 0.006 0.150 0.813 
 392 K _   0.006 0.019 0.000 0.002 0.001 0.006 0.148 0.818 
 393 P _   0.005 0.020 0.000 0.003 0.001 0.007 0.146 0.818 
 394 R _   0.006 0.024 0.000 0.004 0.002 0.009 0.142 0.812 
 395 A _   0.008 0.036 0.000 0.008 0.004 0.013 0.137 0.795 
 396 P _   0.010 0.066 0.001 0.014 0.006 0.017 0.128 0.758 
 397 Q _   0.011 0.124 0.001 0.024 0.011 0.021 0.115 0.693 
 398 A _   0.011 0.210 0.002 0.034 0.014 0.024 0.100 0.605 
 399 P _   0.011 0.303 0.002 0.042 0.016 0.025 0.086 0.515 
 400 L _   0.009 0.382 0.002 0.048 0.017 0.024 0.074 0.444 
 401 H E   0.008 0.434 0.002 0.051 0.016 0.023 0.066 0.400 
 402 S E   0.008 0.466 0.001 0.052 0.016 0.022 0.060 0.375 
 403 V E   0.007 0.483 0.001 0.052 0.015 0.021 0.056 0.365 
 404 V E   0.007 0.491 0.001 0.050 0.014 0.020 0.053 0.364 
 405 Q E   0.007 0.491 0.001 0.047 0.014 0.019 0.051 0.371 
 406 Q E   0.007 0.484 0.001 0.042 0.013 0.018 0.049 0.385 
 407 L E   0.007 0.469 0.001 0.038 0.012 0.017 0.048 0.407 
 408 H E   0.008 0.447 0.001 0.032 0.012 0.017 0.047 0.435 
 409 G _   0.009 0.419 0.001 0.028 0.011 0.016 0.047 0.469 
 410 K _   0.009 0.387 0.001 0.023 0.010 0.016 0.047 0.506 
 411 N _   0.010 0.356 0.001 0.019 0.009 0.016 0.047 0.542 
 412 L _   0.010 0.328 0.001 0.016 0.008 0.016 0.048 0.574 
 413 V _   0.011 0.305 0.001 0.014 0.007 0.016 0.048 0.600 
 414 F _   0.011 0.287 0.001 0.012 0.006 0.016 0.048 0.620 
 415 S _   0.011 0.275 0.001 0.011 0.006 0.016 0.047 0.634 
 416 D _   0.011 0.267 0.001 0.010 0.006 0.016 0.047 0.641 
 417 G _   0.012 0.264 0.001 0.011 0.006 0.017 0.047 0.643 
 418 Y _   0.013 0.263 0.001 0.012 0.007 0.018 0.046 0.642 
 419 V _   0.013 0.264 0.001 0.014 0.008 0.018 0.045 0.637 
 420 V _   0.014 0.266 0.001 0.016 0.009 0.019 0.045 0.631 
 421 K _   0.014 0.269 0.001 0.018 0.010 0.019 0.045 0.624 
 422 E _   0.014 0.272 0.001 0.020 0.010 0.019 0.044 0.619 
 423 T _   0.014 0.273 0.001 0.022 0.010 0.019 0.044 0.617 
 424 I _   0.013 0.273 0.001 0.022 0.010 0.018 0.044 0.618 
 425 G _   0.012 0.270 0.001 0.022 0.010 0.017 0.044 0.623 
 426 V _   0.012 0.265 0.001 0.021 0.009 0.016 0.044 0.631 
 427 G _   0.011 0.259 0.001 0.020 0.008 0.016 0.045 0.641 
 428 S _   0.010 0.250 0.001 0.018 0.008 0.015 0.045 0.653 
 429 Y _   0.009 0.241 0.001 0.017 0.007 0.014 0.046 0.666 
 430 S _   0.009 0.232 0.001 0.015 0.006 0.013 0.046 0.678 
 431 E _   0.008 0.224 0.001 0.013 0.006 0.013 0.047 0.689 
 432 C _   0.008 0.218 0.001 0.012 0.005 0.013 0.047 0.697 
 433 K _   0.007 0.213 0.001 0.012 0.005 0.012 0.047 0.703 
 434 R _   0.007 0.211 0.001 0.011 0.005 0.012 0.048 0.706 
 435 C _   0.007 0.210 0.001 0.012 0.005 0.013 0.048 0.706 
 436 V _   0.008 0.210 0.001 0.012 0.005 0.013 0.048 0.703 
 437 H _   0.008 0.212 0.001 0.014 0.006 0.014 0.047 0.698 
 438 K _   0.009 0.216 0.001 0.017 0.007 0.015 0.047 0.689 
 439 A _   0.010 0.220 0.001 0.020 0.008 0.016 0.047 0.679 
 440 T _   0.011 0.224 0.001 0.024 0.009 0.017 0.048 0.667 
 441 N _   0.012 0.227 0.001 0.028 0.010 0.017 0.048 0.656 
 442 M _   0.012 0.229 0.001 0.033 0.011 0.018 0.049 0.647 
 443 E _   0.013 0.227 0.001 0.037 0.012 0.018 0.050 0.642 
 444 Y _   0.014 0.222 0.001 0.038 0.012 0.017 0.052 0.644 
 445 A _   0.014 0.211 0.001 0.038 0.011 0.016 0.054 0.655 
 446 V _   0.014 0.193 0.001 0.035 0.010 0.015 0.057 0.674 
 447 K _   0.013 0.166 0.001 0.031 0.008 0.014 0.060 0.706 
 448 V _   0.012 0.131 0.001 0.024 0.007 0.012 0.064 0.749 
 449 I _   0.011 0.094 0.001 0.017 0.005 0.011 0.067 0.794 
 450 D _   0.010 0.063 0.001 0.011 0.004 0.009 0.070 0.834 
 451 K _   0.008 0.043 0.000 0.007 0.002 0.007 0.071 0.861 
 452 S _   0.006 0.032 0.000 0.004 0.002 0.007 0.072 0.877 
 453 K _   0.005 0.028 0.000 0.003 0.001 0.006 0.072 0.884 
 454 R _   0.005 0.028 0.000 0.003 0.001 0.007 0.071 0.884 
 455 D _   0.006 0.031 0.000 0.004 0.002 0.009 0.070 0.877 
 456 P _   0.008 0.041 0.000 0.008 0.004 0.012 0.068 0.859 
 457 S _   0.010 0.068 0.001 0.015 0.007 0.016 0.065 0.819 
 458 E _   0.011 0.121 0.001 0.026 0.011 0.020 0.059 0.750 
 459 E _   0.012 0.194 0.002 0.039 0.014 0.022 0.054 0.664 
 460 I _   0.011 0.260 0.002 0.050 0.016 0.023 0.049 0.591 
 461 E _   0.010 0.302 0.001 0.057 0.016 0.023 0.045 0.545 
 462 I _   0.010 0.326 0.001 0.060 0.016 0.022 0.043 0.522 
 463 L _   0.010 0.337 0.001 0.060 0.015 0.022 0.041 0.515 
 464 L _   0.009 0.339 0.001 0.056 0.015 0.021 0.040 0.519 
 465 R _   0.009 0.334 0.001 0.050 0.014 0.019 0.040 0.533 
 466 Y _   0.009 0.321 0.001 0.043 0.013 0.018 0.040 0.555 
 467 G _   0.009 0.303 0.001 0.036 0.011 0.017 0.041 0.582 
 468 Q _   0.009 0.281 0.001 0.030 0.010 0.017 0.041 0.610 
 469 H _   0.010 0.259 0.001 0.026 0.009 0.016 0.042 0.637 
 470 P _   0.010 0.239 0.001 0.024 0.008 0.016 0.043 0.659 
 471 N _   0.010 0.220 0.001 0.023 0.008 0.015 0.045 0.679 
 472 I _   0.010 0.202 0.001 0.023 0.007 0.014 0.046 0.697 
 473 I _   0.010 0.182 0.001 0.023 0.007 0.014 0.047 0.716 
 474 T _   0.010 0.160 0.001 0.022 0.007 0.013 0.048 0.739 
 475 L _   0.009 0.135 0.001 0.020 0.006 0.012 0.050 0.767 
 476 K _   0.009 0.107 0.001 0.016 0.005 0.011 0.051 0.799 
 477 D _   0.008 0.080 0.001 0.012 0.004 0.011 0.052 0.832 
 478 V _   0.007 0.059 0.001 0.009 0.003 0.010 0.053 0.858 
 479 Y _   0.007 0.045 0.000 0.006 0.003 0.010 0.054 0.876 
 480 D _   0.007 0.038 0.000 0.004 0.002 0.010 0.053 0.885 
 481 D _   0.008 0.035 0.000 0.004 0.002 0.012 0.053 0.886 
 482 G _   0.010 0.036 0.000 0.004 0.003 0.015 0.052 0.879 
 483 K _   0.013 0.041 0.001 0.007 0.005 0.019 0.051 0.863 
 484 H _   0.018 0.054 0.001 0.011 0.009 0.025 0.049 0.834 
 485 V _   0.022 0.081 0.001 0.019 0.014 0.030 0.047 0.787 
 486 Y _   0.025 0.119 0.002 0.029 0.020 0.035 0.044 0.728 
 487 L _   0.027 0.159 0.002 0.039 0.024 0.038 0.042 0.670 
 488 V _   0.028 0.190 0.002 0.047 0.026 0.040 0.040 0.628 
 489 T _   0.029 0.210 0.002 0.052 0.027 0.040 0.038 0.602 
 490 E _   0.029 0.219 0.002 0.054 0.027 0.039 0.037 0.592 
 491 L _   0.028 0.222 0.002 0.052 0.027 0.038 0.037 0.595 
 492 M _   0.027 0.218 0.002 0.047 0.024 0.036 0.037 0.608 
 493 R _   0.026 0.208 0.002 0.041 0.022 0.034 0.037 0.629 
 494 G _   0.025 0.193 0.002 0.035 0.019 0.031 0.038 0.657 
 495 G _   0.023 0.174 0.001 0.029 0.016 0.029 0.039 0.688 
 496 E _   0.022 0.153 0.001 0.025 0.014 0.027 0.040 0.718 
 497 L _   0.021 0.132 0.001 0.021 0.012 0.025 0.041 0.746 
 498 L _   0.020 0.113 0.001 0.019 0.010 0.024 0.042 0.772 
 499 D _   0.019 0.094 0.001 0.017 0.009 0.022 0.043 0.794 
 500 K _   0.018 0.078 0.001 0.016 0.008 0.021 0.044 0.815 
 501 I _   0.017 0.062 0.001 0.014 0.007 0.020 0.045 0.834 
 502 L _   0.016 0.048 0.001 0.013 0.007 0.019 0.045 0.851 
 503 R _   0.016 0.035 0.001 0.011 0.006 0.018 0.046 0.867 
 504 Q _   0.016 0.025 0.001 0.009 0.005 0.018 0.046 0.881 
 505 K _   0.017 0.016 0.001 0.007 0.005 0.018 0.047 0.890 
 506 F _   0.018 0.011 0.001 0.006 0.004 0.019 0.047 0.895 
 507 F _   0.020 0.007 0.001 0.005 0.004 0.020 0.047 0.896 
 508 S _   0.024 0.006 0.001 0.004 0.005 0.022 0.046 0.892 
 509 E _   0.030 0.005 0.001 0.005 0.006 0.025 0.046 0.882 
 510 R _   0.038 0.006 0.001 0.006 0.008 0.030 0.046 0.867 
 511 E _   0.048 0.007 0.001 0.008 0.012 0.035 0.045 0.845 
 512 A _   0.059 0.010 0.001 0.011 0.017 0.040 0.044 0.818 
 513 S _   0.069 0.015 0.001 0.014 0.022 0.045 0.044 0.789 
 514 F _   0.080 0.020 0.002 0.019 0.027 0.049 0.043 0.760 
 515 V _   0.087 0.025 0.002 0.024 0.031 0.051 0.043 0.737 
 516 L _   0.091 0.029 0.002 0.027 0.034 0.052 0.043 0.721 
 517 H _   0.093 0.031 0.002 0.029 0.034 0.051 0.044 0.716 
 518 T _   0.092 0.032 0.002 0.028 0.033 0.050 0.044 0.719 
 519 I _   0.089 0.031 0.002 0.026 0.030 0.047 0.045 0.729 
 520 G _   0.084 0.029 0.002 0.023 0.027 0.044 0.047 0.746 
 521 K _   0.077 0.026 0.002 0.019 0.022 0.041 0.048 0.766 
 522 T _   0.069 0.023 0.001 0.015 0.018 0.037 0.049 0.787 
 523 V _   0.061 0.020 0.001 0.013 0.015 0.033 0.051 0.806 
 524 E _   0.051 0.018 0.001 0.012 0.012 0.030 0.052 0.823 
 525 Y _   0.043 0.017 0.001 0.012 0.011 0.027 0.054 0.836 
 526 L _   0.036 0.016 0.001 0.012 0.010 0.025 0.055 0.846 
 527 H _   0.030 0.016 0.001 0.013 0.009 0.023 0.056 0.852 
 528 S _   0.025 0.016 0.001 0.015 0.008 0.021 0.058 0.857 
 529 Q _   0.021 0.016 0.001 0.016 0.008 0.019 0.059 0.861 
 530 G _   0.018 0.015 0.001 0.016 0.007 0.017 0.060 0.866 
 531 V _   0.015 0.015 0.001 0.015 0.006 0.015 0.062 0.871 
 532 V _   0.013 0.014 0.001 0.014 0.006 0.013 0.063 0.876 
 533 H _   0.012 0.012 0.001 0.013 0.005 0.012 0.064 0.882 
 534 R _   0.010 0.011 0.001 0.011 0.004 0.011 0.065 0.887 
 535 D _   0.009 0.009 0.000 0.010 0.004 0.010 0.066 0.891 
 536 L _   0.009 0.008 0.000 0.009 0.004 0.009 0.068 0.893 
 537 K _   0.008 0.007 0.000 0.009 0.003 0.009 0.069 0.894 
 538 P _   0.008 0.007 0.000 0.009 0.003 0.008 0.070 0.895 
 539 S _   0.007 0.006 0.000 0.010 0.003 0.008 0.071 0.894 
 540 N _   0.007 0.006 0.000 0.010 0.003 0.008 0.072 0.894 
 541 I _   0.007 0.005 0.000 0.010 0.003 0.008 0.072 0.894 
 542 L _   0.007 0.005 0.000 0.009 0.003 0.007 0.073 0.895 
 543 Y _   0.006 0.004 0.000 0.008 0.003 0.007 0.073 0.898 
 544 V _   0.006 0.004 0.000 0.007 0.002 0.007 0.073 0.901 
 545 D _   0.006 0.003 0.000 0.005 0.002 0.007 0.073 0.904 
 546 E _   0.005 0.003 0.000 0.004 0.002 0.007 0.072 0.905 
 547 S _   0.006 0.003 0.000 0.004 0.002 0.008 0.072 0.905 
 548 G _   0.007 0.004 0.000 0.004 0.002 0.011 0.070 0.902 
 549 N _   0.009 0.006 0.000 0.004 0.003 0.014 0.069 0.894 
 550 P _   0.013 0.011 0.001 0.007 0.005 0.019 0.066 0.877 
 551 E _   0.018 0.024 0.001 0.012 0.009 0.026 0.063 0.847 
 552 C _   0.024 0.049 0.001 0.020 0.016 0.033 0.059 0.798 
 553 L _   0.028 0.086 0.002 0.032 0.022 0.039 0.055 0.736 
 554 R _   0.030 0.124 0.002 0.046 0.028 0.043 0.051 0.675 
 555 I _   0.032 0.153 0.002 0.058 0.032 0.045 0.047 0.631 
 556 C _   0.032 0.170 0.002 0.067 0.034 0.046 0.045 0.604 
 557 D _   0.032 0.178 0.002 0.071 0.034 0.045 0.043 0.595 
 558 F _   0.032 0.179 0.002 0.070 0.032 0.043 0.042 0.601 
 559 G _   0.032 0.173 0.002 0.063 0.029 0.040 0.041 0.621 
 560 F _   0.031 0.157 0.002 0.052 0.025 0.036 0.041 0.656 
 561 A _   0.029 0.132 0.002 0.040 0.020 0.033 0.041 0.703 
 562 K _   0.027 0.100 0.002 0.028 0.016 0.030 0.041 0.757 
 563 Q _   0.026 0.067 0.001 0.018 0.011 0.027 0.041 0.808 
 564 L _   0.023 0.044 0.001 0.011 0.008 0.025 0.041 0.846 
 565 R _   0.022 0.032 0.001 0.007 0.006 0.023 0.041 0.869 
 566 A _   0.021 0.026 0.001 0.006 0.005 0.023 0.040 0.879 
 567 E _   0.021 0.025 0.001 0.005 0.005 0.023 0.039 0.881 
 568 N _   0.022 0.025 0.001 0.007 0.006 0.024 0.038 0.877 
 569 G _   0.024 0.028 0.001 0.009 0.008 0.026 0.037 0.868 
 570 L _   0.026 0.032 0.001 0.012 0.009 0.027 0.036 0.856 
 571 L _   0.028 0.037 0.001 0.015 0.011 0.028 0.034 0.845 
 572 M _   0.028 0.042 0.001 0.018 0.013 0.029 0.033 0.836 
 573 T _   0.028 0.046 0.001 0.019 0.014 0.030 0.032 0.830 
 574 P _   0.028 0.050 0.001 0.020 0.014 0.030 0.030 0.827 
 575 C _   0.028 0.052 0.001 0.020 0.014 0.030 0.029 0.826 
 576 Y _   0.028 0.054 0.001 0.020 0.014 0.029 0.028 0.826 
 577 T _   0.028 0.056 0.001 0.020 0.014 0.029 0.027 0.824 
 578 A _   0.028 0.059 0.001 0.022 0.015 0.029 0.026 0.821 
 579 N _   0.027 0.061 0.001 0.024 0.015 0.028 0.026 0.818 
 580 F _   0.026 0.063 0.001 0.028 0.015 0.027 0.025 0.814 
 581 V _   0.025 0.065 0.001 0.031 0.015 0.026 0.024 0.813 
 582 A _   0.023 0.065 0.001 0.034 0.014 0.024 0.024 0.815 
 583 P _   0.022 0.063 0.001 0.035 0.013 0.022 0.024 0.821 
 584 E _   0.020 0.058 0.001 0.033 0.012 0.020 0.023 0.832 
 585 V _   0.018 0.051 0.001 0.029 0.010 0.017 0.023 0.850 
 586 L _   0.017 0.040 0.001 0.023 0.008 0.014 0.023 0.874 
 587 K _   0.016 0.027 0.001 0.016 0.006 0.012 0.023 0.900 
 588 R _   0.015 0.015 0.001 0.010 0.004 0.009 0.023 0.923 
 589 Q _   0.016 0.007 0.000 0.006 0.003 0.007 0.022 0.940 
 590 G _   0.019 0.002 0.000 0.003 0.002 0.006 0.021 0.947 
 591 Y _   0.026 0.000 0.000 0.002 0.002 0.005 0.020 0.945 
 592 D _   0.043 0.000 0.000 0.001 0.002 0.005 0.019 0.930 
 593 E _   0.078 0.000 0.000 0.001 0.002 0.006 0.017 0.896 
 594 G _   0.146 0.000 0.000 0.001 0.003 0.008 0.014 0.827 
 595 C _   0.257 0.000 0.001 0.001 0.005 0.009 0.011 0.716 
 596 D _   0.399 0.000 0.001 0.001 0.008 0.011 0.009 0.571 
 597 I H   0.555 0.000 0.001 0.001 0.011 0.013 0.006 0.414 
 598 W H   0.691 0.000 0.001 0.001 0.014 0.013 0.004 0.277 
 599 S H   0.789 0.000 0.001 0.001 0.016 0.013 0.003 0.177 
 600 L H   0.853 0.000 0.001 0.001 0.018 0.012 0.002 0.114 
 601 G H   0.890 0.000 0.001 0.001 0.018 0.010 0.002 0.078 
 602 I H   0.910 0.000 0.001 0.001 0.018 0.009 0.002 0.059 
 603 L H   0.919 0.000 0.001 0.001 0.019 0.008 0.002 0.051 
 604 L H   0.917 0.000 0.001 0.001 0.020 0.008 0.002 0.051 
 605 Y H   0.907 0.000 0.001 0.001 0.021 0.008 0.002 0.060 
 606 T H   0.885 0.000 0.001 0.001 0.022 0.008 0.003 0.080 
 607 M H   0.845 0.000 0.002 0.001 0.023 0.009 0.004 0.116 
 608 L H   0.782 0.000 0.002 0.002 0.023 0.010 0.007 0.175 
 609 A H   0.691 0.000 0.002 0.003 0.021 0.011 0.011 0.261 
 610 G H   0.578 0.000 0.002 0.004 0.019 0.012 0.017 0.368 
 611 Y _   0.454 0.000 0.002 0.005 0.014 0.011 0.025 0.489 
 612 T _   0.332 0.000 0.001 0.005 0.010 0.011 0.032 0.608 
 613 P _   0.224 0.000 0.001 0.005 0.007 0.009 0.040 0.714 
 614 F _   0.140 0.000 0.001 0.004 0.004 0.008 0.045 0.798 
 615 A _   0.079 0.000 0.000 0.003 0.003 0.006 0.050 0.859 
 616 N _   0.042 0.000 0.000 0.002 0.002 0.005 0.052 0.896 
 617 G _   0.022 0.000 0.000 0.002 0.001 0.005 0.054 0.916 
 618 P _   0.013 0.001 0.000 0.002 0.001 0.005 0.055 0.924 
 619 S _   0.010 0.002 0.000 0.002 0.001 0.006 0.055 0.924 
 620 D _   0.009 0.006 0.000 0.004 0.002 0.009 0.055 0.915 
 621 T _   0.011 0.020 0.001 0.008 0.005 0.013 0.054 0.889 
 622 P _   0.013 0.059 0.001 0.017 0.009 0.019 0.051 0.831 
 623 E _   0.015 0.141 0.002 0.029 0.015 0.023 0.047 0.728 
 624 E _   0.014 0.254 0.002 0.042 0.019 0.025 0.043 0.601 
 625 I _   0.012 0.360 0.002 0.051 0.020 0.025 0.039 0.491 
 626 L E   0.010 0.432 0.002 0.056 0.019 0.023 0.036 0.422 
 627 T E   0.009 0.472 0.001 0.058 0.017 0.022 0.035 0.386 
 628 R E   0.008 0.493 0.001 0.057 0.016 0.021 0.034 0.370 
 629 I E   0.007 0.502 0.001 0.055 0.015 0.019 0.034 0.366 
 630 G E   0.007 0.503 0.001 0.050 0.015 0.018 0.034 0.371 
 631 S E   0.007 0.497 0.001 0.045 0.014 0.017 0.035 0.383 
 632 G E   0.007 0.484 0.001 0.039 0.013 0.016 0.037 0.402 
 633 K E   0.008 0.463 0.001 0.033 0.011 0.016 0.039 0.429 
 634 F _   0.008 0.435 0.001 0.028 0.010 0.015 0.041 0.461 
 635 T _   0.008 0.405 0.001 0.023 0.009 0.015 0.044 0.495 
 636 L _   0.008 0.376 0.001 0.020 0.008 0.014 0.047 0.527 
 637 S _   0.008 0.350 0.001 0.017 0.007 0.014 0.049 0.555 
 638 G _   0.007 0.330 0.001 0.014 0.006 0.013 0.052 0.577 
 639 G _   0.007 0.315 0.001 0.013 0.005 0.013 0.054 0.592 
 640 N _   0.007 0.305 0.001 0.012 0.005 0.013 0.056 0.602 
 641 W _   0.007 0.297 0.001 0.012 0.005 0.013 0.057 0.608 
 642 N _   0.008 0.291 0.001 0.012 0.005 0.014 0.059 0.611 
 643 T _   0.008 0.287 0.001 0.013 0.006 0.014 0.061 0.611 
 644 V _   0.008 0.284 0.001 0.014 0.006 0.015 0.062 0.610 
 645 S _   0.009 0.281 0.001 0.016 0.007 0.016 0.064 0.607 
 646 E _   0.009 0.279 0.001 0.017 0.007 0.016 0.066 0.605 
 647 T _   0.010 0.276 0.001 0.018 0.008 0.017 0.068 0.603 
 648 A _   0.010 0.272 0.001 0.019 0.009 0.017 0.071 0.601 
 649 K _   0.011 0.267 0.001 0.020 0.009 0.018 0.073 0.600 
 650 D _   0.012 0.261 0.001 0.021 0.010 0.018 0.077 0.600 
 651 L _   0.013 0.252 0.001 0.022 0.010 0.019 0.080 0.603 
 652 V _   0.013 0.242 0.001 0.023 0.011 0.019 0.085 0.607 
 653 S _   0.014 0.229 0.001 0.023 0.011 0.018 0.090 0.614 
 654 K _   0.014 0.213 0.001 0.023 0.010 0.018 0.095 0.625 
 655 M _   0.014 0.194 0.001 0.022 0.010 0.018 0.102 0.639 
 656 L _   0.014 0.172 0.001 0.020 0.009 0.017 0.109 0.658 
 657 H _   0.014 0.148 0.001 0.017 0.008 0.016 0.116 0.679 
 658 V _   0.013 0.126 0.001 0.015 0.007 0.016 0.124 0.699 
 659 D _   0.013 0.106 0.001 0.012 0.006 0.015 0.131 0.716 
 660 P _   0.013 0.092 0.001 0.010 0.005 0.015 0.137 0.728 
 661 H _   0.013 0.083 0.001 0.008 0.005 0.015 0.143 0.734 
 662 Q _   0.013 0.077 0.001 0.008 0.005 0.015 0.148 0.735 
 663 R _   0.013 0.075 0.001 0.008 0.005 0.015 0.152 0.732 
