#TopoPred_TM8: 8-state transmembrane topology prediction results by no_profile mode 
#probabilities are in the order of H E C I L F X _, the 8 transmembrane topology types used in PDBTM 
   1 M X   0.015 0.001 0.003 0.087 0.013 0.014 0.648 0.218 
   2 E X   0.007 0.001 0.000 0.063 0.003 0.009 0.669 0.247 
   3 V X   0.003 0.001 0.000 0.043 0.002 0.007 0.675 0.269 
   4 V X   0.003 0.001 0.000 0.031 0.001 0.007 0.673 0.285 
   5 G X   0.003 0.001 0.000 0.023 0.002 0.008 0.666 0.298 
   6 D X   0.003 0.001 0.000 0.016 0.002 0.008 0.656 0.314 
   7 F X   0.004 0.001 0.000 0.011 0.002 0.008 0.646 0.328 
   8 E X   0.004 0.001 0.000 0.008 0.002 0.008 0.633 0.343 
   9 Y X   0.004 0.001 0.000 0.006 0.002 0.009 0.620 0.358 
  10 S X   0.004 0.002 0.000 0.005 0.002 0.010 0.605 0.372 
  11 K X   0.005 0.003 0.000 0.006 0.003 0.011 0.588 0.384 
  12 R X   0.006 0.006 0.000 0.007 0.004 0.014 0.568 0.394 
  13 D X   0.009 0.011 0.001 0.009 0.006 0.019 0.545 0.399 
  14 L X   0.012 0.023 0.001 0.014 0.010 0.024 0.518 0.397 
  15 V X   0.016 0.046 0.002 0.023 0.017 0.030 0.484 0.383 
  16 G X   0.019 0.079 0.002 0.033 0.024 0.035 0.448 0.360 
  17 H X   0.021 0.116 0.003 0.045 0.029 0.039 0.413 0.334 
  18 G X   0.022 0.148 0.002 0.057 0.033 0.040 0.384 0.313 
  19 A X   0.023 0.170 0.002 0.067 0.034 0.040 0.363 0.301 
  20 F X   0.024 0.182 0.002 0.072 0.034 0.039 0.346 0.301 
  21 A X   0.024 0.187 0.002 0.073 0.032 0.037 0.334 0.311 
  22 V _   0.024 0.185 0.002 0.069 0.029 0.034 0.325 0.332 
  23 V _   0.024 0.176 0.002 0.060 0.025 0.031 0.318 0.364 
  24 F _   0.022 0.157 0.002 0.048 0.021 0.027 0.312 0.410 
  25 R _   0.021 0.129 0.002 0.035 0.016 0.024 0.307 0.467 
  26 G _   0.018 0.094 0.001 0.024 0.011 0.020 0.303 0.527 
  27 R _   0.016 0.064 0.001 0.015 0.008 0.018 0.299 0.580 
  28 H _   0.013 0.044 0.001 0.009 0.005 0.015 0.295 0.617 
  29 R _   0.011 0.034 0.000 0.006 0.004 0.014 0.290 0.641 
  30 Q _   0.010 0.030 0.000 0.005 0.003 0.013 0.285 0.654 
  31 K _   0.009 0.029 0.000 0.006 0.004 0.013 0.279 0.660 
  32 T _   0.010 0.030 0.000 0.009 0.004 0.014 0.272 0.661 
  33 D _   0.010 0.033 0.001 0.013 0.006 0.015 0.265 0.658 
  34 W _   0.010 0.037 0.001 0.020 0.007 0.015 0.258 0.652 
  35 E _   0.010 0.040 0.001 0.026 0.009 0.016 0.251 0.647 
  36 V _   0.010 0.043 0.001 0.031 0.009 0.016 0.245 0.645 
  37 A _   0.010 0.044 0.001 0.033 0.009 0.015 0.240 0.648 
  38 I _   0.010 0.042 0.001 0.032 0.009 0.014 0.235 0.657 
  39 K _   0.009 0.038 0.001 0.028 0.008 0.013 0.232 0.672 
  40 S _   0.008 0.032 0.001 0.022 0.006 0.011 0.229 0.691 
  41 I _   0.008 0.023 0.001 0.015 0.005 0.009 0.226 0.713 
  42 N _   0.007 0.015 0.000 0.010 0.003 0.008 0.224 0.732 
  43 K _   0.006 0.009 0.000 0.006 0.002 0.007 0.221 0.748 
  44 K _   0.006 0.006 0.000 0.004 0.002 0.007 0.218 0.758 
  45 N _   0.006 0.004 0.000 0.003 0.002 0.007 0.214 0.765 
  46 L _   0.006 0.004 0.000 0.003 0.002 0.008 0.209 0.768 
  47 S _   0.007 0.004 0.000 0.004 0.002 0.009 0.204 0.769 
  48 K _   0.009 0.006 0.000 0.006 0.003 0.011 0.199 0.766 
  49 S _   0.010 0.009 0.001 0.009 0.005 0.014 0.192 0.760 
  50 Q _   0.012 0.014 0.001 0.014 0.007 0.017 0.185 0.751 
  51 I _   0.014 0.020 0.001 0.020 0.009 0.020 0.177 0.740 
  52 L _   0.015 0.025 0.001 0.025 0.011 0.022 0.169 0.731 
  53 L _   0.015 0.030 0.001 0.029 0.013 0.024 0.163 0.725 
  54 G _   0.016 0.032 0.001 0.032 0.014 0.025 0.157 0.723 
  55 K _   0.017 0.033 0.001 0.032 0.014 0.025 0.151 0.726 
  56 E _   0.017 0.032 0.001 0.030 0.014 0.025 0.147 0.734 
  57 I _   0.017 0.030 0.001 0.027 0.013 0.024 0.143 0.745 
  58 K _   0.018 0.027 0.001 0.022 0.011 0.023 0.139 0.758 
  59 I _   0.018 0.023 0.001 0.018 0.010 0.022 0.136 0.771 
  60 L _   0.018 0.019 0.001 0.014 0.008 0.021 0.134 0.784 
  61 K _   0.018 0.016 0.001 0.011 0.007 0.021 0.131 0.795 
  62 E _   0.018 0.013 0.001 0.009 0.007 0.020 0.128 0.803 
  63 L _   0.019 0.011 0.001 0.008 0.007 0.020 0.126 0.809 
  64 Q _   0.020 0.010 0.001 0.008 0.007 0.020 0.123 0.811 
  65 H _   0.020 0.010 0.001 0.009 0.007 0.021 0.120 0.812 
  66 E _   0.021 0.010 0.001 0.011 0.008 0.021 0.118 0.810 
  67 N _   0.022 0.010 0.001 0.013 0.009 0.022 0.115 0.807 
  68 I _   0.023 0.011 0.001 0.016 0.010 0.022 0.113 0.805 
  69 V _   0.024 0.011 0.001 0.017 0.010 0.021 0.110 0.805 
  70 A _   0.023 0.010 0.001 0.017 0.010 0.021 0.109 0.809 
  71 L _   0.022 0.009 0.001 0.016 0.009 0.020 0.107 0.816 
  72 Y _   0.021 0.008 0.001 0.013 0.008 0.019 0.105 0.826 
  73 D _   0.020 0.006 0.001 0.010 0.006 0.018 0.103 0.837 
  74 V _   0.019 0.004 0.001 0.007 0.005 0.017 0.101 0.846 
  75 Q _   0.019 0.003 0.000 0.005 0.004 0.017 0.099 0.853 
  76 E _   0.020 0.002 0.000 0.004 0.004 0.018 0.096 0.855 
  77 L _   0.022 0.003 0.000 0.004 0.005 0.020 0.094 0.852 
  78 P _   0.025 0.004 0.001 0.005 0.007 0.023 0.091 0.844 
  79 N _   0.029 0.008 0.001 0.009 0.010 0.027 0.088 0.828 
  80 S _   0.033 0.017 0.001 0.016 0.015 0.031 0.084 0.803 
  81 V _   0.036 0.030 0.002 0.026 0.020 0.033 0.080 0.773 
  82 F _   0.037 0.043 0.002 0.037 0.023 0.035 0.077 0.746 
  83 L _   0.037 0.052 0.002 0.046 0.025 0.035 0.074 0.729 
  84 V _   0.035 0.057 0.002 0.050 0.025 0.033 0.072 0.726 
  85 M _   0.032 0.058 0.002 0.049 0.023 0.031 0.070 0.735 
  86 E _   0.028 0.055 0.002 0.044 0.019 0.027 0.069 0.756 
  87 Y _   0.024 0.048 0.001 0.035 0.015 0.023 0.068 0.785 
  88 C _   0.020 0.038 0.001 0.026 0.011 0.019 0.068 0.817 
  89 N _   0.016 0.027 0.001 0.018 0.008 0.016 0.067 0.846 
  90 G _   0.014 0.019 0.001 0.012 0.006 0.014 0.066 0.869 
  91 G _   0.011 0.012 0.000 0.009 0.004 0.012 0.065 0.886 
  92 D _   0.010 0.009 0.000 0.007 0.003 0.011 0.064 0.896 
  93 L _   0.009 0.006 0.000 0.007 0.003 0.010 0.063 0.902 
  94 A _   0.009 0.005 0.000 0.007 0.003 0.010 0.062 0.905 
  95 D _   0.008 0.004 0.000 0.008 0.003 0.010 0.060 0.906 
  96 Y _   0.009 0.004 0.000 0.008 0.003 0.010 0.058 0.907 
  97 L _   0.009 0.003 0.000 0.009 0.004 0.010 0.056 0.908 
  98 Q _   0.010 0.003 0.000 0.009 0.004 0.011 0.053 0.909 
  99 A _   0.013 0.002 0.000 0.009 0.004 0.011 0.051 0.910 
 100 K _   0.017 0.002 0.000 0.008 0.004 0.012 0.048 0.909 
 101 G _   0.024 0.001 0.001 0.007 0.004 0.013 0.046 0.906 
 102 T _   0.037 0.001 0.001 0.005 0.004 0.014 0.043 0.896 
 103 L _   0.056 0.000 0.001 0.004 0.005 0.016 0.039 0.879 
 104 S _   0.087 0.000 0.001 0.003 0.006 0.018 0.036 0.849 
 105 E _   0.135 0.000 0.001 0.003 0.008 0.021 0.032 0.801 
 106 D _   0.198 0.000 0.001 0.003 0.010 0.025 0.027 0.736 
 107 T _   0.276 0.000 0.001 0.003 0.014 0.029 0.023 0.655 
 108 I _   0.362 0.000 0.001 0.003 0.018 0.032 0.019 0.565 
 109 R _   0.447 0.000 0.002 0.003 0.023 0.034 0.016 0.476 
 110 V H   0.523 0.000 0.002 0.003 0.028 0.036 0.013 0.396 
 111 F H   0.584 0.000 0.002 0.003 0.031 0.036 0.011 0.333 
 112 L H   0.628 0.000 0.002 0.003 0.034 0.035 0.010 0.288 
 113 H H   0.657 0.000 0.002 0.003 0.036 0.034 0.009 0.259 
 114 Q H   0.674 0.000 0.002 0.003 0.036 0.032 0.009 0.243 
 115 I H   0.679 0.000 0.002 0.003 0.036 0.030 0.009 0.240 
 116 A H   0.673 0.000 0.002 0.003 0.035 0.029 0.009 0.249 
 117 A H   0.654 0.000 0.002 0.003 0.032 0.027 0.010 0.271 
 118 A H   0.623 0.000 0.002 0.003 0.029 0.026 0.011 0.306 
 119 M H   0.578 0.000 0.002 0.003 0.026 0.025 0.012 0.354 
 120 R H   0.521 0.000 0.002 0.003 0.022 0.024 0.013 0.414 
 121 I _   0.456 0.000 0.002 0.004 0.019 0.023 0.015 0.482 
 122 L _   0.385 0.000 0.001 0.004 0.016 0.022 0.017 0.553 
 123 H _   0.317 0.000 0.001 0.005 0.014 0.021 0.019 0.622 
 124 S _   0.254 0.000 0.001 0.006 0.012 0.020 0.022 0.685 
 125 K _   0.197 0.000 0.001 0.007 0.010 0.019 0.024 0.742 
 126 G _   0.151 0.000 0.001 0.007 0.008 0.017 0.026 0.790 
 127 I _   0.113 0.001 0.001 0.007 0.007 0.016 0.028 0.829 
 128 I _   0.083 0.001 0.001 0.006 0.006 0.015 0.029 0.860 
 129 H _   0.061 0.001 0.001 0.006 0.005 0.013 0.030 0.884 
 130 R _   0.045 0.001 0.001 0.005 0.004 0.013 0.031 0.901 
 131 D _   0.034 0.001 0.000 0.005 0.004 0.012 0.031 0.912 
 132 L _   0.027 0.001 0.000 0.005 0.004 0.012 0.031 0.919 
 133 K _   0.022 0.002 0.000 0.006 0.004 0.013 0.031 0.921 
 134 P _   0.019 0.003 0.001 0.008 0.005 0.013 0.032 0.919 
 135 Q _   0.017 0.005 0.001 0.011 0.006 0.014 0.031 0.915 
 136 N _   0.016 0.007 0.001 0.014 0.007 0.015 0.031 0.909 
 137 I _   0.016 0.009 0.001 0.018 0.008 0.015 0.031 0.903 
 138 L _   0.015 0.010 0.001 0.020 0.008 0.015 0.031 0.899 
 139 L _   0.013 0.011 0.001 0.021 0.008 0.015 0.031 0.899 
 140 S _   0.012 0.011 0.001 0.020 0.007 0.014 0.031 0.903 
 141 Y _   0.011 0.010 0.001 0.018 0.007 0.013 0.031 0.910 
 142 A _   0.010 0.009 0.001 0.014 0.005 0.012 0.031 0.918 
 143 N _   0.009 0.007 0.001 0.011 0.004 0.011 0.031 0.926 
 144 R _   0.008 0.005 0.000 0.008 0.004 0.011 0.031 0.933 
 145 R _   0.008 0.004 0.000 0.006 0.003 0.010 0.031 0.936 
 146 K _   0.008 0.004 0.000 0.005 0.003 0.011 0.031 0.938 
 147 S _   0.009 0.004 0.000 0.005 0.003 0.012 0.030 0.936 
 148 S _   0.010 0.004 0.000 0.006 0.004 0.014 0.030 0.931 
 149 V _   0.012 0.006 0.001 0.008 0.005 0.017 0.029 0.923 
 150 S _   0.015 0.008 0.001 0.011 0.007 0.021 0.028 0.910 
 151 G _   0.018 0.011 0.001 0.015 0.010 0.025 0.027 0.893 
 152 I _   0.022 0.015 0.001 0.020 0.013 0.029 0.025 0.874 
 153 R _   0.026 0.019 0.001 0.025 0.016 0.033 0.024 0.855 
 154 I _   0.031 0.022 0.001 0.029 0.020 0.037 0.023 0.838 
 155 K _   0.035 0.023 0.001 0.032 0.022 0.040 0.022 0.825 
 156 I _   0.040 0.023 0.002 0.033 0.023 0.041 0.021 0.816 
 157 A _   0.046 0.022 0.002 0.032 0.024 0.042 0.021 0.812 
 158 D _   0.052 0.020 0.002 0.029 0.023 0.043 0.020 0.812 
 159 F _   0.060 0.016 0.002 0.024 0.021 0.042 0.020 0.816 
 160 G _   0.069 0.012 0.001 0.018 0.018 0.041 0.019 0.821 
 161 F _   0.081 0.007 0.001 0.013 0.016 0.040 0.019 0.823 
 162 A _   0.095 0.004 0.001 0.008 0.013 0.039 0.018 0.821 
 163 R _   0.112 0.002 0.001 0.005 0.012 0.039 0.018 0.812 
 164 Y _   0.135 0.001 0.001 0.004 0.012 0.039 0.017 0.793 
 165 L _   0.164 0.000 0.001 0.003 0.013 0.040 0.016 0.763 
 166 H _   0.201 0.000 0.001 0.003 0.016 0.042 0.015 0.722 
 167 S _   0.244 0.000 0.001 0.003 0.020 0.044 0.015 0.672 
 168 N _   0.288 0.000 0.002 0.004 0.026 0.047 0.014 0.619 
 169 M _   0.329 0.001 0.002 0.005 0.032 0.049 0.014 0.569 
 170 M _   0.361 0.001 0.002 0.007 0.036 0.049 0.014 0.530 
 171 A _   0.382 0.001 0.002 0.009 0.039 0.049 0.014 0.504 
 172 A _   0.392 0.001 0.002 0.009 0.040 0.047 0.015 0.494 
 173 T _   0.391 0.001 0.002 0.009 0.037 0.045 0.016 0.498 
 174 L _   0.379 0.001 0.002 0.008 0.034 0.042 0.017 0.518 
 175 C _   0.358 0.001 0.002 0.006 0.029 0.039 0.018 0.547 
 176 G _   0.331 0.000 0.002 0.005 0.024 0.037 0.019 0.582 
 177 S _   0.301 0.000 0.001 0.004 0.020 0.034 0.020 0.619 
 178 P _   0.268 0.000 0.001 0.004 0.017 0.033 0.021 0.656 
 179 M _   0.234 0.000 0.001 0.004 0.015 0.032 0.023 0.690 
 180 Y _   0.202 0.001 0.001 0.006 0.015 0.031 0.025 0.720 
 181 M _   0.171 0.001 0.001 0.008 0.015 0.030 0.026 0.747 
 182 A _   0.143 0.002 0.001 0.012 0.015 0.029 0.028 0.770 
 183 P _   0.117 0.003 0.001 0.016 0.015 0.028 0.030 0.791 
 184 E _   0.093 0.003 0.001 0.018 0.013 0.026 0.032 0.813 
 185 V _   0.073 0.003 0.001 0.019 0.012 0.023 0.034 0.835 
 186 I _   0.057 0.003 0.001 0.017 0.010 0.020 0.035 0.856 
 187 M _   0.044 0.003 0.001 0.014 0.007 0.017 0.037 0.877 
 188 S _   0.034 0.002 0.001 0.010 0.005 0.014 0.038 0.896 
 189 Q _   0.027 0.001 0.000 0.007 0.004 0.012 0.039 0.910 
 190 H _   0.023 0.000 0.000 0.004 0.003 0.010 0.039 0.919 
 191 Y _   0.023 0.000 0.000 0.002 0.002 0.010 0.040 0.922 
 192 D _   0.027 0.000 0.000 0.002 0.002 0.010 0.039 0.919 
 193 A _   0.037 0.000 0.000 0.001 0.002 0.012 0.039 0.907 
 194 K _   0.059 0.000 0.000 0.001 0.003 0.016 0.038 0.881 
 195 A _   0.094 0.000 0.001 0.002 0.006 0.023 0.037 0.838 
 196 D _   0.144 0.000 0.001 0.002 0.011 0.031 0.036 0.775 
 197 L _   0.204 0.001 0.001 0.004 0.019 0.041 0.035 0.695 
 198 W _   0.263 0.002 0.002 0.006 0.031 0.051 0.034 0.611 
 199 S _   0.316 0.005 0.002 0.009 0.044 0.059 0.033 0.532 
 200 I _   0.355 0.010 0.003 0.013 0.055 0.065 0.033 0.467 
 201 G _   0.382 0.015 0.003 0.017 0.063 0.067 0.033 0.420 
 202 T H   0.396 0.020 0.003 0.020 0.068 0.067 0.034 0.392 
 203 V H   0.397 0.023 0.003 0.023 0.069 0.065 0.036 0.384 
 204 I _   0.387 0.025 0.003 0.024 0.067 0.062 0.038 0.393 
 205 Y _   0.366 0.026 0.003 0.025 0.062 0.058 0.041 0.419 
 206 Q _   0.333 0.025 0.003 0.025 0.055 0.053 0.045 0.462 
 207 C _   0.291 0.023 0.003 0.024 0.045 0.047 0.049 0.518 
 208 L _   0.243 0.019 0.002 0.023 0.035 0.041 0.054 0.583 
 209 V _   0.193 0.015 0.002 0.020 0.025 0.035 0.060 0.651 
 210 G _   0.144 0.012 0.001 0.017 0.017 0.028 0.065 0.717 
 211 K _   0.103 0.008 0.001 0.013 0.011 0.023 0.070 0.772 
 212 P _   0.071 0.005 0.001 0.010 0.007 0.018 0.073 0.815 
 213 P _   0.047 0.004 0.001 0.007 0.005 0.014 0.076 0.847 
 214 F _   0.030 0.003 0.000 0.006 0.003 0.011 0.078 0.869 
 215 Q _   0.020 0.002 0.000 0.004 0.002 0.009 0.080 0.883 
 216 A _   0.013 0.002 0.000 0.004 0.002 0.008 0.081 0.890 
 217 N _   0.010 0.002 0.000 0.004 0.002 0.008 0.081 0.893 
 218 S _   0.008 0.003 0.000 0.005 0.002 0.008 0.082 0.892 
 219 P _   0.008 0.004 0.000 0.007 0.003 0.009 0.082 0.888 
 220 Q _   0.008 0.007 0.000 0.010 0.004 0.010 0.081 0.880 
 221 D _   0.008 0.011 0.001 0.014 0.005 0.011 0.081 0.870 
 222 L _   0.008 0.014 0.001 0.019 0.006 0.012 0.080 0.860 
 223 R _   0.008 0.017 0.001 0.022 0.006 0.013 0.080 0.852 
 224 M _   0.008 0.019 0.001 0.024 0.007 0.013 0.080 0.848 
 225 F _   0.008 0.020 0.001 0.024 0.007 0.012 0.080 0.848 
 226 Y _   0.008 0.020 0.001 0.022 0.006 0.012 0.080 0.851 
 227 E _   0.007 0.019 0.001 0.020 0.006 0.011 0.080 0.856 
 228 K _   0.007 0.017 0.001 0.017 0.005 0.011 0.081 0.861 
 229 N _   0.007 0.015 0.001 0.014 0.005 0.011 0.082 0.865 
 230 R _   0.007 0.014 0.001 0.012 0.004 0.010 0.083 0.869 
 231 S _   0.008 0.012 0.000 0.011 0.004 0.010 0.084 0.871 
 232 L _   0.008 0.010 0.000 0.010 0.004 0.010 0.085 0.872 
 233 M _   0.008 0.009 0.000 0.010 0.004 0.010 0.085 0.873 
 234 P _   0.008 0.008 0.000 0.009 0.004 0.011 0.086 0.874 
 235 S _   0.008 0.008 0.000 0.008 0.003 0.011 0.086 0.875 
 236 I _   0.009 0.007 0.000 0.007 0.003 0.012 0.086 0.876 
 237 P _   0.010 0.007 0.000 0.006 0.003 0.013 0.086 0.875 
 238 R _   0.012 0.007 0.000 0.005 0.003 0.015 0.086 0.872 
 239 E _   0.015 0.008 0.000 0.005 0.004 0.018 0.085 0.865 
 240 T _   0.019 0.010 0.001 0.006 0.006 0.023 0.084 0.851 
 241 S _   0.026 0.017 0.001 0.008 0.010 0.029 0.082 0.828 
 242 P _   0.034 0.032 0.001 0.012 0.016 0.037 0.080 0.788 
 243 Y _   0.042 0.063 0.002 0.021 0.025 0.043 0.078 0.727 
 244 L _   0.048 0.110 0.003 0.033 0.033 0.048 0.075 0.650 
 245 A _   0.052 0.159 0.003 0.048 0.038 0.050 0.073 0.577 
 246 N _   0.053 0.196 0.003 0.061 0.039 0.049 0.072 0.527 
 247 L _   0.052 0.217 0.002 0.070 0.038 0.047 0.072 0.502 
 248 L _   0.050 0.225 0.002 0.074 0.036 0.044 0.072 0.497 
 249 L _   0.046 0.224 0.002 0.072 0.032 0.040 0.074 0.510 
 250 G _   0.042 0.213 0.002 0.065 0.027 0.035 0.076 0.540 
 251 L _   0.037 0.190 0.002 0.053 0.022 0.030 0.079 0.588 
 252 L _   0.032 0.151 0.002 0.038 0.016 0.025 0.083 0.653 
 253 Q _   0.027 0.103 0.001 0.025 0.011 0.020 0.086 0.726 
 254 R _   0.022 0.062 0.001 0.014 0.007 0.016 0.090 0.788 
 255 N _   0.017 0.038 0.001 0.008 0.004 0.013 0.092 0.828 
 256 Q _   0.013 0.026 0.000 0.005 0.003 0.011 0.093 0.849 
 257 K _   0.011 0.022 0.000 0.003 0.002 0.010 0.093 0.858 
 258 D _   0.010 0.021 0.000 0.003 0.002 0.010 0.093 0.861 
 259 R _   0.010 0.022 0.000 0.004 0.002 0.011 0.093 0.858 
 260 M _   0.011 0.027 0.000 0.006 0.003 0.013 0.092 0.848 
 261 D _   0.011 0.036 0.001 0.010 0.005 0.015 0.090 0.832 
 262 F _   0.012 0.052 0.001 0.015 0.007 0.016 0.088 0.808 
 263 E _   0.012 0.073 0.001 0.021 0.009 0.018 0.086 0.780 
 264 A _   0.012 0.092 0.001 0.027 0.010 0.019 0.083 0.755 
 265 F _   0.012 0.107 0.001 0.032 0.011 0.019 0.081 0.736 
 266 F _   0.012 0.118 0.001 0.035 0.011 0.019 0.080 0.724 
 267 S _   0.012 0.125 0.001 0.036 0.011 0.018 0.079 0.718 
 268 H _   0.011 0.128 0.001 0.035 0.011 0.018 0.079 0.717 
 269 P _   0.011 0.128 0.001 0.033 0.010 0.017 0.079 0.721 
 270 F _   0.011 0.125 0.001 0.029 0.009 0.015 0.080 0.730 
 271 L _   0.011 0.120 0.001 0.025 0.008 0.014 0.080 0.742 
 272 E _   0.010 0.112 0.001 0.020 0.006 0.013 0.082 0.756 
 273 Q _   0.009 0.104 0.001 0.015 0.005 0.011 0.082 0.771 
 274 G _   0.009 0.097 0.001 0.011 0.004 0.010 0.083 0.785 
 275 P _   0.008 0.092 0.000 0.009 0.003 0.009 0.084 0.795 
 276 V _   0.007 0.089 0.000 0.007 0.003 0.009 0.084 0.801 
 277 K _   0.007 0.088 0.000 0.006 0.003 0.009 0.084 0.802 
 278 K _   0.007 0.091 0.000 0.007 0.003 0.010 0.083 0.799 
 279 S _   0.007 0.097 0.000 0.009 0.004 0.011 0.082 0.790 
 280 C _   0.008 0.110 0.001 0.011 0.005 0.012 0.081 0.773 
 281 P _   0.008 0.130 0.001 0.016 0.006 0.013 0.079 0.748 
 282 V _   0.008 0.157 0.001 0.021 0.008 0.014 0.077 0.714 
 283 P _   0.008 0.189 0.001 0.026 0.009 0.015 0.075 0.678 
 284 V _   0.007 0.220 0.001 0.031 0.010 0.015 0.073 0.644 
 285 P _   0.007 0.245 0.001 0.034 0.010 0.014 0.071 0.618 
 286 M _   0.006 0.263 0.001 0.036 0.010 0.014 0.070 0.600 
 287 Y _   0.006 0.275 0.001 0.037 0.009 0.013 0.070 0.589 
 288 S _   0.005 0.283 0.001 0.036 0.009 0.012 0.069 0.584 
 289 G _   0.005 0.287 0.001 0.034 0.008 0.012 0.070 0.583 
 290 S _   0.005 0.288 0.001 0.032 0.007 0.011 0.071 0.586 
 291 V _   0.005 0.285 0.001 0.029 0.006 0.010 0.072 0.592 
 292 S _   0.005 0.281 0.001 0.026 0.006 0.010 0.073 0.599 
 293 G _   0.005 0.275 0.001 0.023 0.005 0.009 0.075 0.607 
 294 S _   0.005 0.268 0.001 0.021 0.005 0.009 0.077 0.616 
 295 S _   0.004 0.260 0.001 0.019 0.004 0.009 0.079 0.624 
 296 C _   0.004 0.252 0.001 0.018 0.004 0.009 0.081 0.631 
 297 G _   0.004 0.244 0.001 0.018 0.004 0.009 0.084 0.637 
 298 S _   0.004 0.235 0.001 0.018 0.004 0.009 0.086 0.642 
 299 S _   0.005 0.227 0.001 0.019 0.004 0.009 0.089 0.647 
 300 P _   0.005 0.217 0.001 0.019 0.005 0.009 0.093 0.651 
 301 S _   0.005 0.207 0.001 0.020 0.005 0.009 0.097 0.657 
 302 C _   0.005 0.196 0.001 0.020 0.005 0.009 0.101 0.663 
 303 R _   0.005 0.183 0.001 0.019 0.005 0.009 0.106 0.671 
 304 F _   0.005 0.169 0.001 0.019 0.005 0.009 0.111 0.681 
 305 A _   0.005 0.154 0.001 0.017 0.004 0.009 0.116 0.692 
 306 S _   0.005 0.139 0.001 0.016 0.004 0.009 0.122 0.704 
 307 P _   0.005 0.125 0.001 0.014 0.004 0.009 0.128 0.715 
 308 P _   0.005 0.112 0.000 0.013 0.003 0.009 0.134 0.723 
 309 S _   0.005 0.102 0.000 0.012 0.003 0.009 0.139 0.728 
 310 L _   0.006 0.095 0.000 0.012 0.003 0.009 0.144 0.731 
 311 P _   0.006 0.089 0.000 0.013 0.003 0.009 0.149 0.730 
 312 D _   0.006 0.084 0.000 0.015 0.004 0.010 0.154 0.727 
 313 M _   0.007 0.079 0.001 0.017 0.004 0.010 0.159 0.724 
 314 Q _   0.007 0.075 0.001 0.018 0.004 0.010 0.165 0.721 
 315 H _   0.007 0.069 0.001 0.018 0.004 0.010 0.170 0.721 
 316 I _   0.007 0.063 0.001 0.018 0.004 0.009 0.175 0.724 
 317 Q _   0.007 0.055 0.000 0.016 0.004 0.009 0.181 0.729 
 318 E _   0.006 0.047 0.000 0.014 0.003 0.008 0.186 0.736 
 319 E _   0.006 0.038 0.000 0.011 0.003 0.007 0.190 0.745 
 320 N _   0.005 0.031 0.000 0.009 0.002 0.006 0.195 0.752 
 321 L _   0.005 0.025 0.000 0.007 0.002 0.005 0.198 0.758 
 322 S _   0.004 0.022 0.000 0.005 0.001 0.005 0.200 0.762 
 323 S _   0.004 0.019 0.000 0.004 0.001 0.005 0.202 0.764 
 324 P _   0.004 0.019 0.000 0.004 0.001 0.005 0.202 0.764 
 325 P _   0.004 0.019 0.000 0.005 0.001 0.005 0.202 0.763 
 326 L _   0.004 0.021 0.000 0.006 0.002 0.006 0.201 0.759 
 327 G _   0.004 0.024 0.000 0.009 0.002 0.007 0.200 0.754 
 328 P _   0.005 0.028 0.000 0.012 0.003 0.008 0.198 0.746 
 329 P _   0.005 0.034 0.000 0.015 0.003 0.009 0.196 0.737 
 330 N _   0.005 0.040 0.000 0.019 0.004 0.009 0.193 0.729 
 331 Y _   0.005 0.045 0.000 0.021 0.004 0.010 0.191 0.724 
 332 L _   0.005 0.049 0.001 0.022 0.004 0.010 0.189 0.720 
 333 Q _   0.005 0.052 0.000 0.022 0.004 0.009 0.187 0.720 
 334 V _   0.005 0.053 0.000 0.020 0.004 0.009 0.186 0.723 
 335 S _   0.004 0.054 0.000 0.018 0.003 0.008 0.184 0.728 
 336 K _   0.004 0.054 0.000 0.015 0.003 0.007 0.183 0.733 
 337 D _   0.004 0.054 0.000 0.013 0.002 0.007 0.181 0.738 
 338 S _   0.004 0.055 0.000 0.011 0.002 0.006 0.179 0.743 
 339 A _   0.004 0.056 0.000 0.009 0.002 0.006 0.177 0.746 
 340 S _   0.003 0.058 0.000 0.009 0.002 0.006 0.174 0.748 
 341 T _   0.003 0.061 0.000 0.008 0.002 0.006 0.170 0.749 
 342 S _   0.003 0.067 0.000 0.009 0.002 0.007 0.166 0.747 
 343 S _   0.004 0.075 0.000 0.010 0.002 0.008 0.159 0.742 
 344 K _   0.004 0.088 0.000 0.011 0.003 0.009 0.152 0.733 
 345 N _   0.004 0.108 0.001 0.014 0.004 0.010 0.143 0.716 
 346 S _   0.005 0.139 0.001 0.018 0.005 0.012 0.131 0.690 
 347 S _   0.005 0.183 0.001 0.023 0.007 0.014 0.117 0.649 
 348 C _   0.006 0.247 0.001 0.029 0.009 0.016 0.101 0.592 
 349 D _   0.006 0.331 0.002 0.035 0.011 0.017 0.083 0.515 
 350 T _   0.006 0.426 0.002 0.040 0.013 0.016 0.067 0.431 
 351 D E   0.005 0.517 0.002 0.043 0.013 0.015 0.053 0.352 
 352 D E   0.004 0.590 0.001 0.044 0.012 0.013 0.043 0.293 
 353 F E   0.004 0.637 0.001 0.043 0.010 0.012 0.037 0.256 
 354 V E   0.003 0.665 0.001 0.042 0.009 0.010 0.033 0.238 
 355 L E   0.003 0.679 0.001 0.039 0.007 0.009 0.031 0.231 
 356 V E   0.003 0.683 0.001 0.036 0.007 0.009 0.029 0.233 
 357 P E   0.003 0.681 0.001 0.031 0.006 0.008 0.028 0.243 
 358 H E   0.003 0.671 0.001 0.026 0.005 0.007 0.028 0.260 
 359 N E   0.003 0.655 0.001 0.020 0.004 0.007 0.027 0.283 
 360 I E   0.003 0.635 0.001 0.015 0.004 0.006 0.027 0.310 
 361 S E   0.003 0.616 0.000 0.010 0.003 0.006 0.027 0.335 
 362 S E   0.003 0.602 0.000 0.008 0.002 0.006 0.026 0.352 
 363 D E   0.003 0.595 0.000 0.006 0.002 0.006 0.026 0.362 
 364 H E   0.003 0.594 0.000 0.006 0.002 0.006 0.025 0.363 
 365 S E   0.003 0.601 0.000 0.007 0.003 0.007 0.024 0.355 
 366 C E   0.003 0.616 0.000 0.009 0.003 0.007 0.022 0.338 
 367 D E   0.003 0.642 0.001 0.012 0.004 0.008 0.020 0.310 
 368 M E   0.003 0.673 0.001 0.014 0.005 0.008 0.017 0.279 
 369 P E   0.003 0.702 0.001 0.016 0.005 0.007 0.015 0.252 
 370 V E   0.003 0.724 0.001 0.016 0.004 0.007 0.014 0.232 
 371 G E   0.002 0.738 0.000 0.015 0.004 0.006 0.013 0.221 
 372 T E   0.002 0.746 0.000 0.014 0.004 0.006 0.012 0.216 
 373 A E   0.002 0.750 0.000 0.012 0.003 0.006 0.011 0.215 
 374 G E   0.002 0.751 0.000 0.011 0.003 0.006 0.011 0.216 
 375 R E   0.003 0.750 0.000 0.010 0.003 0.007 0.010 0.217 
 376 R E   0.003 0.750 0.000 0.009 0.004 0.007 0.010 0.217 
 377 A E   0.003 0.752 0.000 0.009 0.004 0.008 0.010 0.214 
 378 S E   0.004 0.757 0.000 0.010 0.005 0.009 0.009 0.207 
 379 N E   0.004 0.764 0.001 0.011 0.005 0.009 0.009 0.196 
 380 E E   0.005 0.773 0.001 0.014 0.006 0.009 0.008 0.185 
 381 F E   0.005 0.780 0.001 0.016 0.007 0.009 0.008 0.174 
 382 L E   0.005 0.784 0.001 0.019 0.007 0.009 0.008 0.168 
 383 V E   0.005 0.782 0.001 0.021 0.007 0.009 0.008 0.167 
 384 C E   0.006 0.774 0.001 0.023 0.008 0.009 0.008 0.172 
 385 G E   0.006 0.755 0.001 0.025 0.008 0.009 0.008 0.187 
 386 G E   0.007 0.719 0.001 0.026 0.009 0.010 0.009 0.218 
 387 Q E   0.009 0.660 0.002 0.027 0.011 0.011 0.011 0.271 
 388 C E   0.011 0.574 0.002 0.026 0.011 0.012 0.013 0.353 
 389 Q E   0.012 0.472 0.002 0.023 0.010 0.013 0.015 0.453 
 390 P _   0.012 0.379 0.001 0.018 0.008 0.013 0.018 0.550 
 391 T _   0.011 0.314 0.001 0.013 0.006 0.013 0.020 0.622 
 392 V _   0.010 0.278 0.001 0.009 0.004 0.012 0.021 0.665 
 393 S _   0.008 0.261 0.000 0.007 0.003 0.012 0.022 0.687 
 394 P _   0.007 0.255 0.000 0.006 0.003 0.012 0.022 0.695 
 395 H _   0.007 0.256 0.000 0.006 0.003 0.012 0.022 0.694 
 396 S _   0.008 0.264 0.000 0.008 0.004 0.014 0.021 0.682 
 397 E _   0.008 0.282 0.001 0.011 0.005 0.015 0.020 0.658 
 398 T _   0.009 0.316 0.001 0.015 0.007 0.017 0.018 0.616 
 399 A _   0.010 0.368 0.001 0.020 0.010 0.018 0.016 0.558 
 400 P _   0.009 0.434 0.001 0.024 0.012 0.018 0.014 0.489 
 401 I E   0.008 0.504 0.001 0.026 0.012 0.017 0.012 0.419 
 402 P E   0.007 0.569 0.001 0.026 0.012 0.015 0.010 0.359 
 403 V E   0.006 0.620 0.001 0.025 0.011 0.014 0.008 0.314 
 404 P E   0.006 0.659 0.001 0.023 0.010 0.012 0.007 0.282 
 405 T E   0.005 0.686 0.001 0.021 0.008 0.011 0.007 0.260 
 406 Q E   0.005 0.705 0.001 0.019 0.007 0.010 0.006 0.247 
 407 I E   0.004 0.717 0.001 0.017 0.007 0.009 0.006 0.239 
 408 R E   0.004 0.726 0.001 0.015 0.006 0.009 0.006 0.234 
 409 N E   0.004 0.732 0.001 0.013 0.005 0.008 0.006 0.231 
 410 Y E   0.004 0.736 0.000 0.012 0.005 0.008 0.005 0.230 
 411 Q E   0.004 0.739 0.000 0.011 0.004 0.007 0.005 0.229 
 412 R E   0.004 0.742 0.000 0.010 0.004 0.007 0.005 0.228 
 413 I E   0.003 0.744 0.000 0.010 0.004 0.006 0.005 0.227 
 414 E E   0.003 0.745 0.000 0.010 0.004 0.006 0.005 0.227 
 415 Q E   0.003 0.745 0.000 0.010 0.003 0.006 0.005 0.228 
 416 N E   0.003 0.744 0.000 0.010 0.003 0.005 0.005 0.230 
 417 L E   0.003 0.742 0.000 0.010 0.003 0.005 0.005 0.232 
 418 T E   0.003 0.738 0.000 0.010 0.003 0.005 0.005 0.236 
 419 S E   0.003 0.732 0.000 0.010 0.003 0.005 0.005 0.242 
 420 T E   0.003 0.724 0.000 0.010 0.003 0.004 0.005 0.250 
 421 A E   0.003 0.715 0.000 0.009 0.003 0.004 0.006 0.260 
 422 S E   0.003 0.704 0.000 0.009 0.003 0.004 0.006 0.272 
 423 S E   0.003 0.692 0.000 0.008 0.002 0.004 0.006 0.283 
 424 G E   0.003 0.682 0.000 0.008 0.002 0.004 0.006 0.295 
 425 T E   0.003 0.673 0.000 0.007 0.002 0.004 0.007 0.304 
 426 N E   0.002 0.666 0.000 0.007 0.002 0.005 0.007 0.311 
 427 V E   0.002 0.663 0.000 0.006 0.002 0.005 0.007 0.315 
 428 H E   0.003 0.662 0.000 0.007 0.002 0.005 0.007 0.315 
 429 G E   0.003 0.664 0.000 0.007 0.002 0.005 0.007 0.312 
 430 S E   0.003 0.669 0.000 0.008 0.003 0.005 0.007 0.306 
 431 P E   0.003 0.676 0.000 0.009 0.003 0.006 0.007 0.297 
 432 R E   0.003 0.683 0.000 0.010 0.003 0.006 0.006 0.288 
 433 S E   0.003 0.691 0.000 0.011 0.003 0.006 0.006 0.280 
 434 A E   0.003 0.696 0.000 0.011 0.003 0.006 0.006 0.274 
 435 V E   0.003 0.700 0.000 0.011 0.003 0.006 0.006 0.270 
 436 V E   0.003 0.701 0.000 0.011 0.003 0.006 0.006 0.269 
 437 R E   0.003 0.701 0.000 0.011 0.003 0.005 0.006 0.270 
 438 R E   0.003 0.699 0.000 0.010 0.003 0.005 0.007 0.273 
 439 S E   0.003 0.695 0.000 0.010 0.003 0.006 0.007 0.276 
 440 N E   0.003 0.692 0.000 0.010 0.003 0.006 0.007 0.278 
 441 T E   0.003 0.689 0.000 0.011 0.003 0.006 0.007 0.280 
 442 S E   0.003 0.687 0.000 0.012 0.004 0.006 0.007 0.281 
 443 P E   0.003 0.685 0.000 0.013 0.004 0.006 0.008 0.281 
 444 M E   0.003 0.681 0.000 0.014 0.004 0.006 0.008 0.282 
 445 G E   0.004 0.676 0.000 0.016 0.004 0.006 0.008 0.285 
 446 F E   0.004 0.667 0.001 0.016 0.004 0.006 0.009 0.293 
 447 L E   0.004 0.652 0.001 0.016 0.004 0.006 0.010 0.307 
 448 R E   0.004 0.630 0.001 0.016 0.004 0.007 0.010 0.328 
 449 P E   0.004 0.602 0.001 0.014 0.004 0.007 0.012 0.357 
 450 G E   0.004 0.572 0.001 0.012 0.004 0.007 0.013 0.388 
 451 S E   0.004 0.544 0.001 0.009 0.003 0.007 0.014 0.418 
 452 C E   0.004 0.524 0.000 0.007 0.003 0.007 0.015 0.439 
 453 S E   0.004 0.513 0.000 0.006 0.002 0.008 0.015 0.451 
 454 P E   0.004 0.509 0.000 0.006 0.002 0.008 0.016 0.454 
 455 V E   0.005 0.512 0.000 0.007 0.003 0.009 0.016 0.448 
 456 P E   0.005 0.523 0.000 0.009 0.004 0.010 0.015 0.432 
 457 A E   0.006 0.545 0.001 0.013 0.005 0.012 0.015 0.404 
 458 D E   0.006 0.579 0.001 0.017 0.007 0.012 0.014 0.364 
 459 T E   0.006 0.616 0.001 0.022 0.008 0.012 0.014 0.322 
 460 A E   0.005 0.649 0.001 0.026 0.008 0.012 0.013 0.286 
 461 Q E   0.005 0.671 0.001 0.029 0.008 0.011 0.013 0.262 
 462 T E   0.004 0.683 0.001 0.032 0.008 0.011 0.013 0.248 
 463 V E   0.004 0.688 0.001 0.033 0.008 0.010 0.014 0.242 
 464 G E   0.004 0.686 0.001 0.033 0.008 0.010 0.014 0.244 
 465 R E   0.005 0.675 0.001 0.033 0.008 0.010 0.015 0.254 
 466 R E   0.005 0.653 0.001 0.032 0.008 0.009 0.017 0.275 
 467 L E   0.006 0.614 0.001 0.030 0.009 0.010 0.020 0.311 
 468 S E   0.007 0.555 0.001 0.028 0.009 0.010 0.023 0.366 
 469 T E   0.008 0.481 0.001 0.025 0.008 0.011 0.028 0.438 
 470 G _   0.008 0.405 0.001 0.021 0.007 0.011 0.033 0.513 
 471 S _   0.008 0.341 0.001 0.016 0.006 0.011 0.038 0.580 
 472 S _   0.008 0.295 0.001 0.011 0.004 0.010 0.042 0.629 
 473 R _   0.007 0.268 0.000 0.008 0.003 0.009 0.044 0.660 
 474 P _   0.006 0.254 0.000 0.006 0.002 0.009 0.046 0.676 
 475 Y _   0.006 0.249 0.000 0.005 0.002 0.009 0.047 0.682 
 476 S _   0.006 0.250 0.000 0.006 0.002 0.010 0.047 0.679 
 477 P _   0.006 0.258 0.000 0.008 0.003 0.012 0.047 0.666 
 478 S _   0.007 0.277 0.001 0.011 0.005 0.014 0.046 0.639 
 479 P _   0.008 0.315 0.001 0.016 0.007 0.016 0.044 0.591 
 480 L _   0.009 0.375 0.001 0.023 0.010 0.018 0.042 0.522 
 481 V E   0.009 0.451 0.002 0.029 0.012 0.018 0.040 0.440 
 482 G E   0.008 0.525 0.002 0.033 0.013 0.018 0.038 0.365 
 483 T E   0.007 0.583 0.001 0.035 0.013 0.016 0.036 0.308 
 484 I E   0.006 0.625 0.001 0.037 0.012 0.015 0.036 0.269 
 485 P E   0.005 0.651 0.001 0.037 0.011 0.014 0.035 0.245 
 486 E E   0.005 0.666 0.001 0.037 0.010 0.013 0.036 0.232 
 487 Q E   0.005 0.672 0.001 0.037 0.010 0.012 0.037 0.226 
 488 F E   0.005 0.671 0.001 0.037 0.009 0.012 0.038 0.227 
 489 S E   0.005 0.664 0.001 0.036 0.009 0.011 0.040 0.233 
 490 Q E   0.005 0.649 0.001 0.036 0.009 0.011 0.043 0.246 
 491 C E   0.005 0.624 0.001 0.035 0.009 0.011 0.048 0.267 
 492 C E   0.006 0.586 0.001 0.035 0.009 0.011 0.054 0.299 
 493 C E   0.007 0.534 0.001 0.034 0.009 0.011 0.062 0.342 
 494 G E   0.008 0.469 0.001 0.032 0.009 0.012 0.072 0.397 
 495 H _   0.009 0.395 0.001 0.030 0.009 0.012 0.083 0.461 
 496 P _   0.009 0.321 0.001 0.026 0.008 0.012 0.096 0.526 
 497 Q _   0.009 0.255 0.001 0.022 0.006 0.012 0.108 0.587 
 498 G _   0.009 0.201 0.001 0.018 0.005 0.011 0.119 0.637 
 499 H _   0.008 0.161 0.001 0.014 0.004 0.010 0.127 0.675 
 500 D _   0.007 0.134 0.000 0.011 0.003 0.009 0.134 0.701 
 501 S _   0.006 0.116 0.000 0.009 0.002 0.008 0.138 0.719 
 502 R _   0.006 0.106 0.000 0.008 0.002 0.007 0.142 0.730 
 503 S _   0.005 0.099 0.000 0.007 0.002 0.007 0.144 0.737 
 504 R _   0.004 0.096 0.000 0.006 0.002 0.006 0.145 0.741 
 505 N _   0.004 0.095 0.000 0.007 0.002 0.006 0.145 0.742 
 506 S _   0.004 0.095 0.000 0.007 0.002 0.006 0.145 0.741 
 507 S _   0.004 0.098 0.000 0.008 0.002 0.007 0.144 0.738 
 508 G _   0.004 0.102 0.000 0.009 0.002 0.007 0.143 0.733 
 509 S _   0.004 0.109 0.000 0.011 0.002 0.008 0.141 0.726 
 510 P _   0.004 0.116 0.000 0.012 0.003 0.008 0.139 0.718 
 511 V _   0.004 0.126 0.000 0.013 0.003 0.008 0.137 0.709 
 512 P _   0.004 0.135 0.000 0.014 0.003 0.009 0.134 0.700 
 513 Q _   0.004 0.146 0.000 0.015 0.003 0.009 0.132 0.691 
 514 A _   0.004 0.156 0.000 0.015 0.004 0.009 0.130 0.682 
 515 Q _   0.004 0.166 0.000 0.016 0.004 0.009 0.127 0.674 
 516 S _   0.004 0.177 0.000 0.016 0.004 0.009 0.125 0.664 
 517 P _   0.004 0.189 0.001 0.017 0.004 0.010 0.123 0.653 
 518 Q _   0.004 0.201 0.001 0.018 0.005 0.010 0.121 0.641 
 519 S _   0.004 0.213 0.001 0.019 0.005 0.010 0.119 0.628 
 520 L _   0.004 0.225 0.001 0.021 0.005 0.011 0.118 0.615 
 521 L _   0.005 0.236 0.001 0.023 0.006 0.011 0.117 0.602 
 522 S _   0.005 0.245 0.001 0.024 0.006 0.012 0.116 0.592 
 523 G _   0.005 0.251 0.001 0.026 0.007 0.012 0.115 0.584 
 524 A _   0.005 0.254 0.001 0.026 0.007 0.012 0.115 0.579 
 525 R _   0.006 0.255 0.001 0.026 0.007 0.012 0.116 0.578 
 526 L _   0.006 0.253 0.001 0.025 0.007 0.012 0.117 0.580 
 527 Q _   0.006 0.247 0.001 0.024 0.007 0.012 0.119 0.584 
 528 S _   0.006 0.240 0.001 0.023 0.007 0.012 0.121 0.591 
 529 A _   0.007 0.230 0.001 0.022 0.007 0.012 0.124 0.598 
 530 P _   0.007 0.219 0.001 0.021 0.006 0.012 0.127 0.607 
 531 T _   0.008 0.207 0.001 0.020 0.006 0.012 0.131 0.616 
 532 L _   0.008 0.193 0.001 0.020 0.006 0.011 0.136 0.625 
 533 T _   0.008 0.178 0.001 0.019 0.006 0.011 0.141 0.636 
 534 D _   0.008 0.162 0.001 0.019 0.006 0.011 0.146 0.648 
 535 I _   0.008 0.145 0.001 0.018 0.005 0.011 0.151 0.661 
 536 Y _   0.008 0.127 0.001 0.017 0.005 0.011 0.157 0.674 
 537 Q _   0.008 0.109 0.001 0.016 0.005 0.010 0.163 0.688 
 538 N _   0.008 0.092 0.001 0.015 0.004 0.010 0.168 0.702 
 539 K _   0.008 0.077 0.001 0.014 0.004 0.009 0.174 0.714 
 540 Q _   0.007 0.063 0.000 0.012 0.004 0.009 0.179 0.725 
 541 K _   0.007 0.051 0.000 0.011 0.003 0.008 0.184 0.735 
 542 L _   0.007 0.040 0.000 0.010 0.003 0.008 0.189 0.743 
 543 R _   0.007 0.032 0.000 0.009 0.003 0.007 0.193 0.750 
 544 K _   0.006 0.026 0.000 0.008 0.002 0.007 0.196 0.755 
 545 Q _   0.006 0.021 0.000 0.007 0.002 0.006 0.199 0.759 
 546 H _   0.005 0.017 0.000 0.006 0.002 0.006 0.201 0.763 
 547 S _   0.005 0.015 0.000 0.005 0.002 0.006 0.203 0.765 
 548 D _   0.005 0.013 0.000 0.005 0.002 0.006 0.203 0.766 
 549 P _   0.005 0.013 0.000 0.005 0.002 0.006 0.204 0.765 
 550 V _   0.005 0.013 0.000 0.006 0.002 0.006 0.204 0.763 
 551 C _   0.005 0.014 0.000 0.008 0.002 0.007 0.203 0.760 
 552 P _   0.006 0.016 0.000 0.010 0.003 0.008 0.203 0.755 
 553 S _   0.006 0.018 0.000 0.013 0.003 0.009 0.202 0.749 
 554 H _   0.006 0.020 0.000 0.016 0.004 0.009 0.201 0.744 
 555 T _   0.006 0.022 0.001 0.018 0.004 0.010 0.200 0.739 
 556 G _   0.006 0.023 0.001 0.020 0.005 0.010 0.200 0.736 
 557 A _   0.006 0.024 0.001 0.020 0.005 0.010 0.200 0.735 
 558 G _   0.006 0.023 0.001 0.019 0.004 0.009 0.200 0.738 
 559 Y _   0.006 0.022 0.000 0.017 0.004 0.008 0.200 0.743 
 560 S _   0.005 0.020 0.000 0.014 0.003 0.008 0.200 0.749 
 561 Y _   0.005 0.018 0.000 0.011 0.003 0.007 0.200 0.756 
 562 S _   0.005 0.016 0.000 0.009 0.002 0.006 0.201 0.762 
 563 P _   0.004 0.014 0.000 0.007 0.002 0.006 0.200 0.766 
 564 Q _   0.004 0.013 0.000 0.006 0.002 0.006 0.200 0.769 
 565 P _   0.004 0.013 0.000 0.006 0.002 0.006 0.199 0.770 
 566 S _   0.004 0.014 0.000 0.007 0.002 0.006 0.198 0.770 
 567 R _   0.004 0.015 0.000 0.008 0.002 0.006 0.196 0.769 
 568 P _   0.004 0.016 0.000 0.009 0.002 0.007 0.194 0.766 
 569 G _   0.004 0.019 0.000 0.012 0.003 0.007 0.191 0.763 
 570 S _   0.005 0.021 0.000 0.014 0.003 0.008 0.188 0.760 
 571 L _   0.005 0.024 0.000 0.016 0.004 0.008 0.186 0.757 
 572 G _   0.005 0.026 0.000 0.017 0.004 0.009 0.183 0.756 
 573 T _   0.005 0.027 0.000 0.018 0.004 0.009 0.181 0.756 
 574 S _   0.005 0.028 0.000 0.017 0.004 0.008 0.179 0.758 
 575 P _   0.005 0.028 0.000 0.016 0.004 0.008 0.178 0.761 
 576 T _   0.005 0.028 0.000 0.014 0.003 0.008 0.176 0.766 
 577 K _   0.004 0.027 0.000 0.012 0.003 0.007 0.175 0.771 
 578 H _   0.004 0.027 0.000 0.010 0.002 0.007 0.174 0.776 
 579 L _   0.004 0.026 0.000 0.008 0.002 0.006 0.172 0.780 
 580 G _   0.004 0.027 0.000 0.007 0.002 0.006 0.170 0.784 
 581 S _   0.004 0.027 0.000 0.007 0.002 0.007 0.168 0.785 
 582 S _   0.004 0.029 0.000 0.007 0.002 0.007 0.165 0.785 
 583 P _   0.004 0.033 0.000 0.008 0.002 0.008 0.162 0.783 
 584 R _   0.005 0.039 0.000 0.009 0.003 0.009 0.158 0.777 
 585 S _   0.005 0.048 0.000 0.012 0.004 0.010 0.153 0.767 
 586 S _   0.006 0.060 0.001 0.015 0.005 0.012 0.148 0.754 
 587 D _   0.006 0.075 0.001 0.018 0.006 0.013 0.143 0.738 
 588 W _   0.007 0.091 0.001 0.021 0.007 0.014 0.137 0.722 
 589 F _   0.007 0.107 0.001 0.024 0.008 0.015 0.132 0.706 
 590 F _   0.007 0.121 0.001 0.027 0.009 0.016 0.128 0.692 
 591 K _   0.007 0.133 0.001 0.028 0.009 0.016 0.124 0.682 
 592 T _   0.007 0.141 0.001 0.029 0.009 0.016 0.121 0.675 
 593 P _   0.008 0.147 0.001 0.029 0.010 0.016 0.118 0.671 
 594 L _   0.008 0.151 0.001 0.029 0.009 0.016 0.117 0.670 
 595 P _   0.008 0.153 0.001 0.027 0.009 0.016 0.115 0.671 
 596 T _   0.008 0.153 0.001 0.026 0.009 0.015 0.114 0.674 
 597 I _   0.009 0.152 0.001 0.024 0.008 0.015 0.114 0.678 
 598 I _   0.009 0.149 0.001 0.022 0.008 0.015 0.113 0.683 
 599 G _   0.009 0.146 0.001 0.020 0.007 0.014 0.113 0.689 
 600 S _   0.009 0.142 0.001 0.019 0.007 0.014 0.113 0.696 
 601 P _   0.009 0.138 0.001 0.017 0.006 0.013 0.114 0.702 
 602 T _   0.009 0.133 0.001 0.016 0.006 0.013 0.114 0.708 
 603 K _   0.009 0.129 0.001 0.015 0.006 0.013 0.114 0.714 
 604 T _   0.008 0.124 0.001 0.014 0.006 0.012 0.115 0.719 
 605 T _   0.008 0.120 0.001 0.014 0.005 0.012 0.115 0.724 
 606 A _   0.008 0.116 0.001 0.013 0.005 0.012 0.116 0.729 
 607 P _   0.007 0.113 0.001 0.013 0.005 0.012 0.117 0.733 
 608 F _   0.007 0.109 0.001 0.011 0.004 0.012 0.117 0.738 
 609 K _   0.007 0.106 0.000 0.010 0.004 0.012 0.118 0.742 
 610 I _   0.007 0.104 0.000 0.009 0.004 0.013 0.118 0.745 
 611 P _   0.008 0.103 0.000 0.008 0.004 0.014 0.118 0.745 
 612 K _   0.009 0.104 0.000 0.007 0.004 0.015 0.118 0.742 
 613 T _   0.011 0.108 0.001 0.007 0.005 0.018 0.117 0.733 
 614 Q _   0.014 0.116 0.001 0.009 0.007 0.022 0.116 0.714 
 615 A _   0.017 0.134 0.001 0.013 0.011 0.026 0.115 0.682 
 616 S _   0.021 0.166 0.002 0.019 0.017 0.031 0.113 0.630 
 617 S _   0.024 0.215 0.002 0.029 0.023 0.034 0.111 0.562 
 618 N _   0.026 0.274 0.002 0.040 0.027 0.035 0.109 0.486 
 619 L _   0.027 0.327 0.002 0.051 0.028 0.035 0.108 0.422 
 620 L _   0.026 0.362 0.002 0.061 0.027 0.034 0.108 0.381 
 621 A E   0.025 0.379 0.002 0.067 0.026 0.032 0.109 0.360 
 622 L E   0.025 0.384 0.002 0.069 0.024 0.029 0.112 0.355 
 623 V E   0.023 0.380 0.002 0.067 0.022 0.027 0.116 0.364 
 624 T _   0.022 0.365 0.002 0.061 0.019 0.024 0.121 0.386 
 625 R _   0.020 0.334 0.002 0.054 0.017 0.021 0.128 0.425 
 626 H _   0.019 0.283 0.002 0.044 0.014 0.019 0.138 0.480 
 627 G _   0.018 0.217 0.002 0.035 0.011 0.017 0.150 0.550 
 628 P _   0.017 0.149 0.001 0.025 0.008 0.014 0.163 0.622 
 629 A _   0.015 0.094 0.001 0.017 0.006 0.012 0.174 0.682 
 630 E _   0.012 0.056 0.001 0.011 0.004 0.010 0.182 0.725 
 631 E _   0.010 0.034 0.000 0.007 0.002 0.007 0.187 0.752 
 632 Q _   0.007 0.023 0.000 0.005 0.002 0.006 0.190 0.768 
 633 S _   0.005 0.017 0.000 0.003 0.001 0.005 0.191 0.777 
 634 K _   0.004 0.015 0.000 0.002 0.001 0.005 0.191 0.782 
 635 D _   0.004 0.014 0.000 0.002 0.001 0.005 0.190 0.784 
 636 G _   0.004 0.016 0.000 0.003 0.001 0.007 0.187 0.782 
 637 N _   0.005 0.021 0.000 0.005 0.002 0.009 0.182 0.774 
 638 E _   0.008 0.036 0.000 0.009 0.004 0.014 0.175 0.754 
 639 P _   0.011 0.072 0.001 0.016 0.008 0.019 0.164 0.709 
 640 R _   0.013 0.148 0.002 0.028 0.014 0.025 0.148 0.623 
 641 E _   0.013 0.260 0.002 0.043 0.019 0.027 0.129 0.506 
 642 C _   0.012 0.378 0.003 0.055 0.021 0.027 0.112 0.392 
 643 A E   0.010 0.465 0.002 0.065 0.021 0.025 0.100 0.313 
 644 H E   0.009 0.515 0.002 0.070 0.019 0.023 0.092 0.271 
 645 C E   0.008 0.539 0.001 0.072 0.017 0.022 0.088 0.253 
 646 L E   0.008 0.548 0.001 0.071 0.016 0.020 0.086 0.250 
 647 L E   0.008 0.547 0.001 0.068 0.015 0.018 0.084 0.259 
 648 V E   0.008 0.534 0.001 0.061 0.014 0.017 0.084 0.281 
 649 Q E   0.008 0.506 0.001 0.052 0.013 0.016 0.085 0.319 
 650 G E   0.009 0.456 0.002 0.043 0.012 0.015 0.087 0.378 
 651 S _   0.010 0.384 0.002 0.032 0.010 0.014 0.090 0.458 
 652 E _   0.010 0.306 0.001 0.023 0.009 0.013 0.093 0.544 
 653 R _   0.010 0.243 0.001 0.016 0.006 0.013 0.096 0.615 
 654 Q _   0.009 0.204 0.001 0.011 0.004 0.012 0.098 0.662 
 655 R _   0.008 0.183 0.000 0.008 0.003 0.011 0.099 0.688 
 656 A _   0.007 0.174 0.000 0.007 0.003 0.011 0.100 0.700 
 657 E _   0.006 0.171 0.000 0.007 0.003 0.011 0.099 0.702 
 658 Q _   0.007 0.173 0.000 0.008 0.003 0.012 0.098 0.699 
 659 Q _   0.007 0.179 0.000 0.011 0.004 0.013 0.097 0.689 
 660 S _   0.008 0.188 0.001 0.016 0.005 0.014 0.095 0.673 
 661 K _   0.008 0.200 0.001 0.021 0.007 0.015 0.093 0.654 
 662 A _   0.008 0.212 0.001 0.028 0.008 0.016 0.092 0.635 
 663 V _   0.009 0.220 0.001 0.034 0.010 0.016 0.091 0.620 
