#TopoPred_TM8: 8-state transmembrane topology prediction results by no_profile mode 
#probabilities are in the order of H E C I L F X _, the 8 transmembrane topology types used in PDBTM 
   1 M X   0.017 0.001 0.002 0.059 0.011 0.013 0.706 0.192 
   2 A X   0.008 0.001 0.000 0.039 0.003 0.008 0.725 0.216 
   3 S X   0.004 0.000 0.000 0.025 0.001 0.006 0.730 0.234 
   4 T X   0.003 0.000 0.000 0.018 0.001 0.007 0.726 0.244 
   5 T X   0.003 0.000 0.000 0.015 0.001 0.008 0.718 0.254 
   6 T X   0.004 0.001 0.000 0.012 0.002 0.009 0.706 0.266 
   7 C X   0.005 0.001 0.000 0.011 0.002 0.010 0.693 0.279 
   8 T X   0.006 0.001 0.000 0.010 0.003 0.010 0.678 0.292 
   9 R X   0.006 0.001 0.000 0.010 0.003 0.010 0.662 0.308 
  10 F X   0.006 0.002 0.000 0.010 0.003 0.010 0.645 0.324 
  11 T X   0.005 0.002 0.001 0.010 0.004 0.011 0.627 0.341 
  12 D X   0.005 0.003 0.001 0.010 0.004 0.011 0.609 0.357 
  13 E X   0.005 0.003 0.001 0.011 0.004 0.012 0.592 0.372 
  14 Y X   0.006 0.004 0.001 0.011 0.005 0.012 0.576 0.386 
  15 Q X   0.006 0.004 0.001 0.011 0.005 0.013 0.560 0.399 
  16 L X   0.007 0.005 0.001 0.011 0.005 0.015 0.545 0.412 
  17 F X   0.008 0.006 0.001 0.011 0.006 0.016 0.529 0.423 
  18 E X   0.010 0.007 0.001 0.011 0.007 0.018 0.514 0.434 
  19 E X   0.011 0.008 0.001 0.011 0.007 0.020 0.498 0.444 
  20 L X   0.014 0.009 0.001 0.011 0.009 0.022 0.482 0.452 
  21 G X   0.016 0.010 0.001 0.012 0.010 0.025 0.467 0.459 
  22 K _   0.020 0.012 0.001 0.013 0.012 0.027 0.452 0.463 
  23 G _   0.023 0.015 0.001 0.014 0.014 0.030 0.437 0.465 
  24 A _   0.027 0.018 0.001 0.017 0.017 0.032 0.423 0.465 
  25 F _   0.030 0.021 0.001 0.020 0.019 0.033 0.411 0.465 
  26 S _   0.033 0.024 0.001 0.023 0.021 0.034 0.399 0.466 
  27 V _   0.034 0.026 0.001 0.025 0.021 0.034 0.389 0.470 
  28 V _   0.034 0.027 0.001 0.026 0.020 0.032 0.380 0.479 
  29 R _   0.033 0.026 0.001 0.025 0.019 0.031 0.373 0.492 
  30 R _   0.031 0.025 0.001 0.022 0.016 0.028 0.366 0.510 
  31 C _   0.029 0.023 0.001 0.018 0.013 0.026 0.360 0.530 
  32 M _   0.026 0.020 0.001 0.014 0.010 0.023 0.355 0.551 
  33 K _   0.023 0.017 0.001 0.011 0.008 0.021 0.350 0.570 
  34 I _   0.021 0.015 0.001 0.008 0.006 0.019 0.345 0.585 
  35 P _   0.019 0.014 0.001 0.006 0.006 0.018 0.339 0.597 
  36 T _   0.018 0.014 0.001 0.006 0.005 0.018 0.334 0.603 
  37 G _   0.018 0.015 0.001 0.007 0.006 0.018 0.329 0.606 
  38 Q _   0.018 0.018 0.001 0.009 0.007 0.019 0.324 0.605 
  39 E _   0.018 0.022 0.001 0.013 0.008 0.020 0.318 0.601 
  40 Y _   0.018 0.027 0.001 0.017 0.010 0.020 0.312 0.594 
  41 A _   0.018 0.033 0.001 0.023 0.011 0.020 0.307 0.587 
  42 A _   0.018 0.037 0.001 0.027 0.012 0.020 0.303 0.583 
  43 K _   0.017 0.039 0.001 0.030 0.012 0.019 0.299 0.582 
  44 I _   0.016 0.040 0.001 0.031 0.011 0.018 0.297 0.586 
  45 I _   0.015 0.039 0.001 0.029 0.010 0.016 0.296 0.594 
  46 N _   0.014 0.036 0.001 0.026 0.008 0.014 0.295 0.607 
  47 T _   0.012 0.031 0.001 0.021 0.006 0.012 0.294 0.622 
  48 K _   0.010 0.024 0.001 0.016 0.005 0.010 0.295 0.639 
  49 K _   0.009 0.017 0.000 0.011 0.004 0.009 0.294 0.656 
  50 L _   0.008 0.011 0.000 0.007 0.002 0.007 0.294 0.670 
  51 S _   0.006 0.007 0.000 0.005 0.002 0.006 0.293 0.681 
  52 A _   0.005 0.005 0.000 0.003 0.001 0.005 0.291 0.688 
  53 R _   0.005 0.004 0.000 0.003 0.001 0.005 0.288 0.693 
  54 D _   0.005 0.004 0.000 0.003 0.001 0.006 0.284 0.697 
  55 H _   0.005 0.004 0.000 0.003 0.002 0.007 0.280 0.699 
  56 Q _   0.006 0.006 0.000 0.004 0.002 0.009 0.274 0.698 
  57 K _   0.007 0.010 0.000 0.007 0.003 0.011 0.267 0.694 
  58 L _   0.009 0.017 0.001 0.011 0.005 0.014 0.259 0.684 
  59 E _   0.010 0.029 0.001 0.016 0.007 0.018 0.249 0.670 
  60 R _   0.011 0.044 0.001 0.023 0.010 0.021 0.239 0.651 
  61 E _   0.012 0.058 0.001 0.030 0.012 0.023 0.229 0.633 
  62 A _   0.013 0.070 0.001 0.036 0.014 0.025 0.220 0.620 
  63 R _   0.014 0.079 0.001 0.040 0.016 0.026 0.213 0.611 
  64 I _   0.015 0.084 0.001 0.042 0.016 0.026 0.207 0.608 
  65 C _   0.016 0.086 0.001 0.041 0.017 0.026 0.202 0.611 
  66 R _   0.016 0.086 0.001 0.039 0.016 0.025 0.197 0.618 
  67 L _   0.016 0.083 0.001 0.036 0.015 0.024 0.194 0.630 
  68 L _   0.016 0.077 0.001 0.032 0.014 0.023 0.192 0.645 
  69 K _   0.016 0.070 0.001 0.028 0.012 0.021 0.190 0.662 
  70 H _   0.015 0.060 0.001 0.024 0.010 0.019 0.189 0.681 
  71 P _   0.015 0.050 0.001 0.021 0.009 0.017 0.188 0.700 
  72 N _   0.014 0.040 0.001 0.017 0.007 0.016 0.187 0.718 
  73 I _   0.013 0.030 0.001 0.014 0.006 0.014 0.186 0.736 
  74 V _   0.012 0.021 0.001 0.011 0.005 0.013 0.185 0.752 
  75 R _   0.011 0.014 0.001 0.008 0.004 0.012 0.184 0.767 
  76 L _   0.010 0.008 0.000 0.006 0.003 0.011 0.182 0.780 
  77 H _   0.009 0.004 0.000 0.005 0.003 0.011 0.179 0.789 
  78 D _   0.010 0.002 0.000 0.004 0.002 0.011 0.176 0.795 
  79 S _   0.011 0.001 0.000 0.003 0.002 0.013 0.173 0.797 
  80 I _   0.014 0.001 0.000 0.003 0.003 0.015 0.168 0.795 
  81 S _   0.019 0.001 0.000 0.003 0.004 0.020 0.164 0.789 
  82 E _   0.027 0.001 0.001 0.005 0.006 0.026 0.158 0.777 
  83 E _   0.037 0.002 0.001 0.007 0.010 0.033 0.152 0.758 
  84 G _   0.049 0.003 0.001 0.010 0.015 0.041 0.146 0.735 
  85 F _   0.062 0.005 0.001 0.013 0.022 0.048 0.139 0.709 
  86 H _   0.074 0.008 0.002 0.018 0.029 0.055 0.132 0.683 
  87 Y _   0.086 0.010 0.002 0.021 0.035 0.060 0.126 0.659 
  88 L _   0.098 0.012 0.002 0.023 0.040 0.064 0.121 0.640 
  89 V _   0.107 0.014 0.002 0.024 0.042 0.066 0.117 0.628 
  90 F _   0.115 0.014 0.002 0.023 0.043 0.066 0.113 0.624 
  91 D _   0.120 0.014 0.002 0.021 0.042 0.065 0.111 0.626 
  92 L _   0.122 0.013 0.002 0.019 0.039 0.063 0.109 0.634 
  93 V _   0.121 0.012 0.002 0.016 0.035 0.060 0.107 0.648 
  94 T _   0.117 0.011 0.002 0.014 0.030 0.057 0.106 0.663 
  95 G _   0.111 0.009 0.002 0.012 0.026 0.054 0.105 0.681 
  96 G _   0.103 0.009 0.001 0.011 0.023 0.051 0.104 0.697 
  97 E _   0.095 0.009 0.001 0.011 0.021 0.048 0.104 0.711 
  98 L _   0.086 0.009 0.001 0.012 0.019 0.045 0.104 0.723 
  99 F _   0.076 0.010 0.001 0.015 0.018 0.043 0.103 0.734 
 100 E _   0.066 0.011 0.001 0.018 0.018 0.039 0.103 0.744 
 101 D _   0.057 0.012 0.001 0.021 0.017 0.036 0.103 0.753 
 102 I _   0.049 0.012 0.001 0.023 0.016 0.033 0.103 0.763 
 103 V _   0.042 0.012 0.001 0.023 0.014 0.029 0.103 0.775 
 104 A _   0.035 0.012 0.001 0.022 0.012 0.026 0.104 0.789 
 105 R _   0.028 0.010 0.001 0.019 0.009 0.022 0.104 0.807 
 106 E _   0.022 0.008 0.001 0.015 0.007 0.018 0.105 0.824 
 107 Y _   0.017 0.006 0.001 0.010 0.005 0.015 0.105 0.841 
 108 Y _   0.014 0.004 0.000 0.007 0.004 0.013 0.105 0.854 
 109 S _   0.012 0.002 0.000 0.004 0.003 0.012 0.104 0.862 
 110 E _   0.011 0.002 0.000 0.003 0.002 0.012 0.103 0.867 
 111 A _   0.011 0.002 0.000 0.003 0.003 0.013 0.102 0.866 
 112 D _   0.013 0.003 0.000 0.004 0.003 0.015 0.100 0.861 
 113 A _   0.016 0.005 0.001 0.006 0.005 0.019 0.099 0.849 
 114 S _   0.020 0.011 0.001 0.010 0.009 0.024 0.096 0.829 
 115 H _   0.024 0.022 0.001 0.018 0.013 0.028 0.093 0.800 
 116 C _   0.028 0.036 0.001 0.027 0.018 0.033 0.090 0.766 
 117 I _   0.030 0.049 0.002 0.037 0.022 0.035 0.088 0.737 
 118 Q _   0.031 0.058 0.002 0.043 0.024 0.036 0.086 0.720 
 119 Q _   0.032 0.062 0.002 0.045 0.024 0.036 0.085 0.714 
 120 I _   0.031 0.063 0.002 0.043 0.023 0.035 0.084 0.720 
 121 L _   0.030 0.061 0.002 0.037 0.020 0.033 0.083 0.734 
 122 E _   0.029 0.056 0.001 0.029 0.017 0.030 0.083 0.755 
 123 S _   0.027 0.050 0.001 0.021 0.014 0.028 0.083 0.776 
 124 V _   0.025 0.044 0.001 0.016 0.011 0.026 0.083 0.794 
 125 N _   0.023 0.039 0.001 0.013 0.009 0.024 0.084 0.807 
 126 H _   0.022 0.037 0.001 0.012 0.008 0.023 0.084 0.814 
 127 C _   0.021 0.036 0.001 0.013 0.008 0.021 0.084 0.816 
 128 H _   0.020 0.036 0.001 0.015 0.008 0.021 0.084 0.815 
 129 L _   0.020 0.036 0.001 0.017 0.009 0.020 0.085 0.813 
 130 N _   0.019 0.036 0.001 0.019 0.009 0.018 0.085 0.813 
 131 G _   0.017 0.035 0.001 0.020 0.008 0.017 0.086 0.816 
 132 I _   0.016 0.033 0.001 0.020 0.007 0.015 0.086 0.822 
 133 V _   0.014 0.030 0.001 0.017 0.006 0.014 0.087 0.831 
 134 H _   0.013 0.026 0.001 0.015 0.005 0.012 0.088 0.841 
 135 R _   0.011 0.022 0.001 0.012 0.004 0.011 0.089 0.851 
 136 D _   0.010 0.018 0.000 0.010 0.004 0.010 0.089 0.860 
 137 L _   0.009 0.015 0.000 0.008 0.003 0.009 0.090 0.867 
 138 K _   0.008 0.013 0.000 0.007 0.003 0.008 0.090 0.871 
 139 P _   0.007 0.011 0.000 0.007 0.003 0.008 0.091 0.873 
 140 E _   0.007 0.011 0.000 0.008 0.003 0.008 0.091 0.873 
 141 N _   0.007 0.010 0.000 0.008 0.003 0.008 0.090 0.873 
 142 L _   0.007 0.010 0.000 0.008 0.003 0.008 0.090 0.874 
 143 L _   0.007 0.011 0.000 0.008 0.003 0.007 0.089 0.875 
 144 L _   0.006 0.011 0.000 0.008 0.003 0.007 0.088 0.877 
 145 A _   0.006 0.011 0.000 0.008 0.002 0.007 0.087 0.879 
 146 S _   0.005 0.012 0.000 0.007 0.002 0.007 0.086 0.881 
 147 K _   0.005 0.012 0.000 0.006 0.002 0.008 0.084 0.882 
 148 S _   0.006 0.014 0.000 0.006 0.002 0.009 0.082 0.881 
 149 K _   0.006 0.017 0.000 0.007 0.003 0.010 0.080 0.877 
 150 G _   0.007 0.022 0.000 0.008 0.004 0.012 0.077 0.869 
 151 A _   0.009 0.030 0.001 0.011 0.005 0.015 0.074 0.856 
 152 A _   0.011 0.043 0.001 0.014 0.007 0.018 0.070 0.837 
 153 V _   0.013 0.060 0.001 0.019 0.009 0.020 0.067 0.812 
 154 K _   0.014 0.080 0.001 0.024 0.011 0.023 0.063 0.783 
 155 L _   0.016 0.100 0.001 0.030 0.014 0.025 0.059 0.755 
 156 A _   0.017 0.117 0.001 0.035 0.016 0.027 0.056 0.731 
 157 D _   0.018 0.129 0.001 0.039 0.017 0.027 0.053 0.714 
 158 F _   0.019 0.137 0.001 0.042 0.018 0.028 0.051 0.703 
 159 G _   0.020 0.141 0.001 0.043 0.018 0.027 0.050 0.700 
 160 L _   0.020 0.141 0.001 0.041 0.017 0.026 0.049 0.705 
 161 A _   0.020 0.137 0.001 0.037 0.015 0.025 0.048 0.717 
 162 I _   0.020 0.129 0.001 0.031 0.013 0.023 0.048 0.735 
 163 E _   0.019 0.118 0.001 0.024 0.010 0.021 0.048 0.759 
 164 V _   0.017 0.105 0.001 0.018 0.008 0.019 0.048 0.785 
 165 Q _   0.016 0.093 0.001 0.013 0.006 0.018 0.047 0.807 
 166 G _   0.015 0.084 0.001 0.009 0.005 0.017 0.047 0.822 
 167 D _   0.014 0.080 0.001 0.008 0.005 0.016 0.046 0.830 
 168 Q _   0.014 0.078 0.001 0.008 0.005 0.017 0.046 0.832 
 169 Q _   0.015 0.080 0.001 0.009 0.006 0.017 0.045 0.828 
 170 A _   0.015 0.084 0.001 0.013 0.007 0.019 0.044 0.818 
 171 W _   0.016 0.090 0.001 0.017 0.009 0.019 0.043 0.805 
 172 F _   0.016 0.097 0.001 0.023 0.010 0.020 0.042 0.792 
 173 G _   0.016 0.103 0.001 0.027 0.011 0.020 0.041 0.781 
 174 F _   0.015 0.106 0.001 0.030 0.011 0.019 0.040 0.776 
 175 A _   0.015 0.107 0.001 0.031 0.011 0.019 0.040 0.777 
 176 G _   0.014 0.105 0.001 0.030 0.011 0.017 0.039 0.783 
 177 T _   0.013 0.099 0.001 0.028 0.010 0.016 0.040 0.793 
 178 P _   0.013 0.091 0.001 0.025 0.009 0.015 0.040 0.806 
 179 G _   0.012 0.081 0.001 0.022 0.008 0.014 0.040 0.822 
 180 Y _   0.012 0.070 0.001 0.020 0.007 0.013 0.041 0.837 
 181 L _   0.011 0.059 0.001 0.018 0.006 0.012 0.042 0.852 
 182 S _   0.011 0.048 0.001 0.016 0.005 0.011 0.043 0.865 
 183 P _   0.010 0.038 0.001 0.015 0.005 0.010 0.043 0.878 
 184 E _   0.010 0.029 0.001 0.013 0.004 0.009 0.044 0.891 
 185 V _   0.009 0.020 0.000 0.011 0.003 0.008 0.044 0.904 
 186 L _   0.009 0.013 0.000 0.008 0.003 0.007 0.044 0.916 
 187 R _   0.008 0.007 0.000 0.006 0.002 0.006 0.043 0.927 
 188 K _   0.009 0.003 0.000 0.004 0.002 0.005 0.042 0.935 
 189 D _   0.010 0.001 0.000 0.003 0.001 0.004 0.041 0.939 
 190 P _   0.015 0.000 0.000 0.002 0.001 0.004 0.039 0.939 
 191 Y _   0.026 0.000 0.000 0.001 0.001 0.004 0.036 0.931 
 192 G _   0.050 0.000 0.000 0.001 0.002 0.005 0.033 0.908 
 193 K _   0.099 0.000 0.000 0.001 0.003 0.007 0.029 0.861 
 194 P _   0.188 0.000 0.001 0.001 0.004 0.009 0.024 0.774 
 195 V _   0.315 0.000 0.001 0.001 0.006 0.011 0.018 0.649 
 196 D _   0.462 0.000 0.001 0.001 0.009 0.012 0.012 0.503 
 197 M H   0.611 0.000 0.001 0.001 0.011 0.013 0.008 0.354 
 198 W H   0.737 0.000 0.001 0.001 0.014 0.013 0.005 0.229 
 199 A H   0.822 0.000 0.001 0.001 0.016 0.012 0.003 0.145 
 200 C H   0.876 0.000 0.001 0.001 0.017 0.011 0.002 0.092 
 201 G H   0.906 0.000 0.001 0.001 0.017 0.009 0.002 0.064 
 202 V H   0.922 0.000 0.001 0.001 0.017 0.008 0.002 0.050 
 203 I H   0.927 0.000 0.001 0.001 0.018 0.007 0.002 0.045 
 204 L H   0.924 0.000 0.001 0.001 0.018 0.007 0.002 0.048 
 205 Y H   0.911 0.000 0.001 0.001 0.019 0.007 0.002 0.059 
 206 I H   0.885 0.000 0.001 0.001 0.020 0.007 0.003 0.083 
 207 L H   0.839 0.000 0.002 0.001 0.020 0.008 0.004 0.125 
 208 L H   0.767 0.000 0.002 0.002 0.020 0.009 0.007 0.194 
 209 V H   0.668 0.000 0.002 0.002 0.018 0.010 0.011 0.289 
 210 G H   0.547 0.000 0.002 0.003 0.014 0.010 0.016 0.408 
 211 Y _   0.416 0.000 0.001 0.003 0.011 0.010 0.022 0.536 
 212 P _   0.295 0.000 0.001 0.003 0.007 0.009 0.029 0.655 
 213 P _   0.195 0.000 0.001 0.003 0.005 0.008 0.035 0.753 
 214 F _   0.122 0.000 0.001 0.003 0.004 0.007 0.040 0.824 
 215 W _   0.073 0.000 0.000 0.002 0.003 0.006 0.043 0.872 
 216 D _   0.043 0.000 0.000 0.002 0.002 0.006 0.046 0.900 
 217 E _   0.026 0.000 0.000 0.002 0.002 0.006 0.048 0.915 
 218 D _   0.018 0.001 0.000 0.003 0.002 0.007 0.049 0.920 
 219 Q _   0.014 0.003 0.000 0.005 0.002 0.008 0.050 0.918 
 220 H _   0.012 0.007 0.000 0.008 0.003 0.010 0.051 0.909 
 221 R _   0.011 0.015 0.001 0.013 0.005 0.012 0.051 0.893 
 222 L _   0.011 0.026 0.001 0.020 0.007 0.014 0.051 0.871 
 223 Y _   0.011 0.038 0.001 0.028 0.008 0.015 0.051 0.848 
 224 Q _   0.010 0.048 0.001 0.035 0.009 0.016 0.051 0.829 
 225 Q _   0.010 0.054 0.001 0.040 0.010 0.016 0.052 0.817 
 226 I _   0.010 0.057 0.001 0.041 0.010 0.016 0.053 0.812 
 227 K _   0.009 0.058 0.001 0.040 0.010 0.015 0.054 0.813 
 228 A _   0.009 0.056 0.001 0.036 0.009 0.014 0.056 0.820 
 229 G _   0.009 0.051 0.001 0.030 0.007 0.013 0.058 0.831 
 230 A _   0.009 0.045 0.001 0.023 0.006 0.011 0.060 0.845 
 231 Y _   0.008 0.037 0.001 0.017 0.005 0.010 0.063 0.860 
 232 D _   0.008 0.029 0.000 0.013 0.004 0.009 0.065 0.873 
 233 F _   0.007 0.023 0.000 0.009 0.003 0.008 0.067 0.884 
 234 P _   0.006 0.018 0.000 0.007 0.002 0.007 0.069 0.890 
 235 S _   0.006 0.016 0.000 0.006 0.002 0.006 0.070 0.894 
 236 P _   0.005 0.015 0.000 0.005 0.002 0.006 0.070 0.896 
 237 E _   0.005 0.015 0.000 0.005 0.002 0.007 0.070 0.896 
 238 W _   0.005 0.015 0.000 0.006 0.002 0.007 0.070 0.894 
 239 D _   0.005 0.017 0.000 0.007 0.003 0.008 0.070 0.890 
 240 T _   0.006 0.020 0.000 0.008 0.003 0.009 0.069 0.885 
 241 V _   0.006 0.025 0.000 0.010 0.004 0.010 0.068 0.877 
 242 T _   0.006 0.030 0.001 0.012 0.004 0.011 0.067 0.868 
 243 P _   0.006 0.037 0.001 0.015 0.005 0.012 0.066 0.858 
 244 E _   0.007 0.044 0.001 0.017 0.006 0.014 0.065 0.847 
 245 A _   0.007 0.052 0.001 0.020 0.007 0.015 0.063 0.836 
 246 K _   0.008 0.059 0.001 0.022 0.008 0.016 0.062 0.824 
 247 D _   0.009 0.065 0.001 0.025 0.009 0.017 0.061 0.812 
 248 L _   0.010 0.071 0.001 0.028 0.010 0.019 0.061 0.802 
 249 I _   0.011 0.075 0.001 0.030 0.011 0.019 0.060 0.793 
 250 N _   0.012 0.078 0.001 0.031 0.012 0.020 0.060 0.787 
 251 K _   0.013 0.078 0.001 0.032 0.012 0.020 0.060 0.784 
 252 M _   0.013 0.077 0.001 0.031 0.011 0.019 0.061 0.786 
 253 L _   0.014 0.073 0.001 0.028 0.010 0.019 0.062 0.793 
 254 T _   0.013 0.068 0.001 0.025 0.009 0.018 0.063 0.803 
 255 I _   0.013 0.061 0.001 0.021 0.008 0.017 0.065 0.816 
 256 N _   0.012 0.053 0.001 0.017 0.007 0.016 0.066 0.829 
 257 P _   0.012 0.045 0.001 0.013 0.006 0.015 0.067 0.840 
 258 A _   0.012 0.039 0.001 0.011 0.005 0.014 0.068 0.849 
 259 K _   0.012 0.035 0.001 0.009 0.005 0.014 0.070 0.855 
 260 R _   0.012 0.032 0.001 0.009 0.004 0.014 0.070 0.859 
 261 I _   0.011 0.030 0.001 0.008 0.004 0.014 0.071 0.860 
 262 T _   0.011 0.029 0.001 0.009 0.005 0.014 0.072 0.860 
 263 A _   0.011 0.029 0.001 0.009 0.005 0.015 0.072 0.858 
 264 S _   0.012 0.029 0.001 0.009 0.005 0.016 0.073 0.856 
 265 E _   0.012 0.030 0.001 0.010 0.005 0.017 0.073 0.852 
 266 A _   0.013 0.031 0.001 0.010 0.006 0.018 0.073 0.848 
 267 L _   0.014 0.033 0.001 0.010 0.006 0.020 0.073 0.843 
 268 K _   0.015 0.035 0.001 0.010 0.007 0.021 0.073 0.837 
 269 H _   0.017 0.038 0.001 0.011 0.008 0.024 0.073 0.828 
 270 P _   0.020 0.042 0.001 0.012 0.010 0.027 0.073 0.816 
 271 W _   0.023 0.048 0.001 0.013 0.012 0.030 0.073 0.802 
 272 I _   0.026 0.054 0.001 0.014 0.014 0.033 0.073 0.784 
 273 C _   0.029 0.063 0.001 0.016 0.017 0.036 0.073 0.764 
 274 Q _   0.033 0.072 0.001 0.019 0.020 0.039 0.074 0.742 
 275 R _   0.036 0.083 0.002 0.023 0.023 0.041 0.074 0.719 
 276 S _   0.038 0.093 0.002 0.027 0.026 0.042 0.075 0.698 
 277 T _   0.040 0.102 0.002 0.031 0.028 0.043 0.076 0.680 
 278 V _   0.041 0.110 0.002 0.035 0.028 0.042 0.077 0.665 
 279 A _   0.042 0.114 0.002 0.038 0.028 0.041 0.079 0.656 
 280 S _   0.041 0.116 0.002 0.039 0.027 0.039 0.081 0.654 
 281 M _   0.040 0.115 0.002 0.039 0.025 0.036 0.085 0.658 
 282 M _   0.037 0.109 0.002 0.038 0.023 0.033 0.088 0.670 
 283 H _   0.034 0.100 0.002 0.034 0.020 0.030 0.093 0.688 
 284 R _   0.030 0.087 0.001 0.029 0.016 0.026 0.098 0.712 
 285 Q _   0.026 0.071 0.001 0.024 0.013 0.023 0.103 0.739 
 286 E _   0.023 0.054 0.001 0.019 0.010 0.020 0.108 0.765 
 287 T _   0.020 0.039 0.001 0.015 0.008 0.017 0.113 0.788 
 288 V _   0.017 0.027 0.001 0.012 0.006 0.015 0.118 0.806 
 289 D _   0.015 0.017 0.001 0.009 0.005 0.013 0.122 0.818 
 290 C _   0.014 0.011 0.000 0.007 0.004 0.011 0.126 0.827 
 291 L _   0.013 0.007 0.000 0.006 0.003 0.010 0.129 0.832 
 292 K _   0.014 0.004 0.000 0.005 0.003 0.010 0.131 0.834 
 293 K _   0.015 0.002 0.000 0.004 0.002 0.009 0.133 0.834 
 294 F _   0.018 0.001 0.000 0.003 0.002 0.010 0.134 0.831 
 295 N _   0.025 0.000 0.000 0.003 0.002 0.011 0.135 0.824 
 296 A _   0.037 0.000 0.000 0.002 0.003 0.013 0.135 0.809 
 297 R _   0.058 0.000 0.000 0.002 0.004 0.016 0.134 0.784 
 298 R _   0.092 0.000 0.001 0.002 0.006 0.021 0.134 0.745 
 299 K _   0.139 0.000 0.001 0.002 0.009 0.028 0.133 0.688 
 300 L _   0.197 0.000 0.001 0.003 0.015 0.036 0.132 0.615 
 301 K _   0.260 0.000 0.001 0.004 0.025 0.045 0.132 0.533 
 302 G _   0.319 0.001 0.002 0.005 0.036 0.052 0.132 0.453 
 303 A _   0.368 0.003 0.002 0.008 0.047 0.057 0.134 0.382 
 304 I H   0.402 0.005 0.002 0.011 0.055 0.059 0.138 0.328 
 305 L H   0.421 0.007 0.003 0.014 0.060 0.059 0.143 0.293 
 306 T H   0.426 0.009 0.003 0.017 0.062 0.057 0.150 0.276 
 307 T H   0.418 0.010 0.003 0.019 0.060 0.053 0.160 0.277 
 308 M H   0.397 0.010 0.003 0.019 0.055 0.049 0.172 0.295 
 309 L H   0.365 0.008 0.003 0.018 0.047 0.044 0.187 0.328 
 310 A _   0.320 0.007 0.003 0.015 0.038 0.039 0.203 0.375 
 311 T _   0.269 0.005 0.002 0.012 0.028 0.033 0.222 0.429 
 312 R _   0.215 0.003 0.002 0.010 0.019 0.028 0.242 0.482 
 313 N _   0.165 0.002 0.001 0.008 0.013 0.023 0.261 0.528 
 314 F _   0.122 0.001 0.001 0.007 0.009 0.019 0.278 0.564 
 315 S _   0.087 0.001 0.001 0.006 0.006 0.015 0.294 0.590 
 316 A _   0.061 0.001 0.001 0.006 0.005 0.013 0.307 0.606 
 317 A _   0.043 0.001 0.001 0.007 0.004 0.011 0.318 0.617 
 318 K _   0.030 0.001 0.000 0.007 0.003 0.009 0.328 0.622 
 319 S _   0.021 0.001 0.000 0.006 0.003 0.008 0.336 0.625 
 320 L _   0.015 0.001 0.000 0.006 0.002 0.007 0.343 0.626 
 321 L _   0.011 0.001 0.000 0.006 0.002 0.006 0.349 0.625 
 322 K _   0.008 0.001 0.000 0.005 0.002 0.005 0.354 0.625 
 323 K _   0.007 0.001 0.000 0.005 0.002 0.005 0.358 0.624 
 324 P _   0.005 0.001 0.000 0.005 0.001 0.005 0.361 0.622 
 325 D _   0.005 0.001 0.000 0.005 0.001 0.004 0.363 0.621 
 326 G _   0.004 0.001 0.000 0.005 0.001 0.004 0.364 0.620 
 327 V _   0.004 0.001 0.000 0.005 0.001 0.005 0.365 0.618 
 328 K _   0.004 0.001 0.000 0.006 0.002 0.005 0.366 0.617 
 329 E _   0.004 0.001 0.000 0.006 0.002 0.005 0.366 0.615 
 330 S _   0.004 0.002 0.000 0.007 0.002 0.005 0.366 0.614 
 331 T _   0.004 0.002 0.000 0.008 0.002 0.005 0.365 0.614 
 332 E _   0.004 0.002 0.000 0.009 0.002 0.005 0.364 0.614 
 333 S _   0.004 0.002 0.000 0.009 0.002 0.005 0.363 0.615 
 334 S _   0.003 0.003 0.000 0.008 0.002 0.005 0.362 0.617 
 335 N _   0.003 0.002 0.000 0.008 0.002 0.005 0.360 0.619 
 336 T _   0.003 0.002 0.000 0.007 0.002 0.005 0.358 0.623 
 337 T _   0.003 0.002 0.000 0.006 0.001 0.004 0.356 0.626 
 338 I _   0.003 0.002 0.000 0.005 0.001 0.004 0.353 0.630 
 339 E _   0.003 0.002 0.000 0.005 0.001 0.005 0.349 0.635 
 340 D _   0.003 0.003 0.000 0.004 0.001 0.005 0.345 0.639 
 341 E _   0.003 0.003 0.000 0.004 0.001 0.006 0.340 0.642 
 342 D _   0.003 0.004 0.000 0.005 0.002 0.007 0.334 0.645 
 343 V _   0.004 0.006 0.000 0.006 0.002 0.009 0.327 0.646 
 344 K _   0.005 0.010 0.000 0.007 0.003 0.011 0.319 0.644 
 345 A _   0.007 0.015 0.000 0.010 0.004 0.014 0.310 0.640 
 346 R _   0.008 0.023 0.001 0.012 0.006 0.018 0.301 0.631 
 347 K _   0.011 0.033 0.001 0.016 0.008 0.022 0.290 0.619 
 348 Q _   0.013 0.045 0.001 0.020 0.011 0.027 0.279 0.604 
 349 E _   0.016 0.059 0.001 0.024 0.015 0.031 0.267 0.586 
 350 I _   0.020 0.074 0.001 0.028 0.018 0.035 0.257 0.567 
 351 I _   0.023 0.088 0.002 0.033 0.022 0.038 0.247 0.548 
 352 K _   0.027 0.100 0.002 0.037 0.025 0.040 0.239 0.531 
 353 V _   0.029 0.109 0.002 0.042 0.027 0.040 0.233 0.518 
 354 T _   0.031 0.115 0.002 0.046 0.027 0.039 0.227 0.513 
 355 E _   0.031 0.117 0.002 0.048 0.027 0.037 0.224 0.515 
 356 Q _   0.030 0.116 0.002 0.047 0.024 0.034 0.222 0.525 
 357 L _   0.028 0.111 0.002 0.042 0.021 0.031 0.220 0.545 
 358 I _   0.026 0.101 0.001 0.036 0.017 0.027 0.219 0.572 
 359 E _   0.023 0.087 0.001 0.028 0.013 0.023 0.219 0.605 
 360 A _   0.020 0.070 0.001 0.020 0.010 0.019 0.219 0.641 
 361 I _   0.017 0.054 0.001 0.014 0.007 0.016 0.218 0.673 
 362 N _   0.014 0.042 0.001 0.010 0.005 0.014 0.217 0.697 
 363 N _   0.012 0.035 0.000 0.007 0.004 0.012 0.216 0.714 
 364 G _   0.011 0.031 0.000 0.006 0.003 0.011 0.214 0.724 
 365 D _   0.010 0.029 0.000 0.006 0.003 0.010 0.212 0.730 
 366 F _   0.009 0.028 0.000 0.006 0.003 0.010 0.210 0.733 
 367 E _   0.008 0.029 0.000 0.007 0.003 0.010 0.208 0.735 
 368 A _   0.008 0.030 0.000 0.008 0.003 0.009 0.205 0.736 
 369 Y _   0.008 0.032 0.000 0.009 0.004 0.009 0.202 0.736 
 370 T _   0.007 0.035 0.000 0.009 0.004 0.009 0.198 0.737 
 371 K _   0.007 0.039 0.000 0.010 0.004 0.010 0.195 0.736 
 372 I _   0.007 0.043 0.001 0.010 0.004 0.010 0.191 0.735 
 373 C _   0.007 0.048 0.001 0.010 0.004 0.010 0.187 0.734 
 374 D _   0.007 0.054 0.001 0.011 0.004 0.011 0.183 0.730 
 375 P _   0.007 0.061 0.001 0.012 0.005 0.011 0.179 0.724 
 376 G _   0.007 0.070 0.001 0.013 0.005 0.012 0.175 0.716 
 377 L _   0.007 0.081 0.001 0.014 0.006 0.013 0.171 0.707 
 378 T _   0.008 0.093 0.001 0.015 0.006 0.014 0.167 0.697 
 379 A _   0.008 0.106 0.001 0.016 0.006 0.014 0.163 0.686 
 380 F _   0.008 0.119 0.001 0.016 0.007 0.015 0.159 0.675 
 381 E _   0.008 0.134 0.001 0.017 0.007 0.016 0.155 0.662 
 382 P _   0.009 0.149 0.001 0.017 0.007 0.017 0.152 0.649 
 383 E _   0.009 0.165 0.001 0.017 0.008 0.018 0.148 0.634 
 384 A _   0.010 0.183 0.001 0.018 0.009 0.019 0.144 0.616 
 385 L _   0.011 0.202 0.001 0.020 0.010 0.021 0.141 0.595 
 386 G _   0.012 0.223 0.001 0.022 0.012 0.022 0.138 0.572 
 387 N _   0.013 0.244 0.001 0.025 0.013 0.023 0.135 0.547 
 388 L _   0.013 0.264 0.001 0.028 0.014 0.024 0.132 0.524 
 389 V _   0.014 0.281 0.001 0.031 0.015 0.024 0.130 0.504 
 390 E _   0.014 0.294 0.001 0.034 0.016 0.024 0.128 0.488 
 391 G _   0.015 0.302 0.001 0.037 0.016 0.024 0.128 0.478 
 392 M _   0.015 0.306 0.001 0.039 0.016 0.024 0.127 0.472 
 393 D _   0.015 0.305 0.001 0.040 0.016 0.023 0.128 0.472 
 394 F _   0.015 0.300 0.001 0.041 0.015 0.021 0.129 0.477 
 395 H _   0.014 0.289 0.001 0.040 0.014 0.020 0.131 0.489 
 396 R _   0.014 0.270 0.001 0.039 0.013 0.019 0.134 0.510 
 397 F _   0.013 0.241 0.001 0.036 0.012 0.017 0.139 0.540 
 398 Y _   0.013 0.202 0.001 0.032 0.011 0.015 0.144 0.582 
 399 F _   0.012 0.156 0.001 0.026 0.009 0.014 0.150 0.631 
 400 E _   0.011 0.108 0.001 0.020 0.007 0.012 0.156 0.684 
 401 N _   0.010 0.067 0.001 0.014 0.005 0.011 0.162 0.731 
 402 A _   0.009 0.037 0.001 0.009 0.004 0.009 0.166 0.767 
 403 L _   0.007 0.018 0.000 0.006 0.002 0.008 0.169 0.790 
 404 S _   0.006 0.010 0.000 0.004 0.002 0.007 0.170 0.802 
 405 K _   0.006 0.006 0.000 0.003 0.001 0.007 0.171 0.806 
 406 S _   0.006 0.004 0.000 0.003 0.002 0.008 0.171 0.807 
 407 N _   0.007 0.004 0.000 0.003 0.002 0.010 0.170 0.803 
 408 K _   0.008 0.005 0.000 0.005 0.003 0.012 0.169 0.796 
 409 P _   0.011 0.008 0.001 0.009 0.005 0.016 0.168 0.783 
 410 I _   0.013 0.012 0.001 0.015 0.008 0.020 0.166 0.765 
 411 H _   0.015 0.017 0.001 0.022 0.011 0.024 0.164 0.745 
 412 T _   0.017 0.022 0.001 0.030 0.014 0.027 0.162 0.727 
 413 I _   0.018 0.026 0.001 0.036 0.016 0.029 0.161 0.713 
 414 I _   0.019 0.028 0.001 0.039 0.018 0.030 0.160 0.705 
 415 L _   0.019 0.028 0.001 0.039 0.018 0.030 0.161 0.704 
 416 N _   0.020 0.026 0.001 0.035 0.017 0.030 0.162 0.710 
 417 P _   0.020 0.023 0.001 0.029 0.015 0.029 0.163 0.720 
 418 H _   0.021 0.018 0.001 0.022 0.012 0.028 0.165 0.733 
 419 V _   0.022 0.012 0.001 0.015 0.010 0.027 0.167 0.746 
 420 H _   0.023 0.007 0.001 0.010 0.007 0.026 0.169 0.756 
 421 L _   0.025 0.004 0.001 0.006 0.006 0.026 0.171 0.761 
 422 V _   0.029 0.002 0.001 0.004 0.005 0.027 0.172 0.760 
 423 G _   0.034 0.002 0.001 0.003 0.006 0.029 0.173 0.752 
 424 D _   0.042 0.002 0.001 0.003 0.008 0.033 0.174 0.737 
 425 D _   0.053 0.004 0.001 0.005 0.011 0.038 0.175 0.714 
 426 A _   0.065 0.007 0.001 0.007 0.017 0.045 0.176 0.682 
 427 A _   0.076 0.016 0.002 0.012 0.025 0.050 0.177 0.643 
 428 C _   0.083 0.030 0.002 0.020 0.033 0.055 0.178 0.600 
 429 I _   0.088 0.047 0.002 0.029 0.039 0.056 0.181 0.558 
 430 A _   0.088 0.062 0.002 0.039 0.042 0.056 0.184 0.526 
 431 Y _   0.085 0.073 0.002 0.046 0.042 0.054 0.189 0.508 
 432 I _   0.080 0.079 0.002 0.051 0.040 0.050 0.195 0.503 
 433 R _   0.072 0.080 0.002 0.051 0.036 0.045 0.202 0.511 
 434 L _   0.063 0.078 0.002 0.048 0.031 0.040 0.211 0.528 
 435 T _   0.052 0.071 0.002 0.041 0.024 0.034 0.222 0.554 
 436 Q _   0.042 0.060 0.002 0.033 0.018 0.028 0.233 0.586 
 437 Y _   0.032 0.047 0.001 0.024 0.012 0.022 0.244 0.618 
 438 M _   0.025 0.034 0.001 0.016 0.008 0.017 0.254 0.645 
 439 D _   0.018 0.024 0.001 0.011 0.005 0.013 0.263 0.665 
 440 G _   0.014 0.017 0.000 0.007 0.003 0.010 0.270 0.678 
 441 S _   0.010 0.013 0.000 0.005 0.002 0.009 0.275 0.685 
 442 G _   0.008 0.011 0.000 0.004 0.002 0.007 0.280 0.687 
 443 M _   0.007 0.011 0.000 0.004 0.002 0.007 0.283 0.687 
 444 P _   0.006 0.011 0.000 0.004 0.002 0.007 0.286 0.685 
 445 K _   0.006 0.012 0.000 0.005 0.002 0.007 0.287 0.680 
 446 T _   0.006 0.015 0.000 0.006 0.003 0.008 0.289 0.673 
 447 M _   0.006 0.020 0.000 0.009 0.003 0.009 0.290 0.663 
 448 Q _   0.006 0.027 0.001 0.013 0.004 0.010 0.291 0.649 
 449 S _   0.006 0.035 0.001 0.017 0.005 0.011 0.292 0.634 
 450 E _   0.006 0.043 0.001 0.021 0.006 0.012 0.293 0.618 
 451 E _   0.006 0.051 0.001 0.025 0.007 0.012 0.294 0.604 
 452 T _   0.006 0.056 0.001 0.027 0.007 0.012 0.297 0.594 
 453 R _   0.006 0.058 0.001 0.028 0.007 0.012 0.300 0.588 
 454 V _   0.006 0.059 0.001 0.026 0.007 0.012 0.304 0.585 
 455 W _   0.006 0.059 0.001 0.024 0.006 0.011 0.309 0.585 
 456 H _   0.006 0.056 0.001 0.020 0.005 0.010 0.315 0.586 
 457 R _   0.005 0.054 0.001 0.017 0.005 0.010 0.321 0.588 
 458 R _   0.005 0.051 0.001 0.014 0.004 0.009 0.327 0.588 
 459 D _   0.005 0.048 0.000 0.013 0.004 0.009 0.334 0.587 
 460 G _   0.006 0.046 0.000 0.012 0.004 0.009 0.340 0.583 
 461 K _   0.006 0.045 0.000 0.012 0.004 0.009 0.347 0.577 
 462 W _   0.006 0.044 0.000 0.013 0.004 0.009 0.354 0.570 
 463 Q _   0.006 0.044 0.001 0.014 0.004 0.009 0.361 0.561 
 464 N _   0.006 0.043 0.001 0.015 0.005 0.010 0.368 0.553 
 465 V _   0.006 0.042 0.001 0.016 0.005 0.009 0.375 0.545 
 466 H _   0.006 0.041 0.001 0.017 0.005 0.009 0.383 0.539 
 467 F _   0.006 0.039 0.001 0.016 0.004 0.009 0.391 0.534 
 468 H _   0.006 0.036 0.001 0.015 0.004 0.008 0.400 0.530 
 469 R _   0.006 0.033 0.000 0.013 0.004 0.008 0.409 0.527 
 470 S _   0.005 0.030 0.000 0.012 0.003 0.007 0.418 0.524 
 471 G _   0.005 0.027 0.000 0.011 0.003 0.007 0.426 0.521 
 472 S _   0.005 0.024 0.000 0.009 0.003 0.007 0.435 0.517 
 473 P _   0.005 0.022 0.000 0.009 0.002 0.006 0.443 0.512 
 474 T _   0.005 0.021 0.000 0.008 0.002 0.006 0.451 0.507 
 475 V _   0.005 0.020 0.000 0.008 0.002 0.006 0.457 0.502 
 476 P _   0.004 0.019 0.000 0.007 0.002 0.005 0.463 0.498 
 477 I _   0.004 0.019 0.000 0.007 0.002 0.005 0.469 0.495 
 478 K _   0.004 0.018 0.000 0.006 0.002 0.005 0.473 0.492 
 479 P _   0.004 0.018 0.000 0.005 0.001 0.005 0.476 0.490 
 480 P _   0.003 0.019 0.000 0.005 0.001 0.004 0.479 0.488 
 481 C _   0.003 0.020 0.000 0.004 0.001 0.004 0.480 0.487 
 482 I _   0.003 0.022 0.000 0.004 0.001 0.005 0.481 0.484 
 483 P _   0.003 0.025 0.000 0.005 0.001 0.005 0.480 0.480 
 484 N X   0.003 0.032 0.000 0.006 0.002 0.006 0.478 0.473 
 485 G X   0.004 0.043 0.000 0.008 0.002 0.008 0.474 0.460 
 486 K X   0.004 0.063 0.000 0.012 0.004 0.010 0.468 0.438 
 487 E X   0.005 0.098 0.001 0.017 0.005 0.012 0.459 0.403 
 488 N X   0.005 0.148 0.001 0.023 0.007 0.013 0.448 0.353 
 489 F X   0.005 0.213 0.001 0.029 0.009 0.014 0.435 0.294 
 490 S X   0.005 0.280 0.001 0.034 0.009 0.013 0.423 0.234 
 491 G X   0.003 0.339 0.001 0.037 0.009 0.011 0.414 0.186 
 492 G X   0.002 0.381 0.001 0.038 0.007 0.009 0.408 0.154 
 493 T E   0.002 0.406 0.001 0.037 0.006 0.007 0.406 0.136 
 494 S E   0.001 0.419 0.000 0.036 0.004 0.005 0.405 0.130 
 495 L E   0.001 0.423 0.000 0.033 0.002 0.003 0.407 0.130 
 496 W E   0.001 0.420 0.000 0.029 0.001 0.002 0.410 0.138 
 497 Q X   0.000 0.410 0.000 0.024 0.000 0.001 0.411 0.153 
 498 N X   0.000 0.394 0.000 0.023 0.000 0.001 0.409 0.171 
 499 I X   0.003 0.376 0.002 0.032 0.004 0.003 0.399 0.181 
