#TopoPred_TM8: 8-state transmembrane topology prediction results by no_profile mode 
#probabilities are in the order of H E C I L F X _, the 8 transmembrane topology types used in PDBTM 
   1 M X   0.016 0.003 0.002 0.065 0.010 0.011 0.656 0.237 
   2 A X   0.005 0.002 0.000 0.038 0.002 0.005 0.674 0.273 
   3 G X   0.001 0.002 0.000 0.021 0.001 0.003 0.676 0.296 
   4 P X   0.001 0.003 0.000 0.015 0.001 0.003 0.670 0.307 
   5 C X   0.001 0.006 0.000 0.014 0.001 0.005 0.659 0.313 
   6 P X   0.002 0.011 0.000 0.015 0.002 0.008 0.643 0.318 
   7 R X   0.003 0.022 0.000 0.019 0.003 0.011 0.622 0.319 
   8 S X   0.004 0.041 0.001 0.024 0.005 0.014 0.593 0.318 
   9 G X   0.005 0.069 0.001 0.031 0.006 0.016 0.559 0.314 
  10 A X   0.005 0.104 0.001 0.036 0.008 0.017 0.520 0.308 
  11 E X   0.005 0.140 0.001 0.039 0.009 0.018 0.483 0.305 
  12 R X   0.004 0.171 0.001 0.040 0.009 0.018 0.451 0.306 
  13 A X   0.004 0.194 0.001 0.038 0.009 0.018 0.426 0.310 
  14 G X   0.004 0.211 0.001 0.035 0.009 0.018 0.405 0.316 
  15 S X   0.005 0.225 0.001 0.032 0.009 0.018 0.388 0.323 
  16 C X   0.005 0.236 0.001 0.030 0.009 0.018 0.373 0.329 
  17 W X   0.006 0.245 0.001 0.028 0.010 0.019 0.359 0.332 
  18 Q X   0.007 0.254 0.001 0.027 0.010 0.020 0.347 0.334 
  19 D X   0.007 0.263 0.001 0.027 0.011 0.020 0.337 0.334 
  20 P _   0.008 0.270 0.001 0.028 0.011 0.020 0.328 0.333 
  21 L _   0.009 0.276 0.001 0.030 0.012 0.020 0.320 0.332 
  22 A _   0.010 0.280 0.001 0.031 0.012 0.020 0.313 0.334 
  23 V _   0.011 0.281 0.001 0.031 0.012 0.019 0.307 0.339 
  24 A _   0.011 0.278 0.001 0.031 0.011 0.018 0.302 0.347 
  25 L _   0.011 0.271 0.001 0.029 0.011 0.017 0.299 0.361 
  26 S _   0.011 0.260 0.001 0.027 0.010 0.016 0.296 0.380 
  27 R _   0.011 0.244 0.001 0.024 0.009 0.015 0.294 0.403 
  28 G _   0.010 0.223 0.001 0.021 0.008 0.014 0.293 0.430 
  29 R _   0.010 0.201 0.001 0.018 0.007 0.013 0.292 0.459 
  30 Q _   0.009 0.178 0.001 0.015 0.006 0.012 0.292 0.488 
  31 L _   0.009 0.159 0.001 0.012 0.005 0.011 0.291 0.513 
  32 A _   0.008 0.144 0.001 0.010 0.004 0.010 0.290 0.534 
  33 A _   0.007 0.133 0.000 0.008 0.003 0.009 0.289 0.551 
  34 P _   0.006 0.126 0.000 0.006 0.003 0.009 0.287 0.563 
  35 P _   0.006 0.122 0.000 0.006 0.002 0.009 0.284 0.571 
  36 G _   0.006 0.121 0.000 0.006 0.002 0.010 0.281 0.575 
  37 R _   0.006 0.122 0.000 0.006 0.003 0.011 0.277 0.575 
  38 G _   0.007 0.126 0.000 0.007 0.004 0.012 0.272 0.571 
  39 C _   0.008 0.134 0.001 0.009 0.005 0.015 0.266 0.562 
  40 A _   0.010 0.149 0.001 0.012 0.007 0.018 0.259 0.543 
  41 R _   0.012 0.174 0.001 0.017 0.011 0.021 0.251 0.514 
  42 S _   0.013 0.210 0.001 0.023 0.014 0.024 0.242 0.473 
  43 R _   0.014 0.256 0.002 0.030 0.017 0.025 0.232 0.424 
  44 P _   0.015 0.302 0.002 0.038 0.019 0.025 0.224 0.376 
  45 L E   0.014 0.339 0.002 0.045 0.020 0.025 0.218 0.337 
  46 S E   0.014 0.363 0.001 0.052 0.020 0.024 0.214 0.312 
  47 V E   0.014 0.376 0.001 0.056 0.019 0.023 0.211 0.300 
  48 V E   0.014 0.379 0.001 0.058 0.018 0.021 0.211 0.297 
  49 Y E   0.014 0.375 0.001 0.057 0.017 0.020 0.212 0.305 
  50 V E   0.013 0.362 0.001 0.053 0.015 0.018 0.214 0.324 
  51 L _   0.013 0.335 0.001 0.047 0.013 0.016 0.218 0.356 
  52 T _   0.013 0.290 0.002 0.038 0.012 0.015 0.224 0.406 
  53 R _   0.013 0.232 0.001 0.030 0.010 0.014 0.232 0.469 
  54 E _   0.013 0.171 0.001 0.022 0.007 0.012 0.240 0.534 
  55 P _   0.011 0.123 0.001 0.015 0.005 0.010 0.247 0.587 
  56 Q _   0.010 0.092 0.000 0.010 0.003 0.009 0.252 0.624 
  57 P _   0.008 0.074 0.000 0.007 0.002 0.007 0.255 0.646 
  58 G _   0.007 0.065 0.000 0.005 0.002 0.006 0.256 0.659 
  59 L _   0.006 0.060 0.000 0.004 0.001 0.006 0.256 0.666 
  60 E _   0.005 0.059 0.000 0.004 0.001 0.006 0.255 0.670 
  61 P _   0.005 0.059 0.000 0.004 0.001 0.006 0.253 0.672 
  62 R _   0.004 0.062 0.000 0.005 0.002 0.007 0.249 0.671 
  63 E _   0.004 0.068 0.000 0.007 0.002 0.008 0.244 0.668 
  64 G _   0.004 0.077 0.000 0.009 0.003 0.009 0.236 0.661 
  65 T _   0.005 0.094 0.000 0.012 0.003 0.011 0.227 0.648 
  66 E _   0.005 0.120 0.001 0.016 0.005 0.013 0.216 0.625 
  67 A _   0.006 0.158 0.001 0.021 0.007 0.015 0.201 0.592 
  68 E _   0.007 0.210 0.001 0.026 0.009 0.017 0.184 0.547 
  69 P _   0.007 0.273 0.001 0.031 0.011 0.018 0.167 0.492 
  70 L _   0.007 0.340 0.002 0.037 0.013 0.019 0.150 0.433 
  71 P E   0.007 0.406 0.002 0.042 0.014 0.019 0.135 0.377 
  72 L E   0.006 0.460 0.001 0.046 0.014 0.018 0.123 0.331 
  73 R E   0.006 0.498 0.001 0.050 0.014 0.018 0.115 0.298 
  74 C E   0.006 0.523 0.001 0.053 0.013 0.017 0.109 0.277 
  75 L E   0.006 0.536 0.001 0.055 0.013 0.016 0.106 0.267 
  76 R E   0.006 0.541 0.001 0.056 0.013 0.016 0.103 0.264 
  77 E E   0.007 0.537 0.001 0.055 0.012 0.015 0.102 0.270 
  78 A E   0.008 0.525 0.001 0.053 0.012 0.014 0.102 0.285 
  79 C E   0.009 0.499 0.001 0.049 0.012 0.014 0.104 0.313 
  80 A E   0.010 0.451 0.001 0.044 0.011 0.013 0.106 0.362 
  81 Q _   0.011 0.378 0.002 0.038 0.011 0.013 0.110 0.437 
  82 V _   0.013 0.283 0.002 0.031 0.010 0.013 0.116 0.534 
  83 P _   0.013 0.185 0.001 0.023 0.008 0.012 0.122 0.636 
  84 R _   0.013 0.109 0.001 0.015 0.005 0.011 0.126 0.720 
  85 P _   0.011 0.061 0.001 0.009 0.003 0.009 0.129 0.777 
  86 R _   0.008 0.037 0.000 0.005 0.002 0.008 0.130 0.809 
  87 P _   0.007 0.026 0.000 0.003 0.002 0.007 0.130 0.824 
  88 P _   0.006 0.023 0.000 0.003 0.001 0.007 0.129 0.831 
  89 P _   0.006 0.022 0.000 0.003 0.001 0.008 0.127 0.832 
  90 Q _   0.007 0.025 0.000 0.005 0.002 0.010 0.124 0.828 
  91 L _   0.008 0.032 0.000 0.008 0.004 0.013 0.120 0.816 
  92 R _   0.009 0.047 0.001 0.014 0.006 0.017 0.113 0.792 
  93 S _   0.010 0.074 0.001 0.024 0.009 0.020 0.106 0.757 
  94 L _   0.010 0.106 0.001 0.036 0.012 0.022 0.097 0.716 
  95 P _   0.010 0.135 0.001 0.047 0.014 0.024 0.089 0.679 
  96 F _   0.010 0.156 0.001 0.056 0.016 0.025 0.083 0.654 
  97 G _   0.009 0.167 0.001 0.061 0.016 0.025 0.078 0.642 
  98 T _   0.009 0.172 0.001 0.062 0.016 0.024 0.074 0.641 
  99 L _   0.009 0.171 0.001 0.059 0.016 0.024 0.070 0.650 
 100 E _   0.009 0.164 0.001 0.054 0.015 0.023 0.068 0.667 
 101 L _   0.009 0.151 0.001 0.046 0.014 0.022 0.066 0.691 
 102 G _   0.010 0.132 0.001 0.037 0.012 0.021 0.065 0.721 
 103 D _   0.011 0.108 0.001 0.029 0.011 0.021 0.064 0.755 
 104 T _   0.012 0.083 0.001 0.022 0.009 0.021 0.063 0.789 
 105 A _   0.013 0.061 0.001 0.017 0.008 0.021 0.063 0.817 
 106 A _   0.014 0.043 0.001 0.013 0.007 0.022 0.062 0.838 
 107 L _   0.016 0.031 0.001 0.010 0.006 0.022 0.061 0.852 
 108 D _   0.019 0.023 0.001 0.008 0.006 0.024 0.060 0.859 
 109 A _   0.022 0.019 0.001 0.007 0.007 0.026 0.059 0.860 
 110 F _   0.027 0.016 0.001 0.007 0.008 0.029 0.057 0.855 
 111 Y _   0.033 0.015 0.001 0.008 0.010 0.033 0.055 0.845 
 112 N _   0.040 0.016 0.001 0.010 0.013 0.037 0.054 0.830 
 113 A _   0.049 0.017 0.001 0.013 0.017 0.041 0.052 0.811 
 114 D _   0.058 0.018 0.001 0.016 0.021 0.045 0.050 0.791 
 115 V _   0.065 0.020 0.002 0.020 0.024 0.048 0.049 0.773 
 116 V _   0.071 0.021 0.002 0.022 0.027 0.049 0.048 0.760 
 117 V _   0.075 0.022 0.002 0.024 0.028 0.050 0.047 0.752 
 118 L _   0.076 0.022 0.002 0.024 0.027 0.049 0.046 0.754 
 119 E _   0.075 0.020 0.002 0.022 0.026 0.048 0.046 0.762 
 120 V _   0.072 0.017 0.002 0.019 0.023 0.046 0.046 0.775 
 121 S _   0.068 0.014 0.001 0.016 0.020 0.043 0.046 0.792 
 122 S _   0.064 0.011 0.001 0.012 0.017 0.040 0.046 0.809 
 123 S _   0.060 0.009 0.001 0.009 0.014 0.038 0.045 0.823 
 124 L _   0.056 0.007 0.001 0.008 0.012 0.036 0.045 0.834 
 125 V _   0.053 0.007 0.001 0.007 0.011 0.035 0.045 0.841 
 126 Q _   0.050 0.007 0.001 0.007 0.011 0.034 0.045 0.845 
 127 P _   0.047 0.008 0.001 0.008 0.011 0.034 0.045 0.846 
 128 S _   0.045 0.009 0.001 0.010 0.012 0.033 0.045 0.844 
 129 L _   0.043 0.011 0.001 0.012 0.013 0.033 0.045 0.841 
 130 F _   0.041 0.013 0.001 0.015 0.014 0.033 0.045 0.839 
 131 Y _   0.039 0.015 0.001 0.017 0.014 0.032 0.045 0.837 
 132 H _   0.036 0.017 0.001 0.018 0.014 0.031 0.045 0.839 
 133 L _   0.033 0.018 0.001 0.018 0.013 0.030 0.045 0.842 
 134 G _   0.031 0.019 0.001 0.017 0.012 0.028 0.045 0.848 
 135 V _   0.028 0.019 0.001 0.015 0.011 0.026 0.045 0.854 
 136 R _   0.027 0.019 0.001 0.013 0.010 0.025 0.045 0.861 
 137 E _   0.025 0.019 0.001 0.011 0.009 0.024 0.045 0.866 
 138 S _   0.024 0.019 0.001 0.010 0.008 0.024 0.045 0.869 
 139 F _   0.023 0.020 0.001 0.010 0.008 0.023 0.045 0.870 
 140 S _   0.023 0.022 0.001 0.011 0.009 0.024 0.045 0.866 
 141 M _   0.023 0.025 0.001 0.013 0.010 0.024 0.044 0.859 
 142 T _   0.024 0.030 0.001 0.016 0.011 0.025 0.044 0.849 
 143 N _   0.025 0.035 0.001 0.021 0.013 0.025 0.044 0.836 
 144 N _   0.025 0.040 0.001 0.025 0.014 0.025 0.044 0.825 
 145 V _   0.025 0.043 0.001 0.029 0.014 0.024 0.045 0.819 
 146 L _   0.024 0.044 0.001 0.031 0.014 0.023 0.045 0.818 
 147 L _   0.022 0.043 0.001 0.030 0.012 0.021 0.046 0.825 
 148 C _   0.020 0.040 0.001 0.026 0.011 0.019 0.047 0.836 
 149 S _   0.018 0.035 0.001 0.022 0.009 0.017 0.048 0.851 
 150 Q _   0.015 0.029 0.001 0.016 0.007 0.014 0.049 0.868 
 151 A _   0.013 0.022 0.001 0.012 0.005 0.013 0.050 0.884 
 152 D _   0.012 0.017 0.000 0.009 0.004 0.011 0.051 0.896 
 153 L _   0.011 0.014 0.000 0.007 0.003 0.010 0.051 0.903 
 154 P _   0.010 0.012 0.000 0.007 0.003 0.010 0.052 0.907 
 155 D _   0.009 0.011 0.000 0.007 0.003 0.010 0.052 0.908 
 156 L _   0.009 0.011 0.000 0.009 0.003 0.010 0.052 0.906 
 157 Q _   0.009 0.011 0.000 0.011 0.004 0.011 0.052 0.902 
 158 A _   0.009 0.011 0.001 0.014 0.005 0.011 0.052 0.898 
 159 L _   0.009 0.012 0.001 0.016 0.005 0.011 0.052 0.895 
 160 R _   0.009 0.011 0.001 0.018 0.005 0.011 0.051 0.894 
 161 E _   0.008 0.011 0.001 0.017 0.005 0.010 0.051 0.896 
 162 D _   0.008 0.009 0.001 0.016 0.005 0.010 0.052 0.901 
 163 V _   0.008 0.007 0.000 0.013 0.004 0.009 0.052 0.907 
 164 F _   0.007 0.005 0.000 0.009 0.003 0.008 0.052 0.915 
 165 Q _   0.007 0.003 0.000 0.007 0.003 0.008 0.051 0.921 
 166 K _   0.008 0.002 0.000 0.005 0.002 0.008 0.051 0.925 
 167 N _   0.009 0.001 0.000 0.003 0.002 0.009 0.050 0.926 
 168 S _   0.011 0.000 0.000 0.003 0.002 0.011 0.049 0.923 
 169 D _   0.016 0.000 0.000 0.003 0.003 0.014 0.048 0.916 
 170 C _   0.026 0.000 0.000 0.003 0.004 0.019 0.047 0.902 
 171 V _   0.041 0.000 0.001 0.004 0.006 0.027 0.045 0.877 
 172 G _   0.062 0.000 0.001 0.005 0.010 0.036 0.042 0.843 
 173 S _   0.087 0.001 0.001 0.008 0.017 0.047 0.039 0.800 
 174 Y _   0.116 0.002 0.002 0.011 0.026 0.058 0.037 0.751 
 175 T _   0.142 0.003 0.002 0.014 0.036 0.067 0.034 0.703 
 176 L _   0.167 0.004 0.002 0.016 0.046 0.075 0.031 0.658 
 177 I _   0.188 0.005 0.002 0.018 0.054 0.080 0.029 0.622 
 178 P _   0.205 0.006 0.003 0.019 0.060 0.083 0.027 0.597 
 179 Y _   0.218 0.006 0.003 0.018 0.063 0.084 0.026 0.582 
 180 V _   0.225 0.005 0.003 0.017 0.063 0.083 0.025 0.578 
 181 V _   0.229 0.005 0.003 0.015 0.061 0.081 0.024 0.583 
 182 T _   0.228 0.004 0.002 0.014 0.056 0.078 0.024 0.593 
 183 A _   0.222 0.004 0.002 0.013 0.051 0.074 0.024 0.611 
 184 T _   0.213 0.003 0.002 0.012 0.044 0.069 0.024 0.633 
 185 G _   0.201 0.003 0.002 0.010 0.038 0.064 0.024 0.659 
 186 R _   0.186 0.002 0.002 0.010 0.032 0.059 0.024 0.685 
 187 V _   0.170 0.002 0.002 0.009 0.027 0.054 0.024 0.712 
 188 L _   0.152 0.002 0.001 0.009 0.023 0.050 0.025 0.738 
 189 C _   0.135 0.002 0.001 0.009 0.020 0.046 0.025 0.762 
 190 G _   0.120 0.002 0.001 0.010 0.018 0.042 0.025 0.782 
 191 D _   0.107 0.002 0.001 0.010 0.016 0.039 0.026 0.800 
 192 A _   0.095 0.002 0.001 0.010 0.014 0.036 0.026 0.816 
 193 G _   0.084 0.002 0.001 0.010 0.012 0.033 0.027 0.831 
 194 L _   0.075 0.001 0.001 0.010 0.011 0.030 0.027 0.845 
 195 L _   0.067 0.001 0.001 0.009 0.009 0.028 0.027 0.858 
 196 R _   0.060 0.001 0.001 0.007 0.008 0.025 0.027 0.870 
 197 G _   0.056 0.001 0.001 0.006 0.007 0.024 0.027 0.879 
 198 L _   0.054 0.000 0.001 0.005 0.006 0.023 0.027 0.883 
 199 A _   0.055 0.000 0.001 0.004 0.006 0.023 0.027 0.884 
 200 D _   0.059 0.000 0.001 0.004 0.006 0.024 0.027 0.880 
 201 G _   0.067 0.000 0.001 0.004 0.006 0.026 0.026 0.870 
 202 L _   0.079 0.000 0.001 0.004 0.007 0.028 0.026 0.854 
 203 V _   0.095 0.000 0.001 0.004 0.009 0.032 0.026 0.833 
 204 Q _   0.114 0.000 0.001 0.005 0.012 0.035 0.025 0.808 
 205 A _   0.132 0.000 0.001 0.006 0.015 0.040 0.025 0.781 
 206 G _   0.154 0.001 0.001 0.007 0.018 0.044 0.024 0.751 
 207 V _   0.176 0.001 0.001 0.008 0.022 0.047 0.024 0.721 
 208 G _   0.196 0.001 0.002 0.008 0.025 0.050 0.024 0.694 
 209 T _   0.213 0.001 0.002 0.008 0.027 0.053 0.024 0.671 
 210 E _   0.227 0.001 0.002 0.008 0.029 0.054 0.024 0.654 
 211 A _   0.236 0.001 0.002 0.008 0.030 0.055 0.025 0.643 
 212 L _   0.240 0.002 0.002 0.008 0.030 0.055 0.026 0.638 
 213 L _   0.237 0.002 0.002 0.008 0.030 0.055 0.027 0.640 
 214 T _   0.231 0.002 0.002 0.008 0.029 0.054 0.028 0.646 
 215 P _   0.222 0.003 0.002 0.009 0.029 0.053 0.029 0.655 
 216 L _   0.210 0.004 0.002 0.011 0.028 0.051 0.030 0.664 
 217 V _   0.195 0.005 0.002 0.013 0.027 0.050 0.032 0.676 
 218 G _   0.177 0.007 0.002 0.016 0.027 0.047 0.034 0.690 
 219 R _   0.157 0.008 0.002 0.020 0.025 0.044 0.036 0.708 
 220 L _   0.135 0.009 0.002 0.023 0.023 0.041 0.038 0.729 
 221 A _   0.113 0.010 0.002 0.024 0.021 0.036 0.040 0.755 
 222 R _   0.091 0.009 0.001 0.024 0.017 0.031 0.043 0.784 
 223 L _   0.070 0.008 0.001 0.021 0.013 0.026 0.045 0.815 
 224 L _   0.053 0.007 0.001 0.016 0.009 0.021 0.047 0.846 
 225 E _   0.039 0.005 0.001 0.012 0.006 0.017 0.049 0.872 
 226 A _   0.028 0.004 0.001 0.008 0.004 0.013 0.050 0.893 
 227 T _   0.020 0.003 0.000 0.005 0.003 0.011 0.050 0.908 
 228 P _   0.015 0.002 0.000 0.004 0.002 0.010 0.051 0.916 
 229 T _   0.012 0.002 0.000 0.003 0.002 0.009 0.051 0.920 
 230 D _   0.011 0.003 0.000 0.004 0.002 0.010 0.051 0.920 
 231 S _   0.010 0.005 0.000 0.005 0.003 0.011 0.050 0.915 
 232 C _   0.011 0.010 0.000 0.007 0.004 0.012 0.049 0.906 
 233 G _   0.012 0.018 0.001 0.011 0.006 0.014 0.048 0.891 
 234 Y _   0.012 0.029 0.001 0.016 0.007 0.016 0.047 0.872 
 235 F _   0.013 0.041 0.001 0.021 0.009 0.018 0.046 0.852 
 236 R _   0.013 0.053 0.001 0.025 0.010 0.019 0.045 0.835 
 237 E _   0.012 0.062 0.001 0.028 0.011 0.019 0.044 0.823 
 238 T _   0.012 0.069 0.001 0.029 0.011 0.019 0.043 0.816 
 239 I _   0.012 0.073 0.001 0.029 0.011 0.019 0.043 0.813 
 240 R _   0.012 0.075 0.001 0.028 0.010 0.018 0.042 0.813 
 241 R _   0.012 0.076 0.001 0.027 0.010 0.018 0.042 0.815 
 242 D _   0.012 0.075 0.001 0.025 0.009 0.017 0.042 0.818 
 243 I _   0.012 0.074 0.001 0.024 0.009 0.016 0.043 0.822 
 244 R _   0.012 0.071 0.001 0.022 0.008 0.016 0.043 0.827 
 245 Q _   0.012 0.067 0.001 0.020 0.007 0.015 0.044 0.834 
 246 A _   0.012 0.062 0.001 0.018 0.007 0.014 0.045 0.842 
 247 R _   0.011 0.056 0.001 0.016 0.006 0.013 0.046 0.852 
 248 E _   0.011 0.050 0.001 0.013 0.005 0.012 0.046 0.862 
 249 R _   0.010 0.045 0.001 0.011 0.004 0.011 0.047 0.871 
 250 F _   0.009 0.040 0.000 0.009 0.004 0.011 0.048 0.879 
 251 S _   0.009 0.036 0.000 0.008 0.004 0.010 0.048 0.884 
 252 G _   0.009 0.034 0.000 0.008 0.004 0.010 0.048 0.886 
 253 P _   0.009 0.032 0.000 0.009 0.004 0.011 0.048 0.886 
 254 Q _   0.009 0.032 0.000 0.010 0.004 0.011 0.049 0.884 
 255 L _   0.009 0.032 0.001 0.012 0.005 0.012 0.049 0.880 
 256 R _   0.010 0.032 0.001 0.015 0.006 0.013 0.049 0.875 
 257 Q _   0.010 0.032 0.001 0.017 0.006 0.013 0.049 0.872 
 258 E _   0.010 0.032 0.001 0.018 0.006 0.013 0.049 0.871 
 259 L _   0.010 0.030 0.001 0.019 0.006 0.013 0.049 0.872 
 260 A _   0.009 0.027 0.001 0.018 0.006 0.013 0.050 0.876 
 261 R _   0.009 0.024 0.001 0.016 0.006 0.013 0.050 0.881 
 262 L _   0.010 0.019 0.001 0.014 0.005 0.013 0.051 0.888 
 263 Q _   0.010 0.015 0.001 0.011 0.005 0.013 0.051 0.895 
 264 R _   0.011 0.010 0.001 0.009 0.004 0.013 0.052 0.901 
 265 R _   0.012 0.007 0.000 0.007 0.004 0.013 0.052 0.905 
 266 L _   0.013 0.004 0.000 0.006 0.004 0.014 0.052 0.905 
 267 D _   0.016 0.003 0.000 0.005 0.004 0.016 0.052 0.903 
 268 S _   0.021 0.002 0.000 0.005 0.004 0.019 0.052 0.896 
 269 V _   0.028 0.002 0.001 0.005 0.006 0.022 0.052 0.885 
 270 E _   0.037 0.002 0.001 0.005 0.007 0.027 0.052 0.869 
 271 L _   0.049 0.003 0.001 0.006 0.010 0.032 0.052 0.848 
 272 L _   0.061 0.004 0.001 0.008 0.014 0.038 0.051 0.822 
 273 S _   0.075 0.006 0.001 0.010 0.019 0.043 0.051 0.794 
 274 P _   0.087 0.010 0.002 0.014 0.025 0.048 0.051 0.763 
 275 D _   0.098 0.014 0.002 0.019 0.031 0.052 0.051 0.734 
 276 I _   0.106 0.018 0.002 0.025 0.036 0.054 0.051 0.708 
 277 I _   0.111 0.022 0.002 0.030 0.038 0.055 0.052 0.690 
 278 M _   0.111 0.025 0.002 0.034 0.038 0.053 0.053 0.684 
 279 N _   0.107 0.025 0.002 0.035 0.036 0.050 0.054 0.692 
 280 L _   0.099 0.023 0.002 0.032 0.031 0.045 0.056 0.711 
 281 L _   0.088 0.019 0.002 0.027 0.025 0.040 0.058 0.741 
 282 L _   0.075 0.014 0.001 0.020 0.018 0.034 0.060 0.777 
 283 S _   0.063 0.008 0.001 0.013 0.012 0.029 0.062 0.813 
 284 Y _   0.051 0.004 0.001 0.007 0.008 0.024 0.063 0.842 
 285 R _   0.043 0.001 0.001 0.004 0.005 0.021 0.064 0.862 
 286 D _   0.038 0.000 0.000 0.002 0.003 0.019 0.064 0.872 
 287 V _   0.037 0.000 0.000 0.002 0.003 0.019 0.064 0.875 
 288 Q _   0.041 0.000 0.000 0.002 0.003 0.021 0.064 0.869 
 289 D _   0.048 0.000 0.000 0.002 0.005 0.025 0.063 0.856 
 290 Y _   0.061 0.001 0.001 0.003 0.008 0.031 0.063 0.834 
 291 S _   0.076 0.002 0.001 0.005 0.013 0.039 0.062 0.802 
 292 A _   0.091 0.007 0.001 0.010 0.022 0.046 0.061 0.761 
 293 I _   0.105 0.016 0.002 0.017 0.031 0.053 0.060 0.715 
 294 I _   0.116 0.028 0.002 0.025 0.039 0.058 0.060 0.672 
 295 E _   0.121 0.039 0.002 0.033 0.045 0.060 0.060 0.640 
 296 L _   0.122 0.046 0.003 0.040 0.048 0.060 0.060 0.622 
 297 V _   0.120 0.050 0.003 0.043 0.048 0.058 0.061 0.617 
 298 E _   0.114 0.051 0.003 0.044 0.045 0.054 0.063 0.626 
 299 T _   0.104 0.049 0.002 0.040 0.040 0.050 0.065 0.649 
 300 L _   0.092 0.045 0.002 0.035 0.032 0.044 0.068 0.682 
 301 Q _   0.078 0.037 0.002 0.028 0.025 0.038 0.071 0.721 
 302 A _   0.064 0.029 0.001 0.021 0.018 0.032 0.074 0.761 
 303 L _   0.050 0.020 0.001 0.015 0.012 0.027 0.077 0.798 
 304 P _   0.039 0.013 0.001 0.010 0.008 0.022 0.079 0.828 
 305 T _   0.030 0.009 0.001 0.007 0.005 0.019 0.081 0.848 
 306 C _   0.023 0.007 0.000 0.005 0.004 0.017 0.082 0.861 
 307 D _   0.019 0.006 0.000 0.004 0.003 0.016 0.083 0.868 
 308 V _   0.017 0.006 0.000 0.004 0.003 0.016 0.083 0.870 
 309 A _   0.016 0.008 0.000 0.005 0.004 0.017 0.083 0.868 
 310 E _   0.017 0.011 0.001 0.006 0.005 0.018 0.083 0.859 
 311 Q _   0.018 0.018 0.001 0.009 0.007 0.021 0.082 0.843 
 312 H _   0.020 0.033 0.001 0.015 0.010 0.024 0.081 0.816 
 313 N _   0.022 0.054 0.001 0.024 0.014 0.027 0.079 0.777 
 314 V _   0.022 0.080 0.002 0.036 0.018 0.029 0.078 0.735 
 315 C _   0.023 0.103 0.002 0.048 0.021 0.029 0.077 0.698 
 316 F _   0.023 0.118 0.002 0.058 0.022 0.029 0.077 0.671 
 317 H _   0.022 0.126 0.002 0.065 0.022 0.028 0.078 0.658 
 318 Y _   0.021 0.128 0.002 0.066 0.020 0.026 0.079 0.658 
 319 T _   0.019 0.125 0.001 0.062 0.018 0.023 0.081 0.671 
 320 F _   0.017 0.115 0.001 0.053 0.015 0.020 0.084 0.694 
 321 A _   0.016 0.097 0.001 0.042 0.011 0.017 0.088 0.728 
 322 L _   0.014 0.072 0.001 0.029 0.008 0.014 0.091 0.770 
 323 N _   0.012 0.044 0.001 0.018 0.005 0.011 0.095 0.813 
 324 R _   0.010 0.023 0.001 0.010 0.003 0.009 0.098 0.846 
 325 R _   0.008 0.010 0.000 0.005 0.002 0.007 0.100 0.867 
 326 N _   0.007 0.004 0.000 0.003 0.001 0.006 0.101 0.878 
 327 R _   0.006 0.001 0.000 0.002 0.001 0.006 0.101 0.883 
 328 P _   0.007 0.000 0.000 0.001 0.001 0.007 0.100 0.883 
 329 G _   0.010 0.000 0.000 0.002 0.001 0.010 0.099 0.878 
 330 D _   0.016 0.000 0.000 0.002 0.002 0.015 0.097 0.868 
 331 R _   0.026 0.001 0.000 0.003 0.004 0.023 0.094 0.849 
 332 A _   0.041 0.003 0.001 0.005 0.008 0.033 0.090 0.819 
 333 K _   0.059 0.007 0.001 0.009 0.015 0.045 0.086 0.778 
 334 A _   0.078 0.016 0.002 0.015 0.025 0.057 0.081 0.727 
 335 L _   0.095 0.029 0.002 0.023 0.036 0.067 0.076 0.672 
 336 S _   0.109 0.043 0.002 0.032 0.047 0.074 0.071 0.622 
 337 V _   0.120 0.055 0.003 0.040 0.054 0.078 0.067 0.584 
 338 L _   0.126 0.063 0.003 0.046 0.058 0.078 0.064 0.562 
 339 L _   0.129 0.067 0.003 0.050 0.058 0.077 0.062 0.554 
 340 P _   0.129 0.067 0.003 0.050 0.056 0.073 0.061 0.562 
 341 L _   0.124 0.063 0.003 0.046 0.050 0.067 0.061 0.586 
 342 V _   0.116 0.055 0.003 0.038 0.042 0.061 0.060 0.625 
 343 Q _   0.104 0.042 0.002 0.029 0.032 0.054 0.060 0.676 
 344 L _   0.091 0.027 0.002 0.019 0.023 0.047 0.061 0.731 
 345 E _   0.077 0.015 0.001 0.012 0.015 0.040 0.060 0.779 
 346 G _   0.064 0.007 0.001 0.007 0.010 0.035 0.060 0.816 
 347 S _   0.054 0.004 0.001 0.004 0.006 0.032 0.059 0.840 
 348 V _   0.047 0.003 0.001 0.003 0.005 0.030 0.058 0.853 
 349 A _   0.044 0.003 0.000 0.003 0.005 0.030 0.057 0.857 
 350 P _   0.044 0.004 0.001 0.004 0.007 0.032 0.056 0.853 
 351 D _   0.046 0.009 0.001 0.006 0.009 0.035 0.054 0.839 
 352 L _   0.048 0.019 0.001 0.011 0.014 0.039 0.052 0.816 
 353 Y _   0.051 0.035 0.002 0.016 0.019 0.042 0.050 0.785 
 354 C _   0.052 0.057 0.002 0.023 0.024 0.045 0.048 0.750 
 355 M _   0.051 0.079 0.002 0.030 0.027 0.045 0.046 0.719 
 356 C _   0.050 0.097 0.002 0.035 0.029 0.045 0.044 0.697 
 357 G _   0.049 0.110 0.002 0.038 0.029 0.044 0.043 0.686 
 358 R _   0.046 0.118 0.002 0.039 0.028 0.042 0.042 0.683 
 359 I _   0.043 0.122 0.002 0.038 0.026 0.039 0.042 0.688 
 360 Y _   0.040 0.123 0.002 0.037 0.024 0.036 0.041 0.697 
 361 K _   0.036 0.121 0.002 0.035 0.021 0.033 0.041 0.711 
 362 D _   0.032 0.117 0.001 0.033 0.018 0.030 0.042 0.727 
 363 M _   0.028 0.111 0.001 0.030 0.015 0.026 0.042 0.746 
 364 F _   0.025 0.102 0.001 0.027 0.013 0.023 0.043 0.767 
 365 F _   0.021 0.091 0.001 0.024 0.010 0.020 0.044 0.790 
 366 S _   0.018 0.078 0.001 0.020 0.008 0.017 0.044 0.814 
 367 S _   0.015 0.064 0.001 0.017 0.006 0.014 0.045 0.838 
 368 G _   0.012 0.052 0.001 0.013 0.005 0.012 0.046 0.859 
 369 F _   0.011 0.041 0.001 0.010 0.004 0.011 0.046 0.878 
 370 Q _   0.009 0.033 0.000 0.008 0.003 0.010 0.046 0.892 
 371 D _   0.008 0.027 0.000 0.006 0.003 0.009 0.046 0.901 
 372 A _   0.007 0.024 0.000 0.006 0.002 0.009 0.045 0.906 
 373 G _   0.007 0.023 0.000 0.006 0.003 0.009 0.045 0.908 
 374 H _   0.007 0.023 0.000 0.007 0.003 0.010 0.044 0.906 
 375 R _   0.008 0.025 0.000 0.009 0.004 0.011 0.043 0.901 
 376 E _   0.009 0.027 0.001 0.012 0.005 0.013 0.042 0.892 
 377 Q _   0.009 0.031 0.001 0.017 0.006 0.014 0.040 0.882 
 378 A _   0.010 0.035 0.001 0.022 0.007 0.015 0.039 0.871 
 379 Y _   0.010 0.039 0.001 0.026 0.009 0.016 0.037 0.861 
 380 H _   0.010 0.041 0.001 0.030 0.010 0.017 0.036 0.855 
 381 W _   0.011 0.042 0.001 0.032 0.010 0.017 0.035 0.852 
 382 Y _   0.011 0.041 0.001 0.032 0.010 0.016 0.035 0.854 
 383 R _   0.011 0.038 0.001 0.030 0.009 0.016 0.034 0.860 
 384 K _   0.011 0.034 0.001 0.027 0.008 0.014 0.034 0.870 
 385 A _   0.012 0.027 0.001 0.022 0.007 0.013 0.034 0.885 
 386 F _   0.012 0.019 0.001 0.016 0.006 0.012 0.034 0.901 
 387 D _   0.014 0.011 0.001 0.011 0.004 0.011 0.034 0.915 
 388 V _   0.017 0.006 0.000 0.007 0.003 0.010 0.033 0.924 
 389 E _   0.023 0.002 0.000 0.004 0.003 0.009 0.033 0.926 
 390 P _   0.033 0.001 0.000 0.003 0.002 0.010 0.031 0.920 
 391 S _   0.052 0.000 0.000 0.002 0.003 0.011 0.030 0.902 
 392 L _   0.085 0.000 0.000 0.002 0.004 0.014 0.028 0.867 
 393 H _   0.138 0.000 0.001 0.001 0.005 0.018 0.026 0.810 
 394 S _   0.214 0.000 0.001 0.002 0.009 0.023 0.023 0.728 
 395 G _   0.305 0.000 0.001 0.002 0.015 0.030 0.021 0.626 
 396 I _   0.397 0.000 0.002 0.003 0.024 0.036 0.018 0.519 
 397 N H   0.479 0.001 0.002 0.003 0.034 0.041 0.016 0.424 
 398 A H   0.539 0.001 0.002 0.005 0.042 0.044 0.015 0.351 
 399 A H   0.576 0.003 0.002 0.007 0.048 0.044 0.015 0.304 
 400 V H   0.595 0.005 0.002 0.010 0.051 0.043 0.015 0.279 
 401 L H   0.595 0.006 0.002 0.013 0.050 0.041 0.016 0.277 
 402 L H   0.577 0.006 0.003 0.014 0.048 0.038 0.017 0.297 
 403 I H   0.540 0.006 0.003 0.015 0.044 0.035 0.018 0.340 
 404 A H   0.482 0.005 0.003 0.013 0.036 0.031 0.020 0.410 
 405 A _   0.408 0.003 0.002 0.010 0.027 0.026 0.022 0.502 
 406 G _   0.324 0.001 0.002 0.007 0.017 0.021 0.024 0.605 
 407 Q _   0.241 0.000 0.001 0.004 0.009 0.017 0.025 0.703 
 408 H _   0.169 0.000 0.001 0.002 0.005 0.013 0.027 0.783 
 409 F _   0.117 0.000 0.000 0.001 0.003 0.011 0.027 0.840 
 410 E _   0.086 0.000 0.000 0.001 0.002 0.010 0.028 0.873 
 411 D _   0.071 0.000 0.000 0.001 0.002 0.011 0.028 0.887 
 412 S _   0.068 0.000 0.000 0.001 0.002 0.013 0.028 0.887 
 413 K _   0.076 0.000 0.000 0.001 0.003 0.018 0.027 0.874 
 414 E _   0.092 0.000 0.001 0.002 0.006 0.025 0.027 0.848 
 415 L _   0.115 0.000 0.001 0.003 0.010 0.033 0.026 0.811 
 416 R _   0.141 0.002 0.001 0.006 0.017 0.043 0.026 0.765 
 417 L _   0.166 0.004 0.002 0.011 0.027 0.051 0.025 0.715 
 418 I _   0.187 0.007 0.002 0.016 0.036 0.058 0.024 0.669 
 419 G _   0.203 0.011 0.002 0.021 0.043 0.063 0.024 0.633 
 420 M _   0.213 0.013 0.002 0.024 0.048 0.064 0.024 0.611 
 421 K _   0.215 0.015 0.003 0.026 0.050 0.064 0.024 0.602 
 422 L _   0.212 0.015 0.002 0.026 0.048 0.062 0.025 0.608 
 423 G _   0.204 0.014 0.002 0.024 0.045 0.059 0.026 0.626 
 424 C _   0.190 0.013 0.002 0.022 0.039 0.054 0.027 0.654 
 425 L _   0.172 0.010 0.002 0.018 0.032 0.049 0.028 0.689 
 426 L _   0.152 0.007 0.002 0.014 0.024 0.043 0.029 0.728 
 427 A _   0.131 0.005 0.001 0.011 0.018 0.038 0.030 0.766 
 428 R _   0.110 0.003 0.001 0.008 0.013 0.033 0.031 0.801 
 429 K _   0.092 0.002 0.001 0.006 0.009 0.029 0.032 0.830 
 430 G _   0.076 0.001 0.001 0.005 0.007 0.026 0.032 0.852 
 431 C _   0.065 0.001 0.001 0.004 0.006 0.024 0.032 0.868 
 432 V _   0.058 0.000 0.001 0.004 0.005 0.023 0.033 0.877 
 433 E _   0.053 0.000 0.001 0.004 0.005 0.022 0.033 0.882 
 434 K _   0.051 0.000 0.001 0.004 0.005 0.023 0.033 0.883 
 435 M _   0.051 0.000 0.001 0.004 0.006 0.024 0.033 0.881 
 436 Q _   0.053 0.001 0.001 0.004 0.007 0.027 0.032 0.876 
 437 Y _   0.056 0.001 0.001 0.005 0.009 0.029 0.032 0.866 
 438 Y _   0.061 0.003 0.001 0.007 0.012 0.032 0.032 0.853 
 439 W _   0.067 0.005 0.001 0.009 0.015 0.036 0.031 0.836 
 440 D _   0.072 0.008 0.001 0.013 0.020 0.039 0.031 0.816 
 441 V _   0.077 0.013 0.002 0.018 0.024 0.042 0.031 0.793 
 442 G _   0.080 0.019 0.002 0.025 0.028 0.043 0.031 0.772 
 443 F _   0.081 0.023 0.002 0.031 0.030 0.043 0.031 0.759 
 444 Y _   0.079 0.026 0.002 0.035 0.030 0.042 0.032 0.754 
 445 L _   0.074 0.027 0.002 0.036 0.028 0.039 0.033 0.761 
 446 G _   0.067 0.025 0.002 0.034 0.024 0.036 0.034 0.779 
 447 A _   0.058 0.022 0.002 0.028 0.019 0.031 0.035 0.805 
 448 Q _   0.048 0.016 0.001 0.020 0.014 0.027 0.036 0.837 
 449 I _   0.039 0.010 0.001 0.013 0.009 0.022 0.037 0.868 
 450 L _   0.031 0.006 0.001 0.008 0.006 0.019 0.037 0.892 
 451 A _   0.025 0.003 0.000 0.005 0.004 0.016 0.038 0.909 
 452 N _   0.021 0.002 0.000 0.003 0.003 0.015 0.038 0.917 
 453 D _   0.019 0.001 0.000 0.003 0.003 0.015 0.038 0.920 
 454 P _   0.018 0.001 0.000 0.004 0.004 0.016 0.038 0.918 
 455 T _   0.019 0.002 0.001 0.006 0.005 0.018 0.037 0.911 
 456 Q _   0.021 0.004 0.001 0.011 0.007 0.020 0.037 0.900 
 457 V _   0.023 0.006 0.001 0.016 0.009 0.022 0.036 0.886 
 458 V _   0.025 0.008 0.001 0.022 0.011 0.024 0.036 0.873 
 459 L _   0.027 0.009 0.001 0.025 0.012 0.025 0.035 0.864 
 460 A _   0.030 0.010 0.001 0.026 0.013 0.025 0.035 0.861 
 461 A _   0.033 0.009 0.001 0.024 0.012 0.024 0.035 0.862 
 462 E _   0.037 0.007 0.001 0.020 0.011 0.023 0.035 0.866 
 463 Q _   0.044 0.005 0.001 0.014 0.009 0.022 0.034 0.870 
 464 L _   0.053 0.003 0.001 0.009 0.007 0.021 0.034 0.872 
 465 Y _   0.067 0.001 0.001 0.005 0.006 0.021 0.034 0.865 
 466 K _   0.088 0.000 0.001 0.003 0.006 0.021 0.033 0.848 
 467 L _   0.120 0.000 0.001 0.002 0.006 0.022 0.032 0.818 
 468 N _   0.164 0.000 0.001 0.002 0.007 0.024 0.032 0.771 
 469 A _   0.224 0.000 0.001 0.002 0.009 0.027 0.031 0.707 
 470 P _   0.296 0.000 0.001 0.002 0.013 0.030 0.030 0.628 
 471 I _   0.374 0.000 0.001 0.002 0.018 0.034 0.030 0.541 
 472 W _   0.450 0.000 0.001 0.003 0.024 0.038 0.029 0.455 
 473 Y H   0.515 0.000 0.002 0.003 0.031 0.041 0.030 0.379 
 474 L H   0.564 0.000 0.002 0.004 0.037 0.043 0.031 0.319 
 475 V H   0.600 0.001 0.002 0.004 0.043 0.044 0.032 0.273 
 476 S H   0.621 0.002 0.002 0.005 0.048 0.044 0.035 0.243 
 477 V H   0.629 0.003 0.002 0.007 0.051 0.043 0.038 0.226 
 478 M H   0.624 0.005 0.002 0.009 0.053 0.042 0.043 0.222 
 479 E H   0.607 0.006 0.003 0.011 0.053 0.041 0.049 0.230 
 480 T H   0.574 0.008 0.003 0.014 0.052 0.040 0.058 0.253 
 481 F H   0.525 0.009 0.003 0.018 0.048 0.038 0.069 0.290 
 482 L H   0.462 0.009 0.003 0.021 0.042 0.036 0.083 0.343 
 483 L _   0.388 0.009 0.003 0.023 0.035 0.033 0.101 0.409 
 484 Y _   0.310 0.008 0.002 0.024 0.027 0.029 0.121 0.479 
 485 Q _   0.236 0.007 0.002 0.022 0.019 0.025 0.142 0.548 
 486 H _   0.170 0.005 0.001 0.019 0.013 0.020 0.162 0.609 
 487 F _   0.117 0.004 0.001 0.015 0.008 0.016 0.180 0.660 
 488 R _   0.076 0.002 0.001 0.011 0.005 0.012 0.195 0.698 
 489 P _   0.048 0.001 0.000 0.007 0.003 0.009 0.206 0.725 
 490 T _   0.029 0.001 0.000 0.005 0.002 0.006 0.214 0.743 
 491 P _   0.017 0.000 0.000 0.003 0.001 0.005 0.220 0.754 
 492 E _   0.010 0.000 0.000 0.002 0.001 0.003 0.223 0.761 
 493 P _   0.006 0.000 0.000 0.001 0.001 0.003 0.225 0.764 
 494 P _   0.004 0.000 0.000 0.001 0.001 0.003 0.224 0.766 
 495 G _   0.005 0.000 0.000 0.001 0.001 0.005 0.223 0.766 
 496 G _   0.007 0.000 0.000 0.001 0.001 0.008 0.220 0.762 
 497 P _   0.014 0.000 0.000 0.002 0.002 0.015 0.215 0.752 
 498 P _   0.028 0.001 0.000 0.003 0.005 0.027 0.208 0.728 
 499 R _   0.051 0.007 0.001 0.006 0.013 0.045 0.197 0.680 
 500 R _   0.079 0.028 0.002 0.013 0.029 0.067 0.182 0.600 
 501 A _   0.104 0.080 0.003 0.023 0.052 0.086 0.164 0.487 
 502 H _   0.119 0.156 0.004 0.036 0.072 0.096 0.147 0.370 
 503 F _   0.126 0.226 0.004 0.048 0.081 0.098 0.133 0.285 
 504 W E   0.127 0.274 0.004 0.058 0.082 0.094 0.125 0.236 
 505 L E   0.127 0.300 0.003 0.064 0.081 0.089 0.119 0.217 
 506 H E   0.126 0.310 0.003 0.067 0.078 0.083 0.116 0.217 
 507 F E   0.123 0.310 0.003 0.065 0.074 0.077 0.114 0.234 
 508 L E   0.119 0.298 0.003 0.060 0.068 0.069 0.113 0.269 
 509 L _   0.113 0.269 0.004 0.051 0.060 0.061 0.113 0.329 
 510 Q _   0.105 0.217 0.004 0.040 0.050 0.054 0.115 0.416 
 511 S _   0.094 0.150 0.003 0.029 0.038 0.046 0.117 0.522 
 512 C _   0.082 0.084 0.002 0.019 0.026 0.039 0.119 0.629 
 513 Q _   0.067 0.039 0.001 0.012 0.016 0.032 0.121 0.713 
 514 P _   0.053 0.015 0.001 0.007 0.009 0.026 0.123 0.766 
 515 F _   0.041 0.006 0.001 0.004 0.006 0.022 0.123 0.797 
 516 K _   0.034 0.002 0.000 0.003 0.004 0.019 0.123 0.815 
 517 T _   0.029 0.001 0.000 0.003 0.003 0.017 0.122 0.825 
 518 A _   0.027 0.000 0.000 0.002 0.003 0.017 0.121 0.830 
 519 C _   0.027 0.000 0.000 0.002 0.003 0.017 0.120 0.830 
 520 A _   0.030 0.000 0.000 0.003 0.004 0.019 0.118 0.825 
 521 Q _   0.036 0.000 0.001 0.003 0.005 0.022 0.116 0.817 
 522 G _   0.044 0.001 0.001 0.005 0.008 0.027 0.113 0.803 
 523 D _   0.054 0.002 0.001 0.006 0.011 0.031 0.111 0.783 
 524 Q _   0.065 0.004 0.001 0.009 0.016 0.036 0.108 0.761 
 525 C _   0.075 0.006 0.001 0.013 0.021 0.040 0.106 0.737 
 526 L _   0.082 0.009 0.002 0.018 0.025 0.043 0.104 0.717 
 527 V _   0.088 0.011 0.002 0.022 0.028 0.045 0.103 0.702 
 528 L _   0.091 0.013 0.002 0.024 0.029 0.045 0.102 0.695 
 529 V _   0.090 0.014 0.002 0.025 0.028 0.043 0.101 0.696 
 530 L _   0.087 0.014 0.002 0.024 0.026 0.041 0.101 0.706 
 531 E _   0.081 0.013 0.002 0.021 0.023 0.038 0.102 0.722 
 532 M _   0.074 0.011 0.001 0.018 0.019 0.034 0.102 0.742 
 533 N _   0.066 0.009 0.001 0.014 0.015 0.030 0.103 0.762 
 534 K _   0.057 0.007 0.001 0.012 0.012 0.027 0.103 0.782 
 535 V _   0.048 0.005 0.001 0.010 0.009 0.023 0.104 0.799 
 536 L _   0.040 0.004 0.001 0.009 0.008 0.020 0.104 0.813 
 537 L _   0.033 0.004 0.001 0.009 0.006 0.018 0.105 0.824 
 538 P _   0.028 0.003 0.001 0.008 0.006 0.016 0.105 0.833 
 539 A _   0.024 0.003 0.001 0.008 0.005 0.014 0.105 0.840 
 540 K _   0.020 0.003 0.001 0.008 0.004 0.013 0.105 0.847 
 541 L _   0.017 0.002 0.000 0.007 0.004 0.012 0.105 0.853 
 542 E _   0.014 0.002 0.000 0.006 0.003 0.011 0.104 0.858 
 543 V _   0.013 0.002 0.000 0.005 0.003 0.010 0.103 0.863 
 544 R _   0.012 0.002 0.000 0.004 0.003 0.010 0.102 0.866 
 545 G _   0.011 0.002 0.000 0.004 0.003 0.011 0.101 0.868 
 546 T _   0.011 0.003 0.000 0.004 0.003 0.012 0.099 0.867 
 547 D _   0.012 0.005 0.000 0.005 0.004 0.014 0.098 0.862 
 548 P _   0.014 0.009 0.001 0.008 0.006 0.017 0.095 0.851 
 549 V _   0.016 0.017 0.001 0.013 0.008 0.020 0.093 0.832 
 550 S _   0.018 0.029 0.001 0.020 0.012 0.023 0.090 0.807 
 551 T _   0.019 0.044 0.001 0.030 0.015 0.026 0.087 0.778 
 552 V _   0.020 0.058 0.001 0.040 0.018 0.027 0.084 0.752 
 553 T _   0.020 0.068 0.001 0.048 0.019 0.027 0.082 0.735 
 554 L _   0.019 0.073 0.001 0.053 0.019 0.027 0.080 0.728 
 555 S _   0.018 0.074 0.001 0.053 0.018 0.025 0.079 0.731 
 556 L _   0.017 0.071 0.001 0.049 0.016 0.023 0.079 0.744 
 557 L _   0.015 0.064 0.001 0.042 0.014 0.021 0.079 0.764 
 558 E _   0.014 0.053 0.001 0.032 0.011 0.018 0.080 0.792 
 559 P _   0.013 0.038 0.001 0.022 0.008 0.016 0.080 0.822 
 560 E _   0.011 0.023 0.001 0.014 0.006 0.014 0.081 0.851 
 561 T _   0.010 0.011 0.001 0.008 0.004 0.012 0.081 0.873 
 562 Q _   0.010 0.005 0.000 0.005 0.003 0.011 0.081 0.885 
 563 D _   0.010 0.002 0.000 0.003 0.002 0.012 0.080 0.891 
 564 I _   0.013 0.001 0.000 0.002 0.002 0.013 0.079 0.890 
 565 P _   0.018 0.001 0.000 0.002 0.003 0.016 0.077 0.883 
 566 S _   0.027 0.001 0.000 0.003 0.004 0.022 0.075 0.868 
 567 S _   0.040 0.002 0.001 0.004 0.008 0.030 0.072 0.842 
 568 W _   0.058 0.006 0.001 0.007 0.016 0.040 0.069 0.803 
 569 T _   0.076 0.015 0.002 0.013 0.027 0.050 0.066 0.752 
 570 F _   0.092 0.033 0.002 0.023 0.039 0.059 0.062 0.690 
 571 P _   0.103 0.055 0.003 0.035 0.050 0.065 0.058 0.632 
 572 V _   0.110 0.074 0.003 0.047 0.057 0.067 0.056 0.586 
 573 A _   0.113 0.087 0.003 0.056 0.059 0.067 0.054 0.560 
 574 S _   0.113 0.093 0.003 0.061 0.058 0.064 0.053 0.555 
 575 I _   0.109 0.094 0.003 0.061 0.054 0.060 0.053 0.567 
 576 C _   0.102 0.088 0.003 0.055 0.047 0.054 0.053 0.598 
 577 G _   0.091 0.077 0.003 0.045 0.038 0.048 0.054 0.646 
 578 V _   0.078 0.058 0.002 0.033 0.027 0.040 0.055 0.707 
 579 S _   0.064 0.036 0.002 0.020 0.018 0.034 0.055 0.771 
 580 A _   0.050 0.018 0.001 0.011 0.011 0.028 0.056 0.825 
 581 S _   0.039 0.008 0.001 0.006 0.007 0.023 0.056 0.861 
 582 K _   0.030 0.004 0.000 0.004 0.004 0.020 0.055 0.882 
 583 R _   0.025 0.003 0.000 0.003 0.004 0.018 0.054 0.892 
 584 D _   0.022 0.003 0.000 0.004 0.004 0.018 0.053 0.895 
 585 E _   0.020 0.004 0.001 0.006 0.005 0.019 0.052 0.893 
 586 R _   0.020 0.006 0.001 0.011 0.007 0.020 0.051 0.885 
 587 C _   0.020 0.009 0.001 0.016 0.009 0.021 0.050 0.874 
 588 C _   0.020 0.012 0.001 0.022 0.010 0.021 0.048 0.865 
 589 F _   0.019 0.014 0.001 0.026 0.011 0.021 0.047 0.860 
 590 L _   0.018 0.015 0.001 0.028 0.011 0.020 0.046 0.861 
 591 Y _   0.017 0.015 0.001 0.026 0.010 0.019 0.045 0.867 
 592 A _   0.016 0.013 0.001 0.022 0.009 0.017 0.045 0.878 
 593 L _   0.015 0.010 0.001 0.017 0.007 0.016 0.044 0.890 
 594 P _   0.015 0.007 0.001 0.012 0.006 0.014 0.044 0.902 
 595 P _   0.015 0.004 0.001 0.008 0.005 0.014 0.043 0.911 
 596 A _   0.017 0.002 0.000 0.006 0.004 0.013 0.042 0.915 
 597 Q _   0.020 0.001 0.000 0.005 0.004 0.013 0.042 0.915 
 598 D _   0.026 0.001 0.000 0.004 0.004 0.014 0.041 0.910 
 599 V _   0.034 0.001 0.001 0.004 0.004 0.016 0.040 0.901 
 600 Q _   0.046 0.000 0.001 0.004 0.005 0.017 0.038 0.888 
 601 L _   0.064 0.000 0.001 0.005 0.006 0.019 0.037 0.868 
 602 C _   0.088 0.000 0.001 0.005 0.007 0.022 0.035 0.842 
 603 F _   0.120 0.000 0.001 0.004 0.009 0.024 0.033 0.808 
 604 P _   0.161 0.000 0.001 0.004 0.010 0.027 0.031 0.766 
 605 S _   0.213 0.000 0.001 0.003 0.013 0.030 0.029 0.712 
 606 V _   0.274 0.000 0.001 0.003 0.016 0.033 0.026 0.648 
 607 G _   0.342 0.000 0.001 0.002 0.021 0.036 0.024 0.573 
 608 H _   0.417 0.000 0.002 0.002 0.027 0.039 0.023 0.491 
 609 C H   0.485 0.000 0.002 0.002 0.034 0.041 0.022 0.414 
 610 Q H   0.540 0.000 0.002 0.003 0.041 0.042 0.021 0.350 
 611 W H   0.581 0.001 0.002 0.004 0.048 0.043 0.021 0.301 
 612 F H   0.605 0.002 0.002 0.005 0.053 0.043 0.022 0.269 
 613 C H   0.613 0.003 0.002 0.008 0.056 0.042 0.023 0.252 
 614 G H   0.608 0.005 0.003 0.011 0.057 0.040 0.026 0.251 
 615 L H   0.585 0.007 0.003 0.014 0.056 0.038 0.029 0.269 
 616 I H   0.543 0.007 0.003 0.017 0.051 0.036 0.033 0.310 
 617 Q H   0.482 0.007 0.003 0.019 0.044 0.033 0.038 0.375 
 618 A _   0.403 0.006 0.003 0.018 0.034 0.028 0.044 0.463 
 619 W _   0.315 0.005 0.002 0.016 0.024 0.023 0.051 0.565 
 620 V _   0.228 0.003 0.001 0.012 0.014 0.018 0.057 0.666 
 621 T _   0.152 0.002 0.001 0.008 0.008 0.014 0.063 0.753 
 622 N _   0.094 0.001 0.001 0.005 0.004 0.010 0.067 0.818 
 623 P _   0.056 0.000 0.000 0.004 0.003 0.008 0.070 0.860 
 624 D _   0.032 0.000 0.000 0.003 0.002 0.006 0.071 0.886 
 625 S _   0.018 0.001 0.000 0.002 0.001 0.005 0.072 0.900 
 626 T _   0.011 0.001 0.000 0.002 0.001 0.005 0.072 0.906 
 627 A _   0.008 0.003 0.000 0.003 0.001 0.006 0.072 0.907 
 628 P _   0.007 0.006 0.000 0.005 0.002 0.007 0.071 0.903 
 629 A _   0.006 0.015 0.000 0.008 0.003 0.008 0.069 0.891 
 630 E _   0.006 0.030 0.001 0.013 0.004 0.010 0.066 0.871 
 631 E _   0.007 0.054 0.001 0.020 0.005 0.012 0.062 0.840 
 632 A _   0.006 0.082 0.001 0.028 0.007 0.013 0.058 0.805 
 633 E _   0.006 0.110 0.001 0.036 0.008 0.014 0.054 0.771 
 634 G _   0.006 0.131 0.001 0.042 0.009 0.015 0.050 0.745 
 635 A _   0.006 0.145 0.001 0.047 0.010 0.015 0.048 0.728 
 636 G _   0.006 0.153 0.001 0.048 0.010 0.015 0.047 0.720 
 637 E _   0.007 0.155 0.001 0.047 0.009 0.015 0.046 0.720 
 638 M _   0.007 0.153 0.001 0.043 0.009 0.014 0.045 0.729 
 639 L _   0.007 0.146 0.001 0.036 0.008 0.013 0.045 0.744 
 640 E _   0.007 0.135 0.001 0.028 0.006 0.012 0.046 0.765 
 641 F _   0.007 0.120 0.001 0.021 0.005 0.011 0.046 0.789 
 642 D _   0.007 0.105 0.001 0.014 0.004 0.010 0.047 0.812 
 643 Y _   0.007 0.093 0.000 0.010 0.003 0.010 0.047 0.830 
 644 E _   0.007 0.086 0.000 0.007 0.003 0.010 0.047 0.841 
 645 Y _   0.007 0.082 0.000 0.006 0.002 0.010 0.047 0.846 
 646 T _   0.007 0.083 0.000 0.006 0.003 0.011 0.046 0.844 
 647 E _   0.008 0.087 0.000 0.007 0.003 0.013 0.045 0.836 
 648 T _   0.009 0.097 0.001 0.009 0.005 0.016 0.043 0.820 
 649 G _   0.011 0.117 0.001 0.013 0.007 0.019 0.041 0.791 
 650 E _   0.012 0.148 0.001 0.019 0.010 0.021 0.039 0.750 
 651 R _   0.013 0.189 0.001 0.024 0.013 0.023 0.036 0.700 
 652 L _   0.014 0.232 0.001 0.030 0.015 0.025 0.033 0.651 
 653 V _   0.014 0.269 0.001 0.034 0.016 0.025 0.031 0.610 
 654 L _   0.014 0.296 0.001 0.037 0.017 0.025 0.029 0.581 
 655 G _   0.014 0.315 0.001 0.039 0.018 0.025 0.027 0.561 
 656 K _   0.014 0.327 0.001 0.040 0.018 0.025 0.026 0.549 
 657 G _   0.014 0.333 0.001 0.040 0.018 0.024 0.026 0.544 
 658 T _   0.014 0.334 0.001 0.039 0.017 0.023 0.026 0.546 
 659 Y _   0.014 0.330 0.001 0.038 0.016 0.022 0.026 0.554 
 660 G _   0.014 0.321 0.001 0.035 0.014 0.021 0.026 0.568 
 661 V _   0.014 0.307 0.001 0.031 0.013 0.019 0.026 0.589 
 662 V _   0.013 0.287 0.001 0.027 0.011 0.018 0.027 0.616 
 663 Y _   0.013 0.263 0.001 0.022 0.009 0.017 0.028 0.648 
