#TopoPred_TM8: 8-state transmembrane topology prediction results by no_profile mode 
#probabilities are in the order of H E C I L F X _, the 8 transmembrane topology types used in PDBTM 
   1 M X   0.016 0.001 0.002 0.051 0.009 0.010 0.597 0.313 
   2 K X   0.005 0.000 0.000 0.026 0.002 0.004 0.610 0.352 
   3 D X   0.001 0.000 0.000 0.013 0.000 0.003 0.611 0.372 
   4 Y X   0.001 0.000 0.000 0.009 0.001 0.003 0.605 0.381 
   5 D X   0.002 0.001 0.000 0.009 0.001 0.006 0.593 0.388 
   6 E X   0.003 0.002 0.000 0.011 0.002 0.010 0.576 0.395 
   7 L X   0.006 0.004 0.000 0.015 0.003 0.015 0.555 0.401 
   8 L X   0.008 0.007 0.001 0.022 0.005 0.020 0.529 0.409 
   9 K X   0.009 0.012 0.001 0.030 0.007 0.025 0.498 0.418 
  10 Y X   0.010 0.017 0.001 0.038 0.011 0.029 0.465 0.429 
  11 Y _   0.011 0.022 0.001 0.045 0.014 0.032 0.431 0.444 
  12 E _   0.011 0.025 0.001 0.050 0.016 0.034 0.402 0.460 
  13 L _   0.013 0.027 0.002 0.050 0.018 0.036 0.377 0.478 
  14 H _   0.015 0.027 0.002 0.047 0.019 0.037 0.356 0.498 
  15 E _   0.018 0.026 0.002 0.043 0.019 0.038 0.337 0.519 
  16 T _   0.021 0.024 0.001 0.037 0.018 0.038 0.320 0.541 
  17 I _   0.025 0.020 0.001 0.031 0.017 0.039 0.305 0.562 
  18 G _   0.031 0.016 0.001 0.025 0.016 0.039 0.291 0.582 
  19 T _   0.037 0.012 0.001 0.019 0.014 0.039 0.277 0.600 
  20 G _   0.045 0.008 0.001 0.015 0.013 0.039 0.265 0.614 
  21 G _   0.055 0.005 0.001 0.011 0.012 0.039 0.252 0.625 
  22 F _   0.068 0.002 0.001 0.008 0.012 0.040 0.239 0.629 
  23 A _   0.084 0.001 0.001 0.006 0.012 0.042 0.227 0.627 
  24 K _   0.104 0.001 0.001 0.005 0.012 0.043 0.214 0.620 
  25 V _   0.128 0.000 0.001 0.004 0.014 0.045 0.202 0.606 
  26 K _   0.155 0.000 0.001 0.004 0.016 0.048 0.190 0.586 
  27 L _   0.185 0.000 0.001 0.004 0.020 0.051 0.179 0.561 
  28 A _   0.217 0.000 0.001 0.004 0.024 0.053 0.169 0.531 
  29 C _   0.247 0.000 0.002 0.005 0.030 0.056 0.160 0.501 
  30 H _   0.274 0.001 0.002 0.006 0.035 0.057 0.152 0.474 
  31 I _   0.296 0.001 0.002 0.007 0.040 0.058 0.146 0.451 
  32 L _   0.311 0.002 0.002 0.009 0.044 0.057 0.141 0.435 
  33 T _   0.318 0.003 0.002 0.010 0.046 0.056 0.137 0.426 
  34 G _   0.320 0.005 0.002 0.013 0.047 0.054 0.134 0.425 
  35 E _   0.312 0.006 0.002 0.015 0.046 0.052 0.132 0.435 
  36 M _   0.297 0.007 0.002 0.017 0.042 0.048 0.131 0.456 
  37 V _   0.272 0.007 0.002 0.018 0.037 0.044 0.131 0.489 
  38 A _   0.241 0.007 0.002 0.018 0.031 0.039 0.132 0.530 
  39 I _   0.204 0.006 0.002 0.018 0.024 0.033 0.133 0.579 
  40 K _   0.165 0.005 0.001 0.016 0.018 0.028 0.135 0.632 
  41 I _   0.127 0.004 0.001 0.013 0.012 0.023 0.136 0.684 
  42 M _   0.093 0.003 0.001 0.010 0.008 0.018 0.137 0.730 
  43 D _   0.065 0.002 0.001 0.007 0.005 0.014 0.137 0.768 
  44 K _   0.044 0.001 0.000 0.005 0.004 0.011 0.137 0.797 
  45 N _   0.029 0.001 0.000 0.004 0.003 0.009 0.137 0.819 
  46 T _   0.019 0.000 0.000 0.003 0.002 0.007 0.135 0.833 
  47 L _   0.013 0.000 0.000 0.002 0.002 0.007 0.133 0.843 
  48 G _   0.009 0.000 0.000 0.002 0.002 0.007 0.131 0.848 
  49 S _   0.008 0.001 0.000 0.003 0.002 0.007 0.128 0.851 
  50 D _   0.008 0.002 0.000 0.004 0.002 0.009 0.124 0.851 
  51 L _   0.009 0.004 0.000 0.006 0.003 0.011 0.120 0.847 
  52 P _   0.010 0.007 0.001 0.011 0.005 0.014 0.115 0.839 
  53 R _   0.011 0.013 0.001 0.017 0.007 0.017 0.109 0.827 
  54 I _   0.011 0.019 0.001 0.024 0.009 0.019 0.103 0.813 
  55 K _   0.012 0.025 0.001 0.031 0.011 0.021 0.097 0.801 
  56 T _   0.012 0.029 0.001 0.036 0.013 0.023 0.092 0.794 
  57 E _   0.013 0.030 0.001 0.038 0.013 0.024 0.088 0.793 
  58 I _   0.013 0.030 0.001 0.037 0.013 0.024 0.084 0.798 
  59 E _   0.014 0.028 0.001 0.032 0.012 0.024 0.081 0.808 
  60 A _   0.015 0.024 0.001 0.026 0.011 0.024 0.078 0.822 
  61 L _   0.016 0.019 0.001 0.020 0.009 0.024 0.075 0.836 
  62 K _   0.018 0.013 0.001 0.014 0.008 0.024 0.073 0.849 
  63 N _   0.022 0.008 0.001 0.010 0.007 0.024 0.071 0.858 
  64 L _   0.027 0.004 0.001 0.007 0.007 0.026 0.068 0.861 
  65 R _   0.034 0.003 0.001 0.005 0.007 0.028 0.066 0.857 
  66 H _   0.044 0.002 0.001 0.005 0.008 0.031 0.063 0.846 
  67 Q _   0.057 0.002 0.001 0.006 0.011 0.035 0.061 0.829 
  68 H _   0.072 0.002 0.001 0.007 0.014 0.039 0.058 0.807 
  69 I _   0.088 0.002 0.001 0.009 0.018 0.043 0.056 0.783 
  70 C _   0.104 0.002 0.001 0.011 0.022 0.046 0.054 0.759 
  71 Q _   0.119 0.003 0.002 0.014 0.025 0.048 0.052 0.738 
  72 L _   0.131 0.003 0.002 0.015 0.026 0.049 0.050 0.724 
  73 Y _   0.140 0.003 0.002 0.014 0.026 0.049 0.048 0.718 
  74 H _   0.146 0.003 0.002 0.012 0.025 0.047 0.047 0.718 
  75 V _   0.150 0.002 0.002 0.010 0.022 0.046 0.046 0.722 
  76 L _   0.151 0.001 0.001 0.008 0.020 0.044 0.046 0.730 
  77 E _   0.151 0.001 0.001 0.006 0.017 0.042 0.045 0.738 
  78 T _   0.150 0.000 0.001 0.004 0.015 0.040 0.044 0.744 
  79 A _   0.147 0.000 0.001 0.004 0.014 0.039 0.044 0.750 
  80 N _   0.145 0.000 0.001 0.004 0.014 0.039 0.044 0.754 
  81 K _   0.141 0.000 0.001 0.005 0.014 0.038 0.044 0.756 
  82 I _   0.136 0.001 0.001 0.006 0.015 0.038 0.044 0.759 
  83 F _   0.130 0.001 0.001 0.008 0.016 0.038 0.044 0.761 
  84 M _   0.122 0.002 0.001 0.010 0.017 0.037 0.044 0.766 
  85 V _   0.112 0.003 0.001 0.011 0.017 0.036 0.045 0.775 
  86 L _   0.101 0.003 0.001 0.012 0.017 0.035 0.045 0.786 
  87 E _   0.088 0.003 0.001 0.012 0.016 0.033 0.046 0.801 
  88 Y _   0.076 0.004 0.001 0.012 0.014 0.030 0.046 0.817 
  89 C _   0.065 0.004 0.001 0.011 0.013 0.028 0.046 0.831 
  90 P _   0.056 0.004 0.001 0.011 0.011 0.027 0.047 0.843 
  91 G _   0.048 0.005 0.001 0.012 0.011 0.025 0.047 0.852 
  92 G _   0.041 0.005 0.001 0.013 0.010 0.023 0.048 0.858 
  93 E _   0.035 0.006 0.001 0.015 0.010 0.022 0.048 0.863 
  94 L _   0.030 0.006 0.001 0.016 0.009 0.020 0.049 0.868 
  95 F _   0.026 0.006 0.001 0.017 0.008 0.018 0.050 0.874 
  96 D _   0.021 0.006 0.001 0.016 0.007 0.016 0.050 0.882 
  97 Y _   0.018 0.005 0.001 0.014 0.006 0.014 0.051 0.891 
  98 I _   0.015 0.004 0.001 0.012 0.005 0.012 0.052 0.900 
  99 I _   0.013 0.003 0.000 0.009 0.004 0.011 0.052 0.908 
 100 S _   0.012 0.002 0.000 0.007 0.003 0.009 0.052 0.915 
 101 Q _   0.012 0.001 0.000 0.005 0.002 0.009 0.052 0.919 
 102 D _   0.013 0.000 0.000 0.003 0.002 0.009 0.051 0.921 
 103 R _   0.017 0.000 0.000 0.003 0.002 0.009 0.051 0.918 
 104 L _   0.024 0.000 0.000 0.002 0.002 0.011 0.050 0.910 
 105 S _   0.038 0.000 0.000 0.002 0.003 0.014 0.048 0.894 
 106 E _   0.062 0.000 0.001 0.003 0.005 0.019 0.047 0.865 
 107 E _   0.099 0.000 0.001 0.003 0.007 0.025 0.045 0.821 
 108 E _   0.150 0.000 0.001 0.004 0.011 0.032 0.042 0.760 
 109 T _   0.211 0.000 0.001 0.004 0.017 0.040 0.039 0.687 
 110 R _   0.276 0.000 0.002 0.005 0.025 0.047 0.037 0.608 
 111 V _   0.339 0.000 0.002 0.006 0.034 0.053 0.035 0.531 
 112 V _   0.394 0.001 0.002 0.006 0.042 0.058 0.033 0.464 
 113 F H   0.441 0.001 0.002 0.006 0.049 0.060 0.032 0.409 
 114 R H   0.477 0.001 0.002 0.007 0.054 0.060 0.032 0.368 
 115 Q H   0.502 0.002 0.002 0.007 0.058 0.060 0.032 0.338 
 116 I H   0.518 0.002 0.002 0.007 0.060 0.058 0.032 0.321 
 117 V H   0.522 0.003 0.002 0.008 0.060 0.056 0.034 0.316 
 118 S H   0.513 0.003 0.003 0.010 0.058 0.053 0.036 0.324 
 119 A H   0.493 0.004 0.003 0.011 0.055 0.050 0.039 0.345 
 120 V H   0.461 0.005 0.003 0.014 0.050 0.047 0.043 0.378 
 121 A _   0.415 0.005 0.003 0.016 0.044 0.043 0.048 0.426 
 122 Y _   0.360 0.006 0.002 0.018 0.037 0.038 0.054 0.486 
 123 V _   0.296 0.005 0.002 0.018 0.028 0.034 0.060 0.555 
 124 H _   0.232 0.005 0.002 0.017 0.021 0.028 0.067 0.628 
 125 S _   0.173 0.004 0.001 0.015 0.014 0.023 0.074 0.696 
 126 Q _   0.122 0.003 0.001 0.012 0.009 0.018 0.080 0.756 
 127 G _   0.082 0.002 0.001 0.009 0.006 0.014 0.084 0.803 
 128 Y _   0.053 0.001 0.000 0.006 0.004 0.011 0.088 0.837 
 129 A _   0.033 0.001 0.000 0.004 0.002 0.009 0.090 0.860 
 130 H _   0.021 0.001 0.000 0.003 0.002 0.007 0.092 0.874 
 131 R _   0.013 0.001 0.000 0.003 0.002 0.006 0.093 0.881 
 132 D _   0.010 0.002 0.000 0.003 0.002 0.006 0.093 0.884 
 133 L _   0.008 0.004 0.000 0.004 0.002 0.007 0.093 0.883 
 134 K _   0.007 0.007 0.000 0.005 0.002 0.007 0.092 0.878 
 135 P _   0.007 0.013 0.000 0.008 0.003 0.009 0.091 0.869 
 136 E _   0.007 0.024 0.000 0.011 0.004 0.010 0.090 0.854 
 137 N _   0.007 0.037 0.001 0.015 0.005 0.011 0.088 0.837 
 138 L _   0.007 0.051 0.001 0.018 0.005 0.012 0.086 0.820 
 139 L _   0.007 0.064 0.001 0.020 0.006 0.013 0.084 0.806 
 140 F _   0.007 0.075 0.001 0.021 0.006 0.013 0.082 0.795 
 141 D _   0.007 0.084 0.001 0.021 0.006 0.014 0.081 0.786 
 142 E _   0.007 0.092 0.001 0.022 0.007 0.014 0.079 0.779 
 143 Y _   0.007 0.098 0.001 0.021 0.007 0.015 0.078 0.772 
 144 H _   0.008 0.105 0.001 0.022 0.007 0.016 0.077 0.765 
 145 K _   0.008 0.111 0.001 0.024 0.008 0.016 0.077 0.755 
 146 L _   0.009 0.118 0.001 0.027 0.009 0.017 0.076 0.743 
 147 K _   0.010 0.125 0.001 0.031 0.009 0.017 0.076 0.730 
 148 L _   0.011 0.130 0.001 0.036 0.010 0.018 0.076 0.718 
 149 I _   0.012 0.133 0.001 0.040 0.011 0.018 0.076 0.709 
 150 D _   0.012 0.133 0.001 0.043 0.011 0.017 0.077 0.705 
 151 F _   0.012 0.130 0.001 0.043 0.010 0.016 0.079 0.708 
 152 G _   0.012 0.121 0.001 0.041 0.010 0.015 0.081 0.720 
 153 L _   0.012 0.106 0.001 0.035 0.008 0.014 0.083 0.741 
 154 C _   0.011 0.084 0.001 0.027 0.007 0.012 0.086 0.773 
 155 A _   0.010 0.057 0.001 0.019 0.005 0.010 0.089 0.809 
 156 K _   0.009 0.033 0.001 0.011 0.003 0.008 0.091 0.843 
 157 P _   0.007 0.016 0.000 0.006 0.002 0.007 0.092 0.868 
 158 K _   0.006 0.008 0.000 0.003 0.001 0.006 0.093 0.882 
 159 G _   0.005 0.004 0.000 0.002 0.001 0.006 0.092 0.889 
 160 N _   0.005 0.003 0.000 0.002 0.001 0.007 0.091 0.890 
 161 K _   0.007 0.003 0.000 0.002 0.002 0.010 0.090 0.885 
 162 D _   0.011 0.006 0.000 0.003 0.003 0.016 0.087 0.874 
 163 Y _   0.017 0.013 0.001 0.007 0.006 0.024 0.084 0.848 
 164 H _   0.025 0.035 0.001 0.013 0.013 0.034 0.078 0.800 
 165 L _   0.033 0.082 0.002 0.024 0.022 0.044 0.071 0.722 
 166 Q _   0.039 0.147 0.003 0.035 0.031 0.052 0.063 0.629 
 167 T _   0.043 0.213 0.003 0.046 0.039 0.057 0.055 0.545 
 168 C _   0.046 0.261 0.003 0.053 0.044 0.059 0.049 0.485 
 169 C _   0.049 0.293 0.003 0.058 0.047 0.060 0.045 0.446 
 170 G _   0.052 0.311 0.002 0.061 0.049 0.059 0.041 0.425 
 171 S _   0.054 0.319 0.002 0.061 0.050 0.058 0.038 0.417 
 172 L _   0.056 0.320 0.002 0.059 0.049 0.055 0.036 0.422 
 173 A _   0.057 0.313 0.002 0.056 0.046 0.052 0.035 0.438 
 174 Y _   0.057 0.298 0.002 0.051 0.042 0.048 0.034 0.466 
 175 A _   0.055 0.273 0.002 0.046 0.037 0.044 0.034 0.508 
 176 A _   0.052 0.237 0.002 0.040 0.031 0.039 0.034 0.564 
 177 P _   0.048 0.193 0.002 0.034 0.024 0.035 0.035 0.630 
 178 E _   0.043 0.144 0.002 0.027 0.018 0.030 0.035 0.700 
 179 L _   0.038 0.097 0.002 0.021 0.014 0.025 0.035 0.768 
 180 I _   0.032 0.059 0.001 0.015 0.010 0.021 0.035 0.826 
 181 Q _   0.028 0.033 0.001 0.011 0.007 0.018 0.035 0.869 
 182 G _   0.025 0.016 0.001 0.008 0.005 0.014 0.034 0.897 
 183 K _   0.024 0.007 0.000 0.005 0.004 0.012 0.033 0.914 
 184 S _   0.026 0.003 0.000 0.004 0.003 0.010 0.031 0.922 
 185 Y _   0.033 0.001 0.000 0.003 0.003 0.009 0.030 0.921 
 186 L _   0.045 0.000 0.000 0.002 0.003 0.009 0.028 0.912 
 187 G _   0.067 0.000 0.000 0.002 0.003 0.009 0.025 0.892 
 188 S _   0.106 0.000 0.001 0.002 0.004 0.010 0.022 0.856 
 189 E _   0.164 0.000 0.001 0.001 0.005 0.011 0.019 0.799 
 190 A _   0.246 0.000 0.001 0.001 0.006 0.012 0.015 0.719 
 191 D _   0.351 0.000 0.001 0.001 0.008 0.012 0.012 0.615 
 192 V _   0.470 0.000 0.001 0.001 0.010 0.013 0.009 0.497 
 193 W H   0.586 0.000 0.001 0.001 0.011 0.013 0.006 0.381 
 194 S H   0.691 0.000 0.001 0.001 0.013 0.012 0.004 0.278 
 195 M H   0.773 0.000 0.001 0.001 0.014 0.011 0.003 0.197 
 196 G H   0.830 0.000 0.001 0.001 0.015 0.010 0.002 0.141 
 197 I H   0.868 0.000 0.001 0.001 0.016 0.009 0.002 0.104 
 198 L H   0.887 0.000 0.001 0.001 0.016 0.008 0.002 0.085 
 199 L H   0.894 0.000 0.001 0.001 0.017 0.008 0.002 0.078 
 200 Y H   0.890 0.000 0.001 0.001 0.018 0.007 0.002 0.081 
 201 V H   0.874 0.000 0.001 0.001 0.019 0.008 0.002 0.095 
 202 L H   0.841 0.000 0.001 0.001 0.020 0.008 0.003 0.126 
 203 M H   0.785 0.000 0.002 0.002 0.020 0.009 0.004 0.179 
 204 C H   0.701 0.000 0.002 0.002 0.019 0.009 0.006 0.260 
 205 G H   0.593 0.000 0.002 0.002 0.016 0.010 0.009 0.368 
 206 F _   0.467 0.000 0.001 0.002 0.012 0.010 0.013 0.495 
 207 L _   0.338 0.000 0.001 0.002 0.008 0.009 0.017 0.625 
 208 P _   0.224 0.000 0.001 0.002 0.006 0.008 0.021 0.739 
 209 F _   0.140 0.000 0.001 0.001 0.004 0.007 0.024 0.822 
 210 D _   0.086 0.000 0.000 0.001 0.003 0.007 0.026 0.876 
 211 D _   0.054 0.000 0.000 0.002 0.002 0.008 0.028 0.906 
 212 D _   0.038 0.000 0.000 0.002 0.002 0.009 0.030 0.918 
 213 N _   0.030 0.001 0.000 0.004 0.003 0.011 0.031 0.919 
 214 V _   0.026 0.004 0.001 0.007 0.005 0.014 0.033 0.911 
 215 M _   0.025 0.009 0.001 0.013 0.007 0.017 0.034 0.895 
 216 A _   0.023 0.018 0.001 0.022 0.010 0.019 0.035 0.873 
 217 L _   0.022 0.026 0.001 0.030 0.012 0.021 0.035 0.851 
 218 Y _   0.021 0.032 0.001 0.037 0.014 0.022 0.037 0.835 
 219 K _   0.020 0.036 0.001 0.041 0.014 0.022 0.038 0.827 
 220 K _   0.019 0.037 0.001 0.041 0.014 0.021 0.040 0.827 
 221 I _   0.017 0.035 0.001 0.037 0.012 0.020 0.042 0.835 
 222 M _   0.016 0.031 0.001 0.031 0.010 0.018 0.045 0.848 
 223 R _   0.014 0.025 0.001 0.023 0.008 0.016 0.048 0.864 
 224 G _   0.013 0.018 0.001 0.016 0.006 0.014 0.051 0.881 
 225 K _   0.012 0.012 0.001 0.011 0.004 0.013 0.053 0.896 
 226 Y _   0.011 0.007 0.000 0.007 0.003 0.011 0.055 0.906 
 227 D _   0.010 0.004 0.000 0.004 0.002 0.011 0.057 0.911 
 228 V _   0.011 0.002 0.000 0.003 0.002 0.012 0.058 0.912 
 229 P _   0.013 0.002 0.000 0.002 0.002 0.013 0.059 0.908 
 230 K _   0.016 0.003 0.000 0.003 0.003 0.017 0.059 0.899 
 231 W _   0.023 0.004 0.000 0.004 0.005 0.022 0.059 0.883 
 232 L _   0.031 0.010 0.001 0.006 0.009 0.029 0.059 0.854 
 233 S _   0.041 0.027 0.001 0.012 0.017 0.038 0.058 0.806 
 234 P _   0.049 0.063 0.002 0.022 0.027 0.046 0.057 0.733 
 235 S _   0.055 0.114 0.003 0.036 0.036 0.051 0.056 0.650 
 236 S _   0.057 0.166 0.003 0.051 0.041 0.053 0.055 0.573 
 237 I _   0.058 0.205 0.003 0.065 0.043 0.052 0.055 0.519 
 238 L _   0.057 0.226 0.002 0.074 0.042 0.050 0.056 0.492 
 239 L _   0.054 0.234 0.002 0.079 0.040 0.047 0.058 0.486 
 240 L _   0.050 0.233 0.002 0.077 0.036 0.042 0.060 0.499 
 241 Q _   0.045 0.222 0.002 0.070 0.030 0.037 0.064 0.530 
 242 Q _   0.040 0.197 0.002 0.057 0.024 0.031 0.068 0.581 
 243 M _   0.034 0.156 0.002 0.042 0.018 0.026 0.073 0.650 
 244 L _   0.028 0.106 0.002 0.027 0.012 0.021 0.078 0.726 
 245 Q _   0.022 0.062 0.001 0.016 0.008 0.017 0.082 0.791 
 246 V _   0.017 0.035 0.001 0.009 0.005 0.013 0.085 0.835 
 247 D _   0.013 0.021 0.000 0.005 0.003 0.011 0.087 0.860 
 248 P _   0.010 0.016 0.000 0.004 0.002 0.009 0.089 0.871 
 249 K _   0.008 0.014 0.000 0.003 0.002 0.009 0.089 0.874 
 250 K _   0.008 0.014 0.000 0.004 0.002 0.009 0.089 0.874 
 251 R _   0.008 0.016 0.000 0.005 0.002 0.010 0.089 0.870 
 252 I _   0.008 0.019 0.000 0.008 0.003 0.011 0.088 0.862 
 253 S _   0.009 0.025 0.001 0.011 0.004 0.013 0.087 0.850 
 254 M _   0.009 0.033 0.001 0.016 0.006 0.014 0.086 0.836 
 255 K _   0.010 0.041 0.001 0.020 0.007 0.015 0.085 0.821 
 256 N _   0.010 0.049 0.001 0.024 0.008 0.016 0.083 0.808 
 257 L _   0.010 0.055 0.001 0.028 0.009 0.017 0.083 0.798 
 258 L _   0.011 0.059 0.001 0.031 0.010 0.017 0.082 0.790 
 259 N _   0.011 0.061 0.001 0.032 0.010 0.017 0.082 0.786 
 260 H _   0.011 0.061 0.001 0.032 0.010 0.017 0.082 0.786 
 261 P _   0.011 0.060 0.001 0.030 0.010 0.016 0.083 0.789 
 262 W _   0.012 0.056 0.001 0.028 0.009 0.015 0.084 0.796 
 263 I _   0.011 0.051 0.001 0.024 0.008 0.014 0.085 0.806 
 264 M _   0.011 0.044 0.001 0.020 0.006 0.013 0.087 0.818 
 265 Q _   0.010 0.037 0.001 0.016 0.005 0.011 0.088 0.831 
 266 D _   0.009 0.030 0.001 0.012 0.004 0.010 0.090 0.843 
 267 Y _   0.009 0.024 0.000 0.010 0.004 0.009 0.091 0.853 
 268 N _   0.008 0.020 0.000 0.008 0.003 0.009 0.092 0.860 
 269 Y _   0.007 0.017 0.000 0.007 0.003 0.008 0.092 0.865 
 270 P _   0.007 0.016 0.000 0.007 0.003 0.008 0.092 0.867 
 271 V _   0.007 0.015 0.000 0.008 0.003 0.008 0.092 0.867 
 272 E _   0.007 0.015 0.000 0.009 0.003 0.008 0.092 0.866 
 273 W _   0.007 0.015 0.000 0.010 0.003 0.008 0.092 0.864 
 274 Q _   0.006 0.016 0.000 0.012 0.004 0.009 0.091 0.862 
 275 S _   0.006 0.016 0.000 0.013 0.004 0.009 0.091 0.861 
 276 K _   0.006 0.017 0.001 0.014 0.004 0.009 0.090 0.860 
 277 N _   0.006 0.017 0.001 0.014 0.004 0.009 0.090 0.860 
 278 P _   0.006 0.017 0.000 0.014 0.004 0.008 0.089 0.862 
 279 F _   0.006 0.016 0.000 0.013 0.004 0.008 0.089 0.864 
 280 I _   0.006 0.015 0.000 0.011 0.003 0.008 0.089 0.868 
 281 H _   0.005 0.014 0.000 0.010 0.003 0.007 0.089 0.871 
 282 L _   0.005 0.014 0.000 0.009 0.003 0.007 0.088 0.873 
 283 D _   0.005 0.014 0.000 0.009 0.003 0.008 0.088 0.874 
 284 D _   0.005 0.014 0.000 0.010 0.003 0.008 0.087 0.873 
 285 D _   0.006 0.015 0.000 0.011 0.003 0.008 0.086 0.871 
 286 C _   0.006 0.016 0.000 0.013 0.004 0.009 0.085 0.867 
 287 V _   0.006 0.017 0.001 0.016 0.004 0.010 0.084 0.862 
 288 T _   0.007 0.018 0.001 0.019 0.005 0.010 0.083 0.857 
 289 E _   0.007 0.019 0.001 0.021 0.005 0.011 0.082 0.855 
 290 L _   0.006 0.018 0.001 0.021 0.005 0.010 0.082 0.856 
 291 S _   0.006 0.017 0.001 0.020 0.005 0.010 0.081 0.860 
 292 V _   0.006 0.015 0.001 0.017 0.004 0.009 0.081 0.867 
 293 H _   0.005 0.012 0.000 0.013 0.004 0.009 0.080 0.876 
 294 H _   0.005 0.009 0.000 0.010 0.003 0.008 0.080 0.884 
 295 R _   0.005 0.007 0.000 0.007 0.002 0.008 0.079 0.891 
 296 N _   0.005 0.005 0.000 0.005 0.002 0.008 0.079 0.894 
 297 N _   0.006 0.004 0.000 0.005 0.002 0.010 0.078 0.895 
 298 R _   0.007 0.004 0.000 0.006 0.003 0.012 0.077 0.891 
 299 Q _   0.009 0.005 0.000 0.007 0.004 0.015 0.075 0.884 
 300 T _   0.012 0.006 0.001 0.011 0.006 0.019 0.074 0.873 
 301 M _   0.016 0.007 0.001 0.015 0.008 0.023 0.072 0.859 
 302 E _   0.020 0.009 0.001 0.020 0.011 0.027 0.070 0.843 
 303 D _   0.025 0.010 0.001 0.023 0.013 0.031 0.068 0.829 
 304 L _   0.031 0.010 0.001 0.024 0.014 0.034 0.067 0.819 
 305 I _   0.039 0.009 0.001 0.023 0.015 0.036 0.065 0.812 
 306 S _   0.048 0.008 0.001 0.018 0.015 0.038 0.064 0.808 
 307 L _   0.060 0.005 0.001 0.013 0.014 0.040 0.062 0.804 
 308 W _   0.073 0.003 0.001 0.009 0.014 0.041 0.061 0.797 
 309 Q _   0.090 0.002 0.001 0.006 0.014 0.043 0.060 0.784 
 310 Y _   0.110 0.001 0.001 0.004 0.015 0.046 0.059 0.764 
 311 D _   0.134 0.001 0.001 0.004 0.018 0.049 0.058 0.735 
 312 H _   0.160 0.001 0.001 0.004 0.022 0.053 0.057 0.701 
 313 L _   0.185 0.003 0.002 0.006 0.029 0.056 0.057 0.663 
 314 T _   0.206 0.006 0.002 0.010 0.035 0.059 0.057 0.625 
 315 A _   0.220 0.012 0.002 0.017 0.041 0.059 0.057 0.592 
 316 T _   0.223 0.017 0.002 0.024 0.043 0.057 0.058 0.574 
 317 Y _   0.218 0.021 0.003 0.031 0.042 0.054 0.060 0.572 
 318 L _   0.202 0.023 0.002 0.034 0.039 0.049 0.062 0.589 
 319 L _   0.179 0.022 0.002 0.033 0.033 0.043 0.065 0.623 
 320 L _   0.153 0.019 0.002 0.028 0.026 0.037 0.068 0.669 
 321 L _   0.124 0.015 0.002 0.020 0.018 0.030 0.070 0.721 
 322 A _   0.095 0.009 0.001 0.013 0.011 0.024 0.073 0.773 
 323 K _   0.070 0.005 0.001 0.008 0.007 0.019 0.075 0.816 
 324 K _   0.050 0.003 0.000 0.004 0.004 0.015 0.076 0.847 
 325 A _   0.035 0.003 0.000 0.003 0.003 0.013 0.077 0.866 
 326 R _   0.026 0.003 0.000 0.003 0.002 0.012 0.077 0.877 
 327 G _   0.020 0.004 0.000 0.003 0.002 0.012 0.077 0.881 
 328 K _   0.018 0.007 0.000 0.004 0.003 0.013 0.076 0.878 
 329 P _   0.016 0.015 0.001 0.007 0.004 0.015 0.075 0.867 
 330 V _   0.016 0.032 0.001 0.011 0.006 0.016 0.074 0.845 
 331 R _   0.015 0.057 0.001 0.016 0.008 0.018 0.072 0.814 
 332 L _   0.014 0.089 0.001 0.020 0.009 0.019 0.069 0.779 
 333 R _   0.013 0.121 0.001 0.024 0.010 0.019 0.067 0.745 
 334 L _   0.012 0.149 0.001 0.027 0.011 0.019 0.065 0.717 
 335 S _   0.010 0.171 0.001 0.029 0.011 0.018 0.063 0.695 
 336 S _   0.010 0.189 0.001 0.030 0.011 0.018 0.062 0.679 
 337 F _   0.009 0.203 0.001 0.031 0.011 0.017 0.061 0.667 
 338 S _   0.009 0.213 0.001 0.031 0.010 0.017 0.060 0.658 
 339 C _   0.009 0.221 0.001 0.032 0.010 0.017 0.060 0.650 
 340 G _   0.009 0.227 0.001 0.033 0.010 0.016 0.060 0.644 
 341 Q _   0.009 0.230 0.001 0.034 0.010 0.016 0.060 0.640 
 342 A _   0.010 0.230 0.001 0.035 0.010 0.015 0.061 0.639 
 343 S _   0.010 0.227 0.001 0.035 0.010 0.015 0.062 0.642 
 344 A _   0.010 0.220 0.001 0.033 0.009 0.014 0.064 0.650 
 345 T _   0.009 0.208 0.001 0.031 0.008 0.013 0.066 0.663 
 346 P _   0.009 0.192 0.001 0.027 0.007 0.012 0.069 0.683 
 347 F _   0.009 0.172 0.001 0.023 0.006 0.011 0.072 0.707 
 348 T _   0.008 0.150 0.001 0.018 0.005 0.010 0.075 0.734 
 349 D _   0.007 0.130 0.001 0.014 0.004 0.009 0.077 0.759 
 350 I _   0.006 0.113 0.000 0.011 0.003 0.008 0.080 0.778 
 351 K _   0.006 0.102 0.000 0.008 0.003 0.007 0.082 0.792 
 352 S _   0.005 0.095 0.000 0.007 0.002 0.007 0.083 0.800 
 353 N _   0.005 0.092 0.000 0.007 0.002 0.007 0.084 0.803 
 354 N _   0.005 0.091 0.000 0.008 0.002 0.007 0.085 0.803 
 355 W _   0.005 0.091 0.000 0.009 0.002 0.007 0.085 0.800 
 356 S _   0.005 0.093 0.000 0.010 0.003 0.007 0.086 0.795 
 357 L _   0.005 0.096 0.000 0.012 0.003 0.008 0.086 0.791 
 358 E _   0.005 0.099 0.000 0.012 0.003 0.008 0.086 0.787 
 359 D _   0.004 0.103 0.000 0.013 0.003 0.008 0.085 0.784 
 360 V _   0.004 0.106 0.000 0.012 0.003 0.008 0.085 0.781 
 361 T _   0.004 0.110 0.000 0.012 0.003 0.008 0.085 0.778 
 362 A _   0.004 0.114 0.000 0.012 0.003 0.009 0.084 0.773 
 363 S _   0.005 0.120 0.000 0.013 0.004 0.010 0.083 0.765 
 364 D _   0.005 0.129 0.001 0.015 0.004 0.011 0.083 0.752 
 365 K _   0.006 0.140 0.001 0.019 0.006 0.012 0.082 0.733 
 366 N _   0.006 0.155 0.001 0.025 0.007 0.014 0.081 0.710 
 367 Y _   0.007 0.171 0.001 0.032 0.009 0.015 0.081 0.684 
 368 V _   0.008 0.185 0.001 0.040 0.010 0.016 0.081 0.660 
 369 A _   0.008 0.194 0.001 0.046 0.011 0.016 0.082 0.643 
 370 G _   0.008 0.198 0.001 0.049 0.011 0.016 0.083 0.635 
 371 L _   0.008 0.196 0.001 0.048 0.010 0.015 0.085 0.635 
 372 I _   0.008 0.190 0.001 0.045 0.010 0.014 0.088 0.645 
 373 D _   0.008 0.176 0.001 0.038 0.008 0.013 0.092 0.665 
 374 Y _   0.007 0.154 0.001 0.029 0.007 0.011 0.096 0.694 
 375 D _   0.007 0.129 0.001 0.021 0.005 0.010 0.101 0.726 
 376 W _   0.007 0.105 0.001 0.015 0.004 0.009 0.106 0.755 
 377 C _   0.006 0.087 0.000 0.010 0.003 0.008 0.110 0.777 
 378 E _   0.005 0.076 0.000 0.007 0.002 0.007 0.113 0.790 
 379 D _   0.005 0.070 0.000 0.006 0.002 0.007 0.115 0.795 
 380 D _   0.005 0.068 0.000 0.005 0.002 0.007 0.117 0.795 
 381 L _   0.005 0.069 0.000 0.006 0.002 0.008 0.118 0.792 
 382 S _   0.006 0.072 0.000 0.008 0.003 0.009 0.118 0.785 
 383 T _   0.006 0.077 0.000 0.011 0.003 0.010 0.119 0.774 
 384 G _   0.006 0.085 0.000 0.013 0.004 0.011 0.119 0.761 
 385 A _   0.006 0.093 0.001 0.017 0.005 0.012 0.119 0.748 
 386 A _   0.007 0.101 0.001 0.019 0.005 0.012 0.119 0.736 
 387 T _   0.007 0.108 0.001 0.021 0.006 0.013 0.119 0.727 
 388 P _   0.007 0.113 0.001 0.022 0.006 0.013 0.119 0.719 
 389 R _   0.007 0.117 0.001 0.023 0.007 0.013 0.120 0.712 
 390 T _   0.007 0.120 0.001 0.024 0.007 0.013 0.122 0.707 
 391 S _   0.007 0.121 0.001 0.025 0.007 0.013 0.123 0.703 
 392 Q _   0.007 0.122 0.001 0.025 0.007 0.013 0.125 0.699 
 393 F _   0.007 0.120 0.001 0.026 0.007 0.013 0.128 0.698 
 394 T _   0.007 0.118 0.001 0.025 0.007 0.012 0.131 0.699 
 395 K _   0.007 0.113 0.001 0.024 0.006 0.012 0.135 0.703 
 396 Y _   0.007 0.106 0.001 0.021 0.006 0.011 0.139 0.710 
 397 W _   0.007 0.097 0.001 0.018 0.005 0.010 0.143 0.720 
 398 T _   0.006 0.087 0.001 0.014 0.004 0.009 0.147 0.732 
 399 E _   0.006 0.078 0.000 0.011 0.003 0.008 0.151 0.743 
 400 S _   0.005 0.070 0.000 0.008 0.003 0.007 0.155 0.751 
 401 N _   0.005 0.065 0.000 0.007 0.002 0.007 0.157 0.756 
 402 G _   0.005 0.063 0.000 0.006 0.002 0.007 0.159 0.758 
 403 V _   0.005 0.063 0.000 0.006 0.002 0.008 0.161 0.755 
 404 E _   0.005 0.066 0.000 0.007 0.003 0.009 0.162 0.747 
 405 S _   0.006 0.072 0.000 0.011 0.004 0.011 0.163 0.733 
 406 K _   0.007 0.083 0.001 0.016 0.005 0.013 0.163 0.712 
 407 S _   0.008 0.098 0.001 0.024 0.007 0.014 0.163 0.685 
 408 L _   0.008 0.115 0.001 0.033 0.009 0.016 0.163 0.655 
 409 T _   0.008 0.129 0.001 0.042 0.010 0.017 0.164 0.627 
 410 P _   0.009 0.139 0.001 0.050 0.011 0.017 0.166 0.607 
 411 A _   0.009 0.143 0.001 0.054 0.012 0.017 0.169 0.595 
 412 L _   0.009 0.143 0.001 0.054 0.011 0.016 0.174 0.592 
 413 C _   0.009 0.138 0.001 0.050 0.010 0.015 0.179 0.598 
 414 R _   0.008 0.127 0.001 0.043 0.009 0.014 0.186 0.612 
 415 T _   0.008 0.109 0.001 0.034 0.007 0.012 0.195 0.634 
 416 P _   0.008 0.086 0.001 0.025 0.006 0.010 0.204 0.661 
 417 A _   0.007 0.063 0.001 0.017 0.004 0.009 0.213 0.686 
 418 N _   0.007 0.044 0.000 0.012 0.003 0.008 0.220 0.706 
 419 K _   0.006 0.031 0.000 0.008 0.002 0.007 0.227 0.719 
 420 L _   0.006 0.024 0.000 0.006 0.002 0.006 0.231 0.726 
 421 K _   0.005 0.020 0.000 0.005 0.001 0.005 0.235 0.728 
 422 N _   0.005 0.018 0.000 0.004 0.001 0.005 0.237 0.729 
 423 K _   0.005 0.017 0.000 0.005 0.001 0.005 0.239 0.727 
 424 E _   0.005 0.018 0.000 0.005 0.002 0.006 0.239 0.726 
 425 N _   0.005 0.019 0.000 0.006 0.002 0.006 0.239 0.723 
 426 V _   0.005 0.020 0.000 0.007 0.002 0.006 0.239 0.721 
 427 Y _   0.005 0.023 0.000 0.007 0.002 0.007 0.237 0.719 
 428 T _   0.005 0.026 0.000 0.008 0.002 0.007 0.236 0.717 
 429 P _   0.004 0.030 0.000 0.008 0.002 0.008 0.234 0.713 
 430 K _   0.005 0.035 0.000 0.009 0.003 0.009 0.231 0.709 
 431 S _   0.005 0.042 0.000 0.011 0.003 0.010 0.228 0.701 
 432 A _   0.005 0.051 0.000 0.014 0.004 0.011 0.224 0.690 
 433 V _   0.006 0.064 0.001 0.018 0.005 0.013 0.220 0.674 
 434 K _   0.006 0.081 0.001 0.023 0.007 0.014 0.216 0.652 
 435 N _   0.007 0.098 0.001 0.030 0.008 0.016 0.212 0.627 
 436 E _   0.008 0.115 0.001 0.038 0.010 0.016 0.209 0.603 
 437 E _   0.008 0.127 0.001 0.045 0.011 0.017 0.206 0.585 
 438 Y _   0.008 0.133 0.001 0.050 0.011 0.017 0.205 0.575 
 439 F _   0.008 0.135 0.001 0.051 0.011 0.016 0.205 0.572 
 440 M _   0.008 0.133 0.001 0.049 0.010 0.015 0.207 0.577 
 441 F _   0.008 0.125 0.001 0.044 0.009 0.014 0.209 0.591 
 442 P _   0.008 0.112 0.001 0.036 0.008 0.012 0.213 0.612 
 443 E _   0.007 0.092 0.001 0.027 0.006 0.010 0.217 0.639 
 444 P _   0.007 0.069 0.001 0.019 0.005 0.009 0.221 0.670 
 445 K _   0.007 0.047 0.000 0.012 0.003 0.007 0.225 0.698 
 446 T _   0.006 0.032 0.000 0.007 0.002 0.006 0.228 0.718 
 447 P _   0.005 0.023 0.000 0.005 0.002 0.005 0.230 0.731 
 448 V _   0.004 0.018 0.000 0.003 0.001 0.005 0.230 0.738 
 449 N _   0.004 0.017 0.000 0.003 0.001 0.005 0.229 0.740 
 450 K _   0.004 0.017 0.000 0.004 0.001 0.006 0.228 0.740 
 451 N _   0.005 0.019 0.000 0.005 0.002 0.007 0.226 0.735 
 452 Q _   0.006 0.024 0.000 0.009 0.003 0.009 0.222 0.727 
 453 H _   0.006 0.033 0.000 0.014 0.004 0.011 0.218 0.714 
 454 K _   0.007 0.045 0.001 0.021 0.006 0.013 0.213 0.696 
 455 R _   0.007 0.057 0.001 0.028 0.007 0.014 0.208 0.678 
 456 E _   0.007 0.066 0.001 0.035 0.008 0.015 0.204 0.664 
 457 I _   0.007 0.073 0.001 0.039 0.009 0.015 0.201 0.656 
 458 L _   0.007 0.076 0.001 0.041 0.009 0.014 0.199 0.653 
 459 T _   0.007 0.076 0.001 0.040 0.008 0.014 0.198 0.656 
 460 T _   0.007 0.073 0.001 0.037 0.008 0.013 0.198 0.664 
 461 P _   0.007 0.067 0.001 0.031 0.007 0.012 0.198 0.677 
 462 N _   0.007 0.058 0.001 0.025 0.006 0.010 0.199 0.694 
 463 R _   0.007 0.047 0.001 0.019 0.005 0.009 0.201 0.712 
 464 Y _   0.006 0.036 0.000 0.014 0.004 0.008 0.202 0.729 
 465 T _   0.006 0.027 0.000 0.010 0.003 0.007 0.203 0.744 
 466 T _   0.005 0.021 0.000 0.007 0.002 0.006 0.203 0.755 
 467 P _   0.005 0.017 0.000 0.005 0.002 0.006 0.203 0.762 
 468 S _   0.004 0.015 0.000 0.004 0.002 0.006 0.201 0.767 
 469 K _   0.004 0.014 0.000 0.004 0.002 0.006 0.199 0.770 
 470 A _   0.004 0.015 0.000 0.005 0.002 0.006 0.197 0.770 
 471 R _   0.005 0.017 0.000 0.007 0.002 0.007 0.193 0.768 
 472 N _   0.005 0.020 0.000 0.009 0.003 0.009 0.189 0.764 
 473 Q _   0.006 0.025 0.001 0.013 0.004 0.010 0.184 0.757 
 474 C _   0.006 0.032 0.001 0.017 0.005 0.011 0.180 0.748 
 475 L _   0.007 0.038 0.001 0.022 0.007 0.013 0.175 0.739 
 476 K _   0.007 0.043 0.001 0.025 0.007 0.013 0.171 0.733 
 477 E _   0.007 0.046 0.001 0.027 0.008 0.013 0.167 0.730 
 478 T _   0.007 0.048 0.001 0.027 0.008 0.013 0.164 0.732 
 479 P _   0.007 0.048 0.001 0.025 0.007 0.013 0.162 0.736 
 480 I _   0.007 0.047 0.001 0.022 0.006 0.012 0.161 0.743 
 481 K _   0.007 0.045 0.001 0.018 0.006 0.012 0.159 0.752 
 482 I _   0.007 0.042 0.001 0.014 0.005 0.011 0.158 0.762 
 483 P _   0.007 0.039 0.000 0.011 0.004 0.011 0.157 0.771 
 484 V _   0.007 0.037 0.000 0.008 0.003 0.011 0.156 0.777 
 485 N _   0.007 0.036 0.000 0.007 0.003 0.011 0.154 0.781 
 486 S _   0.008 0.037 0.000 0.006 0.003 0.012 0.152 0.782 
 487 T _   0.009 0.040 0.000 0.007 0.004 0.014 0.149 0.778 
 488 G _   0.010 0.046 0.001 0.009 0.005 0.016 0.146 0.767 
 489 T _   0.011 0.058 0.001 0.012 0.007 0.018 0.143 0.750 
 490 D _   0.013 0.077 0.001 0.016 0.010 0.021 0.138 0.724 
 491 K _   0.014 0.102 0.001 0.022 0.012 0.023 0.134 0.692 
 492 L _   0.014 0.128 0.001 0.028 0.014 0.024 0.130 0.660 
 493 M _   0.014 0.151 0.001 0.033 0.015 0.024 0.126 0.635 
 494 T _   0.014 0.167 0.001 0.036 0.016 0.024 0.123 0.618 
 495 G _   0.014 0.178 0.001 0.038 0.016 0.024 0.121 0.609 
 496 V _   0.014 0.184 0.001 0.037 0.015 0.023 0.120 0.606 
 497 I _   0.014 0.186 0.001 0.035 0.014 0.022 0.119 0.609 
 498 S _   0.014 0.184 0.001 0.032 0.013 0.021 0.119 0.615 
 499 P _   0.014 0.180 0.001 0.029 0.012 0.020 0.119 0.625 
 500 E _   0.014 0.173 0.001 0.025 0.011 0.019 0.120 0.637 
 501 R _   0.013 0.165 0.001 0.022 0.010 0.018 0.121 0.649 
 502 R _   0.013 0.156 0.001 0.020 0.008 0.017 0.123 0.662 
 503 C _   0.012 0.147 0.001 0.018 0.007 0.016 0.125 0.674 
 504 R _   0.011 0.139 0.001 0.017 0.007 0.015 0.126 0.684 
 505 S _   0.011 0.132 0.001 0.016 0.006 0.014 0.128 0.693 
 506 V _   0.010 0.125 0.001 0.016 0.006 0.013 0.130 0.700 
 507 E _   0.010 0.118 0.001 0.016 0.005 0.012 0.132 0.707 
 508 L _   0.010 0.111 0.001 0.016 0.005 0.011 0.133 0.714 
 509 D _   0.009 0.103 0.001 0.015 0.005 0.011 0.135 0.721 
 510 L _   0.009 0.096 0.001 0.015 0.004 0.010 0.137 0.729 
 511 N _   0.008 0.087 0.001 0.014 0.004 0.009 0.139 0.738 
 512 Q _   0.008 0.079 0.000 0.013 0.004 0.009 0.141 0.747 
 513 A _   0.007 0.070 0.000 0.011 0.003 0.008 0.143 0.757 
 514 H _   0.007 0.063 0.000 0.009 0.003 0.007 0.144 0.767 
 515 M _   0.006 0.057 0.000 0.007 0.002 0.007 0.145 0.775 
 516 E _   0.006 0.053 0.000 0.006 0.002 0.006 0.146 0.782 
 517 E _   0.005 0.051 0.000 0.005 0.002 0.006 0.145 0.786 
 518 T _   0.005 0.050 0.000 0.005 0.002 0.006 0.144 0.788 
 519 P _   0.005 0.052 0.000 0.005 0.002 0.007 0.143 0.787 
 520 K _   0.005 0.057 0.000 0.006 0.002 0.008 0.140 0.781 
 521 R _   0.005 0.067 0.000 0.008 0.003 0.009 0.137 0.769 
 522 K _   0.006 0.086 0.001 0.012 0.004 0.011 0.132 0.747 
 523 G _   0.007 0.116 0.001 0.016 0.006 0.013 0.127 0.714 
 524 A _   0.007 0.155 0.001 0.021 0.007 0.015 0.121 0.673 
 525 K _   0.007 0.197 0.001 0.025 0.008 0.016 0.115 0.631 
 526 V _   0.007 0.235 0.001 0.027 0.009 0.016 0.110 0.594 
 527 F _   0.007 0.266 0.001 0.028 0.009 0.016 0.106 0.567 
 528 G _   0.007 0.290 0.001 0.028 0.009 0.017 0.102 0.546 
 529 S _   0.007 0.307 0.001 0.026 0.009 0.017 0.100 0.533 
 530 L _   0.008 0.320 0.001 0.025 0.009 0.018 0.098 0.522 
 531 E _   0.008 0.330 0.001 0.024 0.010 0.018 0.096 0.513 
 532 R _   0.009 0.339 0.001 0.023 0.010 0.019 0.095 0.504 
 533 G _   0.010 0.347 0.001 0.023 0.011 0.020 0.094 0.493 
 534 L _   0.011 0.356 0.001 0.024 0.011 0.020 0.094 0.482 
 535 D _   0.012 0.363 0.001 0.027 0.012 0.021 0.094 0.470 
 536 K _   0.013 0.370 0.001 0.030 0.013 0.021 0.094 0.458 
 537 V _   0.014 0.375 0.001 0.034 0.013 0.020 0.094 0.448 
 538 I _   0.014 0.375 0.001 0.037 0.013 0.020 0.095 0.444 
 539 T _   0.014 0.371 0.001 0.039 0.013 0.019 0.097 0.446 
 540 V _   0.014 0.360 0.001 0.040 0.012 0.018 0.100 0.456 
 541 L _   0.013 0.340 0.001 0.039 0.012 0.016 0.103 0.476 
 542 T _   0.013 0.306 0.001 0.036 0.011 0.015 0.108 0.510 
 543 R _   0.013 0.259 0.001 0.031 0.010 0.014 0.114 0.558 
 544 S _   0.012 0.202 0.001 0.025 0.008 0.013 0.121 0.618 
 545 K _   0.011 0.145 0.001 0.018 0.006 0.011 0.127 0.679 
 546 R _   0.010 0.101 0.001 0.013 0.004 0.010 0.133 0.728 
 547 K _   0.008 0.073 0.000 0.009 0.003 0.008 0.137 0.761 
 548 G _   0.007 0.057 0.000 0.006 0.002 0.007 0.140 0.781 
 549 S _   0.006 0.049 0.000 0.005 0.002 0.006 0.141 0.791 
 550 A _   0.005 0.046 0.000 0.004 0.002 0.006 0.142 0.795 
 551 R _   0.005 0.045 0.000 0.005 0.002 0.007 0.142 0.796 
 552 D _   0.005 0.046 0.000 0.006 0.002 0.007 0.141 0.794 
 553 G _   0.005 0.049 0.000 0.008 0.002 0.008 0.139 0.788 
 554 P _   0.005 0.055 0.000 0.010 0.003 0.009 0.138 0.780 
 555 R _   0.006 0.062 0.000 0.013 0.004 0.011 0.135 0.769 
 556 R _   0.006 0.071 0.001 0.017 0.005 0.012 0.133 0.756 
 557 L _   0.006 0.079 0.001 0.021 0.006 0.013 0.130 0.743 
 558 K _   0.006 0.087 0.001 0.025 0.007 0.014 0.128 0.731 
 559 L _   0.007 0.093 0.001 0.028 0.008 0.015 0.127 0.721 
 560 H _   0.007 0.098 0.001 0.031 0.009 0.016 0.126 0.714 
 561 Y _   0.007 0.100 0.001 0.032 0.009 0.016 0.125 0.709 
 562 N _   0.008 0.100 0.001 0.033 0.010 0.017 0.125 0.707 
 563 V _   0.008 0.098 0.001 0.032 0.010 0.017 0.126 0.709 
 564 T _   0.009 0.093 0.001 0.029 0.009 0.016 0.127 0.715 
 565 T _   0.009 0.086 0.001 0.026 0.008 0.016 0.129 0.726 
 566 T _   0.009 0.076 0.001 0.021 0.007 0.015 0.131 0.740 
 567 R _   0.009 0.065 0.001 0.016 0.006 0.015 0.133 0.755 
 568 L _   0.009 0.055 0.001 0.012 0.005 0.015 0.134 0.769 
 569 V _   0.009 0.047 0.001 0.009 0.005 0.015 0.136 0.779 
 570 N _   0.010 0.042 0.000 0.007 0.004 0.016 0.137 0.782 
 571 P _   0.012 0.040 0.001 0.007 0.005 0.018 0.138 0.780 
 572 D _   0.014 0.040 0.001 0.008 0.006 0.020 0.139 0.772 
 573 Q _   0.018 0.043 0.001 0.010 0.008 0.023 0.139 0.758 
 574 L _   0.021 0.049 0.001 0.015 0.011 0.026 0.140 0.737 
 575 L _   0.024 0.056 0.001 0.022 0.015 0.029 0.141 0.712 
 576 N _   0.026 0.064 0.001 0.030 0.018 0.031 0.141 0.689 
 577 E _   0.027 0.069 0.001 0.036 0.020 0.031 0.143 0.672 
 578 I _   0.028 0.072 0.001 0.040 0.020 0.031 0.145 0.662 
 579 M _   0.028 0.072 0.001 0.040 0.020 0.029 0.148 0.661 
 580 S _   0.027 0.068 0.001 0.037 0.018 0.027 0.152 0.669 
 581 I _   0.026 0.061 0.001 0.031 0.015 0.025 0.156 0.685 
 582 L _   0.023 0.050 0.001 0.024 0.012 0.022 0.161 0.707 
 583 P _   0.021 0.038 0.001 0.017 0.009 0.019 0.166 0.729 
 584 K _   0.018 0.027 0.001 0.012 0.007 0.017 0.170 0.748 
 585 K _   0.016 0.020 0.001 0.008 0.005 0.015 0.174 0.761 
 586 H _   0.015 0.015 0.000 0.006 0.004 0.014 0.178 0.768 
 587 V _   0.014 0.013 0.000 0.006 0.004 0.013 0.181 0.769 
 588 D _   0.013 0.013 0.000 0.007 0.004 0.013 0.184 0.767 
 589 F _   0.013 0.013 0.001 0.009 0.004 0.013 0.186 0.761 
 590 V _   0.013 0.014 0.001 0.011 0.005 0.014 0.189 0.754 
 591 Q _   0.012 0.015 0.001 0.014 0.006 0.014 0.191 0.747 
 592 K _   0.012 0.016 0.001 0.017 0.006 0.014 0.194 0.741 
 593 G _   0.011 0.016 0.001 0.018 0.007 0.013 0.197 0.738 
 594 Y _   0.010 0.015 0.001 0.018 0.006 0.012 0.200 0.737 
 595 T _   0.009 0.014 0.001 0.016 0.005 0.011 0.204 0.740 
 596 L _   0.008 0.012 0.001 0.013 0.005 0.010 0.207 0.743 
 597 K _   0.008 0.010 0.000 0.010 0.004 0.009 0.211 0.748 
 598 C _   0.007 0.008 0.000 0.008 0.003 0.009 0.214 0.751 
 599 Q _   0.007 0.006 0.000 0.005 0.002 0.008 0.217 0.754 
 600 T _   0.006 0.005 0.000 0.004 0.002 0.008 0.220 0.754 
 601 Q _   0.007 0.005 0.000 0.003 0.002 0.009 0.222 0.752 
 602 S _   0.008 0.005 0.000 0.003 0.002 0.011 0.223 0.747 
 603 D _   0.010 0.007 0.000 0.004 0.003 0.013 0.225 0.738 
 604 F _   0.013 0.010 0.001 0.006 0.005 0.017 0.225 0.723 
 605 G _   0.016 0.018 0.001 0.010 0.008 0.022 0.226 0.700 
 606 K _   0.020 0.031 0.001 0.015 0.012 0.027 0.226 0.668 
 607 V _   0.023 0.050 0.001 0.022 0.016 0.031 0.226 0.629 
 608 T _   0.026 0.070 0.002 0.031 0.021 0.034 0.227 0.589 
 609 M _   0.028 0.087 0.002 0.038 0.024 0.036 0.228 0.557 
 610 Q _   0.029 0.098 0.002 0.044 0.026 0.037 0.231 0.534 
 611 F _   0.029 0.105 0.002 0.047 0.026 0.036 0.235 0.520 
 612 E _   0.029 0.107 0.002 0.047 0.025 0.034 0.240 0.516 
 613 L _   0.028 0.105 0.002 0.045 0.023 0.032 0.246 0.520 
 614 E _   0.026 0.100 0.002 0.039 0.020 0.029 0.254 0.531 
 615 V _   0.024 0.090 0.001 0.033 0.017 0.026 0.263 0.547 
 616 C _   0.022 0.078 0.001 0.026 0.013 0.022 0.272 0.566 
 617 Q _   0.020 0.063 0.001 0.019 0.010 0.019 0.282 0.585 
 618 L _   0.017 0.050 0.001 0.014 0.008 0.017 0.292 0.602 
 619 Q _   0.015 0.039 0.001 0.010 0.006 0.014 0.300 0.614 
 620 K _   0.013 0.031 0.001 0.008 0.005 0.013 0.308 0.621 
 621 P _   0.011 0.027 0.000 0.007 0.004 0.011 0.315 0.624 
 622 D _   0.010 0.024 0.000 0.007 0.003 0.011 0.321 0.623 
 623 V _   0.010 0.023 0.000 0.007 0.003 0.010 0.327 0.619 
 624 V _   0.009 0.023 0.000 0.008 0.004 0.010 0.333 0.614 
 625 G _   0.009 0.023 0.000 0.008 0.004 0.010 0.338 0.608 
 626 I _   0.008 0.023 0.000 0.009 0.004 0.010 0.343 0.603 
 627 R _   0.008 0.023 0.000 0.009 0.004 0.010 0.348 0.598 
 628 R _   0.007 0.023 0.000 0.009 0.004 0.010 0.353 0.594 
 629 Q _   0.007 0.023 0.000 0.008 0.003 0.010 0.358 0.591 
 630 R _   0.006 0.023 0.000 0.007 0.003 0.010 0.362 0.588 
 631 L _   0.006 0.024 0.000 0.006 0.003 0.011 0.366 0.583 
 632 K _   0.007 0.026 0.000 0.006 0.003 0.012 0.370 0.576 
 633 G _   0.008 0.029 0.000 0.007 0.004 0.014 0.373 0.565 
 634 D _   0.010 0.035 0.001 0.008 0.005 0.016 0.376 0.549 
 635 A _   0.012 0.046 0.001 0.010 0.007 0.019 0.379 0.526 
 636 W _   0.014 0.061 0.001 0.014 0.009 0.022 0.383 0.496 
 637 V _   0.016 0.081 0.001 0.018 0.013 0.026 0.386 0.459 
 638 Y _   0.018 0.104 0.001 0.024 0.016 0.028 0.390 0.419 
 639 K X   0.020 0.127 0.001 0.029 0.019 0.030 0.394 0.380 
 640 R X   0.021 0.146 0.001 0.034 0.020 0.031 0.400 0.346 
 641 L X   0.021 0.161 0.001 0.037 0.021 0.031 0.408 0.319 
 642 V X   0.021 0.170 0.001 0.040 0.021 0.029 0.417 0.300 
 643 E X   0.020 0.175 0.001 0.040 0.020 0.027 0.428 0.289 
 644 D X   0.017 0.175 0.001 0.039 0.018 0.024 0.441 0.285 
 645 I X   0.014 0.173 0.001 0.036 0.015 0.020 0.456 0.286 
 646 L X   0.011 0.165 0.001 0.031 0.011 0.014 0.473 0.294 
 647 S X   0.007 0.150 0.001 0.024 0.006 0.009 0.494 0.310 
 648 S X   0.003 0.123 0.000 0.014 0.002 0.004 0.513 0.340 
 649 C X   0.001 0.096 0.000 0.008 0.001 0.001 0.521 0.372 
 650 K X   0.001 0.081 0.000 0.007 0.000 0.001 0.521 0.389 
 651 V X   0.003 0.073 0.001 0.013 0.004 0.004 0.511 0.390 
