#TopoPred_TM8: 8-state transmembrane topology prediction results by no_profile mode 
#probabilities are in the order of H E C I L F X _, the 8 transmembrane topology types used in PDBTM 
   1 M X   0.009 0.001 0.002 0.061 0.009 0.009 0.808 0.101 
   2 E X   0.004 0.000 0.000 0.039 0.002 0.005 0.836 0.114 
   3 T X   0.002 0.000 0.000 0.023 0.001 0.003 0.844 0.126 
   4 V X   0.001 0.000 0.000 0.015 0.001 0.003 0.845 0.135 
   5 I X   0.001 0.000 0.000 0.011 0.001 0.003 0.842 0.142 
   6 S X   0.002 0.000 0.000 0.007 0.001 0.003 0.837 0.149 
   7 S X   0.002 0.000 0.000 0.005 0.001 0.003 0.832 0.156 
   8 D X   0.002 0.000 0.000 0.005 0.001 0.003 0.826 0.164 
   9 S X   0.002 0.000 0.000 0.004 0.001 0.003 0.818 0.171 
  10 S X   0.002 0.001 0.000 0.005 0.001 0.003 0.809 0.180 
  11 P X   0.002 0.001 0.000 0.006 0.001 0.004 0.798 0.189 
  12 A X   0.002 0.001 0.000 0.007 0.001 0.004 0.786 0.199 
  13 V X   0.002 0.002 0.000 0.008 0.002 0.004 0.773 0.209 
  14 E X   0.002 0.002 0.000 0.009 0.002 0.005 0.759 0.220 
  15 N X   0.002 0.003 0.000 0.010 0.002 0.005 0.746 0.232 
  16 E X   0.002 0.003 0.000 0.010 0.002 0.005 0.732 0.246 
  17 H X   0.002 0.003 0.000 0.009 0.002 0.005 0.718 0.260 
  18 P X   0.002 0.004 0.000 0.008 0.002 0.004 0.704 0.276 
  19 Q X   0.002 0.004 0.000 0.007 0.002 0.004 0.689 0.292 
  20 E X   0.002 0.004 0.000 0.006 0.002 0.004 0.673 0.308 
  21 T X   0.002 0.005 0.000 0.006 0.002 0.005 0.656 0.325 
  22 P X   0.002 0.006 0.000 0.006 0.002 0.005 0.636 0.343 
  23 E X   0.003 0.008 0.000 0.007 0.002 0.006 0.614 0.360 
  24 S X   0.003 0.012 0.000 0.009 0.003 0.008 0.588 0.376 
  25 N X   0.004 0.019 0.001 0.014 0.004 0.011 0.558 0.389 
  26 N X   0.005 0.031 0.001 0.022 0.007 0.014 0.522 0.398 
  27 S X   0.006 0.049 0.001 0.032 0.009 0.018 0.482 0.403 
  28 V X   0.006 0.068 0.001 0.045 0.012 0.020 0.442 0.405 
  29 Y _   0.007 0.085 0.002 0.056 0.014 0.022 0.406 0.408 
  30 T _   0.007 0.097 0.002 0.065 0.016 0.023 0.375 0.416 
  31 S _   0.007 0.103 0.001 0.069 0.016 0.024 0.350 0.430 
  32 F _   0.007 0.106 0.001 0.068 0.016 0.023 0.329 0.450 
  33 M _   0.007 0.104 0.001 0.062 0.015 0.022 0.312 0.475 
  34 K _   0.008 0.099 0.001 0.054 0.013 0.021 0.298 0.506 
  35 S _   0.007 0.089 0.001 0.044 0.012 0.019 0.286 0.542 
  36 H _   0.008 0.076 0.001 0.034 0.010 0.018 0.276 0.579 
  37 R _   0.008 0.060 0.001 0.025 0.008 0.017 0.267 0.615 
  38 C _   0.008 0.046 0.001 0.018 0.007 0.016 0.258 0.647 
  39 Y _   0.008 0.035 0.001 0.014 0.005 0.015 0.249 0.673 
  40 D _   0.008 0.027 0.001 0.011 0.005 0.015 0.241 0.693 
  41 L _   0.009 0.021 0.001 0.009 0.005 0.015 0.232 0.708 
  42 I _   0.010 0.018 0.001 0.009 0.005 0.016 0.223 0.719 
  43 P _   0.011 0.016 0.001 0.010 0.006 0.018 0.213 0.726 
  44 T _   0.013 0.014 0.001 0.011 0.007 0.020 0.203 0.732 
  45 S _   0.016 0.014 0.001 0.013 0.008 0.022 0.193 0.734 
  46 S _   0.019 0.013 0.001 0.015 0.010 0.024 0.183 0.736 
  47 K _   0.023 0.013 0.001 0.017 0.011 0.026 0.173 0.735 
  48 L _   0.027 0.012 0.001 0.019 0.013 0.028 0.164 0.736 
  49 V _   0.033 0.011 0.001 0.019 0.013 0.029 0.155 0.738 
  50 V _   0.041 0.009 0.001 0.018 0.014 0.030 0.146 0.740 
  51 F _   0.050 0.007 0.001 0.016 0.013 0.031 0.138 0.744 
  52 D _   0.062 0.005 0.001 0.013 0.012 0.031 0.130 0.747 
  53 T _   0.078 0.003 0.001 0.009 0.011 0.031 0.121 0.746 
  54 S _   0.098 0.001 0.001 0.006 0.010 0.032 0.113 0.739 
  55 L _   0.123 0.000 0.001 0.004 0.010 0.033 0.105 0.723 
  56 Q _   0.155 0.000 0.001 0.003 0.011 0.035 0.097 0.699 
  57 V _   0.195 0.000 0.001 0.002 0.012 0.037 0.089 0.663 
  58 K _   0.242 0.000 0.001 0.002 0.016 0.040 0.082 0.617 
  59 K _   0.293 0.000 0.001 0.003 0.020 0.043 0.075 0.564 
  60 A _   0.342 0.000 0.002 0.003 0.026 0.046 0.070 0.511 
  61 F _   0.385 0.000 0.002 0.004 0.032 0.048 0.065 0.463 
  62 F _   0.418 0.001 0.002 0.006 0.039 0.049 0.062 0.423 
  63 A H   0.439 0.002 0.002 0.008 0.043 0.049 0.059 0.397 
  64 L H   0.450 0.004 0.002 0.010 0.046 0.048 0.058 0.383 
  65 V H   0.447 0.005 0.002 0.012 0.046 0.046 0.057 0.384 
  66 T H   0.432 0.006 0.002 0.015 0.045 0.044 0.057 0.400 
  67 N _   0.404 0.006 0.002 0.017 0.041 0.040 0.057 0.431 
  68 G _   0.366 0.006 0.002 0.018 0.035 0.036 0.058 0.479 
  69 V _   0.318 0.005 0.002 0.016 0.028 0.032 0.059 0.539 
  70 R _   0.264 0.004 0.002 0.014 0.020 0.027 0.060 0.608 
  71 A _   0.207 0.003 0.001 0.011 0.013 0.022 0.062 0.682 
  72 A _   0.152 0.001 0.001 0.007 0.008 0.017 0.063 0.751 
  73 P _   0.106 0.001 0.001 0.004 0.005 0.013 0.063 0.808 
  74 L _   0.073 0.000 0.000 0.003 0.003 0.010 0.062 0.849 
  75 W _   0.052 0.000 0.000 0.002 0.002 0.008 0.061 0.874 
  76 D _   0.043 0.000 0.000 0.001 0.002 0.008 0.060 0.886 
  77 S _   0.043 0.000 0.000 0.001 0.002 0.009 0.058 0.888 
  78 K _   0.052 0.000 0.000 0.001 0.002 0.011 0.056 0.877 
  79 K _   0.075 0.000 0.000 0.001 0.003 0.016 0.053 0.851 
  80 Q _   0.112 0.000 0.001 0.002 0.006 0.023 0.049 0.807 
  81 S _   0.165 0.000 0.001 0.003 0.011 0.031 0.045 0.744 
  82 F _   0.228 0.000 0.001 0.004 0.020 0.041 0.040 0.666 
  83 V _   0.290 0.001 0.002 0.006 0.030 0.050 0.036 0.586 
  84 G _   0.347 0.001 0.002 0.008 0.041 0.056 0.032 0.513 
  85 M _   0.393 0.002 0.002 0.009 0.050 0.061 0.029 0.453 
  86 L H   0.427 0.002 0.003 0.010 0.057 0.062 0.027 0.411 
  87 T H   0.451 0.002 0.003 0.010 0.061 0.062 0.026 0.384 
  88 I H   0.463 0.003 0.003 0.010 0.062 0.061 0.025 0.375 
  89 T H   0.463 0.002 0.003 0.010 0.060 0.058 0.024 0.380 
  90 D H   0.453 0.002 0.003 0.010 0.055 0.055 0.024 0.398 
  91 F H   0.432 0.002 0.002 0.009 0.049 0.051 0.025 0.430 
  92 I _   0.401 0.002 0.002 0.009 0.041 0.047 0.026 0.473 
  93 N _   0.363 0.001 0.002 0.008 0.033 0.043 0.027 0.524 
  94 I _   0.317 0.001 0.002 0.007 0.025 0.038 0.028 0.582 
  95 L _   0.269 0.000 0.001 0.006 0.019 0.035 0.029 0.641 
  96 H _   0.221 0.000 0.001 0.005 0.014 0.032 0.030 0.697 
  97 R _   0.177 0.000 0.001 0.004 0.011 0.029 0.031 0.746 
  98 Y _   0.141 0.000 0.001 0.004 0.009 0.027 0.032 0.785 
  99 Y _   0.113 0.000 0.001 0.004 0.009 0.027 0.033 0.814 
 100 K _   0.091 0.001 0.001 0.006 0.009 0.026 0.033 0.834 
 101 S _   0.076 0.001 0.001 0.008 0.009 0.026 0.034 0.845 
 102 A _   0.065 0.003 0.001 0.011 0.010 0.027 0.034 0.850 
 103 L _   0.056 0.004 0.001 0.014 0.012 0.026 0.035 0.852 
 104 V _   0.048 0.006 0.001 0.018 0.012 0.026 0.035 0.853 
 105 Q _   0.042 0.007 0.001 0.020 0.013 0.025 0.035 0.856 
 106 I _   0.036 0.008 0.001 0.021 0.012 0.023 0.036 0.863 
 107 Y _   0.032 0.007 0.001 0.019 0.011 0.022 0.036 0.872 
 108 E _   0.027 0.007 0.001 0.016 0.009 0.020 0.037 0.883 
 109 L _   0.023 0.006 0.001 0.013 0.008 0.018 0.038 0.894 
 110 E _   0.020 0.005 0.001 0.010 0.006 0.017 0.038 0.904 
 111 E _   0.018 0.004 0.001 0.008 0.005 0.016 0.038 0.911 
 112 H _   0.017 0.003 0.000 0.006 0.005 0.015 0.039 0.915 
 113 K _   0.017 0.003 0.000 0.006 0.005 0.015 0.039 0.915 
 114 I _   0.017 0.003 0.001 0.007 0.005 0.015 0.039 0.913 
 115 E _   0.017 0.004 0.001 0.008 0.006 0.016 0.039 0.909 
 116 T _   0.018 0.005 0.001 0.010 0.006 0.017 0.039 0.904 
 117 W _   0.018 0.006 0.001 0.013 0.007 0.018 0.039 0.899 
 118 R _   0.018 0.006 0.001 0.014 0.008 0.018 0.039 0.895 
 119 E _   0.018 0.007 0.001 0.015 0.008 0.018 0.040 0.894 
 120 V _   0.017 0.007 0.001 0.015 0.008 0.018 0.040 0.895 
 121 Y _   0.017 0.007 0.001 0.014 0.008 0.018 0.040 0.897 
 122 L _   0.016 0.006 0.001 0.012 0.007 0.017 0.040 0.900 
 123 Q _   0.016 0.005 0.001 0.011 0.007 0.017 0.040 0.903 
 124 D _   0.016 0.005 0.001 0.010 0.006 0.017 0.040 0.905 
 125 S _   0.016 0.004 0.001 0.009 0.006 0.018 0.040 0.906 
 126 F _   0.016 0.004 0.001 0.009 0.006 0.018 0.040 0.905 
 127 K _   0.017 0.004 0.001 0.009 0.007 0.019 0.040 0.903 
 128 P _   0.018 0.004 0.001 0.010 0.007 0.020 0.040 0.900 
 129 L _   0.019 0.005 0.001 0.010 0.007 0.021 0.041 0.897 
 130 V _   0.021 0.005 0.001 0.010 0.008 0.022 0.040 0.894 
 131 C _   0.022 0.005 0.001 0.010 0.008 0.023 0.040 0.891 
 132 I _   0.024 0.005 0.001 0.009 0.008 0.025 0.040 0.888 
 133 S _   0.027 0.005 0.001 0.009 0.009 0.027 0.040 0.883 
 134 P _   0.031 0.006 0.001 0.009 0.010 0.030 0.040 0.875 
 135 N _   0.036 0.007 0.001 0.009 0.011 0.033 0.039 0.864 
 136 A _   0.042 0.008 0.001 0.009 0.013 0.036 0.039 0.850 
 137 S _   0.049 0.011 0.001 0.010 0.016 0.040 0.039 0.834 
 138 L _   0.055 0.014 0.001 0.012 0.019 0.043 0.039 0.816 
 139 F _   0.062 0.019 0.001 0.015 0.023 0.046 0.039 0.796 
 140 D _   0.067 0.024 0.002 0.019 0.026 0.048 0.039 0.777 
 141 A _   0.070 0.030 0.002 0.022 0.028 0.049 0.039 0.761 
 142 V _   0.072 0.034 0.002 0.025 0.029 0.048 0.039 0.750 
 143 S _   0.071 0.038 0.002 0.027 0.029 0.047 0.040 0.745 
 144 S _   0.069 0.039 0.002 0.028 0.029 0.045 0.041 0.746 
 145 L _   0.066 0.040 0.002 0.029 0.027 0.043 0.042 0.752 
 146 I _   0.062 0.039 0.002 0.028 0.024 0.039 0.044 0.762 
 147 R _   0.056 0.037 0.001 0.027 0.021 0.036 0.045 0.777 
 148 N _   0.049 0.034 0.001 0.025 0.018 0.032 0.047 0.794 
 149 K _   0.042 0.030 0.001 0.023 0.015 0.028 0.049 0.812 
 150 I _   0.035 0.025 0.001 0.020 0.012 0.024 0.051 0.831 
 151 H _   0.029 0.020 0.001 0.017 0.009 0.020 0.053 0.850 
 152 R _   0.024 0.015 0.001 0.014 0.007 0.017 0.055 0.868 
 153 L _   0.019 0.010 0.001 0.011 0.005 0.014 0.057 0.884 
 154 P _   0.015 0.006 0.000 0.008 0.004 0.011 0.058 0.897 
 155 V _   0.012 0.004 0.000 0.006 0.003 0.010 0.059 0.907 
 156 I _   0.010 0.002 0.000 0.004 0.002 0.009 0.060 0.913 
 157 D _   0.008 0.002 0.000 0.003 0.002 0.008 0.060 0.917 
 158 P _   0.008 0.001 0.000 0.003 0.002 0.009 0.060 0.917 
 159 E _   0.009 0.001 0.000 0.003 0.002 0.010 0.059 0.915 
 160 S _   0.010 0.002 0.000 0.004 0.003 0.013 0.059 0.910 
 161 G _   0.012 0.003 0.000 0.005 0.004 0.016 0.058 0.901 
 162 N _   0.015 0.006 0.001 0.008 0.006 0.021 0.057 0.887 
 163 T _   0.019 0.010 0.001 0.012 0.009 0.026 0.055 0.869 
 164 L _   0.024 0.015 0.001 0.016 0.012 0.031 0.054 0.849 
 165 Y _   0.028 0.020 0.001 0.019 0.014 0.036 0.052 0.829 
 166 I _   0.032 0.024 0.001 0.021 0.017 0.041 0.051 0.812 
 167 L _   0.036 0.028 0.001 0.022 0.020 0.044 0.050 0.799 
 168 T _   0.041 0.030 0.001 0.021 0.022 0.048 0.049 0.788 
 169 H _   0.046 0.032 0.001 0.019 0.023 0.050 0.048 0.780 
 170 K _   0.052 0.034 0.001 0.018 0.025 0.053 0.047 0.771 
 171 R _   0.057 0.035 0.001 0.017 0.026 0.054 0.046 0.762 
 172 I _   0.062 0.038 0.002 0.017 0.028 0.055 0.046 0.752 
 173 L _   0.066 0.041 0.002 0.019 0.030 0.056 0.046 0.741 
 174 K _   0.070 0.045 0.002 0.021 0.031 0.055 0.046 0.731 
 175 F _   0.072 0.049 0.002 0.025 0.031 0.053 0.046 0.722 
 176 L _   0.072 0.052 0.002 0.029 0.031 0.051 0.047 0.717 
 177 K _   0.070 0.054 0.002 0.032 0.029 0.047 0.048 0.719 
 178 L _   0.065 0.054 0.002 0.034 0.027 0.042 0.049 0.728 
 179 F _   0.059 0.052 0.002 0.033 0.023 0.038 0.050 0.744 
 180 I _   0.052 0.047 0.001 0.030 0.019 0.033 0.051 0.767 
 181 T _   0.044 0.040 0.001 0.026 0.015 0.028 0.053 0.793 
 182 E _   0.036 0.030 0.001 0.020 0.011 0.023 0.055 0.823 
 183 F _   0.029 0.021 0.001 0.015 0.008 0.018 0.056 0.852 
 184 P _   0.023 0.012 0.001 0.010 0.005 0.015 0.058 0.878 
 185 K _   0.018 0.006 0.000 0.006 0.003 0.012 0.058 0.896 
 186 P _   0.014 0.003 0.000 0.004 0.002 0.010 0.058 0.909 
 187 E _   0.011 0.001 0.000 0.003 0.002 0.009 0.058 0.916 
 188 F _   0.010 0.001 0.000 0.002 0.002 0.009 0.058 0.919 
 189 M _   0.010 0.000 0.000 0.002 0.002 0.010 0.057 0.919 
 190 S _   0.012 0.000 0.000 0.003 0.002 0.012 0.055 0.915 
 191 K _   0.015 0.000 0.000 0.004 0.003 0.015 0.054 0.909 
 192 S _   0.019 0.001 0.000 0.005 0.005 0.019 0.052 0.898 
 193 L _   0.026 0.001 0.001 0.008 0.007 0.025 0.050 0.883 
 194 E _   0.033 0.002 0.001 0.011 0.010 0.030 0.048 0.865 
 195 E _   0.042 0.003 0.001 0.013 0.014 0.035 0.045 0.846 
 196 L _   0.051 0.004 0.001 0.016 0.017 0.040 0.043 0.827 
 197 Q _   0.062 0.005 0.001 0.017 0.021 0.045 0.041 0.809 
 198 I _   0.073 0.005 0.002 0.017 0.024 0.049 0.038 0.792 
 199 G _   0.084 0.005 0.002 0.017 0.027 0.051 0.036 0.777 
 200 T _   0.097 0.005 0.002 0.016 0.029 0.053 0.035 0.763 
 201 Y _   0.109 0.005 0.002 0.016 0.030 0.054 0.033 0.751 
 202 A _   0.120 0.005 0.002 0.015 0.031 0.054 0.032 0.741 
 203 N _   0.129 0.004 0.002 0.015 0.030 0.053 0.031 0.735 
 204 I _   0.136 0.004 0.002 0.014 0.027 0.051 0.031 0.735 
 205 A _   0.140 0.003 0.002 0.012 0.024 0.049 0.030 0.740 
 206 M _   0.142 0.002 0.001 0.010 0.020 0.046 0.030 0.749 
 207 V _   0.143 0.001 0.001 0.008 0.016 0.043 0.029 0.758 
 208 R _   0.144 0.001 0.001 0.005 0.013 0.040 0.029 0.767 
 209 T _   0.146 0.000 0.001 0.004 0.011 0.038 0.028 0.772 
 210 T _   0.149 0.000 0.001 0.003 0.009 0.037 0.028 0.773 
 211 T _   0.156 0.000 0.001 0.002 0.009 0.038 0.027 0.767 
 212 P _   0.168 0.000 0.001 0.002 0.010 0.040 0.026 0.753 
 213 V _   0.182 0.000 0.001 0.002 0.013 0.043 0.026 0.733 
 214 Y _   0.200 0.000 0.001 0.003 0.017 0.047 0.025 0.707 
 215 V _   0.217 0.001 0.001 0.005 0.024 0.051 0.025 0.678 
 216 A _   0.230 0.002 0.002 0.007 0.030 0.055 0.025 0.650 
 217 L _   0.239 0.003 0.002 0.010 0.037 0.057 0.025 0.627 
 218 G _   0.242 0.005 0.002 0.014 0.042 0.058 0.025 0.611 
 219 I _   0.238 0.006 0.002 0.017 0.045 0.058 0.026 0.608 
 220 F _   0.227 0.008 0.002 0.019 0.045 0.056 0.026 0.617 
 221 V _   0.211 0.008 0.002 0.019 0.043 0.053 0.027 0.636 
 222 Q _   0.190 0.008 0.002 0.019 0.039 0.050 0.028 0.665 
 223 H _   0.166 0.007 0.002 0.017 0.033 0.045 0.030 0.699 
 224 R _   0.141 0.007 0.002 0.016 0.027 0.040 0.031 0.736 
 225 V _   0.116 0.006 0.002 0.014 0.021 0.036 0.033 0.773 
 226 S _   0.094 0.005 0.001 0.012 0.016 0.031 0.034 0.806 
 227 A _   0.074 0.004 0.001 0.011 0.012 0.027 0.036 0.835 
 228 L _   0.057 0.003 0.001 0.010 0.009 0.023 0.037 0.859 
 229 P _   0.044 0.003 0.001 0.009 0.007 0.020 0.038 0.877 
 230 V _   0.035 0.003 0.001 0.008 0.006 0.017 0.039 0.891 
 231 V _   0.027 0.003 0.001 0.008 0.005 0.015 0.040 0.902 
 232 D _   0.022 0.002 0.001 0.007 0.005 0.014 0.041 0.909 
 233 E _   0.018 0.003 0.001 0.007 0.004 0.013 0.041 0.914 
 234 K _   0.016 0.003 0.000 0.007 0.004 0.012 0.041 0.917 
 235 G _   0.014 0.003 0.000 0.007 0.004 0.012 0.042 0.918 
 236 R _   0.013 0.004 0.000 0.007 0.004 0.012 0.042 0.918 
 237 V _   0.012 0.005 0.000 0.007 0.004 0.012 0.042 0.916 
 238 V _   0.012 0.007 0.001 0.008 0.004 0.013 0.042 0.914 
 239 D _   0.012 0.009 0.001 0.009 0.005 0.014 0.042 0.910 
 240 I _   0.012 0.012 0.001 0.010 0.005 0.015 0.041 0.905 
 241 Y _   0.012 0.015 0.001 0.011 0.006 0.016 0.041 0.898 
 242 S _   0.012 0.020 0.001 0.014 0.007 0.017 0.041 0.889 
 243 K _   0.013 0.025 0.001 0.017 0.008 0.018 0.040 0.878 
 244 F _   0.013 0.032 0.001 0.021 0.010 0.019 0.040 0.865 
 245 D _   0.013 0.038 0.001 0.026 0.011 0.020 0.039 0.851 
 246 V _   0.014 0.044 0.001 0.031 0.012 0.021 0.039 0.838 
 247 I _   0.014 0.049 0.001 0.035 0.013 0.021 0.039 0.828 
 248 N _   0.015 0.051 0.001 0.038 0.013 0.021 0.039 0.822 
 249 L _   0.015 0.051 0.001 0.038 0.013 0.020 0.040 0.824 
 250 A _   0.014 0.048 0.001 0.035 0.011 0.018 0.041 0.832 
 251 A _   0.013 0.043 0.001 0.029 0.010 0.016 0.042 0.846 
 252 E _   0.012 0.035 0.001 0.022 0.008 0.014 0.043 0.865 
 253 K _   0.011 0.026 0.001 0.015 0.006 0.013 0.044 0.885 
 254 T _   0.010 0.017 0.001 0.010 0.004 0.011 0.045 0.902 
 255 Y _   0.009 0.012 0.000 0.007 0.003 0.011 0.045 0.913 
 256 N _   0.009 0.008 0.000 0.005 0.003 0.010 0.046 0.918 
 257 N _   0.009 0.007 0.000 0.005 0.003 0.011 0.046 0.919 
 258 L _   0.010 0.007 0.000 0.006 0.003 0.012 0.046 0.915 
 259 D _   0.011 0.007 0.000 0.008 0.004 0.014 0.046 0.908 
 260 V _   0.013 0.009 0.001 0.012 0.006 0.016 0.046 0.899 
 261 S _   0.014 0.010 0.001 0.016 0.007 0.018 0.046 0.888 
 262 V _   0.015 0.011 0.001 0.020 0.009 0.020 0.045 0.880 
 263 T _   0.015 0.012 0.001 0.022 0.009 0.021 0.045 0.875 
 264 K _   0.016 0.011 0.001 0.021 0.009 0.021 0.045 0.876 
 265 A _   0.016 0.010 0.001 0.019 0.009 0.021 0.045 0.880 
 266 L _   0.017 0.008 0.001 0.015 0.008 0.021 0.045 0.886 
 267 Q _   0.018 0.006 0.001 0.011 0.007 0.022 0.045 0.891 
 268 H _   0.021 0.004 0.001 0.008 0.007 0.023 0.044 0.893 
 269 R _   0.025 0.002 0.001 0.006 0.007 0.024 0.044 0.890 
 270 S _   0.032 0.001 0.001 0.005 0.007 0.027 0.044 0.883 
 271 H _   0.040 0.001 0.001 0.005 0.009 0.030 0.044 0.871 
 272 Y _   0.051 0.001 0.001 0.007 0.011 0.033 0.043 0.853 
 273 F _   0.064 0.001 0.001 0.008 0.014 0.037 0.043 0.832 
 274 E _   0.078 0.002 0.001 0.010 0.017 0.041 0.043 0.808 
 275 G _   0.094 0.002 0.001 0.011 0.020 0.044 0.043 0.785 
 276 V _   0.109 0.002 0.001 0.012 0.022 0.046 0.043 0.764 
 277 L _   0.123 0.002 0.002 0.012 0.024 0.048 0.043 0.747 
 278 K _   0.136 0.002 0.002 0.011 0.025 0.049 0.043 0.733 
 279 C _   0.147 0.001 0.002 0.009 0.026 0.049 0.043 0.723 
 280 Y _   0.157 0.001 0.002 0.008 0.025 0.049 0.044 0.714 
 281 L _   0.164 0.001 0.001 0.008 0.025 0.048 0.045 0.708 
 282 H _   0.170 0.001 0.001 0.007 0.023 0.047 0.046 0.704 
 283 E _   0.173 0.001 0.001 0.006 0.022 0.046 0.048 0.704 
 284 T _   0.176 0.000 0.001 0.006 0.020 0.044 0.049 0.703 
 285 L _   0.177 0.000 0.001 0.005 0.018 0.043 0.051 0.703 
 286 E _   0.177 0.000 0.001 0.005 0.017 0.042 0.053 0.704 
 287 T _   0.176 0.000 0.001 0.005 0.016 0.040 0.055 0.706 
 288 I _   0.175 0.000 0.001 0.005 0.016 0.040 0.058 0.706 
 289 I _   0.173 0.000 0.001 0.005 0.016 0.039 0.060 0.706 
 290 N _   0.171 0.000 0.001 0.005 0.016 0.039 0.063 0.705 
 291 R _   0.166 0.000 0.001 0.005 0.017 0.038 0.066 0.705 
 292 L _   0.161 0.001 0.001 0.006 0.018 0.038 0.070 0.705 
 293 V _   0.154 0.001 0.001 0.007 0.018 0.038 0.074 0.707 
 294 E _   0.144 0.001 0.001 0.009 0.019 0.037 0.078 0.711 
 295 A _   0.131 0.001 0.001 0.010 0.019 0.036 0.083 0.718 
 296 E _   0.118 0.002 0.001 0.012 0.019 0.034 0.088 0.726 
 297 V _   0.104 0.002 0.001 0.014 0.018 0.032 0.094 0.736 
 298 H _   0.091 0.002 0.001 0.014 0.016 0.029 0.100 0.747 
 299 R _   0.078 0.002 0.001 0.014 0.013 0.026 0.106 0.760 
 300 L _   0.066 0.002 0.001 0.012 0.011 0.023 0.112 0.774 
 301 V _   0.055 0.001 0.001 0.010 0.008 0.020 0.118 0.787 
 302 V _   0.046 0.001 0.001 0.008 0.006 0.017 0.123 0.798 
 303 V _   0.039 0.001 0.001 0.006 0.005 0.015 0.128 0.806 
 304 D _   0.035 0.000 0.000 0.004 0.004 0.014 0.132 0.810 
 305 E _   0.034 0.000 0.000 0.003 0.003 0.013 0.136 0.810 
 306 N _   0.035 0.000 0.000 0.002 0.003 0.014 0.139 0.806 
 307 D _   0.041 0.000 0.000 0.002 0.003 0.015 0.142 0.796 
 308 V _   0.050 0.000 0.000 0.002 0.004 0.018 0.145 0.781 
 309 V _   0.065 0.000 0.000 0.002 0.005 0.021 0.148 0.759 
 310 K _   0.085 0.000 0.001 0.003 0.006 0.026 0.150 0.729 
 311 G _   0.113 0.000 0.001 0.003 0.009 0.032 0.153 0.690 
 312 I _   0.145 0.000 0.001 0.003 0.013 0.039 0.155 0.642 
 313 V _   0.182 0.000 0.001 0.004 0.019 0.047 0.158 0.588 
 314 S _   0.219 0.001 0.002 0.005 0.028 0.055 0.162 0.529 
 315 L _   0.252 0.002 0.002 0.006 0.040 0.063 0.167 0.468 
 316 S _   0.281 0.006 0.002 0.008 0.052 0.069 0.173 0.408 
 317 D _   0.302 0.011 0.003 0.012 0.064 0.073 0.181 0.353 
 318 I H   0.313 0.020 0.003 0.019 0.073 0.074 0.193 0.306 
 319 L H   0.311 0.030 0.003 0.028 0.076 0.073 0.208 0.270 
 320 Q H   0.299 0.037 0.004 0.038 0.076 0.070 0.228 0.249 
 321 A H   0.276 0.042 0.004 0.045 0.071 0.065 0.255 0.243 
 322 L X   0.243 0.043 0.004 0.049 0.063 0.058 0.287 0.253 
 323 V X   0.200 0.041 0.003 0.048 0.052 0.049 0.326 0.281 
 324 L X   0.149 0.035 0.003 0.042 0.038 0.039 0.370 0.324 
 325 T X   0.102 0.027 0.002 0.031 0.024 0.029 0.416 0.369 
 326 G X   0.059 0.018 0.001 0.020 0.012 0.018 0.460 0.411 
 327 G X   0.024 0.009 0.001 0.010 0.004 0.008 0.498 0.445 
 328 E X   0.005 0.003 0.000 0.003 0.001 0.002 0.520 0.466 
 329 K X   0.001 0.001 0.000 0.001 0.000 0.000 0.525 0.472 
 330 K X   0.000 0.001 0.000 0.001 0.000 0.000 0.525 0.473 
 331 P X   0.002 0.001 0.001 0.005 0.002 0.002 0.517 0.470 
