#TopoPred_TM8: 8-state transmembrane topology prediction results by no_profile mode 
#probabilities are in the order of H E C I L F X _, the 8 transmembrane topology types used in PDBTM 
   1 M X   0.014 0.001 0.002 0.051 0.009 0.010 0.708 0.204 
   2 E X   0.005 0.001 0.000 0.031 0.002 0.006 0.727 0.229 
   3 R X   0.002 0.000 0.000 0.018 0.001 0.004 0.730 0.245 
   4 R X   0.001 0.000 0.000 0.013 0.001 0.004 0.726 0.254 
   5 L X   0.002 0.001 0.000 0.012 0.001 0.005 0.718 0.260 
   6 R X   0.003 0.001 0.000 0.013 0.002 0.007 0.706 0.268 
   7 A X   0.004 0.002 0.000 0.014 0.002 0.009 0.693 0.276 
   8 L X   0.005 0.003 0.000 0.016 0.003 0.010 0.677 0.286 
   9 E X   0.005 0.005 0.000 0.018 0.004 0.011 0.659 0.298 
  10 Q X   0.005 0.006 0.001 0.020 0.004 0.011 0.642 0.312 
  11 L X   0.005 0.007 0.001 0.020 0.005 0.011 0.625 0.327 
  12 A X   0.004 0.008 0.001 0.019 0.005 0.010 0.609 0.343 
  13 R X   0.004 0.008 0.001 0.017 0.004 0.010 0.596 0.360 
  14 G X   0.004 0.008 0.000 0.014 0.004 0.010 0.584 0.376 
  15 E X   0.004 0.008 0.000 0.011 0.003 0.009 0.572 0.392 
  16 A X   0.004 0.007 0.000 0.009 0.003 0.009 0.561 0.405 
  17 G X   0.005 0.007 0.000 0.007 0.003 0.010 0.550 0.418 
  18 G X   0.006 0.008 0.000 0.006 0.003 0.011 0.538 0.429 
  19 C X   0.007 0.008 0.000 0.005 0.003 0.013 0.526 0.438 
  20 P X   0.009 0.010 0.000 0.006 0.004 0.016 0.512 0.444 
  21 G X   0.011 0.013 0.001 0.007 0.006 0.019 0.496 0.446 
  22 L X   0.015 0.019 0.001 0.010 0.009 0.024 0.479 0.443 
  23 D X   0.020 0.030 0.001 0.014 0.013 0.030 0.459 0.434 
  24 G X   0.024 0.046 0.002 0.019 0.019 0.035 0.437 0.418 
  25 L X   0.029 0.066 0.002 0.026 0.025 0.039 0.415 0.397 
  26 L X   0.033 0.087 0.002 0.035 0.029 0.042 0.396 0.377 
  27 D X   0.036 0.103 0.002 0.042 0.032 0.042 0.379 0.363 
  28 L X   0.038 0.113 0.002 0.048 0.033 0.042 0.367 0.358 
  29 L _   0.039 0.118 0.002 0.050 0.031 0.040 0.356 0.363 
  30 L _   0.038 0.119 0.002 0.050 0.029 0.037 0.348 0.378 
  31 A _   0.036 0.114 0.002 0.046 0.026 0.033 0.342 0.401 
  32 L _   0.033 0.104 0.002 0.040 0.021 0.029 0.337 0.434 
  33 H _   0.030 0.087 0.002 0.031 0.017 0.025 0.333 0.475 
  34 H _   0.026 0.066 0.001 0.023 0.012 0.021 0.331 0.521 
  35 E _   0.022 0.043 0.001 0.016 0.008 0.017 0.328 0.564 
  36 L _   0.018 0.025 0.001 0.010 0.005 0.014 0.325 0.602 
  37 S _   0.015 0.013 0.000 0.006 0.004 0.012 0.321 0.629 
  38 S _   0.012 0.007 0.000 0.004 0.002 0.010 0.317 0.647 
  39 G _   0.010 0.004 0.000 0.003 0.002 0.010 0.312 0.659 
  40 P _   0.010 0.003 0.000 0.003 0.002 0.010 0.306 0.667 
  41 L _   0.010 0.003 0.000 0.003 0.002 0.011 0.299 0.672 
  42 R _   0.012 0.003 0.000 0.003 0.003 0.013 0.291 0.674 
  43 R _   0.014 0.005 0.000 0.005 0.004 0.017 0.283 0.672 
  44 E _   0.017 0.008 0.001 0.007 0.007 0.022 0.272 0.666 
  45 R _   0.021 0.015 0.001 0.012 0.010 0.027 0.260 0.654 
  46 S _   0.025 0.026 0.001 0.017 0.015 0.032 0.247 0.636 
  47 V _   0.030 0.040 0.002 0.024 0.020 0.037 0.233 0.615 
  48 A _   0.034 0.054 0.002 0.031 0.025 0.040 0.221 0.594 
  49 Q _   0.037 0.065 0.002 0.037 0.028 0.042 0.209 0.580 
  50 F _   0.040 0.072 0.002 0.040 0.030 0.043 0.200 0.573 
  51 L _   0.041 0.075 0.002 0.041 0.031 0.043 0.192 0.574 
  52 S _   0.042 0.075 0.002 0.039 0.030 0.042 0.186 0.584 
  53 W _   0.042 0.073 0.002 0.035 0.027 0.039 0.181 0.600 
  54 A _   0.041 0.068 0.002 0.030 0.024 0.037 0.176 0.622 
  55 S _   0.040 0.060 0.001 0.025 0.020 0.034 0.173 0.646 
  56 P _   0.038 0.052 0.001 0.021 0.017 0.031 0.170 0.670 
  57 F _   0.036 0.045 0.001 0.017 0.014 0.028 0.168 0.691 
  58 V _   0.033 0.038 0.001 0.015 0.011 0.026 0.165 0.710 
  59 S _   0.030 0.033 0.001 0.014 0.010 0.023 0.163 0.725 
  60 K _   0.028 0.028 0.001 0.014 0.009 0.021 0.162 0.739 
  61 V _   0.025 0.023 0.001 0.013 0.007 0.019 0.160 0.752 
  62 K _   0.022 0.019 0.001 0.012 0.006 0.017 0.158 0.765 
  63 E _   0.019 0.015 0.001 0.011 0.006 0.015 0.156 0.779 
  64 L _   0.017 0.011 0.001 0.009 0.005 0.013 0.154 0.792 
  65 R _   0.014 0.007 0.000 0.007 0.004 0.012 0.151 0.804 
  66 L _   0.013 0.005 0.000 0.006 0.003 0.011 0.149 0.814 
  67 Q _   0.011 0.003 0.000 0.004 0.003 0.010 0.146 0.822 
  68 R _   0.011 0.002 0.000 0.004 0.003 0.010 0.143 0.828 
  69 D _   0.011 0.002 0.000 0.003 0.003 0.011 0.140 0.831 
  70 D _   0.012 0.002 0.000 0.004 0.003 0.012 0.136 0.831 
  71 F _   0.014 0.002 0.000 0.005 0.004 0.014 0.132 0.829 
  72 E _   0.017 0.003 0.001 0.006 0.005 0.017 0.128 0.824 
  73 I _   0.021 0.005 0.001 0.008 0.007 0.020 0.123 0.816 
  74 L _   0.025 0.008 0.001 0.010 0.009 0.024 0.118 0.805 
  75 K _   0.029 0.012 0.001 0.014 0.012 0.028 0.112 0.792 
  76 V _   0.034 0.016 0.001 0.017 0.015 0.031 0.107 0.779 
  77 I _   0.038 0.021 0.001 0.019 0.018 0.034 0.102 0.767 
  78 G _   0.042 0.025 0.001 0.022 0.020 0.037 0.098 0.756 
  79 R _   0.045 0.028 0.001 0.023 0.022 0.038 0.094 0.749 
  80 G _   0.047 0.030 0.002 0.025 0.023 0.039 0.090 0.745 
  81 A _   0.047 0.032 0.002 0.025 0.023 0.039 0.088 0.745 
  82 F _   0.046 0.032 0.002 0.025 0.022 0.038 0.085 0.751 
  83 G _   0.043 0.032 0.001 0.024 0.020 0.036 0.083 0.761 
  84 E _   0.040 0.030 0.001 0.022 0.017 0.034 0.082 0.774 
  85 V _   0.037 0.028 0.001 0.019 0.015 0.031 0.080 0.790 
  86 T _   0.033 0.025 0.001 0.016 0.012 0.029 0.079 0.806 
  87 V _   0.030 0.022 0.001 0.012 0.010 0.027 0.078 0.821 
  88 V _   0.027 0.020 0.001 0.010 0.008 0.025 0.076 0.834 
  89 R _   0.025 0.018 0.001 0.008 0.007 0.024 0.075 0.844 
  90 Q _   0.023 0.017 0.001 0.007 0.006 0.024 0.073 0.849 
  91 R _   0.023 0.018 0.001 0.007 0.007 0.024 0.072 0.849 
  92 D _   0.023 0.020 0.001 0.008 0.008 0.026 0.070 0.845 
  93 T _   0.025 0.024 0.001 0.010 0.010 0.028 0.068 0.834 
  94 G _   0.026 0.031 0.001 0.014 0.012 0.029 0.066 0.819 
  95 Q _   0.028 0.040 0.001 0.020 0.015 0.031 0.064 0.801 
  96 I _   0.029 0.049 0.001 0.025 0.017 0.032 0.062 0.784 
  97 F _   0.030 0.056 0.001 0.030 0.019 0.032 0.061 0.771 
  98 A _   0.030 0.060 0.001 0.032 0.019 0.032 0.060 0.766 
  99 M _   0.029 0.062 0.001 0.032 0.018 0.030 0.059 0.767 
 100 K _   0.028 0.061 0.001 0.031 0.017 0.029 0.059 0.775 
 101 M _   0.026 0.058 0.001 0.027 0.015 0.027 0.058 0.788 
 102 L _   0.024 0.053 0.001 0.022 0.013 0.024 0.058 0.803 
 103 H _   0.023 0.047 0.001 0.018 0.011 0.022 0.058 0.820 
 104 K _   0.021 0.041 0.001 0.015 0.009 0.021 0.059 0.834 
 105 W _   0.020 0.036 0.001 0.012 0.007 0.019 0.059 0.846 
 106 E _   0.018 0.032 0.001 0.011 0.006 0.018 0.059 0.855 
 107 M _   0.017 0.029 0.001 0.010 0.006 0.017 0.059 0.861 
 108 L _   0.017 0.028 0.001 0.010 0.006 0.016 0.059 0.865 
 109 K _   0.016 0.026 0.001 0.010 0.006 0.016 0.059 0.867 
 110 R _   0.016 0.026 0.001 0.011 0.006 0.015 0.058 0.868 
 111 A _   0.015 0.026 0.001 0.012 0.006 0.015 0.058 0.867 
 112 E _   0.015 0.026 0.001 0.013 0.006 0.015 0.058 0.866 
 113 T _   0.015 0.026 0.001 0.015 0.007 0.015 0.058 0.864 
 114 A _   0.015 0.026 0.001 0.016 0.007 0.015 0.057 0.863 
 115 C _   0.014 0.026 0.001 0.017 0.007 0.014 0.057 0.863 
 116 F _   0.014 0.025 0.001 0.018 0.007 0.014 0.057 0.865 
 117 R _   0.013 0.023 0.001 0.017 0.007 0.013 0.058 0.869 
 118 E _   0.012 0.021 0.001 0.016 0.006 0.012 0.058 0.874 
 119 E _   0.011 0.019 0.001 0.014 0.005 0.011 0.058 0.882 
 120 R _   0.010 0.016 0.001 0.011 0.004 0.010 0.058 0.890 
 121 D _   0.009 0.013 0.000 0.009 0.003 0.009 0.058 0.897 
 122 V _   0.009 0.011 0.000 0.007 0.003 0.009 0.058 0.903 
 123 L _   0.008 0.010 0.000 0.005 0.003 0.009 0.057 0.907 
 124 V _   0.008 0.010 0.000 0.005 0.003 0.009 0.057 0.908 
 125 K _   0.009 0.010 0.000 0.005 0.003 0.010 0.056 0.907 
 126 G _   0.010 0.012 0.000 0.006 0.004 0.012 0.055 0.901 
 127 D _   0.011 0.016 0.001 0.009 0.005 0.014 0.053 0.892 
 128 S _   0.012 0.022 0.001 0.013 0.007 0.017 0.052 0.877 
 129 R _   0.013 0.030 0.001 0.019 0.009 0.019 0.050 0.859 
 130 W _   0.014 0.039 0.001 0.025 0.011 0.021 0.048 0.839 
 131 V _   0.015 0.048 0.001 0.032 0.013 0.023 0.046 0.822 
 132 T _   0.015 0.053 0.001 0.036 0.014 0.023 0.045 0.811 
 133 T _   0.015 0.056 0.001 0.038 0.014 0.023 0.044 0.808 
 134 L _   0.015 0.056 0.001 0.036 0.013 0.022 0.043 0.812 
 135 H _   0.014 0.053 0.001 0.032 0.012 0.021 0.043 0.823 
 136 Y _   0.014 0.048 0.001 0.026 0.010 0.020 0.043 0.839 
 137 A _   0.013 0.042 0.001 0.019 0.008 0.018 0.042 0.855 
 138 F _   0.013 0.035 0.001 0.014 0.007 0.018 0.042 0.872 
 139 Q _   0.013 0.029 0.001 0.010 0.006 0.017 0.042 0.883 
 140 D _   0.013 0.026 0.001 0.007 0.005 0.018 0.041 0.889 
 141 E _   0.014 0.024 0.001 0.007 0.005 0.018 0.041 0.890 
 142 E _   0.016 0.024 0.001 0.007 0.006 0.020 0.040 0.886 
 143 Y _   0.019 0.026 0.001 0.008 0.007 0.022 0.040 0.877 
 144 L _   0.022 0.030 0.001 0.011 0.009 0.025 0.039 0.865 
 145 Y _   0.025 0.035 0.001 0.013 0.011 0.028 0.038 0.850 
 146 L _   0.028 0.040 0.001 0.016 0.013 0.030 0.037 0.835 
 147 V _   0.031 0.045 0.001 0.018 0.014 0.032 0.036 0.823 
 148 M _   0.033 0.050 0.001 0.019 0.015 0.033 0.035 0.813 
 149 D _   0.035 0.053 0.001 0.019 0.016 0.035 0.035 0.807 
 150 Y _   0.036 0.056 0.001 0.018 0.017 0.036 0.034 0.802 
 151 Y _   0.037 0.058 0.001 0.018 0.017 0.036 0.034 0.798 
 152 A _   0.039 0.061 0.001 0.019 0.018 0.037 0.033 0.793 
 153 G _   0.039 0.063 0.001 0.020 0.018 0.037 0.033 0.788 
 154 G _   0.040 0.066 0.001 0.022 0.019 0.036 0.033 0.782 
 155 D _   0.041 0.069 0.001 0.026 0.019 0.035 0.033 0.777 
 156 L _   0.040 0.070 0.001 0.029 0.019 0.034 0.033 0.774 
 157 L _   0.039 0.070 0.001 0.031 0.018 0.031 0.033 0.777 
 158 T _   0.036 0.067 0.001 0.032 0.016 0.028 0.033 0.786 
 159 L _   0.032 0.062 0.001 0.030 0.014 0.025 0.034 0.802 
 160 L _   0.028 0.052 0.001 0.026 0.011 0.021 0.035 0.824 
 161 S _   0.025 0.040 0.001 0.020 0.009 0.018 0.035 0.852 
 162 R _   0.021 0.027 0.001 0.015 0.006 0.015 0.036 0.879 
 163 F _   0.019 0.015 0.001 0.009 0.004 0.012 0.036 0.903 
 164 E _   0.018 0.007 0.000 0.006 0.003 0.010 0.036 0.920 
 165 D _   0.019 0.003 0.000 0.003 0.002 0.008 0.036 0.929 
 166 R _   0.022 0.001 0.000 0.002 0.002 0.008 0.035 0.931 
 167 L _   0.031 0.000 0.000 0.002 0.002 0.008 0.033 0.924 
 168 P _   0.048 0.000 0.000 0.001 0.002 0.009 0.032 0.907 
 169 P _   0.081 0.000 0.000 0.001 0.003 0.012 0.030 0.872 
 170 E _   0.137 0.000 0.001 0.002 0.005 0.016 0.027 0.813 
 171 L _   0.217 0.000 0.001 0.002 0.008 0.021 0.024 0.727 
 172 A _   0.319 0.000 0.001 0.002 0.013 0.027 0.020 0.618 
 173 Q _   0.421 0.000 0.001 0.003 0.020 0.032 0.017 0.506 
 174 F H   0.513 0.000 0.002 0.003 0.026 0.036 0.014 0.406 
 175 Y H   0.588 0.000 0.002 0.003 0.033 0.038 0.012 0.325 
 176 L H   0.645 0.000 0.002 0.003 0.037 0.038 0.011 0.264 
 177 A H   0.684 0.000 0.002 0.004 0.040 0.037 0.010 0.223 
 178 E H   0.711 0.000 0.002 0.004 0.041 0.035 0.010 0.198 
 179 M H   0.724 0.000 0.002 0.004 0.041 0.033 0.010 0.187 
 180 V H   0.725 0.000 0.002 0.003 0.039 0.031 0.011 0.190 
 181 L H   0.712 0.000 0.002 0.003 0.037 0.029 0.012 0.206 
 182 A H   0.687 0.000 0.002 0.003 0.034 0.027 0.013 0.234 
 183 I H   0.647 0.000 0.002 0.003 0.031 0.026 0.015 0.275 
 184 H H   0.594 0.000 0.002 0.004 0.028 0.025 0.017 0.329 
 185 S H   0.532 0.000 0.002 0.005 0.025 0.025 0.020 0.392 
 186 L _   0.459 0.000 0.002 0.006 0.022 0.024 0.024 0.463 
 187 H _   0.384 0.001 0.002 0.008 0.019 0.023 0.028 0.536 
 188 Q _   0.308 0.001 0.002 0.010 0.016 0.022 0.033 0.609 
 189 L _   0.235 0.001 0.001 0.011 0.013 0.020 0.038 0.681 
 190 G _   0.171 0.001 0.001 0.011 0.010 0.017 0.042 0.746 
 191 Y _   0.120 0.001 0.001 0.010 0.007 0.015 0.046 0.801 
 192 V _   0.080 0.001 0.001 0.009 0.005 0.012 0.049 0.844 
 193 H _   0.052 0.001 0.001 0.007 0.004 0.010 0.051 0.875 
 194 R _   0.033 0.001 0.000 0.005 0.003 0.008 0.052 0.897 
 195 D _   0.021 0.001 0.000 0.004 0.002 0.007 0.053 0.911 
 196 V _   0.014 0.001 0.000 0.003 0.002 0.006 0.054 0.919 
 197 K _   0.010 0.002 0.000 0.003 0.002 0.006 0.054 0.923 
 198 P _   0.008 0.003 0.000 0.004 0.002 0.007 0.054 0.923 
 199 D _   0.007 0.005 0.000 0.005 0.002 0.008 0.053 0.919 
 200 N _   0.007 0.011 0.000 0.006 0.003 0.009 0.052 0.911 
 201 V _   0.008 0.020 0.000 0.009 0.004 0.011 0.051 0.897 
 202 L _   0.009 0.036 0.001 0.012 0.005 0.013 0.049 0.875 
 203 L _   0.009 0.057 0.001 0.016 0.007 0.015 0.047 0.849 
 204 D _   0.010 0.081 0.001 0.021 0.008 0.017 0.044 0.818 
 205 V _   0.010 0.107 0.001 0.025 0.010 0.019 0.042 0.787 
 206 N _   0.011 0.130 0.001 0.028 0.011 0.021 0.039 0.758 
 207 G _   0.011 0.150 0.001 0.031 0.013 0.022 0.037 0.735 
 208 H _   0.012 0.166 0.001 0.032 0.013 0.023 0.036 0.716 
 209 I _   0.013 0.178 0.001 0.034 0.014 0.023 0.035 0.702 
 210 R _   0.013 0.187 0.001 0.034 0.014 0.024 0.034 0.693 
 211 L _   0.013 0.191 0.001 0.034 0.014 0.023 0.033 0.690 
 212 A _   0.013 0.193 0.001 0.033 0.014 0.023 0.032 0.691 
 213 D _   0.013 0.192 0.001 0.031 0.013 0.022 0.032 0.696 
 214 F _   0.013 0.189 0.001 0.029 0.012 0.021 0.032 0.703 
 215 G _   0.013 0.183 0.001 0.027 0.011 0.020 0.032 0.713 
 216 S _   0.013 0.176 0.001 0.025 0.010 0.019 0.032 0.725 
 217 C _   0.013 0.166 0.001 0.022 0.010 0.018 0.032 0.738 
 218 L _   0.012 0.156 0.001 0.020 0.009 0.017 0.033 0.753 
 219 R _   0.012 0.144 0.001 0.018 0.008 0.016 0.033 0.768 
 220 L _   0.011 0.133 0.001 0.016 0.007 0.015 0.034 0.784 
 221 N _   0.011 0.122 0.001 0.014 0.006 0.014 0.034 0.798 
 222 T _   0.011 0.114 0.001 0.012 0.006 0.014 0.034 0.809 
 223 N _   0.011 0.108 0.001 0.011 0.005 0.013 0.035 0.817 
 224 G _   0.011 0.103 0.001 0.011 0.005 0.013 0.035 0.822 
 225 M _   0.011 0.100 0.001 0.011 0.005 0.013 0.035 0.824 
 226 V _   0.011 0.098 0.001 0.012 0.006 0.014 0.035 0.824 
 227 D _   0.011 0.098 0.001 0.013 0.006 0.014 0.035 0.822 
 228 S _   0.011 0.097 0.001 0.015 0.007 0.014 0.035 0.820 
 229 S _   0.011 0.097 0.001 0.016 0.007 0.014 0.035 0.819 
 230 V _   0.011 0.096 0.001 0.017 0.007 0.014 0.036 0.819 
 231 A _   0.011 0.094 0.001 0.016 0.007 0.014 0.036 0.821 
 232 V _   0.011 0.092 0.001 0.015 0.006 0.013 0.036 0.826 
 233 G _   0.010 0.088 0.001 0.014 0.006 0.013 0.037 0.832 
 234 T _   0.010 0.085 0.001 0.012 0.005 0.012 0.037 0.839 
 235 P _   0.010 0.082 0.001 0.010 0.005 0.012 0.037 0.843 
 236 D _   0.009 0.081 0.001 0.010 0.004 0.013 0.037 0.845 
 237 Y _   0.009 0.081 0.001 0.010 0.005 0.013 0.037 0.844 
 238 I _   0.009 0.084 0.001 0.012 0.005 0.014 0.037 0.837 
 239 S _   0.010 0.089 0.001 0.016 0.006 0.015 0.037 0.826 
 240 P _   0.010 0.096 0.001 0.021 0.008 0.017 0.037 0.811 
 241 E _   0.011 0.105 0.001 0.028 0.009 0.017 0.036 0.793 
 242 I _   0.011 0.112 0.001 0.035 0.011 0.018 0.036 0.777 
 243 L _   0.011 0.117 0.001 0.040 0.011 0.018 0.036 0.766 
 244 Q _   0.011 0.117 0.001 0.043 0.011 0.017 0.036 0.763 
 245 A _   0.010 0.114 0.001 0.042 0.011 0.016 0.037 0.768 
 246 M _   0.010 0.107 0.001 0.039 0.010 0.015 0.038 0.781 
 247 E _   0.009 0.093 0.001 0.033 0.008 0.014 0.040 0.802 
 248 E _   0.009 0.074 0.001 0.026 0.007 0.012 0.041 0.830 
 249 G _   0.008 0.052 0.001 0.018 0.005 0.011 0.043 0.862 
 250 K _   0.008 0.031 0.001 0.012 0.004 0.010 0.044 0.890 
 251 G _   0.009 0.015 0.000 0.007 0.003 0.009 0.045 0.911 
 252 H _   0.010 0.006 0.000 0.005 0.002 0.009 0.046 0.922 
 253 Y _   0.012 0.002 0.000 0.003 0.002 0.009 0.046 0.925 
 254 G _   0.018 0.001 0.000 0.002 0.002 0.011 0.046 0.920 
 255 P _   0.031 0.000 0.000 0.002 0.003 0.014 0.045 0.905 
 256 Q _   0.054 0.000 0.000 0.002 0.004 0.019 0.044 0.876 
 257 C _   0.092 0.000 0.001 0.003 0.007 0.026 0.043 0.829 
 258 D _   0.146 0.000 0.001 0.004 0.012 0.035 0.041 0.761 
 259 W _   0.211 0.000 0.001 0.005 0.021 0.045 0.039 0.677 
 260 W _   0.280 0.001 0.002 0.006 0.033 0.055 0.036 0.587 
 261 S _   0.342 0.002 0.002 0.008 0.046 0.063 0.035 0.503 
 262 L _   0.395 0.003 0.003 0.010 0.058 0.067 0.034 0.430 
 263 G H   0.436 0.005 0.003 0.012 0.068 0.070 0.033 0.374 
 264 V H   0.465 0.006 0.003 0.014 0.073 0.069 0.033 0.336 
 265 C H   0.481 0.007 0.003 0.015 0.075 0.066 0.034 0.317 
 266 A H   0.484 0.008 0.003 0.016 0.073 0.062 0.036 0.317 
 267 Y H   0.474 0.007 0.003 0.016 0.068 0.058 0.039 0.336 
 268 E H   0.448 0.006 0.003 0.015 0.060 0.053 0.042 0.373 
 269 L _   0.409 0.005 0.003 0.013 0.049 0.047 0.046 0.428 
 270 L _   0.356 0.003 0.002 0.010 0.037 0.041 0.050 0.500 
 271 F _   0.295 0.002 0.002 0.008 0.026 0.035 0.055 0.578 
 272 G _   0.234 0.001 0.001 0.005 0.017 0.030 0.060 0.652 
 273 E _   0.178 0.000 0.001 0.004 0.011 0.026 0.065 0.716 
 274 T _   0.132 0.000 0.001 0.003 0.007 0.023 0.069 0.764 
 275 P _   0.099 0.000 0.001 0.003 0.006 0.021 0.072 0.798 
 276 F _   0.076 0.001 0.001 0.003 0.005 0.021 0.075 0.819 
 277 Y _   0.060 0.001 0.001 0.004 0.006 0.021 0.077 0.829 
 278 A _   0.050 0.004 0.001 0.007 0.007 0.023 0.080 0.829 
 279 E _   0.044 0.009 0.001 0.010 0.009 0.024 0.082 0.821 
 280 S _   0.039 0.017 0.001 0.016 0.011 0.026 0.084 0.806 
 281 L _   0.035 0.027 0.001 0.023 0.014 0.027 0.086 0.788 
 282 V _   0.032 0.037 0.001 0.029 0.015 0.027 0.088 0.771 
 283 E _   0.029 0.044 0.001 0.035 0.016 0.027 0.091 0.757 
 284 T _   0.026 0.049 0.001 0.038 0.016 0.026 0.094 0.749 
 285 Y _   0.024 0.052 0.001 0.039 0.015 0.024 0.098 0.747 
 286 G _   0.022 0.052 0.001 0.037 0.014 0.022 0.102 0.750 
 287 K _   0.019 0.050 0.001 0.034 0.012 0.020 0.107 0.757 
 288 I _   0.018 0.046 0.001 0.029 0.010 0.018 0.112 0.766 
 289 M _   0.016 0.041 0.001 0.025 0.008 0.016 0.118 0.775 
 290 N _   0.015 0.035 0.001 0.020 0.006 0.014 0.124 0.785 
 291 H _   0.014 0.030 0.001 0.017 0.005 0.013 0.129 0.792 
 292 E _   0.012 0.024 0.001 0.014 0.004 0.011 0.135 0.798 
 293 D _   0.011 0.019 0.000 0.012 0.004 0.010 0.140 0.803 
 294 H _   0.011 0.015 0.000 0.011 0.003 0.009 0.145 0.806 
 295 L _   0.010 0.012 0.000 0.009 0.003 0.008 0.149 0.810 
 296 Q _   0.009 0.009 0.000 0.007 0.002 0.007 0.152 0.813 
 297 F _   0.008 0.007 0.000 0.006 0.002 0.006 0.155 0.817 
 298 P _   0.007 0.005 0.000 0.005 0.001 0.005 0.157 0.820 
 299 P _   0.006 0.005 0.000 0.004 0.001 0.005 0.157 0.823 
 300 D _   0.005 0.004 0.000 0.003 0.001 0.005 0.157 0.825 
 301 V _   0.005 0.005 0.000 0.003 0.001 0.005 0.156 0.826 
 302 P _   0.005 0.006 0.000 0.003 0.001 0.006 0.154 0.826 
 303 D _   0.005 0.009 0.000 0.004 0.002 0.008 0.151 0.822 
 304 V _   0.007 0.017 0.000 0.006 0.003 0.010 0.146 0.811 
 305 P _   0.009 0.035 0.001 0.010 0.005 0.015 0.139 0.787 
 306 A _   0.011 0.076 0.001 0.017 0.009 0.019 0.129 0.739 
 307 S _   0.013 0.151 0.002 0.026 0.013 0.023 0.114 0.658 
 308 A _   0.012 0.261 0.002 0.035 0.017 0.025 0.098 0.550 
 309 Q _   0.011 0.380 0.002 0.041 0.018 0.024 0.082 0.441 
 310 D E   0.009 0.483 0.002 0.043 0.017 0.022 0.070 0.354 
 311 L E   0.008 0.556 0.002 0.042 0.015 0.019 0.061 0.297 
 312 I E   0.007 0.600 0.001 0.041 0.013 0.017 0.056 0.265 
 313 R E   0.006 0.625 0.001 0.039 0.011 0.015 0.053 0.249 
 314 Q E   0.006 0.637 0.001 0.037 0.010 0.014 0.051 0.244 
 315 L E   0.006 0.642 0.001 0.035 0.009 0.013 0.050 0.246 
 316 L E   0.006 0.639 0.001 0.032 0.009 0.012 0.049 0.253 
 317 C E   0.006 0.631 0.001 0.029 0.008 0.011 0.049 0.266 
 318 R E   0.006 0.617 0.001 0.026 0.007 0.010 0.049 0.284 
 319 Q E   0.006 0.598 0.001 0.023 0.007 0.010 0.049 0.306 
 320 E E   0.006 0.575 0.001 0.021 0.006 0.010 0.050 0.332 
 321 E E   0.007 0.547 0.001 0.019 0.006 0.009 0.051 0.361 
 322 R E   0.007 0.518 0.001 0.017 0.005 0.009 0.052 0.392 
 323 L E   0.006 0.488 0.001 0.015 0.004 0.009 0.053 0.423 
 324 G E   0.006 0.460 0.001 0.013 0.004 0.008 0.054 0.453 
 325 R _   0.005 0.436 0.000 0.011 0.003 0.008 0.055 0.480 
 326 G _   0.005 0.417 0.000 0.009 0.003 0.007 0.056 0.503 
 327 G _   0.004 0.404 0.000 0.008 0.002 0.007 0.056 0.519 
 328 L _   0.004 0.395 0.000 0.007 0.002 0.007 0.055 0.530 
 329 D _   0.004 0.391 0.000 0.006 0.002 0.007 0.055 0.535 
 330 D _   0.004 0.392 0.000 0.006 0.002 0.007 0.054 0.535 
 331 F _   0.004 0.397 0.000 0.007 0.002 0.008 0.052 0.529 
 332 R _   0.004 0.409 0.000 0.009 0.003 0.008 0.050 0.516 
 333 N _   0.005 0.427 0.001 0.011 0.004 0.009 0.048 0.495 
 334 H _   0.005 0.454 0.001 0.014 0.005 0.010 0.045 0.466 
 335 P E   0.005 0.486 0.001 0.017 0.006 0.010 0.043 0.432 
 336 F E   0.005 0.521 0.001 0.019 0.007 0.011 0.040 0.398 
 337 F E   0.004 0.551 0.001 0.020 0.007 0.010 0.038 0.369 
 338 E E   0.004 0.576 0.001 0.020 0.007 0.010 0.036 0.346 
 339 G E   0.004 0.595 0.001 0.020 0.006 0.010 0.035 0.330 
 340 V E   0.004 0.609 0.001 0.019 0.006 0.010 0.034 0.318 
 341 D E   0.004 0.618 0.001 0.017 0.006 0.010 0.033 0.311 
 342 W E   0.004 0.623 0.001 0.016 0.006 0.009 0.033 0.308 
 343 E E   0.005 0.626 0.001 0.015 0.005 0.009 0.033 0.306 
 344 R E   0.005 0.627 0.001 0.013 0.005 0.009 0.033 0.306 
 345 L E   0.005 0.627 0.001 0.013 0.005 0.009 0.033 0.307 
 346 A E   0.005 0.625 0.001 0.012 0.005 0.009 0.034 0.309 
 347 S E   0.005 0.624 0.001 0.012 0.005 0.009 0.034 0.310 
 348 S E   0.006 0.623 0.001 0.012 0.005 0.010 0.034 0.310 
 349 T E   0.006 0.623 0.001 0.012 0.005 0.010 0.035 0.309 
 350 A E   0.006 0.623 0.001 0.014 0.005 0.010 0.035 0.306 
 351 P E   0.006 0.623 0.001 0.015 0.005 0.010 0.036 0.304 
 352 Y E   0.006 0.622 0.001 0.017 0.006 0.010 0.037 0.302 
 353 I E   0.005 0.619 0.001 0.019 0.006 0.010 0.038 0.302 
 354 P E   0.005 0.614 0.001 0.021 0.006 0.009 0.039 0.304 
 355 E E   0.005 0.604 0.001 0.023 0.006 0.009 0.041 0.311 
 356 L E   0.005 0.589 0.001 0.025 0.007 0.009 0.043 0.322 
 357 R E   0.006 0.567 0.001 0.026 0.007 0.009 0.046 0.340 
 358 G E   0.006 0.536 0.001 0.026 0.007 0.009 0.050 0.366 
 359 P E   0.006 0.495 0.001 0.026 0.007 0.009 0.054 0.402 
 360 M E   0.006 0.447 0.001 0.025 0.007 0.009 0.060 0.444 
 361 D _   0.007 0.395 0.001 0.024 0.006 0.010 0.067 0.491 
 362 T _   0.007 0.342 0.001 0.021 0.005 0.009 0.074 0.540 
 363 S _   0.007 0.295 0.001 0.018 0.005 0.009 0.081 0.585 
 364 N _   0.006 0.255 0.001 0.015 0.004 0.009 0.087 0.623 
 365 F _   0.006 0.225 0.000 0.013 0.003 0.008 0.092 0.654 
 366 D _   0.005 0.204 0.000 0.010 0.002 0.007 0.096 0.675 
 367 V _   0.004 0.190 0.000 0.009 0.002 0.007 0.099 0.689 
 368 D _   0.004 0.181 0.000 0.008 0.002 0.006 0.100 0.698 
 369 D _   0.004 0.176 0.000 0.008 0.002 0.006 0.102 0.703 
 370 D _   0.004 0.174 0.000 0.008 0.002 0.006 0.102 0.704 
 371 T _   0.004 0.174 0.000 0.008 0.002 0.007 0.102 0.703 
 372 L _   0.004 0.176 0.000 0.009 0.002 0.007 0.102 0.700 
 373 N _   0.004 0.179 0.000 0.010 0.002 0.007 0.101 0.696 
 374 H _   0.004 0.184 0.000 0.011 0.002 0.007 0.100 0.691 
 375 P _   0.004 0.191 0.000 0.012 0.002 0.008 0.099 0.684 
 376 G _   0.004 0.199 0.000 0.012 0.003 0.008 0.097 0.676 
 377 T _   0.004 0.209 0.000 0.013 0.003 0.008 0.095 0.668 
 378 L _   0.004 0.220 0.000 0.013 0.003 0.009 0.093 0.658 
 379 P _   0.004 0.232 0.000 0.014 0.003 0.009 0.091 0.646 
 380 P _   0.004 0.248 0.000 0.015 0.004 0.010 0.089 0.631 
 381 P _   0.004 0.267 0.001 0.016 0.004 0.011 0.086 0.612 
 382 S _   0.004 0.291 0.001 0.017 0.005 0.012 0.082 0.588 
 383 H _   0.005 0.321 0.001 0.019 0.006 0.013 0.079 0.558 
 384 G _   0.005 0.358 0.001 0.021 0.007 0.014 0.074 0.520 
 385 A _   0.006 0.404 0.001 0.024 0.008 0.015 0.070 0.472 
 386 F E   0.006 0.457 0.001 0.027 0.010 0.016 0.065 0.418 
 387 S E   0.006 0.515 0.001 0.030 0.011 0.016 0.060 0.360 
 388 G E   0.006 0.574 0.001 0.034 0.013 0.016 0.056 0.301 
 389 H E   0.005 0.625 0.001 0.037 0.013 0.015 0.053 0.250 
 390 H E   0.005 0.664 0.001 0.041 0.013 0.015 0.051 0.211 
 391 L E   0.005 0.688 0.001 0.044 0.012 0.014 0.050 0.186 
 392 P E   0.005 0.701 0.001 0.047 0.012 0.013 0.050 0.172 
 393 F E   0.005 0.704 0.001 0.049 0.012 0.013 0.050 0.167 
 394 V E   0.005 0.699 0.001 0.050 0.012 0.012 0.051 0.170 
 395 G E   0.005 0.683 0.001 0.049 0.012 0.012 0.054 0.183 
 396 F E   0.006 0.649 0.001 0.048 0.012 0.012 0.058 0.213 
 397 T E   0.008 0.586 0.002 0.045 0.013 0.012 0.065 0.270 
 398 Y E   0.009 0.486 0.002 0.041 0.013 0.013 0.075 0.360 
 399 T _   0.011 0.358 0.002 0.033 0.012 0.013 0.090 0.481 
 400 S _   0.011 0.237 0.002 0.024 0.009 0.012 0.105 0.600 
 401 G _   0.009 0.153 0.001 0.015 0.006 0.011 0.116 0.688 
 402 S _   0.007 0.108 0.001 0.009 0.003 0.009 0.124 0.739 
 403 H _   0.006 0.087 0.000 0.005 0.002 0.008 0.129 0.763 
 404 S _   0.005 0.079 0.000 0.004 0.002 0.008 0.131 0.772 
 405 P _   0.004 0.078 0.000 0.004 0.002 0.008 0.133 0.771 
 406 E _   0.005 0.080 0.000 0.006 0.002 0.010 0.134 0.763 
 407 S _   0.006 0.089 0.000 0.009 0.004 0.012 0.134 0.746 
 408 S _   0.007 0.107 0.001 0.015 0.005 0.015 0.133 0.717 
 409 S _   0.008 0.134 0.001 0.024 0.008 0.017 0.132 0.676 
 410 E _   0.009 0.165 0.001 0.033 0.010 0.019 0.131 0.632 
 411 A _   0.009 0.189 0.001 0.041 0.012 0.021 0.130 0.596 
 412 W _   0.009 0.205 0.001 0.047 0.013 0.021 0.131 0.573 
 413 A _   0.010 0.214 0.001 0.050 0.013 0.022 0.132 0.559 
 414 A _   0.010 0.216 0.001 0.049 0.014 0.021 0.134 0.555 
 415 L _   0.010 0.213 0.001 0.046 0.013 0.020 0.137 0.559 
 416 E _   0.010 0.205 0.001 0.040 0.012 0.019 0.142 0.570 
 417 R _   0.011 0.192 0.001 0.034 0.011 0.018 0.147 0.586 
 418 K _   0.011 0.174 0.001 0.028 0.010 0.017 0.153 0.606 
 419 L _   0.011 0.154 0.001 0.023 0.009 0.017 0.160 0.625 
 420 Q _   0.012 0.135 0.001 0.020 0.008 0.016 0.168 0.642 
 421 C _   0.012 0.118 0.001 0.017 0.007 0.015 0.175 0.655 
 422 L _   0.012 0.103 0.001 0.016 0.006 0.015 0.183 0.665 
 423 E _   0.012 0.091 0.001 0.015 0.006 0.014 0.190 0.672 
 424 Q _   0.011 0.080 0.001 0.014 0.005 0.013 0.197 0.678 
 425 E _   0.011 0.070 0.001 0.014 0.005 0.012 0.205 0.683 
 426 K _   0.010 0.061 0.001 0.013 0.005 0.011 0.211 0.688 
 427 V _   0.009 0.053 0.001 0.012 0.004 0.011 0.218 0.692 
 428 E _   0.009 0.046 0.001 0.011 0.004 0.010 0.224 0.696 
 429 L _   0.008 0.039 0.000 0.010 0.004 0.009 0.230 0.699 
 430 S _   0.008 0.034 0.000 0.010 0.003 0.009 0.236 0.700 
 431 R _   0.008 0.029 0.000 0.009 0.003 0.008 0.242 0.700 
 432 K _   0.008 0.025 0.000 0.009 0.003 0.008 0.247 0.699 
 433 H _   0.007 0.022 0.000 0.009 0.003 0.008 0.253 0.698 
 434 Q _   0.007 0.019 0.000 0.008 0.003 0.007 0.258 0.697 
 435 E _   0.007 0.017 0.000 0.008 0.003 0.007 0.263 0.695 
 436 A _   0.006 0.015 0.000 0.007 0.003 0.007 0.267 0.694 
 437 L _   0.006 0.014 0.000 0.007 0.002 0.006 0.271 0.694 
 438 H _   0.006 0.013 0.000 0.006 0.002 0.006 0.274 0.694 
 439 A _   0.005 0.012 0.000 0.005 0.002 0.006 0.277 0.693 
 440 P _   0.005 0.012 0.000 0.005 0.002 0.006 0.279 0.692 
 441 T _   0.005 0.012 0.000 0.005 0.002 0.006 0.281 0.689 
 442 D _   0.005 0.013 0.000 0.005 0.002 0.007 0.283 0.685 
 443 H _   0.005 0.015 0.000 0.006 0.002 0.007 0.284 0.680 
 444 R _   0.006 0.019 0.000 0.008 0.003 0.009 0.284 0.671 
 445 E _   0.006 0.025 0.000 0.011 0.004 0.010 0.285 0.660 
 446 L _   0.006 0.031 0.001 0.014 0.005 0.011 0.285 0.647 
 447 E _   0.007 0.039 0.001 0.018 0.006 0.012 0.285 0.634 
 448 Q _   0.007 0.045 0.001 0.021 0.006 0.012 0.286 0.622 
 449 L _   0.007 0.050 0.001 0.023 0.007 0.013 0.287 0.613 
 450 R _   0.007 0.053 0.001 0.024 0.007 0.012 0.289 0.607 
 451 K _   0.007 0.055 0.001 0.024 0.007 0.012 0.292 0.603 
 452 E _   0.007 0.055 0.001 0.022 0.006 0.012 0.296 0.602 
 453 V _   0.007 0.054 0.001 0.020 0.006 0.011 0.300 0.602 
 454 Q _   0.006 0.052 0.001 0.017 0.005 0.011 0.305 0.603 
 455 T _   0.006 0.049 0.001 0.015 0.005 0.010 0.310 0.603 
 456 L _   0.007 0.047 0.001 0.014 0.005 0.010 0.316 0.601 
 457 R _   0.007 0.044 0.001 0.013 0.004 0.010 0.322 0.599 
 458 D _   0.007 0.042 0.000 0.013 0.004 0.010 0.329 0.596 
 459 R _   0.007 0.039 0.000 0.013 0.004 0.009 0.335 0.591 
 460 L _   0.007 0.037 0.000 0.014 0.004 0.009 0.342 0.586 
 461 P _   0.007 0.035 0.001 0.014 0.004 0.009 0.349 0.581 
 462 E _   0.007 0.033 0.000 0.014 0.004 0.009 0.356 0.577 
 463 M _   0.007 0.030 0.000 0.014 0.004 0.009 0.363 0.573 
 464 L _   0.007 0.026 0.000 0.013 0.004 0.008 0.371 0.570 
 465 R _   0.007 0.023 0.000 0.012 0.003 0.007 0.379 0.569 
 466 D _   0.006 0.019 0.000 0.010 0.003 0.007 0.386 0.568 
 467 K _   0.006 0.015 0.000 0.009 0.002 0.006 0.394 0.567 
 468 A _   0.006 0.012 0.000 0.008 0.002 0.006 0.400 0.567 
 469 S _   0.005 0.009 0.000 0.006 0.002 0.005 0.406 0.566 
 470 L _   0.005 0.007 0.000 0.006 0.002 0.005 0.411 0.565 
 471 S _   0.005 0.005 0.000 0.005 0.001 0.004 0.415 0.564 
 472 Q _   0.005 0.004 0.000 0.005 0.001 0.004 0.418 0.563 
 473 T _   0.004 0.003 0.000 0.004 0.001 0.004 0.421 0.562 
 474 D _   0.004 0.003 0.000 0.004 0.001 0.004 0.422 0.561 
 475 G _   0.004 0.002 0.000 0.004 0.001 0.004 0.423 0.562 
 476 P _   0.004 0.002 0.000 0.004 0.001 0.004 0.422 0.562 
 477 P _   0.004 0.002 0.000 0.004 0.001 0.004 0.421 0.564 
 478 A _   0.004 0.002 0.000 0.004 0.001 0.004 0.419 0.566 
 479 G _   0.003 0.002 0.000 0.004 0.001 0.004 0.416 0.569 
 480 S _   0.003 0.002 0.000 0.004 0.001 0.004 0.412 0.573 
 481 P _   0.003 0.003 0.000 0.004 0.001 0.004 0.407 0.577 
 482 G _   0.003 0.004 0.000 0.005 0.001 0.004 0.401 0.582 
 483 Q _   0.003 0.005 0.000 0.005 0.001 0.005 0.393 0.587 
 484 D _   0.003 0.007 0.000 0.006 0.002 0.005 0.385 0.592 
 485 S _   0.003 0.010 0.000 0.007 0.002 0.006 0.375 0.597 
 486 D _   0.003 0.013 0.000 0.009 0.002 0.007 0.364 0.601 
 487 L _   0.004 0.018 0.000 0.010 0.003 0.007 0.352 0.605 
 488 R _   0.004 0.024 0.000 0.012 0.003 0.008 0.339 0.609 
 489 Q _   0.004 0.031 0.000 0.014 0.004 0.009 0.326 0.612 
 490 E _   0.004 0.037 0.001 0.016 0.004 0.009 0.313 0.616 
 491 L _   0.004 0.044 0.001 0.017 0.004 0.010 0.300 0.620 
 492 D _   0.004 0.051 0.001 0.018 0.004 0.010 0.287 0.625 
 493 R _   0.004 0.057 0.001 0.018 0.005 0.010 0.276 0.630 
 494 L _   0.004 0.062 0.001 0.018 0.005 0.010 0.265 0.634 
 495 H _   0.005 0.067 0.001 0.019 0.005 0.011 0.256 0.638 
 496 R _   0.005 0.072 0.001 0.019 0.005 0.011 0.247 0.641 
 497 E _   0.005 0.076 0.001 0.019 0.005 0.011 0.239 0.644 
 498 L _   0.005 0.080 0.001 0.020 0.005 0.011 0.231 0.647 
 499 A _   0.006 0.083 0.001 0.020 0.005 0.011 0.224 0.650 
 500 E _   0.006 0.084 0.001 0.020 0.005 0.011 0.219 0.654 
 501 G _   0.006 0.085 0.001 0.020 0.005 0.011 0.213 0.659 
 502 R _   0.006 0.085 0.001 0.019 0.005 0.011 0.208 0.665 
 503 A _   0.006 0.084 0.001 0.018 0.005 0.010 0.204 0.671 
 504 G _   0.006 0.081 0.001 0.017 0.005 0.010 0.201 0.679 
 505 L _   0.006 0.078 0.001 0.016 0.004 0.009 0.198 0.688 
 506 Q _   0.006 0.074 0.001 0.014 0.004 0.009 0.195 0.697 
 507 A _   0.006 0.069 0.000 0.013 0.004 0.009 0.192 0.706 
 508 Q _   0.006 0.065 0.000 0.012 0.004 0.008 0.190 0.715 
 509 E _   0.006 0.060 0.000 0.011 0.003 0.008 0.188 0.723 
 510 Q _   0.006 0.056 0.000 0.010 0.003 0.008 0.186 0.730 
 511 E _   0.006 0.053 0.000 0.009 0.003 0.008 0.184 0.737 
 512 L _   0.006 0.050 0.000 0.009 0.003 0.007 0.182 0.743 
 513 C _   0.006 0.047 0.000 0.009 0.003 0.007 0.180 0.747 
 514 R _   0.006 0.045 0.000 0.009 0.003 0.007 0.178 0.751 
 515 A _   0.006 0.043 0.000 0.009 0.003 0.007 0.176 0.755 
 516 Q _   0.006 0.042 0.000 0.009 0.003 0.008 0.174 0.758 
 517 G _   0.006 0.041 0.000 0.010 0.003 0.008 0.172 0.760 
 518 Q _   0.006 0.040 0.000 0.010 0.003 0.008 0.170 0.763 
 519 Q _   0.006 0.039 0.000 0.011 0.003 0.008 0.168 0.765 
 520 E _   0.006 0.038 0.000 0.011 0.003 0.008 0.167 0.767 
 521 E _   0.006 0.037 0.000 0.011 0.003 0.008 0.165 0.770 
 522 L _   0.006 0.035 0.000 0.011 0.003 0.008 0.163 0.773 
 523 L _   0.006 0.034 0.000 0.011 0.003 0.007 0.162 0.777 
 524 Q _   0.005 0.032 0.000 0.010 0.003 0.007 0.160 0.782 
 525 R _   0.005 0.031 0.000 0.009 0.003 0.007 0.158 0.786 
 526 L _   0.005 0.030 0.000 0.008 0.003 0.007 0.157 0.790 
 527 Q _   0.005 0.029 0.000 0.008 0.002 0.007 0.155 0.794 
 528 E _   0.005 0.029 0.000 0.007 0.002 0.007 0.153 0.796 
 529 A _   0.005 0.029 0.000 0.007 0.003 0.007 0.151 0.798 
 530 Q _   0.005 0.029 0.000 0.008 0.003 0.008 0.149 0.799 
 531 E _   0.006 0.030 0.000 0.008 0.003 0.008 0.147 0.798 
 532 R _   0.006 0.032 0.000 0.009 0.003 0.009 0.144 0.796 
 533 E _   0.006 0.035 0.000 0.010 0.004 0.010 0.142 0.793 
 534 A _   0.007 0.037 0.001 0.012 0.004 0.010 0.139 0.789 
 535 A _   0.007 0.040 0.001 0.013 0.005 0.011 0.137 0.785 
 536 T _   0.008 0.043 0.001 0.015 0.005 0.012 0.135 0.782 
 537 A _   0.008 0.045 0.001 0.016 0.006 0.012 0.133 0.779 
 538 S _   0.009 0.047 0.001 0.016 0.006 0.012 0.132 0.777 
 539 Q _   0.009 0.048 0.001 0.017 0.006 0.013 0.131 0.776 
 540 T _   0.009 0.048 0.001 0.016 0.006 0.013 0.130 0.777 
 541 R _   0.009 0.047 0.001 0.016 0.006 0.012 0.130 0.779 
 542 A _   0.009 0.046 0.001 0.015 0.006 0.012 0.129 0.782 
 543 L _   0.009 0.045 0.001 0.014 0.006 0.012 0.129 0.785 
 544 S _   0.009 0.043 0.001 0.013 0.005 0.012 0.129 0.788 
 545 S _   0.009 0.042 0.001 0.012 0.005 0.011 0.129 0.791 
 546 Q _   0.009 0.040 0.001 0.012 0.005 0.011 0.130 0.794 
 547 L _   0.009 0.038 0.001 0.011 0.004 0.011 0.130 0.796 
 548 E _   0.009 0.037 0.000 0.010 0.004 0.011 0.130 0.798 
 549 E _   0.009 0.036 0.001 0.010 0.004 0.011 0.130 0.800 
 550 A _   0.009 0.035 0.000 0.010 0.004 0.011 0.131 0.801 
 551 R _   0.009 0.034 0.000 0.010 0.004 0.011 0.131 0.802 
 552 A _   0.009 0.033 0.000 0.009 0.004 0.011 0.131 0.801 
 553 A _   0.009 0.033 0.000 0.010 0.004 0.011 0.132 0.800 
 554 Q _   0.010 0.033 0.001 0.010 0.005 0.012 0.132 0.798 
 555 R _   0.010 0.033 0.001 0.010 0.005 0.012 0.133 0.796 
 556 E _   0.011 0.034 0.001 0.010 0.005 0.013 0.133 0.794 
 557 L _   0.011 0.034 0.001 0.010 0.005 0.014 0.134 0.791 
 558 E _   0.012 0.035 0.001 0.010 0.005 0.014 0.135 0.789 
 559 A _   0.013 0.035 0.001 0.010 0.006 0.015 0.136 0.785 
 560 Q _   0.014 0.036 0.001 0.010 0.006 0.016 0.137 0.780 
 561 V _   0.015 0.038 0.001 0.010 0.007 0.017 0.138 0.774 
 562 S _   0.017 0.040 0.001 0.011 0.008 0.018 0.140 0.766 
 563 S _   0.019 0.043 0.001 0.013 0.009 0.019 0.142 0.756 
 564 L _   0.020 0.046 0.001 0.015 0.010 0.020 0.144 0.745 
 565 S _   0.021 0.049 0.001 0.017 0.010 0.020 0.146 0.735 
 566 R _   0.021 0.052 0.001 0.020 0.011 0.021 0.149 0.725 
 567 Q _   0.021 0.053 0.001 0.022 0.011 0.020 0.153 0.717 
 568 V _   0.021 0.054 0.001 0.023 0.011 0.020 0.157 0.712 
 569 T _   0.020 0.054 0.001 0.024 0.011 0.019 0.162 0.711 
 570 Q _   0.018 0.052 0.001 0.022 0.009 0.017 0.167 0.713 
 571 L _   0.017 0.048 0.001 0.020 0.008 0.015 0.173 0.718 
 572 Q _   0.015 0.043 0.001 0.018 0.007 0.014 0.179 0.724 
 573 G _   0.013 0.037 0.001 0.015 0.006 0.012 0.185 0.732 
 574 Q _   0.011 0.032 0.001 0.012 0.004 0.010 0.191 0.739 
 575 W _   0.010 0.027 0.000 0.009 0.004 0.009 0.196 0.745 
 576 E _   0.008 0.023 0.000 0.007 0.003 0.008 0.201 0.750 
 577 Q _   0.007 0.020 0.000 0.006 0.002 0.007 0.205 0.752 
 578 R _   0.007 0.019 0.000 0.005 0.002 0.007 0.208 0.752 
 579 L _   0.006 0.018 0.000 0.005 0.002 0.007 0.211 0.751 
 580 E _   0.006 0.019 0.000 0.005 0.002 0.007 0.213 0.747 
 581 E _   0.006 0.021 0.000 0.006 0.003 0.008 0.215 0.740 
 582 S _   0.006 0.025 0.000 0.009 0.003 0.009 0.216 0.730 
 583 S _   0.007 0.032 0.001 0.013 0.004 0.010 0.218 0.716 
 584 Q _   0.007 0.039 0.001 0.018 0.005 0.012 0.219 0.699 
 585 A _   0.008 0.047 0.001 0.023 0.007 0.013 0.220 0.681 
 586 K _   0.008 0.054 0.001 0.029 0.008 0.013 0.223 0.664 
 587 T _   0.008 0.059 0.001 0.033 0.008 0.013 0.226 0.651 
 588 I _   0.009 0.061 0.001 0.036 0.008 0.013 0.230 0.642 
 589 H _   0.009 0.061 0.001 0.035 0.008 0.013 0.235 0.639 
 590 T _   0.008 0.059 0.001 0.033 0.007 0.012 0.241 0.639 
 591 A _   0.008 0.054 0.001 0.028 0.006 0.011 0.249 0.643 
 592 S _   0.008 0.047 0.001 0.023 0.005 0.010 0.257 0.650 
 593 E _   0.008 0.038 0.001 0.017 0.004 0.008 0.265 0.659 
 594 T _   0.007 0.028 0.000 0.012 0.003 0.007 0.273 0.668 
 595 N _   0.007 0.021 0.000 0.008 0.002 0.006 0.280 0.676 
 596 G _   0.006 0.016 0.000 0.006 0.002 0.005 0.285 0.681 
 597 M _   0.005 0.012 0.000 0.004 0.001 0.004 0.289 0.684 
 598 G _   0.005 0.010 0.000 0.003 0.001 0.004 0.291 0.686 
 599 P _   0.004 0.010 0.000 0.003 0.001 0.004 0.291 0.688 
 600 P _   0.004 0.010 0.000 0.002 0.001 0.004 0.291 0.688 
 601 E _   0.003 0.011 0.000 0.003 0.001 0.004 0.289 0.688 
 602 G _   0.004 0.015 0.000 0.004 0.001 0.006 0.286 0.685 
 603 G _   0.004 0.022 0.000 0.006 0.002 0.007 0.280 0.678 
 604 P _   0.005 0.037 0.000 0.009 0.003 0.009 0.273 0.663 
 605 Q _   0.006 0.064 0.001 0.014 0.005 0.012 0.262 0.637 
 606 E _   0.006 0.105 0.001 0.020 0.007 0.014 0.249 0.597 
 607 A _   0.006 0.159 0.001 0.027 0.008 0.016 0.234 0.549 
 608 Q _   0.006 0.217 0.001 0.032 0.009 0.016 0.220 0.499 
 609 L _   0.005 0.270 0.001 0.036 0.010 0.016 0.208 0.454 
 610 R _   0.005 0.314 0.001 0.039 0.010 0.015 0.198 0.418 
 611 K _   0.004 0.347 0.001 0.042 0.010 0.015 0.191 0.391 
 612 E _   0.004 0.369 0.001 0.044 0.009 0.014 0.186 0.373 
 613 V E   0.004 0.382 0.001 0.045 0.009 0.014 0.183 0.362 
 614 A E   0.004 0.388 0.001 0.046 0.009 0.013 0.181 0.358 
 615 A E   0.005 0.389 0.001 0.046 0.009 0.013 0.181 0.358 
 616 L E   0.005 0.384 0.001 0.044 0.009 0.012 0.181 0.363 
 617 R _   0.006 0.372 0.001 0.042 0.009 0.012 0.183 0.376 
 618 E _   0.007 0.349 0.001 0.039 0.009 0.012 0.187 0.398 
 619 Q _   0.007 0.314 0.001 0.035 0.008 0.011 0.192 0.431 
 620 L _   0.008 0.265 0.001 0.030 0.008 0.011 0.199 0.478 
 621 E _   0.009 0.206 0.001 0.025 0.007 0.011 0.208 0.534 
 622 Q _   0.009 0.148 0.001 0.019 0.006 0.010 0.217 0.590 
 623 A _   0.009 0.101 0.001 0.013 0.004 0.009 0.225 0.638 
 624 H _   0.008 0.068 0.000 0.009 0.003 0.008 0.230 0.674 
 625 S _   0.006 0.050 0.000 0.006 0.002 0.007 0.234 0.696 
 626 H _   0.005 0.040 0.000 0.004 0.001 0.006 0.236 0.707 
 627 R _   0.004 0.036 0.000 0.003 0.001 0.006 0.236 0.712 
 628 P _   0.004 0.035 0.000 0.004 0.001 0.006 0.236 0.713 
 629 S _   0.004 0.037 0.000 0.005 0.002 0.007 0.235 0.710 
 630 G _   0.005 0.041 0.000 0.008 0.002 0.008 0.233 0.702 
 631 K _   0.005 0.048 0.000 0.012 0.003 0.010 0.231 0.690 
 632 E _   0.006 0.058 0.001 0.018 0.005 0.011 0.228 0.674 
 633 E _   0.006 0.068 0.001 0.024 0.006 0.012 0.225 0.658 
 634 A _   0.006 0.077 0.001 0.030 0.007 0.013 0.222 0.644 
 635 L _   0.006 0.082 0.001 0.034 0.007 0.013 0.221 0.636 
 636 C _   0.006 0.084 0.001 0.035 0.007 0.013 0.220 0.634 
 637 Q _   0.006 0.083 0.001 0.034 0.007 0.012 0.220 0.636 
 638 L _   0.006 0.080 0.001 0.031 0.006 0.011 0.222 0.643 
 639 Q _   0.006 0.074 0.001 0.026 0.006 0.010 0.224 0.654 
 640 E _   0.006 0.065 0.001 0.021 0.005 0.009 0.227 0.668 
 641 E _   0.006 0.054 0.001 0.015 0.004 0.008 0.230 0.682 
 642 N _   0.006 0.044 0.000 0.011 0.003 0.008 0.233 0.695 
 643 R _   0.005 0.036 0.000 0.008 0.002 0.007 0.235 0.706 
 644 R _   0.005 0.030 0.000 0.006 0.002 0.006 0.237 0.712 
 645 L _   0.005 0.026 0.000 0.006 0.002 0.006 0.239 0.716 
 646 S _   0.005 0.025 0.000 0.005 0.002 0.006 0.239 0.718 
 647 R _   0.005 0.024 0.000 0.006 0.002 0.007 0.240 0.717 
 648 E _   0.005 0.024 0.000 0.007 0.002 0.007 0.240 0.714 
 649 Q _   0.005 0.025 0.000 0.009 0.003 0.008 0.239 0.710 
 650 E _   0.005 0.027 0.000 0.012 0.003 0.008 0.239 0.705 
 651 R _   0.006 0.029 0.000 0.015 0.004 0.009 0.238 0.700 
 652 L _   0.006 0.030 0.000 0.017 0.004 0.009 0.238 0.696 
 653 E _   0.006 0.031 0.000 0.019 0.004 0.009 0.238 0.693 
 654 A _   0.006 0.030 0.001 0.019 0.004 0.009 0.239 0.692 
 655 E _   0.006 0.029 0.000 0.019 0.004 0.009 0.239 0.693 
 656 L _   0.006 0.027 0.000 0.017 0.004 0.008 0.241 0.697 
 657 A _   0.006 0.024 0.000 0.015 0.003 0.008 0.242 0.702 
 658 Q _   0.005 0.021 0.000 0.012 0.003 0.007 0.244 0.707 
 659 E _   0.005 0.017 0.000 0.010 0.002 0.006 0.246 0.713 
 660 Q _   0.005 0.014 0.000 0.008 0.002 0.006 0.247 0.717 
 661 E _   0.005 0.011 0.000 0.007 0.002 0.006 0.248 0.721 
 662 S _   0.005 0.009 0.000 0.006 0.002 0.005 0.249 0.723 
 663 K _   0.005 0.008 0.000 0.006 0.002 0.005 0.249 0.725 
