#TopoPred_TM8: 8-state transmembrane topology prediction results by no_profile mode 
#probabilities are in the order of H E C I L F X _, the 8 transmembrane topology types used in PDBTM 
   1 M _   0.021 0.001 0.002 0.025 0.010 0.011 0.382 0.548 
   2 G _   0.007 0.000 0.000 0.008 0.002 0.005 0.386 0.592 
   3 P _   0.005 0.000 0.000 0.003 0.001 0.003 0.383 0.606 
   4 E _   0.017 0.000 0.000 0.002 0.002 0.004 0.369 0.606 
   5 A _   0.070 0.000 0.001 0.002 0.004 0.009 0.337 0.577 
   6 L _   0.212 0.000 0.001 0.002 0.010 0.016 0.277 0.481 
   7 S H   0.394 0.000 0.002 0.002 0.016 0.021 0.217 0.349 
   8 S H   0.553 0.000 0.002 0.002 0.021 0.023 0.167 0.233 
   9 L H   0.657 0.000 0.002 0.002 0.024 0.023 0.137 0.157 
  10 L H   0.715 0.000 0.002 0.002 0.026 0.021 0.120 0.114 
  11 L H   0.744 0.000 0.002 0.002 0.027 0.019 0.111 0.095 
  12 L H   0.754 0.000 0.002 0.002 0.027 0.017 0.106 0.091 
  13 L H   0.749 0.000 0.002 0.002 0.027 0.016 0.103 0.101 
  14 L H   0.728 0.000 0.002 0.002 0.026 0.015 0.101 0.126 
  15 V H   0.684 0.000 0.002 0.003 0.024 0.014 0.100 0.174 
  16 A H   0.611 0.000 0.002 0.003 0.020 0.013 0.101 0.250 
  17 S H   0.514 0.000 0.002 0.003 0.015 0.012 0.103 0.352 
  18 G _   0.401 0.000 0.001 0.002 0.010 0.010 0.106 0.469 
  19 D _   0.292 0.000 0.001 0.002 0.007 0.009 0.109 0.580 
  20 A _   0.201 0.000 0.001 0.002 0.004 0.008 0.112 0.672 
  21 D _   0.130 0.000 0.000 0.002 0.003 0.007 0.115 0.743 
  22 M _   0.081 0.000 0.000 0.002 0.002 0.006 0.116 0.791 
  23 K _   0.049 0.000 0.000 0.002 0.002 0.006 0.117 0.823 
  24 G _   0.030 0.001 0.000 0.003 0.002 0.006 0.117 0.842 
  25 H _   0.019 0.002 0.000 0.003 0.002 0.007 0.116 0.852 
  26 F _   0.014 0.004 0.000 0.004 0.002 0.008 0.114 0.854 
  27 D _   0.011 0.009 0.000 0.006 0.003 0.010 0.111 0.849 
  28 P _   0.010 0.021 0.001 0.010 0.004 0.012 0.108 0.834 
  29 A _   0.010 0.043 0.001 0.016 0.006 0.014 0.103 0.807 
  30 K _   0.010 0.074 0.001 0.025 0.008 0.016 0.097 0.769 
  31 C _   0.009 0.111 0.001 0.034 0.010 0.017 0.091 0.726 
  32 R _   0.009 0.144 0.001 0.043 0.012 0.018 0.086 0.688 
  33 Y _   0.008 0.169 0.001 0.050 0.012 0.018 0.082 0.659 
  34 A _   0.008 0.185 0.001 0.055 0.013 0.018 0.079 0.641 
  35 L _   0.008 0.193 0.001 0.057 0.012 0.017 0.077 0.635 
  36 G _   0.008 0.196 0.001 0.055 0.011 0.016 0.076 0.638 
  37 M _   0.008 0.193 0.001 0.049 0.010 0.014 0.076 0.649 
  38 Q _   0.007 0.184 0.001 0.041 0.009 0.013 0.076 0.668 
  39 D _   0.007 0.171 0.001 0.033 0.007 0.011 0.077 0.693 
  40 R _   0.007 0.152 0.001 0.025 0.005 0.010 0.078 0.722 
  41 T _   0.006 0.134 0.001 0.018 0.004 0.009 0.079 0.750 
  42 I _   0.006 0.118 0.000 0.013 0.003 0.008 0.080 0.772 
  43 P _   0.005 0.107 0.000 0.009 0.002 0.007 0.080 0.788 
  44 D _   0.005 0.100 0.000 0.008 0.002 0.006 0.080 0.798 
  45 S _   0.005 0.097 0.000 0.007 0.002 0.006 0.080 0.804 
  46 D _   0.004 0.097 0.000 0.007 0.002 0.006 0.079 0.805 
  47 I _   0.004 0.098 0.000 0.008 0.002 0.007 0.077 0.804 
  48 S _   0.004 0.103 0.000 0.009 0.002 0.007 0.075 0.799 
  49 A _   0.004 0.110 0.000 0.011 0.003 0.008 0.073 0.791 
  50 S _   0.004 0.119 0.000 0.014 0.003 0.008 0.070 0.781 
  51 S _   0.004 0.129 0.001 0.017 0.004 0.009 0.067 0.769 
  52 S _   0.004 0.140 0.001 0.020 0.004 0.010 0.064 0.757 
  53 W _   0.004 0.150 0.001 0.023 0.005 0.010 0.061 0.746 
  54 S _   0.004 0.159 0.001 0.025 0.005 0.010 0.058 0.736 
  55 D _   0.004 0.167 0.001 0.028 0.006 0.011 0.056 0.728 
  56 S _   0.004 0.172 0.001 0.030 0.006 0.011 0.054 0.722 
  57 T _   0.005 0.174 0.001 0.032 0.006 0.011 0.053 0.718 
  58 A _   0.005 0.175 0.001 0.033 0.006 0.011 0.052 0.718 
  59 A _   0.005 0.172 0.001 0.033 0.006 0.011 0.052 0.721 
  60 R _   0.005 0.166 0.001 0.031 0.006 0.010 0.052 0.728 
  61 H _   0.005 0.157 0.001 0.029 0.006 0.010 0.052 0.740 
  62 S _   0.005 0.144 0.001 0.025 0.005 0.009 0.053 0.757 
  63 R _   0.005 0.128 0.001 0.021 0.005 0.009 0.054 0.778 
  64 L _   0.005 0.110 0.001 0.017 0.004 0.008 0.055 0.800 
  65 E _   0.005 0.092 0.000 0.013 0.003 0.007 0.056 0.823 
  66 S _   0.005 0.077 0.000 0.010 0.003 0.007 0.056 0.842 
  67 S _   0.005 0.066 0.000 0.008 0.002 0.006 0.057 0.855 
  68 D _   0.004 0.059 0.000 0.007 0.002 0.007 0.057 0.863 
  69 G _   0.005 0.056 0.000 0.007 0.002 0.007 0.057 0.867 
  70 D _   0.005 0.055 0.000 0.008 0.002 0.008 0.056 0.866 
  71 G _   0.005 0.055 0.000 0.010 0.003 0.008 0.056 0.862 
  72 A _   0.006 0.056 0.000 0.013 0.004 0.010 0.055 0.856 
  73 W _   0.006 0.058 0.001 0.016 0.004 0.010 0.054 0.850 
  74 C _   0.006 0.059 0.001 0.019 0.005 0.011 0.053 0.845 
  75 P _   0.006 0.060 0.001 0.021 0.006 0.012 0.053 0.842 
  76 A _   0.006 0.059 0.001 0.023 0.006 0.012 0.052 0.841 
  77 G _   0.006 0.057 0.001 0.022 0.006 0.012 0.052 0.844 
  78 S _   0.006 0.054 0.001 0.021 0.006 0.012 0.052 0.849 
  79 V _   0.006 0.049 0.001 0.018 0.005 0.012 0.052 0.857 
  80 F _   0.007 0.043 0.001 0.016 0.005 0.012 0.052 0.865 
  81 P _   0.007 0.037 0.001 0.014 0.005 0.012 0.052 0.873 
  82 K _   0.007 0.032 0.001 0.012 0.004 0.012 0.053 0.880 
  83 E _   0.007 0.027 0.001 0.010 0.004 0.013 0.053 0.885 
  84 E _   0.008 0.023 0.000 0.009 0.004 0.014 0.053 0.888 
  85 E _   0.009 0.020 0.000 0.008 0.004 0.015 0.053 0.889 
  86 Y _   0.011 0.018 0.000 0.008 0.004 0.017 0.053 0.888 
  87 L _   0.014 0.017 0.001 0.007 0.005 0.020 0.053 0.884 
  88 Q _   0.019 0.017 0.001 0.007 0.005 0.023 0.053 0.876 
  89 V _   0.025 0.017 0.001 0.007 0.007 0.028 0.052 0.863 
  90 D _   0.034 0.019 0.001 0.008 0.010 0.034 0.051 0.844 
  91 L _   0.045 0.022 0.001 0.009 0.014 0.040 0.050 0.818 
  92 Q _   0.059 0.029 0.001 0.012 0.021 0.047 0.050 0.782 
  93 R _   0.072 0.041 0.002 0.016 0.029 0.054 0.049 0.737 
  94 L _   0.084 0.058 0.002 0.023 0.037 0.059 0.048 0.689 
  95 H _   0.093 0.077 0.002 0.031 0.043 0.061 0.048 0.646 
  96 L _   0.097 0.093 0.003 0.040 0.046 0.061 0.048 0.614 
  97 V _   0.097 0.105 0.002 0.046 0.045 0.058 0.048 0.597 
  98 A _   0.094 0.111 0.002 0.050 0.042 0.054 0.050 0.596 
  99 L _   0.088 0.112 0.002 0.050 0.037 0.049 0.051 0.610 
 100 V _   0.079 0.109 0.002 0.045 0.031 0.043 0.053 0.637 
 101 G _   0.068 0.100 0.002 0.038 0.024 0.037 0.056 0.676 
 102 T _   0.056 0.086 0.002 0.029 0.018 0.030 0.058 0.721 
 103 Q _   0.045 0.070 0.001 0.021 0.013 0.025 0.061 0.766 
 104 G _   0.035 0.055 0.001 0.014 0.008 0.020 0.063 0.804 
 105 R _   0.026 0.044 0.001 0.009 0.006 0.017 0.064 0.833 
 106 H _   0.020 0.038 0.000 0.007 0.004 0.014 0.066 0.851 
 107 A _   0.015 0.035 0.000 0.006 0.003 0.012 0.066 0.862 
 108 G _   0.012 0.034 0.000 0.006 0.003 0.012 0.067 0.866 
 109 G _   0.011 0.035 0.000 0.006 0.003 0.011 0.067 0.866 
 110 L _   0.010 0.038 0.000 0.008 0.004 0.012 0.067 0.861 
 111 G _   0.010 0.044 0.001 0.010 0.004 0.012 0.067 0.853 
 112 K _   0.009 0.050 0.001 0.013 0.005 0.013 0.066 0.842 
 113 E _   0.009 0.057 0.001 0.017 0.006 0.013 0.066 0.832 
 114 F _   0.009 0.063 0.001 0.020 0.007 0.013 0.066 0.822 
 115 S _   0.009 0.068 0.001 0.022 0.007 0.013 0.066 0.815 
 116 R _   0.009 0.071 0.001 0.023 0.007 0.013 0.066 0.810 
 117 S _   0.008 0.072 0.001 0.023 0.007 0.013 0.067 0.809 
 118 Y _   0.008 0.072 0.001 0.022 0.007 0.012 0.068 0.810 
 119 R _   0.008 0.071 0.001 0.020 0.006 0.012 0.069 0.813 
 120 L _   0.008 0.069 0.001 0.017 0.005 0.011 0.070 0.818 
 121 R _   0.008 0.066 0.001 0.015 0.005 0.010 0.072 0.824 
 122 Y _   0.007 0.063 0.001 0.013 0.004 0.010 0.073 0.829 
 123 S _   0.007 0.060 0.000 0.011 0.004 0.009 0.075 0.833 
 124 R _   0.007 0.059 0.000 0.011 0.004 0.009 0.076 0.834 
 125 D _   0.007 0.057 0.000 0.011 0.004 0.009 0.077 0.835 
 126 G _   0.007 0.057 0.000 0.011 0.004 0.009 0.078 0.833 
 127 R _   0.007 0.057 0.000 0.011 0.004 0.010 0.079 0.831 
 128 R _   0.007 0.058 0.000 0.012 0.004 0.010 0.080 0.828 
 129 W _   0.007 0.059 0.001 0.013 0.004 0.010 0.081 0.825 
 130 M _   0.007 0.060 0.001 0.014 0.004 0.010 0.082 0.821 
 131 G _   0.007 0.061 0.001 0.016 0.005 0.010 0.083 0.818 
 132 W _   0.007 0.062 0.001 0.017 0.005 0.011 0.083 0.813 
 133 K _   0.007 0.063 0.001 0.019 0.005 0.011 0.084 0.809 
 134 D _   0.008 0.063 0.001 0.021 0.006 0.011 0.086 0.804 
 135 R _   0.008 0.063 0.001 0.023 0.006 0.011 0.087 0.800 
 136 W _   0.008 0.062 0.001 0.025 0.006 0.011 0.090 0.797 
 137 G _   0.009 0.059 0.001 0.025 0.006 0.011 0.092 0.797 
 138 Q _   0.008 0.054 0.001 0.024 0.006 0.011 0.095 0.801 
 139 E _   0.008 0.048 0.001 0.021 0.005 0.010 0.098 0.809 
 140 V _   0.008 0.039 0.001 0.018 0.004 0.009 0.102 0.820 
 141 I _   0.007 0.029 0.000 0.013 0.003 0.008 0.105 0.834 
 142 S _   0.007 0.020 0.000 0.009 0.003 0.006 0.107 0.847 
 143 G _   0.006 0.013 0.000 0.007 0.002 0.006 0.109 0.857 
 144 N _   0.006 0.008 0.000 0.005 0.002 0.005 0.111 0.864 
 145 E _   0.005 0.006 0.000 0.004 0.001 0.005 0.112 0.868 
 146 D _   0.005 0.004 0.000 0.003 0.001 0.005 0.112 0.869 
 147 P _   0.005 0.004 0.000 0.003 0.001 0.005 0.111 0.870 
 148 E _   0.005 0.004 0.000 0.004 0.002 0.006 0.110 0.869 
 149 G _   0.005 0.005 0.000 0.005 0.002 0.007 0.109 0.867 
 150 V _   0.006 0.006 0.000 0.006 0.002 0.008 0.107 0.864 
 151 V _   0.006 0.009 0.000 0.007 0.003 0.010 0.104 0.861 
 152 L _   0.006 0.012 0.000 0.009 0.003 0.012 0.101 0.857 
 153 K _   0.007 0.015 0.000 0.010 0.004 0.014 0.097 0.852 
 154 D _   0.008 0.020 0.001 0.012 0.005 0.016 0.093 0.846 
 155 L _   0.009 0.025 0.001 0.014 0.006 0.019 0.089 0.837 
 156 G _   0.011 0.031 0.001 0.017 0.008 0.023 0.085 0.825 
 157 P _   0.013 0.039 0.001 0.021 0.011 0.027 0.081 0.808 
 158 P _   0.015 0.048 0.001 0.026 0.014 0.031 0.077 0.788 
 159 M _   0.018 0.056 0.001 0.033 0.018 0.034 0.073 0.766 
 160 V _   0.021 0.063 0.001 0.039 0.021 0.037 0.070 0.747 
 161 A _   0.023 0.068 0.002 0.045 0.023 0.039 0.067 0.734 
 162 R _   0.025 0.070 0.002 0.047 0.023 0.039 0.065 0.729 
 163 L _   0.027 0.068 0.002 0.046 0.023 0.039 0.063 0.734 
 164 V _   0.027 0.063 0.002 0.042 0.021 0.038 0.061 0.747 
 165 R _   0.028 0.053 0.002 0.034 0.018 0.036 0.060 0.769 
 166 F _   0.028 0.040 0.001 0.026 0.015 0.034 0.060 0.796 
 167 Y _   0.029 0.026 0.001 0.017 0.012 0.032 0.059 0.824 
 168 P _   0.031 0.013 0.001 0.011 0.009 0.031 0.058 0.846 
 169 R _   0.035 0.006 0.001 0.006 0.007 0.030 0.057 0.858 
 170 A _   0.040 0.002 0.001 0.004 0.006 0.031 0.056 0.860 
 171 D _   0.049 0.001 0.001 0.003 0.006 0.033 0.054 0.852 
 172 R _   0.063 0.001 0.001 0.003 0.008 0.037 0.053 0.836 
 173 V _   0.081 0.001 0.001 0.003 0.011 0.043 0.051 0.810 
 174 M _   0.103 0.001 0.001 0.005 0.016 0.050 0.049 0.775 
 175 S _   0.126 0.003 0.001 0.007 0.024 0.057 0.047 0.735 
 176 V _   0.148 0.005 0.002 0.011 0.033 0.064 0.045 0.693 
 177 C _   0.166 0.009 0.002 0.016 0.042 0.069 0.043 0.654 
 178 L _   0.177 0.014 0.002 0.020 0.049 0.072 0.041 0.624 
 179 R _   0.184 0.017 0.003 0.025 0.053 0.073 0.041 0.605 
 180 V _   0.185 0.020 0.003 0.028 0.055 0.072 0.040 0.598 
 181 E _   0.181 0.021 0.003 0.029 0.053 0.069 0.040 0.604 
 182 L _   0.173 0.021 0.003 0.028 0.049 0.065 0.040 0.622 
 183 Y _   0.160 0.019 0.002 0.025 0.042 0.060 0.040 0.651 
 184 G _   0.143 0.017 0.002 0.022 0.035 0.054 0.041 0.687 
 185 C _   0.125 0.013 0.002 0.018 0.027 0.048 0.042 0.726 
 186 L _   0.105 0.010 0.001 0.014 0.020 0.042 0.043 0.764 
 187 W _   0.087 0.007 0.001 0.011 0.014 0.037 0.043 0.799 
 188 R _   0.071 0.005 0.001 0.008 0.010 0.032 0.044 0.827 
 189 D _   0.058 0.004 0.001 0.007 0.008 0.029 0.044 0.849 
 190 G _   0.048 0.004 0.001 0.006 0.006 0.027 0.044 0.865 
 191 L _   0.041 0.004 0.001 0.005 0.006 0.026 0.044 0.874 
 192 L _   0.036 0.005 0.001 0.005 0.006 0.026 0.044 0.878 
 193 S _   0.033 0.007 0.001 0.006 0.006 0.027 0.043 0.877 
 194 Y _   0.033 0.011 0.001 0.007 0.008 0.028 0.043 0.869 
 195 T _   0.033 0.019 0.001 0.009 0.010 0.031 0.042 0.855 
 196 A _   0.034 0.034 0.001 0.013 0.013 0.033 0.040 0.831 
 197 P _   0.035 0.058 0.001 0.018 0.017 0.036 0.039 0.796 
 198 V _   0.036 0.090 0.002 0.024 0.021 0.037 0.037 0.753 
 199 G _   0.035 0.126 0.002 0.031 0.024 0.038 0.036 0.708 
 200 Q _   0.034 0.160 0.002 0.038 0.026 0.038 0.034 0.668 
 201 T _   0.032 0.188 0.002 0.044 0.027 0.037 0.033 0.637 
 202 M _   0.030 0.208 0.002 0.050 0.027 0.035 0.033 0.616 
 203 Y _   0.028 0.219 0.002 0.054 0.025 0.033 0.033 0.606 
 204 L _   0.025 0.224 0.002 0.055 0.023 0.030 0.033 0.608 
 205 S _   0.023 0.223 0.002 0.053 0.020 0.027 0.034 0.618 
 206 E _   0.020 0.216 0.001 0.049 0.017 0.024 0.035 0.637 
 207 A _   0.018 0.203 0.001 0.042 0.014 0.021 0.037 0.664 
 208 V _   0.016 0.184 0.001 0.033 0.010 0.018 0.038 0.699 
 209 Y _   0.014 0.159 0.001 0.024 0.008 0.015 0.040 0.740 
 210 L _   0.012 0.133 0.001 0.017 0.005 0.012 0.041 0.778 
 211 N _   0.010 0.113 0.001 0.011 0.004 0.010 0.043 0.809 
 212 D _   0.008 0.099 0.000 0.007 0.003 0.009 0.043 0.830 
 213 S _   0.007 0.092 0.000 0.005 0.002 0.008 0.043 0.842 
 214 T _   0.006 0.091 0.000 0.004 0.002 0.008 0.043 0.845 
 215 Y _   0.006 0.093 0.000 0.005 0.002 0.009 0.042 0.842 
 216 D _   0.007 0.101 0.000 0.007 0.003 0.011 0.041 0.829 
 217 G _   0.008 0.122 0.001 0.011 0.005 0.013 0.039 0.800 
 218 H _   0.009 0.163 0.001 0.017 0.008 0.016 0.036 0.750 
 219 T _   0.010 0.229 0.001 0.023 0.010 0.018 0.032 0.676 
 220 V _   0.009 0.313 0.002 0.029 0.013 0.018 0.028 0.588 
 221 G _   0.008 0.398 0.002 0.033 0.013 0.018 0.024 0.504 
 222 G E   0.007 0.469 0.001 0.034 0.013 0.017 0.020 0.438 
 223 L E   0.006 0.522 0.001 0.034 0.012 0.016 0.018 0.391 
 224 Q E   0.006 0.557 0.001 0.033 0.011 0.015 0.017 0.361 
 225 Y E   0.005 0.580 0.001 0.031 0.010 0.014 0.016 0.343 
 226 G E   0.005 0.595 0.001 0.030 0.010 0.013 0.015 0.331 
 227 G E   0.005 0.603 0.001 0.029 0.009 0.013 0.014 0.325 
 228 L E   0.005 0.608 0.001 0.028 0.009 0.013 0.014 0.323 
 229 G E   0.006 0.608 0.001 0.027 0.009 0.012 0.014 0.324 
 230 Q E   0.006 0.604 0.001 0.027 0.008 0.012 0.014 0.328 
 231 L E   0.006 0.595 0.001 0.027 0.008 0.012 0.015 0.336 
 232 A E   0.007 0.580 0.001 0.028 0.008 0.011 0.015 0.350 
 233 D E   0.007 0.558 0.001 0.028 0.009 0.011 0.016 0.370 
 234 G E   0.008 0.527 0.001 0.028 0.009 0.011 0.017 0.399 
 235 V E   0.008 0.484 0.001 0.027 0.009 0.012 0.019 0.440 
 236 V _   0.009 0.430 0.001 0.025 0.008 0.012 0.021 0.494 
 237 G _   0.010 0.367 0.001 0.022 0.008 0.012 0.024 0.557 
 238 L _   0.010 0.305 0.001 0.018 0.007 0.012 0.026 0.621 
 239 D _   0.010 0.250 0.001 0.014 0.005 0.011 0.028 0.680 
 240 D _   0.009 0.210 0.001 0.011 0.004 0.011 0.030 0.724 
 241 F _   0.008 0.186 0.000 0.008 0.003 0.010 0.031 0.753 
 242 R _   0.007 0.174 0.000 0.007 0.003 0.010 0.032 0.767 
 243 K _   0.007 0.169 0.000 0.007 0.003 0.010 0.032 0.772 
 244 S _   0.007 0.169 0.000 0.008 0.003 0.011 0.032 0.771 
 245 Q _   0.007 0.173 0.000 0.010 0.004 0.011 0.032 0.763 
 246 E _   0.007 0.180 0.001 0.014 0.004 0.012 0.031 0.752 
 247 L _   0.007 0.189 0.001 0.018 0.005 0.012 0.030 0.738 
 248 R _   0.007 0.198 0.001 0.022 0.006 0.012 0.030 0.725 
 249 V _   0.007 0.204 0.001 0.025 0.007 0.012 0.029 0.716 
 250 W _   0.006 0.208 0.001 0.026 0.007 0.012 0.029 0.711 
 251 P _   0.006 0.209 0.001 0.027 0.007 0.012 0.029 0.711 
 252 G _   0.006 0.207 0.001 0.026 0.006 0.011 0.029 0.715 
 253 Y _   0.006 0.202 0.001 0.023 0.006 0.010 0.029 0.723 
 254 D _   0.006 0.195 0.001 0.020 0.005 0.010 0.029 0.734 
 255 Y _   0.006 0.186 0.001 0.017 0.004 0.009 0.030 0.748 
 256 V _   0.005 0.177 0.000 0.013 0.004 0.009 0.030 0.761 
 257 G _   0.005 0.170 0.000 0.011 0.003 0.008 0.031 0.772 
 258 W _   0.005 0.165 0.000 0.009 0.003 0.008 0.031 0.780 
 259 S _   0.005 0.162 0.000 0.008 0.003 0.009 0.030 0.783 
 260 N _   0.005 0.163 0.000 0.007 0.003 0.009 0.030 0.782 
 261 H _   0.006 0.167 0.000 0.008 0.003 0.011 0.029 0.775 
 262 S _   0.007 0.176 0.001 0.011 0.005 0.013 0.028 0.760 
 263 F _   0.008 0.191 0.001 0.015 0.007 0.015 0.027 0.736 
 264 S _   0.009 0.212 0.001 0.020 0.009 0.018 0.026 0.705 
 265 S _   0.010 0.237 0.001 0.027 0.011 0.020 0.025 0.669 
 266 G _   0.011 0.258 0.001 0.034 0.013 0.022 0.024 0.637 
 267 Y _   0.012 0.274 0.001 0.039 0.014 0.023 0.023 0.615 
 268 V _   0.012 0.282 0.001 0.042 0.015 0.023 0.022 0.602 
 269 E _   0.013 0.284 0.001 0.041 0.015 0.024 0.022 0.600 
 270 M _   0.013 0.279 0.001 0.038 0.015 0.023 0.022 0.607 
 271 E _   0.014 0.268 0.001 0.033 0.014 0.023 0.023 0.624 
 272 F _   0.014 0.251 0.001 0.027 0.012 0.023 0.023 0.648 
 273 E _   0.014 0.230 0.001 0.021 0.011 0.023 0.024 0.676 
 274 F _   0.015 0.210 0.001 0.016 0.010 0.023 0.024 0.700 
 275 D _   0.016 0.195 0.001 0.014 0.009 0.023 0.025 0.717 
 276 R _   0.017 0.186 0.001 0.013 0.009 0.024 0.025 0.726 
 277 L _   0.018 0.180 0.001 0.013 0.009 0.024 0.025 0.728 
 278 R _   0.020 0.178 0.001 0.016 0.010 0.025 0.026 0.725 
 279 A _   0.021 0.176 0.001 0.019 0.012 0.025 0.026 0.720 
 280 F _   0.021 0.175 0.001 0.022 0.013 0.025 0.026 0.717 
 281 Q _   0.022 0.171 0.001 0.025 0.013 0.024 0.027 0.718 
 282 A _   0.021 0.164 0.001 0.025 0.013 0.023 0.027 0.725 
 283 M _   0.020 0.154 0.001 0.024 0.012 0.021 0.028 0.739 
 284 Q _   0.019 0.140 0.001 0.021 0.011 0.020 0.029 0.760 
 285 V _   0.018 0.124 0.001 0.017 0.009 0.018 0.030 0.782 
 286 H _   0.018 0.108 0.001 0.014 0.008 0.017 0.031 0.804 
 287 C _   0.017 0.095 0.001 0.011 0.007 0.016 0.032 0.821 
 288 N _   0.016 0.086 0.001 0.010 0.006 0.015 0.032 0.833 
 289 N _   0.016 0.080 0.001 0.009 0.006 0.015 0.033 0.840 
 290 M _   0.016 0.077 0.001 0.009 0.005 0.015 0.034 0.843 
 291 H _   0.016 0.075 0.001 0.010 0.006 0.014 0.034 0.844 
 292 T _   0.016 0.074 0.001 0.011 0.006 0.014 0.035 0.844 
 293 L _   0.015 0.074 0.001 0.012 0.006 0.014 0.035 0.843 
 294 G _   0.014 0.075 0.001 0.012 0.006 0.014 0.036 0.843 
 295 A _   0.013 0.075 0.001 0.012 0.006 0.013 0.036 0.844 
 296 R _   0.012 0.075 0.001 0.012 0.005 0.013 0.036 0.845 
 297 L _   0.011 0.075 0.001 0.012 0.005 0.012 0.037 0.847 
 298 P _   0.011 0.076 0.001 0.011 0.005 0.012 0.037 0.848 
 299 G _   0.010 0.077 0.001 0.011 0.005 0.012 0.037 0.848 
 300 G _   0.010 0.078 0.001 0.011 0.005 0.012 0.037 0.846 
 301 V _   0.010 0.081 0.001 0.012 0.005 0.012 0.038 0.843 
 302 E _   0.010 0.083 0.001 0.012 0.005 0.012 0.038 0.839 
 303 C _   0.010 0.087 0.001 0.013 0.005 0.012 0.038 0.835 
 304 R _   0.009 0.090 0.001 0.014 0.005 0.012 0.038 0.831 
 305 F _   0.009 0.093 0.001 0.015 0.005 0.012 0.038 0.827 
 306 R _   0.008 0.096 0.001 0.016 0.006 0.012 0.039 0.823 
 307 R _   0.008 0.099 0.001 0.018 0.006 0.012 0.039 0.818 
 308 G _   0.008 0.102 0.001 0.019 0.006 0.012 0.039 0.814 
 309 P _   0.008 0.104 0.001 0.020 0.006 0.012 0.040 0.810 
 310 A _   0.008 0.105 0.001 0.022 0.006 0.012 0.040 0.807 
 311 M _   0.008 0.104 0.001 0.022 0.006 0.011 0.041 0.806 
 312 A _   0.008 0.103 0.001 0.023 0.006 0.011 0.042 0.807 
 313 W _   0.007 0.100 0.001 0.023 0.006 0.011 0.043 0.810 
 314 E _   0.007 0.095 0.001 0.022 0.006 0.010 0.044 0.815 
 315 G _   0.007 0.089 0.001 0.022 0.005 0.010 0.046 0.821 
 316 E _   0.007 0.081 0.001 0.020 0.005 0.009 0.047 0.829 
 317 P _   0.007 0.072 0.001 0.019 0.005 0.009 0.049 0.840 
 318 M _   0.007 0.061 0.001 0.017 0.004 0.008 0.051 0.851 
 319 R _   0.007 0.050 0.000 0.015 0.004 0.008 0.053 0.863 
 320 H _   0.007 0.039 0.000 0.012 0.003 0.007 0.055 0.875 
 321 N _   0.006 0.030 0.000 0.011 0.003 0.007 0.057 0.886 
 322 L _   0.006 0.022 0.000 0.009 0.002 0.006 0.058 0.896 
 323 G _   0.005 0.015 0.000 0.007 0.002 0.006 0.059 0.905 
 324 G _   0.005 0.011 0.000 0.006 0.002 0.006 0.060 0.912 
 325 N _   0.004 0.007 0.000 0.005 0.002 0.005 0.060 0.916 
 326 L _   0.004 0.006 0.000 0.004 0.001 0.006 0.059 0.919 
 327 G _   0.004 0.004 0.000 0.004 0.001 0.006 0.058 0.921 
 328 D _   0.004 0.004 0.000 0.004 0.002 0.007 0.057 0.921 
 329 P _   0.005 0.004 0.000 0.005 0.002 0.009 0.056 0.919 
 330 R _   0.006 0.005 0.000 0.007 0.003 0.011 0.054 0.915 
 331 A _   0.007 0.006 0.000 0.009 0.004 0.014 0.052 0.909 
 332 R _   0.009 0.007 0.001 0.012 0.005 0.018 0.049 0.899 
 333 A _   0.012 0.009 0.001 0.016 0.007 0.023 0.046 0.886 
 334 V _   0.016 0.011 0.001 0.020 0.009 0.028 0.043 0.872 
 335 S _   0.021 0.013 0.001 0.023 0.012 0.033 0.040 0.857 
 336 V _   0.028 0.014 0.001 0.026 0.015 0.039 0.038 0.840 
 337 P _   0.039 0.014 0.001 0.027 0.018 0.044 0.035 0.822 
 338 L _   0.052 0.013 0.001 0.027 0.021 0.049 0.032 0.803 
 339 G _   0.070 0.012 0.002 0.025 0.024 0.053 0.030 0.785 
 340 G _   0.092 0.010 0.002 0.022 0.025 0.056 0.028 0.767 
 341 R _   0.119 0.007 0.002 0.017 0.026 0.058 0.025 0.747 
 342 V _   0.150 0.005 0.002 0.013 0.026 0.059 0.023 0.723 
 343 A _   0.185 0.003 0.002 0.009 0.025 0.059 0.021 0.695 
 344 R _   0.225 0.001 0.002 0.007 0.025 0.059 0.019 0.663 
 345 F _   0.268 0.001 0.001 0.005 0.025 0.057 0.018 0.625 
 346 L _   0.312 0.000 0.001 0.004 0.025 0.056 0.016 0.584 
 347 Q _   0.358 0.000 0.002 0.004 0.027 0.055 0.015 0.540 
 348 C _   0.403 0.000 0.002 0.004 0.028 0.053 0.013 0.496 
 349 R _   0.447 0.000 0.002 0.004 0.030 0.051 0.012 0.454 
 350 F H   0.485 0.000 0.002 0.004 0.030 0.048 0.012 0.419 
 351 L H   0.519 0.000 0.002 0.004 0.030 0.045 0.011 0.389 
 352 F H   0.547 0.000 0.002 0.003 0.029 0.042 0.011 0.365 
 353 A H   0.569 0.000 0.002 0.003 0.029 0.040 0.011 0.346 
 354 G H   0.586 0.000 0.001 0.002 0.028 0.037 0.011 0.334 
 355 P H   0.598 0.000 0.001 0.002 0.027 0.035 0.011 0.325 
 356 W H   0.603 0.000 0.001 0.002 0.026 0.033 0.012 0.322 
 357 L H   0.603 0.000 0.001 0.002 0.027 0.032 0.013 0.322 
 358 L H   0.596 0.000 0.001 0.002 0.028 0.032 0.014 0.327 
 359 F H   0.580 0.000 0.002 0.003 0.029 0.032 0.016 0.338 
 360 S H   0.556 0.000 0.002 0.004 0.031 0.032 0.019 0.356 
 361 E H   0.522 0.001 0.002 0.006 0.032 0.032 0.022 0.383 
 362 I H   0.477 0.001 0.002 0.009 0.033 0.032 0.027 0.419 
 363 S _   0.424 0.002 0.002 0.012 0.032 0.031 0.032 0.465 
 364 F _   0.363 0.002 0.002 0.015 0.029 0.029 0.038 0.522 
 365 I _   0.296 0.002 0.002 0.016 0.024 0.027 0.045 0.588 
 366 S _   0.230 0.002 0.002 0.014 0.018 0.023 0.052 0.658 
 367 D _   0.169 0.002 0.001 0.012 0.012 0.020 0.059 0.725 
 368 V _   0.117 0.001 0.001 0.009 0.008 0.017 0.065 0.782 
 369 V _   0.078 0.001 0.001 0.006 0.005 0.014 0.070 0.825 
 370 N _   0.051 0.001 0.000 0.005 0.004 0.012 0.073 0.854 
 371 N _   0.034 0.001 0.000 0.004 0.003 0.011 0.076 0.871 
 372 S _   0.024 0.002 0.000 0.005 0.003 0.010 0.078 0.878 
 373 S _   0.018 0.004 0.000 0.006 0.003 0.011 0.081 0.877 
 374 P _   0.015 0.007 0.000 0.010 0.004 0.012 0.082 0.870 
 375 A _   0.013 0.012 0.001 0.015 0.005 0.013 0.084 0.857 
 376 L _   0.012 0.019 0.001 0.022 0.006 0.014 0.085 0.841 
 377 G _   0.011 0.026 0.001 0.029 0.008 0.015 0.087 0.824 
 378 G _   0.011 0.031 0.001 0.035 0.008 0.015 0.089 0.810 
 379 T _   0.010 0.033 0.001 0.037 0.009 0.014 0.092 0.803 
 380 F _   0.010 0.034 0.001 0.037 0.008 0.014 0.096 0.801 
 381 P _   0.009 0.032 0.001 0.034 0.007 0.013 0.100 0.804 
 382 P _   0.009 0.029 0.001 0.028 0.006 0.011 0.105 0.811 
 383 A _   0.008 0.024 0.001 0.022 0.005 0.010 0.111 0.820 
 384 P _   0.008 0.017 0.000 0.016 0.003 0.008 0.117 0.831 
 385 W _   0.007 0.011 0.000 0.010 0.002 0.007 0.122 0.840 
 386 W _   0.006 0.007 0.000 0.007 0.002 0.005 0.126 0.847 
 387 P _   0.005 0.004 0.000 0.005 0.001 0.005 0.129 0.851 
 388 P _   0.005 0.003 0.000 0.003 0.001 0.004 0.131 0.853 
 389 G _   0.004 0.002 0.000 0.003 0.001 0.004 0.132 0.854 
 390 P _   0.004 0.002 0.000 0.003 0.001 0.004 0.132 0.854 
 391 P _   0.004 0.002 0.000 0.003 0.001 0.005 0.131 0.853 
 392 P _   0.005 0.002 0.000 0.004 0.001 0.005 0.130 0.852 
 393 T _   0.005 0.003 0.000 0.006 0.002 0.006 0.128 0.849 
 394 N _   0.005 0.004 0.000 0.009 0.002 0.008 0.126 0.845 
 395 F _   0.005 0.006 0.000 0.013 0.003 0.009 0.123 0.841 
 396 S _   0.005 0.008 0.000 0.017 0.004 0.009 0.119 0.837 
 397 S _   0.005 0.010 0.000 0.021 0.004 0.010 0.115 0.834 
 398 L _   0.005 0.011 0.001 0.023 0.004 0.010 0.112 0.833 
 399 E _   0.005 0.012 0.001 0.024 0.005 0.010 0.109 0.835 
 400 L _   0.005 0.012 0.001 0.023 0.004 0.009 0.106 0.840 
 401 E _   0.005 0.011 0.000 0.021 0.004 0.009 0.103 0.847 
 402 P _   0.004 0.010 0.000 0.018 0.004 0.008 0.101 0.856 
 403 R _   0.004 0.008 0.000 0.014 0.003 0.007 0.099 0.865 
 404 G _   0.004 0.006 0.000 0.011 0.003 0.006 0.097 0.874 
 405 Q _   0.004 0.004 0.000 0.008 0.002 0.005 0.094 0.882 
 406 Q _   0.005 0.002 0.000 0.006 0.002 0.005 0.091 0.889 
 407 P _   0.006 0.001 0.000 0.004 0.002 0.004 0.088 0.894 
 408 V _   0.009 0.001 0.000 0.003 0.001 0.004 0.085 0.897 
 409 A _   0.014 0.000 0.000 0.002 0.002 0.004 0.080 0.897 
 410 K _   0.026 0.000 0.000 0.002 0.002 0.005 0.075 0.891 
 411 A _   0.048 0.000 0.000 0.001 0.002 0.005 0.068 0.875 
 412 E _   0.085 0.000 0.000 0.001 0.003 0.006 0.061 0.844 
 413 G _   0.141 0.000 0.001 0.001 0.004 0.007 0.052 0.795 
 414 S _   0.219 0.000 0.001 0.001 0.004 0.007 0.044 0.725 
 415 P _   0.315 0.000 0.001 0.001 0.005 0.007 0.037 0.635 
 416 T _   0.425 0.000 0.001 0.001 0.005 0.007 0.030 0.531 
 417 A H   0.538 0.000 0.001 0.000 0.006 0.006 0.025 0.424 
 418 I H   0.646 0.000 0.001 0.000 0.006 0.005 0.021 0.321 
 419 L H   0.739 0.000 0.001 0.000 0.005 0.004 0.017 0.233 
 420 I H   0.811 0.000 0.001 0.000 0.005 0.004 0.015 0.164 
 421 G H   0.865 0.000 0.001 0.000 0.005 0.003 0.013 0.113 
 422 C H   0.903 0.000 0.001 0.000 0.004 0.003 0.012 0.077 
 423 L H   0.928 0.000 0.001 0.000 0.004 0.002 0.011 0.054 
 424 V H   0.945 0.000 0.001 0.000 0.004 0.002 0.010 0.039 
 425 A H   0.956 0.000 0.000 0.000 0.004 0.002 0.009 0.029 
 426 I H   0.963 0.000 0.000 0.000 0.004 0.001 0.009 0.022 
 427 I H   0.967 0.000 0.000 0.000 0.004 0.001 0.008 0.019 
 428 L H   0.969 0.000 0.001 0.000 0.004 0.001 0.008 0.017 
 429 L H   0.968 0.000 0.001 0.000 0.004 0.001 0.008 0.018 
 430 L H   0.964 0.000 0.001 0.000 0.005 0.002 0.008 0.021 
 431 L H   0.959 0.000 0.001 0.000 0.005 0.002 0.008 0.026 
 432 L H   0.949 0.000 0.001 0.000 0.006 0.002 0.008 0.034 
 433 I H   0.936 0.000 0.001 0.000 0.007 0.002 0.009 0.045 
 434 I H   0.918 0.000 0.001 0.000 0.007 0.003 0.010 0.061 
 435 A H   0.893 0.000 0.001 0.000 0.008 0.003 0.011 0.083 
 436 L H   0.861 0.000 0.001 0.000 0.009 0.004 0.013 0.112 
 437 M H   0.818 0.000 0.001 0.000 0.010 0.004 0.017 0.149 
 438 L H   0.763 0.000 0.001 0.001 0.010 0.005 0.021 0.198 
 439 W H   0.694 0.000 0.001 0.001 0.010 0.006 0.029 0.259 
 440 R H   0.611 0.000 0.001 0.001 0.010 0.007 0.039 0.330 
 441 L H   0.518 0.000 0.001 0.001 0.010 0.008 0.053 0.408 
 442 H _   0.424 0.000 0.001 0.001 0.009 0.009 0.071 0.484 
 443 W _   0.334 0.000 0.001 0.002 0.008 0.010 0.091 0.553 
 444 R _   0.253 0.000 0.001 0.002 0.007 0.010 0.112 0.614 
 445 R _   0.185 0.000 0.001 0.003 0.006 0.010 0.133 0.661 
 446 L _   0.134 0.000 0.001 0.003 0.005 0.010 0.152 0.695 
 447 L _   0.095 0.000 0.001 0.004 0.005 0.010 0.169 0.717 
 448 S _   0.067 0.000 0.001 0.004 0.004 0.010 0.183 0.731 
 449 K _   0.048 0.000 0.001 0.004 0.004 0.010 0.196 0.737 
 450 A _   0.036 0.001 0.000 0.004 0.004 0.011 0.207 0.737 
 451 E _   0.028 0.001 0.000 0.005 0.004 0.012 0.218 0.732 
 452 R _   0.024 0.003 0.001 0.006 0.004 0.013 0.227 0.724 
 453 R _   0.021 0.005 0.001 0.007 0.005 0.014 0.236 0.712 
 454 V _   0.019 0.008 0.001 0.009 0.006 0.016 0.245 0.697 
 455 L _   0.019 0.013 0.001 0.011 0.007 0.018 0.254 0.679 
 456 E _   0.018 0.019 0.001 0.013 0.008 0.019 0.263 0.659 
 457 E _   0.018 0.026 0.001 0.016 0.009 0.021 0.272 0.638 
 458 E _   0.018 0.034 0.001 0.018 0.010 0.023 0.281 0.615 
 459 L _   0.018 0.042 0.001 0.021 0.011 0.024 0.291 0.592 
 460 T _   0.018 0.050 0.001 0.023 0.012 0.025 0.302 0.568 
 461 V _   0.018 0.058 0.001 0.027 0.014 0.026 0.314 0.542 
 462 H _   0.018 0.065 0.001 0.031 0.015 0.027 0.328 0.515 
 463 L _   0.018 0.072 0.001 0.035 0.016 0.027 0.342 0.489 
 464 S _   0.018 0.077 0.001 0.039 0.016 0.027 0.360 0.462 
 465 V _   0.017 0.081 0.001 0.044 0.017 0.026 0.379 0.435 
 466 P _   0.017 0.082 0.001 0.048 0.017 0.026 0.401 0.409 
 467 G X   0.016 0.082 0.002 0.050 0.016 0.024 0.426 0.383 
 468 D X   0.015 0.080 0.002 0.051 0.015 0.023 0.456 0.359 
 469 T X   0.014 0.075 0.001 0.048 0.014 0.021 0.490 0.336 
 470 I X   0.013 0.068 0.001 0.044 0.012 0.018 0.528 0.315 
 471 L X   0.011 0.057 0.001 0.037 0.010 0.016 0.570 0.297 
 472 I X   0.010 0.045 0.001 0.029 0.008 0.013 0.614 0.279 
 473 N X   0.008 0.032 0.001 0.022 0.006 0.011 0.658 0.262 
 474 N X   0.007 0.021 0.001 0.015 0.004 0.008 0.697 0.246 
 475 R X   0.006 0.013 0.000 0.010 0.003 0.006 0.732 0.230 
 476 P X   0.005 0.007 0.000 0.006 0.002 0.005 0.760 0.215 
 477 G X   0.004 0.004 0.000 0.004 0.001 0.004 0.781 0.202 
 478 P X   0.003 0.002 0.000 0.003 0.001 0.003 0.797 0.190 
 479 R X   0.002 0.002 0.000 0.002 0.001 0.002 0.810 0.181 
 480 E X   0.002 0.001 0.000 0.002 0.001 0.002 0.818 0.174 
 481 P X   0.002 0.001 0.000 0.002 0.000 0.002 0.825 0.168 
 482 P X   0.002 0.001 0.000 0.002 0.000 0.002 0.829 0.165 
 483 P X   0.001 0.001 0.000 0.002 0.000 0.002 0.832 0.162 
 484 Y X   0.001 0.001 0.000 0.002 0.000 0.002 0.834 0.160 
 485 Q X   0.001 0.001 0.000 0.002 0.000 0.002 0.835 0.160 
 486 E X   0.001 0.001 0.000 0.002 0.000 0.002 0.834 0.160 
 487 P X   0.001 0.001 0.000 0.002 0.000 0.002 0.833 0.160 
 488 R X   0.001 0.002 0.000 0.002 0.000 0.002 0.831 0.162 
 489 P X   0.001 0.002 0.000 0.002 0.001 0.002 0.828 0.164 
 490 R X   0.001 0.003 0.000 0.002 0.001 0.002 0.825 0.167 
 491 G X   0.001 0.004 0.000 0.003 0.001 0.002 0.820 0.170 
 492 N X   0.001 0.005 0.000 0.003 0.001 0.003 0.814 0.173 
 493 P X   0.001 0.008 0.000 0.004 0.001 0.003 0.807 0.176 
 494 P X   0.001 0.011 0.000 0.005 0.001 0.004 0.798 0.179 
 495 H X   0.001 0.017 0.000 0.006 0.002 0.004 0.788 0.181 
 496 S X   0.002 0.026 0.000 0.008 0.002 0.005 0.776 0.181 
 497 A X   0.002 0.039 0.000 0.010 0.003 0.007 0.762 0.178 
 498 P X   0.002 0.056 0.001 0.013 0.004 0.008 0.746 0.171 
 499 C X   0.002 0.076 0.001 0.015 0.005 0.008 0.730 0.163 
 500 V X   0.002 0.098 0.001 0.017 0.005 0.009 0.715 0.152 
 501 P X   0.002 0.119 0.001 0.018 0.006 0.009 0.702 0.143 
 502 N X   0.002 0.136 0.001 0.019 0.006 0.010 0.692 0.134 
 503 G X   0.002 0.150 0.001 0.019 0.006 0.010 0.684 0.129 
 504 S X   0.002 0.159 0.001 0.017 0.005 0.010 0.678 0.127 
 505 A X   0.003 0.165 0.001 0.016 0.005 0.011 0.674 0.126 
 506 L X   0.003 0.169 0.000 0.014 0.005 0.011 0.671 0.126 
 507 L X   0.003 0.172 0.000 0.013 0.005 0.012 0.668 0.126 
 508 L X   0.004 0.174 0.000 0.011 0.005 0.012 0.666 0.126 
 509 S X   0.005 0.177 0.000 0.010 0.006 0.013 0.665 0.124 
 510 N X   0.005 0.179 0.000 0.010 0.007 0.014 0.663 0.121 
 511 P X   0.006 0.183 0.001 0.012 0.007 0.014 0.662 0.115 
 512 A X   0.007 0.188 0.001 0.014 0.009 0.015 0.661 0.106 
 513 Y X   0.007 0.193 0.001 0.017 0.009 0.015 0.660 0.098 
 514 R X   0.008 0.197 0.001 0.020 0.010 0.014 0.661 0.089 
 515 L X   0.008 0.198 0.001 0.024 0.010 0.013 0.663 0.083 
 516 L X   0.007 0.197 0.001 0.026 0.010 0.013 0.667 0.079 
 517 L X   0.007 0.192 0.001 0.027 0.009 0.011 0.673 0.079 
 518 A X   0.007 0.183 0.001 0.027 0.009 0.010 0.682 0.082 
 519 T X   0.006 0.166 0.001 0.025 0.008 0.009 0.694 0.090 
 520 Y X   0.006 0.139 0.001 0.022 0.008 0.008 0.712 0.103 
 521 A X   0.006 0.104 0.001 0.018 0.007 0.008 0.735 0.121 
 522 R X   0.006 0.068 0.001 0.014 0.005 0.007 0.761 0.139 
 523 P X   0.005 0.039 0.001 0.009 0.003 0.005 0.784 0.155 
 524 P X   0.004 0.020 0.000 0.005 0.002 0.004 0.802 0.163 
 525 R X   0.003 0.010 0.000 0.003 0.001 0.003 0.813 0.166 
 526 G X   0.002 0.006 0.000 0.002 0.001 0.002 0.821 0.167 
 527 P X   0.002 0.004 0.000 0.001 0.000 0.002 0.826 0.165 
 528 G X   0.001 0.003 0.000 0.001 0.000 0.001 0.829 0.164 
 529 P X   0.001 0.003 0.000 0.001 0.000 0.002 0.831 0.162 
 530 P X   0.001 0.003 0.000 0.001 0.000 0.002 0.831 0.160 
 531 T X   0.001 0.004 0.000 0.002 0.001 0.002 0.831 0.159 
 532 P X   0.001 0.005 0.000 0.003 0.001 0.003 0.831 0.156 
 533 A X   0.001 0.006 0.000 0.005 0.001 0.003 0.830 0.154 
 534 W X   0.001 0.008 0.000 0.007 0.001 0.003 0.828 0.151 
 535 A X   0.001 0.009 0.000 0.009 0.002 0.004 0.827 0.148 
 536 K X   0.001 0.011 0.000 0.010 0.002 0.004 0.826 0.146 
 537 P X   0.001 0.012 0.000 0.012 0.002 0.004 0.826 0.143 
 538 T X   0.001 0.012 0.000 0.012 0.002 0.004 0.826 0.142 
 539 N X   0.001 0.012 0.000 0.012 0.002 0.004 0.828 0.140 
 540 T X   0.001 0.012 0.000 0.012 0.002 0.004 0.830 0.138 
 541 Q X   0.001 0.011 0.000 0.011 0.002 0.004 0.834 0.137 
 542 A X   0.001 0.010 0.000 0.009 0.002 0.003 0.838 0.136 
 543 Y X   0.001 0.009 0.000 0.008 0.001 0.003 0.843 0.135 
 544 S X   0.001 0.007 0.000 0.006 0.001 0.003 0.847 0.134 
 545 G X   0.001 0.006 0.000 0.005 0.001 0.002 0.852 0.133 
 546 D X   0.001 0.004 0.000 0.004 0.001 0.002 0.856 0.132 
 547 Y X   0.001 0.003 0.000 0.003 0.001 0.002 0.859 0.131 
 548 M X   0.001 0.002 0.000 0.002 0.001 0.002 0.862 0.129 
 549 E X   0.001 0.002 0.000 0.002 0.001 0.002 0.865 0.128 
 550 P X   0.001 0.001 0.000 0.002 0.000 0.002 0.866 0.127 
 551 E X   0.001 0.001 0.000 0.002 0.000 0.001 0.868 0.126 
 552 K X   0.001 0.001 0.000 0.002 0.000 0.001 0.868 0.126 
 553 P X   0.001 0.001 0.000 0.002 0.000 0.002 0.868 0.126 
 554 G X   0.001 0.001 0.000 0.002 0.001 0.002 0.868 0.126 
 555 A X   0.001 0.001 0.000 0.002 0.001 0.002 0.867 0.127 
 556 P X   0.001 0.001 0.000 0.002 0.001 0.002 0.866 0.128 
 557 L X   0.001 0.001 0.000 0.002 0.001 0.001 0.865 0.130 
 558 L X   0.001 0.000 0.000 0.002 0.000 0.001 0.862 0.132 
 559 P X   0.001 0.000 0.000 0.002 0.000 0.001 0.859 0.136 
 560 P X   0.001 0.000 0.000 0.001 0.000 0.001 0.856 0.140 
 561 P X   0.001 0.000 0.000 0.001 0.000 0.001 0.851 0.145 
 562 P X   0.001 0.000 0.000 0.001 0.000 0.002 0.845 0.150 
 563 Q X   0.001 0.001 0.000 0.001 0.001 0.002 0.837 0.157 
 564 N X   0.001 0.001 0.000 0.002 0.001 0.003 0.827 0.165 
 565 S X   0.002 0.002 0.000 0.003 0.001 0.005 0.815 0.172 
 566 V X   0.003 0.004 0.000 0.004 0.002 0.007 0.800 0.179 
 567 P X   0.004 0.010 0.000 0.007 0.004 0.011 0.780 0.184 
 568 H X   0.005 0.021 0.001 0.011 0.006 0.015 0.755 0.186 
 569 Y X   0.007 0.040 0.001 0.017 0.010 0.020 0.724 0.181 
 570 A X   0.008 0.067 0.002 0.023 0.014 0.024 0.690 0.171 
 571 E X   0.009 0.097 0.002 0.030 0.018 0.027 0.657 0.159 
 572 A X   0.010 0.126 0.002 0.036 0.021 0.029 0.627 0.149 
 573 D X   0.010 0.148 0.002 0.041 0.023 0.030 0.604 0.142 
 574 I X   0.011 0.164 0.002 0.044 0.025 0.031 0.585 0.138 
 575 V X   0.012 0.173 0.001 0.046 0.025 0.031 0.572 0.140 
 576 T X   0.013 0.177 0.001 0.045 0.025 0.030 0.562 0.146 
 577 L X   0.014 0.178 0.001 0.043 0.023 0.028 0.556 0.157 
 578 Q X   0.014 0.173 0.001 0.039 0.021 0.026 0.551 0.173 
 579 G X   0.015 0.165 0.001 0.034 0.019 0.025 0.548 0.194 
 580 V X   0.015 0.152 0.001 0.028 0.016 0.022 0.546 0.219 
 581 T X   0.014 0.134 0.001 0.022 0.013 0.020 0.546 0.248 
 582 G X   0.014 0.116 0.001 0.018 0.011 0.019 0.546 0.277 
 583 G X   0.013 0.099 0.001 0.014 0.009 0.017 0.546 0.301 
 584 N X   0.012 0.087 0.001 0.012 0.007 0.015 0.546 0.320 
 585 T X   0.011 0.077 0.001 0.011 0.006 0.014 0.547 0.334 
 586 Y X   0.010 0.069 0.001 0.011 0.005 0.012 0.547 0.345 
 587 A X   0.009 0.063 0.001 0.011 0.004 0.011 0.547 0.354 
 588 V X   0.008 0.058 0.000 0.011 0.004 0.010 0.547 0.361 
 589 P X   0.008 0.052 0.000 0.011 0.004 0.009 0.547 0.368 
 590 A X   0.007 0.047 0.000 0.011 0.004 0.008 0.547 0.374 
 591 L X   0.007 0.041 0.000 0.011 0.003 0.007 0.548 0.383 
 592 P X   0.006 0.034 0.000 0.010 0.003 0.007 0.548 0.391 
 593 P X   0.006 0.028 0.000 0.008 0.002 0.006 0.549 0.400 
 594 G X   0.005 0.021 0.000 0.007 0.002 0.005 0.550 0.410 
 595 A X   0.005 0.015 0.000 0.005 0.002 0.004 0.549 0.419 
 596 V X   0.004 0.011 0.000 0.004 0.001 0.004 0.549 0.427 
 597 G X   0.004 0.008 0.000 0.003 0.001 0.003 0.547 0.434 
 598 D X   0.004 0.006 0.000 0.002 0.001 0.003 0.544 0.440 
 599 G X   0.003 0.005 0.000 0.002 0.001 0.003 0.540 0.445 
 600 P X   0.003 0.005 0.000 0.002 0.001 0.003 0.535 0.450 
 601 P X   0.003 0.005 0.000 0.003 0.001 0.004 0.528 0.455 
 602 R X   0.003 0.006 0.000 0.004 0.001 0.005 0.520 0.460 
 603 V X   0.004 0.009 0.000 0.005 0.002 0.006 0.510 0.465 
 604 D X   0.004 0.013 0.000 0.008 0.002 0.007 0.498 0.468 
 605 F X   0.004 0.019 0.000 0.011 0.003 0.008 0.483 0.471 
 606 P _   0.004 0.027 0.001 0.014 0.004 0.009 0.468 0.472 
 607 R _   0.004 0.036 0.001 0.017 0.005 0.010 0.452 0.475 
 608 S _   0.004 0.044 0.001 0.019 0.005 0.010 0.438 0.479 
 609 R _   0.004 0.050 0.001 0.021 0.005 0.010 0.424 0.485 
 610 L _   0.004 0.056 0.001 0.020 0.005 0.010 0.412 0.492 
 611 R _   0.004 0.060 0.001 0.019 0.005 0.010 0.401 0.501 
 612 F _   0.004 0.063 0.001 0.017 0.004 0.009 0.391 0.511 
 613 K _   0.004 0.065 0.001 0.015 0.004 0.009 0.382 0.521 
 614 E _   0.004 0.067 0.000 0.014 0.004 0.009 0.373 0.529 
 615 K _   0.004 0.070 0.000 0.013 0.004 0.009 0.364 0.537 
 616 L _   0.004 0.073 0.000 0.012 0.004 0.010 0.355 0.541 
 617 G _   0.005 0.077 0.001 0.013 0.004 0.011 0.346 0.543 
 618 E _   0.005 0.083 0.001 0.015 0.005 0.012 0.337 0.541 
 619 G _   0.006 0.091 0.001 0.019 0.006 0.013 0.328 0.535 
 620 Q _   0.007 0.100 0.001 0.024 0.008 0.014 0.319 0.528 
 621 F _   0.007 0.107 0.001 0.029 0.009 0.015 0.311 0.520 
 622 G _   0.008 0.112 0.001 0.034 0.010 0.016 0.304 0.515 
 623 E _   0.008 0.115 0.001 0.037 0.010 0.016 0.299 0.514 
 624 V _   0.009 0.114 0.001 0.037 0.010 0.015 0.295 0.518 
 625 H _   0.009 0.110 0.001 0.035 0.010 0.015 0.292 0.528 
 626 L _   0.009 0.102 0.001 0.031 0.009 0.013 0.290 0.545 
 627 C _   0.009 0.089 0.001 0.025 0.007 0.012 0.289 0.568 
 628 E _   0.008 0.072 0.001 0.019 0.006 0.011 0.289 0.594 
 629 V _   0.008 0.053 0.001 0.014 0.005 0.010 0.289 0.621 
 630 D _   0.007 0.038 0.001 0.010 0.004 0.009 0.288 0.644 
 631 S _   0.007 0.027 0.000 0.007 0.003 0.008 0.288 0.660 
 632 P _   0.007 0.021 0.000 0.005 0.002 0.008 0.286 0.670 
 633 Q _   0.007 0.018 0.000 0.005 0.002 0.008 0.285 0.675 
 634 D _   0.007 0.017 0.000 0.005 0.003 0.008 0.283 0.677 
 635 L _   0.007 0.016 0.000 0.006 0.003 0.009 0.280 0.678 
 636 V _   0.007 0.017 0.000 0.008 0.003 0.009 0.278 0.676 
 637 S _   0.008 0.018 0.000 0.010 0.004 0.010 0.275 0.675 
 638 L _   0.008 0.019 0.001 0.012 0.004 0.011 0.272 0.675 
 639 D _   0.007 0.019 0.001 0.012 0.005 0.011 0.268 0.676 
 640 F _   0.007 0.020 0.001 0.012 0.004 0.011 0.266 0.680 
 641 P _   0.007 0.019 0.001 0.011 0.004 0.011 0.263 0.685 
 642 L _   0.007 0.019 0.000 0.009 0.004 0.011 0.260 0.690 
 643 N _   0.007 0.019 0.000 0.008 0.004 0.011 0.257 0.694 
 644 V _   0.008 0.019 0.000 0.006 0.003 0.012 0.254 0.696 
 645 R _   0.009 0.021 0.000 0.006 0.004 0.014 0.250 0.695 
 646 K _   0.011 0.025 0.001 0.008 0.005 0.017 0.246 0.688 
 647 G _   0.013 0.032 0.001 0.011 0.008 0.020 0.242 0.674 
 648 H _   0.016 0.046 0.001 0.016 0.011 0.023 0.236 0.651 
 649 P _   0.018 0.067 0.001 0.024 0.014 0.026 0.230 0.619 
 650 L _   0.019 0.091 0.002 0.034 0.017 0.028 0.225 0.585 
 651 L _   0.020 0.112 0.002 0.044 0.019 0.028 0.220 0.554 
 652 V _   0.020 0.126 0.002 0.052 0.020 0.028 0.216 0.535 
 653 A _   0.019 0.134 0.001 0.057 0.020 0.027 0.214 0.527 
 654 V _   0.019 0.136 0.001 0.058 0.019 0.025 0.213 0.528 
 655 K _   0.017 0.134 0.001 0.055 0.017 0.023 0.214 0.539 
 656 I _   0.016 0.125 0.001 0.048 0.014 0.020 0.215 0.559 
 657 L _   0.015 0.110 0.001 0.039 0.011 0.018 0.217 0.588 
 658 R _   0.013 0.088 0.001 0.029 0.009 0.015 0.221 0.624 
 659 P _   0.012 0.063 0.001 0.020 0.006 0.012 0.224 0.663 
 660 D _   0.010 0.040 0.001 0.013 0.004 0.010 0.226 0.696 
 661 A _   0.008 0.024 0.000 0.008 0.003 0.008 0.228 0.721 
 662 T _   0.007 0.015 0.000 0.005 0.002 0.006 0.228 0.736 
 663 K _   0.006 0.010 0.000 0.003 0.001 0.006 0.228 0.746 
