#TopoPred_TM8: 8-state transmembrane topology prediction results by no_profile mode 
#probabilities are in the order of H E C I L F X _, the 8 transmembrane topology types used in PDBTM 
   1 M X   0.020 0.002 0.003 0.074 0.012 0.016 0.537 0.335 
   2 S X   0.008 0.001 0.000 0.051 0.003 0.010 0.550 0.376 
   3 G X   0.003 0.001 0.000 0.036 0.001 0.009 0.550 0.399 
   4 E X   0.003 0.002 0.000 0.030 0.002 0.010 0.543 0.410 
   5 V X   0.004 0.004 0.000 0.031 0.003 0.014 0.528 0.416 
   6 R X   0.007 0.006 0.001 0.033 0.005 0.018 0.508 0.422 
   7 L X   0.009 0.010 0.001 0.039 0.006 0.022 0.486 0.428 
   8 R X   0.011 0.015 0.001 0.045 0.008 0.024 0.462 0.435 
   9 Q _   0.011 0.020 0.001 0.051 0.010 0.024 0.439 0.444 
  10 L _   0.011 0.024 0.001 0.055 0.011 0.023 0.417 0.457 
  11 E _   0.010 0.026 0.001 0.055 0.012 0.022 0.399 0.475 
  12 Q _   0.009 0.026 0.001 0.050 0.011 0.020 0.384 0.498 
  13 F _   0.009 0.025 0.001 0.043 0.010 0.017 0.371 0.524 
  14 I _   0.009 0.022 0.001 0.034 0.008 0.015 0.360 0.551 
  15 L _   0.008 0.017 0.001 0.025 0.006 0.013 0.351 0.578 
  16 D _   0.008 0.013 0.001 0.018 0.005 0.011 0.342 0.603 
  17 G _   0.008 0.008 0.000 0.012 0.004 0.010 0.333 0.625 
  18 P _   0.008 0.004 0.000 0.008 0.003 0.009 0.324 0.644 
  19 A _   0.010 0.002 0.000 0.005 0.002 0.008 0.314 0.658 
  20 Q _   0.013 0.001 0.000 0.004 0.002 0.008 0.302 0.669 
  21 T _   0.020 0.000 0.000 0.003 0.002 0.009 0.290 0.675 
  22 N _   0.033 0.000 0.000 0.003 0.003 0.011 0.275 0.675 
  23 G _   0.056 0.000 0.001 0.003 0.004 0.014 0.257 0.665 
  24 Q _   0.095 0.000 0.001 0.003 0.007 0.019 0.236 0.640 
  25 C _   0.156 0.000 0.001 0.003 0.010 0.024 0.211 0.593 
  26 F _   0.233 0.000 0.001 0.003 0.016 0.031 0.185 0.530 
  27 S _   0.319 0.000 0.002 0.003 0.023 0.036 0.161 0.457 
  28 V H   0.405 0.000 0.002 0.003 0.031 0.040 0.140 0.379 
  29 E H   0.479 0.000 0.002 0.003 0.039 0.043 0.124 0.311 
  30 T H   0.539 0.000 0.002 0.003 0.045 0.043 0.112 0.254 
  31 L H   0.585 0.000 0.002 0.004 0.050 0.043 0.105 0.211 
  32 L H   0.615 0.001 0.002 0.004 0.052 0.041 0.100 0.185 
  33 D H   0.629 0.001 0.002 0.005 0.052 0.038 0.098 0.174 
  34 I H   0.629 0.002 0.002 0.007 0.051 0.035 0.097 0.177 
  35 L H   0.611 0.002 0.002 0.008 0.049 0.033 0.097 0.198 
  36 I H   0.574 0.003 0.003 0.010 0.044 0.030 0.098 0.239 
  37 C H   0.516 0.002 0.003 0.010 0.037 0.027 0.101 0.304 
  38 L H   0.436 0.002 0.002 0.010 0.029 0.023 0.104 0.394 
  39 Y _   0.344 0.001 0.002 0.008 0.019 0.019 0.109 0.498 
  40 D _   0.252 0.001 0.001 0.006 0.012 0.015 0.113 0.600 
  41 E _   0.169 0.000 0.001 0.005 0.007 0.012 0.116 0.690 
  42 C _   0.107 0.000 0.001 0.003 0.004 0.009 0.119 0.758 
  43 N _   0.064 0.000 0.000 0.002 0.002 0.007 0.120 0.804 
  44 N _   0.037 0.000 0.000 0.002 0.002 0.006 0.120 0.832 
  45 S _   0.023 0.000 0.000 0.002 0.001 0.006 0.120 0.848 
  46 P _   0.015 0.001 0.000 0.002 0.001 0.006 0.119 0.856 
  47 L _   0.011 0.001 0.000 0.003 0.002 0.007 0.117 0.859 
  48 R _   0.010 0.004 0.000 0.004 0.002 0.009 0.115 0.856 
  49 R _   0.010 0.010 0.000 0.007 0.003 0.011 0.112 0.847 
  50 E _   0.010 0.023 0.001 0.011 0.005 0.014 0.107 0.829 
  51 K _   0.011 0.045 0.001 0.018 0.008 0.017 0.101 0.799 
  52 N _   0.011 0.074 0.001 0.026 0.010 0.020 0.095 0.762 
  53 I _   0.012 0.105 0.001 0.034 0.013 0.022 0.089 0.724 
  54 L _   0.012 0.132 0.001 0.042 0.015 0.023 0.083 0.691 
  55 E _   0.013 0.151 0.001 0.047 0.016 0.024 0.079 0.669 
  56 Y _   0.013 0.161 0.001 0.050 0.016 0.024 0.075 0.658 
  57 L _   0.013 0.166 0.001 0.051 0.016 0.023 0.073 0.657 
  58 E _   0.013 0.166 0.001 0.048 0.015 0.022 0.071 0.663 
  59 W _   0.013 0.162 0.001 0.043 0.014 0.021 0.070 0.677 
  60 A _   0.013 0.152 0.001 0.036 0.012 0.019 0.069 0.698 
  61 K _   0.012 0.138 0.001 0.030 0.010 0.018 0.069 0.722 
  62 P _   0.012 0.121 0.001 0.024 0.009 0.017 0.068 0.747 
  63 F _   0.012 0.104 0.001 0.020 0.008 0.016 0.068 0.772 
  64 T _   0.011 0.088 0.001 0.017 0.007 0.015 0.069 0.794 
  65 S _   0.011 0.074 0.001 0.015 0.006 0.014 0.069 0.811 
  66 K _   0.010 0.063 0.001 0.014 0.005 0.013 0.069 0.825 
  67 V _   0.010 0.054 0.001 0.013 0.005 0.013 0.069 0.837 
  68 K _   0.010 0.046 0.001 0.012 0.005 0.012 0.068 0.847 
  69 Q _   0.009 0.038 0.001 0.011 0.004 0.012 0.068 0.857 
  70 M _   0.009 0.032 0.001 0.010 0.004 0.011 0.067 0.866 
  71 R _   0.009 0.026 0.001 0.009 0.004 0.011 0.067 0.874 
  72 L _   0.009 0.021 0.000 0.008 0.004 0.011 0.066 0.881 
  73 H _   0.009 0.018 0.000 0.007 0.004 0.012 0.065 0.885 
  74 R _   0.010 0.016 0.000 0.007 0.004 0.013 0.064 0.886 
  75 E _   0.011 0.015 0.000 0.007 0.004 0.014 0.063 0.885 
  76 D _   0.013 0.014 0.001 0.007 0.005 0.016 0.062 0.881 
  77 F _   0.016 0.015 0.001 0.008 0.006 0.019 0.061 0.874 
  78 E _   0.019 0.016 0.001 0.010 0.007 0.022 0.060 0.866 
  79 I _   0.023 0.017 0.001 0.011 0.009 0.025 0.059 0.855 
  80 L _   0.028 0.019 0.001 0.012 0.011 0.027 0.057 0.844 
  81 K _   0.032 0.022 0.001 0.014 0.013 0.030 0.056 0.832 
  82 V _   0.037 0.024 0.001 0.015 0.015 0.033 0.055 0.819 
  83 I _   0.043 0.027 0.001 0.016 0.017 0.036 0.054 0.806 
  84 G _   0.047 0.030 0.001 0.017 0.020 0.038 0.053 0.794 
  85 R _   0.051 0.033 0.001 0.019 0.022 0.039 0.052 0.782 
  86 G _   0.054 0.036 0.002 0.022 0.024 0.040 0.051 0.771 
  87 A _   0.054 0.039 0.002 0.026 0.025 0.040 0.051 0.763 
  88 F _   0.053 0.041 0.002 0.029 0.024 0.039 0.051 0.760 
  89 G _   0.050 0.042 0.002 0.031 0.023 0.036 0.052 0.764 
  90 E _   0.046 0.041 0.002 0.032 0.021 0.033 0.053 0.773 
  91 V _   0.041 0.039 0.001 0.030 0.017 0.030 0.053 0.789 
  92 A _   0.035 0.034 0.001 0.025 0.014 0.026 0.054 0.810 
  93 V _   0.030 0.028 0.001 0.020 0.010 0.022 0.056 0.834 
  94 V _   0.025 0.020 0.001 0.014 0.007 0.018 0.056 0.858 
  95 K _   0.020 0.014 0.001 0.009 0.005 0.015 0.057 0.879 
  96 L _   0.016 0.009 0.000 0.006 0.004 0.013 0.057 0.895 
  97 K _   0.013 0.006 0.000 0.004 0.003 0.012 0.057 0.904 
  98 N _   0.012 0.005 0.000 0.003 0.003 0.012 0.057 0.907 
  99 A _   0.012 0.005 0.000 0.004 0.003 0.012 0.057 0.906 
 100 D _   0.013 0.007 0.000 0.005 0.004 0.014 0.056 0.901 
 101 K _   0.015 0.010 0.001 0.007 0.005 0.016 0.056 0.891 
 102 V _   0.017 0.015 0.001 0.011 0.007 0.018 0.055 0.876 
 103 F _   0.018 0.023 0.001 0.016 0.009 0.020 0.054 0.858 
 104 A _   0.019 0.031 0.001 0.020 0.011 0.022 0.054 0.842 
 105 M _   0.020 0.037 0.001 0.024 0.012 0.023 0.053 0.830 
 106 K _   0.020 0.042 0.001 0.026 0.013 0.023 0.053 0.823 
 107 I _   0.020 0.044 0.001 0.026 0.013 0.023 0.052 0.821 
 108 L _   0.020 0.045 0.001 0.025 0.012 0.023 0.052 0.822 
 109 N _   0.019 0.045 0.001 0.022 0.011 0.022 0.053 0.828 
 110 K _   0.019 0.043 0.001 0.019 0.010 0.021 0.053 0.834 
 111 W _   0.019 0.041 0.001 0.016 0.009 0.020 0.054 0.840 
 112 E _   0.018 0.040 0.001 0.014 0.008 0.019 0.054 0.846 
 113 M _   0.018 0.038 0.001 0.012 0.007 0.019 0.055 0.851 
 114 L _   0.017 0.037 0.001 0.012 0.007 0.018 0.055 0.853 
 115 K _   0.017 0.037 0.001 0.012 0.007 0.018 0.056 0.854 
 116 R _   0.017 0.037 0.001 0.013 0.007 0.018 0.056 0.852 
 117 A _   0.017 0.038 0.001 0.014 0.007 0.018 0.056 0.849 
 118 E _   0.017 0.039 0.001 0.016 0.008 0.018 0.057 0.845 
 119 T _   0.017 0.040 0.001 0.019 0.008 0.018 0.057 0.840 
 120 A _   0.016 0.041 0.001 0.022 0.009 0.017 0.058 0.836 
 121 C _   0.016 0.041 0.001 0.023 0.009 0.017 0.059 0.835 
 122 F _   0.015 0.040 0.001 0.024 0.009 0.016 0.060 0.836 
 123 R _   0.014 0.037 0.001 0.024 0.008 0.015 0.061 0.840 
 124 E _   0.013 0.033 0.001 0.021 0.007 0.013 0.063 0.848 
 125 E _   0.012 0.028 0.001 0.018 0.006 0.012 0.064 0.860 
 126 R _   0.011 0.022 0.001 0.014 0.005 0.010 0.066 0.872 
 127 D _   0.010 0.016 0.000 0.010 0.003 0.009 0.067 0.885 
 128 V _   0.009 0.011 0.000 0.007 0.003 0.007 0.068 0.895 
 129 L _   0.008 0.008 0.000 0.005 0.002 0.007 0.068 0.903 
 130 V _   0.007 0.007 0.000 0.003 0.002 0.007 0.068 0.906 
 131 N _   0.007 0.006 0.000 0.003 0.002 0.007 0.068 0.907 
 132 G _   0.007 0.007 0.000 0.004 0.002 0.009 0.067 0.904 
 133 D _   0.008 0.009 0.000 0.006 0.003 0.011 0.066 0.896 
 134 N _   0.010 0.016 0.001 0.010 0.005 0.014 0.064 0.880 
 135 K _   0.012 0.029 0.001 0.018 0.008 0.018 0.062 0.852 
 136 W _   0.014 0.049 0.001 0.030 0.012 0.021 0.059 0.815 
 137 I _   0.014 0.069 0.001 0.043 0.015 0.024 0.056 0.778 
 138 T _   0.014 0.082 0.001 0.054 0.016 0.025 0.054 0.753 
 139 T _   0.014 0.090 0.001 0.061 0.017 0.024 0.052 0.741 
 140 L _   0.013 0.092 0.001 0.062 0.016 0.023 0.052 0.741 
 141 H _   0.012 0.089 0.001 0.056 0.014 0.021 0.051 0.755 
 142 Y _   0.011 0.081 0.001 0.046 0.012 0.019 0.051 0.779 
 143 A _   0.010 0.067 0.001 0.034 0.009 0.016 0.051 0.811 
 144 F _   0.009 0.049 0.001 0.022 0.007 0.014 0.052 0.847 
 145 Q _   0.008 0.032 0.001 0.013 0.005 0.013 0.052 0.877 
 146 D _   0.008 0.021 0.000 0.007 0.003 0.012 0.052 0.896 
 147 D _   0.008 0.016 0.000 0.004 0.003 0.012 0.051 0.905 
 148 N _   0.010 0.014 0.000 0.004 0.003 0.014 0.051 0.906 
 149 N _   0.012 0.014 0.000 0.004 0.003 0.016 0.050 0.899 
 150 L _   0.017 0.017 0.001 0.006 0.005 0.021 0.049 0.886 
 151 Y _   0.022 0.024 0.001 0.009 0.008 0.026 0.047 0.863 
 152 L _   0.028 0.036 0.001 0.014 0.012 0.032 0.045 0.833 
 153 V _   0.033 0.052 0.001 0.019 0.016 0.037 0.043 0.799 
 154 M _   0.037 0.069 0.002 0.024 0.020 0.041 0.041 0.767 
 155 D _   0.040 0.084 0.002 0.027 0.023 0.044 0.039 0.740 
 156 Y _   0.043 0.096 0.002 0.030 0.026 0.046 0.037 0.720 
 157 Y _   0.045 0.105 0.002 0.031 0.028 0.048 0.036 0.705 
 158 V _   0.047 0.112 0.002 0.033 0.029 0.048 0.035 0.695 
 159 G _   0.048 0.117 0.002 0.034 0.030 0.047 0.034 0.688 
 160 G _   0.049 0.120 0.002 0.036 0.029 0.046 0.033 0.686 
 161 D _   0.049 0.120 0.002 0.037 0.027 0.043 0.033 0.689 
 162 L _   0.047 0.117 0.002 0.037 0.025 0.040 0.033 0.698 
 163 L _   0.044 0.111 0.002 0.036 0.022 0.036 0.033 0.715 
 164 T _   0.041 0.101 0.001 0.034 0.019 0.032 0.033 0.739 
 165 L _   0.036 0.087 0.001 0.029 0.015 0.028 0.034 0.770 
 166 L _   0.032 0.067 0.001 0.024 0.012 0.023 0.034 0.806 
 167 S _   0.028 0.046 0.001 0.017 0.009 0.019 0.035 0.844 
 168 K _   0.025 0.028 0.001 0.012 0.006 0.016 0.035 0.878 
 169 F _   0.023 0.014 0.001 0.008 0.004 0.013 0.035 0.903 
 170 E _   0.023 0.006 0.000 0.005 0.003 0.011 0.034 0.918 
 171 D _   0.025 0.002 0.000 0.003 0.002 0.009 0.033 0.925 
 172 R _   0.031 0.001 0.000 0.002 0.002 0.009 0.032 0.924 
 173 L _   0.043 0.000 0.000 0.002 0.002 0.009 0.030 0.914 
 174 P _   0.066 0.000 0.000 0.002 0.003 0.010 0.028 0.891 
 175 E _   0.106 0.000 0.000 0.002 0.004 0.012 0.025 0.850 
 176 D _   0.169 0.000 0.001 0.002 0.006 0.015 0.022 0.786 
 177 M _   0.257 0.000 0.001 0.002 0.008 0.018 0.018 0.696 
 178 A _   0.365 0.000 0.001 0.002 0.012 0.022 0.015 0.584 
 179 R H   0.476 0.000 0.001 0.002 0.017 0.024 0.011 0.469 
 180 F H   0.575 0.000 0.002 0.002 0.022 0.026 0.009 0.366 
 181 Y H   0.656 0.000 0.002 0.002 0.026 0.026 0.007 0.282 
 182 L H   0.718 0.000 0.002 0.002 0.028 0.025 0.006 0.220 
 183 A H   0.759 0.000 0.002 0.002 0.029 0.023 0.005 0.180 
 184 E H   0.787 0.000 0.001 0.002 0.029 0.022 0.005 0.154 
 185 M H   0.802 0.000 0.001 0.002 0.029 0.020 0.005 0.141 
 186 V H   0.804 0.000 0.001 0.002 0.028 0.018 0.005 0.141 
 187 I H   0.794 0.000 0.001 0.002 0.026 0.017 0.006 0.153 
 188 A H   0.770 0.000 0.001 0.002 0.025 0.017 0.007 0.178 
 189 I H   0.731 0.000 0.002 0.002 0.024 0.017 0.008 0.217 
 190 D H   0.677 0.000 0.002 0.002 0.022 0.017 0.010 0.270 
 191 S H   0.610 0.000 0.002 0.003 0.020 0.018 0.012 0.335 
 192 V H   0.529 0.000 0.002 0.004 0.019 0.018 0.016 0.413 
 193 H _   0.443 0.000 0.002 0.005 0.017 0.018 0.020 0.495 
 194 Q _   0.356 0.000 0.001 0.007 0.014 0.018 0.025 0.579 
 195 L _   0.271 0.001 0.001 0.008 0.012 0.017 0.029 0.661 
 196 H _   0.197 0.001 0.001 0.009 0.009 0.016 0.034 0.734 
 197 Y _   0.136 0.001 0.001 0.008 0.007 0.014 0.037 0.796 
 198 V _   0.090 0.001 0.001 0.008 0.005 0.012 0.040 0.843 
 199 H _   0.058 0.001 0.001 0.007 0.004 0.010 0.043 0.877 
 200 R _   0.037 0.001 0.000 0.005 0.003 0.009 0.044 0.900 
 201 D _   0.024 0.001 0.000 0.004 0.002 0.008 0.046 0.915 
 202 I _   0.016 0.001 0.000 0.004 0.002 0.007 0.046 0.924 
 203 K _   0.011 0.001 0.000 0.004 0.002 0.007 0.047 0.928 
 204 P _   0.009 0.002 0.000 0.004 0.002 0.007 0.047 0.929 
 205 D _   0.008 0.003 0.000 0.005 0.002 0.008 0.047 0.927 
 206 N _   0.007 0.006 0.000 0.006 0.003 0.009 0.047 0.922 
 207 I _   0.008 0.010 0.000 0.008 0.003 0.010 0.046 0.914 
 208 L _   0.008 0.017 0.001 0.011 0.004 0.012 0.045 0.902 
 209 M _   0.009 0.025 0.001 0.013 0.006 0.014 0.044 0.888 
 210 D _   0.010 0.034 0.001 0.016 0.007 0.017 0.043 0.873 
 211 M _   0.010 0.044 0.001 0.019 0.008 0.019 0.042 0.858 
 212 N _   0.011 0.052 0.001 0.021 0.009 0.021 0.041 0.843 
 213 G _   0.013 0.060 0.001 0.023 0.011 0.023 0.040 0.830 
 214 H _   0.014 0.066 0.001 0.024 0.012 0.024 0.039 0.819 
 215 I _   0.016 0.072 0.001 0.025 0.013 0.026 0.038 0.810 
 216 R _   0.017 0.075 0.001 0.026 0.014 0.027 0.038 0.802 
 217 L _   0.019 0.078 0.001 0.026 0.014 0.028 0.038 0.797 
 218 A _   0.020 0.079 0.001 0.026 0.015 0.028 0.038 0.794 
 219 D _   0.021 0.079 0.001 0.026 0.015 0.028 0.038 0.793 
 220 F _   0.022 0.077 0.001 0.025 0.015 0.028 0.038 0.795 
 221 G _   0.022 0.075 0.001 0.024 0.014 0.027 0.038 0.798 
 222 S _   0.022 0.071 0.001 0.023 0.013 0.026 0.039 0.805 
 223 C _   0.023 0.066 0.001 0.022 0.013 0.025 0.039 0.812 
 224 L _   0.023 0.060 0.001 0.020 0.012 0.024 0.040 0.822 
 225 K _   0.022 0.053 0.001 0.017 0.010 0.022 0.041 0.834 
 226 L _   0.021 0.046 0.001 0.014 0.009 0.020 0.042 0.847 
 227 M _   0.020 0.039 0.001 0.012 0.008 0.019 0.043 0.859 
 228 E _   0.019 0.034 0.001 0.010 0.007 0.018 0.043 0.868 
 229 D _   0.018 0.030 0.001 0.009 0.006 0.017 0.044 0.876 
 230 G _   0.017 0.028 0.001 0.009 0.006 0.016 0.045 0.880 
 231 T _   0.017 0.026 0.001 0.009 0.006 0.016 0.045 0.880 
 232 V _   0.017 0.026 0.001 0.010 0.006 0.016 0.046 0.878 
 233 Q _   0.017 0.026 0.001 0.012 0.007 0.017 0.046 0.875 
 234 S _   0.017 0.027 0.001 0.014 0.008 0.017 0.047 0.871 
 235 S _   0.017 0.028 0.001 0.016 0.008 0.017 0.047 0.867 
 236 V _   0.016 0.028 0.001 0.017 0.008 0.016 0.048 0.866 
 237 A _   0.015 0.028 0.001 0.017 0.008 0.015 0.049 0.867 
 238 V _   0.014 0.027 0.001 0.016 0.007 0.015 0.049 0.871 
 239 G _   0.013 0.026 0.001 0.014 0.006 0.014 0.050 0.877 
 240 T _   0.013 0.024 0.001 0.011 0.005 0.013 0.051 0.882 
 241 P _   0.012 0.023 0.001 0.010 0.005 0.013 0.052 0.886 
 242 D _   0.011 0.022 0.001 0.009 0.004 0.013 0.052 0.888 
 243 Y _   0.011 0.022 0.001 0.009 0.005 0.013 0.053 0.887 
 244 I _   0.011 0.024 0.001 0.012 0.005 0.014 0.053 0.881 
 245 S _   0.011 0.026 0.001 0.015 0.006 0.014 0.054 0.873 
 246 P _   0.012 0.030 0.001 0.020 0.007 0.015 0.054 0.862 
 247 E _   0.012 0.033 0.001 0.025 0.008 0.015 0.055 0.851 
 248 I _   0.012 0.036 0.001 0.029 0.009 0.015 0.056 0.842 
 249 L _   0.012 0.036 0.001 0.032 0.009 0.015 0.057 0.839 
 250 Q _   0.011 0.035 0.001 0.031 0.008 0.014 0.058 0.842 
 251 A _   0.010 0.032 0.001 0.028 0.007 0.012 0.059 0.851 
 252 M _   0.009 0.027 0.001 0.023 0.006 0.011 0.061 0.863 
 253 E _   0.008 0.021 0.001 0.017 0.004 0.009 0.063 0.877 
 254 D _   0.007 0.014 0.000 0.012 0.003 0.008 0.064 0.891 
 255 G _   0.006 0.008 0.000 0.008 0.002 0.007 0.065 0.903 
 256 K _   0.006 0.004 0.000 0.005 0.002 0.006 0.066 0.910 
 257 G _   0.006 0.002 0.000 0.003 0.001 0.006 0.067 0.914 
 258 R _   0.008 0.001 0.000 0.002 0.001 0.007 0.066 0.914 
 259 Y _   0.011 0.000 0.000 0.002 0.001 0.009 0.066 0.911 
 260 G _   0.017 0.000 0.000 0.002 0.002 0.012 0.065 0.902 
 261 P _   0.030 0.000 0.000 0.003 0.003 0.017 0.063 0.884 
 262 E _   0.053 0.000 0.001 0.003 0.005 0.024 0.061 0.853 
 263 C _   0.087 0.000 0.001 0.004 0.010 0.034 0.058 0.805 
 264 D _   0.134 0.001 0.001 0.006 0.018 0.047 0.054 0.739 
 265 W _   0.188 0.003 0.002 0.007 0.031 0.060 0.050 0.659 
 266 W _   0.242 0.006 0.002 0.010 0.047 0.072 0.046 0.575 
 267 S _   0.288 0.011 0.003 0.014 0.063 0.080 0.043 0.499 
 268 L _   0.325 0.017 0.003 0.018 0.076 0.084 0.041 0.435 
 269 G _   0.352 0.023 0.003 0.023 0.085 0.085 0.039 0.389 
 270 V H   0.369 0.028 0.003 0.028 0.088 0.083 0.039 0.363 
 271 C H   0.375 0.030 0.003 0.030 0.087 0.078 0.039 0.357 
 272 M _   0.372 0.030 0.003 0.030 0.081 0.072 0.039 0.372 
 273 Y _   0.355 0.028 0.003 0.027 0.072 0.065 0.041 0.409 
 274 E _   0.325 0.023 0.003 0.023 0.060 0.057 0.042 0.466 
 275 M _   0.284 0.016 0.003 0.018 0.045 0.049 0.045 0.540 
 276 L _   0.234 0.009 0.002 0.013 0.031 0.041 0.047 0.623 
 277 Y _   0.183 0.004 0.001 0.008 0.019 0.033 0.049 0.702 
 278 G _   0.138 0.002 0.001 0.005 0.011 0.027 0.051 0.765 
 279 E _   0.100 0.001 0.001 0.004 0.007 0.023 0.052 0.813 
 280 T _   0.073 0.000 0.001 0.003 0.005 0.020 0.053 0.845 
 281 P _   0.054 0.001 0.000 0.003 0.004 0.019 0.054 0.865 
 282 F _   0.043 0.001 0.000 0.003 0.004 0.019 0.054 0.876 
 283 Y _   0.036 0.002 0.001 0.005 0.005 0.019 0.054 0.878 
 284 A _   0.031 0.005 0.001 0.008 0.007 0.021 0.054 0.874 
 285 E _   0.029 0.011 0.001 0.012 0.009 0.022 0.054 0.863 
 286 S _   0.028 0.019 0.001 0.018 0.011 0.024 0.053 0.846 
 287 L _   0.026 0.027 0.001 0.024 0.013 0.025 0.053 0.830 
 288 V _   0.025 0.034 0.001 0.030 0.015 0.025 0.053 0.817 
 289 E _   0.024 0.039 0.001 0.033 0.015 0.025 0.053 0.810 
 290 T _   0.022 0.041 0.001 0.035 0.015 0.024 0.054 0.809 
 291 Y _   0.021 0.042 0.001 0.033 0.014 0.022 0.054 0.813 
 292 G _   0.019 0.040 0.001 0.029 0.012 0.020 0.055 0.823 
 293 K _   0.017 0.037 0.001 0.024 0.010 0.018 0.057 0.836 
 294 I _   0.016 0.032 0.001 0.019 0.008 0.016 0.058 0.851 
 295 M _   0.014 0.027 0.001 0.014 0.006 0.014 0.059 0.864 
 296 N _   0.013 0.023 0.001 0.011 0.005 0.013 0.060 0.875 
 297 H _   0.012 0.020 0.000 0.008 0.004 0.012 0.061 0.882 
 298 K _   0.011 0.018 0.000 0.007 0.004 0.011 0.062 0.886 
 299 E _   0.011 0.017 0.000 0.007 0.004 0.011 0.062 0.887 
 300 R _   0.010 0.017 0.000 0.008 0.004 0.011 0.063 0.886 
 301 F _   0.010 0.018 0.000 0.010 0.004 0.011 0.063 0.883 
 302 Q _   0.010 0.020 0.001 0.012 0.005 0.011 0.064 0.878 
 303 F _   0.010 0.021 0.001 0.014 0.005 0.011 0.064 0.875 
 304 P _   0.009 0.023 0.001 0.015 0.005 0.011 0.064 0.872 
 305 A _   0.009 0.023 0.001 0.015 0.005 0.011 0.065 0.872 
 306 Q _   0.008 0.024 0.001 0.014 0.005 0.010 0.065 0.873 
 307 V _   0.008 0.023 0.001 0.012 0.004 0.010 0.066 0.877 
 308 T _   0.007 0.023 0.000 0.010 0.003 0.010 0.066 0.881 
 309 D _   0.007 0.022 0.000 0.008 0.003 0.009 0.066 0.884 
 310 V _   0.007 0.023 0.000 0.007 0.003 0.010 0.066 0.885 
 311 S _   0.007 0.024 0.000 0.006 0.003 0.011 0.065 0.883 
 312 E _   0.009 0.027 0.000 0.006 0.003 0.013 0.065 0.877 
 313 N _   0.011 0.034 0.001 0.008 0.005 0.016 0.064 0.862 
 314 A _   0.014 0.050 0.001 0.011 0.008 0.021 0.062 0.834 
 315 K _   0.018 0.080 0.001 0.017 0.012 0.025 0.060 0.786 
 316 D _   0.021 0.130 0.002 0.025 0.017 0.030 0.057 0.719 
 317 L _   0.023 0.191 0.002 0.035 0.021 0.032 0.054 0.642 
 318 I _   0.023 0.246 0.002 0.043 0.024 0.033 0.052 0.576 
 319 R _   0.024 0.286 0.002 0.050 0.025 0.033 0.050 0.531 
 320 R _   0.023 0.308 0.002 0.054 0.024 0.032 0.050 0.507 
 321 L _   0.023 0.319 0.002 0.055 0.024 0.031 0.050 0.498 
 322 I _   0.022 0.323 0.002 0.053 0.022 0.029 0.050 0.500 
 323 C _   0.021 0.319 0.001 0.049 0.020 0.027 0.051 0.512 
 324 S _   0.020 0.308 0.001 0.043 0.017 0.024 0.053 0.534 
 325 R _   0.019 0.291 0.001 0.037 0.015 0.022 0.055 0.561 
 326 E _   0.017 0.268 0.001 0.030 0.012 0.020 0.057 0.594 
 327 H _   0.016 0.242 0.001 0.025 0.010 0.018 0.060 0.628 
 328 R _   0.015 0.215 0.001 0.021 0.008 0.016 0.063 0.661 
 329 L _   0.013 0.190 0.001 0.018 0.007 0.014 0.065 0.692 
 330 G _   0.012 0.169 0.001 0.015 0.005 0.012 0.068 0.718 
 331 Q _   0.010 0.151 0.001 0.013 0.004 0.011 0.070 0.740 
 332 N _   0.009 0.137 0.001 0.011 0.004 0.010 0.072 0.758 
 333 G _   0.008 0.127 0.000 0.009 0.003 0.009 0.073 0.771 
 334 I _   0.007 0.119 0.000 0.008 0.003 0.008 0.073 0.781 
 335 E _   0.006 0.115 0.000 0.007 0.002 0.008 0.074 0.787 
 336 D _   0.006 0.113 0.000 0.007 0.002 0.008 0.074 0.789 
 337 F _   0.006 0.114 0.000 0.008 0.003 0.008 0.074 0.788 
 338 K _   0.006 0.117 0.000 0.010 0.003 0.009 0.073 0.782 
 339 K _   0.006 0.122 0.000 0.013 0.004 0.009 0.073 0.773 
 340 H _   0.006 0.129 0.001 0.016 0.005 0.010 0.072 0.762 
 341 P _   0.006 0.137 0.001 0.021 0.005 0.010 0.072 0.748 
 342 F _   0.006 0.145 0.001 0.025 0.006 0.011 0.071 0.736 
 343 F _   0.006 0.150 0.001 0.027 0.006 0.010 0.071 0.729 
 344 S _   0.005 0.152 0.001 0.028 0.006 0.010 0.072 0.726 
 345 G _   0.005 0.151 0.001 0.027 0.006 0.010 0.073 0.728 
 346 I _   0.005 0.148 0.001 0.024 0.005 0.009 0.074 0.735 
 347 D _   0.005 0.142 0.001 0.020 0.004 0.008 0.075 0.744 
 348 W _   0.005 0.136 0.001 0.016 0.004 0.008 0.076 0.755 
 349 D _   0.004 0.129 0.000 0.013 0.003 0.007 0.078 0.766 
 350 N _   0.004 0.123 0.000 0.010 0.003 0.007 0.079 0.773 
 351 I _   0.004 0.120 0.000 0.009 0.002 0.007 0.080 0.778 
 352 R _   0.004 0.119 0.000 0.009 0.002 0.007 0.081 0.778 
 353 N _   0.005 0.120 0.000 0.010 0.003 0.008 0.081 0.774 
 354 C _   0.005 0.124 0.000 0.012 0.003 0.009 0.081 0.765 
 355 E _   0.005 0.130 0.001 0.016 0.004 0.010 0.081 0.752 
 356 A _   0.006 0.138 0.001 0.021 0.005 0.011 0.081 0.738 
 357 P _   0.006 0.145 0.001 0.026 0.006 0.011 0.082 0.724 
 358 Y _   0.006 0.151 0.001 0.030 0.006 0.012 0.082 0.712 
 359 I _   0.006 0.154 0.001 0.033 0.007 0.012 0.083 0.704 
 360 P _   0.006 0.155 0.001 0.034 0.007 0.012 0.085 0.701 
 361 E _   0.006 0.152 0.001 0.033 0.007 0.011 0.087 0.703 
 362 V _   0.006 0.147 0.001 0.031 0.006 0.011 0.090 0.710 
 363 S _   0.006 0.138 0.001 0.027 0.005 0.010 0.093 0.721 
 364 S _   0.006 0.126 0.001 0.023 0.005 0.009 0.096 0.735 
 365 P _   0.005 0.114 0.001 0.019 0.004 0.008 0.100 0.749 
 366 T _   0.005 0.102 0.000 0.016 0.003 0.008 0.103 0.763 
 367 D _   0.005 0.091 0.000 0.013 0.003 0.007 0.106 0.774 
 368 T _   0.005 0.083 0.000 0.011 0.002 0.007 0.109 0.783 
 369 S _   0.005 0.077 0.000 0.010 0.002 0.006 0.110 0.789 
 370 N _   0.004 0.073 0.000 0.009 0.002 0.006 0.112 0.794 
 371 F _   0.004 0.070 0.000 0.009 0.002 0.006 0.112 0.797 
 372 D _   0.004 0.068 0.000 0.008 0.002 0.006 0.113 0.799 
 373 V _   0.004 0.068 0.000 0.008 0.002 0.006 0.112 0.800 
 374 D _   0.004 0.069 0.000 0.008 0.002 0.006 0.111 0.800 
 375 D _   0.004 0.071 0.000 0.009 0.002 0.006 0.110 0.799 
 376 D _   0.003 0.074 0.000 0.009 0.002 0.006 0.108 0.797 
 377 C _   0.003 0.078 0.000 0.010 0.002 0.007 0.106 0.794 
 378 L _   0.003 0.084 0.000 0.011 0.002 0.007 0.104 0.789 
 379 K _   0.003 0.092 0.000 0.012 0.002 0.007 0.101 0.782 
 380 N _   0.003 0.101 0.000 0.013 0.003 0.008 0.097 0.774 
 381 S _   0.004 0.112 0.000 0.014 0.003 0.009 0.094 0.764 
 382 E _   0.004 0.125 0.000 0.016 0.003 0.009 0.090 0.752 
 383 T _   0.004 0.140 0.001 0.017 0.004 0.010 0.087 0.739 
 384 M _   0.004 0.155 0.001 0.017 0.004 0.010 0.083 0.726 
 385 P _   0.004 0.171 0.001 0.018 0.004 0.011 0.079 0.712 
 386 P _   0.004 0.187 0.001 0.018 0.005 0.012 0.076 0.698 
 387 P _   0.005 0.204 0.001 0.019 0.005 0.012 0.072 0.683 
 388 T _   0.005 0.220 0.001 0.018 0.005 0.013 0.069 0.668 
 389 H _   0.005 0.238 0.001 0.018 0.006 0.015 0.066 0.652 
 390 T _   0.006 0.257 0.001 0.018 0.007 0.016 0.062 0.632 
 391 A _   0.007 0.281 0.001 0.019 0.008 0.018 0.059 0.607 
 392 F _   0.008 0.308 0.001 0.021 0.010 0.020 0.055 0.576 
 393 S _   0.009 0.342 0.001 0.023 0.012 0.023 0.051 0.538 
 394 G _   0.010 0.383 0.001 0.026 0.015 0.025 0.047 0.492 
 395 H _   0.011 0.429 0.002 0.030 0.017 0.026 0.043 0.442 
 396 H E   0.012 0.473 0.002 0.035 0.019 0.026 0.040 0.394 
 397 L E   0.012 0.508 0.002 0.039 0.020 0.026 0.037 0.356 
 398 P E   0.012 0.531 0.001 0.042 0.021 0.026 0.035 0.332 
 399 F E   0.012 0.544 0.001 0.044 0.020 0.025 0.033 0.319 
 400 V E   0.012 0.548 0.001 0.045 0.020 0.024 0.033 0.316 
 401 G E   0.012 0.545 0.001 0.044 0.019 0.023 0.032 0.322 
 402 F E   0.012 0.533 0.001 0.042 0.019 0.022 0.032 0.339 
 403 T E   0.013 0.509 0.002 0.038 0.018 0.021 0.033 0.366 
 404 Y E   0.013 0.471 0.002 0.034 0.017 0.021 0.034 0.408 
 405 T _   0.014 0.419 0.002 0.030 0.016 0.021 0.035 0.464 
 406 S _   0.014 0.361 0.002 0.024 0.014 0.020 0.037 0.527 
 407 S _   0.014 0.306 0.001 0.019 0.011 0.020 0.039 0.588 
 408 C _   0.014 0.264 0.001 0.015 0.009 0.020 0.040 0.636 
 409 V _   0.013 0.236 0.001 0.012 0.007 0.019 0.042 0.669 
 410 L _   0.013 0.219 0.001 0.011 0.006 0.019 0.043 0.689 
 411 S _   0.012 0.210 0.001 0.010 0.006 0.019 0.043 0.699 
 412 D _   0.013 0.205 0.001 0.011 0.006 0.019 0.043 0.701 
 413 R _   0.013 0.203 0.001 0.014 0.007 0.020 0.044 0.699 
 414 S _   0.013 0.203 0.001 0.017 0.008 0.020 0.044 0.694 
 415 C _   0.014 0.203 0.001 0.020 0.010 0.020 0.044 0.688 
 416 L _   0.014 0.202 0.001 0.024 0.011 0.020 0.045 0.683 
 417 R _   0.014 0.200 0.001 0.026 0.011 0.020 0.045 0.682 
 418 V _   0.014 0.195 0.001 0.027 0.011 0.019 0.046 0.686 
 419 T _   0.014 0.185 0.001 0.026 0.011 0.018 0.048 0.697 
 420 A _   0.014 0.172 0.001 0.024 0.010 0.017 0.049 0.713 
 421 G _   0.013 0.155 0.001 0.021 0.009 0.016 0.051 0.734 
 422 P _   0.013 0.135 0.001 0.018 0.008 0.015 0.053 0.757 
 423 T _   0.012 0.116 0.001 0.015 0.007 0.015 0.055 0.779 
 424 S _   0.012 0.100 0.001 0.013 0.006 0.014 0.057 0.798 
 425 L _   0.011 0.087 0.001 0.012 0.006 0.013 0.059 0.811 
 426 D _   0.011 0.078 0.001 0.011 0.005 0.013 0.061 0.819 
 427 L _   0.011 0.072 0.001 0.012 0.005 0.013 0.063 0.823 
 428 D _   0.011 0.067 0.001 0.013 0.005 0.013 0.065 0.826 
 429 V _   0.011 0.063 0.001 0.014 0.005 0.012 0.066 0.828 
 430 N _   0.011 0.059 0.001 0.015 0.005 0.012 0.068 0.830 
 431 V _   0.010 0.054 0.001 0.015 0.005 0.011 0.070 0.834 
 432 Q _   0.010 0.048 0.001 0.014 0.005 0.011 0.072 0.841 
 433 R _   0.009 0.042 0.001 0.012 0.004 0.010 0.073 0.849 
 434 T _   0.008 0.035 0.001 0.010 0.004 0.009 0.075 0.858 
 435 L _   0.007 0.030 0.000 0.009 0.003 0.009 0.076 0.866 
 436 D _   0.007 0.026 0.000 0.007 0.003 0.008 0.077 0.871 
 437 N _   0.007 0.023 0.000 0.006 0.003 0.008 0.078 0.874 
 438 N _   0.007 0.022 0.000 0.006 0.003 0.008 0.079 0.875 
 439 L _   0.008 0.022 0.000 0.007 0.003 0.009 0.079 0.872 
 440 A _   0.008 0.022 0.000 0.008 0.003 0.010 0.080 0.868 
 441 T _   0.009 0.024 0.000 0.010 0.004 0.010 0.080 0.863 
 442 E _   0.009 0.026 0.001 0.012 0.004 0.011 0.080 0.857 
 443 A _   0.009 0.028 0.001 0.014 0.005 0.012 0.081 0.851 
 444 Y _   0.009 0.030 0.001 0.016 0.005 0.012 0.081 0.847 
 445 E _   0.009 0.031 0.001 0.016 0.005 0.012 0.081 0.845 
 446 R _   0.009 0.031 0.001 0.016 0.005 0.012 0.082 0.844 
 447 R _   0.009 0.031 0.001 0.016 0.005 0.012 0.082 0.844 
 448 I _   0.009 0.031 0.001 0.015 0.005 0.011 0.083 0.846 
 449 K _   0.008 0.030 0.001 0.014 0.005 0.011 0.084 0.847 
 450 R _   0.008 0.029 0.001 0.013 0.004 0.011 0.085 0.849 
 451 L _   0.008 0.028 0.000 0.012 0.004 0.010 0.086 0.851 
 452 E _   0.008 0.027 0.000 0.012 0.004 0.010 0.087 0.852 
 453 Q _   0.007 0.026 0.000 0.011 0.004 0.010 0.088 0.853 
 454 E _   0.007 0.025 0.000 0.011 0.004 0.010 0.089 0.854 
 455 K _   0.007 0.025 0.000 0.010 0.003 0.009 0.090 0.855 
 456 L _   0.007 0.024 0.000 0.010 0.003 0.009 0.091 0.856 
 457 E _   0.007 0.023 0.000 0.009 0.003 0.010 0.092 0.856 
 458 L _   0.007 0.023 0.000 0.008 0.003 0.010 0.092 0.856 
 459 S _   0.007 0.022 0.000 0.008 0.003 0.010 0.093 0.855 
 460 R _   0.008 0.023 0.000 0.007 0.003 0.011 0.093 0.853 
 461 K _   0.009 0.024 0.000 0.007 0.004 0.013 0.094 0.850 
 462 L _   0.010 0.026 0.000 0.008 0.004 0.014 0.094 0.843 
 463 Q _   0.012 0.029 0.001 0.009 0.005 0.017 0.094 0.833 
 464 E _   0.014 0.035 0.001 0.011 0.007 0.019 0.094 0.819 
 465 S _   0.017 0.042 0.001 0.015 0.009 0.022 0.094 0.800 
 466 T _   0.019 0.052 0.001 0.020 0.012 0.024 0.094 0.779 
 467 Q _   0.021 0.062 0.001 0.026 0.014 0.026 0.094 0.755 
 468 T _   0.023 0.072 0.001 0.031 0.017 0.027 0.094 0.735 
 469 V _   0.024 0.079 0.001 0.036 0.018 0.028 0.095 0.719 
 470 Q _   0.024 0.083 0.001 0.039 0.018 0.027 0.097 0.711 
 471 A _   0.024 0.084 0.001 0.039 0.017 0.026 0.099 0.711 
 472 L _   0.022 0.082 0.001 0.036 0.016 0.024 0.101 0.718 
 473 Q _   0.021 0.077 0.001 0.032 0.014 0.021 0.104 0.730 
 474 Y _   0.019 0.069 0.001 0.027 0.011 0.019 0.107 0.747 
 475 S _   0.017 0.059 0.001 0.022 0.009 0.017 0.111 0.765 
 476 T _   0.015 0.049 0.001 0.018 0.007 0.014 0.115 0.782 
 477 V _   0.013 0.040 0.001 0.015 0.005 0.013 0.118 0.796 
 478 D _   0.012 0.032 0.001 0.012 0.004 0.011 0.121 0.807 
 479 G _   0.010 0.026 0.000 0.010 0.004 0.010 0.124 0.816 
 480 P _   0.009 0.021 0.000 0.009 0.003 0.009 0.127 0.822 
 481 L _   0.008 0.017 0.000 0.008 0.003 0.008 0.129 0.828 
 482 T _   0.007 0.015 0.000 0.007 0.002 0.007 0.130 0.832 
 483 A _   0.006 0.013 0.000 0.006 0.002 0.006 0.131 0.835 
 484 S _   0.005 0.012 0.000 0.006 0.002 0.006 0.131 0.838 
 485 K _   0.005 0.011 0.000 0.005 0.002 0.006 0.131 0.840 
 486 D _   0.005 0.011 0.000 0.005 0.002 0.006 0.131 0.840 
 487 L _   0.005 0.012 0.000 0.006 0.002 0.006 0.130 0.840 
 488 E _   0.005 0.013 0.000 0.006 0.002 0.006 0.129 0.839 
 489 I _   0.005 0.016 0.000 0.008 0.002 0.007 0.127 0.835 
 490 K _   0.005 0.020 0.000 0.009 0.003 0.008 0.125 0.830 
 491 N _   0.005 0.025 0.000 0.012 0.003 0.009 0.123 0.823 
 492 L _   0.005 0.030 0.000 0.015 0.004 0.010 0.121 0.814 
 493 K _   0.006 0.036 0.001 0.018 0.005 0.010 0.119 0.805 
 494 E _   0.006 0.042 0.001 0.021 0.005 0.011 0.117 0.797 
 495 E _   0.006 0.046 0.001 0.023 0.006 0.012 0.116 0.790 
 496 I _   0.007 0.049 0.001 0.024 0.006 0.012 0.115 0.786 
 497 E _   0.007 0.050 0.001 0.024 0.006 0.012 0.115 0.785 
 498 K _   0.007 0.050 0.001 0.023 0.006 0.012 0.115 0.787 
 499 L _   0.007 0.048 0.001 0.021 0.006 0.011 0.115 0.791 
 500 R _   0.007 0.045 0.001 0.018 0.005 0.011 0.116 0.797 
 501 K _   0.007 0.042 0.001 0.015 0.005 0.010 0.117 0.803 
 502 Q _   0.007 0.038 0.000 0.013 0.004 0.009 0.119 0.810 
 503 V _   0.007 0.034 0.000 0.011 0.003 0.009 0.120 0.816 
 504 T _   0.007 0.031 0.000 0.009 0.003 0.008 0.121 0.821 
 505 E _   0.007 0.028 0.000 0.008 0.003 0.008 0.122 0.824 
 506 S _   0.007 0.026 0.000 0.008 0.003 0.008 0.123 0.826 
 507 S _   0.007 0.025 0.000 0.007 0.003 0.008 0.123 0.827 
 508 H _   0.007 0.024 0.000 0.007 0.003 0.008 0.124 0.826 
 509 L _   0.007 0.025 0.000 0.008 0.003 0.008 0.124 0.825 
 510 E _   0.007 0.025 0.000 0.009 0.003 0.009 0.124 0.823 
 511 Q _   0.007 0.026 0.000 0.010 0.004 0.009 0.124 0.820 
 512 Q _   0.007 0.028 0.000 0.011 0.004 0.010 0.124 0.817 
 513 L _   0.007 0.029 0.001 0.012 0.004 0.010 0.124 0.812 
 514 E _   0.007 0.031 0.001 0.014 0.005 0.010 0.125 0.808 
 515 E _   0.007 0.032 0.001 0.015 0.005 0.011 0.125 0.804 
 516 A _   0.008 0.033 0.001 0.016 0.005 0.011 0.126 0.801 
 517 N _   0.008 0.033 0.001 0.017 0.005 0.011 0.127 0.798 
 518 A _   0.008 0.033 0.001 0.016 0.005 0.011 0.128 0.798 
 519 V _   0.008 0.032 0.001 0.015 0.005 0.010 0.130 0.799 
 520 R _   0.008 0.030 0.001 0.014 0.005 0.010 0.132 0.801 
 521 Q _   0.008 0.028 0.000 0.012 0.004 0.009 0.134 0.805 
 522 E _   0.007 0.025 0.000 0.010 0.004 0.009 0.136 0.808 
 523 L _   0.007 0.023 0.000 0.009 0.003 0.008 0.138 0.812 
 524 D _   0.007 0.021 0.000 0.007 0.003 0.008 0.139 0.814 
 525 D _   0.007 0.020 0.000 0.007 0.003 0.008 0.141 0.814 
 526 A _   0.007 0.020 0.000 0.006 0.003 0.008 0.143 0.812 
 527 F _   0.008 0.020 0.000 0.007 0.003 0.009 0.144 0.810 
 528 R _   0.008 0.021 0.000 0.008 0.003 0.010 0.145 0.805 
 529 Q _   0.009 0.023 0.000 0.009 0.004 0.010 0.146 0.799 
 530 I _   0.009 0.026 0.001 0.011 0.004 0.011 0.147 0.791 
 531 K _   0.009 0.029 0.001 0.014 0.005 0.012 0.148 0.783 
 532 A _   0.009 0.032 0.001 0.016 0.006 0.012 0.150 0.775 
 533 Y _   0.009 0.035 0.001 0.018 0.006 0.013 0.151 0.767 
 534 E _   0.010 0.037 0.001 0.020 0.007 0.013 0.153 0.760 
 535 K _   0.009 0.038 0.001 0.022 0.007 0.013 0.155 0.755 
 536 Q _   0.009 0.038 0.001 0.023 0.007 0.013 0.158 0.752 
 537 I _   0.009 0.037 0.001 0.022 0.006 0.012 0.162 0.751 
 538 K _   0.009 0.035 0.001 0.020 0.006 0.011 0.166 0.753 
 539 T _   0.008 0.031 0.001 0.018 0.005 0.010 0.170 0.757 
 540 L _   0.008 0.027 0.001 0.014 0.004 0.009 0.175 0.763 
 541 Q _   0.007 0.022 0.000 0.011 0.003 0.008 0.179 0.770 
 542 Q _   0.006 0.018 0.000 0.008 0.003 0.007 0.183 0.776 
 543 E _   0.006 0.014 0.000 0.006 0.002 0.006 0.186 0.780 
 544 R _   0.005 0.012 0.000 0.005 0.002 0.005 0.189 0.782 
 545 E _   0.005 0.011 0.000 0.004 0.002 0.005 0.191 0.782 
 546 D _   0.005 0.011 0.000 0.004 0.002 0.006 0.193 0.780 
 547 L _   0.005 0.012 0.000 0.006 0.002 0.006 0.194 0.775 
 548 N _   0.005 0.013 0.000 0.008 0.002 0.007 0.195 0.768 
 549 K _   0.006 0.016 0.000 0.011 0.003 0.009 0.196 0.759 
 550 E _   0.006 0.020 0.000 0.016 0.004 0.010 0.196 0.747 
 551 L _   0.007 0.023 0.001 0.020 0.005 0.010 0.197 0.736 
 552 V _   0.007 0.026 0.001 0.024 0.006 0.011 0.199 0.727 
 553 Q _   0.007 0.027 0.001 0.025 0.006 0.011 0.201 0.723 
 554 A _   0.007 0.027 0.001 0.025 0.005 0.010 0.204 0.722 
 555 S _   0.006 0.025 0.001 0.022 0.005 0.010 0.207 0.724 
 556 E _   0.006 0.022 0.001 0.019 0.004 0.009 0.211 0.729 
 557 R _   0.006 0.019 0.000 0.014 0.003 0.008 0.214 0.735 
 558 L _   0.006 0.015 0.000 0.011 0.003 0.007 0.218 0.742 
 559 K _   0.005 0.011 0.000 0.008 0.002 0.006 0.221 0.747 
 560 N _   0.005 0.009 0.000 0.006 0.002 0.005 0.224 0.750 
 561 Q _   0.004 0.007 0.000 0.004 0.001 0.005 0.226 0.752 
 562 S _   0.004 0.006 0.000 0.004 0.001 0.005 0.227 0.752 
 563 K _   0.004 0.006 0.000 0.004 0.001 0.005 0.227 0.752 
 564 E _   0.004 0.007 0.000 0.004 0.001 0.005 0.227 0.751 
 565 L _   0.004 0.008 0.000 0.004 0.002 0.006 0.226 0.750 
 566 K _   0.004 0.010 0.000 0.005 0.002 0.007 0.225 0.747 
 567 D _   0.005 0.013 0.000 0.006 0.002 0.008 0.223 0.742 
 568 A _   0.005 0.018 0.000 0.008 0.003 0.010 0.220 0.735 
 569 H _   0.006 0.025 0.000 0.010 0.004 0.012 0.217 0.725 
 570 C _   0.007 0.034 0.001 0.013 0.005 0.014 0.213 0.713 
 571 Q _   0.008 0.045 0.001 0.016 0.007 0.017 0.210 0.698 
 572 R _   0.009 0.058 0.001 0.019 0.008 0.019 0.206 0.680 
 573 K _   0.010 0.070 0.001 0.022 0.010 0.021 0.203 0.663 
 574 L _   0.012 0.082 0.001 0.025 0.012 0.023 0.200 0.645 
 575 A _   0.014 0.092 0.001 0.028 0.013 0.025 0.198 0.630 
 576 M _   0.015 0.099 0.001 0.030 0.014 0.026 0.196 0.618 
 577 Q _   0.016 0.103 0.001 0.031 0.015 0.026 0.196 0.611 
 578 E _   0.018 0.106 0.001 0.031 0.015 0.026 0.196 0.608 
 579 F _   0.019 0.105 0.001 0.030 0.015 0.025 0.196 0.608 
 580 M _   0.020 0.103 0.001 0.028 0.014 0.025 0.198 0.611 
 581 E _   0.020 0.099 0.001 0.026 0.013 0.024 0.200 0.617 
 582 I _   0.020 0.093 0.001 0.024 0.012 0.022 0.202 0.625 
 583 N _   0.020 0.086 0.001 0.021 0.011 0.021 0.205 0.634 
 584 E _   0.020 0.078 0.001 0.019 0.010 0.019 0.209 0.644 
 585 R _   0.019 0.068 0.001 0.017 0.009 0.018 0.213 0.655 
 586 L _   0.018 0.059 0.001 0.015 0.007 0.016 0.217 0.667 
 587 T _   0.016 0.049 0.001 0.013 0.006 0.015 0.221 0.679 
 588 E _   0.015 0.041 0.001 0.011 0.005 0.013 0.225 0.688 
 589 L _   0.013 0.034 0.001 0.010 0.005 0.012 0.228 0.697 
 590 H _   0.012 0.029 0.001 0.009 0.004 0.011 0.231 0.703 
 591 T _   0.010 0.025 0.000 0.009 0.004 0.010 0.234 0.708 
 592 Q _   0.010 0.021 0.000 0.009 0.004 0.009 0.237 0.710 
 593 K _   0.009 0.019 0.000 0.009 0.003 0.009 0.239 0.712 
 594 Q _   0.008 0.016 0.000 0.009 0.003 0.008 0.241 0.713 
 595 K _   0.008 0.014 0.000 0.008 0.003 0.008 0.244 0.715 
 596 L _   0.007 0.013 0.000 0.008 0.003 0.007 0.245 0.717 
 597 A _   0.006 0.011 0.000 0.007 0.002 0.006 0.247 0.719 
 598 R _   0.006 0.010 0.000 0.006 0.002 0.006 0.248 0.722 
 599 H _   0.005 0.009 0.000 0.005 0.002 0.006 0.248 0.725 
 600 V _   0.005 0.009 0.000 0.004 0.002 0.006 0.248 0.726 
 601 R _   0.005 0.009 0.000 0.004 0.002 0.006 0.248 0.727 
 602 D _   0.005 0.009 0.000 0.004 0.002 0.006 0.247 0.726 
 603 K _   0.006 0.011 0.000 0.004 0.002 0.008 0.246 0.723 
 604 E _   0.007 0.015 0.000 0.006 0.003 0.009 0.245 0.716 
 605 E _   0.008 0.022 0.000 0.008 0.004 0.012 0.242 0.703 
 606 E _   0.009 0.035 0.001 0.012 0.006 0.014 0.239 0.683 
 607 V _   0.011 0.054 0.001 0.018 0.008 0.017 0.236 0.656 
 608 D _   0.012 0.075 0.001 0.024 0.010 0.019 0.233 0.626 
 609 L _   0.012 0.095 0.001 0.031 0.012 0.020 0.230 0.599 
 610 V _   0.012 0.109 0.001 0.036 0.013 0.020 0.229 0.580 
 611 M _   0.012 0.117 0.001 0.039 0.013 0.020 0.228 0.569 
 612 Q _   0.012 0.122 0.001 0.039 0.013 0.020 0.228 0.566 
 613 K _   0.012 0.122 0.001 0.038 0.012 0.019 0.229 0.567 
 614 V _   0.011 0.119 0.001 0.035 0.011 0.018 0.231 0.574 
 615 E _   0.011 0.113 0.001 0.031 0.010 0.016 0.234 0.584 
 616 S _   0.011 0.104 0.001 0.026 0.009 0.015 0.238 0.596 
 617 L _   0.010 0.094 0.001 0.022 0.007 0.014 0.242 0.610 
 618 R _   0.010 0.081 0.001 0.019 0.006 0.012 0.247 0.624 
 619 Q _   0.010 0.069 0.001 0.015 0.005 0.011 0.252 0.637 
 620 E _   0.009 0.058 0.001 0.013 0.004 0.010 0.257 0.649 
 621 L _   0.008 0.047 0.000 0.010 0.004 0.009 0.261 0.660 
 622 R _   0.007 0.039 0.000 0.008 0.003 0.008 0.265 0.670 
 623 R _   0.006 0.032 0.000 0.007 0.002 0.007 0.268 0.677 
 624 T _   0.006 0.028 0.000 0.005 0.002 0.007 0.270 0.682 
 625 E _   0.005 0.025 0.000 0.004 0.002 0.006 0.272 0.685 
 626 R _   0.005 0.024 0.000 0.004 0.002 0.006 0.272 0.686 
 627 A _   0.005 0.025 0.000 0.004 0.002 0.007 0.273 0.684 
 628 K _   0.006 0.026 0.000 0.005 0.002 0.008 0.272 0.680 
 629 K _   0.007 0.031 0.000 0.007 0.003 0.010 0.272 0.671 
 630 E _   0.008 0.039 0.001 0.010 0.004 0.012 0.270 0.656 
 631 L _   0.009 0.052 0.001 0.016 0.007 0.014 0.268 0.633 
 632 E _   0.010 0.070 0.001 0.024 0.009 0.016 0.266 0.604 
 633 V _   0.010 0.088 0.001 0.033 0.011 0.018 0.265 0.574 
 634 H _   0.011 0.101 0.001 0.042 0.012 0.019 0.264 0.550 
 635 T _   0.011 0.110 0.001 0.048 0.013 0.019 0.265 0.533 
 636 E _   0.011 0.113 0.001 0.051 0.013 0.018 0.267 0.525 
 637 A _   0.011 0.112 0.001 0.050 0.012 0.017 0.271 0.526 
 638 L _   0.011 0.107 0.001 0.044 0.010 0.015 0.275 0.536 
 639 A _   0.010 0.096 0.001 0.037 0.009 0.014 0.281 0.553 
 640 A _   0.009 0.079 0.001 0.028 0.007 0.012 0.288 0.576 
 641 E _   0.009 0.059 0.001 0.020 0.005 0.010 0.296 0.601 
 642 A _   0.008 0.040 0.001 0.013 0.004 0.009 0.303 0.623 
 643 S _   0.008 0.026 0.000 0.009 0.003 0.007 0.309 0.639 
 644 K _   0.007 0.016 0.000 0.006 0.002 0.006 0.314 0.648 
 645 D _   0.006 0.011 0.000 0.005 0.002 0.006 0.318 0.653 
 646 R _   0.006 0.008 0.000 0.004 0.001 0.005 0.320 0.655 
 647 K _   0.006 0.006 0.000 0.004 0.001 0.005 0.322 0.655 
 648 L _   0.005 0.005 0.000 0.005 0.001 0.005 0.323 0.655 
 649 R _   0.005 0.005 0.000 0.005 0.002 0.005 0.323 0.654 
 650 E _   0.005 0.005 0.000 0.006 0.002 0.005 0.323 0.654 
 651 Q _   0.005 0.005 0.000 0.006 0.002 0.005 0.322 0.655 
 652 S _   0.004 0.005 0.000 0.007 0.002 0.005 0.321 0.656 
 653 E _   0.004 0.005 0.000 0.007 0.002 0.005 0.319 0.658 
 654 H _   0.004 0.005 0.000 0.007 0.002 0.005 0.317 0.660 
 655 Y _   0.004 0.005 0.000 0.006 0.002 0.005 0.315 0.663 
 656 S _   0.004 0.005 0.000 0.006 0.002 0.005 0.312 0.666 
 657 K _   0.003 0.006 0.000 0.007 0.002 0.006 0.309 0.667 
 658 Q _   0.004 0.007 0.000 0.007 0.002 0.006 0.306 0.669 
 659 L _   0.004 0.008 0.000 0.008 0.002 0.006 0.302 0.669 
 660 E _   0.004 0.009 0.000 0.010 0.003 0.007 0.298 0.670 
 661 N _   0.004 0.010 0.000 0.011 0.003 0.007 0.294 0.670 
 662 E _   0.004 0.012 0.000 0.012 0.003 0.008 0.291 0.670 
 663 L _   0.004 0.013 0.000 0.014 0.004 0.008 0.287 0.670 
