#TopoPred_TM8: 8-state transmembrane topology prediction results by no_profile mode 
#probabilities are in the order of H E C I L F X _, the 8 transmembrane topology types used in PDBTM 
   1 M X   0.007 0.001 0.002 0.039 0.007 0.006 0.853 0.085 
   2 S X   0.002 0.001 0.000 0.021 0.001 0.003 0.877 0.095 
   3 S X   0.001 0.000 0.000 0.010 0.000 0.001 0.884 0.103 
   4 T X   0.000 0.001 0.000 0.007 0.000 0.001 0.883 0.107 
   5 Q X   0.000 0.001 0.000 0.005 0.000 0.002 0.880 0.110 
   6 G X   0.001 0.002 0.000 0.005 0.001 0.003 0.875 0.114 
   7 N X   0.001 0.003 0.000 0.005 0.001 0.003 0.869 0.117 
   8 G X   0.001 0.006 0.000 0.006 0.001 0.004 0.861 0.121 
   9 E X   0.002 0.010 0.000 0.007 0.002 0.005 0.851 0.123 
  10 H X   0.002 0.016 0.000 0.009 0.002 0.006 0.839 0.125 
  11 W X   0.002 0.025 0.000 0.011 0.003 0.007 0.825 0.126 
  12 K X   0.002 0.034 0.000 0.013 0.004 0.008 0.813 0.126 
  13 S X   0.002 0.042 0.001 0.014 0.004 0.009 0.802 0.126 
  14 L X   0.002 0.050 0.001 0.015 0.005 0.010 0.793 0.125 
  15 E X   0.003 0.056 0.000 0.014 0.005 0.010 0.785 0.126 
  16 S X   0.003 0.061 0.000 0.014 0.005 0.011 0.779 0.127 
  17 V X   0.003 0.065 0.000 0.013 0.005 0.011 0.774 0.129 
  18 G X   0.004 0.068 0.000 0.011 0.005 0.012 0.770 0.130 
  19 I X   0.004 0.070 0.000 0.010 0.005 0.012 0.766 0.131 
  20 S X   0.005 0.072 0.000 0.009 0.006 0.013 0.763 0.132 
  21 R X   0.006 0.074 0.000 0.009 0.006 0.014 0.760 0.131 
  22 K X   0.007 0.077 0.000 0.009 0.007 0.014 0.757 0.129 
  23 E X   0.007 0.079 0.001 0.009 0.007 0.015 0.755 0.126 
  24 L X   0.008 0.082 0.001 0.010 0.008 0.015 0.753 0.123 
  25 A X   0.009 0.085 0.001 0.012 0.008 0.015 0.752 0.119 
  26 M X   0.009 0.087 0.001 0.013 0.009 0.014 0.752 0.115 
  27 A X   0.009 0.088 0.001 0.014 0.008 0.014 0.753 0.112 
  28 E X   0.009 0.088 0.001 0.015 0.008 0.013 0.755 0.111 
  29 A X   0.009 0.087 0.001 0.015 0.008 0.012 0.758 0.111 
  30 L X   0.008 0.084 0.001 0.015 0.007 0.011 0.762 0.113 
  31 Q X   0.008 0.078 0.001 0.014 0.006 0.010 0.767 0.116 
  32 M X   0.007 0.070 0.001 0.013 0.006 0.009 0.774 0.120 
  33 E X   0.007 0.061 0.001 0.012 0.005 0.008 0.782 0.125 
  34 Y X   0.006 0.050 0.001 0.010 0.004 0.007 0.792 0.130 
  35 D X   0.006 0.039 0.000 0.009 0.003 0.006 0.802 0.134 
  36 A X   0.005 0.029 0.000 0.007 0.003 0.005 0.812 0.137 
  37 L X   0.004 0.021 0.000 0.006 0.002 0.005 0.822 0.140 
  38 S X   0.004 0.015 0.000 0.005 0.002 0.004 0.830 0.141 
  39 R X   0.003 0.010 0.000 0.004 0.001 0.003 0.838 0.141 
  40 L X   0.003 0.007 0.000 0.003 0.001 0.003 0.844 0.140 
  41 R X   0.002 0.004 0.000 0.002 0.001 0.002 0.848 0.140 
  42 H X   0.002 0.003 0.000 0.002 0.001 0.002 0.852 0.139 
  43 D X   0.001 0.002 0.000 0.002 0.001 0.002 0.855 0.138 
  44 K X   0.001 0.002 0.000 0.001 0.000 0.001 0.857 0.137 
  45 E X   0.001 0.001 0.000 0.001 0.000 0.001 0.858 0.137 
  46 E X   0.001 0.001 0.000 0.001 0.000 0.001 0.858 0.137 
  47 N X   0.001 0.001 0.000 0.001 0.000 0.001 0.858 0.137 
  48 R X   0.001 0.001 0.000 0.001 0.000 0.001 0.857 0.138 
  49 A X   0.001 0.001 0.000 0.002 0.000 0.001 0.855 0.139 
  50 K X   0.001 0.001 0.000 0.002 0.001 0.002 0.853 0.140 
  51 Q X   0.001 0.002 0.000 0.002 0.001 0.002 0.851 0.141 
  52 N X   0.001 0.002 0.000 0.003 0.001 0.002 0.848 0.142 
  53 A X   0.001 0.003 0.000 0.004 0.001 0.002 0.845 0.143 
  54 D X   0.001 0.004 0.000 0.005 0.001 0.003 0.842 0.144 
  55 P X   0.001 0.005 0.000 0.005 0.001 0.003 0.840 0.144 
  56 S X   0.001 0.006 0.000 0.006 0.002 0.003 0.837 0.144 
  57 L X   0.001 0.007 0.000 0.007 0.002 0.003 0.835 0.145 
  58 I X   0.002 0.007 0.000 0.007 0.002 0.003 0.833 0.145 
  59 S X   0.002 0.008 0.000 0.008 0.002 0.003 0.832 0.146 
  60 W X   0.002 0.008 0.000 0.007 0.002 0.003 0.832 0.147 
  61 D X   0.002 0.008 0.000 0.007 0.002 0.003 0.832 0.148 
  62 E X   0.001 0.008 0.000 0.006 0.001 0.003 0.832 0.149 
  63 P X   0.001 0.007 0.000 0.005 0.001 0.003 0.832 0.150 
  64 G X   0.001 0.007 0.000 0.004 0.001 0.002 0.832 0.152 
  65 V X   0.001 0.006 0.000 0.003 0.001 0.002 0.833 0.153 
  66 D X   0.001 0.006 0.000 0.003 0.001 0.002 0.833 0.154 
  67 F X   0.001 0.006 0.000 0.002 0.001 0.002 0.833 0.154 
  68 Y X   0.001 0.006 0.000 0.002 0.001 0.002 0.832 0.155 
  69 S X   0.001 0.006 0.000 0.002 0.001 0.002 0.832 0.156 
  70 K X   0.001 0.007 0.000 0.002 0.001 0.002 0.830 0.156 
  71 P X   0.001 0.008 0.000 0.003 0.001 0.003 0.828 0.157 
  72 A X   0.001 0.010 0.000 0.003 0.001 0.003 0.826 0.156 
  73 G X   0.001 0.012 0.000 0.004 0.001 0.003 0.823 0.155 
  74 R X   0.002 0.016 0.000 0.006 0.002 0.004 0.819 0.152 
  75 R X   0.002 0.021 0.000 0.008 0.002 0.005 0.815 0.148 
  76 T X   0.002 0.027 0.000 0.011 0.003 0.005 0.810 0.142 
  77 D X   0.002 0.033 0.000 0.014 0.003 0.006 0.806 0.135 
  78 L X   0.002 0.039 0.000 0.017 0.004 0.006 0.803 0.129 
  79 K X   0.002 0.043 0.000 0.020 0.004 0.006 0.801 0.123 
  80 L X   0.002 0.045 0.000 0.022 0.004 0.006 0.801 0.119 
  81 L X   0.002 0.046 0.000 0.022 0.004 0.006 0.802 0.117 
  82 R X   0.002 0.046 0.000 0.022 0.004 0.006 0.804 0.116 
  83 G X   0.002 0.044 0.000 0.020 0.004 0.005 0.809 0.117 
  84 L X   0.002 0.040 0.000 0.017 0.003 0.005 0.814 0.118 
  85 S X   0.002 0.034 0.000 0.014 0.003 0.004 0.822 0.121 
  86 G X   0.002 0.027 0.000 0.010 0.002 0.004 0.830 0.124 
  87 S X   0.002 0.020 0.000 0.007 0.002 0.003 0.839 0.127 
  88 D X   0.002 0.014 0.000 0.005 0.001 0.003 0.847 0.128 
  89 P X   0.002 0.009 0.000 0.004 0.001 0.002 0.854 0.129 
  90 T X   0.001 0.006 0.000 0.003 0.001 0.002 0.859 0.128 
  91 L X   0.001 0.005 0.000 0.002 0.001 0.002 0.863 0.126 
  92 N X   0.001 0.004 0.000 0.002 0.001 0.002 0.866 0.124 
  93 Y X   0.001 0.003 0.000 0.002 0.001 0.002 0.869 0.123 
  94 N X   0.001 0.003 0.000 0.002 0.001 0.002 0.871 0.121 
  95 S X   0.001 0.003 0.000 0.002 0.001 0.002 0.872 0.119 
  96 L X   0.001 0.003 0.000 0.003 0.001 0.002 0.873 0.118 
  97 S X   0.001 0.002 0.000 0.003 0.001 0.002 0.874 0.117 
  98 P X   0.001 0.002 0.000 0.003 0.001 0.002 0.875 0.116 
  99 Q X   0.001 0.002 0.000 0.003 0.001 0.002 0.876 0.115 
 100 E X   0.001 0.002 0.000 0.003 0.001 0.002 0.877 0.114 
 101 G X   0.001 0.002 0.000 0.003 0.001 0.002 0.877 0.114 
 102 P X   0.001 0.002 0.000 0.003 0.001 0.002 0.878 0.114 
 103 P X   0.001 0.002 0.000 0.003 0.001 0.002 0.879 0.113 
 104 N X   0.001 0.002 0.000 0.003 0.001 0.002 0.879 0.113 
 105 H X   0.001 0.002 0.000 0.003 0.001 0.002 0.879 0.113 
 106 S X   0.001 0.002 0.000 0.003 0.001 0.002 0.880 0.113 
 107 T X   0.001 0.002 0.000 0.003 0.001 0.002 0.879 0.113 
 108 S X   0.001 0.001 0.000 0.002 0.001 0.002 0.879 0.114 
 109 Q X   0.001 0.001 0.000 0.002 0.001 0.002 0.878 0.115 
 110 G X   0.001 0.001 0.000 0.002 0.000 0.001 0.877 0.117 
 111 P X   0.001 0.001 0.000 0.002 0.000 0.001 0.875 0.119 
 112 Q X   0.001 0.002 0.000 0.002 0.000 0.001 0.872 0.122 
 113 P X   0.001 0.002 0.000 0.002 0.000 0.001 0.868 0.125 
 114 G X   0.001 0.002 0.000 0.002 0.000 0.001 0.864 0.129 
 115 S X   0.001 0.002 0.000 0.002 0.001 0.002 0.858 0.134 
 116 D X   0.001 0.003 0.000 0.002 0.001 0.002 0.851 0.140 
 117 P X   0.001 0.005 0.000 0.003 0.001 0.002 0.842 0.146 
 118 W X   0.001 0.007 0.000 0.004 0.001 0.003 0.830 0.153 
 119 P X   0.001 0.012 0.000 0.007 0.002 0.004 0.814 0.159 
 120 K X   0.002 0.021 0.000 0.010 0.002 0.006 0.795 0.164 
 121 G X   0.002 0.035 0.001 0.015 0.004 0.007 0.771 0.165 
 122 S X   0.002 0.055 0.001 0.022 0.005 0.008 0.744 0.164 
 123 L X   0.002 0.078 0.001 0.029 0.006 0.009 0.716 0.158 
 124 S X   0.002 0.101 0.001 0.037 0.007 0.010 0.690 0.152 
 125 G X   0.002 0.121 0.001 0.043 0.008 0.010 0.669 0.146 
 126 D X   0.002 0.135 0.001 0.048 0.008 0.010 0.653 0.144 
 127 Y X   0.002 0.143 0.001 0.050 0.007 0.010 0.643 0.144 
 128 L X   0.002 0.147 0.001 0.051 0.007 0.009 0.636 0.147 
 129 Y X   0.002 0.148 0.001 0.049 0.007 0.009 0.631 0.153 
 130 I X   0.002 0.145 0.001 0.045 0.006 0.008 0.629 0.163 
 131 F X   0.002 0.139 0.001 0.040 0.006 0.008 0.629 0.175 
 132 D X   0.003 0.128 0.001 0.034 0.005 0.007 0.631 0.191 
 133 G X   0.003 0.113 0.001 0.028 0.005 0.007 0.634 0.211 
 134 S X   0.003 0.094 0.001 0.021 0.004 0.006 0.638 0.232 
 135 D X   0.003 0.075 0.000 0.016 0.003 0.006 0.643 0.254 
 136 G X   0.003 0.056 0.000 0.012 0.003 0.005 0.647 0.273 
 137 G X   0.003 0.042 0.000 0.009 0.002 0.005 0.651 0.289 
 138 V X   0.003 0.031 0.000 0.007 0.002 0.004 0.653 0.301 
 139 S X   0.003 0.023 0.000 0.005 0.001 0.004 0.654 0.310 
 140 S X   0.002 0.019 0.000 0.004 0.001 0.003 0.654 0.317 
 141 S X   0.002 0.016 0.000 0.004 0.001 0.003 0.652 0.322 
 142 P X   0.002 0.014 0.000 0.004 0.001 0.003 0.650 0.326 
 143 G X   0.002 0.013 0.000 0.004 0.001 0.003 0.648 0.329 
 144 P X   0.002 0.013 0.000 0.005 0.001 0.004 0.644 0.331 
 145 G X   0.002 0.013 0.000 0.006 0.001 0.004 0.640 0.334 
 146 D X   0.002 0.013 0.000 0.008 0.002 0.005 0.635 0.336 
 147 I X   0.002 0.013 0.000 0.009 0.002 0.005 0.630 0.339 
 148 E X   0.002 0.013 0.000 0.010 0.002 0.005 0.625 0.342 
 149 G X   0.002 0.013 0.000 0.011 0.002 0.005 0.620 0.346 
 150 S X   0.002 0.013 0.000 0.011 0.002 0.005 0.615 0.351 
 151 C X   0.002 0.013 0.000 0.010 0.002 0.005 0.611 0.357 
 152 K X   0.002 0.012 0.000 0.009 0.002 0.005 0.607 0.364 
 153 K X   0.002 0.011 0.000 0.007 0.002 0.004 0.603 0.370 
 154 L X   0.002 0.010 0.000 0.006 0.001 0.004 0.599 0.377 
 155 S X   0.002 0.010 0.000 0.006 0.001 0.004 0.595 0.383 
 156 P X   0.002 0.009 0.000 0.005 0.001 0.004 0.590 0.388 
 157 P X   0.002 0.009 0.000 0.005 0.001 0.004 0.585 0.392 
 158 P X   0.002 0.010 0.000 0.006 0.002 0.005 0.580 0.396 
 159 L X   0.003 0.011 0.000 0.007 0.002 0.005 0.574 0.399 
 160 P X   0.003 0.012 0.000 0.009 0.002 0.006 0.568 0.400 
 161 P X   0.003 0.013 0.000 0.011 0.003 0.006 0.561 0.402 
 162 R X   0.004 0.015 0.000 0.013 0.003 0.007 0.555 0.403 
 163 A X   0.004 0.016 0.000 0.015 0.003 0.007 0.550 0.405 
 164 S X   0.004 0.016 0.000 0.016 0.003 0.007 0.545 0.409 
 165 I X   0.004 0.016 0.000 0.015 0.003 0.007 0.540 0.414 
 166 W X   0.004 0.016 0.000 0.014 0.003 0.006 0.537 0.420 
 167 D X   0.004 0.015 0.000 0.012 0.003 0.006 0.533 0.427 
 168 T X   0.004 0.013 0.000 0.010 0.002 0.005 0.530 0.435 
 169 P X   0.003 0.012 0.000 0.008 0.002 0.005 0.527 0.443 
 170 P X   0.003 0.010 0.000 0.007 0.002 0.004 0.523 0.451 
 171 L X   0.003 0.009 0.000 0.006 0.001 0.004 0.519 0.458 
 172 P X   0.003 0.008 0.000 0.005 0.001 0.004 0.513 0.465 
 173 P X   0.003 0.008 0.000 0.004 0.001 0.004 0.507 0.472 
 174 R X   0.003 0.008 0.000 0.005 0.001 0.004 0.499 0.479 
 175 K X   0.003 0.009 0.000 0.005 0.001 0.004 0.490 0.487 
 176 G _   0.003 0.010 0.000 0.006 0.002 0.005 0.480 0.495 
 177 S _   0.003 0.013 0.000 0.007 0.002 0.005 0.467 0.503 
 178 P _   0.003 0.016 0.000 0.009 0.002 0.006 0.453 0.511 
 179 S _   0.003 0.021 0.000 0.010 0.003 0.007 0.437 0.519 
 180 S _   0.003 0.026 0.000 0.012 0.003 0.008 0.420 0.527 
 181 S _   0.003 0.034 0.001 0.013 0.004 0.009 0.401 0.535 
 182 K _   0.004 0.043 0.001 0.015 0.004 0.010 0.382 0.542 
 183 I _   0.004 0.053 0.001 0.016 0.005 0.011 0.363 0.547 
 184 S _   0.004 0.065 0.001 0.018 0.005 0.012 0.343 0.552 
 185 Q _   0.005 0.079 0.001 0.019 0.006 0.014 0.323 0.553 
 186 P _   0.005 0.096 0.001 0.021 0.007 0.016 0.303 0.550 
 187 S _   0.006 0.115 0.001 0.024 0.009 0.018 0.283 0.543 
 188 D _   0.007 0.137 0.001 0.027 0.011 0.021 0.263 0.533 
 189 I _   0.008 0.161 0.001 0.031 0.013 0.023 0.244 0.518 
 190 N _   0.009 0.185 0.001 0.035 0.015 0.024 0.227 0.503 
 191 T _   0.010 0.206 0.001 0.040 0.016 0.025 0.212 0.489 
 192 F _   0.011 0.222 0.001 0.043 0.016 0.025 0.200 0.481 
 193 S _   0.012 0.232 0.001 0.045 0.016 0.025 0.190 0.479 
 194 L _   0.012 0.237 0.001 0.044 0.016 0.024 0.182 0.484 
 195 V _   0.012 0.237 0.001 0.042 0.015 0.023 0.175 0.495 
 196 E _   0.012 0.233 0.001 0.037 0.013 0.021 0.169 0.513 
 197 Q _   0.012 0.224 0.001 0.031 0.011 0.019 0.165 0.537 
 198 L _   0.011 0.211 0.001 0.025 0.009 0.017 0.161 0.565 
 199 P _   0.011 0.196 0.001 0.019 0.008 0.016 0.157 0.593 
 200 G _   0.010 0.181 0.001 0.014 0.006 0.015 0.154 0.619 
 201 K _   0.010 0.170 0.001 0.011 0.005 0.014 0.151 0.639 
 202 L _   0.010 0.163 0.001 0.009 0.004 0.013 0.147 0.653 
 203 L _   0.009 0.159 0.000 0.008 0.004 0.012 0.144 0.662 
 204 E _   0.009 0.158 0.000 0.008 0.004 0.012 0.140 0.667 
 205 H _   0.009 0.160 0.001 0.009 0.004 0.012 0.136 0.668 
 206 R _   0.009 0.164 0.001 0.010 0.005 0.012 0.132 0.667 
 207 I _   0.009 0.169 0.001 0.012 0.005 0.012 0.127 0.664 
 208 L _   0.009 0.176 0.001 0.013 0.005 0.012 0.122 0.661 
 209 E _   0.009 0.183 0.001 0.013 0.006 0.012 0.118 0.658 
 210 E _   0.009 0.190 0.001 0.014 0.006 0.013 0.114 0.656 
 211 E _   0.009 0.196 0.001 0.013 0.006 0.013 0.109 0.654 
 212 E _   0.008 0.203 0.001 0.013 0.006 0.013 0.105 0.651 
 213 V _   0.009 0.211 0.001 0.013 0.006 0.013 0.101 0.646 
 214 L _   0.009 0.221 0.001 0.014 0.006 0.014 0.097 0.638 
 215 G _   0.009 0.234 0.001 0.016 0.007 0.015 0.092 0.626 
 216 G _   0.009 0.249 0.001 0.019 0.008 0.015 0.088 0.609 
 217 G _   0.009 0.266 0.001 0.024 0.009 0.016 0.084 0.591 
 218 G _   0.009 0.282 0.001 0.028 0.010 0.016 0.080 0.573 
 219 Q _   0.009 0.293 0.001 0.032 0.011 0.016 0.078 0.561 
 220 G _   0.009 0.300 0.001 0.034 0.010 0.015 0.075 0.556 
 221 R _   0.008 0.302 0.001 0.034 0.010 0.014 0.074 0.558 
 222 L _   0.008 0.298 0.001 0.031 0.009 0.013 0.073 0.567 
 223 L _   0.007 0.290 0.001 0.028 0.008 0.012 0.072 0.583 
 224 G _   0.006 0.276 0.001 0.022 0.007 0.011 0.071 0.605 
 225 S _   0.006 0.260 0.001 0.017 0.005 0.010 0.071 0.630 
 226 V _   0.006 0.243 0.001 0.013 0.004 0.009 0.071 0.653 
 227 D _   0.006 0.229 0.000 0.010 0.004 0.009 0.071 0.671 
 228 Y _   0.005 0.221 0.000 0.008 0.003 0.009 0.071 0.682 
 229 D _   0.005 0.216 0.000 0.008 0.003 0.009 0.071 0.686 
 230 G _   0.006 0.217 0.000 0.009 0.004 0.010 0.071 0.684 
 231 I _   0.006 0.220 0.000 0.011 0.004 0.011 0.070 0.676 
 232 N _   0.007 0.227 0.001 0.015 0.005 0.012 0.069 0.664 
 233 D _   0.007 0.235 0.001 0.019 0.006 0.012 0.068 0.650 
 234 A _   0.008 0.242 0.001 0.023 0.007 0.013 0.068 0.638 
 235 I _   0.008 0.247 0.001 0.026 0.008 0.013 0.067 0.631 
 236 T _   0.008 0.247 0.001 0.027 0.007 0.013 0.067 0.630 
 237 R _   0.007 0.245 0.001 0.026 0.007 0.012 0.068 0.634 
 238 L _   0.007 0.238 0.001 0.024 0.007 0.012 0.068 0.644 
 239 N _   0.007 0.228 0.001 0.020 0.006 0.011 0.069 0.658 
 240 L _   0.006 0.215 0.001 0.017 0.005 0.010 0.071 0.674 
 241 K _   0.006 0.202 0.001 0.015 0.005 0.010 0.072 0.690 
 242 S _   0.006 0.191 0.001 0.013 0.004 0.009 0.074 0.703 
 243 T _   0.006 0.182 0.000 0.011 0.004 0.009 0.075 0.712 
 244 Y _   0.006 0.176 0.000 0.011 0.004 0.009 0.076 0.717 
 245 D _   0.006 0.172 0.000 0.012 0.004 0.009 0.078 0.719 
 246 A _   0.006 0.169 0.000 0.013 0.004 0.009 0.079 0.719 
 247 E _   0.006 0.167 0.000 0.014 0.004 0.009 0.080 0.719 
 248 M _   0.006 0.164 0.001 0.015 0.004 0.009 0.081 0.720 
 249 L _   0.006 0.161 0.001 0.016 0.004 0.009 0.082 0.721 
 250 R _   0.006 0.157 0.001 0.016 0.004 0.009 0.083 0.724 
 251 D _   0.006 0.152 0.001 0.016 0.004 0.009 0.085 0.728 
 252 A _   0.006 0.146 0.001 0.016 0.004 0.009 0.087 0.732 
 253 T _   0.006 0.140 0.001 0.016 0.004 0.009 0.088 0.736 
 254 R _   0.006 0.134 0.001 0.016 0.004 0.009 0.090 0.740 
 255 G _   0.006 0.127 0.001 0.016 0.004 0.009 0.093 0.745 
 256 W _   0.006 0.120 0.001 0.016 0.004 0.009 0.095 0.749 
 257 K _   0.006 0.112 0.001 0.016 0.004 0.009 0.098 0.755 
 258 E _   0.006 0.104 0.001 0.016 0.004 0.009 0.100 0.760 
 259 G _   0.006 0.095 0.000 0.015 0.004 0.008 0.103 0.768 
 260 R _   0.006 0.086 0.000 0.014 0.003 0.008 0.106 0.776 
 261 G _   0.006 0.076 0.000 0.013 0.003 0.008 0.109 0.785 
 262 P _   0.006 0.067 0.000 0.011 0.003 0.007 0.111 0.795 
 263 L _   0.006 0.059 0.000 0.009 0.002 0.006 0.113 0.804 
 264 D _   0.005 0.053 0.000 0.008 0.002 0.006 0.115 0.811 
 265 F _   0.005 0.049 0.000 0.006 0.002 0.006 0.116 0.817 
 266 S _   0.005 0.046 0.000 0.005 0.002 0.005 0.116 0.821 
 267 K _   0.004 0.045 0.000 0.005 0.002 0.005 0.116 0.822 
 268 D _   0.004 0.046 0.000 0.005 0.002 0.006 0.116 0.821 
 269 T _   0.004 0.048 0.000 0.006 0.002 0.006 0.115 0.818 
 270 S _   0.004 0.053 0.000 0.008 0.002 0.007 0.113 0.812 
 271 G _   0.005 0.061 0.000 0.010 0.003 0.008 0.111 0.802 
 272 K _   0.005 0.071 0.000 0.013 0.004 0.009 0.109 0.789 
 273 P _   0.005 0.084 0.001 0.016 0.004 0.009 0.106 0.774 
 274 V _   0.005 0.096 0.001 0.019 0.005 0.010 0.104 0.761 
 275 A _   0.005 0.107 0.001 0.021 0.005 0.010 0.102 0.750 
 276 R _   0.005 0.115 0.001 0.021 0.005 0.010 0.100 0.743 
 277 S _   0.005 0.122 0.001 0.021 0.005 0.010 0.099 0.739 
 278 K _   0.005 0.126 0.001 0.020 0.005 0.010 0.098 0.737 
 279 T _   0.005 0.129 0.001 0.018 0.004 0.010 0.097 0.737 
 280 M _   0.005 0.131 0.001 0.017 0.004 0.010 0.096 0.737 
 281 P _   0.005 0.133 0.000 0.016 0.004 0.010 0.096 0.736 
 282 P _   0.005 0.135 0.000 0.016 0.004 0.010 0.096 0.733 
 283 Q _   0.005 0.137 0.001 0.017 0.005 0.010 0.096 0.729 
 284 V _   0.006 0.140 0.001 0.019 0.005 0.011 0.095 0.723 
 285 P _   0.006 0.143 0.001 0.022 0.005 0.011 0.095 0.716 
 286 P _   0.006 0.145 0.001 0.025 0.006 0.011 0.096 0.709 
 287 R _   0.007 0.146 0.001 0.028 0.006 0.012 0.096 0.705 
 288 T _   0.007 0.144 0.001 0.029 0.006 0.011 0.097 0.704 
 289 Y _   0.007 0.140 0.001 0.029 0.006 0.011 0.099 0.707 
 290 A _   0.007 0.132 0.001 0.028 0.006 0.011 0.101 0.715 
 291 S _   0.007 0.121 0.001 0.025 0.005 0.010 0.103 0.729 
 292 R _   0.006 0.106 0.001 0.021 0.005 0.009 0.106 0.746 
 293 Y _   0.006 0.090 0.001 0.017 0.004 0.008 0.109 0.766 
 294 G _   0.006 0.073 0.000 0.013 0.003 0.007 0.111 0.785 
 295 N _   0.006 0.060 0.000 0.010 0.003 0.007 0.113 0.802 
 296 R _   0.005 0.049 0.000 0.008 0.002 0.006 0.115 0.814 
 297 K _   0.005 0.043 0.000 0.006 0.002 0.005 0.116 0.823 
 298 N _   0.004 0.039 0.000 0.005 0.001 0.005 0.116 0.829 
 299 A _   0.004 0.037 0.000 0.005 0.001 0.005 0.115 0.832 
 300 T _   0.004 0.037 0.000 0.005 0.001 0.005 0.114 0.833 
 301 P _   0.004 0.039 0.000 0.006 0.002 0.006 0.112 0.832 
 302 G _   0.004 0.042 0.000 0.007 0.002 0.007 0.109 0.828 
 303 K _   0.005 0.050 0.000 0.010 0.003 0.008 0.106 0.819 
 304 N _   0.005 0.060 0.000 0.013 0.004 0.010 0.102 0.806 
 305 R _   0.005 0.075 0.001 0.018 0.005 0.012 0.097 0.788 
 306 R _   0.006 0.092 0.001 0.023 0.006 0.013 0.092 0.767 
 307 I _   0.006 0.109 0.001 0.029 0.007 0.014 0.087 0.747 
 308 S _   0.006 0.123 0.001 0.033 0.008 0.015 0.084 0.731 
 309 A _   0.006 0.133 0.001 0.037 0.009 0.015 0.080 0.720 
 310 A _   0.006 0.139 0.001 0.038 0.009 0.015 0.078 0.715 
 311 P _   0.006 0.141 0.001 0.037 0.009 0.015 0.076 0.715 
 312 V _   0.006 0.140 0.001 0.035 0.008 0.014 0.074 0.721 
 313 G _   0.006 0.136 0.001 0.031 0.008 0.014 0.073 0.731 
 314 S _   0.007 0.130 0.001 0.026 0.007 0.013 0.072 0.745 
 315 R _   0.007 0.121 0.001 0.022 0.006 0.013 0.072 0.759 
 316 P _   0.007 0.112 0.001 0.018 0.006 0.012 0.072 0.773 
 317 H _   0.007 0.104 0.001 0.016 0.005 0.012 0.071 0.784 
 318 T _   0.007 0.098 0.001 0.015 0.005 0.012 0.071 0.791 
 319 V _   0.007 0.094 0.001 0.015 0.005 0.013 0.071 0.795 
 320 A _   0.008 0.090 0.001 0.017 0.006 0.013 0.071 0.795 
 321 N _   0.008 0.088 0.001 0.020 0.006 0.014 0.070 0.793 
 322 G _   0.009 0.085 0.001 0.023 0.007 0.014 0.070 0.792 
 323 H _   0.009 0.081 0.001 0.025 0.007 0.014 0.070 0.794 
 324 E _   0.009 0.074 0.001 0.025 0.007 0.014 0.070 0.800 
 325 L _   0.009 0.064 0.001 0.023 0.007 0.013 0.071 0.812 
 326 F _   0.009 0.051 0.001 0.019 0.006 0.012 0.071 0.830 
 327 E _   0.009 0.036 0.001 0.014 0.005 0.012 0.072 0.852 
 328 V _   0.010 0.021 0.001 0.010 0.004 0.012 0.072 0.872 
 329 S _   0.012 0.010 0.000 0.006 0.003 0.012 0.072 0.885 
 330 E _   0.016 0.004 0.000 0.004 0.002 0.013 0.071 0.890 
 331 E _   0.023 0.001 0.000 0.002 0.003 0.015 0.071 0.884 
 332 R _   0.038 0.000 0.000 0.002 0.003 0.020 0.069 0.867 
 333 D _   0.063 0.000 0.001 0.002 0.006 0.028 0.067 0.833 
 334 E _   0.101 0.001 0.001 0.003 0.011 0.039 0.065 0.780 
 335 E _   0.146 0.003 0.001 0.005 0.021 0.052 0.062 0.709 
 336 V _   0.194 0.009 0.002 0.009 0.036 0.064 0.059 0.626 
 337 A _   0.233 0.022 0.003 0.016 0.052 0.074 0.056 0.543 
 338 A _   0.260 0.039 0.003 0.025 0.065 0.079 0.054 0.475 
 339 F _   0.274 0.053 0.003 0.034 0.072 0.080 0.053 0.431 
 340 C _   0.279 0.063 0.003 0.041 0.074 0.078 0.053 0.410 
 341 H _   0.275 0.067 0.003 0.045 0.073 0.073 0.053 0.410 
 342 M _   0.264 0.067 0.003 0.045 0.067 0.067 0.055 0.431 
 343 L _   0.244 0.063 0.003 0.041 0.058 0.060 0.057 0.474 
 344 D _   0.217 0.053 0.003 0.034 0.047 0.051 0.059 0.537 
 345 I _   0.185 0.038 0.002 0.025 0.034 0.043 0.062 0.612 
 346 L _   0.148 0.021 0.002 0.016 0.021 0.034 0.065 0.693 
 347 R _   0.111 0.009 0.001 0.009 0.012 0.027 0.067 0.764 
 348 S _   0.080 0.003 0.001 0.004 0.006 0.021 0.069 0.816 
 349 G _   0.056 0.001 0.000 0.002 0.004 0.017 0.069 0.850 
 350 S _   0.040 0.000 0.000 0.002 0.003 0.015 0.070 0.870 
 351 D _   0.033 0.000 0.000 0.001 0.002 0.016 0.069 0.878 
 352 I _   0.030 0.000 0.000 0.002 0.003 0.018 0.069 0.878 
 353 Q _   0.032 0.002 0.000 0.003 0.005 0.022 0.068 0.868 
 354 D _   0.036 0.007 0.001 0.006 0.009 0.028 0.067 0.847 
 355 Y _   0.041 0.022 0.001 0.013 0.015 0.034 0.065 0.807 
 356 F _   0.044 0.054 0.002 0.024 0.024 0.040 0.063 0.749 
 357 L _   0.045 0.097 0.003 0.039 0.031 0.043 0.060 0.682 
 358 T _   0.044 0.136 0.003 0.054 0.035 0.044 0.059 0.626 
 359 G _   0.042 0.161 0.002 0.066 0.037 0.043 0.058 0.591 
 360 Y _   0.040 0.175 0.002 0.073 0.036 0.041 0.058 0.574 
 361 V _   0.037 0.181 0.002 0.075 0.034 0.038 0.058 0.574 
 362 W _   0.034 0.179 0.002 0.072 0.031 0.035 0.059 0.588 
 363 S _   0.031 0.170 0.002 0.064 0.026 0.031 0.062 0.616 
 364 A _   0.027 0.151 0.002 0.053 0.021 0.026 0.064 0.656 
 365 V _   0.022 0.123 0.002 0.041 0.016 0.022 0.067 0.707 
 366 T _   0.019 0.088 0.001 0.029 0.011 0.018 0.071 0.764 
 367 P _   0.015 0.054 0.001 0.019 0.007 0.014 0.074 0.815 
 368 S _   0.012 0.030 0.001 0.011 0.005 0.011 0.076 0.854 
 369 P _   0.009 0.016 0.000 0.007 0.003 0.009 0.077 0.879 
 370 E _   0.007 0.008 0.000 0.004 0.002 0.008 0.078 0.892 
 371 H _   0.006 0.005 0.000 0.003 0.002 0.007 0.078 0.899 
 372 L _   0.006 0.004 0.000 0.003 0.002 0.008 0.077 0.901 
 373 G _   0.006 0.004 0.000 0.003 0.002 0.009 0.076 0.900 
 374 D _   0.007 0.005 0.000 0.004 0.002 0.011 0.075 0.895 
 375 E _   0.009 0.007 0.000 0.007 0.004 0.015 0.073 0.886 
 376 V _   0.011 0.011 0.001 0.010 0.006 0.019 0.071 0.872 
 377 N _   0.014 0.016 0.001 0.015 0.008 0.024 0.068 0.854 
 378 L _   0.016 0.023 0.001 0.021 0.011 0.029 0.066 0.833 
 379 K _   0.019 0.029 0.001 0.026 0.014 0.033 0.063 0.814 
 380 V _   0.021 0.034 0.001 0.030 0.017 0.038 0.061 0.797 
 381 T _   0.024 0.037 0.001 0.032 0.020 0.041 0.058 0.786 
 382 V _   0.028 0.038 0.001 0.032 0.022 0.044 0.056 0.778 
 383 L _   0.031 0.038 0.001 0.031 0.023 0.046 0.055 0.774 
 384 C _   0.035 0.037 0.002 0.028 0.024 0.048 0.053 0.773 
 385 D _   0.039 0.035 0.002 0.025 0.024 0.049 0.052 0.774 
 386 R _   0.043 0.032 0.002 0.023 0.025 0.050 0.051 0.775 
 387 L _   0.047 0.029 0.001 0.021 0.024 0.050 0.050 0.776 
 388 Q _   0.051 0.026 0.001 0.020 0.024 0.050 0.050 0.779 
 389 E _   0.053 0.023 0.001 0.019 0.023 0.049 0.049 0.782 
 390 A _   0.055 0.020 0.001 0.018 0.021 0.047 0.049 0.788 
 391 L _   0.057 0.016 0.001 0.017 0.019 0.045 0.049 0.796 
 392 T _   0.059 0.013 0.001 0.015 0.016 0.043 0.049 0.804 
 393 F _   0.060 0.009 0.001 0.012 0.014 0.041 0.049 0.814 
 394 T _   0.062 0.006 0.001 0.009 0.012 0.039 0.048 0.822 
 395 C _   0.065 0.004 0.001 0.007 0.010 0.038 0.048 0.827 
 396 N _   0.070 0.002 0.001 0.005 0.009 0.038 0.048 0.828 
 397 C _   0.077 0.002 0.001 0.004 0.009 0.039 0.047 0.822 
 398 S _   0.088 0.002 0.001 0.004 0.011 0.042 0.046 0.807 
 399 S _   0.102 0.003 0.001 0.004 0.014 0.046 0.045 0.784 
 400 T _   0.118 0.006 0.001 0.006 0.021 0.052 0.045 0.752 
 401 V _   0.133 0.014 0.002 0.011 0.030 0.057 0.044 0.710 
 402 D _   0.144 0.029 0.002 0.019 0.039 0.060 0.043 0.663 
 403 L _   0.149 0.049 0.003 0.029 0.046 0.062 0.043 0.619 
 404 L _   0.149 0.067 0.003 0.040 0.050 0.061 0.043 0.587 
 405 I _   0.143 0.079 0.003 0.050 0.051 0.058 0.044 0.572 
 406 Y _   0.132 0.085 0.003 0.055 0.048 0.054 0.046 0.577 
 407 Q _   0.117 0.086 0.003 0.055 0.043 0.049 0.048 0.600 
 408 T _   0.099 0.081 0.002 0.050 0.035 0.042 0.050 0.641 
 409 L _   0.079 0.070 0.002 0.041 0.026 0.035 0.053 0.694 
 410 C _   0.061 0.054 0.002 0.030 0.018 0.027 0.056 0.753 
 411 Y _   0.043 0.036 0.001 0.019 0.011 0.021 0.059 0.809 
 412 T _   0.030 0.022 0.001 0.012 0.006 0.016 0.061 0.853 
 413 H _   0.020 0.013 0.000 0.007 0.004 0.012 0.062 0.882 
 414 D _   0.014 0.009 0.000 0.004 0.002 0.009 0.063 0.898 
 415 D _   0.010 0.007 0.000 0.003 0.002 0.008 0.063 0.906 
 416 L _   0.008 0.007 0.000 0.003 0.002 0.008 0.063 0.909 
 417 R _   0.008 0.008 0.000 0.004 0.002 0.008 0.063 0.908 
 418 N _   0.008 0.010 0.000 0.005 0.002 0.009 0.062 0.904 
 419 V _   0.008 0.015 0.000 0.007 0.003 0.010 0.061 0.895 
 420 D _   0.009 0.024 0.001 0.010 0.004 0.012 0.059 0.880 
 421 V _   0.010 0.038 0.001 0.015 0.006 0.014 0.057 0.860 
 422 G _   0.010 0.054 0.001 0.019 0.008 0.016 0.055 0.837 
 423 D _   0.011 0.072 0.001 0.024 0.009 0.018 0.053 0.813 
 424 F _   0.011 0.087 0.001 0.027 0.010 0.019 0.051 0.793 
 425 V _   0.012 0.099 0.001 0.031 0.011 0.020 0.049 0.777 
 426 L _   0.012 0.109 0.001 0.034 0.012 0.020 0.048 0.765 
 427 K _   0.012 0.116 0.001 0.036 0.012 0.020 0.047 0.757 
 428 P _   0.012 0.120 0.001 0.036 0.012 0.020 0.046 0.753 
 429 C _   0.012 0.121 0.001 0.036 0.012 0.019 0.046 0.754 
 430 G _   0.011 0.120 0.001 0.035 0.011 0.018 0.045 0.759 
 431 L _   0.011 0.116 0.001 0.032 0.010 0.017 0.045 0.767 
 432 E _   0.011 0.110 0.001 0.028 0.009 0.016 0.046 0.779 
 433 E _   0.010 0.101 0.001 0.024 0.008 0.015 0.046 0.795 
 434 F _   0.010 0.091 0.001 0.020 0.007 0.013 0.047 0.813 
 435 L _   0.009 0.079 0.001 0.016 0.005 0.012 0.047 0.831 
 436 Q _   0.008 0.069 0.001 0.012 0.005 0.012 0.048 0.847 
 437 N _   0.008 0.061 0.000 0.010 0.004 0.011 0.048 0.858 
 438 K _   0.008 0.055 0.000 0.008 0.004 0.011 0.048 0.866 
 439 H _   0.008 0.052 0.000 0.008 0.003 0.011 0.048 0.869 
 440 A _   0.009 0.050 0.000 0.008 0.004 0.012 0.048 0.869 
 441 L _   0.009 0.051 0.000 0.009 0.004 0.013 0.048 0.865 
 442 G _   0.011 0.053 0.001 0.012 0.006 0.015 0.047 0.858 
 443 S _   0.012 0.055 0.001 0.015 0.007 0.016 0.047 0.848 
 444 H _   0.013 0.058 0.001 0.018 0.008 0.018 0.046 0.838 
 445 E _   0.014 0.061 0.001 0.021 0.010 0.019 0.046 0.829 
 446 Y _   0.014 0.063 0.001 0.023 0.010 0.020 0.045 0.824 
 447 I _   0.015 0.063 0.001 0.023 0.010 0.020 0.045 0.822 
 448 Q _   0.015 0.061 0.001 0.022 0.010 0.020 0.046 0.825 
 449 Y _   0.015 0.058 0.001 0.019 0.009 0.019 0.046 0.831 
 450 C _   0.015 0.054 0.001 0.016 0.008 0.019 0.046 0.840 
 451 R _   0.015 0.050 0.001 0.013 0.007 0.019 0.047 0.848 
 452 K _   0.015 0.047 0.001 0.010 0.007 0.019 0.047 0.854 
 453 F _   0.016 0.045 0.001 0.009 0.006 0.019 0.047 0.857 
 454 D _   0.017 0.045 0.001 0.008 0.006 0.020 0.047 0.856 
 455 I _   0.018 0.046 0.001 0.009 0.007 0.021 0.047 0.850 
 456 D _   0.020 0.050 0.001 0.011 0.008 0.023 0.047 0.839 
 457 I _   0.022 0.056 0.001 0.013 0.010 0.025 0.047 0.825 
 458 R _   0.024 0.063 0.001 0.017 0.012 0.026 0.047 0.809 
 459 L _   0.025 0.071 0.001 0.020 0.013 0.027 0.047 0.795 
 460 Q _   0.025 0.077 0.001 0.023 0.014 0.028 0.048 0.784 
 461 L _   0.024 0.082 0.001 0.025 0.015 0.028 0.048 0.777 
 462 M _   0.024 0.085 0.001 0.025 0.015 0.027 0.048 0.775 
 463 E _   0.023 0.087 0.001 0.025 0.014 0.026 0.049 0.776 
 464 Q _   0.022 0.087 0.001 0.024 0.013 0.025 0.050 0.778 
 465 K _   0.021 0.087 0.001 0.023 0.012 0.024 0.050 0.782 
 466 V _   0.021 0.086 0.001 0.022 0.011 0.023 0.051 0.785 
 467 V _   0.020 0.085 0.001 0.023 0.011 0.021 0.052 0.787 
 468 R _   0.019 0.083 0.001 0.024 0.010 0.020 0.054 0.789 
 469 S _   0.018 0.080 0.001 0.025 0.010 0.019 0.055 0.793 
 470 D _   0.017 0.076 0.001 0.025 0.009 0.017 0.057 0.798 
 471 L _   0.016 0.070 0.001 0.025 0.008 0.016 0.059 0.806 
 472 A _   0.014 0.061 0.001 0.022 0.007 0.014 0.061 0.819 
 473 R _   0.013 0.050 0.001 0.019 0.006 0.012 0.064 0.836 
 474 T _   0.011 0.038 0.001 0.015 0.005 0.010 0.066 0.855 
 475 V _   0.010 0.027 0.000 0.011 0.003 0.009 0.068 0.873 
 476 N _   0.008 0.018 0.000 0.007 0.003 0.007 0.069 0.888 
 477 D _   0.007 0.012 0.000 0.005 0.002 0.006 0.070 0.898 
 478 D _   0.006 0.008 0.000 0.003 0.002 0.006 0.070 0.904 
 479 Q _   0.006 0.007 0.000 0.003 0.001 0.006 0.070 0.907 
 480 S _   0.006 0.007 0.000 0.003 0.002 0.007 0.070 0.905 
 481 P _   0.007 0.009 0.000 0.004 0.002 0.009 0.069 0.900 
 482 S _   0.008 0.013 0.000 0.007 0.004 0.012 0.068 0.888 
 483 T _   0.010 0.021 0.001 0.013 0.006 0.015 0.066 0.869 
 484 L _   0.011 0.034 0.001 0.020 0.008 0.018 0.064 0.844 
 485 N _   0.012 0.049 0.001 0.028 0.010 0.020 0.062 0.817 
 486 Y _   0.013 0.061 0.001 0.035 0.012 0.022 0.060 0.796 
 487 L _   0.013 0.069 0.001 0.040 0.013 0.023 0.059 0.783 
 488 V _   0.012 0.073 0.001 0.040 0.013 0.023 0.058 0.779 
 489 H _   0.012 0.074 0.001 0.037 0.012 0.023 0.057 0.784 
 490 L _   0.012 0.071 0.001 0.032 0.011 0.022 0.057 0.794 
 491 Q _   0.012 0.067 0.001 0.025 0.009 0.021 0.057 0.808 
 492 E _   0.012 0.061 0.001 0.018 0.008 0.021 0.057 0.823 
 493 R _   0.012 0.055 0.001 0.013 0.006 0.021 0.057 0.835 
 494 P _   0.013 0.050 0.001 0.009 0.006 0.021 0.057 0.842 
 495 V _   0.015 0.048 0.001 0.007 0.006 0.023 0.057 0.843 
 496 K _   0.018 0.048 0.001 0.007 0.006 0.025 0.057 0.838 
 497 Q _   0.021 0.052 0.001 0.008 0.008 0.029 0.056 0.825 
 498 T _   0.026 0.059 0.001 0.012 0.012 0.033 0.055 0.803 
 499 I _   0.030 0.073 0.001 0.017 0.017 0.037 0.054 0.772 
 500 S _   0.034 0.090 0.002 0.024 0.022 0.040 0.053 0.737 
 501 R _   0.036 0.107 0.002 0.033 0.026 0.041 0.052 0.703 
 502 Q _   0.038 0.120 0.002 0.041 0.029 0.042 0.051 0.677 
 503 A _   0.039 0.128 0.002 0.047 0.030 0.041 0.051 0.662 
 504 L _   0.039 0.131 0.002 0.049 0.029 0.039 0.051 0.659 
 505 S _   0.038 0.129 0.002 0.048 0.027 0.037 0.052 0.668 
 506 L _   0.036 0.122 0.002 0.043 0.023 0.033 0.053 0.688 
 507 L _   0.033 0.108 0.002 0.035 0.019 0.030 0.055 0.719 
 508 F _   0.031 0.087 0.001 0.026 0.015 0.026 0.057 0.757 
 509 D _   0.027 0.064 0.001 0.018 0.011 0.023 0.059 0.796 
 510 T _   0.024 0.045 0.001 0.012 0.008 0.020 0.060 0.830 
 511 Y _   0.021 0.032 0.001 0.008 0.006 0.018 0.062 0.853 
 512 H _   0.018 0.026 0.001 0.007 0.005 0.017 0.063 0.864 
 513 N _   0.017 0.024 0.000 0.007 0.005 0.016 0.063 0.867 
 514 E _   0.017 0.023 0.001 0.009 0.005 0.016 0.064 0.865 
 515 V _   0.017 0.024 0.001 0.012 0.006 0.017 0.064 0.859 
 516 D _   0.017 0.026 0.001 0.016 0.007 0.017 0.065 0.851 
 517 A _   0.017 0.027 0.001 0.021 0.008 0.017 0.066 0.844 
 518 F _   0.016 0.028 0.001 0.024 0.009 0.016 0.066 0.841 
 519 L _   0.015 0.027 0.001 0.024 0.008 0.015 0.067 0.842 
 520 L _   0.013 0.025 0.001 0.022 0.007 0.014 0.069 0.849 
 521 A _   0.012 0.021 0.001 0.019 0.006 0.012 0.070 0.859 
 522 D _   0.011 0.016 0.001 0.014 0.005 0.011 0.071 0.872 
 523 G _   0.009 0.011 0.000 0.010 0.004 0.010 0.072 0.884 
 524 D _   0.009 0.006 0.000 0.007 0.003 0.009 0.073 0.893 
 525 F _   0.008 0.003 0.000 0.005 0.002 0.008 0.074 0.899 
 526 P _   0.008 0.002 0.000 0.004 0.002 0.008 0.074 0.902 
 527 L _   0.009 0.001 0.000 0.003 0.002 0.009 0.075 0.901 
 528 K _   0.011 0.000 0.000 0.003 0.002 0.010 0.074 0.898 
 529 A _   0.014 0.000 0.000 0.003 0.003 0.013 0.074 0.893 
 530 D _   0.019 0.000 0.000 0.004 0.003 0.016 0.073 0.883 
 531 R _   0.026 0.000 0.001 0.005 0.005 0.021 0.072 0.870 
 532 V _   0.037 0.001 0.001 0.006 0.007 0.026 0.071 0.852 
 533 V _   0.051 0.001 0.001 0.007 0.010 0.032 0.070 0.829 
 534 Q _   0.068 0.001 0.001 0.008 0.013 0.039 0.068 0.802 
 535 S _   0.088 0.001 0.001 0.009 0.018 0.046 0.066 0.770 
 536 V _   0.111 0.002 0.001 0.009 0.024 0.053 0.065 0.735 
 537 K _   0.136 0.002 0.002 0.010 0.030 0.058 0.063 0.698 
 538 A _   0.160 0.003 0.002 0.011 0.037 0.064 0.062 0.661 
 539 I _   0.183 0.004 0.002 0.013 0.043 0.067 0.062 0.626 
 540 C _   0.204 0.005 0.002 0.014 0.048 0.069 0.062 0.596 
 541 N _   0.220 0.007 0.002 0.016 0.051 0.069 0.062 0.572 
 542 A _   0.229 0.008 0.002 0.018 0.051 0.068 0.064 0.560 
 543 L _   0.233 0.009 0.002 0.019 0.050 0.065 0.066 0.557 
 544 A _   0.228 0.009 0.002 0.019 0.046 0.062 0.068 0.566 
 545 A _   0.218 0.009 0.002 0.018 0.042 0.057 0.071 0.583 
 546 V _   0.202 0.008 0.002 0.017 0.035 0.052 0.074 0.609 
 547 E _   0.181 0.007 0.002 0.015 0.029 0.047 0.078 0.641 
 548 T _   0.158 0.007 0.002 0.014 0.023 0.042 0.082 0.673 
 549 P _   0.135 0.006 0.001 0.013 0.018 0.037 0.086 0.703 
 550 E _   0.113 0.005 0.001 0.013 0.015 0.032 0.090 0.731 
 551 I _   0.092 0.005 0.001 0.012 0.012 0.028 0.094 0.756 
 552 T _   0.073 0.004 0.001 0.012 0.010 0.024 0.098 0.778 
 553 S _   0.057 0.004 0.001 0.012 0.008 0.021 0.102 0.796 
 554 A _   0.045 0.003 0.001 0.011 0.007 0.018 0.105 0.810 
 555 L _   0.035 0.003 0.001 0.011 0.005 0.015 0.108 0.822 
 556 N _   0.027 0.002 0.001 0.009 0.004 0.013 0.111 0.833 
 557 Q _   0.021 0.002 0.000 0.008 0.004 0.011 0.113 0.841 
 558 L _   0.016 0.002 0.000 0.007 0.003 0.009 0.115 0.847 
 559 P _   0.013 0.001 0.000 0.006 0.003 0.008 0.117 0.852 
 560 P _   0.011 0.001 0.000 0.006 0.002 0.007 0.118 0.855 
 561 C _   0.010 0.001 0.000 0.005 0.002 0.007 0.118 0.856 
 562 P _   0.009 0.001 0.000 0.005 0.002 0.006 0.119 0.857 
 563 S _   0.008 0.001 0.000 0.005 0.002 0.006 0.119 0.859 
 564 R _   0.007 0.001 0.000 0.005 0.002 0.006 0.119 0.859 
 565 M _   0.007 0.001 0.000 0.006 0.002 0.006 0.118 0.861 
 566 Q _   0.006 0.001 0.000 0.006 0.002 0.006 0.117 0.862 
 567 P _   0.006 0.001 0.000 0.005 0.002 0.006 0.116 0.864 
 568 K _   0.005 0.001 0.000 0.005 0.002 0.006 0.114 0.867 
 569 I _   0.005 0.001 0.000 0.005 0.002 0.006 0.112 0.869 
 570 Q _   0.005 0.001 0.000 0.006 0.002 0.006 0.109 0.871 
 571 K _   0.005 0.001 0.000 0.006 0.002 0.006 0.107 0.873 
 572 D _   0.005 0.001 0.000 0.007 0.002 0.007 0.104 0.874 
 573 P _   0.005 0.001 0.000 0.008 0.003 0.008 0.100 0.874 
 574 S _   0.006 0.002 0.000 0.009 0.003 0.009 0.097 0.874 
 575 V _   0.007 0.002 0.000 0.010 0.004 0.010 0.093 0.874 
 576 L _   0.008 0.002 0.000 0.011 0.004 0.011 0.089 0.874 
 577 A _   0.010 0.002 0.001 0.012 0.004 0.012 0.085 0.875 
 578 V _   0.013 0.002 0.001 0.011 0.005 0.013 0.081 0.875 
 579 R _   0.017 0.002 0.001 0.010 0.005 0.014 0.077 0.875 
 580 E _   0.025 0.001 0.001 0.008 0.005 0.015 0.073 0.872 
 581 N _   0.039 0.001 0.001 0.007 0.005 0.017 0.068 0.864 
 582 R _   0.061 0.000 0.001 0.005 0.006 0.019 0.063 0.846 
 583 E _   0.094 0.000 0.001 0.004 0.007 0.022 0.057 0.815 
 584 K _   0.145 0.000 0.001 0.003 0.009 0.025 0.051 0.767 
 585 V _   0.211 0.000 0.001 0.003 0.011 0.029 0.044 0.700 
 586 V _   0.291 0.000 0.001 0.003 0.015 0.033 0.038 0.618 
 587 E _   0.378 0.000 0.001 0.003 0.021 0.037 0.032 0.528 
 588 A H   0.461 0.000 0.002 0.003 0.026 0.040 0.028 0.441 
 589 L H   0.531 0.000 0.002 0.003 0.032 0.041 0.024 0.367 
 590 T H   0.585 0.000 0.002 0.003 0.037 0.042 0.022 0.310 
 591 A H   0.622 0.000 0.002 0.004 0.040 0.041 0.020 0.271 
 592 A H   0.646 0.000 0.002 0.004 0.042 0.039 0.019 0.247 
 593 I H   0.657 0.000 0.002 0.004 0.042 0.037 0.019 0.238 
 594 L H   0.654 0.001 0.002 0.005 0.042 0.035 0.019 0.242 
 595 D H   0.638 0.001 0.002 0.005 0.040 0.033 0.020 0.261 
 596 L H   0.607 0.001 0.002 0.006 0.037 0.031 0.021 0.296 
 597 V H   0.561 0.001 0.002 0.006 0.032 0.029 0.023 0.347 
 598 E H   0.499 0.001 0.002 0.006 0.027 0.027 0.025 0.413 
 599 L _   0.424 0.000 0.002 0.006 0.022 0.024 0.028 0.495 
 600 Y _   0.344 0.000 0.001 0.005 0.016 0.022 0.030 0.581 
 601 C _   0.267 0.000 0.001 0.005 0.012 0.019 0.033 0.663 
 602 N _   0.200 0.000 0.001 0.005 0.009 0.017 0.036 0.733 
 603 T _   0.146 0.000 0.001 0.005 0.007 0.015 0.038 0.788 
 604 F _   0.105 0.000 0.001 0.005 0.005 0.014 0.040 0.830 
 605 N _   0.075 0.000 0.001 0.005 0.005 0.013 0.041 0.859 
 606 A _   0.054 0.001 0.001 0.006 0.005 0.013 0.043 0.879 
 607 D _   0.040 0.001 0.001 0.007 0.004 0.012 0.044 0.892 
 608 F _   0.030 0.001 0.001 0.008 0.004 0.012 0.044 0.900 
 609 Q _   0.022 0.001 0.001 0.009 0.004 0.011 0.045 0.907 
 610 T _   0.017 0.001 0.000 0.009 0.004 0.010 0.045 0.912 
 611 A _   0.014 0.001 0.000 0.008 0.004 0.010 0.046 0.917 
 612 V _   0.011 0.001 0.000 0.007 0.003 0.009 0.046 0.922 
 613 P _   0.010 0.001 0.000 0.006 0.003 0.009 0.046 0.925 
 614 G _   0.009 0.001 0.000 0.005 0.003 0.009 0.045 0.928 
 615 S _   0.009 0.001 0.000 0.004 0.003 0.010 0.045 0.928 
 616 R _   0.010 0.000 0.000 0.004 0.003 0.012 0.044 0.927 
 617 K _   0.012 0.001 0.000 0.004 0.003 0.014 0.043 0.923 
 618 H _   0.014 0.001 0.000 0.005 0.004 0.017 0.042 0.916 
 619 D _   0.019 0.001 0.001 0.007 0.006 0.021 0.041 0.905 
 620 L _   0.025 0.001 0.001 0.009 0.008 0.026 0.040 0.890 
 621 V _   0.034 0.002 0.001 0.011 0.010 0.032 0.038 0.872 
 622 Q _   0.045 0.002 0.001 0.013 0.014 0.037 0.036 0.851 
 623 E _   0.057 0.003 0.001 0.015 0.017 0.042 0.035 0.831 
 624 A _   0.071 0.003 0.001 0.015 0.020 0.047 0.033 0.810 
 625 C _   0.088 0.003 0.001 0.014 0.023 0.051 0.031 0.789 
 626 H _   0.106 0.002 0.002 0.013 0.026 0.054 0.029 0.768 
 627 F _   0.127 0.002 0.002 0.011 0.029 0.057 0.028 0.745 
 628 A _   0.149 0.002 0.002 0.010 0.031 0.059 0.026 0.721 
 629 R _   0.171 0.002 0.002 0.009 0.033 0.060 0.025 0.698 
 630 S _   0.192 0.002 0.002 0.009 0.035 0.061 0.024 0.675 
 631 L _   0.210 0.002 0.002 0.009 0.036 0.061 0.024 0.656 
 632 A _   0.224 0.002 0.002 0.009 0.036 0.060 0.024 0.644 
 633 F _   0.233 0.002 0.002 0.010 0.035 0.058 0.024 0.637 
 634 T _   0.237 0.002 0.002 0.010 0.033 0.056 0.024 0.638 
 635 V _   0.235 0.002 0.002 0.009 0.031 0.053 0.024 0.645 
 636 Y _   0.228 0.001 0.002 0.009 0.028 0.050 0.024 0.658 
 637 A _   0.217 0.001 0.002 0.008 0.025 0.048 0.025 0.676 
 638 T _   0.202 0.001 0.001 0.007 0.022 0.045 0.025 0.695 
 639 H _   0.186 0.001 0.001 0.007 0.020 0.043 0.026 0.716 
 640 R _   0.168 0.001 0.001 0.007 0.018 0.041 0.027 0.737 
 641 I _   0.149 0.001 0.001 0.007 0.017 0.039 0.027 0.757 
 642 P _   0.131 0.002 0.001 0.008 0.015 0.038 0.028 0.776 
 643 I _   0.114 0.002 0.001 0.009 0.014 0.036 0.029 0.794 
 644 I _   0.098 0.003 0.001 0.010 0.014 0.034 0.030 0.810 
 645 W _   0.083 0.004 0.001 0.011 0.013 0.033 0.031 0.824 
 646 A _   0.070 0.006 0.001 0.011 0.013 0.031 0.031 0.837 
 647 T _   0.059 0.007 0.001 0.012 0.012 0.030 0.032 0.847 
 648 S _   0.049 0.009 0.001 0.013 0.012 0.028 0.032 0.856 
 649 Y _   0.041 0.011 0.001 0.014 0.011 0.027 0.033 0.863 
 650 E _   0.034 0.013 0.001 0.015 0.011 0.025 0.033 0.868 
 651 D _   0.029 0.015 0.001 0.016 0.010 0.024 0.034 0.872 
 652 F _   0.025 0.017 0.001 0.017 0.010 0.022 0.034 0.874 
 653 Y _   0.022 0.019 0.001 0.018 0.010 0.021 0.034 0.875 
 654 L _   0.019 0.021 0.001 0.019 0.009 0.019 0.035 0.877 
 655 S _   0.017 0.021 0.001 0.019 0.009 0.018 0.035 0.881 
 656 C _   0.015 0.021 0.001 0.019 0.008 0.016 0.036 0.885 
 657 S _   0.013 0.021 0.001 0.018 0.007 0.015 0.036 0.890 
 658 L _   0.011 0.019 0.001 0.016 0.006 0.013 0.037 0.896 
 659 S _   0.010 0.017 0.001 0.014 0.005 0.012 0.038 0.902 
 660 H _   0.010 0.016 0.001 0.013 0.005 0.012 0.038 0.907 
 661 G _   0.009 0.014 0.001 0.011 0.004 0.011 0.039 0.911 
 662 G _   0.009 0.012 0.000 0.010 0.004 0.011 0.040 0.914 
 663 K _   0.009 0.010 0.000 0.009 0.004 0.010 0.040 0.916 
