#TopoPred_TM8: 8-state transmembrane topology prediction results by no_profile mode 
#probabilities are in the order of H E C I L F X _, the 8 transmembrane topology types used in PDBTM 
   1 M X   0.006 0.000 0.001 0.030 0.006 0.005 0.905 0.046 
   2 S X   0.002 0.000 0.000 0.014 0.001 0.002 0.931 0.051 
   3 R X   0.000 0.000 0.000 0.006 0.000 0.001 0.938 0.055 
   4 P X   0.000 0.000 0.000 0.003 0.000 0.001 0.938 0.057 
   5 P X   0.000 0.000 0.000 0.003 0.000 0.001 0.937 0.059 
   6 P X   0.001 0.000 0.000 0.002 0.000 0.001 0.934 0.062 
   7 T X   0.001 0.000 0.000 0.003 0.000 0.002 0.929 0.065 
   8 G X   0.001 0.001 0.000 0.003 0.001 0.002 0.923 0.070 
   9 K X   0.001 0.001 0.000 0.004 0.001 0.002 0.914 0.077 
  10 M X   0.001 0.002 0.000 0.006 0.001 0.003 0.902 0.085 
  11 P X   0.001 0.003 0.000 0.007 0.001 0.003 0.889 0.095 
  12 G X   0.001 0.004 0.000 0.009 0.002 0.004 0.874 0.107 
  13 A X   0.001 0.005 0.000 0.009 0.002 0.004 0.859 0.120 
  14 P X   0.001 0.006 0.000 0.010 0.002 0.004 0.844 0.133 
  15 E X   0.002 0.006 0.000 0.010 0.002 0.004 0.829 0.147 
  16 T X   0.002 0.007 0.000 0.009 0.002 0.004 0.814 0.162 
  17 A X   0.002 0.008 0.000 0.009 0.002 0.005 0.799 0.177 
  18 P X   0.002 0.009 0.000 0.008 0.002 0.005 0.782 0.192 
  19 G X   0.002 0.010 0.000 0.008 0.002 0.005 0.765 0.208 
  20 D X   0.002 0.012 0.000 0.008 0.002 0.005 0.746 0.225 
  21 G X   0.002 0.014 0.000 0.008 0.002 0.006 0.726 0.242 
  22 A X   0.002 0.017 0.000 0.010 0.002 0.007 0.703 0.259 
  23 G X   0.002 0.021 0.000 0.012 0.003 0.008 0.678 0.275 
  24 A X   0.003 0.028 0.001 0.015 0.004 0.009 0.652 0.290 
  25 S X   0.003 0.035 0.001 0.019 0.005 0.010 0.624 0.304 
  26 R X   0.003 0.044 0.001 0.024 0.006 0.011 0.595 0.315 
  27 Q X   0.003 0.054 0.001 0.030 0.007 0.012 0.568 0.326 
  28 R X   0.004 0.062 0.001 0.034 0.007 0.013 0.543 0.336 
  29 K X   0.004 0.068 0.001 0.038 0.008 0.013 0.522 0.346 
  30 L X   0.004 0.072 0.001 0.039 0.008 0.013 0.505 0.358 
  31 E X   0.004 0.074 0.001 0.037 0.007 0.012 0.491 0.373 
  32 A X   0.004 0.074 0.001 0.033 0.007 0.012 0.479 0.391 
  33 L X   0.004 0.071 0.001 0.027 0.006 0.011 0.468 0.412 
  34 I X   0.004 0.067 0.001 0.021 0.005 0.010 0.459 0.434 
  35 R _   0.004 0.061 0.000 0.015 0.004 0.009 0.451 0.455 
  36 D _   0.004 0.056 0.000 0.011 0.003 0.008 0.443 0.475 
  37 P _   0.004 0.052 0.000 0.008 0.002 0.008 0.435 0.491 
  38 R _   0.004 0.050 0.000 0.006 0.002 0.008 0.426 0.503 
  39 S _   0.005 0.050 0.000 0.005 0.002 0.009 0.417 0.511 
  40 P _   0.005 0.052 0.000 0.006 0.003 0.011 0.407 0.516 
  41 I _   0.006 0.058 0.001 0.008 0.004 0.013 0.394 0.516 
  42 N _   0.008 0.068 0.001 0.011 0.006 0.015 0.380 0.511 
  43 V _   0.009 0.084 0.001 0.016 0.008 0.018 0.364 0.501 
  44 E _   0.010 0.104 0.001 0.020 0.010 0.020 0.347 0.487 
  45 S _   0.011 0.124 0.001 0.024 0.012 0.022 0.332 0.475 
  46 L _   0.011 0.141 0.001 0.027 0.013 0.023 0.317 0.465 
  47 L _   0.011 0.155 0.001 0.029 0.014 0.024 0.305 0.460 
  48 D _   0.012 0.165 0.001 0.030 0.015 0.025 0.294 0.458 
  49 G _   0.013 0.172 0.001 0.031 0.015 0.025 0.285 0.458 
  50 L _   0.013 0.177 0.001 0.030 0.015 0.025 0.278 0.461 
  51 N _   0.014 0.179 0.001 0.030 0.015 0.024 0.271 0.465 
  52 S _   0.014 0.180 0.001 0.030 0.014 0.023 0.266 0.471 
  53 L _   0.014 0.179 0.001 0.030 0.013 0.022 0.262 0.478 
  54 V _   0.015 0.175 0.001 0.030 0.012 0.021 0.258 0.488 
  55 L _   0.014 0.169 0.001 0.029 0.011 0.020 0.256 0.500 
  56 D _   0.014 0.161 0.001 0.028 0.010 0.018 0.253 0.515 
  57 L _   0.013 0.149 0.001 0.026 0.009 0.017 0.252 0.533 
  58 D _   0.012 0.134 0.001 0.024 0.008 0.015 0.250 0.556 
  59 F _   0.012 0.116 0.001 0.021 0.007 0.013 0.249 0.581 
  60 P _   0.011 0.096 0.001 0.018 0.006 0.012 0.249 0.608 
  61 A _   0.010 0.076 0.001 0.015 0.005 0.010 0.248 0.635 
  62 L _   0.009 0.058 0.001 0.012 0.004 0.009 0.247 0.661 
  63 R _   0.008 0.044 0.000 0.009 0.003 0.008 0.246 0.683 
  64 K _   0.006 0.034 0.000 0.007 0.002 0.007 0.244 0.700 
  65 N _   0.006 0.027 0.000 0.005 0.002 0.006 0.241 0.712 
  66 K _   0.005 0.024 0.000 0.004 0.002 0.006 0.238 0.721 
  67 N _   0.005 0.022 0.000 0.004 0.002 0.006 0.234 0.727 
  68 I _   0.005 0.022 0.000 0.004 0.002 0.006 0.229 0.732 
  69 D _   0.005 0.023 0.000 0.005 0.002 0.007 0.224 0.734 
  70 N _   0.005 0.026 0.000 0.007 0.003 0.008 0.217 0.734 
  71 F _   0.006 0.031 0.000 0.009 0.003 0.009 0.210 0.732 
  72 L _   0.006 0.038 0.001 0.011 0.004 0.011 0.201 0.727 
  73 N _   0.007 0.047 0.001 0.015 0.005 0.013 0.192 0.720 
  74 R _   0.007 0.058 0.001 0.018 0.006 0.014 0.183 0.713 
  75 Y _   0.008 0.069 0.001 0.021 0.007 0.015 0.174 0.704 
  76 E _   0.008 0.081 0.001 0.025 0.008 0.017 0.165 0.696 
  77 K _   0.008 0.091 0.001 0.028 0.009 0.017 0.157 0.689 
  78 I _   0.009 0.100 0.001 0.030 0.010 0.018 0.149 0.683 
  79 V _   0.009 0.107 0.001 0.033 0.011 0.019 0.143 0.678 
  80 K _   0.010 0.112 0.001 0.035 0.011 0.019 0.137 0.676 
  81 K _   0.010 0.114 0.001 0.036 0.011 0.018 0.132 0.677 
  82 I _   0.010 0.115 0.001 0.036 0.011 0.018 0.128 0.681 
  83 R _   0.010 0.112 0.001 0.034 0.010 0.017 0.125 0.690 
  84 G _   0.010 0.107 0.001 0.031 0.010 0.016 0.123 0.703 
  85 L _   0.010 0.098 0.001 0.027 0.008 0.015 0.120 0.721 
  86 Q _   0.009 0.086 0.001 0.022 0.007 0.014 0.119 0.743 
  87 M _   0.009 0.074 0.001 0.017 0.006 0.012 0.117 0.765 
  88 K _   0.008 0.062 0.001 0.012 0.005 0.012 0.116 0.785 
  89 A _   0.008 0.052 0.001 0.009 0.004 0.011 0.114 0.802 
  90 E _   0.008 0.046 0.000 0.007 0.003 0.011 0.112 0.813 
  91 D _   0.008 0.043 0.000 0.006 0.003 0.011 0.110 0.819 
  92 Y _   0.009 0.042 0.000 0.005 0.003 0.012 0.108 0.820 
  93 D _   0.010 0.043 0.000 0.006 0.004 0.014 0.105 0.816 
  94 V _   0.012 0.048 0.001 0.008 0.005 0.017 0.102 0.807 
  95 V _   0.015 0.056 0.001 0.011 0.007 0.020 0.098 0.790 
  96 K _   0.018 0.069 0.001 0.016 0.010 0.024 0.094 0.768 
  97 V _   0.020 0.085 0.001 0.021 0.014 0.028 0.090 0.741 
  98 I _   0.023 0.101 0.001 0.027 0.017 0.031 0.086 0.714 
  99 G _   0.024 0.116 0.002 0.033 0.020 0.033 0.082 0.690 
 100 R _   0.026 0.127 0.002 0.037 0.022 0.034 0.079 0.673 
 101 G _   0.026 0.134 0.002 0.041 0.023 0.034 0.077 0.664 
 102 A _   0.026 0.137 0.002 0.042 0.023 0.034 0.075 0.662 
 103 F _   0.026 0.136 0.002 0.041 0.021 0.032 0.074 0.668 
 104 G _   0.025 0.133 0.001 0.038 0.019 0.031 0.073 0.680 
 105 E _   0.023 0.125 0.001 0.033 0.017 0.028 0.073 0.699 
 106 V _   0.022 0.114 0.001 0.028 0.014 0.026 0.073 0.722 
 107 Q _   0.020 0.099 0.001 0.022 0.011 0.024 0.073 0.749 
 108 L _   0.019 0.084 0.001 0.017 0.009 0.022 0.074 0.776 
 109 V _   0.017 0.070 0.001 0.012 0.007 0.020 0.074 0.799 
 110 R _   0.016 0.059 0.001 0.009 0.006 0.019 0.074 0.816 
 111 H _   0.015 0.053 0.001 0.007 0.005 0.018 0.074 0.827 
 112 K _   0.015 0.050 0.001 0.007 0.005 0.019 0.073 0.831 
 113 A _   0.016 0.049 0.001 0.007 0.005 0.020 0.073 0.830 
 114 S _   0.017 0.050 0.001 0.009 0.006 0.021 0.072 0.824 
 115 Q _   0.019 0.054 0.001 0.011 0.008 0.023 0.071 0.812 
 116 K _   0.021 0.060 0.001 0.015 0.010 0.025 0.070 0.797 
 117 V _   0.023 0.067 0.001 0.020 0.013 0.026 0.069 0.780 
 118 Y _   0.025 0.073 0.001 0.025 0.015 0.027 0.068 0.765 
 119 A _   0.025 0.079 0.001 0.030 0.016 0.028 0.068 0.754 
 120 M _   0.026 0.081 0.001 0.033 0.016 0.027 0.068 0.747 
 121 K _   0.026 0.082 0.001 0.034 0.016 0.027 0.068 0.747 
 122 L _   0.025 0.079 0.001 0.033 0.016 0.025 0.068 0.752 
 123 L _   0.024 0.074 0.001 0.031 0.014 0.023 0.069 0.763 
 124 S _   0.023 0.066 0.001 0.027 0.012 0.021 0.071 0.779 
 125 K _   0.021 0.055 0.001 0.023 0.010 0.019 0.072 0.800 
 126 F _   0.019 0.042 0.001 0.018 0.008 0.016 0.074 0.822 
 127 E _   0.017 0.030 0.001 0.013 0.006 0.014 0.075 0.844 
 128 M _   0.015 0.019 0.001 0.009 0.004 0.012 0.076 0.864 
 129 I _   0.013 0.011 0.000 0.007 0.003 0.010 0.077 0.878 
 130 K _   0.011 0.007 0.000 0.005 0.003 0.009 0.077 0.888 
 131 R _   0.010 0.004 0.000 0.004 0.002 0.009 0.077 0.894 
 132 S _   0.009 0.003 0.000 0.003 0.002 0.009 0.076 0.896 
 133 D _   0.009 0.003 0.000 0.004 0.002 0.010 0.075 0.896 
 134 S _   0.010 0.003 0.000 0.005 0.003 0.012 0.074 0.892 
 135 A _   0.011 0.004 0.000 0.007 0.004 0.014 0.073 0.886 
 136 F _   0.013 0.006 0.001 0.010 0.006 0.016 0.071 0.878 
 137 F _   0.014 0.009 0.001 0.014 0.007 0.019 0.069 0.868 
 138 W _   0.015 0.011 0.001 0.018 0.009 0.021 0.068 0.857 
 139 E _   0.016 0.014 0.001 0.021 0.011 0.023 0.066 0.849 
 140 E _   0.018 0.015 0.001 0.022 0.011 0.024 0.064 0.844 
 141 R _   0.019 0.016 0.001 0.022 0.012 0.026 0.063 0.842 
 142 D _   0.021 0.016 0.001 0.020 0.012 0.026 0.062 0.843 
 143 I _   0.023 0.015 0.001 0.017 0.011 0.027 0.061 0.845 
 144 M _   0.026 0.014 0.001 0.014 0.011 0.028 0.060 0.847 
 145 A _   0.029 0.013 0.001 0.011 0.010 0.029 0.059 0.847 
 146 F _   0.033 0.012 0.001 0.009 0.010 0.030 0.059 0.845 
 147 A _   0.037 0.012 0.001 0.009 0.011 0.032 0.058 0.840 
 148 N _   0.041 0.013 0.001 0.009 0.013 0.034 0.057 0.831 
 149 S _   0.046 0.015 0.001 0.011 0.015 0.037 0.057 0.818 
 150 P _   0.050 0.019 0.001 0.015 0.018 0.038 0.056 0.802 
 151 W _   0.054 0.023 0.001 0.021 0.021 0.040 0.056 0.784 
 152 V _   0.056 0.028 0.002 0.027 0.023 0.040 0.055 0.769 
 153 V _   0.056 0.031 0.002 0.032 0.024 0.039 0.056 0.762 
 154 Q _   0.053 0.033 0.002 0.034 0.023 0.037 0.056 0.763 
 155 L _   0.048 0.032 0.002 0.033 0.021 0.033 0.057 0.775 
 156 F _   0.042 0.029 0.001 0.029 0.017 0.029 0.058 0.796 
 157 Y _   0.035 0.024 0.001 0.022 0.013 0.025 0.058 0.821 
 158 A _   0.029 0.018 0.001 0.015 0.009 0.021 0.059 0.847 
 159 F _   0.023 0.012 0.001 0.010 0.006 0.018 0.060 0.870 
 160 Q _   0.019 0.009 0.001 0.006 0.005 0.016 0.060 0.885 
 161 D _   0.016 0.007 0.000 0.004 0.004 0.014 0.060 0.894 
 162 D _   0.015 0.007 0.000 0.004 0.004 0.014 0.060 0.896 
 163 R _   0.015 0.008 0.000 0.005 0.004 0.015 0.059 0.893 
 164 Y _   0.015 0.010 0.001 0.008 0.005 0.016 0.059 0.886 
 165 L _   0.016 0.015 0.001 0.013 0.007 0.017 0.058 0.873 
 166 Y _   0.016 0.021 0.001 0.018 0.009 0.018 0.058 0.859 
 167 M _   0.016 0.027 0.001 0.024 0.010 0.019 0.057 0.845 
 168 V _   0.016 0.032 0.001 0.028 0.011 0.019 0.057 0.836 
 169 M _   0.015 0.034 0.001 0.030 0.011 0.018 0.056 0.833 
 170 E _   0.014 0.035 0.001 0.030 0.011 0.018 0.056 0.836 
 171 Y _   0.013 0.034 0.001 0.027 0.010 0.016 0.057 0.842 
 172 M _   0.012 0.032 0.001 0.024 0.008 0.015 0.057 0.852 
 173 P _   0.011 0.029 0.001 0.020 0.007 0.014 0.058 0.861 
 174 G _   0.010 0.025 0.001 0.017 0.006 0.012 0.058 0.870 
 175 G _   0.009 0.021 0.001 0.015 0.005 0.011 0.059 0.878 
 176 D _   0.009 0.018 0.001 0.014 0.005 0.010 0.060 0.884 
 177 L _   0.009 0.015 0.001 0.012 0.004 0.010 0.061 0.889 
 178 V _   0.008 0.012 0.000 0.011 0.004 0.009 0.061 0.894 
 179 N _   0.008 0.010 0.000 0.010 0.003 0.008 0.062 0.899 
 180 L _   0.007 0.007 0.000 0.009 0.003 0.008 0.062 0.903 
 181 M _   0.007 0.005 0.000 0.007 0.003 0.007 0.062 0.908 
 182 S _   0.007 0.004 0.000 0.006 0.002 0.007 0.062 0.913 
 183 N _   0.007 0.002 0.000 0.005 0.002 0.007 0.061 0.916 
 184 Y _   0.007 0.001 0.000 0.004 0.002 0.007 0.061 0.917 
 185 D _   0.009 0.001 0.000 0.004 0.002 0.008 0.059 0.917 
 186 V _   0.013 0.000 0.000 0.003 0.002 0.010 0.058 0.913 
 187 P _   0.021 0.000 0.000 0.003 0.003 0.012 0.056 0.904 
 188 E _   0.034 0.000 0.000 0.004 0.004 0.016 0.054 0.888 
 189 K _   0.056 0.000 0.001 0.004 0.005 0.021 0.051 0.862 
 190 W _   0.089 0.000 0.001 0.005 0.008 0.028 0.047 0.821 
 191 A _   0.134 0.000 0.001 0.005 0.013 0.035 0.044 0.768 
 192 K _   0.191 0.000 0.001 0.006 0.019 0.043 0.039 0.700 
 193 F _   0.255 0.000 0.002 0.006 0.026 0.049 0.035 0.626 
 194 Y _   0.320 0.000 0.002 0.006 0.033 0.054 0.032 0.552 
 195 T _   0.381 0.000 0.002 0.006 0.039 0.057 0.029 0.485 
 196 A H   0.435 0.000 0.002 0.006 0.044 0.058 0.027 0.427 
 197 E H   0.480 0.000 0.002 0.006 0.047 0.058 0.026 0.381 
 198 V H   0.518 0.001 0.002 0.006 0.048 0.056 0.025 0.345 
 199 V H   0.545 0.000 0.002 0.005 0.047 0.053 0.024 0.323 
 200 L H   0.561 0.000 0.002 0.005 0.046 0.050 0.025 0.310 
 201 A H   0.567 0.000 0.002 0.004 0.044 0.047 0.025 0.309 
 202 L H   0.563 0.000 0.002 0.004 0.042 0.045 0.026 0.318 
 203 D H   0.549 0.001 0.002 0.004 0.039 0.042 0.028 0.335 
 204 A H   0.524 0.001 0.002 0.005 0.037 0.040 0.030 0.362 
 205 I H   0.487 0.001 0.002 0.007 0.034 0.038 0.032 0.399 
 206 H _   0.442 0.001 0.002 0.009 0.031 0.036 0.036 0.442 
 207 S _   0.389 0.002 0.002 0.011 0.028 0.034 0.040 0.494 
 208 M _   0.331 0.002 0.002 0.014 0.024 0.031 0.045 0.550 
 209 G _   0.271 0.003 0.002 0.016 0.019 0.028 0.051 0.611 
 210 L _   0.211 0.003 0.001 0.016 0.015 0.024 0.056 0.674 
 211 I _   0.156 0.002 0.001 0.014 0.011 0.020 0.061 0.734 
 212 H _   0.111 0.002 0.001 0.012 0.008 0.017 0.066 0.784 
 213 R _   0.077 0.001 0.001 0.009 0.005 0.013 0.070 0.824 
 214 D _   0.051 0.001 0.000 0.007 0.004 0.011 0.073 0.854 
 215 V _   0.034 0.001 0.000 0.005 0.003 0.009 0.075 0.874 
 216 K _   0.022 0.001 0.000 0.004 0.002 0.007 0.076 0.887 
 217 P _   0.015 0.001 0.000 0.004 0.002 0.006 0.077 0.895 
 218 D _   0.011 0.001 0.000 0.004 0.002 0.006 0.078 0.898 
 219 N _   0.009 0.002 0.000 0.004 0.002 0.006 0.078 0.900 
 220 M _   0.008 0.003 0.000 0.004 0.002 0.006 0.078 0.899 
 221 L _   0.007 0.005 0.000 0.005 0.002 0.007 0.077 0.897 
 222 L _   0.006 0.008 0.000 0.006 0.002 0.008 0.075 0.894 
 223 D _   0.006 0.013 0.000 0.008 0.003 0.009 0.073 0.888 
 224 K _   0.006 0.019 0.000 0.009 0.003 0.010 0.071 0.881 
 225 H _   0.006 0.029 0.000 0.011 0.004 0.011 0.068 0.871 
 226 G _   0.007 0.040 0.001 0.014 0.005 0.012 0.065 0.857 
 227 H _   0.007 0.055 0.001 0.016 0.006 0.013 0.062 0.841 
 228 L _   0.007 0.071 0.001 0.019 0.007 0.014 0.058 0.822 
 229 K _   0.008 0.089 0.001 0.023 0.008 0.016 0.055 0.802 
 230 L _   0.008 0.105 0.001 0.026 0.009 0.016 0.052 0.783 
 231 A _   0.008 0.119 0.001 0.029 0.009 0.017 0.049 0.767 
 232 D _   0.009 0.129 0.001 0.030 0.010 0.017 0.047 0.756 
 233 F _   0.009 0.136 0.001 0.031 0.010 0.018 0.045 0.750 
 234 G _   0.009 0.140 0.001 0.031 0.010 0.018 0.043 0.747 
 235 T _   0.010 0.142 0.001 0.029 0.010 0.017 0.042 0.749 
 236 C _   0.010 0.141 0.001 0.026 0.009 0.017 0.041 0.754 
 237 M _   0.010 0.138 0.001 0.023 0.009 0.017 0.040 0.761 
 238 K _   0.010 0.135 0.001 0.020 0.008 0.016 0.040 0.770 
 239 M _   0.010 0.130 0.001 0.018 0.007 0.016 0.039 0.778 
 240 D _   0.010 0.126 0.001 0.016 0.007 0.016 0.039 0.785 
 241 E _   0.011 0.123 0.001 0.015 0.007 0.016 0.038 0.790 
 242 T _   0.011 0.121 0.001 0.015 0.007 0.016 0.038 0.792 
 243 G _   0.011 0.120 0.001 0.016 0.007 0.016 0.037 0.793 
 244 M _   0.011 0.119 0.001 0.017 0.007 0.016 0.037 0.791 
 245 V _   0.012 0.119 0.001 0.019 0.008 0.016 0.036 0.789 
 246 H _   0.012 0.118 0.001 0.021 0.008 0.016 0.036 0.788 
 247 C _   0.012 0.116 0.001 0.023 0.009 0.016 0.036 0.789 
 248 D _   0.012 0.112 0.001 0.023 0.009 0.015 0.036 0.792 
 249 T _   0.011 0.107 0.001 0.023 0.009 0.015 0.036 0.798 
 250 A _   0.011 0.099 0.001 0.022 0.008 0.014 0.036 0.809 
 251 V _   0.011 0.090 0.001 0.019 0.007 0.013 0.037 0.822 
 252 G _   0.010 0.079 0.001 0.017 0.006 0.013 0.037 0.837 
 253 T _   0.010 0.069 0.001 0.015 0.006 0.012 0.037 0.851 
 254 P _   0.009 0.060 0.001 0.013 0.005 0.011 0.038 0.863 
 255 D _   0.009 0.052 0.001 0.012 0.005 0.011 0.038 0.873 
 256 Y _   0.009 0.046 0.001 0.011 0.004 0.011 0.038 0.880 
 257 I _   0.008 0.042 0.001 0.012 0.004 0.010 0.038 0.884 
 258 S _   0.008 0.039 0.001 0.013 0.004 0.010 0.039 0.887 
 259 P _   0.008 0.036 0.001 0.014 0.005 0.010 0.039 0.888 
 260 E _   0.008 0.034 0.001 0.015 0.005 0.010 0.039 0.890 
 261 V _   0.007 0.031 0.001 0.015 0.005 0.010 0.038 0.893 
 262 L _   0.007 0.028 0.001 0.015 0.005 0.010 0.038 0.897 
 263 K _   0.007 0.024 0.001 0.014 0.004 0.009 0.038 0.902 
 264 S _   0.006 0.020 0.001 0.013 0.004 0.009 0.038 0.909 
 265 Q _   0.006 0.016 0.000 0.012 0.004 0.009 0.038 0.915 
 266 G _   0.006 0.012 0.000 0.010 0.003 0.009 0.038 0.922 
 267 G _   0.007 0.008 0.000 0.008 0.003 0.009 0.038 0.927 
 268 D _   0.008 0.005 0.000 0.007 0.003 0.009 0.037 0.930 
 269 G _   0.011 0.003 0.000 0.006 0.003 0.010 0.037 0.930 
 270 F _   0.016 0.002 0.000 0.005 0.003 0.011 0.036 0.927 
 271 Y _   0.025 0.001 0.000 0.004 0.003 0.013 0.035 0.918 
 272 G _   0.040 0.001 0.000 0.004 0.004 0.016 0.034 0.902 
 273 R _   0.065 0.000 0.001 0.004 0.005 0.019 0.032 0.874 
 274 E _   0.103 0.000 0.001 0.004 0.008 0.024 0.031 0.830 
 275 C _   0.158 0.000 0.001 0.003 0.011 0.030 0.028 0.768 
 276 D _   0.228 0.000 0.001 0.003 0.016 0.036 0.026 0.688 
 277 W _   0.306 0.000 0.002 0.004 0.024 0.043 0.024 0.598 
 278 W _   0.384 0.000 0.002 0.004 0.033 0.048 0.022 0.508 
 279 S H   0.450 0.000 0.002 0.004 0.042 0.052 0.021 0.428 
 280 V H   0.506 0.001 0.002 0.005 0.050 0.054 0.020 0.363 
 281 G H   0.545 0.001 0.002 0.006 0.056 0.054 0.020 0.316 
 282 V H   0.569 0.002 0.002 0.007 0.060 0.053 0.020 0.287 
 283 F H   0.578 0.002 0.003 0.008 0.061 0.050 0.021 0.276 
 284 L H   0.573 0.002 0.003 0.009 0.060 0.047 0.023 0.282 
 285 Y H   0.551 0.002 0.003 0.010 0.057 0.044 0.025 0.308 
 286 E H   0.513 0.002 0.003 0.010 0.051 0.040 0.028 0.353 
 287 M H   0.456 0.002 0.003 0.010 0.042 0.036 0.031 0.421 
 288 L _   0.384 0.001 0.002 0.009 0.032 0.032 0.036 0.504 
 289 V _   0.309 0.001 0.002 0.007 0.022 0.027 0.040 0.593 
 290 G _   0.234 0.000 0.001 0.005 0.014 0.023 0.045 0.677 
 291 D _   0.169 0.000 0.001 0.004 0.009 0.020 0.049 0.748 
 292 T _   0.120 0.000 0.001 0.003 0.006 0.017 0.052 0.800 
 293 P _   0.084 0.000 0.001 0.003 0.005 0.016 0.055 0.837 
 294 F _   0.060 0.001 0.001 0.003 0.004 0.016 0.057 0.859 
 295 Y _   0.045 0.001 0.001 0.004 0.004 0.016 0.059 0.870 
 296 A _   0.035 0.003 0.001 0.006 0.005 0.017 0.060 0.872 
 297 D _   0.029 0.007 0.001 0.010 0.007 0.018 0.061 0.866 
 298 S _   0.025 0.014 0.001 0.016 0.009 0.020 0.062 0.852 
 299 L _   0.022 0.023 0.001 0.024 0.011 0.021 0.064 0.834 
 300 V _   0.020 0.032 0.001 0.031 0.013 0.021 0.065 0.817 
 301 G _   0.018 0.038 0.001 0.038 0.014 0.021 0.066 0.803 
 302 T _   0.017 0.042 0.001 0.041 0.014 0.020 0.068 0.796 
 303 Y _   0.015 0.043 0.001 0.042 0.013 0.019 0.071 0.796 
 304 S _   0.014 0.041 0.001 0.038 0.011 0.017 0.074 0.803 
 305 K _   0.012 0.038 0.001 0.032 0.009 0.015 0.078 0.814 
 306 I _   0.011 0.032 0.001 0.026 0.007 0.013 0.081 0.829 
 307 M _   0.010 0.025 0.001 0.019 0.006 0.011 0.085 0.844 
 308 D _   0.008 0.019 0.001 0.014 0.004 0.010 0.089 0.857 
 309 H _   0.007 0.013 0.000 0.010 0.003 0.008 0.092 0.866 
 310 K _   0.007 0.010 0.000 0.008 0.003 0.007 0.095 0.871 
 311 N _   0.006 0.007 0.000 0.007 0.002 0.007 0.097 0.874 
 312 S _   0.006 0.006 0.000 0.006 0.002 0.007 0.099 0.875 
 313 L _   0.006 0.005 0.000 0.006 0.002 0.007 0.100 0.874 
 314 C _   0.005 0.004 0.000 0.007 0.002 0.007 0.102 0.873 
 315 F _   0.005 0.004 0.000 0.007 0.002 0.007 0.102 0.872 
 316 P _   0.005 0.004 0.000 0.007 0.002 0.007 0.103 0.871 
 317 E _   0.005 0.003 0.000 0.007 0.002 0.008 0.103 0.871 
 318 D _   0.005 0.003 0.000 0.006 0.002 0.008 0.103 0.871 
 319 A _   0.006 0.004 0.000 0.006 0.002 0.010 0.103 0.870 
 320 E _   0.007 0.004 0.000 0.005 0.002 0.011 0.102 0.868 
 321 I _   0.009 0.005 0.000 0.005 0.003 0.014 0.102 0.863 
 322 S _   0.012 0.006 0.000 0.006 0.004 0.018 0.100 0.853 
 323 K _   0.017 0.009 0.001 0.007 0.006 0.024 0.099 0.837 
 324 H _   0.025 0.016 0.001 0.010 0.011 0.031 0.097 0.810 
 325 A _   0.035 0.030 0.001 0.015 0.017 0.039 0.095 0.768 
 326 K _   0.044 0.052 0.002 0.023 0.025 0.046 0.092 0.715 
 327 N _   0.052 0.080 0.002 0.033 0.033 0.052 0.090 0.658 
 328 L _   0.059 0.105 0.002 0.044 0.039 0.055 0.088 0.609 
 329 I _   0.063 0.123 0.002 0.052 0.041 0.055 0.087 0.576 
 330 C _   0.065 0.133 0.002 0.057 0.041 0.053 0.088 0.560 
 331 A _   0.064 0.136 0.002 0.059 0.039 0.050 0.089 0.561 
 332 F _   0.060 0.134 0.002 0.056 0.035 0.046 0.090 0.577 
 333 L _   0.055 0.125 0.002 0.048 0.030 0.041 0.092 0.606 
 334 T _   0.049 0.111 0.002 0.038 0.024 0.035 0.095 0.646 
 335 D _   0.042 0.091 0.002 0.028 0.018 0.030 0.098 0.691 
 336 R _   0.036 0.070 0.001 0.019 0.012 0.025 0.101 0.735 
 337 E _   0.030 0.054 0.001 0.012 0.008 0.021 0.104 0.770 
 338 V _   0.024 0.044 0.001 0.008 0.006 0.018 0.106 0.794 
 339 R _   0.020 0.038 0.000 0.006 0.004 0.016 0.107 0.808 
 340 L _   0.017 0.037 0.000 0.005 0.004 0.015 0.108 0.814 
 341 G _   0.015 0.037 0.000 0.006 0.004 0.014 0.109 0.815 
 342 R _   0.013 0.040 0.000 0.008 0.004 0.015 0.109 0.811 
 343 N _   0.013 0.046 0.001 0.011 0.005 0.015 0.109 0.801 
 344 G _   0.012 0.055 0.001 0.015 0.006 0.016 0.109 0.787 
 345 V _   0.012 0.065 0.001 0.020 0.008 0.016 0.108 0.770 
 346 E _   0.012 0.075 0.001 0.025 0.009 0.017 0.108 0.754 
 347 E _   0.011 0.083 0.001 0.029 0.009 0.017 0.109 0.741 
 348 I _   0.011 0.088 0.001 0.031 0.010 0.016 0.109 0.733 
 349 R _   0.011 0.090 0.001 0.032 0.009 0.016 0.111 0.730 
 350 Q _   0.010 0.090 0.001 0.031 0.009 0.014 0.112 0.732 
 351 H _   0.009 0.087 0.001 0.028 0.008 0.013 0.115 0.739 
 352 P _   0.009 0.082 0.001 0.025 0.007 0.012 0.118 0.748 
 353 F _   0.008 0.075 0.001 0.020 0.005 0.011 0.121 0.759 
 354 F _   0.007 0.067 0.001 0.015 0.004 0.009 0.124 0.772 
 355 K _   0.007 0.059 0.000 0.011 0.003 0.008 0.127 0.783 
 356 N _   0.006 0.052 0.000 0.008 0.003 0.008 0.130 0.792 
 357 D _   0.006 0.048 0.000 0.006 0.002 0.007 0.132 0.798 
 358 Q _   0.005 0.046 0.000 0.005 0.002 0.007 0.134 0.800 
 359 W _   0.005 0.046 0.000 0.005 0.002 0.007 0.135 0.800 
 360 H _   0.005 0.048 0.000 0.006 0.002 0.008 0.135 0.795 
 361 W _   0.006 0.054 0.000 0.007 0.003 0.010 0.135 0.785 
 362 D _   0.007 0.065 0.001 0.010 0.004 0.012 0.134 0.767 
 363 N _   0.008 0.086 0.001 0.014 0.006 0.014 0.133 0.738 
 364 I _   0.009 0.116 0.001 0.021 0.008 0.016 0.130 0.698 
 365 R _   0.010 0.157 0.001 0.028 0.011 0.018 0.128 0.647 
 366 E _   0.010 0.199 0.001 0.036 0.012 0.019 0.126 0.596 
 367 T _   0.009 0.235 0.001 0.044 0.014 0.020 0.124 0.553 
 368 A _   0.009 0.262 0.001 0.050 0.014 0.020 0.123 0.521 
 369 A _   0.008 0.279 0.001 0.055 0.014 0.019 0.124 0.500 
 370 P _   0.008 0.289 0.001 0.057 0.014 0.018 0.125 0.488 
 371 V _   0.008 0.292 0.001 0.057 0.013 0.017 0.127 0.485 
 372 V _   0.008 0.289 0.001 0.054 0.012 0.016 0.130 0.489 
 373 P _   0.008 0.280 0.001 0.050 0.011 0.015 0.135 0.501 
 374 E _   0.008 0.263 0.001 0.044 0.009 0.014 0.141 0.520 
 375 L _   0.008 0.238 0.001 0.037 0.008 0.013 0.148 0.547 
 376 S _   0.008 0.207 0.001 0.030 0.007 0.012 0.155 0.581 
 377 S _   0.007 0.172 0.001 0.024 0.006 0.010 0.164 0.616 
 378 D _   0.007 0.142 0.001 0.018 0.004 0.009 0.171 0.647 
 379 I _   0.006 0.117 0.001 0.015 0.003 0.009 0.178 0.671 
 380 D _   0.006 0.099 0.000 0.012 0.003 0.008 0.184 0.688 
 381 S _   0.006 0.086 0.000 0.010 0.002 0.007 0.188 0.700 
 382 S _   0.005 0.078 0.000 0.009 0.002 0.006 0.192 0.709 
 383 N _   0.005 0.071 0.000 0.008 0.002 0.006 0.194 0.715 
 384 F _   0.004 0.068 0.000 0.007 0.002 0.006 0.195 0.719 
 385 D _   0.004 0.065 0.000 0.007 0.001 0.005 0.195 0.722 
 386 D _   0.004 0.064 0.000 0.006 0.001 0.005 0.195 0.724 
 387 I _   0.003 0.065 0.000 0.006 0.001 0.006 0.194 0.725 
 388 E _   0.003 0.066 0.000 0.006 0.002 0.006 0.192 0.725 
 389 D _   0.003 0.070 0.000 0.007 0.002 0.007 0.189 0.722 
 390 D _   0.003 0.077 0.000 0.008 0.002 0.008 0.186 0.716 
 391 K _   0.004 0.089 0.000 0.010 0.003 0.009 0.181 0.704 
 392 G _   0.005 0.107 0.001 0.013 0.004 0.011 0.176 0.684 
 393 D _   0.005 0.134 0.001 0.017 0.005 0.013 0.169 0.656 
 394 V _   0.006 0.170 0.001 0.021 0.007 0.015 0.163 0.620 
 395 E _   0.006 0.211 0.001 0.024 0.008 0.016 0.156 0.579 
 396 T _   0.006 0.251 0.001 0.026 0.009 0.017 0.149 0.540 
 397 F _   0.006 0.288 0.001 0.027 0.009 0.018 0.144 0.507 
 398 P _   0.006 0.319 0.001 0.027 0.009 0.018 0.140 0.479 
 399 I _   0.006 0.343 0.001 0.026 0.010 0.019 0.136 0.458 
 400 P _   0.007 0.362 0.001 0.025 0.010 0.020 0.134 0.443 
 401 K _   0.008 0.377 0.001 0.023 0.010 0.020 0.132 0.430 
 402 A _   0.008 0.390 0.001 0.021 0.010 0.021 0.131 0.418 
 403 F _   0.009 0.401 0.001 0.019 0.011 0.022 0.129 0.407 
 404 V E   0.011 0.413 0.001 0.018 0.011 0.023 0.129 0.395 
 405 G E   0.012 0.424 0.001 0.018 0.012 0.024 0.128 0.381 
 406 N E   0.013 0.437 0.001 0.019 0.013 0.024 0.128 0.365 
 407 Q E   0.014 0.449 0.001 0.021 0.014 0.025 0.128 0.349 
 408 L E   0.014 0.460 0.001 0.023 0.015 0.025 0.128 0.335 
 409 P E   0.015 0.468 0.001 0.025 0.015 0.024 0.129 0.322 
 410 F E   0.015 0.473 0.001 0.028 0.016 0.024 0.130 0.314 
 411 I E   0.015 0.474 0.001 0.030 0.016 0.023 0.132 0.310 
 412 G E   0.014 0.470 0.001 0.032 0.015 0.022 0.135 0.311 
 413 F E   0.014 0.461 0.001 0.033 0.015 0.020 0.138 0.318 
 414 T E   0.013 0.444 0.001 0.033 0.014 0.019 0.143 0.331 
 415 Y E   0.013 0.417 0.001 0.032 0.014 0.018 0.150 0.354 
 416 Y _   0.013 0.379 0.002 0.031 0.013 0.017 0.159 0.387 
 417 R _   0.012 0.331 0.002 0.029 0.012 0.016 0.169 0.429 
 418 E _   0.012 0.278 0.001 0.026 0.010 0.015 0.182 0.476 
 419 N _   0.011 0.224 0.001 0.022 0.009 0.014 0.195 0.523 
 420 L _   0.011 0.177 0.001 0.019 0.007 0.013 0.208 0.565 
 421 L _   0.010 0.139 0.001 0.016 0.006 0.012 0.219 0.599 
 422 L _   0.009 0.111 0.001 0.013 0.004 0.011 0.229 0.623 
 423 S _   0.008 0.091 0.001 0.011 0.004 0.010 0.237 0.640 
 424 D _   0.007 0.077 0.000 0.010 0.003 0.009 0.243 0.650 
 425 S _   0.007 0.067 0.000 0.010 0.003 0.008 0.249 0.656 
 426 P _   0.006 0.060 0.000 0.010 0.003 0.008 0.254 0.659 
 427 S _   0.006 0.054 0.000 0.011 0.003 0.008 0.259 0.660 
 428 C _   0.006 0.049 0.000 0.011 0.003 0.008 0.263 0.660 
 429 R _   0.006 0.045 0.000 0.011 0.003 0.007 0.267 0.661 
 430 E _   0.005 0.040 0.000 0.011 0.003 0.007 0.271 0.662 
 431 T _   0.005 0.036 0.000 0.011 0.002 0.007 0.274 0.665 
 432 D _   0.005 0.032 0.000 0.010 0.002 0.006 0.277 0.668 
 433 S _   0.004 0.029 0.000 0.008 0.002 0.006 0.279 0.672 
 434 I _   0.004 0.026 0.000 0.007 0.002 0.005 0.280 0.676 
 435 Q _   0.004 0.024 0.000 0.006 0.001 0.005 0.281 0.679 
 436 S _   0.003 0.022 0.000 0.005 0.001 0.005 0.282 0.681 
 437 R _   0.003 0.022 0.000 0.005 0.001 0.005 0.281 0.683 
 438 K _   0.003 0.022 0.000 0.005 0.001 0.005 0.280 0.683 
 439 N _   0.003 0.024 0.000 0.005 0.001 0.005 0.279 0.682 
 440 E _   0.003 0.027 0.000 0.006 0.002 0.006 0.276 0.679 
 441 E _   0.004 0.033 0.000 0.008 0.002 0.008 0.273 0.672 
 442 S _   0.004 0.042 0.000 0.011 0.003 0.009 0.268 0.662 
 443 Q _   0.005 0.055 0.001 0.015 0.004 0.011 0.263 0.646 
 444 E _   0.005 0.071 0.001 0.020 0.005 0.012 0.258 0.628 
 445 I _   0.006 0.088 0.001 0.025 0.007 0.013 0.252 0.608 
 446 Q _   0.006 0.104 0.001 0.031 0.008 0.014 0.248 0.589 
 447 K _   0.006 0.115 0.001 0.035 0.009 0.015 0.244 0.574 
 448 K _   0.007 0.123 0.001 0.039 0.009 0.015 0.242 0.565 
 449 L _   0.007 0.126 0.001 0.041 0.010 0.015 0.240 0.560 
 450 Y _   0.007 0.126 0.001 0.040 0.009 0.015 0.240 0.561 
 451 T _   0.007 0.123 0.001 0.037 0.009 0.014 0.241 0.567 
 452 L _   0.007 0.117 0.001 0.033 0.008 0.013 0.243 0.579 
 453 E _   0.007 0.106 0.001 0.028 0.007 0.012 0.246 0.594 
 454 E _   0.007 0.092 0.001 0.022 0.006 0.011 0.250 0.613 
 455 H _   0.007 0.077 0.001 0.017 0.005 0.010 0.253 0.631 
 456 L _   0.006 0.062 0.001 0.013 0.004 0.009 0.257 0.648 
 457 S _   0.006 0.050 0.000 0.010 0.003 0.008 0.260 0.662 
 458 N _   0.006 0.041 0.000 0.008 0.003 0.007 0.262 0.672 
 459 E _   0.005 0.035 0.000 0.007 0.002 0.007 0.264 0.678 
 460 M _   0.005 0.031 0.000 0.007 0.002 0.007 0.266 0.682 
 461 Q _   0.005 0.028 0.000 0.007 0.002 0.007 0.267 0.684 
 462 A _   0.005 0.026 0.000 0.007 0.002 0.007 0.268 0.685 
 463 K _   0.005 0.024 0.000 0.008 0.002 0.007 0.268 0.685 
 464 E _   0.005 0.024 0.000 0.008 0.002 0.007 0.269 0.685 
 465 E _   0.005 0.023 0.000 0.008 0.003 0.007 0.269 0.685 
 466 L _   0.005 0.022 0.000 0.009 0.003 0.007 0.269 0.685 
 467 E _   0.005 0.022 0.000 0.009 0.003 0.007 0.269 0.685 
 468 Q _   0.005 0.022 0.000 0.009 0.003 0.007 0.269 0.684 
 469 K _   0.005 0.022 0.000 0.010 0.003 0.008 0.269 0.683 
 470 C _   0.005 0.022 0.000 0.010 0.003 0.008 0.270 0.682 
 471 K _   0.005 0.022 0.000 0.010 0.003 0.008 0.270 0.680 
 472 S _   0.006 0.022 0.000 0.011 0.003 0.008 0.271 0.679 
 473 V _   0.006 0.022 0.000 0.011 0.003 0.008 0.272 0.677 
 474 N _   0.006 0.022 0.000 0.011 0.003 0.008 0.273 0.676 
 475 T _   0.006 0.022 0.000 0.010 0.003 0.008 0.274 0.676 
 476 R _   0.006 0.022 0.000 0.009 0.003 0.008 0.275 0.677 
 477 L _   0.005 0.022 0.000 0.008 0.003 0.008 0.276 0.677 
 478 E _   0.005 0.022 0.000 0.007 0.003 0.008 0.277 0.677 
 479 K _   0.005 0.022 0.000 0.007 0.003 0.008 0.277 0.677 
 480 T _   0.006 0.024 0.000 0.007 0.003 0.009 0.278 0.674 
 481 A _   0.006 0.026 0.000 0.007 0.003 0.010 0.278 0.670 
 482 K _   0.007 0.029 0.000 0.008 0.004 0.011 0.278 0.663 
 483 E _   0.007 0.033 0.001 0.010 0.005 0.012 0.278 0.654 
 484 L _   0.008 0.039 0.001 0.011 0.005 0.013 0.279 0.644 
 485 E _   0.009 0.045 0.001 0.013 0.006 0.014 0.279 0.632 
 486 E _   0.010 0.051 0.001 0.015 0.007 0.016 0.280 0.620 
 487 E _   0.010 0.057 0.001 0.017 0.008 0.016 0.281 0.610 
 488 I _   0.011 0.062 0.001 0.018 0.008 0.017 0.282 0.601 
 489 T _   0.011 0.065 0.001 0.018 0.009 0.018 0.284 0.594 
 490 L _   0.012 0.068 0.001 0.018 0.009 0.018 0.287 0.588 
 491 R _   0.012 0.069 0.001 0.018 0.009 0.018 0.290 0.583 
 492 K _   0.012 0.070 0.001 0.017 0.009 0.018 0.294 0.578 
 493 S _   0.013 0.071 0.001 0.017 0.009 0.018 0.298 0.573 
 494 V _   0.013 0.071 0.001 0.018 0.009 0.018 0.303 0.568 
 495 E _   0.013 0.071 0.001 0.018 0.009 0.018 0.309 0.561 
 496 S _   0.014 0.070 0.001 0.019 0.009 0.017 0.315 0.555 
 497 A _   0.014 0.069 0.001 0.020 0.009 0.017 0.322 0.549 
 498 L _   0.013 0.067 0.001 0.020 0.009 0.016 0.329 0.544 
 499 R _   0.013 0.064 0.001 0.020 0.008 0.015 0.338 0.541 
 500 Q _   0.012 0.060 0.001 0.019 0.007 0.014 0.347 0.540 
 501 L _   0.011 0.055 0.001 0.018 0.007 0.013 0.357 0.539 
 502 E _   0.010 0.048 0.001 0.016 0.006 0.012 0.367 0.540 
 503 R _   0.009 0.042 0.001 0.014 0.005 0.011 0.378 0.540 
 504 E _   0.008 0.035 0.001 0.013 0.004 0.010 0.389 0.540 
 505 K _   0.008 0.029 0.000 0.011 0.004 0.009 0.400 0.539 
 506 A _   0.007 0.024 0.000 0.010 0.003 0.008 0.410 0.537 
 507 L _   0.007 0.020 0.000 0.009 0.003 0.007 0.420 0.534 
 508 L _   0.006 0.016 0.000 0.008 0.003 0.007 0.430 0.531 
 509 Q _   0.006 0.013 0.000 0.007 0.002 0.006 0.438 0.527 
 510 H _   0.005 0.011 0.000 0.007 0.002 0.006 0.446 0.522 
 511 K _   0.005 0.009 0.000 0.007 0.002 0.005 0.453 0.518 
 512 N _   0.005 0.008 0.000 0.007 0.002 0.005 0.460 0.513 
 513 A _   0.004 0.007 0.000 0.007 0.002 0.005 0.466 0.509 
 514 E _   0.004 0.006 0.000 0.006 0.002 0.005 0.472 0.505 
 515 Y _   0.004 0.005 0.000 0.006 0.002 0.005 0.477 0.501 
 516 Q _   0.004 0.004 0.000 0.006 0.002 0.004 0.481 0.498 
 517 R _   0.004 0.004 0.000 0.006 0.001 0.004 0.485 0.496 
 518 K _   0.003 0.003 0.000 0.005 0.001 0.004 0.488 0.495 
 519 A _   0.003 0.003 0.000 0.005 0.001 0.004 0.490 0.494 
 520 D _   0.003 0.002 0.000 0.004 0.001 0.003 0.492 0.494 
 521 H _   0.003 0.002 0.000 0.004 0.001 0.003 0.492 0.494 
 522 E _   0.002 0.002 0.000 0.004 0.001 0.003 0.492 0.495 
 523 A _   0.002 0.002 0.000 0.004 0.001 0.003 0.492 0.496 
 524 D _   0.002 0.002 0.000 0.004 0.001 0.003 0.490 0.497 
 525 K _   0.002 0.003 0.000 0.005 0.001 0.004 0.488 0.498 
 526 K _   0.002 0.003 0.000 0.005 0.001 0.004 0.486 0.499 
 527 R _   0.002 0.004 0.000 0.006 0.001 0.004 0.483 0.499 
 528 N _   0.002 0.005 0.000 0.007 0.002 0.005 0.479 0.500 
 529 L _   0.003 0.006 0.000 0.008 0.002 0.005 0.476 0.501 
 530 E _   0.003 0.007 0.000 0.009 0.002 0.005 0.472 0.501 
 531 N _   0.003 0.008 0.000 0.010 0.002 0.005 0.469 0.503 
 532 D _   0.003 0.009 0.000 0.011 0.002 0.006 0.465 0.504 
 533 V _   0.003 0.010 0.000 0.012 0.002 0.006 0.462 0.505 
 534 N _   0.003 0.010 0.000 0.012 0.002 0.006 0.459 0.507 
 535 S _   0.003 0.010 0.000 0.012 0.002 0.006 0.457 0.509 
 536 L _   0.003 0.010 0.000 0.012 0.002 0.006 0.455 0.511 
 537 K _   0.003 0.010 0.000 0.012 0.002 0.006 0.453 0.513 
 538 D _   0.003 0.010 0.000 0.011 0.002 0.006 0.452 0.516 
 539 Q _   0.003 0.009 0.000 0.010 0.002 0.005 0.450 0.519 
 540 L _   0.003 0.009 0.000 0.009 0.002 0.005 0.449 0.523 
 541 E _   0.003 0.008 0.000 0.008 0.002 0.005 0.447 0.527 
 542 D _   0.003 0.007 0.000 0.007 0.002 0.005 0.445 0.532 
 543 L _   0.003 0.007 0.000 0.006 0.001 0.004 0.443 0.536 
 544 K _   0.003 0.006 0.000 0.005 0.001 0.004 0.440 0.540 
 545 K _   0.003 0.006 0.000 0.004 0.001 0.004 0.437 0.544 
 546 R _   0.003 0.006 0.000 0.004 0.001 0.004 0.433 0.548 
 547 N _   0.003 0.007 0.000 0.004 0.001 0.004 0.429 0.551 
 548 Q _   0.003 0.008 0.000 0.005 0.002 0.005 0.424 0.553 
 549 N _   0.003 0.009 0.000 0.006 0.002 0.006 0.419 0.555 
 550 S _   0.004 0.012 0.000 0.007 0.002 0.006 0.412 0.556 
 551 Q _   0.004 0.015 0.000 0.009 0.003 0.007 0.406 0.555 
 552 I _   0.004 0.019 0.000 0.012 0.004 0.008 0.399 0.553 
 553 S _   0.005 0.024 0.000 0.014 0.004 0.009 0.392 0.551 
 554 T _   0.005 0.028 0.001 0.017 0.005 0.010 0.386 0.548 
 555 E _   0.005 0.032 0.001 0.020 0.005 0.010 0.380 0.547 
 556 K _   0.005 0.035 0.001 0.021 0.006 0.011 0.375 0.547 
 557 V _   0.005 0.037 0.001 0.022 0.006 0.010 0.371 0.549 
 558 N _   0.005 0.037 0.001 0.020 0.005 0.010 0.368 0.553 
 559 Q _   0.005 0.036 0.001 0.018 0.005 0.010 0.366 0.560 
 560 L _   0.005 0.035 0.001 0.016 0.004 0.009 0.364 0.567 
 561 Q _   0.005 0.032 0.000 0.013 0.004 0.008 0.362 0.575 
 562 R _   0.005 0.030 0.000 0.010 0.003 0.008 0.361 0.582 
 563 Q _   0.005 0.028 0.000 0.008 0.003 0.008 0.360 0.588 
 564 L _   0.005 0.026 0.000 0.007 0.003 0.008 0.359 0.593 
 565 D _   0.005 0.025 0.000 0.007 0.003 0.008 0.357 0.595 
 566 E _   0.005 0.025 0.000 0.007 0.003 0.008 0.356 0.595 
 567 T _   0.006 0.026 0.000 0.008 0.003 0.009 0.354 0.594 
 568 N _   0.006 0.027 0.000 0.009 0.004 0.009 0.353 0.592 
 569 A _   0.007 0.028 0.000 0.011 0.004 0.010 0.351 0.589 
 570 L _   0.007 0.029 0.001 0.013 0.005 0.010 0.350 0.587 
 571 L _   0.007 0.030 0.001 0.014 0.005 0.010 0.348 0.586 
 572 R _   0.007 0.030 0.001 0.014 0.005 0.010 0.348 0.586 
 573 T _   0.007 0.030 0.001 0.014 0.005 0.010 0.347 0.587 
 574 E _   0.007 0.029 0.001 0.013 0.005 0.010 0.347 0.589 
 575 S _   0.007 0.027 0.000 0.012 0.004 0.009 0.347 0.592 
 576 D _   0.007 0.026 0.000 0.012 0.004 0.009 0.348 0.595 
 577 T _   0.007 0.024 0.000 0.011 0.004 0.009 0.349 0.597 
 578 A _   0.007 0.022 0.000 0.010 0.004 0.009 0.349 0.598 
 579 A _   0.007 0.021 0.000 0.010 0.004 0.008 0.350 0.600 
 580 R _   0.007 0.019 0.000 0.009 0.003 0.008 0.352 0.601 
 581 L _   0.007 0.018 0.000 0.009 0.003 0.008 0.353 0.602 
 582 R _   0.007 0.017 0.000 0.008 0.003 0.008 0.353 0.604 
 583 K _   0.006 0.015 0.000 0.008 0.003 0.007 0.354 0.606 
 584 T _   0.006 0.014 0.000 0.007 0.003 0.007 0.355 0.608 
 585 Q _   0.006 0.014 0.000 0.007 0.002 0.007 0.355 0.609 
 586 A _   0.006 0.013 0.000 0.007 0.003 0.007 0.355 0.609 
 587 E _   0.006 0.013 0.000 0.008 0.003 0.007 0.355 0.608 
 588 S _   0.006 0.014 0.000 0.009 0.003 0.007 0.355 0.606 
 589 S _   0.006 0.014 0.000 0.011 0.003 0.008 0.355 0.603 
 590 K _   0.006 0.014 0.000 0.013 0.004 0.008 0.355 0.600 
 591 Q _   0.006 0.015 0.000 0.014 0.004 0.008 0.356 0.597 
 592 I _   0.006 0.014 0.000 0.015 0.004 0.008 0.357 0.596 
 593 Q _   0.006 0.014 0.000 0.014 0.003 0.007 0.358 0.597 
 594 Q _   0.006 0.012 0.000 0.013 0.003 0.007 0.359 0.600 
 595 L _   0.006 0.010 0.000 0.010 0.002 0.006 0.360 0.605 
 596 E _   0.005 0.008 0.000 0.008 0.002 0.005 0.361 0.610 
 597 S _   0.004 0.006 0.000 0.006 0.002 0.004 0.362 0.616 
 598 N _   0.004 0.005 0.000 0.004 0.001 0.004 0.361 0.621 
 599 N _   0.003 0.004 0.000 0.003 0.001 0.003 0.360 0.625 
 600 R _   0.003 0.004 0.000 0.002 0.001 0.003 0.358 0.629 
 601 D _   0.003 0.004 0.000 0.002 0.001 0.003 0.355 0.631 
 602 L _   0.003 0.005 0.000 0.003 0.001 0.004 0.351 0.633 
 603 Q _   0.004 0.007 0.000 0.004 0.001 0.005 0.346 0.633 
 604 D _   0.004 0.012 0.000 0.006 0.002 0.007 0.339 0.629 
 605 K _   0.005 0.022 0.000 0.010 0.003 0.009 0.330 0.621 
 606 N _   0.005 0.038 0.001 0.014 0.005 0.011 0.318 0.607 
 607 C _   0.006 0.059 0.001 0.020 0.006 0.013 0.306 0.589 
 608 L _   0.006 0.080 0.001 0.025 0.007 0.015 0.294 0.572 
 609 L _   0.006 0.098 0.001 0.029 0.008 0.015 0.283 0.558 
 610 E _   0.006 0.111 0.001 0.031 0.009 0.016 0.274 0.551 
 611 T _   0.006 0.120 0.001 0.032 0.009 0.016 0.267 0.550 
 612 A _   0.006 0.125 0.001 0.031 0.009 0.016 0.261 0.552 
 613 K _   0.006 0.127 0.001 0.029 0.008 0.016 0.256 0.557 
 614 L _   0.007 0.128 0.001 0.026 0.008 0.016 0.252 0.563 
 615 K _   0.007 0.126 0.001 0.023 0.008 0.015 0.249 0.571 
 616 L _   0.008 0.124 0.001 0.020 0.007 0.015 0.247 0.578 
 617 E _   0.008 0.121 0.001 0.019 0.007 0.015 0.245 0.584 
 618 K _   0.009 0.118 0.001 0.018 0.007 0.015 0.244 0.590 
 619 E _   0.009 0.115 0.001 0.017 0.007 0.014 0.243 0.594 
 620 F _   0.010 0.112 0.001 0.017 0.007 0.014 0.242 0.598 
 621 I _   0.010 0.108 0.001 0.018 0.007 0.014 0.242 0.601 
 622 N _   0.011 0.104 0.001 0.018 0.007 0.014 0.242 0.605 
 623 L _   0.011 0.099 0.001 0.018 0.007 0.013 0.242 0.610 
 624 Q _   0.011 0.092 0.001 0.018 0.006 0.012 0.243 0.616 
 625 S _   0.010 0.084 0.001 0.017 0.006 0.012 0.244 0.626 
 626 A _   0.010 0.074 0.001 0.016 0.005 0.011 0.245 0.638 
 627 L _   0.009 0.063 0.001 0.014 0.005 0.010 0.246 0.652 
 628 E _   0.009 0.052 0.001 0.011 0.004 0.009 0.248 0.667 
 629 S _   0.008 0.042 0.000 0.009 0.003 0.008 0.249 0.680 
 630 E _   0.007 0.034 0.000 0.007 0.003 0.007 0.249 0.692 
 631 R _   0.006 0.029 0.000 0.005 0.002 0.007 0.249 0.701 
 632 R _   0.006 0.025 0.000 0.004 0.002 0.006 0.249 0.707 
 633 D _   0.005 0.024 0.000 0.004 0.002 0.006 0.247 0.711 
 634 R _   0.005 0.024 0.000 0.004 0.002 0.007 0.246 0.713 
 635 T _   0.005 0.025 0.000 0.005 0.002 0.007 0.243 0.712 
 636 H _   0.006 0.029 0.000 0.006 0.003 0.009 0.240 0.707 
 637 G _   0.006 0.036 0.000 0.009 0.004 0.010 0.237 0.698 
 638 S _   0.007 0.047 0.001 0.012 0.005 0.012 0.232 0.683 
 639 E _   0.008 0.063 0.001 0.017 0.007 0.014 0.227 0.663 
 640 I _   0.008 0.081 0.001 0.023 0.008 0.015 0.222 0.641 
 641 I _   0.009 0.099 0.001 0.029 0.010 0.017 0.217 0.619 
 642 N _   0.009 0.115 0.001 0.035 0.011 0.018 0.212 0.599 
 643 D _   0.009 0.127 0.001 0.039 0.012 0.018 0.209 0.584 
 644 L _   0.010 0.135 0.001 0.043 0.012 0.018 0.207 0.574 
 645 Q _   0.010 0.139 0.001 0.045 0.012 0.018 0.206 0.571 
 646 G _   0.010 0.139 0.001 0.044 0.012 0.017 0.206 0.572 
 647 R _   0.010 0.135 0.001 0.042 0.011 0.016 0.207 0.580 
 648 I _   0.009 0.127 0.001 0.037 0.009 0.014 0.208 0.594 
 649 C _   0.009 0.114 0.001 0.030 0.008 0.013 0.211 0.615 
 650 G _   0.008 0.098 0.001 0.023 0.006 0.011 0.214 0.639 
 651 L _   0.008 0.080 0.001 0.016 0.005 0.009 0.216 0.665 
 652 E _   0.007 0.063 0.000 0.011 0.003 0.008 0.219 0.689 
 653 E _   0.006 0.051 0.000 0.007 0.002 0.007 0.220 0.707 
 654 D _   0.005 0.044 0.000 0.005 0.002 0.006 0.221 0.717 
 655 L _   0.005 0.041 0.000 0.004 0.001 0.006 0.220 0.722 
 656 K _   0.005 0.041 0.000 0.004 0.002 0.006 0.220 0.723 
 657 N _   0.005 0.044 0.000 0.005 0.002 0.008 0.218 0.718 
 658 G _   0.006 0.051 0.000 0.008 0.003 0.009 0.216 0.707 
 659 K _   0.007 0.064 0.001 0.013 0.005 0.011 0.213 0.687 
 660 I _   0.008 0.083 0.001 0.019 0.006 0.013 0.209 0.661 
 661 L _   0.008 0.102 0.001 0.027 0.008 0.014 0.206 0.634 
 662 L _   0.008 0.118 0.001 0.033 0.009 0.015 0.203 0.614 
 663 A _   0.008 0.127 0.001 0.037 0.009 0.015 0.202 0.601 
