#TopoPred_TM8: 8-state transmembrane topology prediction results by no_profile mode 
#probabilities are in the order of H E C I L F X _, the 8 transmembrane topology types used in PDBTM 
   1 M X   0.011 0.001 0.002 0.057 0.009 0.009 0.765 0.145 
   2 G X   0.004 0.001 0.000 0.035 0.002 0.005 0.787 0.167 
   3 N X   0.001 0.001 0.000 0.019 0.001 0.003 0.792 0.184 
   4 A X   0.001 0.001 0.000 0.012 0.000 0.002 0.789 0.194 
   5 A X   0.001 0.001 0.000 0.010 0.001 0.003 0.783 0.201 
   6 A X   0.002 0.002 0.000 0.008 0.001 0.004 0.774 0.210 
   7 A X   0.002 0.003 0.000 0.008 0.001 0.005 0.762 0.220 
   8 K X   0.002 0.005 0.000 0.008 0.001 0.006 0.746 0.231 
   9 K X   0.003 0.008 0.000 0.010 0.002 0.007 0.726 0.244 
  10 G X   0.003 0.013 0.000 0.012 0.003 0.009 0.702 0.258 
  11 S X   0.003 0.021 0.001 0.016 0.004 0.010 0.675 0.270 
  12 E X   0.003 0.032 0.001 0.022 0.005 0.012 0.645 0.281 
  13 Q X   0.004 0.045 0.001 0.027 0.006 0.013 0.615 0.289 
  14 E X   0.004 0.058 0.001 0.033 0.007 0.014 0.586 0.296 
  15 S X   0.004 0.070 0.001 0.038 0.008 0.015 0.560 0.303 
  16 V X   0.005 0.079 0.001 0.042 0.009 0.015 0.539 0.311 
  17 K X   0.005 0.085 0.001 0.045 0.009 0.015 0.520 0.320 
  18 E X   0.005 0.089 0.001 0.045 0.009 0.015 0.506 0.331 
  19 F X   0.005 0.089 0.001 0.043 0.008 0.014 0.494 0.345 
  20 L X   0.005 0.088 0.001 0.039 0.008 0.013 0.485 0.362 
  21 A X   0.005 0.083 0.001 0.033 0.007 0.012 0.477 0.382 
  22 K X   0.005 0.076 0.001 0.027 0.006 0.011 0.470 0.403 
  23 A X   0.005 0.067 0.001 0.021 0.005 0.010 0.465 0.425 
  24 K X   0.005 0.058 0.001 0.017 0.004 0.009 0.460 0.446 
  25 E _   0.005 0.049 0.000 0.013 0.003 0.009 0.455 0.465 
  26 D _   0.005 0.041 0.000 0.011 0.003 0.008 0.451 0.481 
  27 F _   0.005 0.035 0.000 0.009 0.003 0.008 0.446 0.494 
  28 L _   0.005 0.030 0.000 0.008 0.003 0.007 0.441 0.505 
  29 K _   0.005 0.027 0.000 0.008 0.002 0.007 0.435 0.515 
  30 K _   0.005 0.024 0.000 0.008 0.002 0.007 0.430 0.524 
  31 W _   0.005 0.022 0.000 0.007 0.002 0.007 0.423 0.533 
  32 E _   0.005 0.020 0.000 0.007 0.002 0.006 0.417 0.542 
  33 S _   0.005 0.019 0.000 0.007 0.002 0.006 0.410 0.551 
  34 P _   0.005 0.018 0.000 0.007 0.002 0.006 0.402 0.560 
  35 A _   0.005 0.017 0.000 0.006 0.002 0.007 0.394 0.569 
  36 Q _   0.005 0.017 0.000 0.006 0.002 0.007 0.385 0.577 
  37 N _   0.005 0.018 0.000 0.007 0.003 0.008 0.375 0.585 
  38 T _   0.005 0.019 0.000 0.007 0.003 0.008 0.365 0.592 
  39 A _   0.005 0.021 0.000 0.008 0.003 0.010 0.354 0.598 
  40 H _   0.006 0.024 0.001 0.010 0.004 0.011 0.342 0.602 
  41 L _   0.006 0.028 0.001 0.011 0.005 0.013 0.330 0.605 
  42 D _   0.007 0.034 0.001 0.013 0.006 0.014 0.318 0.607 
  43 Q _   0.008 0.040 0.001 0.015 0.007 0.016 0.305 0.608 
  44 F _   0.009 0.046 0.001 0.017 0.008 0.018 0.293 0.609 
  45 E _   0.010 0.052 0.001 0.018 0.009 0.020 0.281 0.609 
  46 R _   0.011 0.058 0.001 0.019 0.010 0.022 0.270 0.611 
  47 I _   0.012 0.063 0.001 0.019 0.010 0.023 0.259 0.612 
  48 K _   0.013 0.068 0.001 0.019 0.011 0.025 0.249 0.614 
  49 T _   0.015 0.072 0.001 0.019 0.012 0.027 0.240 0.614 
  50 L _   0.017 0.077 0.001 0.019 0.013 0.028 0.231 0.613 
  51 G _   0.019 0.082 0.001 0.020 0.015 0.030 0.223 0.610 
  52 T _   0.022 0.088 0.001 0.022 0.016 0.032 0.215 0.604 
  53 G _   0.024 0.095 0.001 0.025 0.018 0.033 0.207 0.597 
  54 S _   0.025 0.101 0.001 0.029 0.020 0.033 0.201 0.590 
  55 F _   0.026 0.106 0.001 0.034 0.021 0.033 0.195 0.584 
  56 G _   0.027 0.109 0.002 0.037 0.021 0.032 0.190 0.581 
  57 R _   0.026 0.110 0.002 0.040 0.021 0.031 0.186 0.585 
  58 V _   0.026 0.108 0.001 0.040 0.019 0.029 0.183 0.595 
  59 M _   0.024 0.102 0.001 0.037 0.017 0.026 0.180 0.613 
  60 L _   0.022 0.092 0.001 0.032 0.014 0.023 0.178 0.639 
  61 V _   0.019 0.078 0.001 0.025 0.011 0.020 0.176 0.669 
  62 K _   0.017 0.062 0.001 0.019 0.008 0.017 0.175 0.701 
  63 H _   0.014 0.046 0.001 0.014 0.006 0.014 0.174 0.731 
  64 K _   0.012 0.033 0.001 0.010 0.005 0.012 0.172 0.755 
  65 E _   0.010 0.025 0.000 0.008 0.004 0.011 0.170 0.772 
  66 T _   0.009 0.020 0.000 0.006 0.003 0.010 0.168 0.783 
  67 G _   0.008 0.018 0.000 0.006 0.003 0.010 0.166 0.788 
  68 N _   0.008 0.017 0.000 0.007 0.003 0.010 0.163 0.791 
  69 H _   0.008 0.016 0.000 0.009 0.004 0.010 0.160 0.793 
  70 Y _   0.008 0.016 0.000 0.010 0.004 0.010 0.157 0.793 
  71 A _   0.008 0.017 0.001 0.012 0.004 0.010 0.154 0.794 
  72 M _   0.008 0.017 0.001 0.013 0.005 0.010 0.151 0.796 
  73 K _   0.008 0.016 0.001 0.013 0.005 0.010 0.148 0.799 
  74 I _   0.008 0.016 0.001 0.012 0.004 0.010 0.146 0.803 
  75 L _   0.007 0.015 0.001 0.011 0.004 0.010 0.143 0.809 
  76 D _   0.007 0.014 0.000 0.010 0.004 0.010 0.140 0.814 
  77 K _   0.007 0.013 0.000 0.010 0.004 0.010 0.138 0.818 
  78 Q _   0.008 0.013 0.000 0.009 0.004 0.010 0.135 0.821 
  79 K _   0.008 0.013 0.000 0.009 0.004 0.011 0.133 0.822 
  80 V _   0.008 0.013 0.001 0.010 0.004 0.011 0.130 0.822 
  81 V _   0.009 0.013 0.001 0.011 0.005 0.012 0.127 0.822 
  82 K _   0.009 0.014 0.001 0.013 0.005 0.013 0.125 0.820 
  83 L _   0.010 0.014 0.001 0.014 0.006 0.013 0.123 0.820 
  84 K _   0.010 0.014 0.001 0.015 0.006 0.013 0.120 0.821 
  85 Q _   0.010 0.014 0.001 0.014 0.006 0.013 0.118 0.823 
  86 I _   0.010 0.013 0.001 0.013 0.006 0.013 0.116 0.827 
  87 E _   0.010 0.012 0.001 0.012 0.005 0.014 0.115 0.832 
  88 H _   0.010 0.011 0.001 0.010 0.005 0.014 0.113 0.836 
  89 T _   0.011 0.010 0.001 0.009 0.005 0.014 0.111 0.839 
  90 L _   0.012 0.009 0.001 0.008 0.005 0.015 0.110 0.841 
  91 N _   0.013 0.009 0.001 0.007 0.005 0.016 0.108 0.841 
  92 E _   0.016 0.009 0.001 0.007 0.005 0.018 0.106 0.838 
  93 K _   0.018 0.010 0.001 0.008 0.006 0.020 0.104 0.833 
  94 R _   0.021 0.011 0.001 0.009 0.007 0.023 0.102 0.826 
  95 I _   0.025 0.014 0.001 0.010 0.009 0.025 0.101 0.816 
  96 L _   0.029 0.017 0.001 0.012 0.011 0.028 0.099 0.805 
  97 Q _   0.033 0.020 0.001 0.013 0.013 0.031 0.096 0.792 
  98 A _   0.037 0.025 0.001 0.016 0.016 0.034 0.094 0.777 
  99 V _   0.040 0.031 0.001 0.019 0.018 0.036 0.092 0.761 
 100 N _   0.043 0.037 0.001 0.024 0.021 0.037 0.091 0.746 
 101 F _   0.044 0.042 0.002 0.028 0.023 0.038 0.089 0.734 
 102 P _   0.045 0.046 0.002 0.033 0.023 0.037 0.088 0.725 
 103 F _   0.044 0.048 0.002 0.037 0.023 0.036 0.088 0.723 
 104 L _   0.041 0.048 0.002 0.038 0.021 0.033 0.088 0.728 
 105 V _   0.038 0.046 0.001 0.037 0.018 0.030 0.088 0.741 
 106 K _   0.032 0.041 0.001 0.032 0.015 0.026 0.089 0.763 
 107 L _   0.027 0.033 0.001 0.026 0.011 0.021 0.090 0.790 
 108 E _   0.022 0.024 0.001 0.018 0.008 0.017 0.090 0.819 
 109 F _   0.018 0.015 0.001 0.012 0.005 0.014 0.091 0.846 
 110 S _   0.014 0.008 0.000 0.007 0.003 0.011 0.090 0.867 
 111 F _   0.011 0.004 0.000 0.004 0.002 0.009 0.089 0.880 
 112 K _   0.009 0.002 0.000 0.003 0.002 0.008 0.088 0.888 
 113 D _   0.008 0.002 0.000 0.002 0.002 0.009 0.087 0.891 
 114 N _   0.009 0.002 0.000 0.002 0.002 0.010 0.085 0.890 
 115 S _   0.011 0.003 0.000 0.004 0.003 0.013 0.082 0.884 
 116 N _   0.014 0.006 0.001 0.006 0.005 0.017 0.079 0.872 
 117 L _   0.017 0.014 0.001 0.011 0.008 0.021 0.075 0.852 
 118 Y _   0.020 0.027 0.001 0.018 0.012 0.026 0.071 0.826 
 119 M _   0.023 0.041 0.001 0.025 0.015 0.030 0.067 0.798 
 120 V _   0.024 0.054 0.001 0.031 0.018 0.033 0.063 0.776 
 121 M _   0.025 0.063 0.001 0.035 0.019 0.036 0.059 0.762 
 122 E _   0.025 0.068 0.001 0.035 0.020 0.037 0.056 0.757 
 123 Y _   0.026 0.070 0.001 0.033 0.020 0.037 0.053 0.759 
 124 V _   0.026 0.070 0.001 0.030 0.019 0.038 0.051 0.764 
 125 P _   0.027 0.069 0.001 0.026 0.019 0.038 0.049 0.771 
 126 G _   0.028 0.067 0.001 0.023 0.018 0.037 0.047 0.779 
 127 G _   0.029 0.065 0.001 0.020 0.017 0.037 0.045 0.786 
 128 E _   0.029 0.064 0.001 0.020 0.016 0.036 0.044 0.790 
 129 M _   0.030 0.063 0.001 0.020 0.016 0.036 0.042 0.792 
 130 F _   0.029 0.062 0.001 0.022 0.016 0.035 0.041 0.794 
 131 S _   0.029 0.060 0.001 0.024 0.017 0.034 0.040 0.796 
 132 H _   0.028 0.058 0.001 0.026 0.016 0.032 0.039 0.799 
 133 L _   0.028 0.055 0.001 0.027 0.016 0.030 0.038 0.806 
 134 R _   0.027 0.050 0.001 0.026 0.014 0.028 0.037 0.816 
 135 R _   0.027 0.043 0.001 0.024 0.013 0.026 0.036 0.831 
 136 I _   0.027 0.034 0.001 0.020 0.011 0.023 0.036 0.848 
 137 G _   0.029 0.024 0.001 0.015 0.009 0.021 0.035 0.866 
 138 R _   0.031 0.015 0.001 0.011 0.007 0.019 0.034 0.882 
 139 F _   0.036 0.007 0.001 0.007 0.005 0.018 0.034 0.892 
 140 S _   0.044 0.003 0.001 0.005 0.004 0.018 0.032 0.893 
 141 E _   0.058 0.001 0.000 0.003 0.004 0.018 0.031 0.884 
 142 P _   0.080 0.000 0.001 0.002 0.005 0.020 0.029 0.863 
 143 H _   0.114 0.000 0.001 0.002 0.006 0.023 0.028 0.827 
 144 A _   0.162 0.000 0.001 0.002 0.008 0.027 0.026 0.774 
 145 R _   0.225 0.000 0.001 0.002 0.013 0.033 0.023 0.703 
 146 F _   0.296 0.000 0.001 0.003 0.019 0.039 0.021 0.621 
 147 Y _   0.364 0.000 0.002 0.004 0.027 0.044 0.019 0.540 
 148 A _   0.424 0.000 0.002 0.005 0.036 0.048 0.018 0.467 
 149 A H   0.473 0.001 0.002 0.006 0.043 0.051 0.016 0.407 
 150 Q H   0.509 0.001 0.002 0.007 0.049 0.052 0.016 0.364 
 151 I H   0.532 0.002 0.002 0.008 0.052 0.051 0.015 0.336 
 152 V H   0.543 0.002 0.002 0.009 0.053 0.050 0.016 0.325 
 153 L H   0.540 0.002 0.002 0.009 0.053 0.048 0.016 0.329 
 154 T H   0.525 0.002 0.002 0.009 0.050 0.045 0.017 0.350 
 155 F H   0.495 0.002 0.002 0.008 0.045 0.043 0.018 0.387 
 156 E H   0.451 0.002 0.002 0.008 0.040 0.040 0.019 0.439 
 157 Y _   0.396 0.002 0.002 0.008 0.033 0.037 0.021 0.502 
 158 L _   0.333 0.001 0.002 0.008 0.027 0.034 0.023 0.573 
 159 H _   0.272 0.001 0.002 0.009 0.021 0.031 0.025 0.639 
 160 S _   0.217 0.001 0.001 0.009 0.016 0.028 0.027 0.700 
 161 L _   0.168 0.001 0.001 0.010 0.013 0.025 0.030 0.752 
 162 D _   0.126 0.002 0.001 0.011 0.010 0.022 0.032 0.797 
 163 L _   0.091 0.002 0.001 0.011 0.008 0.019 0.033 0.835 
 164 I _   0.065 0.002 0.001 0.010 0.006 0.016 0.035 0.865 
 165 Y _   0.046 0.001 0.001 0.009 0.005 0.014 0.036 0.888 
 166 R _   0.032 0.001 0.001 0.008 0.004 0.012 0.037 0.906 
 167 D _   0.023 0.001 0.000 0.006 0.003 0.010 0.037 0.918 
 168 L _   0.017 0.001 0.000 0.005 0.003 0.009 0.038 0.927 
 169 K _   0.013 0.001 0.000 0.005 0.002 0.009 0.038 0.932 
 170 P _   0.011 0.001 0.000 0.004 0.002 0.009 0.038 0.934 
 171 E _   0.010 0.002 0.000 0.005 0.003 0.009 0.038 0.934 
 172 N _   0.010 0.003 0.000 0.005 0.003 0.010 0.037 0.931 
 173 L _   0.011 0.005 0.000 0.007 0.004 0.011 0.036 0.926 
 174 L _   0.012 0.008 0.001 0.008 0.004 0.013 0.036 0.919 
 175 I _   0.012 0.011 0.001 0.010 0.005 0.014 0.035 0.911 
 176 D _   0.013 0.015 0.001 0.013 0.006 0.016 0.034 0.903 
 177 Q _   0.014 0.020 0.001 0.014 0.007 0.017 0.033 0.894 
 178 Q _   0.014 0.024 0.001 0.016 0.008 0.018 0.032 0.887 
 179 G _   0.015 0.028 0.001 0.017 0.009 0.019 0.031 0.880 
 180 Y _   0.015 0.032 0.001 0.019 0.010 0.020 0.030 0.873 
 181 I _   0.016 0.036 0.001 0.020 0.011 0.021 0.029 0.867 
 182 Q _   0.017 0.039 0.001 0.021 0.011 0.021 0.028 0.863 
 183 V _   0.017 0.041 0.001 0.021 0.011 0.022 0.028 0.859 
 184 T _   0.017 0.042 0.001 0.022 0.011 0.022 0.027 0.858 
 185 D _   0.017 0.043 0.001 0.021 0.011 0.021 0.027 0.858 
 186 F _   0.017 0.043 0.001 0.020 0.010 0.021 0.026 0.862 
 187 G _   0.016 0.042 0.001 0.019 0.009 0.020 0.026 0.867 
 188 F _   0.015 0.041 0.001 0.017 0.008 0.019 0.025 0.874 
 189 A _   0.015 0.039 0.001 0.015 0.008 0.018 0.025 0.880 
 190 K _   0.014 0.038 0.001 0.013 0.007 0.018 0.025 0.885 
 191 R _   0.014 0.036 0.001 0.012 0.007 0.017 0.024 0.889 
 192 V _   0.013 0.036 0.001 0.012 0.007 0.017 0.023 0.890 
 193 K _   0.013 0.036 0.001 0.013 0.007 0.017 0.023 0.890 
 194 G _   0.014 0.036 0.001 0.014 0.007 0.017 0.022 0.888 
 195 R _   0.014 0.037 0.001 0.015 0.008 0.017 0.022 0.887 
 196 T _   0.013 0.037 0.001 0.017 0.008 0.017 0.021 0.886 
 197 W _   0.013 0.037 0.001 0.017 0.008 0.017 0.021 0.887 
 198 T _   0.013 0.036 0.001 0.017 0.008 0.016 0.021 0.889 
 199 L _   0.012 0.034 0.001 0.016 0.007 0.016 0.020 0.894 
 200 C _   0.012 0.032 0.001 0.015 0.007 0.015 0.020 0.899 
 201 G _   0.011 0.030 0.001 0.013 0.007 0.015 0.019 0.903 
 202 T _   0.012 0.029 0.001 0.012 0.006 0.015 0.019 0.907 
 203 P _   0.012 0.027 0.001 0.012 0.006 0.015 0.018 0.908 
 204 E _   0.012 0.026 0.001 0.013 0.007 0.016 0.018 0.907 
 205 Y _   0.013 0.026 0.001 0.015 0.008 0.017 0.017 0.904 
 206 L _   0.014 0.026 0.001 0.017 0.008 0.017 0.017 0.900 
 207 A _   0.015 0.026 0.001 0.020 0.009 0.018 0.016 0.895 
 208 P _   0.016 0.025 0.001 0.022 0.010 0.018 0.016 0.892 
 209 E _   0.017 0.024 0.001 0.023 0.010 0.018 0.015 0.892 
 210 I _   0.019 0.022 0.001 0.022 0.009 0.017 0.015 0.895 
 211 I _   0.022 0.018 0.001 0.019 0.008 0.016 0.015 0.901 
 212 L _   0.027 0.013 0.001 0.015 0.007 0.014 0.014 0.909 
 213 S _   0.033 0.007 0.001 0.010 0.006 0.013 0.014 0.916 
 214 K _   0.044 0.003 0.001 0.006 0.004 0.012 0.013 0.917 
 215 G _   0.060 0.001 0.000 0.003 0.004 0.011 0.012 0.908 
 216 Y _   0.088 0.000 0.000 0.002 0.004 0.011 0.011 0.885 
 217 N _   0.131 0.000 0.000 0.001 0.004 0.011 0.010 0.842 
 218 K _   0.203 0.000 0.001 0.001 0.005 0.012 0.008 0.770 
 219 A _   0.308 0.000 0.001 0.001 0.007 0.014 0.007 0.663 
 220 V _   0.435 0.000 0.001 0.001 0.010 0.015 0.005 0.533 
 221 D H   0.565 0.000 0.001 0.001 0.013 0.017 0.004 0.400 
 222 W H   0.675 0.000 0.001 0.001 0.016 0.017 0.003 0.286 
 223 W H   0.754 0.000 0.001 0.001 0.019 0.017 0.003 0.205 
 224 A H   0.807 0.000 0.001 0.001 0.021 0.016 0.002 0.151 
 225 L H   0.837 0.000 0.001 0.001 0.023 0.015 0.002 0.120 
 226 G H   0.851 0.000 0.001 0.001 0.024 0.014 0.002 0.106 
 227 V H   0.853 0.000 0.001 0.001 0.024 0.013 0.003 0.104 
 228 L H   0.841 0.000 0.001 0.001 0.025 0.013 0.003 0.115 
 229 I H   0.816 0.000 0.002 0.002 0.025 0.013 0.004 0.138 
 230 Y H   0.773 0.000 0.002 0.002 0.024 0.013 0.005 0.180 
 231 E H   0.709 0.000 0.002 0.002 0.023 0.014 0.008 0.243 
 232 M H   0.622 0.000 0.002 0.003 0.020 0.014 0.011 0.329 
 233 A H   0.521 0.000 0.002 0.003 0.016 0.014 0.015 0.429 
 234 A _   0.414 0.000 0.001 0.003 0.013 0.014 0.019 0.535 
 235 G _   0.312 0.000 0.001 0.004 0.010 0.014 0.024 0.635 
 236 Y _   0.226 0.000 0.001 0.004 0.008 0.013 0.029 0.720 
 237 P _   0.158 0.000 0.001 0.004 0.006 0.012 0.033 0.786 
 238 P _   0.109 0.000 0.001 0.004 0.005 0.012 0.036 0.833 
 239 F _   0.075 0.001 0.001 0.004 0.004 0.012 0.039 0.865 
 240 F _   0.053 0.001 0.000 0.004 0.004 0.012 0.041 0.884 
 241 A _   0.039 0.002 0.000 0.005 0.004 0.013 0.043 0.894 
 242 D _   0.030 0.004 0.001 0.006 0.004 0.014 0.045 0.897 
 243 Q _   0.025 0.008 0.001 0.007 0.005 0.016 0.046 0.892 
 244 P _   0.022 0.016 0.001 0.009 0.006 0.018 0.047 0.881 
 245 I _   0.021 0.027 0.001 0.012 0.008 0.020 0.048 0.863 
 246 Q _   0.020 0.043 0.001 0.016 0.010 0.022 0.049 0.839 
 247 I _   0.019 0.063 0.001 0.021 0.012 0.024 0.050 0.811 
 248 Y _   0.019 0.084 0.001 0.025 0.014 0.025 0.051 0.780 
 249 E _   0.019 0.105 0.001 0.030 0.016 0.026 0.052 0.751 
 250 K _   0.018 0.123 0.001 0.035 0.017 0.027 0.053 0.726 
 251 I _   0.018 0.137 0.001 0.039 0.018 0.027 0.055 0.705 
 252 V _   0.017 0.146 0.001 0.041 0.018 0.027 0.057 0.692 
 253 S _   0.017 0.152 0.001 0.043 0.018 0.026 0.060 0.684 
 254 G _   0.016 0.154 0.001 0.043 0.017 0.024 0.063 0.682 
 255 K _   0.016 0.152 0.001 0.041 0.015 0.022 0.067 0.686 
 256 V _   0.015 0.147 0.001 0.038 0.013 0.020 0.071 0.695 
 257 R _   0.013 0.138 0.001 0.033 0.011 0.018 0.076 0.710 
 258 F _   0.012 0.125 0.001 0.027 0.009 0.016 0.081 0.729 
 259 P _   0.011 0.109 0.001 0.021 0.007 0.014 0.087 0.751 
 260 S _   0.010 0.093 0.001 0.016 0.006 0.012 0.092 0.771 
 261 H _   0.008 0.080 0.001 0.012 0.004 0.011 0.097 0.787 
 262 F _   0.007 0.069 0.000 0.009 0.003 0.010 0.102 0.799 
 263 S _   0.007 0.062 0.000 0.007 0.003 0.009 0.105 0.806 
 264 S _   0.006 0.059 0.000 0.006 0.002 0.009 0.109 0.808 
 265 D _   0.007 0.058 0.000 0.006 0.003 0.010 0.111 0.806 
 266 L _   0.007 0.060 0.000 0.006 0.003 0.011 0.113 0.799 
 267 K _   0.008 0.064 0.000 0.008 0.004 0.012 0.115 0.788 
 268 D _   0.009 0.073 0.001 0.011 0.005 0.014 0.117 0.770 
 269 L _   0.011 0.085 0.001 0.016 0.007 0.017 0.118 0.745 
 270 L _   0.012 0.101 0.001 0.021 0.009 0.019 0.120 0.717 
 271 R _   0.013 0.116 0.001 0.028 0.011 0.021 0.122 0.688 
 272 N _   0.014 0.129 0.001 0.034 0.013 0.022 0.125 0.663 
 273 L _   0.014 0.138 0.001 0.038 0.014 0.022 0.128 0.644 
 274 L _   0.014 0.143 0.001 0.041 0.014 0.022 0.132 0.632 
 275 Q _   0.014 0.144 0.001 0.042 0.014 0.021 0.137 0.627 
 276 V _   0.014 0.142 0.001 0.041 0.013 0.020 0.143 0.627 
 277 D _   0.014 0.136 0.001 0.038 0.012 0.019 0.149 0.631 
 278 L _   0.013 0.126 0.001 0.034 0.011 0.017 0.157 0.640 
 279 T _   0.013 0.113 0.001 0.029 0.009 0.016 0.166 0.653 
 280 K _   0.012 0.097 0.001 0.024 0.008 0.014 0.176 0.667 
 281 R _   0.011 0.081 0.001 0.021 0.007 0.013 0.186 0.681 
 282 F _   0.010 0.065 0.001 0.017 0.006 0.011 0.195 0.694 
 283 G _   0.009 0.051 0.001 0.014 0.005 0.010 0.205 0.706 
 284 N _   0.008 0.039 0.001 0.012 0.004 0.009 0.214 0.714 
 285 L _   0.007 0.030 0.000 0.009 0.003 0.008 0.221 0.720 
 286 K _   0.006 0.023 0.000 0.008 0.003 0.007 0.228 0.725 
 287 N _   0.006 0.019 0.000 0.006 0.002 0.006 0.233 0.727 
 288 G _   0.005 0.016 0.000 0.005 0.002 0.006 0.238 0.729 
 289 V _   0.005 0.014 0.000 0.004 0.002 0.006 0.241 0.728 
 290 N _   0.004 0.013 0.000 0.004 0.002 0.006 0.244 0.727 
 291 D _   0.004 0.013 0.000 0.004 0.002 0.007 0.246 0.723 
 292 I _   0.005 0.015 0.000 0.004 0.002 0.008 0.248 0.718 
 293 K _   0.006 0.018 0.000 0.005 0.003 0.011 0.249 0.708 
 294 N _   0.008 0.024 0.000 0.007 0.004 0.014 0.249 0.694 
 295 H _   0.010 0.036 0.001 0.010 0.006 0.018 0.249 0.671 
 296 K _   0.012 0.055 0.001 0.015 0.009 0.022 0.248 0.638 
 297 W _   0.014 0.081 0.001 0.020 0.013 0.026 0.247 0.597 
 298 F _   0.016 0.112 0.001 0.027 0.016 0.030 0.246 0.552 
 299 A _   0.017 0.141 0.002 0.033 0.020 0.032 0.246 0.508 
 300 T _   0.019 0.166 0.002 0.039 0.022 0.034 0.247 0.472 
 301 T _   0.020 0.184 0.002 0.043 0.024 0.035 0.249 0.444 
 302 D _   0.021 0.195 0.002 0.045 0.025 0.035 0.253 0.425 
 303 W _   0.022 0.201 0.002 0.045 0.024 0.034 0.258 0.415 
 304 I _   0.022 0.202 0.002 0.043 0.023 0.033 0.264 0.411 
 305 A _   0.022 0.199 0.002 0.040 0.021 0.031 0.272 0.413 
 306 I _   0.022 0.192 0.001 0.035 0.019 0.029 0.281 0.421 
 307 Y _   0.021 0.181 0.001 0.030 0.017 0.027 0.291 0.433 
 308 Q _   0.020 0.167 0.001 0.024 0.014 0.025 0.302 0.446 
 309 R _   0.019 0.153 0.001 0.020 0.012 0.023 0.314 0.458 
 310 K _   0.017 0.141 0.001 0.017 0.010 0.021 0.326 0.467 
 311 V _   0.016 0.131 0.001 0.016 0.009 0.020 0.337 0.471 
 312 E _   0.014 0.124 0.001 0.016 0.008 0.018 0.348 0.473 
 313 A _   0.012 0.118 0.001 0.016 0.007 0.017 0.358 0.470 
 314 P _   0.011 0.114 0.001 0.018 0.007 0.016 0.368 0.464 
 315 F _   0.011 0.110 0.001 0.020 0.007 0.015 0.379 0.458 
 316 I _   0.010 0.105 0.001 0.022 0.007 0.014 0.391 0.451 
 317 P _   0.009 0.098 0.001 0.023 0.007 0.012 0.404 0.446 
 318 K _   0.008 0.090 0.001 0.022 0.006 0.011 0.419 0.443 
 319 F _   0.007 0.079 0.001 0.020 0.006 0.010 0.434 0.443 
 320 K X   0.006 0.067 0.001 0.017 0.005 0.008 0.450 0.446 
 321 G X   0.005 0.054 0.001 0.014 0.004 0.007 0.466 0.450 
 322 P X   0.005 0.042 0.000 0.010 0.003 0.006 0.481 0.453 
 323 G X   0.004 0.033 0.000 0.007 0.002 0.005 0.494 0.455 
 324 D X   0.003 0.026 0.000 0.005 0.001 0.004 0.504 0.456 
 325 T X   0.003 0.023 0.000 0.004 0.001 0.003 0.512 0.454 
 326 S X   0.003 0.021 0.000 0.003 0.001 0.003 0.518 0.451 
 327 N X   0.002 0.021 0.000 0.003 0.001 0.003 0.522 0.447 
 328 F X   0.002 0.022 0.000 0.003 0.001 0.004 0.525 0.442 
 329 D X   0.002 0.025 0.000 0.005 0.001 0.005 0.527 0.434 
 330 D X   0.003 0.030 0.000 0.007 0.002 0.006 0.529 0.424 
 331 Y X   0.003 0.039 0.000 0.010 0.003 0.007 0.529 0.409 
 332 E X   0.003 0.051 0.000 0.015 0.003 0.008 0.530 0.390 
 333 E X   0.003 0.065 0.001 0.019 0.004 0.009 0.530 0.370 
 334 E X   0.003 0.078 0.001 0.024 0.005 0.009 0.530 0.350 
 335 E X   0.003 0.088 0.001 0.028 0.005 0.010 0.532 0.334 
 336 I X   0.003 0.095 0.001 0.030 0.006 0.010 0.535 0.321 
 337 R X   0.003 0.100 0.001 0.032 0.006 0.010 0.539 0.311 
 338 V X   0.003 0.102 0.001 0.032 0.006 0.010 0.544 0.302 
 339 S X   0.003 0.103 0.001 0.031 0.006 0.010 0.551 0.296 
 340 I X   0.004 0.101 0.001 0.029 0.006 0.010 0.559 0.290 
 341 N X   0.004 0.098 0.001 0.027 0.005 0.009 0.570 0.286 
 342 E X   0.004 0.094 0.001 0.024 0.005 0.009 0.581 0.283 
 343 K X   0.004 0.088 0.001 0.022 0.005 0.008 0.592 0.281 
 344 C X   0.003 0.082 0.000 0.019 0.004 0.007 0.604 0.280 
 345 G X   0.003 0.075 0.000 0.016 0.003 0.006 0.616 0.280 
 346 K X   0.002 0.066 0.000 0.013 0.003 0.004 0.629 0.282 
 347 E X   0.001 0.056 0.000 0.010 0.002 0.002 0.641 0.287 
 348 F X   0.001 0.044 0.000 0.006 0.001 0.001 0.651 0.296 
 349 S X   0.000 0.035 0.000 0.004 0.000 0.000 0.654 0.306 
 350 E X   0.000 0.031 0.000 0.005 0.000 0.000 0.652 0.311 
 351 F X   0.002 0.029 0.001 0.012 0.003 0.002 0.639 0.311 
