#TopoPred_TM8: 8-state transmembrane topology prediction results by no_profile mode 
#probabilities are in the order of H E C I L F X _, the 8 transmembrane topology types used in PDBTM 
   1 M X   0.016 0.003 0.002 0.069 0.010 0.011 0.623 0.265 
   2 E X   0.005 0.002 0.000 0.041 0.002 0.005 0.639 0.306 
   3 E X   0.001 0.002 0.000 0.022 0.001 0.003 0.640 0.332 
   4 E X   0.001 0.003 0.000 0.016 0.001 0.003 0.633 0.344 
   5 G X   0.001 0.005 0.000 0.016 0.001 0.004 0.621 0.351 
   6 G X   0.002 0.010 0.000 0.019 0.002 0.007 0.602 0.358 
   7 S X   0.003 0.019 0.000 0.025 0.003 0.010 0.578 0.362 
   8 S X   0.004 0.033 0.001 0.034 0.004 0.012 0.545 0.366 
   9 G X   0.004 0.052 0.001 0.045 0.006 0.014 0.509 0.369 
  10 G X   0.004 0.071 0.001 0.055 0.007 0.015 0.471 0.376 
  11 A X   0.004 0.087 0.001 0.060 0.008 0.015 0.438 0.388 
  12 A X   0.004 0.097 0.001 0.059 0.008 0.014 0.411 0.406 
  13 G _   0.004 0.102 0.001 0.053 0.007 0.013 0.390 0.430 
  14 T _   0.003 0.105 0.001 0.044 0.006 0.012 0.372 0.457 
  15 S _   0.003 0.104 0.001 0.034 0.005 0.010 0.357 0.486 
  16 A _   0.003 0.103 0.001 0.025 0.004 0.009 0.344 0.512 
  17 D _   0.003 0.101 0.000 0.018 0.003 0.009 0.332 0.534 
  18 G _   0.003 0.100 0.000 0.014 0.003 0.009 0.320 0.552 
  19 G _   0.003 0.102 0.000 0.012 0.003 0.009 0.307 0.564 
  20 D _   0.004 0.105 0.000 0.012 0.003 0.010 0.294 0.572 
  21 G _   0.004 0.112 0.001 0.015 0.004 0.011 0.279 0.575 
  22 G _   0.005 0.123 0.001 0.019 0.005 0.013 0.262 0.573 
  23 E _   0.005 0.137 0.001 0.025 0.007 0.015 0.244 0.566 
  24 Q _   0.006 0.152 0.001 0.032 0.008 0.016 0.226 0.559 
  25 L _   0.006 0.165 0.001 0.038 0.009 0.017 0.210 0.554 
  26 L _   0.006 0.173 0.001 0.043 0.010 0.018 0.196 0.553 
  27 T _   0.006 0.179 0.001 0.045 0.011 0.018 0.184 0.557 
  28 V _   0.006 0.180 0.001 0.045 0.011 0.018 0.174 0.566 
  29 K _   0.006 0.178 0.001 0.043 0.011 0.017 0.165 0.580 
  30 H _   0.006 0.172 0.001 0.039 0.010 0.017 0.158 0.597 
  31 E _   0.007 0.163 0.001 0.035 0.009 0.016 0.153 0.617 
  32 L _   0.007 0.151 0.001 0.030 0.009 0.015 0.148 0.638 
  33 R _   0.007 0.137 0.001 0.026 0.008 0.015 0.144 0.662 
  34 T _   0.008 0.121 0.001 0.023 0.007 0.014 0.140 0.686 
  35 A _   0.008 0.105 0.001 0.020 0.007 0.014 0.137 0.709 
  36 N _   0.008 0.090 0.001 0.017 0.006 0.014 0.133 0.730 
  37 L _   0.008 0.077 0.001 0.015 0.006 0.014 0.130 0.749 
  38 T _   0.009 0.065 0.001 0.013 0.005 0.014 0.127 0.766 
  39 G _   0.009 0.055 0.001 0.012 0.005 0.014 0.124 0.780 
  40 H _   0.010 0.047 0.001 0.010 0.005 0.014 0.121 0.792 
  41 A _   0.010 0.041 0.001 0.009 0.005 0.015 0.118 0.801 
  42 E _   0.011 0.037 0.001 0.009 0.005 0.016 0.115 0.807 
  43 K _   0.012 0.033 0.001 0.009 0.005 0.017 0.112 0.811 
  44 V _   0.014 0.032 0.001 0.009 0.006 0.019 0.108 0.813 
  45 G _   0.016 0.031 0.001 0.009 0.006 0.021 0.105 0.812 
  46 I _   0.018 0.031 0.001 0.010 0.008 0.023 0.101 0.808 
  47 E _   0.021 0.032 0.001 0.012 0.009 0.026 0.097 0.802 
  48 N _   0.024 0.034 0.001 0.014 0.012 0.029 0.093 0.794 
  49 F _   0.027 0.036 0.001 0.016 0.014 0.032 0.090 0.786 
  50 E _   0.029 0.038 0.001 0.018 0.016 0.034 0.086 0.777 
  51 L _   0.031 0.040 0.001 0.020 0.017 0.036 0.083 0.771 
  52 L _   0.034 0.041 0.001 0.021 0.018 0.037 0.080 0.767 
  53 K _   0.035 0.042 0.001 0.022 0.019 0.037 0.078 0.766 
  54 V _   0.036 0.042 0.001 0.021 0.018 0.037 0.076 0.769 
  55 L _   0.038 0.041 0.001 0.019 0.017 0.036 0.074 0.773 
  56 G _   0.039 0.040 0.001 0.017 0.016 0.036 0.072 0.779 
  57 T _   0.039 0.038 0.001 0.015 0.016 0.035 0.070 0.785 
  58 G _   0.040 0.037 0.001 0.014 0.016 0.035 0.069 0.788 
  59 A _   0.040 0.036 0.001 0.014 0.016 0.035 0.068 0.790 
  60 Y _   0.041 0.036 0.001 0.015 0.016 0.034 0.067 0.790 
  61 G _   0.041 0.036 0.001 0.018 0.016 0.034 0.066 0.788 
  62 K _   0.040 0.037 0.001 0.020 0.017 0.033 0.065 0.787 
  63 V _   0.038 0.037 0.001 0.023 0.017 0.031 0.065 0.788 
  64 F _   0.036 0.036 0.001 0.024 0.016 0.029 0.065 0.792 
  65 L _   0.033 0.034 0.001 0.024 0.014 0.026 0.065 0.802 
  66 V _   0.029 0.031 0.001 0.022 0.012 0.023 0.066 0.815 
  67 R _   0.025 0.026 0.001 0.019 0.010 0.020 0.066 0.832 
  68 K _   0.021 0.021 0.001 0.015 0.008 0.017 0.066 0.851 
  69 I _   0.017 0.015 0.001 0.011 0.006 0.015 0.067 0.869 
  70 S _   0.014 0.011 0.001 0.008 0.004 0.013 0.067 0.883 
  71 G _   0.012 0.008 0.000 0.006 0.003 0.012 0.067 0.892 
  72 H _   0.011 0.006 0.000 0.004 0.003 0.011 0.066 0.898 
  73 D _   0.011 0.006 0.000 0.004 0.003 0.011 0.066 0.899 
  74 T _   0.011 0.006 0.000 0.004 0.003 0.012 0.065 0.898 
  75 G _   0.012 0.007 0.000 0.006 0.004 0.013 0.064 0.893 
  76 K _   0.013 0.010 0.001 0.007 0.005 0.015 0.063 0.886 
  77 L _   0.015 0.013 0.001 0.010 0.006 0.017 0.062 0.876 
  78 Y _   0.016 0.019 0.001 0.013 0.008 0.019 0.061 0.865 
  79 A _   0.017 0.024 0.001 0.016 0.009 0.020 0.059 0.853 
  80 M _   0.018 0.030 0.001 0.019 0.010 0.022 0.058 0.842 
  81 K _   0.019 0.035 0.001 0.021 0.011 0.023 0.057 0.833 
  82 V _   0.020 0.039 0.001 0.022 0.012 0.024 0.055 0.827 
  83 L _   0.020 0.042 0.001 0.023 0.013 0.024 0.055 0.822 
  84 K _   0.021 0.044 0.001 0.024 0.013 0.024 0.054 0.819 
  85 K _   0.021 0.046 0.001 0.025 0.013 0.024 0.053 0.818 
  86 A _   0.021 0.046 0.001 0.025 0.013 0.023 0.053 0.818 
  87 T _   0.020 0.045 0.001 0.025 0.012 0.022 0.053 0.821 
  88 I _   0.020 0.044 0.001 0.025 0.011 0.021 0.053 0.826 
  89 V _   0.019 0.041 0.001 0.023 0.010 0.019 0.054 0.833 
  90 Q _   0.018 0.036 0.001 0.021 0.009 0.018 0.054 0.844 
  91 K _   0.016 0.031 0.001 0.018 0.008 0.016 0.055 0.856 
  92 A _   0.015 0.025 0.001 0.014 0.006 0.014 0.055 0.869 
  93 K _   0.013 0.019 0.001 0.011 0.005 0.013 0.056 0.883 
  94 T _   0.012 0.013 0.001 0.008 0.004 0.012 0.056 0.894 
  95 T _   0.011 0.010 0.000 0.007 0.003 0.011 0.056 0.903 
  96 E _   0.010 0.007 0.000 0.006 0.003 0.011 0.056 0.907 
  97 H _   0.010 0.006 0.000 0.005 0.003 0.011 0.055 0.909 
  98 T _   0.010 0.005 0.000 0.006 0.003 0.011 0.055 0.908 
  99 R _   0.011 0.005 0.000 0.007 0.004 0.012 0.055 0.906 
 100 T _   0.012 0.005 0.001 0.008 0.005 0.014 0.054 0.902 
 101 E _   0.012 0.006 0.001 0.010 0.005 0.015 0.053 0.898 
 102 R _   0.013 0.007 0.001 0.012 0.006 0.016 0.053 0.893 
 103 Q _   0.014 0.007 0.001 0.013 0.007 0.017 0.052 0.890 
 104 V _   0.015 0.007 0.001 0.013 0.007 0.019 0.051 0.887 
 105 L _   0.016 0.007 0.001 0.013 0.007 0.020 0.050 0.886 
 106 E _   0.017 0.007 0.001 0.011 0.007 0.021 0.050 0.886 
 107 H _   0.020 0.006 0.001 0.010 0.007 0.022 0.049 0.885 
 108 I _   0.022 0.006 0.001 0.008 0.007 0.024 0.048 0.883 
 109 R _   0.026 0.006 0.001 0.008 0.008 0.027 0.047 0.878 
 110 Q _   0.031 0.006 0.001 0.007 0.009 0.030 0.047 0.869 
 111 S _   0.037 0.007 0.001 0.008 0.012 0.033 0.046 0.857 
 112 P _   0.043 0.009 0.001 0.010 0.015 0.037 0.045 0.840 
 113 F _   0.050 0.012 0.001 0.013 0.019 0.041 0.044 0.820 
 114 L _   0.056 0.017 0.001 0.018 0.023 0.044 0.043 0.798 
 115 V _   0.060 0.021 0.002 0.023 0.026 0.046 0.043 0.779 
 116 T _   0.062 0.024 0.002 0.028 0.028 0.047 0.042 0.766 
 117 L _   0.063 0.026 0.002 0.031 0.029 0.047 0.042 0.761 
 118 H _   0.061 0.027 0.002 0.031 0.027 0.045 0.042 0.765 
 119 Y _   0.057 0.025 0.002 0.028 0.024 0.042 0.043 0.779 
 120 A _   0.053 0.022 0.002 0.024 0.021 0.038 0.043 0.798 
 121 F _   0.048 0.018 0.001 0.018 0.017 0.035 0.043 0.820 
 122 Q _   0.043 0.013 0.001 0.013 0.013 0.032 0.044 0.841 
 123 T _   0.039 0.010 0.001 0.010 0.011 0.029 0.044 0.858 
 124 E _   0.034 0.007 0.001 0.008 0.009 0.027 0.044 0.870 
 125 T _   0.032 0.006 0.001 0.007 0.008 0.025 0.044 0.878 
 126 K _   0.031 0.006 0.001 0.007 0.007 0.024 0.044 0.881 
 127 L _   0.029 0.006 0.001 0.007 0.007 0.023 0.045 0.882 
 128 H _   0.029 0.006 0.001 0.008 0.008 0.023 0.045 0.880 
 129 L _   0.029 0.007 0.001 0.010 0.008 0.023 0.045 0.877 
 130 I _   0.029 0.008 0.001 0.011 0.009 0.024 0.045 0.873 
 131 L _   0.029 0.009 0.001 0.013 0.010 0.024 0.045 0.870 
 132 D _   0.029 0.010 0.001 0.014 0.010 0.024 0.045 0.866 
 133 Y _   0.029 0.011 0.001 0.015 0.011 0.024 0.045 0.864 
 134 I _   0.029 0.012 0.001 0.016 0.011 0.024 0.045 0.861 
 135 N _   0.029 0.013 0.001 0.017 0.011 0.024 0.045 0.860 
 136 G _   0.029 0.013 0.001 0.017 0.011 0.023 0.045 0.860 
 137 G _   0.028 0.013 0.001 0.018 0.011 0.023 0.046 0.861 
 138 E _   0.027 0.013 0.001 0.017 0.010 0.022 0.046 0.864 
 139 L _   0.025 0.012 0.001 0.017 0.009 0.020 0.047 0.869 
 140 F _   0.022 0.010 0.001 0.015 0.008 0.018 0.047 0.877 
 141 T _   0.020 0.009 0.001 0.013 0.007 0.017 0.048 0.885 
 142 H _   0.017 0.007 0.001 0.012 0.006 0.015 0.048 0.894 
 143 L _   0.015 0.005 0.001 0.010 0.005 0.014 0.049 0.902 
 144 S _   0.014 0.004 0.001 0.008 0.004 0.012 0.049 0.909 
 145 Q _   0.013 0.002 0.000 0.006 0.004 0.012 0.049 0.914 
 146 R _   0.012 0.002 0.000 0.005 0.003 0.011 0.049 0.917 
 147 E _   0.013 0.001 0.000 0.005 0.003 0.011 0.048 0.919 
 148 R _   0.014 0.001 0.000 0.004 0.003 0.012 0.048 0.918 
 149 F _   0.016 0.000 0.000 0.004 0.003 0.013 0.047 0.916 
 150 T _   0.020 0.000 0.000 0.004 0.004 0.015 0.046 0.910 
 151 E _   0.027 0.000 0.001 0.004 0.004 0.017 0.045 0.901 
 152 H _   0.037 0.000 0.001 0.004 0.005 0.021 0.044 0.888 
 153 E _   0.050 0.000 0.001 0.004 0.007 0.025 0.043 0.869 
 154 V _   0.069 0.000 0.001 0.005 0.010 0.030 0.041 0.844 
 155 Q _   0.090 0.000 0.001 0.005 0.013 0.036 0.039 0.814 
 156 I _   0.114 0.001 0.001 0.006 0.018 0.043 0.038 0.780 
 157 Y _   0.139 0.001 0.001 0.007 0.023 0.048 0.036 0.744 
 158 V _   0.163 0.001 0.002 0.009 0.028 0.053 0.035 0.709 
 159 G _   0.185 0.002 0.002 0.010 0.033 0.057 0.034 0.678 
 160 E _   0.201 0.002 0.002 0.012 0.037 0.059 0.033 0.654 
 161 I _   0.213 0.002 0.002 0.013 0.038 0.059 0.033 0.640 
 162 V _   0.219 0.002 0.002 0.013 0.037 0.058 0.033 0.636 
 163 L _   0.219 0.002 0.002 0.011 0.035 0.056 0.033 0.641 
 164 A _   0.214 0.002 0.002 0.010 0.031 0.053 0.033 0.655 
 165 L _   0.202 0.001 0.002 0.008 0.027 0.050 0.033 0.676 
 166 E _   0.188 0.001 0.001 0.007 0.023 0.047 0.034 0.699 
 167 H _   0.173 0.001 0.001 0.006 0.020 0.044 0.035 0.721 
 168 L _   0.157 0.001 0.001 0.006 0.018 0.041 0.035 0.742 
 169 H _   0.141 0.001 0.001 0.006 0.016 0.039 0.036 0.760 
 170 K _   0.126 0.001 0.001 0.007 0.015 0.037 0.037 0.776 
 171 L _   0.112 0.002 0.001 0.009 0.014 0.035 0.038 0.790 
 172 G _   0.098 0.002 0.001 0.010 0.014 0.033 0.039 0.803 
 173 I _   0.085 0.003 0.001 0.012 0.013 0.031 0.040 0.815 
 174 I _   0.073 0.004 0.001 0.013 0.013 0.028 0.041 0.827 
 175 Y _   0.061 0.004 0.001 0.015 0.012 0.026 0.042 0.838 
 176 R _   0.051 0.004 0.001 0.015 0.011 0.024 0.043 0.850 
 177 D _   0.042 0.005 0.001 0.015 0.010 0.022 0.044 0.862 
 178 I _   0.034 0.004 0.001 0.014 0.009 0.019 0.045 0.874 
 179 K _   0.027 0.004 0.001 0.013 0.007 0.017 0.046 0.885 
 180 L _   0.022 0.004 0.001 0.011 0.006 0.015 0.047 0.896 
 181 E _   0.017 0.003 0.001 0.009 0.005 0.013 0.047 0.905 
 182 N _   0.015 0.003 0.000 0.007 0.004 0.012 0.048 0.912 
 183 I _   0.013 0.003 0.000 0.006 0.003 0.011 0.048 0.917 
 184 L _   0.011 0.003 0.000 0.005 0.003 0.010 0.048 0.919 
 185 L _   0.011 0.003 0.000 0.004 0.003 0.010 0.048 0.920 
 186 D _   0.011 0.004 0.000 0.005 0.003 0.011 0.048 0.918 
 187 S _   0.012 0.006 0.000 0.006 0.004 0.013 0.047 0.912 
 188 N _   0.013 0.010 0.001 0.008 0.005 0.015 0.047 0.901 
 189 G _   0.015 0.017 0.001 0.011 0.007 0.017 0.046 0.886 
 190 H _   0.017 0.027 0.001 0.015 0.009 0.020 0.045 0.865 
 191 V _   0.018 0.039 0.001 0.021 0.012 0.022 0.044 0.842 
 192 V _   0.019 0.052 0.001 0.026 0.013 0.024 0.044 0.820 
 193 L _   0.020 0.061 0.001 0.031 0.014 0.024 0.043 0.806 
 194 T _   0.019 0.067 0.001 0.033 0.015 0.024 0.043 0.798 
 195 D _   0.018 0.071 0.001 0.034 0.014 0.024 0.043 0.795 
 196 F _   0.017 0.072 0.001 0.033 0.014 0.023 0.043 0.798 
 197 G _   0.016 0.071 0.001 0.030 0.012 0.021 0.043 0.806 
 198 L _   0.014 0.068 0.001 0.026 0.011 0.020 0.044 0.817 
 199 S _   0.013 0.063 0.001 0.022 0.009 0.018 0.044 0.829 
 200 K _   0.012 0.058 0.001 0.018 0.008 0.017 0.045 0.840 
 201 E _   0.011 0.053 0.001 0.015 0.006 0.016 0.046 0.851 
 202 F _   0.011 0.048 0.001 0.013 0.005 0.015 0.047 0.861 
 203 V _   0.010 0.045 0.001 0.010 0.005 0.015 0.047 0.868 
 204 A _   0.010 0.042 0.001 0.009 0.004 0.015 0.047 0.872 
 205 D _   0.010 0.041 0.000 0.008 0.004 0.015 0.047 0.873 
 206 E _   0.011 0.041 0.000 0.007 0.004 0.016 0.047 0.872 
 207 T _   0.013 0.043 0.001 0.007 0.005 0.018 0.047 0.867 
 208 E _   0.015 0.046 0.001 0.008 0.006 0.021 0.046 0.856 
 209 R _   0.018 0.053 0.001 0.010 0.008 0.024 0.046 0.839 
 210 A _   0.021 0.065 0.001 0.014 0.012 0.028 0.045 0.814 
 211 Y _   0.025 0.083 0.001 0.019 0.016 0.032 0.044 0.780 
 212 S _   0.028 0.108 0.002 0.026 0.021 0.035 0.043 0.738 
 213 F _   0.030 0.135 0.002 0.034 0.025 0.037 0.042 0.695 
 214 C _   0.033 0.160 0.002 0.042 0.027 0.038 0.041 0.657 
 215 G _   0.034 0.179 0.002 0.048 0.029 0.038 0.041 0.629 
 216 T _   0.034 0.190 0.002 0.053 0.029 0.037 0.042 0.613 
 217 I _   0.033 0.196 0.002 0.055 0.028 0.036 0.042 0.607 
 218 E _   0.031 0.196 0.002 0.055 0.027 0.033 0.043 0.612 
 219 Y _   0.029 0.191 0.002 0.052 0.024 0.031 0.045 0.626 
 220 M _   0.027 0.181 0.002 0.048 0.021 0.028 0.047 0.646 
 221 A _   0.024 0.165 0.002 0.043 0.017 0.025 0.050 0.674 
 222 P _   0.022 0.143 0.001 0.037 0.014 0.022 0.053 0.708 
 223 D _   0.019 0.117 0.001 0.031 0.011 0.019 0.056 0.745 
 224 I _   0.017 0.090 0.001 0.025 0.009 0.016 0.060 0.783 
 225 V _   0.015 0.063 0.001 0.019 0.007 0.013 0.063 0.820 
 226 R _   0.012 0.039 0.001 0.014 0.005 0.011 0.065 0.853 
 227 G _   0.011 0.022 0.000 0.009 0.003 0.009 0.067 0.879 
 228 G _   0.009 0.010 0.000 0.006 0.002 0.007 0.069 0.896 
 229 D _   0.009 0.004 0.000 0.004 0.002 0.006 0.069 0.906 
 230 S _   0.010 0.001 0.000 0.002 0.001 0.006 0.069 0.910 
 231 G _   0.015 0.000 0.000 0.002 0.001 0.007 0.068 0.907 
 232 H _   0.025 0.000 0.000 0.002 0.002 0.008 0.067 0.896 
 233 D _   0.048 0.000 0.000 0.002 0.003 0.011 0.065 0.872 
 234 K _   0.088 0.000 0.001 0.002 0.004 0.016 0.062 0.827 
 235 A _   0.153 0.000 0.001 0.002 0.008 0.023 0.059 0.754 
 236 V _   0.239 0.000 0.001 0.003 0.013 0.031 0.055 0.658 
 237 D _   0.333 0.000 0.001 0.004 0.022 0.039 0.051 0.550 
 238 W _   0.423 0.000 0.002 0.004 0.032 0.046 0.047 0.445 
 239 W H   0.498 0.000 0.002 0.005 0.042 0.050 0.045 0.357 
 240 S H   0.556 0.001 0.002 0.005 0.051 0.052 0.044 0.290 
 241 L H   0.596 0.001 0.002 0.006 0.057 0.052 0.044 0.243 
 242 G H   0.623 0.001 0.002 0.006 0.060 0.050 0.045 0.213 
 243 V H   0.638 0.001 0.002 0.007 0.061 0.048 0.046 0.197 
 244 L H   0.639 0.002 0.002 0.007 0.060 0.045 0.049 0.196 
 245 M H   0.626 0.002 0.003 0.007 0.057 0.042 0.053 0.210 
 246 Y H   0.598 0.002 0.003 0.008 0.053 0.039 0.059 0.240 
 247 E H   0.552 0.002 0.003 0.009 0.046 0.036 0.066 0.286 
 248 L H   0.491 0.002 0.003 0.010 0.039 0.032 0.076 0.348 
 249 L _   0.415 0.001 0.002 0.010 0.030 0.029 0.088 0.424 
 250 T _   0.333 0.001 0.002 0.010 0.022 0.025 0.101 0.505 
 251 G _   0.254 0.001 0.002 0.010 0.016 0.022 0.114 0.581 
 252 A _   0.185 0.001 0.001 0.010 0.011 0.018 0.127 0.646 
 253 S _   0.129 0.001 0.001 0.009 0.007 0.015 0.139 0.699 
 254 P _   0.085 0.001 0.001 0.008 0.005 0.012 0.148 0.740 
 255 F _   0.054 0.001 0.001 0.006 0.004 0.010 0.156 0.770 
 256 T _   0.033 0.001 0.000 0.005 0.003 0.008 0.161 0.790 
 257 V _   0.020 0.001 0.000 0.004 0.002 0.006 0.165 0.802 
 258 D _   0.012 0.001 0.000 0.003 0.001 0.006 0.168 0.809 
 259 G _   0.008 0.001 0.000 0.003 0.001 0.005 0.170 0.811 
 260 E _   0.006 0.002 0.000 0.003 0.001 0.006 0.171 0.810 
 261 K _   0.006 0.004 0.000 0.005 0.002 0.007 0.171 0.806 
 262 N _   0.006 0.009 0.000 0.007 0.003 0.009 0.171 0.796 
 263 S _   0.006 0.018 0.000 0.013 0.004 0.011 0.170 0.778 
 264 Q _   0.007 0.033 0.001 0.021 0.006 0.013 0.168 0.751 
 265 A _   0.008 0.052 0.001 0.031 0.008 0.015 0.166 0.719 
 266 E _   0.008 0.068 0.001 0.042 0.010 0.016 0.165 0.689 
 267 I _   0.008 0.080 0.001 0.049 0.011 0.017 0.165 0.668 
 268 S _   0.009 0.085 0.001 0.053 0.012 0.017 0.166 0.657 
 269 R _   0.009 0.087 0.001 0.052 0.011 0.016 0.168 0.655 
 270 R _   0.008 0.084 0.001 0.047 0.010 0.015 0.172 0.663 
 271 I _   0.008 0.078 0.001 0.038 0.009 0.014 0.176 0.677 
 272 L _   0.008 0.067 0.001 0.028 0.007 0.012 0.181 0.697 
 273 K _   0.007 0.054 0.001 0.019 0.005 0.010 0.186 0.718 
 274 S _   0.007 0.042 0.000 0.011 0.003 0.009 0.191 0.736 
 275 E _   0.006 0.034 0.000 0.007 0.002 0.008 0.195 0.747 
 276 P _   0.006 0.029 0.000 0.005 0.002 0.008 0.198 0.752 
 277 P _   0.006 0.028 0.000 0.004 0.002 0.008 0.200 0.752 
 278 Y _   0.007 0.029 0.000 0.004 0.002 0.009 0.201 0.747 
 279 P _   0.008 0.033 0.000 0.005 0.003 0.011 0.202 0.737 
 280 Q _   0.009 0.043 0.001 0.008 0.004 0.014 0.202 0.719 
 281 E _   0.011 0.061 0.001 0.013 0.007 0.017 0.201 0.690 
 282 M _   0.012 0.087 0.001 0.019 0.009 0.020 0.200 0.651 
 283 S _   0.012 0.119 0.001 0.027 0.012 0.022 0.199 0.609 
 284 A _   0.012 0.151 0.001 0.034 0.014 0.023 0.198 0.567 
 285 L _   0.012 0.176 0.001 0.041 0.015 0.023 0.198 0.533 
 286 A _   0.013 0.194 0.001 0.047 0.016 0.023 0.199 0.507 
 287 K _   0.013 0.205 0.001 0.052 0.016 0.023 0.201 0.489 
 288 D _   0.013 0.209 0.001 0.054 0.016 0.022 0.204 0.480 
 289 L _   0.013 0.208 0.001 0.054 0.015 0.021 0.209 0.479 
 290 I _   0.013 0.202 0.001 0.051 0.013 0.019 0.216 0.485 
 291 Q _   0.013 0.188 0.001 0.045 0.012 0.018 0.224 0.499 
 292 R _   0.013 0.165 0.001 0.038 0.010 0.016 0.234 0.523 
 293 L _   0.012 0.134 0.001 0.030 0.008 0.014 0.246 0.555 
 294 L _   0.012 0.098 0.001 0.022 0.006 0.012 0.258 0.592 
 295 M _   0.011 0.066 0.001 0.015 0.005 0.010 0.268 0.626 
 296 K _   0.009 0.043 0.000 0.010 0.003 0.008 0.277 0.650 
 297 D _   0.008 0.029 0.000 0.007 0.002 0.007 0.283 0.664 
 298 P _   0.006 0.021 0.000 0.005 0.002 0.006 0.288 0.672 
 299 K _   0.006 0.017 0.000 0.004 0.001 0.005 0.291 0.675 
 300 K _   0.005 0.016 0.000 0.004 0.001 0.005 0.292 0.676 
 301 R _   0.005 0.015 0.000 0.004 0.001 0.005 0.293 0.676 
 302 L _   0.005 0.015 0.000 0.005 0.001 0.005 0.293 0.675 
 303 G _   0.004 0.016 0.000 0.005 0.002 0.006 0.292 0.674 
 304 C _   0.004 0.018 0.000 0.006 0.002 0.006 0.291 0.674 
 305 G _   0.004 0.020 0.000 0.006 0.002 0.006 0.288 0.673 
 306 P _   0.004 0.023 0.000 0.007 0.002 0.007 0.285 0.673 
 307 R _   0.004 0.027 0.000 0.007 0.002 0.008 0.281 0.671 
 308 D _   0.004 0.033 0.000 0.008 0.003 0.009 0.276 0.666 
 309 A _   0.005 0.043 0.000 0.011 0.004 0.011 0.270 0.655 
 310 D _   0.006 0.059 0.001 0.015 0.005 0.014 0.263 0.637 
 311 E _   0.008 0.083 0.001 0.021 0.008 0.017 0.255 0.607 
 312 I _   0.009 0.117 0.001 0.031 0.011 0.019 0.246 0.566 
 313 K _   0.009 0.153 0.001 0.042 0.013 0.021 0.238 0.523 
 314 E _   0.010 0.180 0.001 0.053 0.015 0.022 0.231 0.488 
 315 H _   0.010 0.197 0.001 0.061 0.015 0.022 0.226 0.467 
 316 L _   0.010 0.204 0.001 0.066 0.015 0.021 0.224 0.459 
 317 F _   0.009 0.205 0.001 0.065 0.015 0.020 0.222 0.462 
 318 F _   0.009 0.199 0.001 0.060 0.013 0.018 0.223 0.476 
 319 Q _   0.009 0.185 0.001 0.051 0.012 0.016 0.224 0.502 
 320 K _   0.009 0.161 0.001 0.040 0.010 0.014 0.227 0.539 
 321 I _   0.008 0.128 0.001 0.029 0.008 0.012 0.230 0.584 
 322 N _   0.008 0.092 0.001 0.020 0.006 0.011 0.234 0.629 
 323 W _   0.008 0.063 0.001 0.013 0.004 0.009 0.237 0.666 
 324 D _   0.007 0.043 0.000 0.009 0.003 0.008 0.239 0.691 
 325 D _   0.006 0.032 0.000 0.006 0.002 0.007 0.241 0.706 
 326 L _   0.006 0.026 0.000 0.005 0.002 0.007 0.241 0.714 
 327 A _   0.005 0.023 0.000 0.005 0.002 0.006 0.240 0.718 
 328 A _   0.005 0.022 0.000 0.005 0.002 0.007 0.239 0.720 
 329 K _   0.005 0.022 0.000 0.006 0.002 0.007 0.237 0.720 
 330 K _   0.005 0.023 0.000 0.008 0.003 0.008 0.235 0.719 
 331 V _   0.006 0.024 0.000 0.009 0.003 0.008 0.232 0.717 
 332 P _   0.006 0.026 0.000 0.011 0.004 0.009 0.230 0.714 
 333 A _   0.006 0.028 0.000 0.013 0.004 0.009 0.227 0.712 
 334 P _   0.006 0.030 0.000 0.014 0.004 0.009 0.225 0.711 
 335 F _   0.006 0.031 0.001 0.015 0.004 0.009 0.223 0.711 
 336 K _   0.006 0.032 0.001 0.015 0.004 0.009 0.221 0.712 
 337 P _   0.006 0.032 0.000 0.014 0.004 0.009 0.220 0.715 
 338 V _   0.006 0.031 0.000 0.012 0.004 0.009 0.219 0.718 
 339 I _   0.006 0.031 0.000 0.011 0.004 0.009 0.218 0.722 
 340 R _   0.006 0.030 0.000 0.010 0.003 0.008 0.217 0.725 
 341 D _   0.006 0.030 0.000 0.009 0.003 0.008 0.215 0.728 
 342 E _   0.006 0.030 0.000 0.008 0.003 0.009 0.214 0.730 
 343 L _   0.006 0.032 0.000 0.008 0.003 0.009 0.212 0.730 
 344 D _   0.006 0.034 0.000 0.009 0.003 0.010 0.210 0.727 
 345 V _   0.006 0.037 0.000 0.012 0.004 0.011 0.208 0.721 
 346 S _   0.007 0.042 0.001 0.015 0.005 0.012 0.205 0.713 
 347 N _   0.008 0.048 0.001 0.020 0.006 0.013 0.203 0.702 
 348 F _   0.008 0.053 0.001 0.025 0.007 0.014 0.201 0.691 
 349 A _   0.009 0.057 0.001 0.030 0.008 0.014 0.199 0.683 
 350 E _   0.009 0.058 0.001 0.032 0.008 0.014 0.198 0.679 
 351 E _   0.009 0.058 0.001 0.032 0.008 0.013 0.198 0.681 
 352 F _   0.009 0.055 0.001 0.030 0.007 0.013 0.199 0.688 
 353 T _   0.008 0.049 0.001 0.026 0.006 0.011 0.200 0.699 
 354 E _   0.008 0.041 0.001 0.020 0.005 0.010 0.201 0.713 
 355 M _   0.008 0.033 0.001 0.015 0.004 0.009 0.203 0.728 
 356 D _   0.007 0.024 0.000 0.011 0.003 0.008 0.205 0.741 
 357 P _   0.007 0.017 0.000 0.008 0.003 0.007 0.206 0.751 
 358 T _   0.006 0.012 0.000 0.006 0.002 0.007 0.207 0.759 
 359 Y _   0.006 0.009 0.000 0.005 0.002 0.006 0.207 0.764 
 360 S _   0.006 0.007 0.000 0.005 0.002 0.006 0.207 0.768 
 361 P _   0.005 0.007 0.000 0.005 0.002 0.006 0.206 0.770 
 362 A _   0.005 0.006 0.000 0.005 0.002 0.006 0.204 0.771 
 363 A _   0.005 0.006 0.000 0.005 0.002 0.007 0.202 0.773 
 364 L _   0.005 0.007 0.000 0.005 0.002 0.007 0.199 0.775 
 365 P _   0.005 0.008 0.000 0.006 0.002 0.008 0.195 0.775 
 366 Q _   0.006 0.010 0.000 0.007 0.003 0.010 0.190 0.774 
 367 S _   0.006 0.013 0.000 0.008 0.004 0.012 0.185 0.772 
 368 S _   0.007 0.018 0.001 0.010 0.005 0.014 0.180 0.766 
 369 E _   0.009 0.024 0.001 0.013 0.006 0.017 0.174 0.757 
 370 K _   0.010 0.033 0.001 0.016 0.008 0.020 0.167 0.744 
 371 L _   0.012 0.043 0.001 0.021 0.010 0.023 0.161 0.729 
 372 F _   0.014 0.053 0.001 0.025 0.013 0.026 0.154 0.715 
 373 Q _   0.015 0.061 0.001 0.029 0.015 0.028 0.149 0.701 
 374 G _   0.016 0.068 0.001 0.033 0.017 0.030 0.144 0.691 
 375 Y _   0.018 0.072 0.001 0.035 0.018 0.031 0.139 0.686 
 376 S _   0.019 0.074 0.001 0.036 0.019 0.031 0.135 0.685 
 377 F _   0.020 0.074 0.001 0.035 0.019 0.031 0.133 0.687 
 378 V _   0.021 0.072 0.001 0.033 0.018 0.030 0.131 0.693 
 379 A _   0.022 0.068 0.001 0.030 0.017 0.030 0.129 0.702 
 380 P _   0.023 0.062 0.001 0.027 0.016 0.028 0.128 0.715 
 381 S _   0.024 0.054 0.001 0.023 0.014 0.027 0.127 0.730 
 382 I _   0.024 0.046 0.001 0.019 0.012 0.025 0.127 0.746 
 383 L _   0.024 0.037 0.001 0.015 0.011 0.024 0.127 0.761 
 384 F _   0.023 0.030 0.001 0.013 0.009 0.023 0.127 0.775 
 385 K _   0.023 0.023 0.001 0.010 0.008 0.022 0.127 0.786 
 386 R _   0.022 0.018 0.001 0.009 0.007 0.021 0.127 0.795 
 387 N _   0.022 0.015 0.001 0.008 0.007 0.021 0.127 0.801 
 388 A _   0.022 0.013 0.001 0.007 0.006 0.020 0.126 0.804 
 389 A _   0.022 0.012 0.001 0.007 0.006 0.021 0.126 0.805 
 390 V _   0.023 0.012 0.001 0.007 0.007 0.021 0.126 0.803 
 391 I _   0.024 0.012 0.001 0.008 0.007 0.022 0.125 0.800 
 392 D _   0.026 0.013 0.001 0.009 0.008 0.023 0.125 0.795 
 393 P _   0.027 0.015 0.001 0.011 0.009 0.024 0.125 0.789 
 394 L _   0.028 0.016 0.001 0.012 0.010 0.025 0.125 0.784 
 395 Q _   0.028 0.018 0.001 0.013 0.011 0.025 0.125 0.779 
 396 F _   0.027 0.019 0.001 0.014 0.011 0.026 0.125 0.777 
 397 H _   0.027 0.021 0.001 0.013 0.011 0.026 0.125 0.776 
 398 M _   0.027 0.022 0.001 0.012 0.010 0.026 0.125 0.777 
 399 G _   0.026 0.023 0.001 0.011 0.010 0.026 0.126 0.777 
 400 V _   0.026 0.025 0.001 0.011 0.009 0.026 0.126 0.776 
 401 E _   0.026 0.028 0.001 0.010 0.009 0.026 0.127 0.773 
 402 R _   0.026 0.032 0.001 0.010 0.010 0.027 0.127 0.767 
 403 P _   0.026 0.038 0.001 0.012 0.011 0.028 0.127 0.757 
 404 G _   0.027 0.047 0.001 0.015 0.013 0.029 0.127 0.741 
 405 V _   0.027 0.060 0.001 0.019 0.015 0.030 0.128 0.720 
 406 T _   0.027 0.074 0.001 0.025 0.017 0.031 0.128 0.697 
 407 N _   0.027 0.088 0.001 0.031 0.018 0.031 0.129 0.675 
 408 V _   0.026 0.100 0.001 0.036 0.019 0.030 0.131 0.657 
 409 A _   0.025 0.108 0.001 0.040 0.019 0.029 0.133 0.645 
 410 R _   0.024 0.112 0.001 0.042 0.017 0.027 0.136 0.642 
 411 S _   0.022 0.112 0.001 0.041 0.016 0.025 0.139 0.645 
 412 A _   0.020 0.109 0.001 0.038 0.014 0.022 0.143 0.654 
 413 M _   0.018 0.102 0.001 0.033 0.011 0.020 0.148 0.667 
 414 M _   0.016 0.093 0.001 0.028 0.009 0.017 0.153 0.683 
 415 K _   0.015 0.082 0.001 0.023 0.008 0.015 0.159 0.698 
 416 D _   0.014 0.069 0.001 0.019 0.006 0.013 0.165 0.712 
 417 S _   0.013 0.058 0.001 0.016 0.005 0.012 0.171 0.725 
 418 P _   0.012 0.047 0.001 0.014 0.004 0.011 0.177 0.735 
 419 F _   0.011 0.037 0.000 0.012 0.004 0.010 0.182 0.744 
 420 Y _   0.010 0.029 0.000 0.011 0.003 0.008 0.187 0.751 
 421 Q _   0.009 0.022 0.000 0.009 0.003 0.007 0.191 0.759 
 422 H _   0.008 0.016 0.000 0.008 0.002 0.006 0.194 0.766 
 423 Y _   0.007 0.012 0.000 0.006 0.002 0.005 0.196 0.772 
 424 D _   0.005 0.009 0.000 0.005 0.001 0.005 0.198 0.777 
 425 L _   0.004 0.007 0.000 0.004 0.001 0.004 0.198 0.781 
 426 D _   0.004 0.007 0.000 0.003 0.001 0.004 0.197 0.785 
 427 L _   0.003 0.007 0.000 0.003 0.001 0.004 0.195 0.787 
 428 K _   0.003 0.007 0.000 0.003 0.001 0.005 0.192 0.788 
 429 D _   0.004 0.010 0.000 0.004 0.001 0.006 0.188 0.787 
 430 K _   0.004 0.016 0.000 0.007 0.002 0.008 0.182 0.781 
 431 P _   0.005 0.028 0.000 0.012 0.004 0.011 0.174 0.766 
 432 L _   0.006 0.051 0.001 0.019 0.006 0.014 0.164 0.740 
 433 G _   0.007 0.085 0.001 0.030 0.008 0.017 0.151 0.702 
 434 E _   0.007 0.123 0.001 0.042 0.011 0.019 0.138 0.659 
 435 G _   0.007 0.156 0.001 0.053 0.013 0.021 0.126 0.621 
 436 S _   0.008 0.180 0.001 0.063 0.015 0.022 0.117 0.594 
 437 F _   0.008 0.194 0.001 0.069 0.016 0.023 0.110 0.579 
 438 S _   0.008 0.201 0.001 0.072 0.016 0.023 0.105 0.575 
 439 I _   0.008 0.201 0.001 0.070 0.016 0.022 0.101 0.581 
 440 C _   0.008 0.196 0.001 0.064 0.015 0.021 0.098 0.596 
 441 R _   0.008 0.183 0.001 0.055 0.013 0.020 0.097 0.622 
 442 K _   0.009 0.162 0.001 0.044 0.012 0.018 0.096 0.658 
 443 C _   0.009 0.132 0.001 0.032 0.010 0.017 0.095 0.703 
 444 V _   0.010 0.100 0.001 0.022 0.008 0.016 0.095 0.749 
 445 H _   0.010 0.073 0.001 0.014 0.006 0.015 0.094 0.787 
 446 K _   0.010 0.055 0.001 0.009 0.005 0.015 0.093 0.812 
 447 K _   0.011 0.045 0.000 0.007 0.004 0.016 0.092 0.825 
 448 S _   0.012 0.040 0.000 0.006 0.004 0.017 0.091 0.829 
 449 N _   0.014 0.040 0.001 0.007 0.005 0.019 0.089 0.825 
 450 Q _   0.017 0.041 0.001 0.009 0.007 0.022 0.087 0.815 
 451 A _   0.021 0.046 0.001 0.014 0.010 0.024 0.085 0.799 
 452 F _   0.023 0.052 0.001 0.021 0.013 0.027 0.083 0.780 
 453 A _   0.026 0.058 0.001 0.028 0.015 0.028 0.081 0.763 
 454 V _   0.027 0.062 0.001 0.034 0.017 0.029 0.079 0.751 
 455 K _   0.027 0.064 0.001 0.037 0.017 0.028 0.078 0.748 
 456 I _   0.026 0.062 0.001 0.037 0.017 0.027 0.077 0.753 
 457 I _   0.025 0.058 0.001 0.034 0.015 0.025 0.077 0.766 
 458 S _   0.023 0.051 0.001 0.028 0.013 0.022 0.077 0.786 
 459 K _   0.021 0.041 0.001 0.021 0.010 0.020 0.076 0.810 
 460 R _   0.019 0.029 0.001 0.015 0.007 0.017 0.076 0.836 
 461 M _   0.016 0.019 0.001 0.010 0.005 0.015 0.076 0.857 
 462 E _   0.014 0.013 0.000 0.007 0.004 0.014 0.076 0.872 
 463 A _   0.013 0.010 0.000 0.005 0.003 0.013 0.075 0.880 
 464 N _   0.012 0.009 0.000 0.005 0.003 0.013 0.074 0.884 
 465 T _   0.012 0.009 0.000 0.005 0.004 0.014 0.072 0.883 
 466 Q _   0.013 0.010 0.001 0.008 0.005 0.015 0.071 0.878 
 467 K _   0.014 0.013 0.001 0.012 0.006 0.017 0.069 0.869 
 468 E _   0.015 0.016 0.001 0.017 0.008 0.018 0.067 0.857 
 469 I _   0.016 0.020 0.001 0.023 0.010 0.019 0.065 0.846 
 470 T _   0.016 0.023 0.001 0.028 0.011 0.020 0.063 0.838 
 471 A _   0.016 0.024 0.001 0.031 0.012 0.020 0.062 0.836 
 472 L _   0.016 0.024 0.001 0.030 0.011 0.019 0.061 0.839 
 473 K _   0.015 0.022 0.001 0.027 0.010 0.017 0.060 0.848 
 474 L _   0.014 0.018 0.001 0.022 0.008 0.016 0.059 0.861 
 475 C _   0.013 0.014 0.001 0.016 0.007 0.014 0.059 0.877 
 476 E _   0.013 0.009 0.001 0.011 0.005 0.013 0.058 0.890 
 477 G _   0.012 0.006 0.000 0.008 0.004 0.013 0.057 0.900 
 478 H _   0.013 0.003 0.000 0.006 0.004 0.012 0.057 0.905 
 479 P _   0.015 0.002 0.000 0.005 0.004 0.013 0.056 0.905 
 480 N _   0.018 0.002 0.000 0.005 0.004 0.014 0.055 0.902 
 481 I _   0.022 0.001 0.001 0.006 0.005 0.016 0.053 0.896 
 482 V _   0.028 0.001 0.001 0.007 0.005 0.018 0.052 0.888 
 483 K _   0.037 0.001 0.001 0.008 0.007 0.020 0.051 0.876 
 484 L _   0.050 0.001 0.001 0.008 0.007 0.022 0.049 0.863 
 485 H _   0.066 0.001 0.001 0.008 0.008 0.024 0.047 0.847 
 486 E _   0.087 0.001 0.001 0.006 0.009 0.025 0.045 0.826 
 487 V _   0.115 0.000 0.001 0.005 0.010 0.027 0.042 0.799 
 488 F _   0.153 0.000 0.001 0.004 0.011 0.030 0.040 0.762 
 489 H _   0.201 0.000 0.001 0.003 0.013 0.032 0.037 0.713 
 490 D _   0.259 0.000 0.001 0.003 0.017 0.035 0.035 0.651 
 491 Q _   0.324 0.000 0.001 0.002 0.022 0.039 0.033 0.579 
 492 L _   0.388 0.000 0.002 0.003 0.028 0.042 0.031 0.507 
 493 H H   0.445 0.000 0.002 0.003 0.034 0.044 0.030 0.442 
 494 T H   0.490 0.000 0.002 0.004 0.040 0.044 0.030 0.390 
 495 F H   0.522 0.001 0.002 0.006 0.043 0.044 0.030 0.352 
 496 L H   0.540 0.001 0.002 0.007 0.045 0.043 0.031 0.331 
 497 V H   0.544 0.002 0.002 0.008 0.044 0.041 0.033 0.326 
 498 M H   0.534 0.002 0.002 0.008 0.042 0.039 0.035 0.338 
 499 E H   0.510 0.002 0.002 0.008 0.038 0.036 0.037 0.366 
 500 L H   0.471 0.001 0.002 0.008 0.033 0.034 0.041 0.410 
 501 L _   0.422 0.001 0.002 0.007 0.028 0.031 0.044 0.465 
 502 N _   0.364 0.001 0.002 0.007 0.022 0.028 0.049 0.526 
 503 G _   0.303 0.001 0.002 0.008 0.018 0.026 0.054 0.588 
 504 G _   0.245 0.001 0.001 0.009 0.014 0.024 0.059 0.647 
 505 E _   0.191 0.001 0.001 0.010 0.011 0.021 0.065 0.700 
 506 L _   0.143 0.001 0.001 0.010 0.009 0.019 0.070 0.748 
 507 F _   0.103 0.001 0.001 0.010 0.007 0.016 0.074 0.788 
 508 E _   0.072 0.001 0.001 0.009 0.005 0.014 0.078 0.821 
 509 R _   0.048 0.001 0.001 0.007 0.004 0.012 0.081 0.847 
 510 I _   0.032 0.000 0.000 0.006 0.003 0.010 0.083 0.866 
 511 K _   0.022 0.000 0.000 0.004 0.002 0.009 0.084 0.879 
 512 K _   0.015 0.000 0.000 0.003 0.002 0.008 0.085 0.886 
 513 K _   0.012 0.000 0.000 0.002 0.002 0.008 0.085 0.890 
 514 K _   0.011 0.000 0.000 0.002 0.002 0.009 0.085 0.891 
 515 H _   0.013 0.000 0.000 0.002 0.002 0.011 0.084 0.888 
 516 F _   0.016 0.000 0.000 0.003 0.003 0.014 0.083 0.881 
 517 S _   0.022 0.000 0.000 0.004 0.004 0.019 0.082 0.868 
 518 E _   0.032 0.001 0.001 0.005 0.006 0.026 0.080 0.848 
 519 T _   0.046 0.002 0.001 0.007 0.011 0.035 0.078 0.820 
 520 E _   0.064 0.004 0.001 0.011 0.017 0.045 0.076 0.784 
 521 A _   0.085 0.006 0.002 0.015 0.025 0.054 0.073 0.742 
 522 S _   0.106 0.009 0.002 0.018 0.034 0.062 0.070 0.698 
 523 Y _   0.128 0.011 0.002 0.022 0.043 0.069 0.068 0.657 
 524 I _   0.148 0.014 0.002 0.024 0.050 0.073 0.066 0.622 
 525 M _   0.165 0.015 0.003 0.025 0.055 0.075 0.065 0.597 
 526 R _   0.178 0.015 0.003 0.025 0.057 0.076 0.065 0.582 
 527 K _   0.188 0.015 0.003 0.023 0.057 0.074 0.065 0.577 
 528 L _   0.193 0.014 0.003 0.020 0.054 0.071 0.065 0.581 
 529 V _   0.192 0.012 0.002 0.017 0.048 0.066 0.066 0.595 
 530 S _   0.188 0.010 0.002 0.014 0.042 0.061 0.068 0.614 
 531 A _   0.179 0.008 0.002 0.013 0.036 0.056 0.070 0.636 
 532 V _   0.166 0.007 0.002 0.012 0.030 0.051 0.072 0.660 
 533 S _   0.151 0.006 0.002 0.011 0.025 0.046 0.075 0.684 
 534 H _   0.134 0.006 0.001 0.011 0.021 0.041 0.078 0.707 
 535 M _   0.116 0.005 0.001 0.012 0.018 0.037 0.081 0.730 
 536 H _   0.099 0.005 0.001 0.013 0.015 0.033 0.084 0.751 
 537 D _   0.082 0.005 0.001 0.013 0.013 0.029 0.087 0.771 
 538 V _   0.067 0.004 0.001 0.013 0.010 0.025 0.090 0.789 
 539 G _   0.054 0.004 0.001 0.012 0.008 0.021 0.093 0.807 
 540 V _   0.042 0.004 0.001 0.011 0.007 0.018 0.096 0.823 
 541 V _   0.033 0.003 0.001 0.009 0.005 0.016 0.098 0.836 
 542 H _   0.025 0.003 0.001 0.008 0.004 0.013 0.100 0.846 
 543 R _   0.020 0.002 0.000 0.007 0.004 0.012 0.102 0.854 
 544 D _   0.015 0.002 0.000 0.007 0.003 0.011 0.103 0.859 
 545 L _   0.012 0.002 0.000 0.007 0.003 0.010 0.104 0.861 
 546 K _   0.011 0.003 0.000 0.007 0.003 0.009 0.105 0.861 
 547 P _   0.009 0.003 0.000 0.008 0.003 0.009 0.106 0.860 
 548 E _   0.009 0.004 0.000 0.009 0.003 0.009 0.107 0.859 
 549 N _   0.008 0.004 0.000 0.010 0.003 0.009 0.107 0.858 
 550 L _   0.007 0.005 0.000 0.010 0.003 0.008 0.108 0.858 
 551 L _   0.007 0.005 0.000 0.010 0.003 0.008 0.108 0.860 
 552 F _   0.006 0.005 0.000 0.008 0.003 0.007 0.108 0.862 
 553 T _   0.006 0.005 0.000 0.007 0.002 0.007 0.108 0.865 
 554 D _   0.005 0.005 0.000 0.006 0.002 0.007 0.107 0.867 
 555 E _   0.005 0.006 0.000 0.005 0.002 0.008 0.107 0.868 
 556 N _   0.006 0.007 0.000 0.005 0.002 0.009 0.106 0.866 
 557 D _   0.007 0.010 0.000 0.005 0.003 0.011 0.104 0.860 
 558 N _   0.010 0.016 0.000 0.007 0.004 0.014 0.102 0.847 
 559 L _   0.013 0.030 0.001 0.012 0.007 0.019 0.099 0.821 
 560 E _   0.016 0.057 0.001 0.019 0.011 0.024 0.096 0.776 
 561 I _   0.019 0.103 0.002 0.032 0.017 0.028 0.091 0.709 
 562 K _   0.021 0.158 0.002 0.047 0.021 0.031 0.086 0.634 
 563 I _   0.021 0.204 0.002 0.062 0.024 0.032 0.082 0.572 
 564 I _   0.022 0.235 0.002 0.074 0.025 0.032 0.079 0.530 
 565 D _   0.022 0.251 0.002 0.082 0.024 0.032 0.078 0.510 
 566 F _   0.021 0.257 0.002 0.084 0.023 0.030 0.078 0.505 
 567 G _   0.020 0.254 0.002 0.081 0.021 0.027 0.079 0.517 
 568 F _   0.019 0.240 0.002 0.071 0.018 0.024 0.081 0.544 
 569 A _   0.018 0.213 0.002 0.058 0.015 0.021 0.084 0.591 
 570 R _   0.016 0.169 0.001 0.043 0.011 0.018 0.087 0.654 
 571 L _   0.015 0.115 0.001 0.028 0.008 0.015 0.090 0.728 
 572 K _   0.013 0.067 0.001 0.016 0.005 0.012 0.093 0.794 
 573 P _   0.010 0.036 0.000 0.008 0.003 0.009 0.095 0.838 
 574 P _   0.008 0.022 0.000 0.004 0.002 0.007 0.095 0.861 
 575 D _   0.006 0.017 0.000 0.002 0.001 0.007 0.095 0.871 
 576 N _   0.006 0.016 0.000 0.002 0.001 0.008 0.093 0.873 
 577 Q _   0.008 0.018 0.000 0.003 0.002 0.010 0.091 0.869 
 578 P _   0.010 0.025 0.000 0.005 0.004 0.014 0.088 0.853 
 579 L _   0.014 0.048 0.001 0.011 0.007 0.020 0.083 0.815 
 580 K _   0.018 0.108 0.002 0.022 0.014 0.027 0.074 0.737 
 581 T _   0.019 0.215 0.003 0.035 0.021 0.031 0.062 0.615 
 582 P _   0.017 0.352 0.003 0.048 0.024 0.031 0.050 0.474 
 583 C E   0.014 0.468 0.003 0.057 0.024 0.029 0.040 0.365 
 584 F E   0.011 0.542 0.002 0.063 0.022 0.026 0.034 0.300 
 585 T E   0.009 0.581 0.002 0.067 0.020 0.024 0.030 0.267 
 586 L E   0.008 0.600 0.001 0.069 0.019 0.022 0.027 0.253 
 587 H E   0.008 0.606 0.001 0.069 0.018 0.020 0.026 0.253 
 588 Y E   0.008 0.602 0.001 0.067 0.017 0.019 0.025 0.262 
 589 A E   0.008 0.587 0.001 0.063 0.016 0.017 0.024 0.283 
 590 A E   0.009 0.555 0.002 0.058 0.015 0.016 0.024 0.322 
 591 P E   0.010 0.499 0.002 0.051 0.014 0.015 0.025 0.384 
 592 E _   0.011 0.415 0.002 0.044 0.013 0.015 0.027 0.473 
 593 L _   0.013 0.307 0.002 0.036 0.012 0.014 0.028 0.587 
 594 L _   0.014 0.195 0.002 0.027 0.010 0.013 0.030 0.710 
 595 N _   0.014 0.105 0.001 0.018 0.007 0.012 0.032 0.812 
 596 Q _   0.013 0.047 0.001 0.011 0.004 0.010 0.032 0.881 
 597 N _   0.014 0.017 0.000 0.006 0.003 0.008 0.032 0.920 
 598 G _   0.017 0.005 0.000 0.003 0.002 0.006 0.031 0.935 
 599 Y _   0.024 0.001 0.000 0.002 0.002 0.006 0.030 0.935 
 600 D _   0.043 0.000 0.000 0.001 0.002 0.006 0.028 0.919 
 601 E _   0.080 0.000 0.000 0.001 0.003 0.008 0.025 0.883 
 602 S _   0.155 0.000 0.001 0.001 0.004 0.010 0.021 0.808 
 603 C _   0.271 0.000 0.001 0.001 0.006 0.012 0.017 0.692 
 604 D _   0.416 0.000 0.001 0.001 0.010 0.015 0.012 0.544 
 605 L H   0.569 0.000 0.001 0.001 0.014 0.017 0.009 0.389 
 606 W H   0.696 0.000 0.001 0.001 0.018 0.018 0.006 0.260 
 607 S H   0.785 0.000 0.001 0.001 0.021 0.017 0.004 0.170 
 608 L H   0.841 0.000 0.001 0.001 0.023 0.016 0.003 0.114 
 609 G H   0.874 0.000 0.001 0.001 0.023 0.014 0.003 0.083 
 610 V H   0.892 0.000 0.001 0.001 0.023 0.013 0.003 0.067 
 611 I H   0.896 0.000 0.001 0.001 0.024 0.012 0.003 0.063 
 612 L H   0.890 0.000 0.001 0.001 0.024 0.011 0.004 0.068 
 613 Y H   0.872 0.000 0.001 0.001 0.025 0.011 0.004 0.085 
 614 T H   0.837 0.000 0.002 0.002 0.025 0.011 0.006 0.117 
 615 M H   0.779 0.000 0.002 0.002 0.025 0.012 0.008 0.172 
 616 L H   0.693 0.000 0.002 0.003 0.023 0.013 0.011 0.255 
 617 S H   0.581 0.000 0.002 0.003 0.020 0.013 0.017 0.364 
 618 G _   0.458 0.000 0.002 0.004 0.015 0.013 0.023 0.485 
 619 Q _   0.339 0.000 0.001 0.004 0.011 0.012 0.030 0.602 
 620 V _   0.235 0.000 0.001 0.004 0.008 0.011 0.037 0.705 
 621 P _   0.152 0.000 0.001 0.004 0.005 0.010 0.042 0.787 
 622 F _   0.093 0.000 0.001 0.003 0.003 0.008 0.046 0.845 
 623 Q _   0.055 0.000 0.000 0.002 0.002 0.008 0.049 0.883 
 624 S _   0.033 0.000 0.000 0.002 0.002 0.007 0.051 0.904 
 625 H _   0.023 0.000 0.000 0.002 0.002 0.008 0.052 0.914 
 626 D _   0.018 0.000 0.000 0.002 0.002 0.010 0.053 0.915 
 627 R _   0.018 0.002 0.000 0.003 0.003 0.013 0.053 0.909 
 628 S _   0.021 0.005 0.000 0.005 0.005 0.018 0.054 0.892 
 629 L _   0.026 0.017 0.001 0.010 0.010 0.024 0.053 0.859 
 630 T _   0.031 0.047 0.002 0.020 0.017 0.031 0.053 0.801 
 631 C _   0.034 0.095 0.002 0.034 0.024 0.036 0.051 0.723 
 632 T _   0.035 0.145 0.002 0.049 0.029 0.039 0.051 0.649 
 633 S _   0.035 0.182 0.002 0.063 0.032 0.040 0.050 0.594 
 634 A _   0.035 0.204 0.002 0.073 0.033 0.040 0.051 0.563 
 635 V _   0.034 0.213 0.002 0.076 0.032 0.038 0.052 0.551 
 636 E _   0.033 0.215 0.002 0.074 0.030 0.036 0.054 0.556 
 637 I _   0.031 0.208 0.002 0.067 0.026 0.032 0.057 0.577 
 638 M _   0.029 0.191 0.002 0.055 0.022 0.028 0.061 0.612 
 639 K _   0.026 0.162 0.002 0.042 0.017 0.025 0.065 0.661 
 640 K _   0.023 0.126 0.001 0.029 0.013 0.021 0.070 0.717 
 641 I _   0.020 0.091 0.001 0.019 0.009 0.018 0.075 0.768 
 642 K _   0.016 0.065 0.001 0.012 0.006 0.015 0.079 0.807 
 643 K _   0.013 0.049 0.001 0.008 0.004 0.013 0.081 0.830 
 644 G _   0.011 0.042 0.000 0.007 0.003 0.011 0.084 0.842 
 645 D _   0.010 0.038 0.000 0.006 0.003 0.010 0.086 0.846 
 646 F _   0.009 0.037 0.000 0.007 0.003 0.010 0.087 0.846 
 647 S _   0.008 0.037 0.000 0.009 0.003 0.010 0.088 0.844 
 648 F _   0.008 0.039 0.000 0.011 0.004 0.010 0.089 0.839 
 649 E _   0.008 0.040 0.001 0.013 0.004 0.010 0.090 0.835 
 650 G _   0.007 0.042 0.001 0.014 0.004 0.010 0.091 0.831 
 651 E _   0.007 0.043 0.001 0.014 0.004 0.010 0.092 0.829 
 652 A _   0.007 0.043 0.001 0.014 0.004 0.010 0.093 0.829 
 653 W _   0.006 0.043 0.000 0.012 0.004 0.009 0.094 0.831 
 654 K _   0.006 0.043 0.000 0.011 0.003 0.009 0.095 0.833 
 655 N _   0.006 0.043 0.000 0.009 0.003 0.009 0.096 0.834 
 656 V _   0.006 0.043 0.000 0.008 0.003 0.009 0.097 0.833 
 657 S _   0.006 0.045 0.000 0.008 0.003 0.010 0.097 0.830 
 658 Q _   0.007 0.048 0.000 0.009 0.004 0.011 0.098 0.822 
 659 E _   0.008 0.055 0.001 0.012 0.005 0.013 0.098 0.809 
 660 A _   0.009 0.065 0.001 0.016 0.006 0.015 0.098 0.789 
 661 K _   0.011 0.078 0.001 0.023 0.008 0.017 0.099 0.764 
 662 D _   0.012 0.093 0.001 0.031 0.011 0.019 0.099 0.736 
 663 L _   0.013 0.105 0.001 0.039 0.012 0.019 0.100 0.711 
