#TopoPred_TM8: 8-state transmembrane topology prediction results by no_profile mode 
#probabilities are in the order of H E C I L F X _, the 8 transmembrane topology types used in PDBTM 
   1 M X   0.006 0.001 0.002 0.038 0.007 0.006 0.881 0.060 
   2 E X   0.002 0.000 0.000 0.021 0.001 0.002 0.908 0.066 
   3 R X   0.001 0.000 0.000 0.011 0.000 0.001 0.916 0.071 
   4 R X   0.000 0.000 0.000 0.007 0.000 0.001 0.917 0.074 
   5 A X   0.001 0.000 0.000 0.005 0.000 0.001 0.915 0.077 
   6 S X   0.001 0.000 0.000 0.004 0.000 0.002 0.912 0.081 
   7 E X   0.001 0.000 0.000 0.004 0.000 0.002 0.908 0.085 
   8 T X   0.001 0.000 0.000 0.003 0.001 0.002 0.901 0.092 
   9 P X   0.001 0.000 0.000 0.003 0.001 0.002 0.892 0.100 
  10 E X   0.001 0.001 0.000 0.003 0.001 0.003 0.881 0.111 
  11 D X   0.001 0.001 0.000 0.003 0.001 0.003 0.866 0.124 
  12 G X   0.001 0.002 0.000 0.004 0.001 0.004 0.848 0.140 
  13 D X   0.002 0.003 0.000 0.005 0.001 0.006 0.826 0.157 
  14 P X   0.002 0.006 0.000 0.006 0.002 0.009 0.799 0.175 
  15 E X   0.003 0.012 0.001 0.010 0.004 0.013 0.765 0.192 
  16 E X   0.005 0.024 0.001 0.015 0.007 0.019 0.723 0.206 
  17 D X   0.007 0.047 0.001 0.024 0.011 0.026 0.669 0.214 
  18 T X   0.009 0.083 0.002 0.035 0.018 0.034 0.605 0.214 
  19 A X   0.011 0.130 0.003 0.047 0.024 0.041 0.537 0.207 
  20 T X   0.013 0.177 0.003 0.058 0.030 0.045 0.476 0.198 
  21 A X   0.014 0.215 0.003 0.066 0.034 0.048 0.426 0.193 
  22 L X   0.016 0.242 0.002 0.072 0.036 0.050 0.389 0.194 
  23 Q X   0.018 0.258 0.002 0.074 0.037 0.050 0.360 0.201 
  24 R X   0.020 0.266 0.002 0.073 0.038 0.049 0.337 0.215 
  25 L X   0.022 0.267 0.002 0.069 0.037 0.048 0.320 0.236 
  26 V X   0.025 0.263 0.002 0.062 0.035 0.046 0.305 0.263 
  27 E _   0.026 0.251 0.002 0.054 0.032 0.043 0.294 0.298 
  28 L _   0.028 0.232 0.002 0.045 0.028 0.040 0.284 0.341 
  29 T _   0.029 0.206 0.002 0.036 0.024 0.037 0.276 0.390 
  30 T _   0.029 0.176 0.002 0.029 0.020 0.034 0.269 0.442 
  31 S _   0.028 0.146 0.002 0.023 0.016 0.031 0.263 0.491 
  32 R _   0.026 0.121 0.001 0.019 0.013 0.028 0.257 0.535 
  33 V _   0.024 0.100 0.001 0.015 0.010 0.025 0.251 0.573 
  34 T _   0.022 0.084 0.001 0.013 0.008 0.022 0.245 0.605 
  35 P _   0.019 0.072 0.001 0.011 0.007 0.020 0.239 0.631 
  36 V _   0.017 0.064 0.001 0.009 0.006 0.018 0.233 0.652 
  37 R _   0.015 0.059 0.001 0.008 0.005 0.017 0.226 0.669 
  38 S _   0.014 0.056 0.001 0.008 0.005 0.016 0.219 0.682 
  39 L _   0.012 0.055 0.001 0.008 0.005 0.016 0.211 0.692 
  40 R _   0.012 0.055 0.001 0.009 0.005 0.016 0.203 0.699 
  41 D _   0.011 0.057 0.001 0.011 0.006 0.016 0.194 0.703 
  42 Q _   0.011 0.061 0.001 0.013 0.007 0.016 0.186 0.705 
  43 Y _   0.011 0.065 0.001 0.017 0.008 0.017 0.177 0.705 
  44 H _   0.011 0.070 0.001 0.020 0.009 0.017 0.168 0.704 
  45 L _   0.011 0.074 0.001 0.022 0.009 0.017 0.161 0.706 
  46 I _   0.011 0.076 0.001 0.023 0.009 0.017 0.153 0.711 
  47 R _   0.011 0.077 0.001 0.022 0.009 0.016 0.146 0.719 
  48 K _   0.010 0.076 0.001 0.021 0.008 0.015 0.140 0.729 
  49 L _   0.010 0.074 0.001 0.019 0.007 0.015 0.134 0.740 
  50 G _   0.010 0.072 0.001 0.017 0.007 0.015 0.129 0.750 
  51 S _   0.010 0.070 0.001 0.016 0.007 0.014 0.124 0.759 
  52 G _   0.010 0.068 0.001 0.016 0.007 0.015 0.119 0.764 
  53 S _   0.010 0.067 0.001 0.017 0.007 0.015 0.115 0.768 
  54 Y _   0.011 0.066 0.001 0.019 0.007 0.015 0.111 0.770 
  55 G _   0.011 0.065 0.001 0.021 0.008 0.015 0.107 0.772 
  56 R _   0.011 0.064 0.001 0.023 0.008 0.015 0.103 0.775 
  57 V _   0.011 0.061 0.001 0.023 0.008 0.014 0.100 0.782 
  58 L _   0.011 0.056 0.001 0.022 0.007 0.014 0.097 0.793 
  59 L _   0.010 0.049 0.001 0.020 0.007 0.013 0.094 0.807 
  60 A _   0.009 0.040 0.001 0.016 0.006 0.012 0.092 0.825 
  61 Q _   0.009 0.031 0.001 0.012 0.005 0.011 0.089 0.843 
  62 P _   0.008 0.022 0.001 0.009 0.004 0.010 0.087 0.860 
  63 H _   0.008 0.016 0.000 0.007 0.003 0.010 0.084 0.872 
  64 Q _   0.008 0.012 0.000 0.006 0.003 0.011 0.081 0.879 
  65 G _   0.009 0.010 0.000 0.006 0.003 0.012 0.079 0.882 
  66 G _   0.010 0.009 0.000 0.007 0.004 0.014 0.075 0.881 
  67 P _   0.012 0.009 0.001 0.009 0.005 0.016 0.072 0.876 
  68 A _   0.016 0.010 0.001 0.012 0.007 0.020 0.068 0.868 
  69 V _   0.019 0.010 0.001 0.015 0.008 0.023 0.064 0.859 
  70 A _   0.024 0.011 0.001 0.018 0.010 0.026 0.061 0.849 
  71 L _   0.030 0.011 0.001 0.020 0.012 0.029 0.057 0.840 
  72 K _   0.037 0.010 0.001 0.020 0.014 0.031 0.053 0.834 
  73 L _   0.046 0.009 0.001 0.019 0.014 0.032 0.050 0.830 
  74 L _   0.058 0.007 0.001 0.016 0.014 0.034 0.046 0.825 
  75 R _   0.073 0.005 0.001 0.012 0.014 0.035 0.043 0.817 
  76 R _   0.093 0.003 0.001 0.009 0.014 0.035 0.040 0.805 
  77 D _   0.119 0.001 0.001 0.006 0.013 0.036 0.037 0.787 
  78 L _   0.150 0.001 0.001 0.004 0.013 0.037 0.034 0.760 
  79 V _   0.187 0.000 0.001 0.003 0.014 0.038 0.031 0.726 
  80 L _   0.230 0.000 0.001 0.003 0.016 0.039 0.028 0.683 
  81 R _   0.277 0.000 0.001 0.003 0.019 0.041 0.026 0.634 
  82 S _   0.323 0.000 0.001 0.003 0.023 0.042 0.023 0.584 
  83 T _   0.369 0.000 0.002 0.003 0.027 0.043 0.022 0.535 
  84 F _   0.407 0.000 0.002 0.004 0.030 0.043 0.020 0.493 
  85 L _   0.436 0.000 0.002 0.005 0.033 0.043 0.019 0.462 
  86 R H   0.456 0.000 0.002 0.005 0.035 0.042 0.019 0.441 
  87 E H   0.465 0.001 0.002 0.006 0.035 0.040 0.019 0.433 
  88 F H   0.465 0.001 0.002 0.006 0.033 0.038 0.019 0.437 
  89 C H   0.454 0.000 0.002 0.005 0.030 0.036 0.019 0.453 
  90 V _   0.433 0.000 0.002 0.005 0.027 0.033 0.020 0.479 
  91 G _   0.404 0.000 0.002 0.004 0.023 0.031 0.021 0.514 
  92 R _   0.369 0.000 0.001 0.004 0.019 0.029 0.022 0.555 
  93 C _   0.328 0.000 0.001 0.003 0.016 0.028 0.023 0.601 
  94 V _   0.287 0.000 0.001 0.003 0.013 0.026 0.024 0.645 
  95 S _   0.247 0.000 0.001 0.003 0.012 0.026 0.026 0.685 
  96 A _   0.211 0.000 0.001 0.004 0.011 0.025 0.028 0.720 
  97 H _   0.179 0.000 0.001 0.005 0.011 0.025 0.029 0.749 
  98 P _   0.152 0.001 0.001 0.007 0.011 0.025 0.031 0.772 
  99 G _   0.129 0.001 0.001 0.009 0.011 0.025 0.032 0.791 
 100 L _   0.108 0.002 0.001 0.011 0.012 0.025 0.034 0.808 
 101 L _   0.089 0.003 0.001 0.013 0.011 0.024 0.035 0.824 
 102 Q _   0.073 0.003 0.001 0.013 0.011 0.022 0.037 0.840 
 103 T _   0.058 0.003 0.001 0.013 0.009 0.021 0.038 0.857 
 104 L _   0.046 0.003 0.001 0.011 0.008 0.019 0.039 0.873 
 105 A _   0.036 0.003 0.001 0.009 0.006 0.017 0.040 0.887 
 106 G _   0.029 0.003 0.001 0.007 0.005 0.016 0.041 0.898 
 107 P _   0.024 0.003 0.001 0.006 0.005 0.015 0.042 0.905 
 108 L _   0.021 0.003 0.000 0.006 0.004 0.015 0.042 0.908 
 109 Q _   0.020 0.004 0.001 0.006 0.005 0.016 0.042 0.907 
 110 T _   0.019 0.006 0.001 0.008 0.005 0.017 0.042 0.903 
 111 P _   0.019 0.008 0.001 0.011 0.007 0.018 0.042 0.894 
 112 R _   0.019 0.013 0.001 0.015 0.009 0.019 0.043 0.882 
 113 Y _   0.019 0.017 0.001 0.021 0.011 0.020 0.042 0.869 
 114 F _   0.019 0.021 0.001 0.026 0.012 0.021 0.043 0.858 
 115 A _   0.018 0.024 0.001 0.030 0.012 0.020 0.043 0.851 
 116 F _   0.017 0.025 0.001 0.032 0.012 0.020 0.044 0.849 
 117 A _   0.016 0.025 0.001 0.030 0.011 0.018 0.045 0.854 
 118 Q _   0.014 0.023 0.001 0.026 0.009 0.016 0.046 0.865 
 119 E _   0.013 0.019 0.001 0.020 0.007 0.014 0.047 0.879 
 120 Y _   0.011 0.015 0.001 0.015 0.006 0.012 0.048 0.893 
 121 A _   0.010 0.011 0.001 0.011 0.004 0.011 0.049 0.905 
 122 P _   0.009 0.007 0.000 0.008 0.003 0.009 0.049 0.914 
 123 C _   0.008 0.005 0.000 0.006 0.003 0.009 0.050 0.919 
 124 G _   0.008 0.003 0.000 0.005 0.003 0.009 0.051 0.921 
 125 D _   0.008 0.003 0.000 0.005 0.003 0.010 0.051 0.920 
 126 L _   0.009 0.002 0.000 0.006 0.003 0.011 0.051 0.917 
 127 S _   0.010 0.002 0.000 0.007 0.004 0.012 0.051 0.913 
 128 G _   0.012 0.003 0.001 0.009 0.005 0.014 0.051 0.907 
 129 M _   0.014 0.003 0.001 0.010 0.005 0.016 0.051 0.901 
 130 L _   0.017 0.003 0.001 0.011 0.006 0.017 0.050 0.895 
 131 Q _   0.021 0.002 0.001 0.011 0.007 0.019 0.050 0.889 
 132 E _   0.026 0.002 0.001 0.011 0.007 0.021 0.050 0.882 
 133 R _   0.034 0.002 0.001 0.009 0.007 0.023 0.049 0.874 
 134 G _   0.046 0.001 0.001 0.008 0.008 0.026 0.049 0.863 
 135 L _   0.062 0.001 0.001 0.006 0.008 0.028 0.048 0.846 
 136 P _   0.084 0.000 0.001 0.005 0.009 0.032 0.048 0.822 
 137 E _   0.113 0.000 0.001 0.004 0.011 0.036 0.047 0.788 
 138 L _   0.148 0.000 0.001 0.004 0.015 0.041 0.047 0.745 
 139 L _   0.188 0.000 0.001 0.004 0.019 0.046 0.047 0.695 
 140 V _   0.230 0.000 0.001 0.005 0.025 0.051 0.046 0.641 
 141 K _   0.269 0.001 0.002 0.006 0.032 0.055 0.047 0.588 
 142 R _   0.302 0.002 0.002 0.008 0.039 0.058 0.048 0.542 
 143 V _   0.326 0.003 0.002 0.010 0.044 0.060 0.049 0.506 
 144 V _   0.341 0.004 0.002 0.012 0.047 0.059 0.051 0.483 
 145 A _   0.344 0.005 0.002 0.014 0.048 0.058 0.054 0.474 
 146 Q _   0.337 0.005 0.002 0.016 0.046 0.055 0.058 0.481 
 147 L _   0.319 0.005 0.002 0.015 0.042 0.051 0.062 0.503 
 148 A _   0.293 0.004 0.002 0.014 0.036 0.046 0.067 0.537 
 149 G _   0.260 0.003 0.002 0.012 0.029 0.041 0.073 0.580 
 150 A _   0.223 0.003 0.002 0.010 0.022 0.036 0.078 0.626 
 151 L _   0.184 0.002 0.001 0.008 0.017 0.031 0.084 0.673 
 152 D _   0.148 0.001 0.001 0.007 0.012 0.027 0.090 0.714 
 153 F _   0.117 0.001 0.001 0.006 0.010 0.024 0.095 0.746 
 154 L _   0.091 0.001 0.001 0.007 0.008 0.021 0.101 0.771 
 155 H _   0.070 0.001 0.001 0.008 0.007 0.019 0.106 0.789 
 156 S _   0.054 0.001 0.001 0.009 0.006 0.017 0.110 0.802 
 157 R _   0.041 0.001 0.001 0.010 0.006 0.015 0.115 0.811 
 158 G _   0.032 0.002 0.001 0.010 0.005 0.014 0.119 0.817 
 159 L _   0.025 0.002 0.001 0.010 0.005 0.012 0.124 0.822 
 160 V _   0.020 0.001 0.001 0.009 0.004 0.011 0.127 0.827 
 161 H _   0.016 0.001 0.000 0.007 0.003 0.010 0.131 0.831 
 162 A _   0.012 0.001 0.000 0.006 0.003 0.009 0.134 0.835 
 163 D _   0.010 0.001 0.000 0.004 0.002 0.008 0.136 0.837 
 164 V _   0.009 0.001 0.000 0.003 0.002 0.008 0.138 0.838 
 165 K _   0.009 0.001 0.000 0.003 0.002 0.009 0.140 0.837 
 166 P _   0.010 0.001 0.000 0.003 0.002 0.010 0.141 0.833 
 167 D _   0.012 0.001 0.000 0.003 0.003 0.013 0.142 0.825 
 168 N _   0.016 0.003 0.000 0.004 0.004 0.017 0.143 0.813 
 169 V _   0.021 0.007 0.001 0.006 0.006 0.022 0.144 0.793 
 170 L _   0.028 0.017 0.001 0.009 0.010 0.029 0.144 0.763 
 171 V _   0.034 0.036 0.001 0.014 0.016 0.035 0.143 0.720 
 172 F _   0.040 0.064 0.002 0.020 0.022 0.041 0.143 0.669 
 173 D _   0.044 0.099 0.002 0.027 0.028 0.046 0.142 0.613 
 174 P _   0.046 0.136 0.002 0.033 0.032 0.049 0.142 0.559 
 175 V _   0.048 0.169 0.002 0.039 0.035 0.050 0.143 0.514 
 176 C _   0.048 0.194 0.002 0.044 0.037 0.049 0.145 0.480 
 177 S _   0.047 0.212 0.002 0.049 0.037 0.048 0.148 0.457 
 178 R _   0.046 0.222 0.002 0.052 0.035 0.046 0.152 0.445 
 179 V _   0.044 0.228 0.002 0.053 0.033 0.043 0.158 0.440 
 180 A _   0.041 0.228 0.002 0.053 0.029 0.039 0.164 0.444 
 181 L _   0.037 0.223 0.002 0.051 0.025 0.035 0.172 0.454 
 182 G _   0.034 0.213 0.002 0.047 0.021 0.031 0.182 0.471 
 183 D _   0.030 0.196 0.002 0.042 0.017 0.027 0.193 0.493 
 184 L _   0.027 0.173 0.001 0.036 0.014 0.024 0.205 0.520 
 185 G _   0.024 0.144 0.001 0.030 0.011 0.020 0.219 0.551 
 186 L _   0.021 0.112 0.001 0.025 0.008 0.017 0.233 0.583 
 187 T _   0.018 0.081 0.001 0.019 0.006 0.015 0.246 0.614 
 188 R _   0.015 0.054 0.001 0.015 0.005 0.012 0.258 0.641 
 189 P _   0.013 0.034 0.000 0.011 0.003 0.010 0.268 0.661 
 190 E _   0.011 0.021 0.000 0.008 0.002 0.008 0.275 0.674 
 191 G _   0.009 0.013 0.000 0.006 0.002 0.007 0.281 0.682 
 192 S _   0.008 0.008 0.000 0.005 0.002 0.006 0.285 0.687 
 193 P _   0.007 0.005 0.000 0.004 0.001 0.005 0.287 0.691 
 194 T _   0.006 0.003 0.000 0.003 0.001 0.005 0.288 0.693 
 195 P _   0.005 0.002 0.000 0.003 0.001 0.004 0.288 0.695 
 196 A _   0.005 0.002 0.000 0.003 0.001 0.004 0.287 0.698 
 197 P _   0.004 0.002 0.000 0.003 0.001 0.004 0.284 0.701 
 198 P _   0.004 0.002 0.000 0.003 0.001 0.005 0.280 0.705 
 199 V _   0.004 0.002 0.000 0.004 0.001 0.005 0.274 0.709 
 200 P _   0.004 0.003 0.000 0.004 0.001 0.006 0.267 0.714 
 201 L _   0.004 0.005 0.000 0.006 0.002 0.007 0.258 0.717 
 202 P _   0.005 0.009 0.000 0.008 0.003 0.009 0.247 0.719 
 203 T _   0.006 0.015 0.000 0.012 0.004 0.012 0.234 0.717 
 204 A _   0.006 0.024 0.001 0.018 0.006 0.014 0.219 0.711 
 205 P _   0.007 0.036 0.001 0.026 0.008 0.017 0.204 0.701 
 206 P _   0.008 0.049 0.001 0.036 0.010 0.019 0.188 0.690 
 207 E _   0.008 0.060 0.001 0.044 0.011 0.020 0.174 0.682 
 208 L _   0.008 0.068 0.001 0.051 0.012 0.020 0.161 0.679 
 209 C _   0.008 0.071 0.001 0.053 0.012 0.020 0.151 0.684 
 210 L _   0.008 0.072 0.001 0.052 0.012 0.019 0.142 0.695 
 211 L _   0.008 0.069 0.001 0.048 0.011 0.017 0.135 0.712 
 212 L _   0.007 0.063 0.001 0.041 0.009 0.015 0.128 0.735 
 213 P _   0.008 0.053 0.001 0.033 0.008 0.014 0.123 0.762 
 214 P _   0.008 0.041 0.001 0.024 0.007 0.012 0.118 0.790 
 215 D _   0.009 0.028 0.001 0.017 0.005 0.011 0.113 0.816 
 216 T _   0.010 0.016 0.001 0.011 0.004 0.010 0.109 0.839 
 217 L _   0.013 0.008 0.000 0.007 0.003 0.009 0.104 0.855 
 218 P _   0.019 0.004 0.000 0.005 0.003 0.008 0.098 0.863 
 219 L _   0.029 0.001 0.000 0.003 0.003 0.008 0.092 0.863 
 220 R _   0.047 0.000 0.000 0.002 0.003 0.008 0.085 0.854 
 221 P _   0.079 0.000 0.000 0.002 0.003 0.009 0.076 0.830 
 222 A _   0.133 0.000 0.001 0.002 0.004 0.010 0.066 0.784 
 223 V _   0.214 0.000 0.001 0.001 0.006 0.011 0.054 0.713 
 224 D _   0.319 0.000 0.001 0.001 0.008 0.012 0.043 0.616 
 225 S _   0.444 0.000 0.001 0.001 0.009 0.013 0.032 0.500 
 226 W H   0.574 0.000 0.001 0.001 0.011 0.013 0.022 0.378 
 227 G H   0.689 0.000 0.001 0.001 0.013 0.013 0.016 0.267 
 228 L H   0.783 0.000 0.001 0.001 0.015 0.011 0.011 0.178 
 229 G H   0.846 0.000 0.001 0.001 0.015 0.010 0.008 0.119 
 230 V H   0.886 0.000 0.001 0.001 0.015 0.009 0.007 0.082 
 231 L H   0.909 0.000 0.001 0.000 0.015 0.007 0.006 0.061 
 232 L H   0.919 0.000 0.001 0.000 0.015 0.007 0.006 0.052 
 233 F H   0.920 0.000 0.001 0.000 0.015 0.006 0.006 0.051 
 234 C H   0.912 0.000 0.001 0.000 0.016 0.006 0.006 0.058 
 235 A H   0.894 0.000 0.001 0.001 0.016 0.006 0.007 0.075 
 236 A H   0.861 0.000 0.001 0.001 0.017 0.007 0.009 0.104 
 237 T H   0.811 0.000 0.001 0.001 0.017 0.008 0.012 0.149 
 238 A H   0.742 0.000 0.002 0.001 0.017 0.009 0.017 0.212 
 239 C H   0.656 0.000 0.002 0.002 0.016 0.010 0.025 0.290 
 240 F H   0.554 0.000 0.002 0.002 0.014 0.011 0.036 0.381 
 241 P _   0.445 0.000 0.001 0.003 0.012 0.011 0.049 0.478 
 242 W _   0.339 0.000 0.001 0.004 0.010 0.011 0.065 0.571 
 243 D _   0.245 0.000 0.001 0.004 0.007 0.011 0.080 0.652 
 244 V _   0.169 0.000 0.001 0.004 0.005 0.010 0.093 0.718 
 245 A _   0.110 0.000 0.001 0.004 0.004 0.009 0.104 0.769 
 246 L _   0.071 0.000 0.000 0.003 0.003 0.009 0.112 0.801 
 247 A _   0.046 0.000 0.000 0.003 0.002 0.009 0.118 0.820 
 248 P _   0.032 0.001 0.000 0.003 0.002 0.010 0.123 0.828 
 249 N _   0.026 0.003 0.000 0.004 0.003 0.013 0.127 0.825 
 250 P _   0.023 0.010 0.001 0.007 0.005 0.016 0.130 0.808 
 251 E _   0.023 0.028 0.001 0.014 0.009 0.021 0.133 0.772 
 252 F _   0.023 0.069 0.002 0.027 0.014 0.025 0.135 0.705 
 253 E _   0.022 0.129 0.002 0.045 0.018 0.028 0.138 0.617 
 254 A _   0.020 0.185 0.002 0.064 0.021 0.029 0.141 0.536 
 255 F _   0.019 0.223 0.002 0.080 0.022 0.029 0.146 0.479 
 256 A _   0.017 0.242 0.002 0.091 0.022 0.028 0.153 0.446 
 257 G _   0.016 0.249 0.002 0.094 0.021 0.027 0.162 0.430 
 258 W _   0.014 0.247 0.002 0.091 0.019 0.024 0.174 0.429 
 259 V _   0.013 0.236 0.002 0.082 0.017 0.022 0.190 0.439 
 260 T _   0.012 0.213 0.002 0.068 0.014 0.019 0.210 0.463 
 261 T _   0.012 0.173 0.002 0.051 0.012 0.016 0.235 0.499 
 262 K _   0.011 0.122 0.001 0.036 0.009 0.014 0.265 0.541 
 263 P _   0.011 0.074 0.001 0.022 0.006 0.011 0.294 0.580 
 264 Q _   0.009 0.040 0.001 0.013 0.004 0.009 0.318 0.607 
 265 P _   0.008 0.020 0.000 0.007 0.002 0.006 0.335 0.622 
 266 P _   0.006 0.011 0.000 0.004 0.001 0.005 0.346 0.627 
 267 Q _   0.005 0.006 0.000 0.003 0.001 0.004 0.353 0.629 
 268 P _   0.004 0.005 0.000 0.002 0.001 0.004 0.357 0.629 
 269 P _   0.003 0.004 0.000 0.002 0.001 0.004 0.359 0.628 
 270 P _   0.003 0.004 0.000 0.002 0.001 0.004 0.359 0.626 
 271 P _   0.004 0.006 0.000 0.002 0.001 0.006 0.358 0.623 
 272 W _   0.005 0.009 0.000 0.004 0.002 0.009 0.355 0.616 
 273 D _   0.007 0.019 0.000 0.007 0.003 0.013 0.349 0.601 
 274 Q _   0.010 0.044 0.001 0.012 0.007 0.019 0.341 0.566 
 275 F _   0.013 0.099 0.001 0.021 0.012 0.024 0.327 0.502 
 276 A _   0.013 0.192 0.002 0.033 0.019 0.028 0.310 0.403 
 277 P E   0.012 0.305 0.003 0.043 0.022 0.028 0.293 0.293 
 278 P E   0.010 0.405 0.002 0.052 0.022 0.026 0.280 0.203 
 279 A E   0.008 0.467 0.002 0.057 0.020 0.023 0.272 0.150 
 280 L E   0.007 0.500 0.001 0.061 0.017 0.021 0.269 0.124 
 281 A E   0.006 0.514 0.001 0.062 0.016 0.019 0.268 0.114 
 282 L E   0.006 0.518 0.001 0.062 0.015 0.017 0.269 0.113 
 283 L E   0.006 0.513 0.001 0.060 0.014 0.016 0.272 0.119 
 284 Q E   0.006 0.495 0.001 0.056 0.014 0.015 0.277 0.136 
 285 G E   0.007 0.458 0.002 0.050 0.014 0.014 0.287 0.169 
 286 L E   0.008 0.392 0.002 0.043 0.014 0.014 0.303 0.224 
 287 L X   0.010 0.297 0.002 0.035 0.013 0.013 0.325 0.304 
 288 D _   0.011 0.195 0.002 0.025 0.010 0.013 0.352 0.391 
 289 L _   0.010 0.114 0.001 0.016 0.007 0.012 0.376 0.464 
 290 D _   0.009 0.065 0.001 0.009 0.004 0.010 0.393 0.509 
 291 P _   0.007 0.043 0.000 0.005 0.003 0.009 0.404 0.530 
 292 E _   0.006 0.034 0.000 0.003 0.002 0.008 0.411 0.536 
 293 T _   0.005 0.031 0.000 0.003 0.001 0.008 0.416 0.535 
 294 R _   0.006 0.032 0.000 0.003 0.002 0.009 0.419 0.529 
 295 S _   0.006 0.035 0.000 0.006 0.003 0.011 0.422 0.517 
 296 P _   0.007 0.044 0.001 0.011 0.005 0.013 0.423 0.497 
 297 P _   0.008 0.061 0.001 0.018 0.007 0.015 0.424 0.465 
 298 L _   0.009 0.082 0.001 0.028 0.009 0.017 0.425 0.429 
 299 A X   0.009 0.100 0.001 0.038 0.011 0.018 0.428 0.396 
 300 V X   0.009 0.112 0.001 0.046 0.012 0.018 0.431 0.371 
 301 L X   0.008 0.118 0.001 0.050 0.012 0.017 0.437 0.356 
 302 D X   0.008 0.119 0.001 0.051 0.012 0.016 0.444 0.349 
 303 F X   0.007 0.117 0.001 0.048 0.011 0.015 0.454 0.347 
 304 L X   0.007 0.110 0.001 0.042 0.010 0.013 0.467 0.351 
 305 G X   0.006 0.098 0.001 0.034 0.008 0.011 0.482 0.358 
 306 D X   0.006 0.082 0.001 0.025 0.006 0.010 0.500 0.370 
 307 D X   0.006 0.064 0.001 0.018 0.005 0.008 0.518 0.382 
 308 W X   0.005 0.048 0.001 0.012 0.003 0.007 0.534 0.391 
 309 G X   0.004 0.036 0.000 0.007 0.002 0.005 0.547 0.397 
 310 L X   0.004 0.029 0.000 0.005 0.002 0.004 0.557 0.399 
 311 Q X   0.003 0.025 0.000 0.003 0.001 0.004 0.565 0.398 
 312 G X   0.003 0.023 0.000 0.003 0.001 0.004 0.570 0.396 
 313 N X   0.002 0.023 0.000 0.003 0.001 0.004 0.574 0.392 
 314 R X   0.003 0.025 0.000 0.004 0.001 0.005 0.577 0.386 
 315 E X   0.003 0.028 0.000 0.006 0.002 0.006 0.579 0.376 
 316 G X   0.003 0.035 0.000 0.010 0.003 0.007 0.581 0.362 
 317 P X   0.003 0.045 0.000 0.015 0.004 0.008 0.582 0.343 
 318 G X   0.004 0.056 0.001 0.022 0.005 0.010 0.583 0.319 
 319 V X   0.004 0.067 0.001 0.030 0.006 0.010 0.585 0.297 
 320 L X   0.004 0.075 0.001 0.037 0.007 0.011 0.588 0.277 
 321 G X   0.004 0.080 0.001 0.041 0.008 0.011 0.594 0.262 
 322 S X   0.004 0.081 0.001 0.043 0.008 0.011 0.601 0.251 
 323 A X   0.004 0.080 0.001 0.042 0.008 0.010 0.611 0.245 
 324 V X   0.003 0.075 0.001 0.038 0.007 0.010 0.624 0.242 
 325 S X   0.003 0.068 0.001 0.032 0.006 0.009 0.641 0.241 
 326 Y X   0.003 0.057 0.001 0.025 0.005 0.008 0.659 0.242 
 327 E X   0.003 0.045 0.001 0.018 0.004 0.007 0.679 0.244 
 328 D X   0.003 0.034 0.000 0.012 0.003 0.006 0.698 0.244 
 329 R X   0.003 0.025 0.000 0.008 0.002 0.005 0.715 0.241 
 330 E X   0.002 0.020 0.000 0.006 0.002 0.004 0.729 0.236 
 331 E X   0.002 0.017 0.000 0.005 0.001 0.004 0.741 0.230 
 332 G X   0.002 0.015 0.000 0.005 0.001 0.004 0.750 0.222 
 333 G X   0.002 0.014 0.000 0.006 0.001 0.004 0.759 0.213 
 334 S X   0.002 0.014 0.000 0.007 0.002 0.004 0.767 0.204 
 335 S X   0.002 0.013 0.000 0.009 0.002 0.004 0.775 0.194 
 336 L X   0.002 0.013 0.000 0.010 0.002 0.004 0.783 0.185 
 337 E X   0.002 0.012 0.000 0.011 0.002 0.004 0.792 0.176 
 338 E X   0.002 0.011 0.000 0.010 0.002 0.004 0.802 0.169 
 339 W X   0.002 0.010 0.000 0.009 0.002 0.004 0.812 0.162 
 340 T X   0.001 0.009 0.000 0.008 0.001 0.003 0.821 0.156 
 341 D X   0.001 0.007 0.000 0.006 0.001 0.003 0.831 0.150 
 342 E X   0.001 0.006 0.000 0.005 0.001 0.002 0.840 0.145 
 343 G X   0.001 0.005 0.000 0.004 0.001 0.002 0.848 0.139 
 344 D X   0.001 0.004 0.000 0.003 0.001 0.002 0.855 0.134 
 345 D X   0.001 0.004 0.000 0.003 0.001 0.002 0.861 0.128 
 346 S X   0.001 0.003 0.000 0.003 0.001 0.002 0.866 0.123 
 347 K X   0.001 0.003 0.000 0.004 0.001 0.002 0.871 0.118 
 348 S X   0.001 0.003 0.000 0.004 0.001 0.002 0.876 0.113 
 349 G X   0.001 0.003 0.000 0.005 0.001 0.002 0.880 0.108 
 350 G X   0.001 0.003 0.000 0.005 0.001 0.002 0.883 0.104 
 351 R X   0.001 0.003 0.000 0.005 0.001 0.002 0.886 0.101 
 352 T X   0.001 0.003 0.000 0.005 0.001 0.002 0.890 0.099 
 353 G X   0.001 0.003 0.000 0.004 0.001 0.002 0.893 0.098 
 354 T X   0.000 0.002 0.000 0.003 0.001 0.001 0.896 0.097 
 355 D X   0.000 0.002 0.000 0.002 0.000 0.001 0.898 0.096 
 356 G X   0.000 0.001 0.000 0.001 0.000 0.000 0.900 0.097 
 357 G X   0.000 0.001 0.000 0.001 0.000 0.000 0.899 0.098 
 358 A X   0.000 0.001 0.000 0.002 0.000 0.000 0.895 0.102 
 359 P X   0.001 0.001 0.001 0.008 0.002 0.002 0.878 0.107 
