#TopoPred_TM8: 8-state transmembrane topology prediction results by no_profile mode 
#probabilities are in the order of H E C I L F X _, the 8 transmembrane topology types used in PDBTM 
   1 M X   0.016 0.001 0.002 0.057 0.010 0.011 0.680 0.223 
   2 V X   0.006 0.001 0.000 0.033 0.002 0.005 0.697 0.256 
   3 S X   0.002 0.000 0.000 0.016 0.001 0.003 0.700 0.278 
   4 R X   0.001 0.001 0.000 0.010 0.001 0.003 0.695 0.289 
   5 D X   0.001 0.001 0.000 0.009 0.001 0.004 0.686 0.297 
   6 Q X   0.002 0.002 0.000 0.009 0.001 0.006 0.672 0.306 
   7 A X   0.003 0.004 0.000 0.011 0.002 0.008 0.656 0.315 
   8 H X   0.004 0.008 0.000 0.015 0.003 0.011 0.634 0.324 
   9 L X   0.005 0.013 0.001 0.021 0.004 0.013 0.609 0.333 
  10 G X   0.005 0.021 0.001 0.029 0.006 0.015 0.580 0.342 
  11 P X   0.005 0.030 0.001 0.037 0.008 0.016 0.551 0.351 
  12 K X   0.005 0.037 0.001 0.044 0.009 0.017 0.525 0.362 
  13 Y X   0.006 0.042 0.001 0.047 0.010 0.017 0.503 0.376 
  14 V X   0.006 0.044 0.001 0.048 0.010 0.016 0.485 0.391 
  15 G X   0.006 0.045 0.001 0.045 0.009 0.015 0.470 0.409 
  16 L X   0.006 0.043 0.001 0.040 0.008 0.014 0.457 0.431 
  17 W _   0.006 0.040 0.001 0.032 0.007 0.013 0.446 0.455 
  18 D _   0.005 0.035 0.001 0.025 0.006 0.011 0.436 0.481 
  19 F _   0.005 0.030 0.001 0.018 0.004 0.010 0.427 0.506 
  20 K _   0.005 0.024 0.000 0.012 0.003 0.009 0.418 0.528 
  21 S _   0.004 0.020 0.000 0.009 0.003 0.008 0.408 0.548 
  22 R _   0.004 0.017 0.000 0.006 0.002 0.008 0.398 0.563 
  23 T _   0.004 0.016 0.000 0.006 0.002 0.008 0.387 0.576 
  24 D _   0.005 0.016 0.000 0.006 0.003 0.009 0.375 0.586 
  25 E _   0.006 0.017 0.000 0.007 0.003 0.011 0.362 0.593 
  26 E _   0.007 0.019 0.001 0.010 0.005 0.013 0.348 0.598 
  27 L _   0.008 0.024 0.001 0.013 0.006 0.016 0.332 0.599 
  28 S _   0.010 0.029 0.001 0.018 0.009 0.019 0.315 0.599 
  29 F _   0.011 0.036 0.001 0.023 0.011 0.022 0.299 0.597 
  30 R _   0.013 0.041 0.001 0.028 0.013 0.024 0.283 0.596 
  31 A _   0.014 0.046 0.001 0.032 0.014 0.026 0.269 0.598 
  32 G _   0.016 0.048 0.001 0.034 0.015 0.027 0.257 0.603 
  33 D _   0.017 0.049 0.001 0.033 0.015 0.028 0.246 0.611 
  34 V _   0.018 0.048 0.001 0.030 0.015 0.028 0.236 0.624 
  35 F _   0.020 0.045 0.001 0.026 0.013 0.027 0.227 0.640 
  36 H _   0.020 0.041 0.001 0.021 0.012 0.027 0.219 0.659 
  37 V _   0.021 0.036 0.001 0.016 0.010 0.026 0.211 0.677 
  38 A _   0.022 0.032 0.001 0.012 0.009 0.026 0.204 0.694 
  39 R _   0.022 0.029 0.001 0.009 0.008 0.026 0.197 0.708 
  40 K _   0.023 0.027 0.001 0.008 0.008 0.026 0.190 0.717 
  41 E _   0.025 0.027 0.001 0.008 0.009 0.027 0.183 0.721 
  42 E _   0.026 0.029 0.001 0.009 0.010 0.029 0.175 0.721 
  43 Q _   0.028 0.032 0.001 0.011 0.012 0.030 0.168 0.718 
  44 W _   0.029 0.037 0.001 0.014 0.013 0.030 0.161 0.714 
  45 W _   0.029 0.043 0.001 0.018 0.015 0.031 0.154 0.709 
  46 W _   0.029 0.049 0.001 0.021 0.016 0.030 0.148 0.706 
  47 A _   0.028 0.054 0.001 0.024 0.016 0.029 0.142 0.706 
  48 T _   0.027 0.057 0.001 0.024 0.015 0.028 0.136 0.711 
  49 L _   0.025 0.059 0.001 0.023 0.014 0.026 0.131 0.720 
  50 L _   0.024 0.059 0.001 0.021 0.013 0.025 0.127 0.731 
  51 D _   0.022 0.059 0.001 0.018 0.011 0.023 0.123 0.742 
  52 E _   0.021 0.058 0.001 0.017 0.010 0.022 0.119 0.752 
  53 A _   0.020 0.058 0.001 0.016 0.010 0.021 0.116 0.759 
  54 G _   0.019 0.058 0.001 0.016 0.009 0.020 0.113 0.764 
  55 G _   0.019 0.058 0.001 0.017 0.009 0.019 0.110 0.767 
  56 A _   0.018 0.058 0.001 0.019 0.009 0.019 0.107 0.769 
  57 V _   0.017 0.058 0.001 0.020 0.009 0.018 0.105 0.773 
  58 A _   0.016 0.057 0.001 0.020 0.008 0.017 0.103 0.778 
  59 Q _   0.014 0.055 0.001 0.019 0.008 0.015 0.101 0.786 
  60 G _   0.013 0.052 0.001 0.018 0.007 0.014 0.100 0.796 
  61 Y _   0.011 0.048 0.001 0.015 0.006 0.013 0.098 0.807 
  62 V _   0.010 0.045 0.001 0.013 0.005 0.011 0.097 0.818 
  63 P _   0.009 0.041 0.001 0.011 0.004 0.010 0.096 0.828 
  64 H _   0.008 0.038 0.000 0.010 0.004 0.010 0.095 0.835 
  65 N _   0.008 0.036 0.000 0.009 0.004 0.010 0.094 0.840 
  66 Y _   0.007 0.035 0.000 0.009 0.003 0.010 0.092 0.844 
  67 L _   0.007 0.034 0.000 0.008 0.003 0.010 0.091 0.846 
  68 A _   0.007 0.034 0.000 0.008 0.003 0.010 0.089 0.847 
  69 E _   0.007 0.035 0.000 0.008 0.004 0.011 0.087 0.847 
  70 R _   0.007 0.037 0.000 0.009 0.004 0.012 0.085 0.845 
  71 E _   0.007 0.040 0.001 0.009 0.004 0.013 0.083 0.842 
  72 T _   0.008 0.044 0.001 0.010 0.005 0.015 0.081 0.837 
  73 V _   0.009 0.050 0.001 0.012 0.006 0.017 0.078 0.827 
  74 E _   0.011 0.058 0.001 0.014 0.008 0.020 0.075 0.814 
  75 S _   0.013 0.068 0.001 0.017 0.010 0.023 0.072 0.796 
  76 E _   0.015 0.079 0.001 0.021 0.012 0.026 0.069 0.777 
  77 P _   0.017 0.090 0.001 0.025 0.015 0.028 0.067 0.757 
  78 W _   0.019 0.100 0.001 0.029 0.017 0.031 0.065 0.739 
  79 F _   0.021 0.107 0.001 0.032 0.019 0.032 0.063 0.725 
  80 F _   0.022 0.112 0.001 0.034 0.020 0.033 0.061 0.716 
  81 G _   0.024 0.114 0.001 0.034 0.021 0.033 0.060 0.712 
  82 C _   0.025 0.114 0.001 0.033 0.021 0.033 0.059 0.713 
  83 I _   0.026 0.111 0.001 0.032 0.020 0.033 0.059 0.718 
  84 S _   0.027 0.107 0.001 0.029 0.019 0.031 0.059 0.727 
  85 R _   0.027 0.100 0.001 0.027 0.017 0.030 0.059 0.738 
  86 S _   0.027 0.092 0.001 0.025 0.015 0.028 0.060 0.752 
  87 E _   0.026 0.083 0.001 0.023 0.014 0.026 0.060 0.766 
  88 A _   0.025 0.073 0.001 0.021 0.012 0.025 0.061 0.783 
  89 V _   0.023 0.062 0.001 0.018 0.010 0.023 0.062 0.801 
  90 R _   0.021 0.051 0.001 0.015 0.008 0.021 0.063 0.820 
  91 R _   0.020 0.040 0.001 0.012 0.007 0.019 0.064 0.837 
  92 L _   0.018 0.032 0.001 0.009 0.006 0.018 0.064 0.852 
  93 Q _   0.017 0.026 0.001 0.007 0.005 0.017 0.064 0.863 
  94 A _   0.017 0.022 0.000 0.006 0.004 0.017 0.064 0.869 
  95 E _   0.017 0.021 0.000 0.005 0.004 0.018 0.064 0.870 
  96 G _   0.019 0.021 0.001 0.006 0.005 0.020 0.063 0.865 
  97 N _   0.021 0.025 0.001 0.008 0.007 0.023 0.062 0.852 
  98 A _   0.024 0.031 0.001 0.013 0.011 0.026 0.061 0.832 
  99 T _   0.028 0.043 0.001 0.021 0.015 0.029 0.060 0.803 
 100 G _   0.030 0.056 0.002 0.031 0.019 0.031 0.059 0.772 
 101 A _   0.031 0.067 0.002 0.041 0.021 0.032 0.059 0.747 
 102 F _   0.031 0.073 0.002 0.048 0.022 0.032 0.059 0.733 
 103 L _   0.030 0.075 0.002 0.050 0.022 0.031 0.059 0.731 
 104 I _   0.028 0.074 0.002 0.048 0.020 0.028 0.059 0.742 
 105 R _   0.026 0.068 0.001 0.041 0.017 0.025 0.061 0.763 
 106 V _   0.023 0.057 0.001 0.031 0.013 0.022 0.062 0.791 
 107 S _   0.020 0.043 0.001 0.022 0.010 0.018 0.063 0.823 
 108 E _   0.017 0.029 0.001 0.014 0.007 0.016 0.065 0.852 
 109 K _   0.014 0.018 0.001 0.009 0.005 0.014 0.066 0.874 
 110 P _   0.012 0.012 0.000 0.006 0.004 0.012 0.066 0.887 
 111 S _   0.011 0.009 0.000 0.005 0.003 0.011 0.067 0.893 
 112 A _   0.011 0.008 0.000 0.005 0.003 0.011 0.067 0.895 
 113 D _   0.011 0.008 0.000 0.005 0.003 0.012 0.067 0.893 
 114 Y _   0.011 0.009 0.000 0.007 0.004 0.013 0.067 0.888 
 115 V _   0.012 0.011 0.001 0.009 0.005 0.014 0.067 0.882 
 116 L _   0.012 0.013 0.001 0.012 0.006 0.015 0.066 0.875 
 117 S _   0.013 0.015 0.001 0.013 0.006 0.016 0.066 0.871 
 118 V _   0.013 0.017 0.001 0.014 0.007 0.017 0.065 0.867 
 119 R _   0.013 0.018 0.001 0.015 0.007 0.018 0.065 0.864 
 120 D _   0.013 0.019 0.001 0.014 0.007 0.018 0.064 0.863 
 121 T _   0.014 0.020 0.001 0.013 0.008 0.019 0.064 0.862 
 122 Q _   0.014 0.021 0.001 0.013 0.008 0.019 0.064 0.861 
 123 A _   0.015 0.022 0.001 0.013 0.008 0.020 0.064 0.857 
 124 V _   0.016 0.023 0.001 0.014 0.009 0.021 0.064 0.853 
 125 R _   0.017 0.025 0.001 0.015 0.010 0.022 0.064 0.847 
 126 H _   0.018 0.027 0.001 0.017 0.010 0.023 0.064 0.840 
 127 Y _   0.019 0.029 0.001 0.019 0.011 0.024 0.064 0.833 
 128 K _   0.019 0.031 0.001 0.021 0.012 0.024 0.064 0.827 
 129 I _   0.019 0.032 0.001 0.022 0.012 0.024 0.065 0.825 
 130 W _   0.019 0.032 0.001 0.022 0.012 0.023 0.066 0.825 
 131 R _   0.018 0.030 0.001 0.021 0.011 0.023 0.067 0.830 
 132 R _   0.017 0.029 0.001 0.018 0.010 0.022 0.068 0.836 
 133 A _   0.017 0.026 0.001 0.015 0.008 0.021 0.069 0.843 
 134 G _   0.016 0.024 0.001 0.012 0.007 0.020 0.070 0.849 
 135 G _   0.017 0.022 0.001 0.010 0.007 0.020 0.071 0.854 
 136 R _   0.017 0.020 0.001 0.009 0.006 0.020 0.072 0.855 
 137 L _   0.018 0.020 0.001 0.008 0.006 0.021 0.073 0.854 
 138 H _   0.019 0.020 0.001 0.008 0.007 0.023 0.073 0.849 
 139 L _   0.022 0.021 0.001 0.009 0.008 0.025 0.074 0.841 
 140 N _   0.024 0.024 0.001 0.011 0.009 0.027 0.075 0.830 
 141 E _   0.027 0.027 0.001 0.013 0.011 0.029 0.075 0.816 
 142 A _   0.031 0.032 0.001 0.015 0.014 0.031 0.076 0.800 
 143 V _   0.034 0.037 0.001 0.018 0.016 0.033 0.077 0.784 
 144 S _   0.037 0.041 0.001 0.021 0.018 0.035 0.078 0.769 
 145 F _   0.039 0.045 0.001 0.023 0.019 0.036 0.079 0.757 
 146 L _   0.040 0.047 0.001 0.025 0.020 0.036 0.081 0.749 
 147 S _   0.042 0.049 0.001 0.025 0.020 0.036 0.083 0.744 
 148 L _   0.042 0.049 0.001 0.025 0.020 0.035 0.085 0.742 
 149 P _   0.041 0.048 0.001 0.024 0.018 0.033 0.088 0.746 
 150 E _   0.039 0.046 0.001 0.022 0.016 0.031 0.092 0.753 
 151 L _   0.037 0.043 0.001 0.019 0.014 0.029 0.095 0.763 
 152 V _   0.034 0.039 0.001 0.016 0.012 0.027 0.099 0.773 
 153 N _   0.030 0.035 0.001 0.013 0.010 0.024 0.102 0.784 
 154 Y _   0.027 0.032 0.001 0.011 0.008 0.022 0.105 0.793 
 155 H _   0.024 0.030 0.001 0.009 0.007 0.021 0.108 0.801 
 156 R _   0.021 0.029 0.001 0.009 0.006 0.019 0.111 0.804 
 157 A _   0.019 0.029 0.001 0.009 0.006 0.019 0.113 0.805 
 158 Q _   0.018 0.030 0.001 0.010 0.006 0.018 0.115 0.803 
 159 S _   0.017 0.032 0.001 0.012 0.007 0.018 0.117 0.796 
 160 L _   0.017 0.036 0.001 0.015 0.007 0.019 0.120 0.786 
 161 S _   0.017 0.040 0.001 0.020 0.009 0.019 0.122 0.773 
 162 H _   0.017 0.044 0.001 0.025 0.010 0.019 0.124 0.760 
 163 G _   0.017 0.048 0.001 0.030 0.010 0.019 0.127 0.748 
 164 L _   0.016 0.049 0.001 0.033 0.011 0.018 0.131 0.741 
 165 R _   0.016 0.049 0.001 0.033 0.010 0.017 0.135 0.739 
 166 L _   0.015 0.046 0.001 0.031 0.009 0.015 0.140 0.743 
 167 A _   0.014 0.041 0.001 0.027 0.007 0.014 0.146 0.750 
 168 A _   0.013 0.034 0.001 0.021 0.006 0.012 0.152 0.761 
 169 P _   0.012 0.026 0.001 0.016 0.005 0.010 0.158 0.773 
 170 C _   0.011 0.018 0.000 0.011 0.003 0.009 0.163 0.783 
 171 R _   0.010 0.012 0.000 0.008 0.003 0.008 0.168 0.790 
 172 K _   0.009 0.008 0.000 0.006 0.002 0.007 0.173 0.794 
 173 H _   0.008 0.006 0.000 0.005 0.002 0.006 0.176 0.796 
 174 E _   0.008 0.004 0.000 0.005 0.002 0.006 0.179 0.796 
 175 P _   0.007 0.003 0.000 0.005 0.002 0.006 0.181 0.796 
 176 E _   0.007 0.003 0.000 0.005 0.002 0.005 0.183 0.796 
 177 P _   0.007 0.002 0.000 0.005 0.002 0.005 0.183 0.796 
 178 L _   0.006 0.002 0.000 0.005 0.002 0.005 0.183 0.796 
 179 P _   0.006 0.002 0.000 0.005 0.002 0.005 0.182 0.798 
 180 H _   0.005 0.002 0.000 0.005 0.002 0.005 0.181 0.801 
 181 W _   0.005 0.003 0.000 0.004 0.001 0.005 0.178 0.803 
 182 D _   0.004 0.003 0.000 0.004 0.002 0.006 0.175 0.806 
 183 D _   0.004 0.004 0.000 0.005 0.002 0.006 0.171 0.807 
 184 W _   0.005 0.006 0.000 0.005 0.002 0.008 0.167 0.807 
 185 E _   0.005 0.009 0.000 0.007 0.003 0.009 0.161 0.805 
 186 R _   0.006 0.015 0.000 0.009 0.004 0.012 0.155 0.800 
 187 P _   0.007 0.024 0.001 0.013 0.005 0.014 0.147 0.789 
 188 R _   0.008 0.036 0.001 0.018 0.007 0.017 0.139 0.775 
 189 E _   0.008 0.049 0.001 0.024 0.009 0.020 0.130 0.759 
 190 E _   0.009 0.062 0.001 0.029 0.010 0.022 0.122 0.745 
 191 F _   0.010 0.071 0.001 0.033 0.012 0.024 0.115 0.735 
 192 T _   0.010 0.078 0.001 0.035 0.013 0.025 0.108 0.730 
 193 L _   0.011 0.081 0.001 0.034 0.013 0.026 0.102 0.730 
 194 C _   0.012 0.082 0.001 0.032 0.013 0.027 0.097 0.735 
 195 R _   0.013 0.082 0.001 0.028 0.013 0.028 0.093 0.742 
 196 K _   0.014 0.079 0.001 0.025 0.013 0.029 0.089 0.750 
 197 L _   0.016 0.076 0.001 0.021 0.013 0.030 0.085 0.757 
 198 G _   0.018 0.074 0.001 0.019 0.013 0.031 0.081 0.762 
 199 S _   0.021 0.071 0.001 0.018 0.014 0.032 0.078 0.764 
 200 G _   0.024 0.069 0.001 0.019 0.015 0.034 0.075 0.763 
 201 Y _   0.027 0.068 0.001 0.020 0.016 0.035 0.072 0.760 
 202 F _   0.030 0.066 0.001 0.022 0.018 0.036 0.070 0.757 
 203 G _   0.033 0.064 0.001 0.023 0.018 0.036 0.068 0.756 
 204 E _   0.035 0.061 0.001 0.024 0.019 0.036 0.066 0.759 
 205 V _   0.036 0.056 0.001 0.023 0.018 0.035 0.064 0.767 
 206 F _   0.036 0.050 0.001 0.021 0.016 0.034 0.062 0.780 
 207 E _   0.035 0.043 0.001 0.018 0.015 0.032 0.061 0.795 
 208 G _   0.034 0.036 0.001 0.014 0.013 0.031 0.059 0.811 
 209 L _   0.033 0.030 0.001 0.012 0.011 0.030 0.058 0.826 
 210 W _   0.032 0.025 0.001 0.010 0.010 0.029 0.057 0.837 
 211 K _   0.031 0.022 0.001 0.009 0.010 0.028 0.056 0.844 
 212 D _   0.031 0.021 0.001 0.009 0.010 0.028 0.054 0.847 
 213 R _   0.031 0.021 0.001 0.011 0.010 0.028 0.053 0.846 
 214 V _   0.031 0.021 0.001 0.013 0.012 0.028 0.052 0.842 
 215 Q _   0.031 0.022 0.001 0.016 0.013 0.028 0.051 0.838 
 216 V _   0.031 0.023 0.001 0.019 0.013 0.028 0.050 0.835 
 217 A _   0.031 0.023 0.001 0.020 0.013 0.027 0.049 0.836 
 218 I _   0.030 0.022 0.001 0.021 0.013 0.025 0.048 0.840 
 219 K _   0.028 0.021 0.001 0.019 0.012 0.024 0.047 0.848 
 220 V _   0.026 0.018 0.001 0.016 0.010 0.022 0.047 0.859 
 221 I _   0.024 0.014 0.001 0.013 0.009 0.020 0.046 0.872 
 222 S _   0.023 0.011 0.001 0.010 0.007 0.019 0.046 0.884 
 223 R _   0.021 0.008 0.001 0.008 0.006 0.018 0.046 0.893 
 224 D _   0.020 0.006 0.001 0.006 0.005 0.017 0.045 0.900 
 225 N _   0.019 0.005 0.001 0.006 0.005 0.017 0.044 0.903 
 226 L _   0.019 0.005 0.001 0.006 0.005 0.017 0.044 0.904 
 227 L _   0.020 0.005 0.001 0.007 0.005 0.017 0.043 0.902 
 228 H _   0.020 0.006 0.001 0.008 0.006 0.018 0.042 0.899 
 229 Q _   0.021 0.006 0.001 0.010 0.007 0.019 0.041 0.895 
 230 Q _   0.021 0.007 0.001 0.012 0.008 0.020 0.040 0.890 
 231 M _   0.022 0.009 0.001 0.015 0.009 0.020 0.039 0.886 
 232 L _   0.023 0.009 0.001 0.017 0.010 0.020 0.038 0.882 
 233 Q _   0.023 0.010 0.001 0.018 0.010 0.020 0.037 0.880 
 234 S _   0.024 0.009 0.001 0.019 0.010 0.020 0.036 0.881 
 235 E _   0.026 0.009 0.001 0.018 0.009 0.019 0.036 0.883 
 236 I _   0.027 0.007 0.001 0.016 0.008 0.018 0.035 0.888 
 237 Q _   0.030 0.005 0.001 0.013 0.007 0.017 0.034 0.893 
 238 A _   0.035 0.003 0.001 0.009 0.006 0.016 0.033 0.897 
 239 M _   0.042 0.002 0.001 0.006 0.005 0.015 0.032 0.897 
 240 K _   0.053 0.001 0.000 0.004 0.004 0.015 0.031 0.893 
 241 K _   0.069 0.000 0.000 0.003 0.004 0.015 0.029 0.880 
 242 L _   0.095 0.000 0.000 0.002 0.004 0.017 0.027 0.855 
 243 R _   0.134 0.000 0.001 0.002 0.005 0.019 0.025 0.815 
 244 H _   0.188 0.000 0.001 0.002 0.008 0.023 0.023 0.756 
 245 K _   0.257 0.000 0.001 0.002 0.012 0.027 0.020 0.681 
 246 H _   0.334 0.000 0.001 0.002 0.017 0.032 0.018 0.595 
 247 I _   0.407 0.000 0.002 0.003 0.024 0.036 0.016 0.512 
 248 L H   0.471 0.000 0.002 0.004 0.030 0.038 0.015 0.439 
 249 A H   0.520 0.000 0.002 0.005 0.035 0.039 0.014 0.385 
 250 L H   0.553 0.001 0.002 0.006 0.036 0.038 0.013 0.350 
 251 Y H   0.573 0.001 0.002 0.006 0.036 0.036 0.013 0.333 
 252 A H   0.580 0.001 0.002 0.006 0.033 0.034 0.013 0.332 
 253 V H   0.574 0.000 0.002 0.005 0.029 0.031 0.014 0.344 
 254 V H   0.558 0.000 0.002 0.004 0.024 0.029 0.014 0.370 
 255 S H   0.532 0.000 0.001 0.003 0.019 0.027 0.015 0.404 
 256 V H   0.500 0.000 0.001 0.002 0.015 0.025 0.016 0.441 
 257 G _   0.467 0.000 0.001 0.001 0.012 0.025 0.017 0.477 
 258 D _   0.436 0.000 0.001 0.001 0.010 0.025 0.018 0.508 
 259 P _   0.410 0.000 0.001 0.001 0.010 0.027 0.020 0.531 
 260 V _   0.386 0.000 0.001 0.002 0.012 0.030 0.021 0.549 
 261 Y _   0.365 0.000 0.001 0.003 0.014 0.033 0.023 0.561 
 262 I _   0.346 0.001 0.001 0.004 0.018 0.036 0.025 0.569 
 263 I _   0.325 0.002 0.002 0.007 0.022 0.040 0.027 0.576 
 264 T _   0.301 0.005 0.002 0.011 0.026 0.042 0.030 0.584 
 265 E _   0.273 0.008 0.002 0.016 0.029 0.043 0.032 0.596 
 266 L _   0.242 0.011 0.002 0.020 0.031 0.044 0.035 0.615 
 267 M _   0.211 0.014 0.002 0.024 0.031 0.043 0.039 0.638 
 268 A _   0.179 0.016 0.002 0.027 0.029 0.041 0.043 0.665 
 269 K _   0.148 0.017 0.002 0.028 0.026 0.038 0.047 0.694 
 270 G _   0.120 0.017 0.002 0.029 0.022 0.034 0.051 0.726 
 271 S _   0.095 0.016 0.001 0.027 0.018 0.030 0.056 0.756 
 272 L _   0.074 0.014 0.001 0.025 0.014 0.025 0.061 0.785 
 273 L _   0.057 0.012 0.001 0.021 0.010 0.021 0.066 0.813 
 274 E _   0.042 0.009 0.001 0.016 0.007 0.017 0.070 0.838 
 275 L _   0.031 0.006 0.001 0.011 0.005 0.014 0.074 0.859 
 276 L _   0.023 0.003 0.000 0.007 0.003 0.011 0.076 0.876 
 277 R _   0.017 0.002 0.000 0.005 0.002 0.008 0.078 0.888 
 278 D _   0.013 0.001 0.000 0.003 0.002 0.007 0.080 0.895 
 279 S _   0.010 0.000 0.000 0.002 0.001 0.007 0.080 0.899 
 280 D _   0.010 0.000 0.000 0.002 0.001 0.007 0.081 0.899 
 281 E _   0.012 0.000 0.000 0.002 0.001 0.008 0.080 0.896 
 282 K _   0.016 0.000 0.000 0.002 0.002 0.011 0.080 0.890 
 283 V _   0.023 0.000 0.000 0.002 0.003 0.015 0.079 0.877 
 284 L _   0.035 0.000 0.000 0.003 0.004 0.021 0.077 0.858 
 285 P _   0.052 0.000 0.001 0.004 0.007 0.029 0.075 0.831 
 286 V _   0.073 0.001 0.001 0.006 0.011 0.039 0.073 0.796 
 287 S _   0.099 0.002 0.001 0.008 0.018 0.049 0.070 0.754 
 288 E _   0.127 0.003 0.002 0.010 0.026 0.059 0.067 0.705 
 289 L _   0.158 0.006 0.002 0.012 0.036 0.068 0.064 0.655 
 290 L _   0.186 0.008 0.002 0.014 0.045 0.075 0.062 0.607 
 291 D _   0.211 0.012 0.002 0.015 0.054 0.080 0.060 0.565 
 292 I _   0.231 0.016 0.003 0.018 0.061 0.082 0.059 0.532 
 293 A _   0.244 0.020 0.003 0.020 0.065 0.082 0.059 0.508 
 294 W _   0.252 0.023 0.003 0.022 0.067 0.079 0.059 0.495 
 295 Q _   0.252 0.026 0.003 0.025 0.065 0.076 0.060 0.494 
 296 V _   0.246 0.028 0.003 0.027 0.061 0.071 0.061 0.502 
 297 A _   0.232 0.029 0.003 0.029 0.055 0.065 0.063 0.524 
 298 E _   0.212 0.028 0.003 0.029 0.047 0.058 0.066 0.557 
 299 G _   0.186 0.026 0.002 0.028 0.038 0.050 0.069 0.600 
 300 M _   0.157 0.022 0.002 0.024 0.029 0.042 0.073 0.651 
 301 C _   0.126 0.017 0.002 0.020 0.020 0.034 0.077 0.705 
 302 Y _   0.096 0.011 0.001 0.015 0.013 0.027 0.080 0.757 
 303 L _   0.069 0.007 0.001 0.010 0.008 0.021 0.083 0.801 
 304 E _   0.047 0.004 0.001 0.007 0.005 0.016 0.085 0.836 
 305 S _   0.032 0.002 0.000 0.005 0.003 0.013 0.086 0.860 
 306 Q _   0.021 0.001 0.000 0.003 0.002 0.010 0.087 0.875 
 307 N _   0.015 0.001 0.000 0.003 0.002 0.009 0.087 0.883 
 308 Y _   0.012 0.001 0.000 0.003 0.002 0.009 0.087 0.887 
 309 I _   0.010 0.001 0.000 0.003 0.002 0.009 0.086 0.888 
 310 H _   0.010 0.003 0.000 0.004 0.003 0.010 0.085 0.884 
 311 R _   0.011 0.005 0.000 0.006 0.004 0.012 0.084 0.877 
 312 D _   0.011 0.010 0.001 0.010 0.005 0.014 0.082 0.866 
 313 L _   0.013 0.017 0.001 0.014 0.007 0.017 0.080 0.852 
 314 A _   0.013 0.025 0.001 0.018 0.009 0.019 0.078 0.837 
 315 A _   0.014 0.033 0.001 0.021 0.010 0.021 0.076 0.822 
 316 R _   0.015 0.040 0.001 0.024 0.012 0.022 0.075 0.812 
 317 N _   0.016 0.045 0.001 0.025 0.012 0.023 0.074 0.805 
 318 I _   0.017 0.049 0.001 0.024 0.012 0.023 0.073 0.801 
 319 L _   0.017 0.051 0.001 0.022 0.012 0.023 0.072 0.801 
 320 V _   0.018 0.052 0.001 0.020 0.011 0.024 0.072 0.803 
 321 G _   0.018 0.053 0.001 0.018 0.010 0.024 0.071 0.805 
 322 E _   0.018 0.053 0.001 0.015 0.010 0.024 0.071 0.808 
 323 N _   0.019 0.053 0.001 0.013 0.009 0.024 0.071 0.810 
 324 T _   0.020 0.054 0.001 0.012 0.009 0.024 0.071 0.809 
 325 L _   0.020 0.056 0.001 0.011 0.009 0.025 0.071 0.807 
 326 C _   0.021 0.059 0.001 0.012 0.009 0.026 0.071 0.802 
 327 K _   0.022 0.064 0.001 0.013 0.010 0.026 0.070 0.793 
 328 V _   0.023 0.072 0.001 0.016 0.011 0.027 0.070 0.780 
 329 G _   0.024 0.082 0.001 0.019 0.013 0.028 0.070 0.763 
 330 D _   0.024 0.093 0.001 0.024 0.015 0.029 0.070 0.744 
 331 F _   0.025 0.104 0.001 0.029 0.016 0.029 0.070 0.726 
 332 G _   0.025 0.112 0.001 0.034 0.017 0.029 0.070 0.711 
 333 L _   0.024 0.118 0.001 0.038 0.018 0.028 0.071 0.701 
 334 A _   0.023 0.120 0.001 0.041 0.018 0.027 0.072 0.697 
 335 R _   0.021 0.120 0.001 0.041 0.017 0.025 0.074 0.700 
 336 L _   0.020 0.116 0.001 0.040 0.015 0.023 0.077 0.708 
 337 I _   0.018 0.108 0.001 0.036 0.013 0.021 0.079 0.723 
 338 K _   0.017 0.097 0.001 0.032 0.011 0.018 0.083 0.741 
 339 E _   0.015 0.083 0.001 0.026 0.009 0.016 0.086 0.764 
 340 D _   0.014 0.066 0.001 0.021 0.007 0.013 0.090 0.788 
 341 V _   0.012 0.050 0.001 0.016 0.005 0.011 0.093 0.812 
 342 Y _   0.011 0.035 0.001 0.012 0.004 0.010 0.096 0.832 
 343 L _   0.009 0.024 0.000 0.009 0.003 0.008 0.099 0.848 
 344 S _   0.008 0.016 0.000 0.006 0.002 0.007 0.101 0.860 
 345 H _   0.007 0.012 0.000 0.005 0.002 0.006 0.102 0.867 
 346 D _   0.006 0.009 0.000 0.004 0.002 0.006 0.103 0.870 
 347 H _   0.005 0.008 0.000 0.004 0.002 0.006 0.103 0.872 
 348 N _   0.005 0.008 0.000 0.005 0.002 0.006 0.103 0.871 
 349 I _   0.005 0.009 0.000 0.006 0.002 0.007 0.102 0.868 
 350 P _   0.006 0.010 0.000 0.009 0.003 0.008 0.101 0.863 
 351 Y _   0.006 0.013 0.000 0.012 0.004 0.010 0.100 0.856 
 352 K _   0.006 0.016 0.001 0.016 0.005 0.011 0.098 0.848 
 353 W _   0.006 0.019 0.001 0.021 0.006 0.012 0.097 0.840 
 354 T _   0.006 0.021 0.001 0.025 0.006 0.012 0.095 0.833 
 355 A _   0.006 0.023 0.001 0.028 0.007 0.013 0.094 0.829 
 356 P _   0.006 0.023 0.001 0.029 0.007 0.013 0.093 0.828 
 357 E _   0.006 0.023 0.001 0.028 0.007 0.012 0.093 0.830 
 358 A _   0.006 0.021 0.001 0.025 0.006 0.012 0.093 0.835 
 359 L _   0.007 0.018 0.001 0.021 0.006 0.011 0.093 0.844 
 360 S _   0.007 0.014 0.001 0.016 0.005 0.011 0.094 0.853 
 361 R _   0.008 0.009 0.000 0.012 0.004 0.010 0.094 0.862 
 362 G _   0.009 0.006 0.000 0.008 0.003 0.010 0.094 0.869 
 363 H _   0.012 0.003 0.000 0.006 0.003 0.011 0.094 0.872 
 364 Y _   0.018 0.001 0.000 0.004 0.003 0.012 0.093 0.868 
 365 S _   0.029 0.001 0.000 0.003 0.003 0.014 0.092 0.857 
 366 T _   0.049 0.000 0.000 0.003 0.004 0.019 0.091 0.834 
 367 K _   0.083 0.000 0.001 0.003 0.007 0.025 0.089 0.794 
 368 S _   0.131 0.000 0.001 0.003 0.011 0.033 0.087 0.734 
 369 D _   0.194 0.001 0.001 0.004 0.020 0.043 0.084 0.654 
 370 V _   0.261 0.002 0.002 0.006 0.032 0.053 0.082 0.563 
 371 W _   0.323 0.004 0.002 0.008 0.046 0.061 0.080 0.476 
 372 S _   0.369 0.007 0.003 0.011 0.058 0.066 0.080 0.406 
 373 F H   0.401 0.012 0.003 0.015 0.067 0.068 0.080 0.354 
 374 G H   0.419 0.016 0.003 0.019 0.071 0.068 0.082 0.323 
 375 I H   0.423 0.019 0.003 0.022 0.073 0.065 0.085 0.310 
 376 L H   0.417 0.021 0.003 0.023 0.071 0.061 0.089 0.316 
 377 L H   0.397 0.020 0.003 0.023 0.065 0.057 0.095 0.340 
 378 H _   0.366 0.018 0.003 0.021 0.057 0.051 0.102 0.383 
 379 E _   0.321 0.015 0.003 0.019 0.046 0.044 0.110 0.441 
 380 M _   0.267 0.012 0.002 0.017 0.034 0.038 0.120 0.511 
 381 F _   0.210 0.008 0.002 0.014 0.023 0.031 0.130 0.582 
 382 S _   0.157 0.005 0.001 0.011 0.015 0.025 0.139 0.646 
 383 R _   0.112 0.003 0.001 0.009 0.010 0.020 0.148 0.697 
 384 G _   0.076 0.002 0.001 0.007 0.006 0.016 0.155 0.737 
 385 Q _   0.050 0.001 0.001 0.006 0.004 0.012 0.161 0.765 
 386 V _   0.032 0.001 0.000 0.005 0.003 0.010 0.166 0.783 
 387 P _   0.021 0.001 0.000 0.004 0.002 0.008 0.169 0.795 
 388 Y _   0.014 0.001 0.000 0.003 0.002 0.007 0.171 0.801 
 389 P _   0.010 0.001 0.000 0.003 0.002 0.007 0.173 0.804 
 390 G _   0.008 0.002 0.000 0.004 0.002 0.007 0.174 0.804 
 391 M _   0.007 0.003 0.000 0.005 0.002 0.008 0.174 0.801 
 392 S _   0.007 0.006 0.000 0.006 0.003 0.009 0.174 0.794 
 393 N _   0.007 0.011 0.000 0.009 0.004 0.010 0.174 0.784 
 394 H _   0.008 0.018 0.001 0.013 0.005 0.012 0.174 0.770 
 395 E _   0.008 0.026 0.001 0.018 0.006 0.013 0.173 0.754 
 396 A _   0.008 0.035 0.001 0.023 0.008 0.015 0.172 0.737 
 397 F _   0.009 0.043 0.001 0.028 0.009 0.016 0.172 0.723 
 398 L _   0.009 0.049 0.001 0.031 0.009 0.016 0.173 0.712 
 399 R _   0.009 0.052 0.001 0.032 0.010 0.016 0.174 0.706 
 400 V _   0.009 0.053 0.001 0.032 0.010 0.016 0.175 0.704 
 401 D _   0.009 0.053 0.001 0.031 0.009 0.016 0.177 0.704 
 402 A _   0.009 0.051 0.001 0.028 0.009 0.015 0.180 0.707 
 403 G _   0.009 0.047 0.001 0.025 0.008 0.014 0.184 0.712 
 404 Y _   0.009 0.042 0.001 0.021 0.007 0.014 0.188 0.718 
 405 R _   0.009 0.037 0.001 0.017 0.006 0.013 0.193 0.725 
 406 M _   0.009 0.031 0.001 0.013 0.005 0.012 0.197 0.732 
 407 P _   0.009 0.025 0.001 0.010 0.004 0.011 0.202 0.738 
 408 C _   0.008 0.021 0.000 0.008 0.003 0.011 0.205 0.743 
 409 P _   0.008 0.018 0.000 0.006 0.003 0.011 0.208 0.745 
 410 L _   0.009 0.017 0.000 0.005 0.003 0.012 0.211 0.744 
 411 E _   0.010 0.017 0.000 0.004 0.003 0.013 0.212 0.740 
 412 C _   0.012 0.019 0.000 0.005 0.004 0.016 0.214 0.731 
 413 P _   0.014 0.023 0.001 0.006 0.006 0.019 0.215 0.716 
 414 P _   0.018 0.034 0.001 0.010 0.009 0.024 0.215 0.688 
 415 S _   0.021 0.057 0.001 0.017 0.015 0.029 0.215 0.645 
 416 V _   0.023 0.093 0.002 0.027 0.020 0.033 0.215 0.586 
 417 H _   0.024 0.136 0.002 0.040 0.025 0.035 0.215 0.523 
 418 K _   0.024 0.171 0.002 0.052 0.027 0.035 0.217 0.473 
 419 L _   0.023 0.192 0.002 0.060 0.027 0.034 0.220 0.443 
 420 M _   0.022 0.201 0.002 0.065 0.025 0.032 0.224 0.429 
 421 L _   0.020 0.203 0.002 0.064 0.023 0.029 0.230 0.428 
 422 T _   0.018 0.197 0.002 0.058 0.020 0.026 0.238 0.440 
 423 C _   0.016 0.183 0.002 0.048 0.017 0.022 0.248 0.463 
 424 W _   0.015 0.160 0.001 0.036 0.013 0.019 0.260 0.496 
 425 C _   0.013 0.130 0.001 0.024 0.009 0.016 0.273 0.534 
 426 R _   0.011 0.103 0.001 0.014 0.006 0.014 0.284 0.567 
 427 D _   0.009 0.084 0.001 0.008 0.004 0.012 0.294 0.587 
 428 P _   0.008 0.075 0.000 0.005 0.003 0.012 0.301 0.596 
 429 E _   0.008 0.073 0.000 0.004 0.002 0.012 0.306 0.595 
 430 Q _   0.008 0.074 0.000 0.005 0.003 0.013 0.310 0.587 
 431 R _   0.009 0.081 0.000 0.007 0.004 0.015 0.313 0.570 
 432 P _   0.010 0.099 0.001 0.012 0.006 0.017 0.316 0.538 
 433 C _   0.011 0.132 0.001 0.020 0.009 0.020 0.317 0.489 
 434 F _   0.011 0.177 0.001 0.030 0.012 0.021 0.319 0.428 
 435 K _   0.011 0.221 0.001 0.040 0.014 0.022 0.321 0.371 
 436 A _   0.010 0.253 0.001 0.049 0.015 0.022 0.324 0.326 
 437 L X   0.010 0.272 0.001 0.055 0.015 0.021 0.329 0.296 
 438 R X   0.009 0.282 0.001 0.058 0.015 0.021 0.336 0.277 
 439 E X   0.009 0.284 0.001 0.059 0.015 0.020 0.346 0.266 
 440 R X   0.009 0.281 0.001 0.058 0.014 0.019 0.358 0.260 
 441 L X   0.009 0.271 0.001 0.054 0.013 0.017 0.375 0.260 
 442 S X   0.009 0.253 0.001 0.048 0.012 0.016 0.395 0.266 
 443 S X   0.008 0.225 0.001 0.041 0.011 0.014 0.420 0.279 
 444 F X   0.008 0.188 0.001 0.034 0.009 0.012 0.448 0.299 
 445 T X   0.007 0.148 0.001 0.026 0.008 0.010 0.481 0.319 
 446 S X   0.005 0.106 0.001 0.019 0.005 0.007 0.514 0.343 
 447 Y X   0.003 0.065 0.001 0.012 0.003 0.004 0.546 0.368 
 448 E X   0.001 0.032 0.000 0.005 0.001 0.001 0.568 0.392 
 449 N X   0.000 0.016 0.000 0.002 0.000 0.000 0.574 0.406 
 450 P X   0.000 0.012 0.000 0.003 0.000 0.000 0.574 0.411 
 451 T X   0.002 0.011 0.001 0.008 0.002 0.002 0.564 0.408 
