#TopoPred_TM8: 8-state transmembrane topology prediction results by no_profile mode 
#probabilities are in the order of H E C I L F X _, the 8 transmembrane topology types used in PDBTM 
   1 M X   0.007 0.001 0.001 0.030 0.006 0.006 0.871 0.078 
   2 P X   0.002 0.000 0.000 0.014 0.001 0.002 0.894 0.087 
   3 K X   0.001 0.000 0.000 0.006 0.000 0.001 0.899 0.093 
   4 K X   0.000 0.000 0.000 0.004 0.000 0.001 0.898 0.096 
   5 K X   0.001 0.001 0.000 0.004 0.000 0.001 0.895 0.098 
   6 P X   0.001 0.001 0.000 0.004 0.001 0.002 0.890 0.102 
   7 T X   0.001 0.002 0.000 0.005 0.001 0.003 0.882 0.106 
   8 P X   0.002 0.003 0.000 0.006 0.001 0.004 0.871 0.113 
   9 I X   0.002 0.006 0.000 0.008 0.001 0.004 0.857 0.121 
  10 Q X   0.002 0.009 0.000 0.010 0.002 0.005 0.839 0.133 
  11 L X   0.002 0.012 0.000 0.012 0.002 0.005 0.820 0.147 
  12 N X   0.002 0.016 0.000 0.012 0.002 0.005 0.800 0.162 
  13 P X   0.002 0.019 0.000 0.013 0.002 0.006 0.779 0.179 
  14 A X   0.002 0.023 0.000 0.012 0.002 0.006 0.760 0.194 
  15 P X   0.002 0.027 0.000 0.012 0.003 0.006 0.741 0.209 
  16 D X   0.002 0.031 0.000 0.012 0.003 0.006 0.723 0.223 
  17 G X   0.002 0.037 0.000 0.013 0.003 0.007 0.703 0.235 
  18 S X   0.002 0.044 0.000 0.014 0.003 0.007 0.683 0.246 
  19 A X   0.002 0.052 0.001 0.016 0.004 0.008 0.662 0.256 
  20 V X   0.003 0.061 0.001 0.018 0.004 0.008 0.641 0.265 
  21 N X   0.003 0.070 0.001 0.020 0.005 0.009 0.621 0.272 
  22 G X   0.003 0.079 0.001 0.022 0.005 0.009 0.602 0.279 
  23 T X   0.003 0.087 0.001 0.024 0.005 0.010 0.585 0.286 
  24 S X   0.003 0.093 0.001 0.025 0.005 0.010 0.571 0.292 
  25 S X   0.003 0.098 0.001 0.025 0.005 0.010 0.558 0.299 
  26 A X   0.003 0.101 0.001 0.026 0.005 0.010 0.548 0.306 
  27 E X   0.003 0.103 0.001 0.025 0.005 0.010 0.539 0.314 
  28 T X   0.003 0.103 0.001 0.024 0.005 0.009 0.532 0.322 
  29 N X   0.004 0.102 0.001 0.023 0.005 0.009 0.526 0.331 
  30 L X   0.004 0.100 0.001 0.022 0.004 0.009 0.522 0.340 
  31 E X   0.004 0.096 0.000 0.020 0.004 0.008 0.518 0.349 
  32 A X   0.004 0.091 0.000 0.018 0.004 0.008 0.515 0.359 
  33 L X   0.004 0.084 0.000 0.016 0.004 0.008 0.513 0.370 
  34 Q X   0.005 0.076 0.000 0.015 0.003 0.007 0.512 0.382 
  35 K X   0.005 0.067 0.000 0.013 0.003 0.007 0.511 0.395 
  36 K X   0.005 0.058 0.000 0.011 0.003 0.006 0.510 0.407 
  37 L X   0.005 0.049 0.000 0.009 0.002 0.006 0.510 0.419 
  38 E X   0.005 0.041 0.000 0.008 0.002 0.006 0.509 0.430 
  39 E X   0.004 0.034 0.000 0.007 0.002 0.005 0.507 0.440 
  40 L X   0.004 0.028 0.000 0.005 0.002 0.005 0.505 0.450 
  41 E X   0.004 0.025 0.000 0.004 0.001 0.004 0.502 0.459 
  42 L X   0.004 0.022 0.000 0.004 0.001 0.004 0.498 0.467 
  43 D X   0.003 0.021 0.000 0.003 0.001 0.004 0.493 0.474 
  44 E X   0.003 0.021 0.000 0.003 0.001 0.005 0.486 0.480 
  45 Q _   0.003 0.022 0.000 0.004 0.001 0.006 0.479 0.485 
  46 Q _   0.004 0.024 0.000 0.006 0.002 0.007 0.469 0.487 
  47 R _   0.004 0.030 0.000 0.009 0.003 0.009 0.458 0.486 
  48 K _   0.005 0.040 0.001 0.014 0.004 0.011 0.444 0.481 
  49 R _   0.006 0.054 0.001 0.021 0.006 0.013 0.429 0.471 
  50 L _   0.006 0.071 0.001 0.029 0.008 0.014 0.412 0.459 
  51 E _   0.006 0.086 0.001 0.037 0.009 0.015 0.398 0.448 
  52 A _   0.007 0.096 0.001 0.043 0.010 0.015 0.386 0.442 
  53 F _   0.007 0.102 0.001 0.047 0.010 0.015 0.377 0.442 
  54 L _   0.007 0.104 0.001 0.047 0.010 0.014 0.370 0.447 
  55 T _   0.007 0.103 0.001 0.045 0.009 0.013 0.365 0.458 
  56 Q _   0.007 0.098 0.001 0.040 0.008 0.012 0.361 0.474 
  57 K _   0.007 0.089 0.001 0.033 0.007 0.011 0.359 0.494 
  58 Q _   0.006 0.076 0.001 0.026 0.005 0.010 0.357 0.518 
  59 K _   0.006 0.061 0.001 0.019 0.004 0.008 0.356 0.544 
  60 V _   0.006 0.046 0.000 0.014 0.003 0.007 0.355 0.569 
  61 G _   0.005 0.033 0.000 0.009 0.002 0.006 0.353 0.590 
  62 E _   0.005 0.025 0.000 0.006 0.002 0.005 0.351 0.606 
  63 L _   0.004 0.019 0.000 0.004 0.001 0.005 0.347 0.619 
  64 K _   0.004 0.016 0.000 0.003 0.001 0.004 0.343 0.628 
  65 D _   0.003 0.015 0.000 0.003 0.001 0.005 0.336 0.636 
  66 D _   0.003 0.015 0.000 0.004 0.001 0.005 0.329 0.642 
  67 D _   0.004 0.017 0.000 0.005 0.002 0.006 0.319 0.647 
  68 F _   0.004 0.021 0.000 0.007 0.002 0.008 0.308 0.650 
  69 E _   0.005 0.029 0.001 0.010 0.004 0.011 0.293 0.648 
  70 K _   0.006 0.041 0.001 0.015 0.005 0.014 0.276 0.641 
  71 I _   0.007 0.059 0.001 0.021 0.007 0.018 0.257 0.630 
  72 S _   0.008 0.079 0.001 0.028 0.010 0.021 0.237 0.616 
  73 E _   0.009 0.099 0.001 0.034 0.012 0.024 0.218 0.601 
  74 L _   0.010 0.116 0.001 0.040 0.015 0.027 0.201 0.590 
  75 G _   0.011 0.129 0.001 0.045 0.017 0.030 0.186 0.580 
  76 A _   0.013 0.139 0.002 0.048 0.020 0.032 0.173 0.574 
  77 G _   0.014 0.145 0.002 0.050 0.022 0.034 0.162 0.571 
  78 N _   0.016 0.148 0.002 0.051 0.023 0.035 0.152 0.573 
  79 G _   0.018 0.147 0.002 0.051 0.023 0.036 0.145 0.579 
  80 G _   0.020 0.143 0.002 0.048 0.022 0.035 0.138 0.591 
  81 V _   0.021 0.135 0.002 0.044 0.021 0.034 0.133 0.609 
  82 V _   0.021 0.122 0.002 0.038 0.019 0.033 0.129 0.636 
  83 F _   0.021 0.103 0.002 0.031 0.017 0.032 0.125 0.669 
  84 K _   0.021 0.081 0.001 0.024 0.014 0.030 0.121 0.706 
  85 V _   0.021 0.060 0.001 0.018 0.012 0.029 0.118 0.741 
  86 S _   0.021 0.042 0.001 0.013 0.010 0.028 0.115 0.770 
  87 H _   0.020 0.031 0.001 0.010 0.008 0.028 0.112 0.790 
  88 K _   0.021 0.024 0.001 0.008 0.008 0.028 0.109 0.801 
  89 P _   0.023 0.021 0.001 0.008 0.008 0.029 0.105 0.805 
  90 S _   0.025 0.020 0.001 0.009 0.009 0.030 0.102 0.804 
  91 G _   0.028 0.021 0.001 0.011 0.011 0.032 0.098 0.798 
  92 L _   0.031 0.022 0.001 0.015 0.014 0.034 0.094 0.789 
  93 V _   0.034 0.023 0.001 0.018 0.016 0.036 0.091 0.780 
  94 M _   0.037 0.024 0.001 0.021 0.018 0.037 0.087 0.774 
  95 A _   0.038 0.024 0.001 0.023 0.019 0.037 0.084 0.773 
  96 R _   0.039 0.023 0.001 0.023 0.019 0.036 0.082 0.777 
  97 K _   0.039 0.021 0.001 0.021 0.018 0.035 0.079 0.785 
  98 L _   0.039 0.018 0.001 0.018 0.016 0.034 0.078 0.796 
  99 I _   0.038 0.015 0.001 0.015 0.015 0.032 0.076 0.808 
 100 H _   0.037 0.012 0.001 0.013 0.012 0.030 0.074 0.820 
 101 L _   0.036 0.010 0.001 0.011 0.011 0.029 0.073 0.831 
 102 E _   0.035 0.008 0.001 0.009 0.009 0.027 0.071 0.839 
 103 I _   0.034 0.007 0.001 0.008 0.008 0.026 0.070 0.846 
 104 K _   0.034 0.006 0.001 0.007 0.008 0.026 0.069 0.850 
 105 P _   0.034 0.006 0.001 0.007 0.008 0.026 0.067 0.852 
 106 A _   0.034 0.006 0.001 0.007 0.008 0.026 0.066 0.852 
 107 I _   0.035 0.006 0.001 0.008 0.009 0.027 0.064 0.850 
 108 R _   0.036 0.008 0.001 0.009 0.010 0.028 0.062 0.846 
 109 N _   0.036 0.010 0.001 0.011 0.012 0.029 0.061 0.840 
 110 Q _   0.036 0.013 0.001 0.014 0.013 0.030 0.059 0.833 
 111 I _   0.035 0.016 0.001 0.018 0.015 0.031 0.058 0.826 
 112 I _   0.034 0.019 0.001 0.021 0.016 0.031 0.056 0.821 
 113 R _   0.033 0.022 0.001 0.024 0.016 0.030 0.055 0.818 
 114 E _   0.031 0.024 0.001 0.026 0.016 0.029 0.055 0.820 
 115 L _   0.028 0.024 0.001 0.025 0.014 0.027 0.054 0.827 
 116 Q _   0.025 0.023 0.001 0.022 0.012 0.025 0.053 0.838 
 117 V _   0.022 0.021 0.001 0.018 0.010 0.022 0.053 0.851 
 118 L _   0.020 0.019 0.001 0.014 0.008 0.020 0.053 0.866 
 119 H _   0.018 0.017 0.001 0.010 0.006 0.019 0.052 0.878 
 120 E _   0.016 0.016 0.001 0.007 0.005 0.018 0.051 0.886 
 121 C _   0.016 0.015 0.001 0.006 0.005 0.018 0.050 0.889 
 122 N _   0.016 0.016 0.001 0.006 0.005 0.019 0.050 0.886 
 123 S _   0.017 0.020 0.001 0.008 0.007 0.021 0.048 0.877 
 124 P _   0.019 0.028 0.001 0.012 0.010 0.024 0.047 0.860 
 125 Y _   0.021 0.041 0.001 0.019 0.013 0.026 0.046 0.834 
 126 I _   0.022 0.059 0.001 0.028 0.016 0.028 0.044 0.802 
 127 V _   0.022 0.076 0.002 0.037 0.019 0.029 0.042 0.774 
 128 G _   0.022 0.087 0.002 0.043 0.020 0.029 0.041 0.756 
 129 F _   0.021 0.094 0.002 0.046 0.019 0.028 0.040 0.750 
 130 Y _   0.020 0.096 0.001 0.044 0.018 0.027 0.040 0.755 
 131 G _   0.018 0.094 0.001 0.038 0.016 0.025 0.040 0.768 
 132 A _   0.016 0.089 0.001 0.030 0.013 0.023 0.040 0.788 
 133 F _   0.014 0.082 0.001 0.022 0.010 0.021 0.040 0.810 
 134 Y _   0.013 0.074 0.001 0.016 0.008 0.019 0.040 0.830 
 135 S _   0.012 0.068 0.001 0.011 0.006 0.018 0.040 0.843 
 136 D _   0.012 0.066 0.001 0.010 0.006 0.018 0.040 0.849 
 137 G _   0.012 0.066 0.001 0.010 0.006 0.019 0.039 0.846 
 138 E _   0.014 0.070 0.001 0.013 0.008 0.020 0.039 0.836 
 139 I _   0.015 0.076 0.001 0.019 0.010 0.021 0.038 0.820 
 140 S _   0.016 0.083 0.001 0.026 0.012 0.022 0.038 0.802 
 141 I _   0.016 0.089 0.001 0.034 0.013 0.022 0.038 0.786 
 142 C _   0.016 0.092 0.001 0.039 0.014 0.022 0.038 0.777 
 143 M _   0.016 0.092 0.001 0.041 0.014 0.021 0.038 0.777 
 144 E _   0.014 0.088 0.001 0.039 0.013 0.019 0.039 0.787 
 145 H _   0.013 0.079 0.001 0.034 0.011 0.017 0.040 0.806 
 146 M _   0.012 0.066 0.001 0.027 0.009 0.015 0.041 0.831 
 147 D _   0.010 0.051 0.001 0.020 0.007 0.013 0.042 0.858 
 148 G _   0.009 0.036 0.001 0.014 0.005 0.011 0.043 0.882 
 149 G _   0.008 0.024 0.000 0.010 0.004 0.010 0.044 0.901 
 150 S _   0.007 0.016 0.000 0.007 0.003 0.009 0.045 0.913 
 151 L _   0.007 0.011 0.000 0.006 0.003 0.008 0.045 0.919 
 152 D _   0.007 0.008 0.000 0.006 0.003 0.008 0.045 0.922 
 153 Q _   0.007 0.007 0.000 0.006 0.003 0.009 0.045 0.923 
 154 V _   0.007 0.006 0.000 0.007 0.003 0.010 0.045 0.922 
 155 L _   0.008 0.005 0.000 0.008 0.003 0.011 0.045 0.920 
 156 K _   0.009 0.004 0.000 0.009 0.004 0.012 0.044 0.918 
 157 K _   0.010 0.004 0.000 0.009 0.004 0.013 0.044 0.916 
 158 A _   0.011 0.003 0.001 0.009 0.005 0.015 0.043 0.913 
 159 G _   0.014 0.003 0.001 0.009 0.005 0.017 0.042 0.909 
 160 R _   0.018 0.002 0.001 0.008 0.005 0.020 0.042 0.904 
 161 I _   0.024 0.002 0.001 0.008 0.006 0.023 0.041 0.895 
 162 P _   0.034 0.002 0.001 0.007 0.007 0.027 0.040 0.882 
 163 E _   0.046 0.001 0.001 0.007 0.009 0.032 0.039 0.864 
 164 Q _   0.063 0.001 0.001 0.007 0.011 0.037 0.039 0.841 
 165 I _   0.084 0.002 0.001 0.007 0.015 0.043 0.038 0.811 
 166 L _   0.107 0.002 0.001 0.007 0.020 0.050 0.037 0.776 
 167 G _   0.133 0.003 0.002 0.008 0.026 0.056 0.036 0.736 
 168 K _   0.160 0.004 0.002 0.009 0.033 0.062 0.035 0.695 
 169 V _   0.181 0.007 0.002 0.011 0.040 0.066 0.035 0.658 
 170 S _   0.198 0.010 0.002 0.014 0.046 0.069 0.035 0.626 
 171 I _   0.210 0.014 0.002 0.018 0.050 0.070 0.035 0.601 
 172 A _   0.213 0.018 0.003 0.022 0.052 0.069 0.036 0.588 
 173 V _   0.212 0.021 0.003 0.025 0.052 0.067 0.037 0.585 
 174 I _   0.203 0.023 0.003 0.027 0.049 0.063 0.038 0.595 
 175 K _   0.187 0.023 0.002 0.027 0.045 0.058 0.040 0.617 
 176 G _   0.169 0.022 0.002 0.026 0.038 0.052 0.042 0.649 
 177 L _   0.145 0.020 0.002 0.023 0.031 0.046 0.044 0.689 
 178 T _   0.120 0.017 0.002 0.020 0.024 0.040 0.047 0.731 
 179 Y _   0.095 0.014 0.001 0.016 0.018 0.034 0.049 0.773 
 180 L _   0.072 0.011 0.001 0.014 0.013 0.029 0.051 0.810 
 181 R _   0.054 0.009 0.001 0.011 0.009 0.024 0.053 0.839 
 182 E _   0.040 0.007 0.001 0.010 0.007 0.020 0.055 0.860 
 183 K _   0.030 0.006 0.001 0.009 0.006 0.017 0.056 0.875 
 184 H _   0.023 0.006 0.001 0.009 0.005 0.015 0.057 0.885 
 185 K _   0.018 0.005 0.001 0.009 0.004 0.013 0.058 0.892 
 186 I _   0.014 0.005 0.000 0.009 0.004 0.011 0.059 0.897 
 187 M _   0.012 0.005 0.000 0.009 0.004 0.010 0.060 0.901 
 188 H _   0.010 0.004 0.000 0.009 0.003 0.009 0.060 0.904 
 189 R _   0.009 0.004 0.000 0.008 0.003 0.008 0.061 0.906 
 190 D _   0.008 0.004 0.000 0.007 0.003 0.008 0.061 0.909 
 191 V _   0.007 0.004 0.000 0.007 0.003 0.007 0.061 0.911 
 192 K _   0.007 0.004 0.000 0.006 0.003 0.007 0.062 0.912 
 193 P _   0.007 0.004 0.000 0.006 0.002 0.008 0.061 0.912 
 194 S _   0.007 0.005 0.000 0.006 0.003 0.008 0.061 0.910 
 195 N _   0.007 0.006 0.000 0.006 0.003 0.009 0.061 0.908 
 196 I _   0.008 0.008 0.000 0.007 0.003 0.010 0.060 0.903 
 197 L _   0.008 0.011 0.000 0.009 0.004 0.011 0.059 0.897 
 198 V _   0.009 0.015 0.001 0.010 0.005 0.013 0.058 0.889 
 199 N _   0.009 0.020 0.001 0.012 0.005 0.015 0.057 0.881 
 200 S _   0.010 0.025 0.001 0.014 0.006 0.017 0.056 0.872 
 201 R _   0.010 0.031 0.001 0.015 0.007 0.018 0.055 0.863 
 202 G _   0.012 0.037 0.001 0.016 0.008 0.020 0.053 0.854 
 203 E _   0.013 0.043 0.001 0.016 0.009 0.023 0.052 0.844 
 204 I _   0.014 0.049 0.001 0.017 0.010 0.025 0.051 0.833 
 205 K _   0.016 0.056 0.001 0.018 0.011 0.027 0.050 0.822 
 206 L _   0.018 0.062 0.001 0.019 0.013 0.030 0.049 0.809 
 207 C _   0.020 0.070 0.001 0.020 0.015 0.032 0.048 0.794 
 208 D _   0.023 0.078 0.001 0.023 0.017 0.034 0.047 0.778 
 209 F _   0.025 0.085 0.001 0.025 0.019 0.036 0.046 0.763 
 210 G _   0.028 0.091 0.001 0.027 0.021 0.037 0.045 0.749 
 211 V _   0.030 0.096 0.001 0.029 0.022 0.038 0.045 0.738 
 212 S _   0.032 0.099 0.002 0.030 0.022 0.039 0.045 0.732 
 213 G _   0.034 0.100 0.001 0.029 0.022 0.038 0.045 0.730 
 214 Q _   0.034 0.100 0.001 0.028 0.021 0.037 0.046 0.733 
 215 L _   0.034 0.097 0.001 0.026 0.020 0.036 0.046 0.739 
 216 I _   0.034 0.093 0.001 0.023 0.019 0.035 0.047 0.748 
 217 D _   0.033 0.089 0.001 0.022 0.017 0.033 0.048 0.757 
 218 S _   0.033 0.084 0.001 0.020 0.016 0.031 0.049 0.766 
 219 M _   0.031 0.079 0.001 0.020 0.015 0.030 0.050 0.774 
 220 A _   0.030 0.074 0.001 0.020 0.014 0.028 0.051 0.782 
 221 N _   0.029 0.070 0.001 0.020 0.013 0.026 0.053 0.789 
 222 S _   0.027 0.064 0.001 0.020 0.012 0.024 0.054 0.797 
 223 F _   0.025 0.058 0.001 0.020 0.011 0.022 0.056 0.807 
 224 V _   0.023 0.052 0.001 0.019 0.010 0.020 0.058 0.819 
 225 G _   0.020 0.044 0.001 0.017 0.008 0.018 0.059 0.832 
 226 T _   0.018 0.036 0.001 0.015 0.007 0.016 0.061 0.846 
 227 R _   0.016 0.028 0.001 0.012 0.006 0.015 0.063 0.859 
 228 S _   0.014 0.021 0.001 0.010 0.005 0.014 0.064 0.871 
 229 Y _   0.012 0.016 0.001 0.009 0.004 0.012 0.065 0.880 
 230 M _   0.011 0.012 0.000 0.008 0.004 0.012 0.067 0.886 
 231 S _   0.010 0.010 0.000 0.008 0.004 0.011 0.068 0.889 
 232 P _   0.009 0.008 0.000 0.008 0.004 0.011 0.068 0.891 
 233 E _   0.009 0.006 0.000 0.009 0.004 0.011 0.069 0.891 
 234 R _   0.009 0.005 0.000 0.009 0.004 0.012 0.069 0.891 
 235 L _   0.010 0.005 0.001 0.009 0.004 0.012 0.070 0.891 
 236 Q _   0.011 0.004 0.000 0.009 0.004 0.013 0.070 0.890 
 237 G _   0.012 0.003 0.001 0.008 0.004 0.013 0.070 0.889 
 238 T _   0.016 0.002 0.001 0.007 0.004 0.015 0.069 0.887 
 239 H _   0.022 0.001 0.001 0.006 0.005 0.017 0.069 0.880 
 240 Y _   0.033 0.001 0.001 0.005 0.005 0.019 0.069 0.868 
 241 S _   0.050 0.000 0.001 0.005 0.006 0.023 0.068 0.847 
 242 V _   0.076 0.000 0.001 0.004 0.008 0.028 0.067 0.815 
 243 Q _   0.113 0.000 0.001 0.004 0.012 0.033 0.066 0.770 
 244 S _   0.161 0.000 0.001 0.004 0.016 0.040 0.065 0.712 
 245 D _   0.218 0.000 0.001 0.005 0.023 0.047 0.064 0.642 
 246 I _   0.277 0.001 0.002 0.005 0.031 0.053 0.063 0.568 
 247 W _   0.334 0.001 0.002 0.006 0.041 0.058 0.063 0.495 
 248 S _   0.382 0.002 0.002 0.006 0.051 0.062 0.064 0.431 
 249 M H   0.420 0.004 0.002 0.007 0.060 0.064 0.066 0.377 
 250 G H   0.448 0.006 0.003 0.009 0.067 0.064 0.068 0.334 
 251 L H   0.464 0.010 0.003 0.012 0.071 0.063 0.072 0.305 
 252 S H   0.466 0.014 0.003 0.015 0.073 0.061 0.078 0.291 
 253 L H   0.456 0.017 0.003 0.020 0.071 0.058 0.085 0.290 
 254 V H   0.433 0.020 0.003 0.024 0.066 0.053 0.095 0.305 
 255 E H   0.396 0.022 0.003 0.028 0.058 0.049 0.107 0.336 
 256 M _   0.346 0.022 0.003 0.031 0.048 0.043 0.123 0.384 
 257 A _   0.284 0.020 0.003 0.031 0.037 0.037 0.143 0.447 
 258 V _   0.220 0.016 0.002 0.027 0.026 0.030 0.163 0.517 
 259 G _   0.160 0.011 0.002 0.020 0.016 0.023 0.184 0.584 
 260 R _   0.109 0.007 0.001 0.014 0.009 0.017 0.202 0.641 
 261 Y _   0.070 0.003 0.001 0.008 0.005 0.012 0.216 0.685 
 262 P _   0.042 0.001 0.000 0.005 0.003 0.008 0.226 0.715 
 263 I _   0.024 0.001 0.000 0.003 0.001 0.005 0.233 0.733 
 264 P _   0.013 0.000 0.000 0.001 0.001 0.004 0.238 0.743 
 265 P _   0.008 0.000 0.000 0.001 0.001 0.004 0.240 0.746 
 266 P _   0.006 0.000 0.000 0.001 0.001 0.004 0.241 0.746 
 267 D _   0.006 0.001 0.000 0.001 0.001 0.007 0.241 0.742 
 268 A _   0.009 0.004 0.000 0.003 0.002 0.011 0.240 0.730 
 269 K _   0.013 0.017 0.001 0.008 0.006 0.017 0.237 0.701 
 270 E _   0.017 0.058 0.001 0.020 0.012 0.025 0.231 0.636 
 271 L _   0.018 0.145 0.002 0.038 0.019 0.030 0.222 0.524 
 272 E _   0.017 0.252 0.003 0.057 0.023 0.031 0.213 0.404 
 273 L E   0.014 0.331 0.002 0.073 0.022 0.030 0.207 0.320 
 274 M E   0.012 0.373 0.002 0.082 0.021 0.028 0.204 0.279 
 275 F E   0.011 0.391 0.001 0.086 0.019 0.026 0.203 0.263 
 276 G E   0.010 0.396 0.001 0.085 0.018 0.023 0.205 0.262 
 277 C E   0.009 0.392 0.001 0.080 0.017 0.021 0.208 0.272 
 278 Q E   0.009 0.377 0.001 0.071 0.015 0.019 0.213 0.294 
 279 V E   0.010 0.347 0.002 0.060 0.014 0.017 0.221 0.329 
 280 E _   0.010 0.298 0.002 0.048 0.012 0.016 0.233 0.380 
 281 G _   0.011 0.234 0.002 0.037 0.010 0.015 0.248 0.443 
 282 D _   0.012 0.169 0.001 0.027 0.008 0.013 0.263 0.507 
 283 A _   0.011 0.113 0.001 0.019 0.006 0.012 0.278 0.560 
 284 A _   0.010 0.074 0.001 0.013 0.004 0.010 0.289 0.599 
 285 E _   0.008 0.050 0.000 0.009 0.003 0.008 0.297 0.624 
 286 T _   0.007 0.037 0.000 0.006 0.002 0.007 0.302 0.639 
 287 P _   0.006 0.029 0.000 0.005 0.002 0.006 0.305 0.647 
 288 P _   0.005 0.025 0.000 0.004 0.001 0.006 0.307 0.651 
 289 R _   0.004 0.023 0.000 0.005 0.001 0.006 0.308 0.653 
 290 P _   0.004 0.022 0.000 0.005 0.001 0.006 0.308 0.653 
 291 R _   0.004 0.023 0.000 0.007 0.002 0.006 0.307 0.651 
 292 T _   0.004 0.024 0.000 0.009 0.002 0.007 0.306 0.648 
 293 P _   0.004 0.026 0.000 0.011 0.003 0.007 0.304 0.645 
 294 G _   0.004 0.028 0.000 0.014 0.003 0.008 0.303 0.641 
 295 R _   0.004 0.029 0.000 0.015 0.003 0.008 0.301 0.639 
 296 P _   0.004 0.030 0.000 0.016 0.003 0.008 0.300 0.639 
 297 L _   0.004 0.031 0.000 0.015 0.003 0.008 0.299 0.641 
 298 S _   0.003 0.030 0.000 0.013 0.003 0.007 0.298 0.645 
 299 S _   0.003 0.029 0.000 0.011 0.002 0.007 0.296 0.650 
 300 Y _   0.003 0.029 0.000 0.008 0.002 0.007 0.295 0.655 
 301 G _   0.003 0.028 0.000 0.007 0.002 0.008 0.294 0.659 
 302 M _   0.004 0.029 0.000 0.006 0.002 0.009 0.292 0.659 
 303 D _   0.005 0.031 0.000 0.006 0.002 0.011 0.289 0.656 
 304 S _   0.007 0.036 0.000 0.007 0.004 0.015 0.285 0.645 
 305 R _   0.010 0.049 0.001 0.011 0.007 0.020 0.280 0.622 
 306 P _   0.014 0.077 0.001 0.018 0.013 0.026 0.273 0.578 
 307 P _   0.018 0.131 0.002 0.029 0.020 0.032 0.263 0.505 
 308 M _   0.020 0.207 0.003 0.044 0.027 0.035 0.253 0.412 
 309 A _   0.020 0.279 0.003 0.059 0.030 0.035 0.244 0.331 
 310 I E   0.019 0.328 0.002 0.071 0.030 0.034 0.239 0.278 
 311 F E   0.018 0.354 0.002 0.078 0.028 0.032 0.237 0.250 
 312 E E   0.018 0.364 0.002 0.082 0.027 0.030 0.237 0.241 
 313 L E   0.017 0.364 0.002 0.081 0.024 0.028 0.239 0.245 
 314 L E   0.016 0.354 0.002 0.075 0.022 0.025 0.243 0.263 
 315 D E   0.016 0.328 0.002 0.066 0.019 0.022 0.250 0.297 
 316 Y _   0.016 0.279 0.002 0.053 0.016 0.019 0.260 0.356 
 317 I _   0.016 0.204 0.002 0.038 0.013 0.016 0.273 0.438 
 318 V _   0.015 0.122 0.001 0.024 0.009 0.013 0.286 0.529 
 319 N _   0.013 0.059 0.001 0.013 0.005 0.011 0.297 0.601 
 320 E _   0.010 0.025 0.000 0.006 0.003 0.008 0.304 0.643 
 321 P _   0.007 0.011 0.000 0.003 0.002 0.006 0.308 0.663 
 322 P _   0.005 0.007 0.000 0.002 0.001 0.006 0.309 0.670 
 323 P _   0.005 0.006 0.000 0.001 0.001 0.006 0.309 0.671 
 324 K _   0.006 0.007 0.000 0.002 0.001 0.008 0.308 0.668 
 325 L _   0.007 0.011 0.000 0.004 0.003 0.011 0.306 0.658 
 326 P _   0.010 0.023 0.001 0.009 0.005 0.016 0.302 0.635 
 327 S _   0.012 0.055 0.001 0.018 0.009 0.020 0.295 0.590 
 328 G _   0.012 0.107 0.002 0.030 0.013 0.024 0.286 0.526 
 329 V _   0.012 0.164 0.002 0.042 0.016 0.025 0.278 0.462 
 330 F _   0.011 0.206 0.002 0.051 0.017 0.025 0.271 0.417 
 331 S _   0.010 0.229 0.001 0.057 0.017 0.025 0.267 0.393 
 332 L _   0.009 0.241 0.001 0.059 0.017 0.024 0.266 0.384 
 333 E _   0.008 0.244 0.001 0.058 0.016 0.023 0.265 0.384 
 334 F _   0.008 0.242 0.001 0.054 0.015 0.021 0.266 0.391 
 335 Q _   0.008 0.235 0.001 0.049 0.014 0.020 0.269 0.404 
 336 D _   0.008 0.222 0.001 0.042 0.013 0.018 0.273 0.422 
 337 F _   0.009 0.203 0.001 0.036 0.012 0.017 0.278 0.445 
 338 V _   0.009 0.179 0.001 0.030 0.010 0.016 0.285 0.469 
 339 N _   0.009 0.154 0.001 0.026 0.009 0.015 0.292 0.494 
 340 K _   0.009 0.127 0.001 0.022 0.008 0.014 0.300 0.519 
 341 C _   0.009 0.102 0.001 0.018 0.007 0.013 0.308 0.542 
 342 L _   0.009 0.079 0.001 0.015 0.005 0.012 0.316 0.563 
 343 I _   0.008 0.059 0.001 0.012 0.004 0.011 0.323 0.582 
 344 K _   0.008 0.043 0.001 0.009 0.004 0.010 0.329 0.597 
 345 N _   0.007 0.031 0.000 0.007 0.003 0.009 0.334 0.609 
 346 P _   0.006 0.024 0.000 0.005 0.002 0.009 0.338 0.616 
 347 A _   0.006 0.019 0.000 0.004 0.002 0.009 0.341 0.619 
 348 E _   0.006 0.017 0.000 0.004 0.002 0.009 0.342 0.619 
 349 R _   0.007 0.017 0.000 0.004 0.002 0.011 0.344 0.615 
 350 A _   0.009 0.018 0.000 0.005 0.003 0.013 0.344 0.608 
 351 D _   0.011 0.021 0.000 0.007 0.005 0.016 0.345 0.595 
 352 L _   0.013 0.028 0.001 0.012 0.008 0.019 0.345 0.575 
 353 K _   0.015 0.038 0.001 0.019 0.011 0.023 0.344 0.549 
 354 Q _   0.017 0.049 0.001 0.028 0.015 0.025 0.345 0.521 
 355 L _   0.018 0.058 0.001 0.037 0.017 0.027 0.346 0.496 
 356 M _   0.019 0.063 0.001 0.044 0.019 0.027 0.348 0.479 
 357 V _   0.018 0.066 0.001 0.047 0.019 0.026 0.352 0.470 
 358 H _   0.018 0.064 0.001 0.046 0.018 0.025 0.358 0.470 
 359 A _   0.018 0.060 0.001 0.041 0.016 0.023 0.365 0.478 
 360 F _   0.017 0.050 0.001 0.032 0.013 0.020 0.373 0.493 
 361 I _   0.016 0.037 0.001 0.022 0.010 0.018 0.382 0.514 
 362 K _   0.015 0.022 0.001 0.014 0.007 0.016 0.392 0.534 
 363 R _   0.014 0.010 0.001 0.008 0.005 0.014 0.399 0.549 
 364 S _   0.014 0.004 0.000 0.004 0.003 0.014 0.405 0.556 
 365 D _   0.015 0.001 0.000 0.002 0.002 0.014 0.410 0.555 
 366 A _   0.018 0.001 0.000 0.002 0.002 0.015 0.414 0.549 
 367 E _   0.023 0.001 0.000 0.002 0.003 0.018 0.417 0.536 
 368 E _   0.032 0.001 0.000 0.002 0.005 0.023 0.421 0.515 
 369 V _   0.043 0.004 0.001 0.004 0.010 0.030 0.424 0.485 
 370 D _   0.055 0.011 0.001 0.008 0.018 0.037 0.427 0.442 
 371 F X   0.065 0.029 0.002 0.015 0.029 0.044 0.430 0.386 
 372 A X   0.070 0.052 0.002 0.025 0.038 0.048 0.435 0.328 
 373 G X   0.072 0.075 0.003 0.036 0.045 0.050 0.442 0.277 
 374 W X   0.071 0.091 0.003 0.046 0.047 0.049 0.452 0.241 
 375 L X   0.067 0.099 0.002 0.053 0.047 0.047 0.466 0.218 
 376 C X   0.062 0.102 0.002 0.057 0.044 0.043 0.483 0.207 
 377 S X   0.055 0.101 0.002 0.056 0.039 0.039 0.504 0.204 
 378 T X   0.048 0.095 0.002 0.050 0.033 0.033 0.530 0.209 
 379 I X   0.040 0.083 0.002 0.042 0.025 0.028 0.560 0.219 
 380 G X   0.033 0.065 0.002 0.032 0.018 0.023 0.593 0.234 
 381 L X   0.026 0.045 0.001 0.022 0.012 0.018 0.627 0.248 
 382 N X   0.020 0.028 0.001 0.014 0.008 0.014 0.657 0.259 
 383 Q X   0.015 0.016 0.001 0.008 0.005 0.011 0.681 0.263 
 384 P X   0.011 0.010 0.000 0.005 0.003 0.008 0.700 0.263 
 385 S X   0.008 0.007 0.000 0.004 0.002 0.006 0.714 0.259 
 386 T X   0.005 0.006 0.000 0.004 0.002 0.005 0.725 0.253 
 387 P X   0.004 0.005 0.000 0.004 0.001 0.004 0.735 0.247 
 388 T X   0.002 0.005 0.000 0.004 0.001 0.003 0.744 0.240 
 389 H X   0.001 0.005 0.000 0.004 0.001 0.002 0.751 0.236 
 390 A X   0.000 0.005 0.000 0.004 0.000 0.001 0.756 0.234 
 391 A X   0.000 0.005 0.000 0.003 0.000 0.000 0.757 0.235 
 392 G X   0.000 0.005 0.000 0.005 0.000 0.000 0.753 0.236 
 393 V X   0.003 0.005 0.001 0.014 0.003 0.003 0.736 0.235 
