#TopoPred_TM8: 8-state transmembrane topology prediction results by no_profile mode 
#probabilities are in the order of H E C I L F X _, the 8 transmembrane topology types used in PDBTM 
   1 M X   0.005 0.000 0.001 0.025 0.005 0.005 0.925 0.033 
   2 E X   0.001 0.000 0.000 0.011 0.001 0.002 0.951 0.035 
   3 S X   0.000 0.000 0.000 0.004 0.000 0.001 0.958 0.036 
   4 P X   0.000 0.000 0.000 0.003 0.000 0.001 0.960 0.037 
   5 A X   0.000 0.000 0.000 0.002 0.000 0.001 0.959 0.037 
   6 S X   0.000 0.000 0.000 0.002 0.000 0.001 0.958 0.038 
   7 S X   0.001 0.000 0.000 0.002 0.000 0.001 0.956 0.040 
   8 Q X   0.001 0.000 0.000 0.003 0.000 0.002 0.953 0.041 
   9 P X   0.001 0.000 0.000 0.003 0.001 0.002 0.950 0.043 
  10 A X   0.001 0.001 0.000 0.004 0.001 0.002 0.946 0.046 
  11 S X   0.001 0.001 0.000 0.004 0.001 0.002 0.942 0.050 
  12 M X   0.001 0.001 0.000 0.004 0.001 0.002 0.938 0.054 
  13 P X   0.001 0.001 0.000 0.003 0.001 0.002 0.934 0.058 
  14 Q X   0.001 0.001 0.000 0.003 0.001 0.002 0.930 0.063 
  15 S X   0.001 0.001 0.000 0.002 0.001 0.002 0.926 0.069 
  16 K X   0.001 0.001 0.000 0.002 0.000 0.002 0.920 0.074 
  17 G X   0.001 0.001 0.000 0.002 0.000 0.002 0.914 0.080 
  18 K X   0.001 0.001 0.000 0.002 0.001 0.002 0.907 0.087 
  19 S X   0.001 0.001 0.000 0.002 0.001 0.002 0.899 0.093 
  20 K X   0.001 0.002 0.000 0.003 0.001 0.003 0.889 0.100 
  21 R X   0.001 0.004 0.000 0.005 0.001 0.004 0.878 0.106 
  22 K X   0.002 0.008 0.000 0.008 0.002 0.005 0.864 0.112 
  23 K X   0.002 0.012 0.000 0.013 0.003 0.006 0.848 0.116 
  24 D X   0.002 0.018 0.000 0.018 0.004 0.007 0.833 0.119 
  25 L X   0.002 0.022 0.000 0.022 0.004 0.007 0.819 0.123 
  26 R X   0.002 0.025 0.000 0.025 0.005 0.007 0.808 0.127 
  27 I X   0.003 0.027 0.000 0.026 0.005 0.007 0.800 0.132 
  28 S X   0.003 0.027 0.000 0.025 0.004 0.007 0.794 0.139 
  29 C X   0.003 0.026 0.000 0.023 0.004 0.006 0.790 0.148 
  30 M X   0.003 0.024 0.000 0.019 0.003 0.006 0.787 0.159 
  31 S X   0.003 0.020 0.000 0.015 0.003 0.005 0.784 0.170 
  32 K X   0.003 0.016 0.000 0.010 0.002 0.004 0.783 0.182 
  33 P X   0.002 0.012 0.000 0.007 0.001 0.003 0.781 0.193 
  34 P X   0.002 0.008 0.000 0.005 0.001 0.003 0.778 0.203 
  35 A X   0.002 0.005 0.000 0.003 0.001 0.002 0.775 0.211 
  36 P X   0.002 0.004 0.000 0.002 0.001 0.002 0.770 0.219 
  37 N X   0.002 0.003 0.000 0.002 0.001 0.002 0.763 0.228 
  38 P X   0.002 0.003 0.000 0.002 0.001 0.002 0.754 0.237 
  39 T X   0.002 0.003 0.000 0.002 0.001 0.002 0.742 0.248 
  40 P X   0.002 0.003 0.000 0.003 0.001 0.003 0.726 0.262 
  41 P X   0.002 0.005 0.000 0.004 0.001 0.005 0.705 0.277 
  42 R X   0.003 0.009 0.000 0.007 0.002 0.008 0.678 0.292 
  43 N X   0.004 0.019 0.001 0.013 0.005 0.011 0.641 0.306 
  44 L X   0.005 0.039 0.001 0.023 0.008 0.016 0.593 0.315 
  45 D X   0.006 0.073 0.002 0.038 0.012 0.021 0.533 0.315 
  46 S X   0.006 0.117 0.002 0.055 0.016 0.024 0.471 0.308 
  47 R X   0.006 0.159 0.002 0.071 0.019 0.026 0.415 0.301 
  48 T X   0.006 0.191 0.002 0.084 0.020 0.027 0.370 0.300 
  49 F X   0.006 0.210 0.002 0.092 0.020 0.026 0.337 0.306 
  50 I _   0.006 0.220 0.002 0.094 0.020 0.026 0.311 0.321 
  51 T _   0.006 0.224 0.002 0.090 0.019 0.025 0.292 0.343 
  52 I _   0.007 0.221 0.002 0.081 0.018 0.023 0.276 0.373 
  53 G _   0.007 0.212 0.001 0.069 0.016 0.022 0.264 0.410 
  54 D _   0.008 0.195 0.001 0.054 0.014 0.020 0.254 0.454 
  55 R _   0.008 0.172 0.001 0.041 0.011 0.019 0.245 0.502 
  56 N _   0.008 0.146 0.001 0.029 0.009 0.018 0.238 0.551 
  57 F _   0.009 0.122 0.001 0.020 0.007 0.017 0.231 0.593 
  58 E _   0.009 0.104 0.001 0.014 0.006 0.016 0.225 0.626 
  59 V _   0.009 0.092 0.001 0.010 0.005 0.016 0.218 0.649 
  60 E _   0.009 0.086 0.001 0.009 0.004 0.017 0.211 0.663 
  61 A _   0.010 0.084 0.001 0.008 0.005 0.017 0.203 0.672 
  62 D _   0.011 0.084 0.001 0.009 0.005 0.019 0.195 0.677 
  63 D _   0.012 0.086 0.001 0.011 0.007 0.021 0.186 0.677 
  64 L _   0.014 0.090 0.001 0.014 0.009 0.023 0.177 0.673 
  65 V _   0.015 0.095 0.001 0.018 0.011 0.025 0.167 0.667 
  66 T _   0.017 0.101 0.001 0.022 0.013 0.027 0.157 0.662 
  67 I _   0.018 0.106 0.001 0.025 0.015 0.028 0.149 0.657 
  68 S _   0.019 0.110 0.001 0.028 0.016 0.029 0.141 0.655 
  69 E _   0.020 0.112 0.001 0.029 0.017 0.029 0.134 0.657 
  70 L _   0.021 0.112 0.001 0.029 0.017 0.029 0.128 0.663 
  71 G _   0.021 0.110 0.001 0.028 0.016 0.029 0.122 0.672 
  72 R _   0.021 0.107 0.001 0.026 0.015 0.028 0.117 0.684 
  73 G _   0.021 0.102 0.001 0.024 0.014 0.027 0.113 0.698 
  74 A _   0.021 0.096 0.001 0.022 0.013 0.026 0.109 0.713 
  75 Y _   0.020 0.089 0.001 0.020 0.012 0.025 0.106 0.727 
  76 G _   0.019 0.083 0.001 0.018 0.011 0.024 0.103 0.741 
  77 V _   0.018 0.077 0.001 0.017 0.010 0.023 0.100 0.755 
  78 V _   0.018 0.071 0.001 0.015 0.009 0.023 0.097 0.768 
  79 E _   0.017 0.065 0.001 0.013 0.008 0.022 0.094 0.780 
  80 K _   0.017 0.061 0.001 0.011 0.007 0.022 0.091 0.790 
  81 V _   0.017 0.057 0.001 0.010 0.007 0.022 0.088 0.798 
  82 R _   0.018 0.055 0.001 0.009 0.007 0.023 0.085 0.802 
  83 H _   0.019 0.054 0.001 0.009 0.008 0.024 0.082 0.803 
  84 A _   0.022 0.056 0.001 0.010 0.009 0.026 0.079 0.799 
  85 Q _   0.025 0.059 0.001 0.011 0.011 0.028 0.075 0.790 
  86 S _   0.028 0.064 0.001 0.014 0.013 0.031 0.072 0.776 
  87 G _   0.032 0.072 0.001 0.018 0.016 0.033 0.069 0.758 
  88 T _   0.034 0.081 0.001 0.024 0.019 0.035 0.066 0.739 
  89 I _   0.037 0.090 0.002 0.029 0.022 0.036 0.063 0.722 
  90 M _   0.038 0.096 0.002 0.035 0.024 0.036 0.061 0.709 
  91 A _   0.039 0.100 0.002 0.038 0.024 0.035 0.059 0.703 
  92 V _   0.038 0.101 0.002 0.039 0.023 0.034 0.058 0.706 
  93 K _   0.036 0.098 0.002 0.038 0.021 0.031 0.057 0.718 
  94 R _   0.033 0.091 0.001 0.034 0.018 0.028 0.056 0.738 
  95 I _   0.029 0.080 0.001 0.029 0.015 0.025 0.056 0.764 
  96 R _   0.025 0.067 0.001 0.023 0.012 0.022 0.056 0.794 
  97 A _   0.021 0.051 0.001 0.018 0.009 0.019 0.056 0.825 
  98 T _   0.018 0.037 0.001 0.013 0.007 0.016 0.056 0.852 
  99 V _   0.015 0.027 0.001 0.010 0.005 0.014 0.055 0.874 
 100 N _   0.012 0.019 0.001 0.008 0.004 0.012 0.055 0.889 
 101 S _   0.011 0.015 0.000 0.007 0.003 0.011 0.054 0.898 
 102 Q _   0.010 0.012 0.000 0.007 0.003 0.011 0.053 0.904 
 103 E _   0.009 0.011 0.000 0.007 0.003 0.011 0.052 0.907 
 104 Q _   0.009 0.010 0.000 0.008 0.004 0.011 0.051 0.908 
 105 K _   0.009 0.009 0.000 0.009 0.004 0.011 0.050 0.907 
 106 R _   0.009 0.009 0.001 0.011 0.005 0.012 0.048 0.906 
 107 L _   0.010 0.009 0.001 0.012 0.005 0.013 0.047 0.904 
 108 L _   0.011 0.008 0.001 0.014 0.006 0.014 0.045 0.902 
 109 M _   0.012 0.008 0.001 0.014 0.006 0.014 0.044 0.901 
 110 D _   0.014 0.007 0.001 0.013 0.006 0.015 0.043 0.901 
 111 L _   0.017 0.005 0.001 0.012 0.006 0.016 0.042 0.902 
 112 D _   0.020 0.004 0.001 0.010 0.006 0.017 0.040 0.902 
 113 I _   0.026 0.002 0.001 0.008 0.006 0.018 0.039 0.900 
 114 N _   0.036 0.001 0.001 0.006 0.006 0.020 0.038 0.893 
 115 M _   0.050 0.001 0.001 0.005 0.006 0.022 0.036 0.881 
 116 R _   0.070 0.000 0.001 0.004 0.007 0.025 0.034 0.860 
 117 T _   0.096 0.000 0.001 0.003 0.008 0.029 0.033 0.829 
 118 V _   0.131 0.000 0.001 0.003 0.012 0.035 0.031 0.788 
 119 D _   0.172 0.000 0.001 0.004 0.017 0.042 0.029 0.736 
 120 C _   0.217 0.000 0.001 0.005 0.024 0.049 0.027 0.677 
 121 F _   0.260 0.001 0.002 0.006 0.033 0.055 0.025 0.618 
 122 Y _   0.296 0.002 0.002 0.009 0.042 0.059 0.024 0.566 
 123 T _   0.325 0.003 0.002 0.012 0.048 0.062 0.023 0.525 
 124 V _   0.342 0.005 0.003 0.016 0.052 0.062 0.022 0.498 
 125 T _   0.350 0.005 0.003 0.018 0.052 0.061 0.022 0.489 
 126 F _   0.349 0.005 0.003 0.018 0.049 0.058 0.022 0.495 
 127 Y _   0.340 0.005 0.002 0.016 0.043 0.054 0.023 0.517 
 128 G _   0.325 0.003 0.002 0.013 0.035 0.049 0.023 0.549 
 129 A _   0.305 0.002 0.002 0.008 0.026 0.045 0.024 0.588 
 130 L _   0.281 0.001 0.001 0.005 0.018 0.041 0.024 0.629 
 131 F _   0.256 0.000 0.001 0.003 0.013 0.038 0.025 0.665 
 132 R _   0.237 0.000 0.001 0.002 0.010 0.036 0.025 0.689 
 133 E _   0.223 0.000 0.001 0.002 0.009 0.037 0.026 0.703 
 134 G _   0.216 0.000 0.001 0.002 0.011 0.038 0.026 0.706 
 135 D _   0.213 0.001 0.001 0.003 0.014 0.042 0.027 0.700 
 136 V _   0.211 0.002 0.001 0.006 0.020 0.045 0.027 0.687 
 137 W _   0.209 0.006 0.002 0.013 0.026 0.048 0.028 0.669 
 138 I _   0.201 0.012 0.002 0.021 0.032 0.049 0.029 0.654 
 139 C _   0.189 0.017 0.002 0.029 0.035 0.048 0.030 0.649 
 140 M _   0.173 0.020 0.002 0.034 0.035 0.046 0.032 0.657 
 141 E _   0.152 0.021 0.002 0.035 0.033 0.043 0.033 0.682 
 142 L _   0.127 0.020 0.002 0.032 0.027 0.038 0.035 0.718 
 143 M _   0.103 0.017 0.002 0.026 0.021 0.032 0.037 0.761 
 144 D _   0.080 0.012 0.001 0.019 0.015 0.027 0.039 0.805 
 145 T _   0.061 0.008 0.001 0.013 0.010 0.022 0.041 0.843 
 146 S _   0.046 0.005 0.001 0.009 0.007 0.018 0.042 0.871 
 147 L _   0.034 0.003 0.001 0.007 0.005 0.015 0.044 0.891 
 148 D _   0.026 0.002 0.000 0.006 0.004 0.013 0.044 0.904 
 149 K _   0.020 0.002 0.000 0.006 0.003 0.012 0.045 0.912 
 150 F _   0.016 0.001 0.000 0.006 0.003 0.010 0.045 0.917 
 151 Y _   0.013 0.001 0.000 0.006 0.003 0.010 0.046 0.921 
 152 R _   0.011 0.001 0.000 0.007 0.003 0.009 0.046 0.923 
 153 K _   0.010 0.001 0.000 0.007 0.003 0.008 0.045 0.925 
 154 V _   0.010 0.001 0.000 0.006 0.003 0.008 0.045 0.927 
 155 L _   0.010 0.001 0.000 0.006 0.003 0.008 0.044 0.928 
 156 D _   0.011 0.001 0.000 0.005 0.002 0.008 0.044 0.929 
 157 K _   0.014 0.000 0.000 0.004 0.002 0.008 0.043 0.927 
 158 N _   0.020 0.000 0.000 0.004 0.003 0.009 0.041 0.923 
 159 M _   0.030 0.000 0.000 0.003 0.003 0.011 0.040 0.913 
 160 T _   0.047 0.000 0.000 0.003 0.003 0.013 0.038 0.895 
 161 I _   0.075 0.000 0.001 0.003 0.005 0.016 0.036 0.865 
 162 P _   0.117 0.000 0.001 0.003 0.006 0.020 0.034 0.819 
 163 E _   0.177 0.000 0.001 0.003 0.009 0.026 0.031 0.754 
 164 D _   0.250 0.000 0.001 0.003 0.014 0.031 0.028 0.674 
 165 I _   0.331 0.000 0.001 0.003 0.019 0.037 0.025 0.584 
 166 L _   0.410 0.000 0.002 0.003 0.026 0.042 0.022 0.495 
 167 G H   0.480 0.000 0.002 0.003 0.033 0.045 0.021 0.415 
 168 E H   0.536 0.000 0.002 0.004 0.040 0.047 0.019 0.351 
 169 I H   0.576 0.001 0.002 0.004 0.045 0.048 0.019 0.305 
 170 A H   0.599 0.001 0.002 0.005 0.049 0.047 0.019 0.277 
 171 V H   0.608 0.001 0.002 0.006 0.051 0.046 0.019 0.265 
 172 S H   0.604 0.001 0.002 0.008 0.051 0.044 0.020 0.269 
 173 I H   0.586 0.002 0.002 0.009 0.050 0.043 0.022 0.287 
 174 V H   0.554 0.002 0.002 0.009 0.046 0.040 0.024 0.322 
 175 R H   0.506 0.001 0.002 0.009 0.041 0.037 0.027 0.377 
 176 A _   0.444 0.001 0.002 0.008 0.033 0.034 0.030 0.448 
 177 L _   0.373 0.001 0.002 0.007 0.025 0.031 0.033 0.529 
 178 E _   0.298 0.000 0.001 0.006 0.018 0.027 0.037 0.612 
 179 H _   0.229 0.000 0.001 0.005 0.013 0.024 0.041 0.687 
 180 L _   0.170 0.000 0.001 0.005 0.010 0.022 0.044 0.749 
 181 H _   0.124 0.000 0.001 0.005 0.008 0.020 0.047 0.795 
 182 S _   0.091 0.001 0.001 0.006 0.007 0.018 0.049 0.826 
 183 K _   0.067 0.001 0.001 0.008 0.007 0.017 0.052 0.847 
 184 L _   0.049 0.002 0.001 0.011 0.006 0.016 0.054 0.861 
 185 S _   0.037 0.003 0.001 0.013 0.006 0.015 0.056 0.870 
 186 V _   0.028 0.003 0.001 0.014 0.006 0.014 0.058 0.876 
 187 I _   0.021 0.003 0.001 0.015 0.006 0.012 0.059 0.883 
 188 H _   0.017 0.004 0.001 0.014 0.005 0.011 0.061 0.889 
 189 R _   0.013 0.003 0.001 0.012 0.004 0.010 0.063 0.895 
 190 D _   0.011 0.003 0.000 0.010 0.003 0.008 0.064 0.901 
 191 V _   0.009 0.002 0.000 0.008 0.003 0.007 0.065 0.905 
 192 K _   0.007 0.002 0.000 0.006 0.002 0.007 0.066 0.909 
 193 P _   0.006 0.002 0.000 0.005 0.002 0.006 0.067 0.911 
 194 S _   0.006 0.002 0.000 0.005 0.002 0.006 0.068 0.912 
 195 N _   0.006 0.002 0.000 0.005 0.002 0.006 0.068 0.911 
 196 V _   0.006 0.003 0.000 0.005 0.002 0.007 0.068 0.909 
 197 L _   0.006 0.004 0.000 0.006 0.002 0.008 0.067 0.906 
 198 I _   0.006 0.006 0.000 0.007 0.003 0.009 0.067 0.901 
 199 N _   0.007 0.009 0.000 0.008 0.003 0.011 0.066 0.896 
 200 K _   0.007 0.012 0.000 0.009 0.004 0.013 0.065 0.889 
 201 E _   0.008 0.017 0.001 0.011 0.005 0.015 0.064 0.880 
 202 G _   0.010 0.022 0.001 0.012 0.006 0.018 0.062 0.870 
 203 H _   0.012 0.029 0.001 0.013 0.007 0.021 0.061 0.856 
 204 V _   0.014 0.037 0.001 0.015 0.009 0.025 0.059 0.839 
 205 K _   0.018 0.047 0.001 0.017 0.012 0.029 0.057 0.819 
 206 M _   0.022 0.057 0.001 0.020 0.015 0.034 0.056 0.795 
 207 C _   0.026 0.069 0.001 0.023 0.019 0.038 0.054 0.769 
 208 D _   0.031 0.082 0.002 0.026 0.023 0.041 0.053 0.742 
 209 F _   0.036 0.093 0.002 0.029 0.026 0.044 0.052 0.718 
 210 G _   0.039 0.103 0.002 0.032 0.029 0.046 0.052 0.698 
 211 I _   0.043 0.111 0.002 0.035 0.031 0.046 0.051 0.681 
 212 S _   0.045 0.115 0.002 0.037 0.031 0.046 0.051 0.672 
 213 G _   0.046 0.117 0.002 0.038 0.031 0.045 0.052 0.669 
 214 Y _   0.046 0.117 0.002 0.037 0.029 0.042 0.053 0.674 
 215 L _   0.045 0.113 0.002 0.036 0.026 0.040 0.054 0.685 
 216 V _   0.042 0.107 0.002 0.033 0.023 0.036 0.056 0.702 
 217 D _   0.038 0.099 0.001 0.030 0.019 0.032 0.058 0.723 
 218 S _   0.034 0.087 0.001 0.026 0.015 0.028 0.060 0.748 
 219 V _   0.030 0.075 0.001 0.022 0.012 0.025 0.062 0.773 
 220 A _   0.025 0.062 0.001 0.019 0.010 0.021 0.064 0.798 
 221 K _   0.021 0.050 0.001 0.016 0.008 0.018 0.066 0.820 
 222 T _   0.018 0.040 0.001 0.013 0.006 0.016 0.068 0.839 
 223 M _   0.015 0.032 0.001 0.011 0.005 0.014 0.069 0.853 
 224 D _   0.013 0.026 0.001 0.010 0.004 0.012 0.070 0.865 
 225 A _   0.012 0.021 0.000 0.009 0.004 0.011 0.071 0.872 
 226 G _   0.010 0.018 0.000 0.009 0.003 0.010 0.072 0.878 
 227 C _   0.010 0.015 0.000 0.009 0.003 0.009 0.072 0.881 
 228 K _   0.009 0.013 0.000 0.009 0.003 0.009 0.073 0.884 
 229 P _   0.008 0.012 0.000 0.009 0.003 0.008 0.073 0.886 
 230 Y _   0.008 0.010 0.000 0.009 0.003 0.008 0.073 0.888 
 231 M _   0.007 0.009 0.000 0.009 0.003 0.008 0.073 0.890 
 232 A _   0.007 0.008 0.000 0.009 0.003 0.007 0.073 0.893 
 233 P _   0.006 0.007 0.000 0.009 0.003 0.007 0.073 0.895 
 234 E _   0.006 0.006 0.000 0.009 0.003 0.007 0.072 0.897 
 235 R _   0.006 0.005 0.000 0.008 0.003 0.007 0.072 0.900 
 236 I _   0.005 0.004 0.000 0.008 0.002 0.006 0.071 0.902 
 237 N _   0.005 0.004 0.000 0.008 0.002 0.006 0.070 0.904 
 238 P _   0.005 0.003 0.000 0.008 0.002 0.006 0.069 0.906 
 239 E _   0.005 0.003 0.000 0.008 0.002 0.006 0.067 0.908 
 240 L _   0.005 0.002 0.000 0.007 0.002 0.006 0.066 0.910 
 241 N _   0.006 0.002 0.000 0.007 0.002 0.006 0.064 0.913 
 242 Q _   0.008 0.001 0.000 0.006 0.002 0.007 0.062 0.914 
 243 K _   0.011 0.001 0.000 0.005 0.002 0.007 0.060 0.914 
 244 G _   0.017 0.000 0.000 0.005 0.003 0.008 0.057 0.910 
 245 Y _   0.030 0.000 0.000 0.004 0.003 0.010 0.053 0.899 
 246 N _   0.054 0.000 0.001 0.004 0.004 0.012 0.049 0.876 
 247 V _   0.097 0.000 0.001 0.003 0.006 0.015 0.045 0.834 
 248 K _   0.163 0.000 0.001 0.003 0.008 0.019 0.039 0.767 
 249 S _   0.254 0.000 0.001 0.003 0.011 0.022 0.033 0.676 
 250 D _   0.363 0.000 0.001 0.003 0.016 0.026 0.027 0.565 
 251 V H   0.479 0.000 0.002 0.002 0.021 0.028 0.021 0.446 
 252 W H   0.585 0.000 0.002 0.002 0.026 0.029 0.017 0.339 
 253 S H   0.667 0.000 0.002 0.002 0.029 0.029 0.015 0.256 
 254 L H   0.731 0.000 0.002 0.002 0.032 0.027 0.013 0.193 
 255 G H   0.775 0.000 0.002 0.002 0.033 0.025 0.013 0.150 
 256 I H   0.803 0.000 0.002 0.002 0.034 0.023 0.012 0.124 
 257 T H   0.815 0.000 0.002 0.002 0.034 0.021 0.013 0.113 
 258 M H   0.816 0.000 0.002 0.002 0.034 0.020 0.014 0.113 
 259 I H   0.805 0.000 0.002 0.002 0.033 0.019 0.015 0.124 
 260 E H   0.780 0.000 0.002 0.002 0.032 0.018 0.018 0.148 
 261 M H   0.736 0.000 0.002 0.003 0.031 0.018 0.022 0.189 
 262 A H   0.672 0.000 0.002 0.003 0.028 0.018 0.027 0.250 
 263 I H   0.589 0.000 0.002 0.004 0.024 0.018 0.035 0.329 
 264 L H   0.493 0.000 0.002 0.004 0.019 0.017 0.045 0.421 
 265 R _   0.391 0.000 0.002 0.004 0.014 0.016 0.057 0.517 
 266 F _   0.294 0.000 0.001 0.004 0.010 0.015 0.069 0.607 
 267 P _   0.212 0.000 0.001 0.003 0.008 0.014 0.080 0.682 
 268 Y _   0.150 0.000 0.001 0.003 0.006 0.013 0.090 0.736 
 269 E _   0.104 0.000 0.001 0.004 0.005 0.013 0.099 0.774 
 270 S _   0.074 0.000 0.001 0.004 0.005 0.013 0.106 0.797 
 271 W _   0.054 0.001 0.001 0.005 0.005 0.013 0.113 0.808 
 272 G _   0.041 0.002 0.001 0.007 0.005 0.014 0.119 0.811 
 273 T _   0.033 0.004 0.001 0.010 0.006 0.014 0.124 0.809 
 274 P _   0.026 0.006 0.001 0.014 0.006 0.015 0.130 0.802 
 275 F _   0.022 0.009 0.001 0.018 0.007 0.015 0.135 0.792 
 276 Q _   0.019 0.011 0.001 0.022 0.008 0.015 0.141 0.783 
 277 Q _   0.016 0.013 0.001 0.024 0.008 0.015 0.148 0.776 
 278 L _   0.014 0.014 0.001 0.024 0.008 0.014 0.155 0.771 
 279 K _   0.012 0.014 0.001 0.023 0.007 0.013 0.162 0.768 
 280 Q _   0.011 0.013 0.001 0.021 0.006 0.011 0.170 0.768 
 281 V _   0.010 0.012 0.001 0.017 0.005 0.010 0.178 0.769 
 282 V _   0.009 0.010 0.000 0.013 0.004 0.008 0.186 0.770 
 283 E _   0.008 0.008 0.000 0.010 0.003 0.007 0.193 0.771 
 284 E _   0.007 0.006 0.000 0.008 0.002 0.006 0.199 0.772 
 285 P _   0.006 0.005 0.000 0.006 0.002 0.005 0.205 0.771 
 286 S _   0.005 0.004 0.000 0.004 0.002 0.005 0.209 0.770 
 287 P _   0.005 0.004 0.000 0.004 0.001 0.005 0.213 0.768 
 288 Q _   0.004 0.004 0.000 0.003 0.001 0.005 0.215 0.766 
 289 L _   0.005 0.005 0.000 0.003 0.001 0.006 0.217 0.763 
 290 P _   0.005 0.007 0.000 0.004 0.002 0.007 0.218 0.757 
 291 A _   0.006 0.011 0.000 0.005 0.002 0.009 0.219 0.748 
 292 D _   0.007 0.018 0.000 0.007 0.003 0.012 0.219 0.733 
 293 R _   0.009 0.032 0.001 0.011 0.005 0.015 0.218 0.709 
 294 F _   0.010 0.057 0.001 0.018 0.008 0.019 0.216 0.671 
 295 S _   0.012 0.090 0.001 0.026 0.012 0.022 0.214 0.624 
 296 P _   0.013 0.127 0.001 0.036 0.015 0.025 0.212 0.571 
 297 E _   0.013 0.160 0.002 0.046 0.018 0.026 0.211 0.525 
 298 F _   0.013 0.183 0.002 0.055 0.019 0.027 0.210 0.490 
 299 V _   0.013 0.196 0.001 0.062 0.020 0.027 0.212 0.469 
 300 D _   0.013 0.202 0.001 0.064 0.019 0.026 0.214 0.460 
 301 F _   0.013 0.201 0.001 0.062 0.018 0.024 0.219 0.462 
 302 T _   0.013 0.193 0.001 0.056 0.016 0.022 0.224 0.473 
 303 A _   0.012 0.177 0.001 0.048 0.014 0.020 0.231 0.496 
 304 Q _   0.012 0.151 0.001 0.037 0.012 0.018 0.240 0.528 
 305 C _   0.011 0.117 0.001 0.026 0.009 0.016 0.250 0.568 
 306 L _   0.010 0.082 0.001 0.017 0.007 0.014 0.260 0.608 
 307 R _   0.009 0.057 0.001 0.010 0.005 0.013 0.269 0.637 
 308 K _   0.008 0.042 0.000 0.007 0.003 0.012 0.275 0.653 
 309 N _   0.008 0.035 0.000 0.005 0.003 0.011 0.279 0.659 
 310 P _   0.008 0.033 0.000 0.004 0.002 0.012 0.283 0.658 
 311 A _   0.009 0.033 0.000 0.005 0.003 0.013 0.286 0.651 
 312 E _   0.010 0.036 0.000 0.006 0.004 0.016 0.288 0.640 
 313 R _   0.012 0.042 0.001 0.010 0.006 0.018 0.290 0.621 
 314 M _   0.014 0.053 0.001 0.015 0.009 0.021 0.291 0.596 
 315 S _   0.015 0.067 0.001 0.021 0.012 0.024 0.293 0.567 
 316 Y _   0.016 0.081 0.001 0.028 0.014 0.025 0.295 0.538 
 317 L _   0.017 0.093 0.001 0.035 0.017 0.027 0.298 0.513 
 318 E _   0.017 0.100 0.001 0.040 0.018 0.027 0.302 0.494 
 319 L _   0.017 0.104 0.001 0.043 0.019 0.026 0.307 0.482 
 320 M _   0.017 0.105 0.001 0.044 0.018 0.025 0.314 0.476 
 321 E _   0.017 0.102 0.001 0.042 0.017 0.023 0.322 0.476 
 322 H _   0.016 0.095 0.001 0.037 0.015 0.021 0.333 0.483 
 323 P _   0.014 0.084 0.001 0.032 0.012 0.019 0.345 0.493 
 324 F _   0.013 0.068 0.001 0.025 0.010 0.017 0.357 0.509 
 325 F _   0.012 0.051 0.001 0.018 0.007 0.014 0.370 0.526 
 326 T _   0.011 0.035 0.001 0.012 0.005 0.012 0.382 0.542 
 327 L _   0.009 0.024 0.001 0.008 0.004 0.011 0.392 0.553 
 328 H _   0.008 0.017 0.000 0.005 0.003 0.010 0.400 0.557 
 329 K _   0.008 0.014 0.000 0.003 0.002 0.010 0.406 0.557 
 330 T _   0.008 0.013 0.000 0.003 0.002 0.011 0.411 0.552 
 331 K _   0.009 0.014 0.000 0.003 0.003 0.012 0.416 0.543 
 332 K _   0.010 0.017 0.000 0.005 0.004 0.015 0.419 0.528 
 333 T _   0.013 0.026 0.001 0.010 0.007 0.018 0.422 0.503 
 334 D _   0.015 0.045 0.001 0.017 0.010 0.022 0.425 0.464 
 335 I X   0.017 0.073 0.001 0.027 0.014 0.025 0.428 0.414 
 336 A X   0.018 0.103 0.002 0.039 0.018 0.026 0.432 0.363 
 337 A X   0.018 0.126 0.002 0.050 0.019 0.027 0.437 0.322 
 338 F X   0.017 0.138 0.001 0.056 0.019 0.026 0.445 0.297 
 339 V X   0.015 0.144 0.001 0.059 0.019 0.024 0.454 0.284 
 340 K X   0.013 0.144 0.001 0.057 0.017 0.021 0.467 0.280 
 341 E X   0.011 0.140 0.001 0.051 0.014 0.017 0.482 0.284 
 342 I X   0.008 0.130 0.001 0.041 0.010 0.013 0.500 0.297 
 343 L X   0.005 0.109 0.001 0.029 0.006 0.007 0.523 0.320 
 344 G X   0.002 0.076 0.000 0.014 0.002 0.003 0.545 0.357 
 345 E X   0.000 0.047 0.000 0.006 0.000 0.001 0.554 0.390 
 346 D X   0.000 0.035 0.000 0.005 0.000 0.001 0.554 0.405 
 347 S X   0.003 0.031 0.001 0.010 0.003 0.003 0.544 0.405 
