#TopoPred_TM8: 8-state transmembrane topology prediction results by no_profile mode 
#probabilities are in the order of H E C I L F X _, the 8 transmembrane topology types used in PDBTM 
   1 M X   0.007 0.001 0.002 0.046 0.008 0.007 0.876 0.054 
   2 G X   0.003 0.000 0.000 0.027 0.001 0.003 0.905 0.060 
   3 C X   0.001 0.000 0.000 0.015 0.001 0.002 0.914 0.066 
   4 I X   0.001 0.000 0.000 0.010 0.000 0.002 0.916 0.071 
   5 K X   0.001 0.000 0.000 0.007 0.000 0.002 0.915 0.074 
   6 S X   0.001 0.000 0.000 0.005 0.000 0.002 0.912 0.079 
   7 K X   0.001 0.000 0.000 0.004 0.000 0.002 0.909 0.083 
   8 G X   0.001 0.001 0.000 0.003 0.001 0.002 0.904 0.088 
   9 K X   0.001 0.001 0.000 0.003 0.001 0.002 0.898 0.094 
  10 D X   0.001 0.001 0.000 0.003 0.001 0.002 0.890 0.101 
  11 S X   0.001 0.002 0.000 0.004 0.001 0.003 0.881 0.109 
  12 L X   0.001 0.003 0.000 0.004 0.001 0.003 0.870 0.117 
  13 S X   0.001 0.005 0.000 0.005 0.001 0.003 0.857 0.127 
  14 D X   0.001 0.008 0.000 0.007 0.002 0.004 0.842 0.136 
  15 D X   0.001 0.013 0.000 0.009 0.002 0.005 0.826 0.145 
  16 G X   0.002 0.018 0.000 0.011 0.002 0.005 0.809 0.153 
  17 V X   0.002 0.024 0.000 0.012 0.003 0.006 0.791 0.161 
  18 D X   0.002 0.031 0.000 0.014 0.003 0.007 0.774 0.169 
  19 L X   0.002 0.038 0.000 0.015 0.003 0.007 0.758 0.176 
  20 K X   0.002 0.045 0.000 0.016 0.004 0.008 0.743 0.183 
  21 T X   0.002 0.051 0.000 0.016 0.004 0.008 0.729 0.190 
  22 Q X   0.002 0.056 0.000 0.017 0.004 0.008 0.717 0.196 
  23 P X   0.002 0.061 0.000 0.017 0.004 0.009 0.705 0.201 
  24 V X   0.003 0.066 0.001 0.018 0.005 0.009 0.695 0.204 
  25 R X   0.003 0.070 0.001 0.019 0.005 0.009 0.686 0.207 
  26 N X   0.003 0.074 0.001 0.021 0.005 0.009 0.679 0.208 
  27 T X   0.004 0.076 0.001 0.022 0.006 0.010 0.673 0.210 
  28 E X   0.004 0.078 0.001 0.023 0.006 0.009 0.668 0.211 
  29 R X   0.004 0.078 0.001 0.024 0.006 0.009 0.664 0.214 
  30 T X   0.004 0.077 0.001 0.024 0.005 0.009 0.662 0.218 
  31 I X   0.004 0.074 0.001 0.022 0.005 0.008 0.661 0.225 
  32 Y X   0.004 0.068 0.001 0.020 0.004 0.007 0.662 0.234 
  33 V X   0.004 0.060 0.000 0.016 0.004 0.007 0.663 0.246 
  34 R X   0.004 0.050 0.000 0.013 0.003 0.006 0.664 0.259 
  35 D X   0.004 0.038 0.000 0.010 0.002 0.005 0.666 0.274 
  36 P X   0.004 0.028 0.000 0.007 0.002 0.004 0.667 0.288 
  37 T X   0.003 0.020 0.000 0.005 0.001 0.004 0.668 0.299 
  38 S X   0.003 0.014 0.000 0.003 0.001 0.003 0.668 0.307 
  39 N X   0.003 0.011 0.000 0.003 0.001 0.003 0.667 0.313 
  40 K X   0.003 0.010 0.000 0.002 0.001 0.003 0.664 0.318 
  41 Q X   0.002 0.009 0.000 0.002 0.001 0.003 0.661 0.322 
  42 Q X   0.002 0.009 0.000 0.002 0.001 0.003 0.656 0.326 
  43 R X   0.002 0.009 0.000 0.003 0.001 0.003 0.650 0.330 
  44 P X   0.002 0.011 0.000 0.004 0.001 0.004 0.643 0.334 
  45 V X   0.003 0.013 0.000 0.006 0.002 0.005 0.634 0.337 
  46 P X   0.003 0.017 0.000 0.009 0.002 0.006 0.624 0.339 
  47 E X   0.003 0.022 0.000 0.013 0.003 0.007 0.613 0.339 
  48 S X   0.003 0.027 0.000 0.017 0.004 0.008 0.602 0.339 
  49 Q X   0.003 0.031 0.000 0.021 0.004 0.008 0.593 0.339 
  50 L X   0.003 0.034 0.000 0.024 0.005 0.008 0.585 0.340 
  51 L X   0.004 0.036 0.000 0.025 0.005 0.008 0.578 0.344 
  52 P X   0.004 0.036 0.000 0.025 0.004 0.008 0.573 0.350 
  53 G X   0.004 0.035 0.000 0.022 0.004 0.007 0.570 0.358 
  54 Q X   0.004 0.032 0.000 0.019 0.003 0.006 0.567 0.369 
  55 R X   0.003 0.028 0.000 0.014 0.003 0.006 0.564 0.382 
  56 F X   0.003 0.024 0.000 0.010 0.002 0.005 0.562 0.395 
  57 Q X   0.003 0.019 0.000 0.006 0.001 0.004 0.559 0.407 
  58 T X   0.003 0.016 0.000 0.004 0.001 0.003 0.555 0.418 
  59 K X   0.002 0.014 0.000 0.003 0.001 0.003 0.550 0.426 
  60 D X   0.002 0.014 0.000 0.002 0.001 0.004 0.544 0.433 
  61 P X   0.002 0.015 0.000 0.003 0.001 0.004 0.536 0.438 
  62 E X   0.003 0.018 0.000 0.005 0.002 0.006 0.525 0.441 
  63 E X   0.004 0.027 0.000 0.008 0.003 0.009 0.510 0.438 
  64 Q X   0.005 0.047 0.001 0.016 0.006 0.012 0.489 0.424 
  65 G X   0.006 0.084 0.001 0.028 0.009 0.016 0.460 0.395 
  66 D X   0.006 0.132 0.002 0.043 0.012 0.018 0.429 0.358 
  67 I X   0.006 0.176 0.002 0.057 0.014 0.019 0.402 0.324 
  68 V X   0.006 0.206 0.001 0.067 0.014 0.019 0.383 0.303 
  69 V X   0.006 0.223 0.001 0.074 0.014 0.019 0.369 0.294 
  70 A X   0.006 0.229 0.001 0.075 0.014 0.018 0.361 0.297 
  71 L X   0.006 0.229 0.001 0.071 0.013 0.017 0.355 0.309 
  72 Y X   0.006 0.222 0.001 0.063 0.011 0.015 0.351 0.330 
  73 P _   0.006 0.206 0.001 0.052 0.010 0.013 0.349 0.362 
  74 Y _   0.006 0.179 0.001 0.040 0.008 0.012 0.349 0.404 
  75 D _   0.007 0.145 0.001 0.029 0.006 0.010 0.350 0.452 
  76 G _   0.006 0.110 0.001 0.020 0.005 0.009 0.351 0.499 
  77 I _   0.006 0.082 0.000 0.013 0.003 0.008 0.351 0.537 
  78 H _   0.005 0.064 0.000 0.009 0.002 0.007 0.350 0.563 
  79 P _   0.005 0.054 0.000 0.006 0.002 0.006 0.348 0.580 
  80 D _   0.004 0.048 0.000 0.005 0.001 0.005 0.344 0.591 
  81 D _   0.004 0.046 0.000 0.004 0.001 0.005 0.340 0.599 
  82 L _   0.004 0.045 0.000 0.005 0.001 0.006 0.334 0.605 
  83 S _   0.004 0.046 0.000 0.006 0.002 0.006 0.326 0.610 
  84 F _   0.004 0.050 0.000 0.007 0.002 0.007 0.316 0.614 
  85 K _   0.004 0.055 0.000 0.009 0.003 0.008 0.305 0.615 
  86 K _   0.004 0.064 0.000 0.012 0.003 0.009 0.292 0.615 
  87 G _   0.004 0.076 0.001 0.015 0.004 0.010 0.277 0.614 
  88 E _   0.004 0.089 0.001 0.018 0.005 0.011 0.262 0.610 
  89 K _   0.005 0.105 0.001 0.021 0.005 0.012 0.247 0.606 
  90 M _   0.005 0.120 0.001 0.023 0.006 0.012 0.232 0.601 
  91 K _   0.005 0.133 0.001 0.024 0.006 0.013 0.220 0.598 
  92 V _   0.005 0.145 0.001 0.026 0.007 0.013 0.208 0.595 
  93 L _   0.005 0.154 0.001 0.027 0.007 0.013 0.199 0.594 
  94 E _   0.006 0.161 0.001 0.028 0.007 0.013 0.190 0.594 
  95 E _   0.006 0.166 0.001 0.028 0.007 0.013 0.183 0.596 
  96 H _   0.006 0.168 0.001 0.027 0.007 0.013 0.177 0.600 
  97 G _   0.006 0.169 0.001 0.026 0.007 0.013 0.172 0.606 
  98 E _   0.007 0.167 0.001 0.024 0.007 0.013 0.168 0.613 
  99 W _   0.007 0.164 0.001 0.022 0.006 0.013 0.164 0.624 
 100 W _   0.007 0.158 0.001 0.020 0.006 0.012 0.161 0.635 
 101 K _   0.007 0.152 0.001 0.018 0.006 0.012 0.158 0.647 
 102 A _   0.007 0.145 0.001 0.016 0.005 0.011 0.155 0.660 
 103 K _   0.007 0.137 0.001 0.014 0.005 0.011 0.152 0.673 
 104 S _   0.007 0.130 0.001 0.013 0.005 0.011 0.150 0.684 
 105 L _   0.007 0.123 0.001 0.012 0.005 0.011 0.148 0.694 
 106 L _   0.008 0.117 0.001 0.012 0.004 0.010 0.146 0.703 
 107 T _   0.008 0.112 0.001 0.011 0.004 0.010 0.144 0.711 
 108 K _   0.008 0.108 0.001 0.010 0.004 0.010 0.141 0.718 
 109 K _   0.008 0.104 0.001 0.010 0.004 0.010 0.139 0.724 
 110 E _   0.008 0.102 0.000 0.010 0.004 0.010 0.137 0.729 
 111 G _   0.008 0.100 0.000 0.009 0.004 0.010 0.134 0.734 
 112 F _   0.008 0.099 0.000 0.009 0.004 0.010 0.132 0.737 
 113 I _   0.008 0.099 0.000 0.009 0.004 0.011 0.130 0.739 
 114 P _   0.008 0.100 0.001 0.009 0.004 0.011 0.127 0.739 
 115 S _   0.008 0.103 0.001 0.010 0.005 0.012 0.124 0.737 
 116 N _   0.009 0.106 0.001 0.011 0.005 0.013 0.122 0.733 
 117 Y _   0.009 0.111 0.001 0.012 0.006 0.014 0.119 0.728 
 118 V _   0.010 0.117 0.001 0.013 0.006 0.015 0.116 0.721 
 119 A _   0.011 0.125 0.001 0.015 0.007 0.016 0.113 0.713 
 120 K _   0.011 0.132 0.001 0.016 0.008 0.017 0.110 0.704 
 121 L _   0.012 0.141 0.001 0.018 0.009 0.018 0.108 0.695 
 122 N _   0.012 0.149 0.001 0.020 0.009 0.018 0.105 0.686 
 123 T _   0.012 0.156 0.001 0.022 0.010 0.019 0.103 0.677 
 124 L _   0.013 0.163 0.001 0.025 0.011 0.019 0.100 0.668 
 125 E _   0.013 0.168 0.001 0.028 0.011 0.019 0.099 0.661 
 126 T _   0.013 0.171 0.001 0.030 0.011 0.018 0.098 0.658 
 127 E _   0.013 0.170 0.001 0.031 0.011 0.018 0.097 0.659 
 128 E _   0.013 0.167 0.001 0.031 0.010 0.017 0.097 0.664 
 129 W _   0.012 0.160 0.001 0.029 0.009 0.015 0.097 0.675 
 130 F _   0.012 0.149 0.001 0.026 0.008 0.014 0.098 0.692 
 131 F _   0.011 0.134 0.001 0.022 0.007 0.013 0.099 0.713 
 132 K _   0.011 0.116 0.001 0.018 0.006 0.011 0.100 0.737 
 133 D _   0.010 0.098 0.001 0.014 0.005 0.010 0.101 0.762 
 134 I _   0.009 0.082 0.001 0.010 0.004 0.009 0.102 0.784 
 135 T _   0.008 0.070 0.000 0.008 0.003 0.008 0.103 0.800 
 136 R _   0.007 0.063 0.000 0.006 0.002 0.007 0.103 0.810 
 137 K _   0.006 0.059 0.000 0.006 0.002 0.007 0.103 0.816 
 138 D _   0.006 0.058 0.000 0.006 0.002 0.007 0.102 0.819 
 139 A _   0.006 0.058 0.000 0.006 0.002 0.007 0.101 0.819 
 140 E _   0.006 0.061 0.000 0.007 0.002 0.008 0.099 0.817 
 141 R _   0.006 0.065 0.000 0.008 0.003 0.008 0.096 0.814 
 142 Q _   0.006 0.070 0.000 0.009 0.003 0.008 0.094 0.810 
 143 L _   0.006 0.077 0.000 0.010 0.003 0.009 0.091 0.804 
 144 L _   0.005 0.085 0.000 0.011 0.003 0.009 0.087 0.798 
 145 A _   0.005 0.095 0.000 0.011 0.004 0.010 0.084 0.790 
 146 P _   0.006 0.108 0.001 0.012 0.004 0.011 0.080 0.779 
 147 G _   0.006 0.124 0.001 0.014 0.005 0.012 0.076 0.762 
 148 N _   0.007 0.145 0.001 0.016 0.006 0.014 0.072 0.739 
 149 S _   0.008 0.171 0.001 0.019 0.008 0.015 0.067 0.710 
 150 A _   0.009 0.201 0.001 0.023 0.009 0.017 0.063 0.677 
 151 G _   0.009 0.231 0.001 0.027 0.010 0.018 0.059 0.645 
 152 A _   0.010 0.256 0.001 0.031 0.011 0.018 0.056 0.618 
 153 F _   0.010 0.274 0.001 0.033 0.011 0.019 0.053 0.599 
 154 L _   0.010 0.286 0.001 0.033 0.011 0.018 0.051 0.589 
 155 I _   0.010 0.292 0.001 0.032 0.011 0.018 0.049 0.587 
 156 R _   0.010 0.294 0.001 0.030 0.010 0.018 0.048 0.590 
 157 E _   0.010 0.291 0.001 0.027 0.010 0.017 0.047 0.598 
 158 S _   0.010 0.286 0.001 0.023 0.009 0.016 0.046 0.608 
 159 E _   0.009 0.280 0.001 0.021 0.008 0.016 0.046 0.620 
 160 T _   0.009 0.272 0.001 0.019 0.007 0.015 0.046 0.631 
 161 L _   0.009 0.266 0.001 0.018 0.007 0.015 0.045 0.639 
 162 K _   0.009 0.259 0.001 0.018 0.007 0.015 0.045 0.645 
 163 G _   0.009 0.253 0.001 0.019 0.007 0.014 0.045 0.650 
 164 S _   0.010 0.246 0.001 0.021 0.008 0.014 0.045 0.656 
 165 F _   0.010 0.238 0.001 0.022 0.008 0.014 0.045 0.663 
 166 S _   0.010 0.227 0.001 0.022 0.008 0.013 0.046 0.673 
 167 L _   0.009 0.213 0.001 0.022 0.007 0.013 0.046 0.688 
 168 S _   0.009 0.194 0.001 0.021 0.007 0.012 0.047 0.708 
 169 V _   0.009 0.173 0.001 0.019 0.007 0.012 0.048 0.732 
 170 R _   0.009 0.149 0.001 0.016 0.006 0.011 0.050 0.759 
 171 D _   0.009 0.126 0.001 0.013 0.005 0.010 0.051 0.785 
 172 F _   0.008 0.107 0.001 0.011 0.004 0.010 0.052 0.807 
 173 D _   0.008 0.093 0.001 0.009 0.004 0.010 0.053 0.823 
 174 P _   0.008 0.084 0.000 0.008 0.003 0.010 0.054 0.833 
 175 V _   0.007 0.079 0.000 0.008 0.003 0.010 0.054 0.837 
 176 H _   0.007 0.077 0.000 0.009 0.004 0.011 0.054 0.837 
 177 G _   0.008 0.077 0.000 0.011 0.004 0.011 0.054 0.834 
 178 D _   0.008 0.078 0.001 0.014 0.005 0.012 0.054 0.827 
 179 V _   0.008 0.079 0.001 0.018 0.006 0.013 0.054 0.820 
 180 I _   0.009 0.081 0.001 0.022 0.007 0.013 0.054 0.814 
 181 K _   0.008 0.081 0.001 0.024 0.007 0.014 0.054 0.810 
 182 H _   0.008 0.079 0.001 0.025 0.007 0.013 0.055 0.811 
 183 Y _   0.008 0.076 0.001 0.024 0.007 0.013 0.055 0.816 
 184 K _   0.007 0.071 0.001 0.022 0.007 0.012 0.056 0.825 
 185 I _   0.007 0.064 0.001 0.018 0.006 0.011 0.057 0.836 
 186 R _   0.007 0.056 0.001 0.015 0.005 0.011 0.058 0.848 
 187 S _   0.006 0.049 0.001 0.012 0.004 0.011 0.059 0.859 
 188 L _   0.006 0.043 0.000 0.009 0.004 0.011 0.059 0.868 
 189 D _   0.006 0.039 0.000 0.007 0.003 0.011 0.060 0.873 
 190 N _   0.007 0.037 0.000 0.007 0.003 0.012 0.060 0.874 
 191 G _   0.008 0.036 0.000 0.007 0.004 0.014 0.060 0.870 
 192 G _   0.010 0.038 0.001 0.007 0.004 0.017 0.060 0.863 
 193 Y _   0.012 0.042 0.001 0.009 0.006 0.021 0.060 0.850 
 194 Y _   0.016 0.048 0.001 0.011 0.008 0.026 0.059 0.831 
 195 I _   0.019 0.060 0.001 0.014 0.012 0.031 0.058 0.805 
 196 S _   0.024 0.075 0.001 0.018 0.016 0.037 0.057 0.772 
 197 P _   0.028 0.096 0.002 0.022 0.021 0.042 0.056 0.733 
 198 R _   0.033 0.119 0.002 0.026 0.027 0.047 0.055 0.692 
 199 I _   0.037 0.144 0.002 0.031 0.032 0.050 0.054 0.650 
 200 T _   0.040 0.166 0.002 0.035 0.035 0.052 0.054 0.615 
 201 F _   0.042 0.185 0.002 0.039 0.038 0.052 0.054 0.588 
 202 P _   0.042 0.199 0.002 0.043 0.038 0.051 0.055 0.569 
 203 C _   0.042 0.209 0.002 0.047 0.037 0.049 0.056 0.558 
 204 I _   0.042 0.213 0.002 0.048 0.035 0.046 0.057 0.556 
 205 S _   0.040 0.213 0.002 0.048 0.032 0.043 0.060 0.562 
 206 D _   0.038 0.207 0.002 0.045 0.028 0.039 0.062 0.578 
 207 M _   0.035 0.196 0.002 0.041 0.024 0.035 0.066 0.602 
 208 I _   0.032 0.178 0.002 0.034 0.019 0.031 0.070 0.635 
 209 K _   0.028 0.153 0.001 0.028 0.015 0.026 0.074 0.675 
 210 H _   0.024 0.125 0.001 0.021 0.011 0.023 0.078 0.717 
 211 Y _   0.020 0.100 0.001 0.015 0.008 0.019 0.082 0.755 
 212 Q _   0.017 0.081 0.001 0.010 0.006 0.017 0.085 0.784 
 213 K _   0.014 0.070 0.001 0.007 0.004 0.015 0.088 0.802 
 214 Q _   0.012 0.064 0.000 0.006 0.003 0.014 0.089 0.811 
 215 A _   0.011 0.062 0.000 0.006 0.003 0.013 0.091 0.813 
 216 D _   0.011 0.063 0.000 0.007 0.004 0.014 0.092 0.809 
 217 G _   0.011 0.067 0.001 0.010 0.005 0.014 0.093 0.800 
 218 L _   0.012 0.073 0.001 0.015 0.006 0.015 0.093 0.785 
 219 C _   0.012 0.081 0.001 0.020 0.007 0.016 0.094 0.768 
 220 R _   0.013 0.089 0.001 0.027 0.009 0.017 0.095 0.750 
 221 R _   0.013 0.095 0.001 0.032 0.009 0.017 0.096 0.737 
 222 L _   0.013 0.098 0.001 0.036 0.010 0.017 0.098 0.728 
 223 E _   0.012 0.098 0.001 0.037 0.010 0.016 0.100 0.726 
 224 K _   0.012 0.095 0.001 0.036 0.009 0.015 0.103 0.729 
 225 A _   0.012 0.089 0.001 0.033 0.008 0.014 0.107 0.738 
 226 C _   0.011 0.079 0.001 0.028 0.007 0.012 0.111 0.752 
 227 I _   0.010 0.065 0.001 0.022 0.005 0.011 0.116 0.770 
 228 S _   0.010 0.050 0.001 0.017 0.004 0.009 0.120 0.789 
 229 P _   0.009 0.037 0.000 0.012 0.003 0.008 0.124 0.807 
 230 K _   0.008 0.026 0.000 0.008 0.002 0.007 0.127 0.822 
 231 P _   0.007 0.019 0.000 0.006 0.002 0.006 0.129 0.832 
 232 Q _   0.006 0.015 0.000 0.004 0.001 0.005 0.130 0.839 
 233 K _   0.005 0.013 0.000 0.003 0.001 0.005 0.130 0.844 
 234 P _   0.004 0.012 0.000 0.003 0.001 0.005 0.129 0.846 
 235 W _   0.004 0.013 0.000 0.003 0.001 0.005 0.128 0.845 
 236 D _   0.004 0.016 0.000 0.004 0.002 0.007 0.125 0.842 
 237 K _   0.005 0.023 0.000 0.006 0.002 0.009 0.121 0.834 
 238 D _   0.006 0.037 0.000 0.009 0.004 0.011 0.116 0.816 
 239 A _   0.008 0.062 0.001 0.014 0.005 0.014 0.109 0.787 
 240 W _   0.008 0.100 0.001 0.020 0.007 0.017 0.101 0.746 
 241 E _   0.009 0.144 0.001 0.025 0.009 0.019 0.092 0.701 
 242 I _   0.009 0.189 0.001 0.029 0.011 0.020 0.084 0.657 
 243 P _   0.009 0.227 0.001 0.031 0.011 0.021 0.077 0.622 
 244 R _   0.009 0.257 0.001 0.032 0.012 0.022 0.071 0.595 
 245 E _   0.009 0.278 0.001 0.032 0.012 0.023 0.066 0.578 
 246 S _   0.010 0.293 0.001 0.030 0.012 0.023 0.063 0.567 
 247 I _   0.011 0.304 0.001 0.028 0.012 0.024 0.060 0.561 
 248 K _   0.011 0.311 0.001 0.026 0.012 0.024 0.057 0.558 
 249 L _   0.012 0.315 0.001 0.023 0.012 0.024 0.055 0.557 
 250 V _   0.013 0.318 0.001 0.021 0.011 0.025 0.053 0.558 
 251 K _   0.014 0.320 0.001 0.019 0.011 0.025 0.051 0.559 
 252 R _   0.015 0.322 0.001 0.018 0.011 0.025 0.049 0.559 
 253 L _   0.015 0.325 0.001 0.017 0.011 0.026 0.048 0.557 
 254 G _   0.016 0.328 0.001 0.018 0.012 0.026 0.046 0.552 
 255 A _   0.017 0.333 0.001 0.020 0.013 0.027 0.044 0.546 
 256 G _   0.017 0.338 0.001 0.023 0.014 0.027 0.043 0.537 
 257 Q _   0.018 0.343 0.001 0.027 0.015 0.026 0.041 0.529 
 258 F _   0.018 0.346 0.001 0.031 0.016 0.026 0.040 0.522 
 259 G _   0.018 0.345 0.001 0.035 0.017 0.025 0.040 0.520 
 260 E _   0.017 0.340 0.001 0.037 0.016 0.023 0.039 0.525 
 261 V _   0.017 0.328 0.001 0.038 0.016 0.022 0.039 0.540 
 262 W _   0.016 0.306 0.001 0.036 0.014 0.020 0.040 0.567 
 263 M _   0.015 0.272 0.002 0.032 0.013 0.018 0.041 0.607 
 264 G _   0.014 0.227 0.001 0.027 0.011 0.017 0.042 0.661 
 265 Y _   0.014 0.176 0.001 0.020 0.009 0.015 0.043 0.721 
 266 Y _   0.012 0.130 0.001 0.015 0.007 0.014 0.044 0.776 
 267 N _   0.011 0.097 0.001 0.011 0.005 0.013 0.045 0.817 
 268 N _   0.010 0.078 0.001 0.008 0.004 0.013 0.046 0.842 
 269 S _   0.009 0.068 0.000 0.007 0.003 0.013 0.046 0.855 
 270 T _   0.009 0.063 0.000 0.006 0.003 0.013 0.046 0.859 
 271 K _   0.009 0.062 0.000 0.007 0.004 0.014 0.045 0.858 
 272 V _   0.010 0.063 0.001 0.009 0.004 0.016 0.045 0.853 
 273 A _   0.011 0.066 0.001 0.011 0.005 0.018 0.044 0.845 
 274 V _   0.012 0.070 0.001 0.013 0.007 0.020 0.043 0.835 
 275 K _   0.014 0.074 0.001 0.014 0.008 0.023 0.042 0.825 
 276 T _   0.016 0.078 0.001 0.015 0.009 0.025 0.041 0.816 
 277 L _   0.018 0.082 0.001 0.015 0.010 0.028 0.040 0.806 
 278 K _   0.021 0.085 0.001 0.015 0.012 0.032 0.039 0.795 
 279 P _   0.025 0.090 0.001 0.015 0.014 0.035 0.038 0.781 
 280 G _   0.029 0.096 0.001 0.016 0.017 0.039 0.038 0.763 
 281 T _   0.034 0.104 0.001 0.018 0.021 0.043 0.037 0.741 
 282 M _   0.040 0.114 0.002 0.022 0.025 0.046 0.037 0.716 
 283 S _   0.044 0.125 0.002 0.027 0.028 0.047 0.036 0.691 
 284 V _   0.047 0.135 0.002 0.033 0.030 0.048 0.036 0.670 
 285 Q _   0.049 0.141 0.002 0.038 0.031 0.047 0.036 0.656 
 286 A _   0.048 0.144 0.002 0.041 0.030 0.045 0.037 0.653 
 287 F _   0.047 0.142 0.002 0.041 0.028 0.042 0.037 0.661 
 288 L _   0.044 0.135 0.002 0.039 0.025 0.039 0.038 0.678 
 289 E _   0.041 0.124 0.002 0.034 0.022 0.035 0.040 0.703 
 290 E _   0.037 0.107 0.002 0.029 0.018 0.031 0.041 0.735 
 291 A _   0.033 0.085 0.001 0.024 0.015 0.027 0.043 0.772 
 292 N _   0.030 0.062 0.001 0.018 0.011 0.024 0.044 0.809 
 293 L _   0.027 0.042 0.001 0.014 0.009 0.021 0.046 0.840 
 294 M _   0.024 0.027 0.001 0.010 0.007 0.019 0.047 0.866 
 295 K _   0.022 0.016 0.001 0.008 0.005 0.017 0.048 0.884 
 296 T _   0.019 0.009 0.000 0.006 0.004 0.015 0.049 0.897 
 297 L _   0.018 0.005 0.000 0.005 0.004 0.015 0.049 0.905 
 298 Q _   0.017 0.003 0.000 0.004 0.003 0.014 0.049 0.908 
 299 H _   0.017 0.002 0.000 0.004 0.004 0.015 0.049 0.908 
 300 D _   0.019 0.002 0.000 0.004 0.004 0.016 0.049 0.905 
 301 K _   0.021 0.002 0.001 0.006 0.005 0.018 0.049 0.899 
 302 L _   0.023 0.003 0.001 0.007 0.006 0.020 0.048 0.891 
 303 V _   0.026 0.004 0.001 0.010 0.008 0.023 0.048 0.881 
 304 R _   0.029 0.006 0.001 0.012 0.010 0.025 0.048 0.870 
 305 L _   0.031 0.007 0.001 0.015 0.011 0.027 0.047 0.861 
 306 Y _   0.033 0.008 0.001 0.016 0.012 0.028 0.047 0.855 
 307 A _   0.034 0.009 0.001 0.016 0.013 0.029 0.046 0.852 
 308 V _   0.035 0.009 0.001 0.015 0.013 0.030 0.046 0.851 
 309 V _   0.036 0.009 0.001 0.013 0.012 0.030 0.046 0.852 
 310 T _   0.037 0.009 0.001 0.011 0.011 0.031 0.046 0.853 
 311 R _   0.039 0.009 0.001 0.009 0.011 0.031 0.046 0.854 
 312 E _   0.040 0.010 0.001 0.008 0.011 0.032 0.046 0.852 
 313 E _   0.042 0.011 0.001 0.008 0.012 0.034 0.046 0.847 
 314 P _   0.044 0.013 0.001 0.009 0.013 0.036 0.046 0.838 
 315 I _   0.046 0.018 0.001 0.011 0.015 0.037 0.046 0.826 
 316 Y _   0.048 0.024 0.001 0.014 0.017 0.039 0.046 0.810 
 317 I _   0.049 0.033 0.001 0.018 0.020 0.040 0.046 0.791 
 318 I _   0.049 0.044 0.002 0.023 0.022 0.040 0.046 0.773 
 319 T _   0.048 0.053 0.002 0.028 0.023 0.040 0.047 0.760 
 320 E _   0.045 0.059 0.002 0.032 0.023 0.038 0.047 0.753 
 321 Y _   0.041 0.063 0.002 0.034 0.022 0.036 0.048 0.754 
 322 M _   0.036 0.065 0.001 0.034 0.021 0.033 0.049 0.760 
 323 A _   0.032 0.065 0.001 0.033 0.019 0.030 0.050 0.769 
 324 K _   0.028 0.063 0.001 0.032 0.016 0.027 0.052 0.781 
 325 G _   0.024 0.059 0.001 0.029 0.013 0.024 0.054 0.796 
 326 S _   0.021 0.054 0.001 0.026 0.011 0.020 0.056 0.812 
 327 L _   0.018 0.047 0.001 0.022 0.009 0.017 0.058 0.828 
 328 L _   0.016 0.039 0.001 0.019 0.007 0.015 0.060 0.845 
 329 D _   0.013 0.030 0.001 0.015 0.005 0.012 0.062 0.862 
 330 F _   0.011 0.021 0.001 0.011 0.004 0.010 0.064 0.878 
 331 L _   0.009 0.015 0.000 0.008 0.003 0.009 0.065 0.891 
 332 K _   0.008 0.010 0.000 0.006 0.002 0.007 0.066 0.901 
 333 S _   0.007 0.007 0.000 0.004 0.002 0.007 0.066 0.907 
 334 D _   0.006 0.005 0.000 0.004 0.002 0.006 0.067 0.910 
 335 E _   0.006 0.004 0.000 0.004 0.002 0.007 0.066 0.911 
 336 G _   0.006 0.004 0.000 0.004 0.002 0.008 0.066 0.909 
 337 G _   0.007 0.005 0.000 0.005 0.002 0.009 0.065 0.905 
 338 K _   0.008 0.007 0.000 0.007 0.003 0.012 0.064 0.899 
 339 V _   0.010 0.010 0.000 0.009 0.004 0.014 0.063 0.890 
 340 L _   0.011 0.013 0.001 0.011 0.005 0.017 0.062 0.880 
 341 L _   0.013 0.017 0.001 0.013 0.007 0.020 0.060 0.870 
 342 P _   0.015 0.021 0.001 0.014 0.008 0.022 0.058 0.860 
 343 K _   0.017 0.026 0.001 0.015 0.009 0.025 0.057 0.850 
 344 L _   0.020 0.030 0.001 0.015 0.011 0.028 0.055 0.840 
 345 I _   0.024 0.034 0.001 0.015 0.013 0.032 0.054 0.828 
 346 D _   0.028 0.039 0.001 0.016 0.015 0.035 0.053 0.814 
 347 F _   0.032 0.044 0.001 0.018 0.017 0.038 0.052 0.798 
 348 S _   0.036 0.051 0.001 0.020 0.019 0.040 0.051 0.781 
 349 A _   0.040 0.059 0.001 0.024 0.022 0.042 0.050 0.763 
 350 Q _   0.043 0.067 0.002 0.028 0.024 0.042 0.049 0.746 
 351 I _   0.045 0.073 0.002 0.033 0.025 0.042 0.048 0.732 
 352 A _   0.045 0.078 0.002 0.037 0.026 0.041 0.048 0.723 
 353 E _   0.044 0.080 0.002 0.039 0.025 0.039 0.048 0.723 
 354 G _   0.042 0.080 0.002 0.039 0.023 0.036 0.049 0.730 
 355 M _   0.039 0.076 0.002 0.037 0.020 0.033 0.050 0.744 
 356 A _   0.035 0.069 0.001 0.034 0.017 0.029 0.051 0.764 
 357 Y _   0.030 0.058 0.001 0.028 0.014 0.025 0.052 0.791 
 358 I _   0.026 0.044 0.001 0.022 0.011 0.022 0.053 0.821 
 359 E _   0.021 0.030 0.001 0.016 0.008 0.018 0.055 0.851 
 360 R _   0.018 0.018 0.001 0.011 0.006 0.016 0.055 0.876 
 361 K _   0.015 0.010 0.000 0.007 0.004 0.013 0.056 0.894 
 362 N _   0.012 0.005 0.000 0.005 0.003 0.012 0.056 0.906 
 363 Y _   0.012 0.003 0.000 0.004 0.003 0.012 0.056 0.911 
 364 I _   0.012 0.002 0.000 0.003 0.002 0.012 0.056 0.912 
 365 H _   0.014 0.001 0.000 0.003 0.003 0.014 0.055 0.909 
 366 R _   0.017 0.001 0.000 0.004 0.004 0.017 0.055 0.902 
 367 D _   0.022 0.001 0.001 0.005 0.005 0.021 0.054 0.891 
 368 L _   0.029 0.002 0.001 0.007 0.007 0.025 0.053 0.876 
 369 R _   0.036 0.002 0.001 0.010 0.010 0.030 0.052 0.859 
 370 A _   0.046 0.003 0.001 0.012 0.013 0.035 0.050 0.839 
 371 A _   0.055 0.004 0.001 0.014 0.017 0.040 0.049 0.820 
 372 N _   0.066 0.005 0.001 0.014 0.020 0.044 0.048 0.802 
 373 V _   0.077 0.005 0.001 0.014 0.022 0.048 0.047 0.785 
 374 L _   0.089 0.005 0.001 0.013 0.024 0.051 0.046 0.771 
 375 V _   0.100 0.006 0.002 0.012 0.026 0.053 0.045 0.757 
 376 S _   0.110 0.006 0.002 0.012 0.027 0.055 0.045 0.744 
 377 E _   0.118 0.006 0.002 0.011 0.028 0.056 0.045 0.734 
 378 S _   0.124 0.007 0.002 0.011 0.029 0.056 0.045 0.727 
 379 L _   0.128 0.008 0.002 0.012 0.029 0.056 0.045 0.721 
 380 M _   0.130 0.009 0.002 0.013 0.029 0.055 0.045 0.718 
 381 C _   0.128 0.011 0.002 0.014 0.029 0.053 0.046 0.717 
 382 K _   0.124 0.012 0.002 0.016 0.028 0.050 0.047 0.720 
 383 I _   0.117 0.014 0.002 0.019 0.027 0.047 0.048 0.726 
 384 A _   0.108 0.016 0.002 0.022 0.025 0.044 0.049 0.734 
 385 D _   0.098 0.017 0.002 0.024 0.023 0.040 0.051 0.746 
 386 F _   0.086 0.017 0.002 0.025 0.021 0.036 0.052 0.761 
 387 G _   0.073 0.017 0.001 0.025 0.018 0.032 0.054 0.779 
 388 L _   0.060 0.016 0.001 0.024 0.014 0.027 0.056 0.801 
 389 A _   0.048 0.013 0.001 0.021 0.011 0.023 0.058 0.825 
 390 R _   0.037 0.011 0.001 0.017 0.008 0.018 0.060 0.848 
 391 V _   0.027 0.008 0.001 0.013 0.006 0.015 0.062 0.869 
 392 I _   0.020 0.005 0.000 0.009 0.004 0.011 0.063 0.886 
 393 E _   0.015 0.003 0.000 0.007 0.003 0.009 0.064 0.900 
 394 D _   0.011 0.002 0.000 0.005 0.002 0.007 0.064 0.908 
 395 N _   0.009 0.001 0.000 0.004 0.002 0.006 0.064 0.914 
 396 E _   0.007 0.001 0.000 0.003 0.002 0.006 0.064 0.917 
 397 Y _   0.006 0.001 0.000 0.003 0.002 0.006 0.063 0.919 
 398 T _   0.006 0.001 0.000 0.004 0.002 0.006 0.062 0.919 
 399 A _   0.006 0.002 0.000 0.005 0.002 0.007 0.061 0.918 
 400 R _   0.006 0.002 0.000 0.006 0.003 0.008 0.059 0.915 
 401 E _   0.006 0.003 0.000 0.008 0.003 0.010 0.057 0.911 
 402 G _   0.007 0.005 0.000 0.011 0.004 0.011 0.055 0.907 
 403 A _   0.007 0.007 0.001 0.013 0.005 0.013 0.053 0.902 
 404 K _   0.008 0.008 0.001 0.015 0.006 0.015 0.050 0.897 
 405 F _   0.009 0.009 0.001 0.016 0.007 0.017 0.048 0.894 
 406 P _   0.010 0.010 0.001 0.017 0.007 0.018 0.045 0.891 
 407 I _   0.011 0.011 0.001 0.018 0.008 0.020 0.043 0.888 
 408 K _   0.013 0.011 0.001 0.017 0.009 0.023 0.041 0.885 
 409 W _   0.015 0.011 0.001 0.017 0.010 0.025 0.039 0.881 
 410 T _   0.019 0.011 0.001 0.017 0.011 0.028 0.037 0.876 
 411 A _   0.024 0.011 0.001 0.017 0.013 0.031 0.035 0.869 
 412 P _   0.030 0.011 0.001 0.017 0.014 0.033 0.034 0.860 
 413 E _   0.038 0.011 0.001 0.017 0.016 0.036 0.032 0.849 
 414 A _   0.047 0.010 0.001 0.018 0.018 0.038 0.030 0.836 
 415 I _   0.058 0.010 0.001 0.019 0.020 0.040 0.029 0.823 
 416 N _   0.072 0.009 0.001 0.019 0.021 0.041 0.027 0.810 
 417 F _   0.086 0.008 0.002 0.018 0.021 0.041 0.026 0.798 
 418 G _   0.102 0.006 0.002 0.016 0.021 0.041 0.024 0.788 
 419 C _   0.121 0.004 0.001 0.013 0.019 0.039 0.023 0.778 
 420 F _   0.142 0.003 0.001 0.010 0.017 0.037 0.022 0.768 
 421 T _   0.168 0.001 0.001 0.006 0.015 0.035 0.020 0.753 
 422 I _   0.200 0.000 0.001 0.004 0.013 0.033 0.019 0.729 
 423 K _   0.240 0.000 0.001 0.003 0.012 0.032 0.018 0.695 
 424 S _   0.288 0.000 0.001 0.002 0.012 0.031 0.016 0.650 
 425 D _   0.348 0.000 0.001 0.002 0.013 0.030 0.015 0.591 
 426 V _   0.417 0.000 0.001 0.002 0.016 0.031 0.014 0.520 
 427 W H   0.486 0.000 0.001 0.002 0.020 0.031 0.013 0.446 
 428 S H   0.547 0.000 0.001 0.002 0.025 0.032 0.013 0.381 
 429 F H   0.596 0.000 0.002 0.002 0.030 0.032 0.013 0.326 
 430 G H   0.632 0.000 0.002 0.002 0.034 0.031 0.013 0.285 
 431 I H   0.655 0.000 0.002 0.003 0.037 0.031 0.014 0.257 
 432 L H   0.663 0.000 0.002 0.004 0.040 0.030 0.015 0.246 
 433 L H   0.657 0.001 0.002 0.004 0.041 0.029 0.017 0.249 
 434 Y H   0.637 0.001 0.002 0.005 0.040 0.028 0.020 0.267 
 435 E H   0.600 0.001 0.002 0.006 0.038 0.027 0.024 0.303 
 436 I H   0.543 0.001 0.002 0.007 0.034 0.025 0.029 0.359 
 437 V H   0.469 0.001 0.002 0.007 0.028 0.024 0.036 0.433 
 438 T _   0.383 0.001 0.002 0.007 0.022 0.021 0.043 0.522 
 439 Y _   0.295 0.000 0.002 0.007 0.016 0.019 0.051 0.611 
 440 G _   0.216 0.000 0.001 0.006 0.011 0.016 0.059 0.691 
 441 K _   0.151 0.000 0.001 0.005 0.007 0.014 0.066 0.756 
 442 I _   0.101 0.000 0.001 0.004 0.005 0.012 0.071 0.805 
 443 P _   0.066 0.000 0.001 0.004 0.004 0.011 0.076 0.839 
 444 Y _   0.043 0.000 0.000 0.003 0.003 0.010 0.079 0.861 
 445 P _   0.029 0.001 0.000 0.003 0.003 0.010 0.082 0.872 
 446 G _   0.021 0.002 0.000 0.003 0.003 0.010 0.084 0.876 
 447 R _   0.017 0.004 0.000 0.005 0.003 0.012 0.086 0.873 
 448 T _   0.015 0.009 0.000 0.006 0.004 0.014 0.087 0.864 
 449 N _   0.015 0.019 0.001 0.010 0.006 0.016 0.088 0.845 
 450 A _   0.015 0.037 0.001 0.015 0.009 0.019 0.089 0.815 
 451 D _   0.016 0.063 0.001 0.022 0.011 0.022 0.089 0.776 
 452 V _   0.016 0.093 0.001 0.030 0.014 0.024 0.090 0.732 
 453 M _   0.016 0.120 0.001 0.038 0.016 0.025 0.091 0.693 
 454 T _   0.016 0.140 0.001 0.044 0.018 0.026 0.092 0.662 
 455 A _   0.016 0.154 0.001 0.049 0.019 0.026 0.094 0.640 
 456 L _   0.016 0.162 0.001 0.052 0.019 0.026 0.097 0.627 
 457 S _   0.015 0.164 0.001 0.053 0.019 0.025 0.101 0.622 
 458 Q _   0.015 0.162 0.001 0.051 0.018 0.023 0.106 0.624 
 459 G _   0.014 0.155 0.001 0.047 0.016 0.021 0.112 0.633 
 460 Y _   0.014 0.143 0.001 0.041 0.014 0.019 0.119 0.648 
 461 R _   0.013 0.126 0.001 0.034 0.011 0.017 0.128 0.669 
 462 M _   0.012 0.105 0.001 0.026 0.009 0.015 0.137 0.694 
 463 P _   0.011 0.083 0.001 0.019 0.007 0.014 0.146 0.719 
 464 R _   0.010 0.064 0.001 0.013 0.005 0.012 0.154 0.742 
 465 V _   0.009 0.049 0.001 0.009 0.004 0.010 0.161 0.758 
 466 E _   0.008 0.041 0.000 0.006 0.003 0.010 0.167 0.766 
 467 N _   0.007 0.037 0.000 0.005 0.002 0.009 0.171 0.768 
 468 C _   0.007 0.036 0.000 0.004 0.002 0.010 0.174 0.765 
 469 P _   0.008 0.038 0.000 0.005 0.003 0.012 0.177 0.756 
 470 D _   0.010 0.044 0.001 0.008 0.005 0.014 0.180 0.739 
 471 E _   0.011 0.057 0.001 0.014 0.007 0.017 0.182 0.712 
 472 L _   0.013 0.077 0.001 0.022 0.010 0.020 0.184 0.674 
 473 Y _   0.014 0.100 0.001 0.031 0.013 0.022 0.187 0.632 
 474 D _   0.014 0.121 0.001 0.040 0.015 0.023 0.190 0.596 
 475 I _   0.014 0.135 0.001 0.047 0.016 0.023 0.194 0.570 
 476 M _   0.014 0.143 0.001 0.050 0.016 0.023 0.199 0.554 
 477 K _   0.013 0.145 0.001 0.050 0.015 0.021 0.205 0.549 
 478 M _   0.012 0.144 0.001 0.046 0.014 0.020 0.213 0.551 
 479 C _   0.011 0.137 0.001 0.039 0.012 0.018 0.222 0.560 
 480 W _   0.011 0.126 0.001 0.031 0.010 0.016 0.232 0.574 
 481 K _   0.010 0.112 0.001 0.023 0.008 0.014 0.243 0.590 
 482 E _   0.009 0.099 0.001 0.016 0.006 0.012 0.253 0.604 
 483 K _   0.008 0.088 0.001 0.011 0.004 0.011 0.263 0.614 
 484 A _   0.007 0.080 0.000 0.008 0.003 0.010 0.271 0.619 
 485 E _   0.007 0.076 0.000 0.007 0.003 0.009 0.278 0.619 
 486 E _   0.007 0.075 0.000 0.006 0.003 0.009 0.284 0.616 
 487 R _   0.007 0.075 0.000 0.007 0.003 0.010 0.289 0.609 
 488 P _   0.007 0.079 0.000 0.008 0.003 0.010 0.294 0.598 
 489 T _   0.007 0.084 0.001 0.010 0.004 0.011 0.299 0.584 
 490 F _   0.007 0.092 0.001 0.012 0.005 0.012 0.304 0.567 
 491 D _   0.007 0.101 0.001 0.016 0.006 0.013 0.308 0.548 
 492 Y _   0.008 0.110 0.001 0.019 0.007 0.014 0.314 0.528 
 493 L _   0.008 0.119 0.001 0.022 0.007 0.014 0.320 0.509 
 494 Q _   0.008 0.126 0.001 0.025 0.008 0.015 0.326 0.492 
 495 S _   0.008 0.131 0.001 0.026 0.008 0.015 0.334 0.477 
 496 V _   0.008 0.134 0.001 0.028 0.008 0.015 0.342 0.463 
 497 L _   0.008 0.136 0.001 0.029 0.008 0.015 0.352 0.450 
 498 D _   0.008 0.136 0.001 0.030 0.008 0.015 0.363 0.438 
 499 D _   0.009 0.134 0.001 0.031 0.009 0.015 0.375 0.426 
 500 F _   0.009 0.131 0.001 0.031 0.009 0.015 0.390 0.414 
 501 Y X   0.009 0.126 0.001 0.031 0.009 0.015 0.406 0.403 
 502 T X   0.009 0.118 0.001 0.031 0.008 0.014 0.424 0.395 
 503 A X   0.009 0.108 0.001 0.029 0.007 0.013 0.444 0.389 
 504 T X   0.008 0.097 0.001 0.026 0.007 0.012 0.464 0.387 
 505 E X   0.006 0.083 0.001 0.023 0.006 0.010 0.484 0.388 
 506 G X   0.005 0.069 0.001 0.018 0.005 0.008 0.505 0.389 
 507 Q X   0.004 0.054 0.001 0.014 0.003 0.006 0.525 0.394 
 508 Y X   0.002 0.038 0.000 0.009 0.002 0.003 0.544 0.402 
 509 Q X   0.001 0.023 0.000 0.005 0.001 0.001 0.558 0.412 
 510 Q X   0.000 0.014 0.000 0.003 0.000 0.000 0.562 0.420 
 511 Q X   0.000 0.012 0.000 0.003 0.000 0.000 0.561 0.423 
 512 P X   0.002 0.011 0.001 0.010 0.003 0.002 0.552 0.419 
