#TopoPred_TM8: 8-state transmembrane topology prediction results by no_profile mode 
#probabilities are in the order of H E C I L F X _, the 8 transmembrane topology types used in PDBTM 
   1 M X   0.007 0.000 0.002 0.033 0.007 0.007 0.881 0.063 
   2 L X   0.003 0.000 0.000 0.018 0.001 0.003 0.907 0.068 
   3 L X   0.001 0.000 0.000 0.010 0.000 0.002 0.915 0.072 
   4 R X   0.001 0.000 0.000 0.007 0.000 0.002 0.916 0.075 
   5 S X   0.001 0.000 0.000 0.006 0.000 0.002 0.914 0.077 
   6 A X   0.001 0.000 0.000 0.005 0.001 0.002 0.911 0.079 
   7 G X   0.001 0.000 0.000 0.005 0.001 0.003 0.908 0.082 
   8 K X   0.002 0.000 0.000 0.005 0.001 0.003 0.904 0.085 
   9 L X   0.002 0.000 0.000 0.005 0.001 0.003 0.900 0.089 
  10 N X   0.002 0.001 0.000 0.005 0.001 0.003 0.895 0.094 
  11 V X   0.002 0.001 0.000 0.005 0.001 0.003 0.891 0.099 
  12 G X   0.002 0.001 0.000 0.004 0.001 0.002 0.886 0.104 
  13 T X   0.001 0.001 0.000 0.004 0.001 0.002 0.881 0.110 
  14 K X   0.001 0.001 0.000 0.003 0.001 0.002 0.876 0.115 
  15 K X   0.001 0.001 0.000 0.003 0.001 0.002 0.871 0.122 
  16 E X   0.001 0.001 0.000 0.002 0.001 0.002 0.865 0.128 
  17 D X   0.001 0.001 0.000 0.002 0.001 0.002 0.859 0.135 
  18 G X   0.001 0.001 0.000 0.002 0.001 0.002 0.851 0.142 
  19 E X   0.001 0.001 0.000 0.002 0.001 0.002 0.841 0.151 
  20 S X   0.001 0.001 0.000 0.003 0.001 0.002 0.830 0.161 
  21 T X   0.002 0.002 0.000 0.003 0.001 0.003 0.817 0.172 
  22 A X   0.002 0.003 0.000 0.004 0.001 0.004 0.802 0.184 
  23 P X   0.002 0.005 0.000 0.006 0.002 0.005 0.783 0.196 
  24 T X   0.002 0.009 0.000 0.009 0.003 0.006 0.762 0.208 
  25 P X   0.002 0.015 0.001 0.014 0.004 0.008 0.737 0.219 
  26 R X   0.003 0.024 0.001 0.020 0.005 0.009 0.710 0.228 
  27 P X   0.003 0.033 0.001 0.027 0.006 0.011 0.683 0.236 
  28 K X   0.003 0.042 0.001 0.033 0.007 0.011 0.659 0.244 
  29 V X   0.003 0.048 0.001 0.038 0.007 0.012 0.638 0.252 
  30 L X   0.003 0.053 0.001 0.041 0.008 0.012 0.620 0.263 
  31 R X   0.003 0.055 0.001 0.040 0.007 0.011 0.606 0.276 
  32 C X   0.003 0.055 0.001 0.037 0.006 0.010 0.595 0.293 
  33 K X   0.003 0.053 0.001 0.032 0.006 0.009 0.585 0.311 
  34 C X   0.003 0.049 0.001 0.026 0.005 0.008 0.577 0.332 
  35 H X   0.003 0.045 0.000 0.019 0.004 0.007 0.570 0.353 
  36 H X   0.003 0.039 0.000 0.014 0.003 0.006 0.563 0.372 
  37 H X   0.003 0.035 0.000 0.009 0.002 0.005 0.556 0.389 
  38 C X   0.002 0.031 0.000 0.007 0.002 0.005 0.549 0.403 
  39 P X   0.002 0.029 0.000 0.005 0.001 0.005 0.542 0.415 
  40 E X   0.002 0.029 0.000 0.005 0.001 0.005 0.533 0.425 
  41 D X   0.003 0.029 0.000 0.005 0.002 0.005 0.522 0.433 
  42 S X   0.003 0.032 0.000 0.006 0.002 0.006 0.510 0.440 
  43 V X   0.003 0.036 0.000 0.008 0.003 0.008 0.496 0.445 
  44 N X   0.004 0.043 0.001 0.011 0.004 0.010 0.480 0.448 
  45 N X   0.005 0.053 0.001 0.015 0.005 0.012 0.460 0.449 
  46 I _   0.005 0.068 0.001 0.021 0.007 0.015 0.439 0.445 
  47 C _   0.006 0.086 0.001 0.028 0.009 0.018 0.416 0.436 
  48 S _   0.007 0.107 0.001 0.036 0.012 0.020 0.392 0.424 
  49 T _   0.007 0.127 0.001 0.046 0.015 0.022 0.371 0.411 
  50 D _   0.008 0.144 0.001 0.055 0.017 0.023 0.352 0.400 
  51 G _   0.008 0.155 0.001 0.064 0.018 0.023 0.337 0.393 
  52 Y _   0.008 0.161 0.001 0.068 0.018 0.023 0.326 0.394 
  53 C _   0.009 0.162 0.001 0.069 0.017 0.022 0.318 0.402 
  54 F _   0.009 0.157 0.001 0.065 0.016 0.021 0.312 0.420 
  55 T _   0.009 0.146 0.001 0.055 0.013 0.019 0.307 0.449 
  56 M _   0.009 0.126 0.001 0.043 0.011 0.016 0.304 0.490 
  57 I _   0.009 0.097 0.001 0.029 0.008 0.014 0.301 0.541 
  58 E _   0.008 0.065 0.001 0.018 0.006 0.013 0.298 0.592 
  59 E _   0.007 0.041 0.001 0.009 0.004 0.012 0.295 0.632 
  60 D _   0.007 0.028 0.000 0.005 0.003 0.012 0.291 0.655 
  61 D _   0.007 0.023 0.000 0.003 0.002 0.013 0.286 0.665 
  62 S _   0.009 0.023 0.000 0.003 0.003 0.015 0.281 0.666 
  63 G _   0.014 0.026 0.000 0.005 0.005 0.020 0.274 0.657 
  64 L _   0.020 0.040 0.001 0.009 0.011 0.027 0.264 0.629 
  65 P _   0.026 0.081 0.002 0.019 0.020 0.034 0.249 0.569 
  66 V _   0.029 0.161 0.003 0.034 0.029 0.039 0.231 0.474 
  67 V _   0.029 0.251 0.003 0.049 0.034 0.040 0.214 0.380 
  68 T E   0.027 0.319 0.003 0.061 0.034 0.039 0.202 0.315 
  69 S E   0.025 0.358 0.002 0.068 0.033 0.037 0.195 0.280 
  70 G E   0.024 0.377 0.002 0.072 0.032 0.035 0.191 0.267 
  71 C E   0.024 0.383 0.002 0.072 0.030 0.033 0.189 0.269 
  72 L E   0.023 0.380 0.002 0.068 0.027 0.030 0.188 0.283 
  73 G E   0.021 0.366 0.002 0.061 0.024 0.027 0.189 0.310 
  74 L _   0.020 0.336 0.002 0.052 0.020 0.024 0.191 0.354 
  75 E _   0.019 0.288 0.002 0.042 0.017 0.021 0.195 0.415 
  76 G _   0.018 0.225 0.002 0.032 0.013 0.019 0.201 0.490 
  77 S _   0.017 0.161 0.001 0.023 0.010 0.016 0.206 0.565 
  78 D _   0.015 0.109 0.001 0.016 0.007 0.014 0.211 0.627 
  79 F _   0.013 0.073 0.001 0.011 0.005 0.012 0.215 0.671 
  80 Q _   0.010 0.052 0.000 0.008 0.003 0.010 0.217 0.699 
  81 C _   0.009 0.041 0.000 0.006 0.002 0.009 0.218 0.716 
  82 R _   0.007 0.035 0.000 0.004 0.002 0.008 0.218 0.725 
  83 D _   0.007 0.033 0.000 0.004 0.002 0.008 0.218 0.729 
  84 T _   0.006 0.033 0.000 0.005 0.002 0.008 0.216 0.730 
  85 P _   0.006 0.034 0.000 0.006 0.002 0.009 0.214 0.728 
  86 I _   0.007 0.038 0.000 0.008 0.003 0.010 0.211 0.722 
  87 P _   0.007 0.045 0.001 0.011 0.004 0.012 0.208 0.712 
  88 H _   0.008 0.056 0.001 0.016 0.006 0.014 0.203 0.697 
  89 Q _   0.008 0.068 0.001 0.023 0.007 0.015 0.199 0.679 
  90 R _   0.008 0.082 0.001 0.030 0.009 0.016 0.194 0.660 
  91 R _   0.008 0.094 0.001 0.037 0.010 0.017 0.190 0.643 
  92 S _   0.008 0.102 0.001 0.043 0.011 0.017 0.187 0.631 
  93 I _   0.008 0.106 0.001 0.047 0.011 0.017 0.185 0.625 
  94 E _   0.008 0.107 0.001 0.048 0.011 0.016 0.184 0.625 
  95 C _   0.008 0.104 0.001 0.045 0.010 0.015 0.184 0.632 
  96 C _   0.008 0.098 0.001 0.040 0.009 0.014 0.184 0.647 
  97 T _   0.008 0.086 0.001 0.033 0.007 0.012 0.185 0.668 
  98 E _   0.008 0.070 0.001 0.025 0.006 0.011 0.187 0.693 
  99 R _   0.007 0.052 0.001 0.018 0.004 0.009 0.189 0.721 
 100 N _   0.006 0.035 0.000 0.013 0.003 0.008 0.190 0.744 
 101 E _   0.006 0.023 0.000 0.009 0.002 0.007 0.191 0.762 
 102 C _   0.006 0.015 0.000 0.006 0.002 0.006 0.191 0.773 
 103 N _   0.005 0.011 0.000 0.005 0.002 0.006 0.190 0.780 
 104 K _   0.005 0.009 0.000 0.005 0.002 0.006 0.189 0.784 
 105 D _   0.005 0.007 0.000 0.006 0.002 0.006 0.187 0.786 
 106 L _   0.005 0.007 0.000 0.007 0.002 0.006 0.185 0.787 
 107 H _   0.005 0.006 0.000 0.008 0.002 0.007 0.182 0.789 
 108 P _   0.005 0.006 0.000 0.010 0.003 0.007 0.179 0.790 
 109 T _   0.005 0.006 0.000 0.011 0.003 0.007 0.175 0.793 
 110 L _   0.005 0.005 0.000 0.011 0.003 0.007 0.171 0.797 
 111 P _   0.005 0.005 0.000 0.011 0.003 0.007 0.167 0.803 
 112 P _   0.005 0.004 0.000 0.010 0.003 0.006 0.163 0.809 
 113 L _   0.005 0.003 0.000 0.009 0.002 0.006 0.159 0.816 
 114 K _   0.005 0.002 0.000 0.007 0.002 0.006 0.154 0.823 
 115 N _   0.005 0.001 0.000 0.006 0.002 0.005 0.150 0.830 
 116 R _   0.006 0.001 0.000 0.005 0.002 0.005 0.144 0.837 
 117 D _   0.008 0.000 0.000 0.004 0.002 0.005 0.138 0.842 
 118 F _   0.013 0.000 0.000 0.003 0.002 0.005 0.132 0.845 
 119 V _   0.021 0.000 0.000 0.002 0.002 0.005 0.124 0.845 
 120 D _   0.036 0.000 0.000 0.002 0.002 0.006 0.115 0.838 
 121 G _   0.063 0.000 0.000 0.002 0.003 0.006 0.105 0.822 
 122 P _   0.104 0.000 0.001 0.001 0.003 0.007 0.093 0.791 
 123 I _   0.160 0.000 0.001 0.001 0.004 0.007 0.082 0.746 
 124 H _   0.231 0.000 0.001 0.001 0.005 0.007 0.071 0.685 
 125 H _   0.314 0.000 0.001 0.001 0.005 0.007 0.061 0.611 
 126 R _   0.408 0.000 0.001 0.000 0.005 0.007 0.052 0.527 
 127 A H   0.508 0.000 0.001 0.000 0.005 0.006 0.045 0.435 
 128 L H   0.608 0.000 0.001 0.000 0.005 0.005 0.038 0.342 
 129 L H   0.700 0.000 0.001 0.000 0.005 0.004 0.032 0.258 
 130 I H   0.777 0.000 0.001 0.000 0.005 0.004 0.027 0.186 
 131 S H   0.840 0.000 0.001 0.000 0.005 0.003 0.022 0.128 
 132 V H   0.887 0.000 0.001 0.000 0.005 0.003 0.019 0.086 
 133 T H   0.918 0.000 0.001 0.000 0.005 0.002 0.015 0.058 
 134 V H   0.940 0.000 0.001 0.000 0.005 0.002 0.013 0.039 
 135 C H   0.954 0.000 0.001 0.000 0.005 0.002 0.011 0.028 
 136 S H   0.961 0.000 0.001 0.000 0.006 0.002 0.009 0.022 
 137 L H   0.964 0.000 0.001 0.000 0.006 0.002 0.008 0.020 
 138 L H   0.963 0.000 0.001 0.000 0.007 0.002 0.007 0.021 
 139 L H   0.959 0.000 0.001 0.000 0.007 0.002 0.006 0.024 
 140 V H   0.951 0.000 0.001 0.000 0.008 0.002 0.005 0.033 
 141 L H   0.936 0.000 0.001 0.000 0.009 0.003 0.005 0.046 
 142 I H   0.915 0.000 0.001 0.000 0.010 0.003 0.005 0.066 
 143 I H   0.884 0.000 0.001 0.000 0.010 0.004 0.005 0.095 
 144 L H   0.842 0.000 0.001 0.000 0.011 0.004 0.006 0.136 
 145 F H   0.785 0.000 0.001 0.001 0.011 0.005 0.007 0.189 
 146 C H   0.712 0.000 0.001 0.001 0.011 0.006 0.009 0.259 
 147 Y H   0.623 0.000 0.001 0.001 0.011 0.007 0.012 0.345 
 148 F H   0.519 0.000 0.001 0.001 0.009 0.007 0.017 0.445 
 149 R _   0.408 0.000 0.001 0.002 0.008 0.008 0.023 0.551 
 150 Y _   0.302 0.000 0.001 0.002 0.006 0.007 0.029 0.653 
 151 K _   0.210 0.000 0.001 0.002 0.005 0.007 0.035 0.740 
 152 R _   0.139 0.000 0.001 0.002 0.004 0.007 0.041 0.807 
 153 Q _   0.089 0.000 0.000 0.002 0.003 0.006 0.045 0.854 
 154 E _   0.056 0.000 0.000 0.003 0.002 0.006 0.048 0.885 
 155 T _   0.035 0.000 0.000 0.003 0.002 0.006 0.051 0.903 
 156 R _   0.023 0.000 0.000 0.003 0.002 0.006 0.053 0.912 
 157 P _   0.016 0.001 0.000 0.004 0.002 0.006 0.054 0.916 
 158 R _   0.012 0.001 0.000 0.006 0.002 0.007 0.056 0.916 
 159 Y _   0.010 0.002 0.000 0.007 0.003 0.007 0.056 0.914 
 160 S _   0.009 0.004 0.000 0.009 0.003 0.008 0.057 0.910 
 161 I _   0.008 0.005 0.000 0.011 0.003 0.008 0.057 0.907 
 162 G _   0.007 0.007 0.000 0.012 0.004 0.008 0.058 0.904 
 163 L _   0.007 0.008 0.000 0.013 0.004 0.008 0.058 0.903 
 164 E _   0.007 0.009 0.000 0.012 0.004 0.008 0.058 0.903 
 165 Q _   0.006 0.009 0.000 0.011 0.003 0.008 0.058 0.904 
 166 D _   0.006 0.010 0.000 0.010 0.003 0.007 0.058 0.906 
 167 E _   0.006 0.010 0.000 0.009 0.003 0.007 0.059 0.907 
 168 T _   0.005 0.011 0.000 0.008 0.002 0.007 0.058 0.908 
 169 Y _   0.005 0.012 0.000 0.007 0.002 0.007 0.058 0.908 
 170 I _   0.005 0.013 0.000 0.008 0.003 0.008 0.058 0.905 
 171 P _   0.006 0.016 0.000 0.009 0.003 0.009 0.057 0.900 
 172 P _   0.006 0.020 0.000 0.012 0.004 0.010 0.056 0.891 
 173 G _   0.007 0.026 0.001 0.016 0.005 0.012 0.055 0.879 
 174 E _   0.007 0.033 0.001 0.022 0.006 0.013 0.054 0.865 
 175 S _   0.008 0.039 0.001 0.027 0.007 0.014 0.053 0.851 
 176 L _   0.008 0.043 0.001 0.032 0.008 0.015 0.052 0.841 
 177 R _   0.008 0.046 0.001 0.035 0.008 0.015 0.052 0.836 
 178 D _   0.008 0.046 0.001 0.036 0.008 0.014 0.051 0.836 
 179 L _   0.007 0.044 0.001 0.033 0.008 0.013 0.051 0.842 
 180 I _   0.007 0.040 0.001 0.029 0.007 0.012 0.052 0.853 
 181 E _   0.007 0.034 0.001 0.023 0.005 0.011 0.052 0.868 
 182 Q _   0.006 0.026 0.001 0.016 0.004 0.009 0.053 0.884 
 183 S _   0.006 0.018 0.000 0.011 0.003 0.009 0.053 0.899 
 184 Q _   0.005 0.012 0.000 0.007 0.002 0.008 0.053 0.911 
 185 S _   0.005 0.008 0.000 0.005 0.002 0.008 0.053 0.918 
 186 S _   0.006 0.006 0.000 0.004 0.002 0.009 0.053 0.920 
 187 G _   0.007 0.005 0.000 0.004 0.002 0.011 0.052 0.918 
 188 S _   0.010 0.005 0.000 0.005 0.003 0.014 0.051 0.911 
 189 G _   0.014 0.007 0.000 0.006 0.005 0.019 0.050 0.899 
 190 S _   0.020 0.010 0.001 0.010 0.007 0.024 0.049 0.880 
 191 G _   0.026 0.015 0.001 0.014 0.011 0.031 0.047 0.854 
 192 L _   0.034 0.022 0.001 0.020 0.016 0.037 0.045 0.825 
 193 P _   0.041 0.028 0.001 0.025 0.021 0.043 0.044 0.797 
 194 L _   0.048 0.033 0.002 0.029 0.025 0.047 0.042 0.775 
 195 L _   0.053 0.036 0.002 0.031 0.028 0.049 0.041 0.760 
 196 V _   0.058 0.037 0.002 0.031 0.030 0.050 0.040 0.752 
 197 Q _   0.062 0.038 0.002 0.029 0.030 0.050 0.040 0.751 
 198 R _   0.063 0.036 0.002 0.027 0.028 0.049 0.039 0.756 
 199 T _   0.063 0.034 0.002 0.024 0.026 0.046 0.039 0.766 
 200 I _   0.062 0.031 0.002 0.021 0.023 0.043 0.040 0.779 
 201 A _   0.058 0.028 0.001 0.019 0.020 0.040 0.040 0.793 
 202 K _   0.055 0.025 0.001 0.017 0.017 0.036 0.040 0.809 
 203 Q _   0.049 0.022 0.001 0.016 0.014 0.032 0.041 0.825 
 204 I _   0.044 0.019 0.001 0.014 0.012 0.028 0.041 0.840 
 205 Q _   0.039 0.016 0.001 0.013 0.010 0.025 0.042 0.855 
 206 M _   0.033 0.014 0.001 0.012 0.008 0.022 0.042 0.868 
 207 V _   0.029 0.011 0.001 0.010 0.007 0.019 0.042 0.881 
 208 K _   0.025 0.009 0.001 0.009 0.006 0.017 0.042 0.892 
 209 Q _   0.021 0.007 0.001 0.008 0.005 0.015 0.042 0.901 
 210 I _   0.018 0.006 0.001 0.007 0.004 0.014 0.042 0.908 
 211 G _   0.016 0.006 0.000 0.006 0.004 0.013 0.042 0.912 
 212 K _   0.014 0.006 0.000 0.006 0.004 0.013 0.041 0.915 
 213 G _   0.013 0.006 0.000 0.007 0.004 0.012 0.041 0.916 
 214 R _   0.012 0.006 0.001 0.008 0.004 0.013 0.040 0.915 
 215 Y _   0.012 0.007 0.001 0.009 0.005 0.013 0.040 0.913 
 216 G _   0.012 0.009 0.001 0.011 0.005 0.014 0.039 0.910 
 217 E _   0.011 0.010 0.001 0.012 0.006 0.014 0.038 0.908 
 218 V _   0.011 0.011 0.001 0.013 0.006 0.014 0.038 0.906 
 219 W _   0.011 0.012 0.001 0.013 0.006 0.015 0.037 0.904 
 220 M _   0.012 0.012 0.001 0.013 0.006 0.015 0.037 0.904 
 221 G _   0.012 0.013 0.001 0.012 0.006 0.016 0.036 0.905 
 222 K _   0.013 0.013 0.001 0.011 0.006 0.017 0.035 0.905 
 223 W _   0.014 0.013 0.001 0.010 0.006 0.018 0.035 0.904 
 224 R _   0.015 0.013 0.001 0.009 0.006 0.020 0.034 0.901 
 225 G _   0.018 0.014 0.001 0.009 0.007 0.023 0.033 0.895 
 226 E _   0.021 0.017 0.001 0.010 0.009 0.026 0.033 0.885 
 227 K _   0.025 0.020 0.001 0.012 0.012 0.030 0.032 0.869 
 228 V _   0.029 0.026 0.001 0.016 0.015 0.033 0.031 0.849 
 229 A _   0.033 0.032 0.001 0.022 0.018 0.036 0.030 0.827 
 230 V _   0.036 0.039 0.002 0.028 0.022 0.039 0.029 0.806 
 231 K _   0.037 0.044 0.002 0.034 0.024 0.040 0.029 0.791 
 232 V _   0.037 0.047 0.002 0.038 0.025 0.040 0.028 0.783 
 233 F _   0.036 0.048 0.002 0.039 0.024 0.039 0.028 0.784 
 234 F _   0.035 0.045 0.002 0.037 0.022 0.037 0.028 0.794 
 235 T _   0.033 0.040 0.002 0.032 0.019 0.034 0.028 0.812 
 236 T _   0.031 0.032 0.001 0.025 0.016 0.031 0.028 0.835 
 237 E _   0.029 0.023 0.001 0.018 0.013 0.029 0.029 0.859 
 238 E _   0.028 0.014 0.001 0.012 0.010 0.026 0.029 0.880 
 239 A _   0.028 0.008 0.001 0.008 0.007 0.025 0.029 0.894 
 240 S _   0.030 0.004 0.001 0.006 0.006 0.024 0.029 0.901 
 241 W _   0.033 0.002 0.001 0.004 0.006 0.024 0.028 0.902 
 242 F _   0.038 0.001 0.001 0.004 0.006 0.025 0.028 0.897 
 243 R _   0.045 0.001 0.001 0.005 0.007 0.028 0.028 0.886 
 244 E _   0.054 0.001 0.001 0.005 0.009 0.030 0.027 0.873 
 245 T _   0.064 0.001 0.001 0.006 0.011 0.034 0.027 0.857 
 246 E _   0.074 0.001 0.001 0.008 0.013 0.037 0.026 0.839 
 247 I _   0.086 0.001 0.001 0.009 0.016 0.040 0.026 0.822 
 248 Y _   0.098 0.001 0.001 0.009 0.018 0.042 0.026 0.806 
 249 Q _   0.109 0.001 0.001 0.009 0.019 0.044 0.025 0.792 
 250 T _   0.120 0.001 0.001 0.008 0.019 0.045 0.025 0.781 
 251 V _   0.129 0.001 0.001 0.007 0.019 0.045 0.025 0.773 
 252 L _   0.136 0.001 0.001 0.006 0.019 0.046 0.025 0.766 
 253 M _   0.142 0.001 0.001 0.005 0.019 0.046 0.025 0.761 
 254 R _   0.148 0.001 0.001 0.005 0.019 0.047 0.025 0.755 
 255 H _   0.154 0.001 0.001 0.005 0.020 0.047 0.025 0.747 
 256 E _   0.158 0.001 0.001 0.006 0.022 0.048 0.025 0.739 
 257 N _   0.161 0.001 0.001 0.007 0.024 0.049 0.026 0.732 
 258 I _   0.160 0.002 0.002 0.010 0.025 0.048 0.026 0.726 
 259 L _   0.157 0.004 0.002 0.013 0.027 0.048 0.027 0.723 
 260 G _   0.150 0.005 0.002 0.017 0.027 0.046 0.028 0.725 
 261 F _   0.140 0.006 0.002 0.019 0.026 0.043 0.029 0.735 
 262 I _   0.126 0.006 0.002 0.019 0.023 0.040 0.031 0.754 
 263 A _   0.109 0.005 0.002 0.018 0.020 0.036 0.032 0.778 
 264 A _   0.092 0.005 0.001 0.014 0.015 0.032 0.033 0.808 
 265 D _   0.075 0.004 0.001 0.010 0.011 0.029 0.034 0.836 
 266 I _   0.061 0.003 0.001 0.007 0.008 0.026 0.035 0.860 
 267 K _   0.050 0.002 0.001 0.005 0.006 0.024 0.036 0.876 
 268 G _   0.042 0.002 0.001 0.004 0.006 0.023 0.036 0.886 
 269 T _   0.037 0.003 0.001 0.005 0.006 0.023 0.036 0.888 
 270 G _   0.034 0.006 0.001 0.008 0.008 0.025 0.036 0.883 
 271 S _   0.032 0.012 0.001 0.013 0.010 0.026 0.036 0.870 
 272 W _   0.030 0.021 0.001 0.020 0.013 0.027 0.036 0.851 
 273 T _   0.028 0.031 0.001 0.030 0.015 0.028 0.036 0.831 
 274 Q _   0.026 0.040 0.001 0.038 0.017 0.027 0.037 0.814 
 275 L _   0.024 0.045 0.001 0.043 0.017 0.026 0.037 0.806 
 276 Y _   0.021 0.047 0.001 0.044 0.016 0.024 0.038 0.808 
 277 L _   0.019 0.047 0.001 0.042 0.014 0.021 0.039 0.818 
 278 I _   0.016 0.044 0.001 0.036 0.011 0.018 0.040 0.834 
 279 T _   0.014 0.038 0.001 0.028 0.009 0.015 0.041 0.855 
 280 D _   0.012 0.030 0.001 0.020 0.006 0.013 0.043 0.876 
 281 Y _   0.010 0.022 0.001 0.013 0.004 0.010 0.044 0.895 
 282 H _   0.008 0.016 0.000 0.009 0.003 0.009 0.045 0.910 
 283 E _   0.007 0.012 0.000 0.006 0.002 0.008 0.046 0.918 
 284 N _   0.006 0.010 0.000 0.005 0.002 0.007 0.046 0.923 
 285 G _   0.006 0.009 0.000 0.005 0.002 0.007 0.046 0.924 
 286 S _   0.006 0.009 0.000 0.006 0.002 0.008 0.046 0.923 
 287 L _   0.006 0.010 0.000 0.007 0.003 0.009 0.046 0.918 
 288 Y _   0.007 0.012 0.000 0.010 0.004 0.010 0.045 0.912 
 289 D _   0.007 0.015 0.001 0.013 0.005 0.011 0.044 0.905 
 290 Y _   0.007 0.017 0.001 0.016 0.005 0.013 0.043 0.897 
 291 L _   0.008 0.019 0.001 0.019 0.006 0.014 0.043 0.891 
 292 K _   0.008 0.021 0.001 0.020 0.007 0.015 0.042 0.887 
 293 S _   0.008 0.021 0.001 0.020 0.007 0.016 0.042 0.886 
 294 T _   0.009 0.021 0.001 0.018 0.007 0.016 0.041 0.887 
 295 T _   0.009 0.020 0.001 0.016 0.007 0.017 0.041 0.889 
 296 L _   0.010 0.019 0.001 0.014 0.006 0.018 0.041 0.891 
 297 D _   0.012 0.018 0.001 0.012 0.006 0.020 0.041 0.891 
 298 A _   0.015 0.017 0.001 0.011 0.007 0.022 0.040 0.888 
 299 K _   0.019 0.016 0.001 0.010 0.008 0.024 0.040 0.882 
 300 S _   0.024 0.016 0.001 0.010 0.009 0.027 0.040 0.873 
 301 M _   0.030 0.017 0.001 0.011 0.011 0.031 0.040 0.860 
 302 L _   0.037 0.018 0.001 0.012 0.014 0.035 0.040 0.844 
 303 K _   0.044 0.020 0.001 0.014 0.017 0.038 0.040 0.826 
 304 L _   0.051 0.021 0.001 0.016 0.019 0.041 0.040 0.811 
 305 A _   0.058 0.023 0.001 0.017 0.021 0.043 0.040 0.797 
 306 Y _   0.064 0.024 0.001 0.017 0.022 0.044 0.041 0.786 
 307 S _   0.070 0.025 0.001 0.017 0.023 0.045 0.041 0.778 
 308 S _   0.075 0.025 0.001 0.016 0.024 0.045 0.042 0.772 
 309 V _   0.079 0.025 0.001 0.015 0.024 0.044 0.043 0.768 
 310 S _   0.082 0.025 0.001 0.015 0.024 0.044 0.044 0.765 
 311 G _   0.083 0.026 0.001 0.015 0.024 0.043 0.045 0.763 
 312 L _   0.082 0.026 0.001 0.016 0.023 0.042 0.047 0.763 
 313 C _   0.079 0.026 0.001 0.017 0.022 0.040 0.049 0.766 
 314 H _   0.074 0.026 0.001 0.019 0.021 0.037 0.051 0.771 
 315 L _   0.067 0.026 0.001 0.020 0.019 0.035 0.054 0.778 
 316 H _   0.060 0.025 0.001 0.020 0.017 0.032 0.056 0.789 
 317 T _   0.052 0.023 0.001 0.019 0.015 0.028 0.059 0.803 
 318 E _   0.043 0.021 0.001 0.018 0.012 0.025 0.062 0.817 
 319 I _   0.036 0.019 0.001 0.016 0.010 0.022 0.065 0.832 
 320 F _   0.029 0.016 0.001 0.014 0.008 0.019 0.068 0.846 
 321 S _   0.023 0.013 0.001 0.012 0.006 0.016 0.070 0.858 
 322 T _   0.018 0.011 0.001 0.011 0.005 0.014 0.073 0.868 
 323 Q _   0.015 0.009 0.001 0.010 0.004 0.012 0.075 0.875 
 324 G _   0.012 0.008 0.000 0.009 0.004 0.011 0.077 0.879 
 325 K _   0.011 0.007 0.000 0.009 0.003 0.010 0.079 0.882 
 326 P _   0.009 0.006 0.000 0.008 0.003 0.009 0.081 0.883 
 327 A _   0.008 0.005 0.000 0.008 0.003 0.008 0.082 0.884 
 328 I _   0.008 0.005 0.000 0.008 0.003 0.008 0.083 0.884 
 329 A _   0.007 0.005 0.000 0.008 0.003 0.008 0.085 0.885 
 330 H _   0.007 0.004 0.000 0.008 0.003 0.007 0.085 0.885 
 331 R _   0.006 0.004 0.000 0.007 0.003 0.007 0.086 0.886 
 332 D _   0.006 0.004 0.000 0.007 0.002 0.007 0.087 0.887 
 333 L _   0.005 0.004 0.000 0.007 0.002 0.007 0.087 0.887 
 334 K _   0.005 0.005 0.000 0.007 0.002 0.007 0.087 0.886 
 335 S _   0.005 0.005 0.000 0.007 0.002 0.008 0.087 0.885 
 336 K _   0.005 0.006 0.000 0.007 0.003 0.009 0.087 0.883 
 337 N _   0.006 0.007 0.000 0.007 0.003 0.010 0.087 0.880 
 338 I _   0.007 0.009 0.000 0.008 0.003 0.011 0.086 0.876 
 339 L _   0.008 0.011 0.000 0.008 0.004 0.013 0.085 0.870 
 340 V _   0.009 0.014 0.001 0.009 0.004 0.016 0.084 0.862 
 341 K _   0.011 0.019 0.001 0.010 0.005 0.019 0.083 0.852 
 342 K _   0.014 0.024 0.001 0.011 0.007 0.024 0.082 0.838 
 343 N _   0.018 0.032 0.001 0.012 0.009 0.028 0.080 0.819 
 344 G _   0.024 0.043 0.001 0.015 0.013 0.034 0.078 0.792 
 345 T _   0.030 0.057 0.001 0.017 0.018 0.041 0.077 0.759 
 346 C _   0.038 0.077 0.002 0.021 0.024 0.046 0.075 0.717 
 347 C _   0.045 0.103 0.002 0.026 0.030 0.051 0.073 0.669 
 348 I _   0.052 0.134 0.002 0.033 0.036 0.055 0.072 0.616 
 349 A _   0.057 0.165 0.002 0.040 0.040 0.056 0.071 0.569 
 350 D _   0.060 0.190 0.002 0.048 0.042 0.056 0.070 0.532 
 351 L _   0.061 0.207 0.002 0.054 0.042 0.054 0.071 0.509 
 352 G _   0.060 0.217 0.002 0.059 0.041 0.051 0.072 0.499 
 353 L _   0.059 0.220 0.002 0.060 0.037 0.047 0.074 0.501 
 354 A _   0.055 0.216 0.002 0.059 0.033 0.042 0.077 0.516 
 355 V _   0.050 0.206 0.002 0.055 0.028 0.037 0.080 0.543 
 356 K _   0.045 0.185 0.002 0.047 0.022 0.032 0.084 0.583 
 357 F _   0.039 0.154 0.002 0.038 0.017 0.026 0.090 0.634 
 358 I _   0.033 0.117 0.001 0.029 0.012 0.022 0.095 0.691 
 359 S _   0.027 0.078 0.001 0.021 0.009 0.018 0.100 0.746 
 360 D _   0.021 0.046 0.001 0.014 0.006 0.014 0.105 0.794 
 361 T _   0.016 0.025 0.001 0.009 0.004 0.011 0.108 0.828 
 362 N _   0.012 0.013 0.000 0.006 0.002 0.008 0.109 0.849 
 363 E _   0.009 0.007 0.000 0.004 0.002 0.006 0.110 0.862 
 364 V _   0.007 0.005 0.000 0.003 0.001 0.005 0.110 0.869 
 365 D _   0.006 0.004 0.000 0.002 0.001 0.005 0.109 0.873 
 366 I _   0.005 0.004 0.000 0.003 0.001 0.005 0.107 0.874 
 367 P _   0.005 0.005 0.000 0.004 0.002 0.006 0.105 0.873 
 368 P _   0.006 0.007 0.000 0.006 0.002 0.008 0.102 0.870 
 369 N _   0.006 0.011 0.000 0.009 0.003 0.010 0.097 0.863 
 370 T _   0.007 0.019 0.001 0.014 0.004 0.011 0.092 0.852 
 371 R _   0.007 0.028 0.001 0.020 0.006 0.013 0.087 0.837 
 372 V _   0.007 0.038 0.001 0.027 0.007 0.015 0.081 0.824 
 373 G _   0.007 0.046 0.001 0.033 0.008 0.015 0.076 0.814 
 374 T _   0.007 0.052 0.001 0.036 0.009 0.016 0.071 0.808 
 375 K _   0.007 0.055 0.001 0.038 0.009 0.015 0.067 0.807 
 376 R _   0.007 0.056 0.001 0.038 0.009 0.015 0.064 0.810 
 377 Y _   0.006 0.055 0.001 0.036 0.009 0.014 0.061 0.818 
 378 M _   0.006 0.053 0.001 0.033 0.008 0.013 0.059 0.827 
 379 P _   0.006 0.048 0.001 0.029 0.007 0.012 0.058 0.839 
 380 P _   0.006 0.042 0.001 0.025 0.006 0.011 0.056 0.853 
 381 E _   0.006 0.035 0.001 0.021 0.005 0.011 0.055 0.867 
 382 V _   0.007 0.028 0.001 0.017 0.005 0.010 0.053 0.881 
 383 L _   0.007 0.020 0.001 0.013 0.004 0.010 0.052 0.894 
 384 D _   0.008 0.013 0.000 0.010 0.003 0.009 0.051 0.905 
 385 E _   0.010 0.008 0.000 0.008 0.003 0.009 0.049 0.913 
 386 S _   0.013 0.004 0.000 0.006 0.003 0.010 0.047 0.917 
 387 L _   0.020 0.002 0.000 0.005 0.003 0.011 0.045 0.914 
 388 N _   0.033 0.001 0.000 0.004 0.003 0.012 0.042 0.904 
 389 R _   0.056 0.001 0.001 0.004 0.004 0.015 0.038 0.881 
 390 N _   0.094 0.000 0.001 0.004 0.006 0.019 0.034 0.842 
 391 H _   0.149 0.000 0.001 0.004 0.009 0.023 0.030 0.784 
 392 F _   0.222 0.000 0.001 0.004 0.013 0.028 0.025 0.707 
 393 Q _   0.308 0.000 0.001 0.004 0.018 0.031 0.020 0.617 
 394 S _   0.396 0.000 0.002 0.004 0.023 0.033 0.016 0.526 
 395 Y H   0.482 0.000 0.002 0.004 0.026 0.034 0.012 0.440 
 396 I H   0.559 0.000 0.002 0.003 0.028 0.033 0.009 0.366 
 397 M H   0.625 0.000 0.002 0.003 0.028 0.030 0.007 0.305 
 398 A H   0.679 0.000 0.002 0.002 0.028 0.027 0.006 0.257 
 399 D H   0.723 0.000 0.001 0.002 0.026 0.024 0.005 0.218 
 400 M H   0.757 0.000 0.001 0.001 0.024 0.022 0.004 0.190 
 401 Y H   0.781 0.000 0.001 0.001 0.023 0.019 0.004 0.171 
 402 S H   0.796 0.000 0.001 0.001 0.021 0.017 0.003 0.160 
 403 F H   0.804 0.000 0.001 0.001 0.020 0.016 0.003 0.154 
 404 G H   0.805 0.000 0.001 0.001 0.020 0.015 0.004 0.154 
 405 L H   0.800 0.000 0.001 0.001 0.019 0.015 0.004 0.160 
 406 I H   0.785 0.000 0.001 0.001 0.019 0.015 0.005 0.174 
 407 L H   0.763 0.000 0.001 0.001 0.019 0.015 0.006 0.194 
 408 W H   0.733 0.000 0.001 0.001 0.020 0.016 0.007 0.221 
 409 E H   0.695 0.000 0.001 0.002 0.019 0.017 0.009 0.257 
 410 V H   0.647 0.000 0.001 0.002 0.019 0.018 0.011 0.301 
 411 A H   0.592 0.000 0.001 0.002 0.019 0.019 0.015 0.351 
 412 R H   0.532 0.000 0.002 0.003 0.018 0.021 0.018 0.406 
 413 R H   0.471 0.000 0.001 0.003 0.017 0.022 0.023 0.462 
 414 C _   0.412 0.000 0.001 0.004 0.017 0.024 0.028 0.514 
 415 V _   0.358 0.001 0.001 0.005 0.017 0.026 0.034 0.559 
 416 S _   0.306 0.001 0.001 0.007 0.018 0.028 0.040 0.599 
 417 G _   0.259 0.003 0.002 0.011 0.019 0.030 0.046 0.631 
 418 G _   0.217 0.005 0.002 0.016 0.020 0.031 0.053 0.658 
 419 I _   0.178 0.008 0.002 0.021 0.020 0.031 0.060 0.680 
 420 V _   0.144 0.010 0.002 0.026 0.020 0.030 0.067 0.699 
 421 E _   0.115 0.012 0.002 0.030 0.019 0.029 0.075 0.718 
 422 E _   0.089 0.013 0.002 0.031 0.017 0.027 0.084 0.737 
 423 Y _   0.068 0.013 0.001 0.030 0.014 0.024 0.093 0.756 
 424 Q _   0.051 0.013 0.001 0.027 0.012 0.021 0.102 0.775 
 425 L _   0.037 0.011 0.001 0.023 0.009 0.017 0.111 0.791 
 426 P _   0.027 0.009 0.001 0.019 0.007 0.014 0.119 0.804 
 427 Y _   0.020 0.007 0.001 0.014 0.005 0.012 0.128 0.814 
 428 H _   0.014 0.005 0.000 0.011 0.003 0.009 0.135 0.822 
 429 D _   0.011 0.004 0.000 0.008 0.002 0.007 0.141 0.827 
 430 L _   0.008 0.003 0.000 0.005 0.002 0.006 0.146 0.830 
 431 V _   0.006 0.002 0.000 0.004 0.001 0.005 0.149 0.832 
 432 P _   0.005 0.002 0.000 0.003 0.001 0.005 0.152 0.832 
 433 S _   0.004 0.002 0.000 0.003 0.001 0.005 0.153 0.831 
 434 D _   0.004 0.003 0.000 0.003 0.001 0.006 0.154 0.828 
 435 P _   0.005 0.006 0.000 0.004 0.002 0.008 0.154 0.822 
 436 S _   0.007 0.012 0.000 0.006 0.003 0.011 0.153 0.807 
 437 Y _   0.009 0.029 0.001 0.011 0.006 0.016 0.151 0.778 
 438 E _   0.012 0.066 0.001 0.018 0.010 0.021 0.148 0.724 
 439 D _   0.014 0.131 0.002 0.029 0.015 0.026 0.143 0.641 
 440 M _   0.015 0.216 0.002 0.041 0.020 0.029 0.138 0.540 
 441 R _   0.014 0.300 0.002 0.052 0.022 0.029 0.133 0.446 
 442 E _   0.013 0.361 0.002 0.061 0.023 0.029 0.130 0.381 
 443 I E   0.012 0.398 0.002 0.067 0.023 0.028 0.129 0.342 
 444 V E   0.012 0.417 0.001 0.071 0.022 0.026 0.129 0.321 
 445 C E   0.012 0.424 0.001 0.071 0.021 0.025 0.131 0.314 
 446 I E   0.012 0.423 0.001 0.069 0.020 0.024 0.134 0.317 
 447 K E   0.012 0.413 0.002 0.064 0.019 0.022 0.138 0.330 
 448 K E   0.012 0.389 0.002 0.057 0.018 0.020 0.145 0.357 
 449 L _   0.013 0.348 0.002 0.049 0.016 0.019 0.155 0.399 
 450 R _   0.013 0.288 0.002 0.040 0.014 0.017 0.167 0.459 
 451 P _   0.013 0.218 0.002 0.031 0.011 0.016 0.181 0.529 
 452 S _   0.012 0.153 0.001 0.022 0.008 0.014 0.194 0.596 
 453 F _   0.010 0.104 0.001 0.014 0.006 0.012 0.205 0.647 
 454 P _   0.009 0.074 0.001 0.009 0.004 0.010 0.213 0.680 
 455 N _   0.007 0.058 0.000 0.006 0.003 0.009 0.219 0.697 
 456 R _   0.006 0.051 0.000 0.004 0.002 0.009 0.223 0.705 
 457 W _   0.006 0.048 0.000 0.004 0.002 0.009 0.225 0.706 
 458 S _   0.006 0.049 0.000 0.004 0.002 0.010 0.227 0.702 
 459 S _   0.007 0.052 0.000 0.006 0.003 0.012 0.228 0.691 
 460 D _   0.008 0.061 0.001 0.009 0.005 0.015 0.229 0.673 
 461 E _   0.010 0.078 0.001 0.014 0.007 0.019 0.228 0.643 
 462 C _   0.012 0.104 0.001 0.021 0.010 0.022 0.227 0.603 
 463 L _   0.013 0.135 0.001 0.029 0.014 0.025 0.226 0.557 
 464 R _   0.013 0.164 0.001 0.037 0.017 0.027 0.226 0.514 
 465 Q _   0.014 0.187 0.001 0.045 0.019 0.029 0.226 0.480 
 466 M _   0.014 0.201 0.001 0.050 0.021 0.029 0.228 0.455 
 467 G _   0.014 0.209 0.001 0.054 0.022 0.029 0.231 0.440 
 468 K _   0.015 0.211 0.001 0.054 0.022 0.029 0.235 0.433 
 469 L _   0.015 0.208 0.002 0.052 0.021 0.028 0.241 0.434 
 470 M _   0.015 0.199 0.002 0.047 0.020 0.026 0.249 0.442 
 471 T _   0.015 0.183 0.002 0.040 0.018 0.025 0.259 0.459 
 472 E _   0.015 0.159 0.002 0.033 0.015 0.023 0.271 0.482 
 473 C _   0.015 0.130 0.001 0.025 0.013 0.022 0.284 0.511 
 474 W _   0.015 0.101 0.001 0.018 0.010 0.020 0.297 0.539 
 475 A _   0.014 0.078 0.001 0.012 0.008 0.019 0.309 0.559 
 476 H _   0.014 0.064 0.001 0.008 0.006 0.019 0.319 0.570 
 477 N _   0.014 0.056 0.001 0.006 0.005 0.019 0.327 0.571 
 478 P _   0.015 0.053 0.001 0.006 0.005 0.019 0.335 0.566 
 479 A _   0.016 0.053 0.001 0.007 0.006 0.021 0.342 0.555 
 480 S _   0.018 0.056 0.001 0.009 0.007 0.023 0.349 0.538 
 481 R _   0.020 0.061 0.001 0.012 0.009 0.025 0.356 0.515 
 482 L _   0.021 0.069 0.001 0.018 0.012 0.027 0.364 0.488 
 483 T _   0.022 0.078 0.001 0.023 0.014 0.028 0.372 0.461 
 484 A _   0.022 0.087 0.001 0.029 0.016 0.029 0.381 0.435 
 485 L _   0.021 0.093 0.001 0.033 0.017 0.028 0.392 0.414 
 486 R X   0.020 0.096 0.001 0.036 0.017 0.028 0.404 0.397 
 487 V X   0.019 0.097 0.001 0.037 0.016 0.027 0.418 0.384 
 488 K X   0.018 0.096 0.001 0.036 0.015 0.025 0.434 0.374 
 489 K X   0.017 0.092 0.001 0.034 0.014 0.023 0.451 0.367 
 490 T X   0.016 0.087 0.001 0.032 0.012 0.021 0.471 0.361 
 491 L X   0.015 0.079 0.001 0.029 0.010 0.019 0.492 0.354 
 492 A X   0.014 0.071 0.001 0.025 0.009 0.017 0.515 0.349 
 493 K X   0.012 0.061 0.001 0.022 0.007 0.015 0.538 0.345 
 494 M X   0.010 0.051 0.001 0.018 0.006 0.012 0.560 0.342 
 495 S X   0.008 0.042 0.001 0.015 0.005 0.010 0.580 0.340 
 496 E X   0.006 0.033 0.001 0.012 0.004 0.007 0.600 0.336 
 497 S X   0.004 0.025 0.000 0.009 0.003 0.005 0.619 0.335 
 498 Q X   0.002 0.017 0.000 0.006 0.001 0.003 0.635 0.336 
 499 D X   0.001 0.010 0.000 0.003 0.000 0.001 0.647 0.338 
 500 I X   0.000 0.006 0.000 0.002 0.000 0.000 0.650 0.342 
 501 K X   0.000 0.005 0.000 0.002 0.000 0.000 0.648 0.344 
 502 L X   0.002 0.005 0.001 0.008 0.002 0.002 0.637 0.343 
