#TopoPred_TM8: 8-state transmembrane topology prediction results by no_profile mode 
#probabilities are in the order of H E C I L F X _, the 8 transmembrane topology types used in PDBTM 
   1 M X   0.009 0.001 0.002 0.046 0.009 0.008 0.831 0.094 
   2 A X   0.004 0.000 0.000 0.027 0.002 0.004 0.857 0.105 
   3 C X   0.001 0.000 0.000 0.015 0.001 0.003 0.865 0.115 
   4 L X   0.001 0.000 0.000 0.009 0.001 0.003 0.865 0.121 
   5 H X   0.001 0.000 0.000 0.006 0.001 0.003 0.862 0.127 
   6 E X   0.001 0.000 0.000 0.004 0.001 0.004 0.856 0.134 
   7 T X   0.002 0.000 0.000 0.003 0.001 0.004 0.850 0.140 
   8 R X   0.002 0.000 0.000 0.002 0.001 0.005 0.841 0.148 
   9 T X   0.003 0.001 0.000 0.002 0.001 0.006 0.832 0.155 
  10 P X   0.004 0.001 0.000 0.003 0.002 0.009 0.820 0.161 
  11 S X   0.006 0.003 0.000 0.004 0.004 0.012 0.805 0.166 
  12 P X   0.009 0.008 0.001 0.006 0.007 0.017 0.786 0.166 
  13 S X   0.012 0.021 0.001 0.010 0.013 0.022 0.762 0.159 
  14 F X   0.015 0.045 0.002 0.016 0.019 0.026 0.734 0.144 
  15 G X   0.017 0.078 0.002 0.022 0.024 0.028 0.707 0.123 
  16 G X   0.017 0.111 0.002 0.028 0.026 0.028 0.684 0.103 
  17 F X   0.017 0.138 0.002 0.032 0.026 0.027 0.668 0.091 
  18 V X   0.017 0.155 0.001 0.035 0.025 0.026 0.657 0.084 
  19 S X   0.017 0.164 0.001 0.037 0.023 0.024 0.650 0.083 
  20 T X   0.017 0.168 0.001 0.037 0.022 0.023 0.645 0.087 
  21 L X   0.016 0.168 0.001 0.035 0.020 0.021 0.643 0.095 
  22 S X   0.016 0.164 0.001 0.033 0.017 0.019 0.643 0.108 
  23 E X   0.015 0.154 0.001 0.029 0.015 0.017 0.644 0.124 
  24 A X   0.014 0.139 0.001 0.025 0.012 0.015 0.648 0.146 
  25 S X   0.013 0.119 0.001 0.021 0.009 0.013 0.653 0.171 
  26 M X   0.012 0.094 0.001 0.017 0.007 0.011 0.659 0.199 
  27 R X   0.011 0.069 0.001 0.013 0.005 0.009 0.665 0.226 
  28 K X   0.010 0.047 0.001 0.010 0.004 0.008 0.671 0.251 
  29 L X   0.008 0.029 0.000 0.007 0.003 0.006 0.676 0.270 
  30 D X   0.006 0.018 0.000 0.005 0.002 0.005 0.679 0.285 
  31 P X   0.005 0.011 0.000 0.004 0.001 0.004 0.680 0.295 
  32 D X   0.004 0.007 0.000 0.003 0.001 0.003 0.680 0.303 
  33 T X   0.004 0.004 0.000 0.002 0.001 0.003 0.678 0.308 
  34 S X   0.003 0.003 0.000 0.002 0.001 0.002 0.676 0.313 
  35 D X   0.003 0.003 0.000 0.002 0.001 0.002 0.672 0.318 
  36 C X   0.002 0.003 0.000 0.002 0.001 0.003 0.666 0.324 
  37 T X   0.002 0.003 0.000 0.002 0.001 0.003 0.658 0.330 
  38 P X   0.002 0.004 0.000 0.003 0.001 0.004 0.648 0.337 
  39 E X   0.003 0.006 0.000 0.005 0.002 0.005 0.635 0.344 
  40 K X   0.003 0.011 0.000 0.008 0.003 0.007 0.619 0.349 
  41 D X   0.004 0.018 0.001 0.013 0.004 0.009 0.599 0.352 
  42 L X   0.004 0.030 0.001 0.020 0.005 0.011 0.577 0.352 
  43 T X   0.004 0.044 0.001 0.029 0.007 0.013 0.554 0.349 
  44 P X   0.005 0.057 0.001 0.037 0.008 0.014 0.532 0.346 
  45 T X   0.005 0.067 0.001 0.044 0.009 0.014 0.513 0.346 
  46 H X   0.005 0.074 0.001 0.048 0.009 0.014 0.499 0.350 
  47 V X   0.005 0.076 0.001 0.049 0.009 0.014 0.488 0.358 
  48 L X   0.005 0.076 0.001 0.047 0.008 0.013 0.479 0.371 
  49 Q X   0.005 0.073 0.001 0.041 0.007 0.012 0.472 0.389 
  50 L X   0.005 0.067 0.001 0.034 0.006 0.010 0.467 0.411 
  51 H X   0.005 0.058 0.001 0.025 0.005 0.009 0.462 0.436 
  52 E _   0.005 0.047 0.000 0.018 0.004 0.007 0.458 0.461 
  53 Q _   0.004 0.036 0.000 0.012 0.003 0.006 0.454 0.484 
  54 D _   0.004 0.027 0.000 0.008 0.002 0.005 0.450 0.503 
  55 A _   0.004 0.022 0.000 0.006 0.002 0.005 0.444 0.518 
  56 G _   0.003 0.018 0.000 0.005 0.001 0.004 0.438 0.529 
  57 G _   0.003 0.017 0.000 0.005 0.001 0.004 0.430 0.540 
  58 P _   0.003 0.016 0.000 0.005 0.001 0.005 0.420 0.549 
  59 G _   0.003 0.016 0.000 0.006 0.002 0.005 0.408 0.559 
  60 G _   0.003 0.017 0.000 0.008 0.002 0.006 0.394 0.570 
  61 A _   0.003 0.018 0.000 0.010 0.002 0.007 0.379 0.581 
  62 A _   0.003 0.020 0.000 0.012 0.003 0.008 0.361 0.592 
  63 G _   0.003 0.023 0.000 0.014 0.003 0.008 0.343 0.605 
  64 S _   0.004 0.026 0.001 0.016 0.004 0.009 0.324 0.617 
  65 P _   0.004 0.029 0.001 0.018 0.004 0.010 0.304 0.630 
  66 E _   0.004 0.032 0.001 0.020 0.005 0.011 0.285 0.643 
  67 S _   0.004 0.035 0.001 0.021 0.005 0.012 0.267 0.656 
  68 R _   0.004 0.037 0.001 0.023 0.005 0.013 0.249 0.667 
  69 A _   0.005 0.040 0.001 0.025 0.006 0.014 0.233 0.678 
  70 S _   0.005 0.042 0.001 0.026 0.007 0.015 0.217 0.687 
  71 R _   0.005 0.044 0.001 0.028 0.007 0.016 0.202 0.696 
  72 V _   0.006 0.045 0.001 0.030 0.008 0.018 0.189 0.704 
  73 R _   0.007 0.045 0.001 0.031 0.009 0.019 0.176 0.712 
  74 A _   0.007 0.045 0.001 0.032 0.009 0.020 0.165 0.720 
  75 D _   0.009 0.043 0.001 0.032 0.010 0.021 0.155 0.729 
  76 E _   0.010 0.040 0.001 0.031 0.010 0.023 0.145 0.740 
  77 V _   0.013 0.035 0.001 0.028 0.010 0.024 0.137 0.753 
  78 R _   0.017 0.029 0.001 0.024 0.010 0.025 0.129 0.766 
  79 L _   0.022 0.022 0.001 0.020 0.010 0.026 0.121 0.778 
  80 Q _   0.031 0.015 0.001 0.015 0.010 0.028 0.113 0.787 
  81 C _   0.044 0.009 0.001 0.012 0.010 0.030 0.105 0.788 
  82 Q _   0.064 0.005 0.001 0.009 0.011 0.032 0.097 0.781 
  83 S _   0.092 0.003 0.001 0.007 0.012 0.035 0.089 0.760 
  84 G _   0.131 0.001 0.001 0.006 0.015 0.039 0.081 0.726 
  85 S _   0.182 0.001 0.001 0.006 0.018 0.043 0.072 0.677 
  86 G _   0.242 0.000 0.002 0.005 0.022 0.046 0.063 0.618 
  87 F _   0.306 0.000 0.002 0.005 0.026 0.049 0.056 0.556 
  88 L _   0.367 0.000 0.002 0.005 0.031 0.050 0.049 0.495 
  89 E _   0.424 0.000 0.002 0.005 0.035 0.051 0.044 0.439 
  90 G H   0.475 0.000 0.002 0.004 0.037 0.050 0.040 0.392 
  91 L H   0.517 0.000 0.002 0.004 0.039 0.048 0.036 0.354 
  92 F H   0.549 0.000 0.002 0.003 0.039 0.046 0.034 0.326 
  93 G H   0.573 0.000 0.002 0.003 0.040 0.044 0.032 0.306 
  94 C H   0.588 0.000 0.002 0.003 0.039 0.042 0.031 0.294 
  95 L H   0.594 0.000 0.002 0.003 0.039 0.041 0.031 0.291 
  96 R H   0.588 0.000 0.002 0.003 0.039 0.039 0.032 0.297 
  97 P H   0.574 0.000 0.002 0.004 0.039 0.038 0.033 0.310 
  98 V H   0.551 0.001 0.002 0.006 0.039 0.037 0.034 0.331 
  99 W H   0.518 0.001 0.002 0.008 0.038 0.036 0.037 0.361 
 100 T H   0.473 0.002 0.002 0.011 0.035 0.034 0.040 0.402 
 101 M _   0.420 0.003 0.002 0.014 0.032 0.032 0.043 0.453 
 102 I _   0.358 0.003 0.002 0.016 0.027 0.030 0.048 0.515 
 103 G _   0.292 0.003 0.002 0.017 0.022 0.027 0.053 0.583 
 104 K _   0.226 0.003 0.002 0.016 0.016 0.023 0.059 0.655 
 105 A _   0.166 0.002 0.001 0.014 0.011 0.020 0.064 0.722 
 106 Y _   0.116 0.002 0.001 0.010 0.008 0.016 0.068 0.780 
 107 S _   0.078 0.001 0.001 0.008 0.005 0.012 0.071 0.825 
 108 T _   0.049 0.001 0.000 0.005 0.003 0.010 0.074 0.858 
 109 E _   0.030 0.000 0.000 0.004 0.002 0.008 0.075 0.880 
 110 H _   0.019 0.000 0.000 0.003 0.002 0.006 0.076 0.894 
 111 K _   0.012 0.000 0.000 0.002 0.001 0.006 0.076 0.902 
 112 Q _   0.009 0.001 0.000 0.002 0.001 0.006 0.076 0.905 
 113 Q _   0.007 0.001 0.000 0.003 0.001 0.006 0.075 0.906 
 114 Q _   0.007 0.002 0.000 0.004 0.002 0.007 0.074 0.904 
 115 E _   0.007 0.005 0.000 0.006 0.003 0.009 0.072 0.898 
 116 D _   0.008 0.010 0.000 0.009 0.004 0.012 0.070 0.888 
 117 L _   0.009 0.017 0.001 0.013 0.005 0.014 0.067 0.874 
 118 W _   0.010 0.027 0.001 0.018 0.007 0.017 0.064 0.856 
 119 E _   0.011 0.037 0.001 0.024 0.009 0.020 0.061 0.838 
 120 V _   0.012 0.046 0.001 0.029 0.011 0.022 0.058 0.822 
 121 P _   0.013 0.052 0.001 0.032 0.013 0.023 0.055 0.811 
 122 F _   0.014 0.056 0.001 0.034 0.014 0.025 0.053 0.805 
 123 E _   0.014 0.058 0.001 0.034 0.014 0.025 0.051 0.802 
 124 E _   0.015 0.058 0.001 0.032 0.014 0.026 0.049 0.804 
 125 I _   0.016 0.056 0.001 0.029 0.014 0.026 0.048 0.809 
 126 L _   0.017 0.053 0.001 0.025 0.013 0.025 0.047 0.817 
 127 D _   0.018 0.049 0.001 0.021 0.012 0.025 0.047 0.828 
 128 L _   0.019 0.044 0.001 0.017 0.010 0.024 0.046 0.838 
 129 Q _   0.020 0.039 0.001 0.014 0.009 0.024 0.046 0.847 
 130 W _   0.021 0.035 0.001 0.011 0.008 0.024 0.045 0.855 
 131 V _   0.022 0.032 0.001 0.010 0.008 0.025 0.044 0.858 
 132 G _   0.024 0.030 0.001 0.009 0.008 0.026 0.044 0.859 
 133 S _   0.026 0.029 0.001 0.009 0.009 0.027 0.043 0.856 
 134 G _   0.029 0.030 0.001 0.010 0.010 0.029 0.042 0.848 
 135 A _   0.033 0.032 0.001 0.012 0.012 0.031 0.042 0.837 
 136 Q _   0.036 0.035 0.001 0.015 0.015 0.033 0.041 0.824 
 137 G _   0.039 0.039 0.001 0.018 0.017 0.034 0.040 0.811 
 138 A _   0.041 0.043 0.001 0.022 0.019 0.035 0.040 0.798 
 139 V _   0.042 0.046 0.001 0.025 0.020 0.035 0.039 0.790 
 140 F _   0.042 0.048 0.001 0.027 0.020 0.034 0.039 0.788 
 141 L _   0.041 0.048 0.001 0.027 0.020 0.033 0.039 0.791 
 142 G _   0.039 0.046 0.001 0.026 0.018 0.030 0.039 0.799 
 143 R _   0.036 0.043 0.001 0.024 0.016 0.028 0.040 0.812 
 144 F _   0.033 0.038 0.001 0.021 0.014 0.025 0.040 0.828 
 145 H _   0.029 0.033 0.001 0.018 0.011 0.023 0.041 0.844 
 146 G _   0.026 0.028 0.001 0.015 0.009 0.021 0.042 0.859 
 147 E _   0.023 0.024 0.001 0.013 0.008 0.018 0.042 0.872 
 148 E _   0.020 0.020 0.001 0.012 0.006 0.017 0.043 0.881 
 149 V _   0.018 0.017 0.001 0.011 0.006 0.015 0.043 0.889 
 150 A _   0.016 0.015 0.001 0.010 0.005 0.014 0.044 0.895 
 151 V _   0.015 0.013 0.001 0.010 0.005 0.013 0.044 0.900 
 152 K _   0.014 0.012 0.001 0.010 0.004 0.012 0.044 0.903 
 153 K _   0.013 0.010 0.001 0.010 0.004 0.011 0.044 0.907 
 154 V _   0.012 0.009 0.000 0.010 0.004 0.011 0.044 0.910 
 155 R _   0.011 0.008 0.000 0.009 0.004 0.010 0.044 0.914 
 156 D _   0.010 0.007 0.000 0.009 0.004 0.009 0.044 0.917 
 157 L _   0.009 0.006 0.000 0.008 0.003 0.009 0.044 0.920 
 158 K _   0.009 0.005 0.000 0.008 0.003 0.009 0.044 0.922 
 159 E _   0.008 0.005 0.000 0.008 0.003 0.009 0.043 0.924 
 160 T _   0.008 0.004 0.000 0.008 0.003 0.008 0.043 0.925 
 161 D _   0.008 0.004 0.000 0.008 0.003 0.008 0.042 0.926 
 162 I _   0.007 0.004 0.000 0.008 0.003 0.009 0.041 0.927 
 163 K _   0.007 0.003 0.000 0.008 0.003 0.009 0.041 0.928 
 164 H _   0.007 0.003 0.000 0.008 0.003 0.009 0.040 0.929 
 165 L _   0.008 0.003 0.000 0.008 0.003 0.009 0.039 0.929 
 166 R _   0.008 0.003 0.000 0.008 0.003 0.009 0.038 0.930 
 167 K _   0.008 0.002 0.000 0.008 0.004 0.010 0.037 0.931 
 168 L _   0.009 0.002 0.000 0.008 0.004 0.011 0.036 0.931 
 169 K _   0.010 0.002 0.000 0.008 0.004 0.012 0.034 0.930 
 170 H _   0.012 0.002 0.001 0.008 0.004 0.013 0.033 0.927 
 171 P _   0.015 0.002 0.001 0.008 0.005 0.015 0.031 0.923 
 172 N _   0.020 0.001 0.001 0.009 0.006 0.016 0.030 0.916 
 173 I _   0.028 0.001 0.001 0.010 0.007 0.019 0.028 0.906 
 174 I _   0.040 0.001 0.001 0.010 0.008 0.021 0.026 0.892 
 175 T _   0.056 0.001 0.001 0.010 0.010 0.023 0.024 0.874 
 176 F _   0.078 0.001 0.001 0.009 0.011 0.025 0.022 0.852 
 177 K _   0.106 0.001 0.001 0.008 0.012 0.027 0.020 0.824 
 178 G _   0.143 0.000 0.001 0.006 0.013 0.028 0.018 0.790 
 179 V _   0.190 0.000 0.001 0.005 0.013 0.029 0.016 0.745 
 180 C _   0.245 0.000 0.001 0.003 0.014 0.030 0.014 0.693 
 181 T _   0.309 0.000 0.001 0.002 0.015 0.030 0.012 0.630 
 182 Q _   0.379 0.000 0.001 0.002 0.017 0.031 0.010 0.560 
 183 A _   0.452 0.000 0.001 0.002 0.019 0.031 0.008 0.486 
 184 P H   0.523 0.000 0.001 0.002 0.023 0.032 0.007 0.412 
 185 C H   0.586 0.000 0.002 0.002 0.027 0.031 0.006 0.347 
 186 Y H   0.634 0.000 0.002 0.002 0.030 0.031 0.005 0.296 
 187 C H   0.670 0.000 0.002 0.002 0.033 0.030 0.005 0.259 
 188 I H   0.693 0.000 0.002 0.002 0.034 0.028 0.005 0.235 
 189 L H   0.702 0.000 0.002 0.003 0.035 0.027 0.005 0.226 
 190 M H   0.697 0.000 0.002 0.003 0.035 0.026 0.005 0.232 
 191 E H   0.678 0.000 0.002 0.003 0.034 0.025 0.006 0.252 
 192 F H   0.646 0.000 0.002 0.003 0.031 0.024 0.006 0.287 
 193 C H   0.599 0.000 0.002 0.003 0.028 0.023 0.007 0.338 
 194 A H   0.539 0.000 0.002 0.003 0.023 0.022 0.009 0.402 
 195 Q _   0.466 0.000 0.002 0.003 0.019 0.022 0.010 0.478 
 196 G _   0.393 0.000 0.001 0.003 0.015 0.021 0.012 0.554 
 197 Q _   0.323 0.000 0.001 0.003 0.013 0.021 0.014 0.625 
 198 L _   0.259 0.000 0.001 0.004 0.011 0.020 0.015 0.689 
 199 Y _   0.206 0.000 0.001 0.005 0.010 0.020 0.017 0.741 
 200 E _   0.162 0.000 0.001 0.006 0.009 0.020 0.019 0.783 
 201 V _   0.127 0.000 0.001 0.007 0.008 0.019 0.020 0.817 
 202 L _   0.099 0.001 0.001 0.008 0.008 0.019 0.021 0.844 
 203 R _   0.078 0.001 0.001 0.007 0.007 0.018 0.022 0.866 
 204 A _   0.063 0.001 0.001 0.007 0.006 0.018 0.023 0.882 
 205 G _   0.053 0.000 0.001 0.006 0.005 0.018 0.024 0.893 
 206 R _   0.047 0.000 0.001 0.005 0.005 0.018 0.024 0.900 
 207 P _   0.044 0.000 0.001 0.004 0.005 0.019 0.025 0.903 
 208 V _   0.044 0.000 0.001 0.004 0.005 0.020 0.025 0.902 
 209 T _   0.048 0.000 0.001 0.003 0.005 0.022 0.025 0.895 
 210 P _   0.055 0.000 0.001 0.003 0.006 0.026 0.025 0.883 
 211 S _   0.067 0.000 0.001 0.004 0.008 0.030 0.025 0.865 
 212 L _   0.081 0.001 0.001 0.005 0.012 0.036 0.025 0.840 
 213 L _   0.097 0.002 0.001 0.006 0.017 0.042 0.025 0.810 
 214 V _   0.116 0.004 0.001 0.009 0.024 0.049 0.025 0.773 
 215 D _   0.132 0.007 0.002 0.012 0.032 0.054 0.025 0.736 
 216 W _   0.146 0.010 0.002 0.017 0.038 0.059 0.025 0.703 
 217 S _   0.157 0.014 0.002 0.021 0.043 0.061 0.025 0.677 
 218 M _   0.162 0.017 0.002 0.025 0.045 0.062 0.026 0.661 
 219 G _   0.163 0.019 0.002 0.027 0.045 0.061 0.027 0.656 
 220 I _   0.159 0.020 0.002 0.027 0.042 0.058 0.028 0.664 
 221 A _   0.149 0.019 0.002 0.024 0.038 0.055 0.030 0.683 
 222 G _   0.137 0.017 0.002 0.020 0.032 0.051 0.032 0.710 
 223 G _   0.122 0.014 0.002 0.016 0.027 0.046 0.033 0.739 
 224 M _   0.106 0.012 0.001 0.013 0.021 0.042 0.035 0.768 
 225 N _   0.090 0.010 0.001 0.011 0.017 0.038 0.037 0.794 
 226 Y _   0.075 0.009 0.001 0.011 0.014 0.035 0.039 0.817 
 227 L _   0.061 0.009 0.001 0.011 0.012 0.031 0.040 0.834 
 228 H _   0.050 0.009 0.001 0.013 0.011 0.028 0.042 0.845 
 229 L _   0.040 0.009 0.001 0.014 0.010 0.026 0.044 0.855 
 230 H _   0.033 0.010 0.001 0.016 0.009 0.023 0.046 0.864 
 231 K _   0.026 0.010 0.001 0.016 0.008 0.020 0.047 0.872 
 232 I _   0.021 0.009 0.001 0.015 0.007 0.018 0.049 0.881 
 233 I _   0.017 0.008 0.001 0.013 0.006 0.015 0.050 0.889 
 234 H _   0.014 0.008 0.001 0.011 0.005 0.013 0.051 0.897 
 235 R _   0.012 0.007 0.000 0.008 0.004 0.012 0.053 0.904 
 236 D _   0.011 0.006 0.000 0.007 0.003 0.011 0.054 0.908 
 237 L _   0.010 0.006 0.000 0.006 0.003 0.011 0.054 0.910 
 238 K _   0.010 0.006 0.000 0.006 0.003 0.011 0.055 0.909 
 239 S _   0.010 0.007 0.000 0.006 0.004 0.012 0.056 0.904 
 240 P _   0.011 0.010 0.001 0.008 0.005 0.013 0.056 0.896 
 241 N _   0.013 0.014 0.001 0.011 0.006 0.015 0.057 0.885 
 242 M _   0.014 0.019 0.001 0.015 0.007 0.017 0.057 0.870 
 243 L _   0.015 0.025 0.001 0.019 0.009 0.018 0.058 0.856 
 244 I _   0.015 0.031 0.001 0.023 0.010 0.019 0.058 0.843 
 245 T _   0.015 0.035 0.001 0.026 0.011 0.019 0.059 0.834 
 246 Y _   0.015 0.038 0.001 0.027 0.011 0.019 0.060 0.828 
 247 D _   0.015 0.040 0.001 0.028 0.011 0.019 0.061 0.826 
 248 D _   0.014 0.040 0.001 0.027 0.010 0.018 0.062 0.826 
 249 V _   0.014 0.039 0.001 0.026 0.010 0.017 0.064 0.828 
 250 V _   0.014 0.038 0.001 0.024 0.009 0.016 0.066 0.832 
 251 K _   0.014 0.035 0.001 0.023 0.008 0.015 0.068 0.836 
 252 I _   0.013 0.032 0.001 0.021 0.007 0.014 0.070 0.842 
 253 S _   0.012 0.028 0.001 0.019 0.006 0.013 0.072 0.849 
 254 D _   0.011 0.024 0.001 0.017 0.005 0.012 0.075 0.856 
 255 F _   0.010 0.019 0.001 0.014 0.004 0.010 0.077 0.864 
 256 G _   0.009 0.014 0.000 0.012 0.004 0.009 0.078 0.873 
 257 T _   0.008 0.010 0.000 0.009 0.003 0.008 0.080 0.882 
 258 S _   0.007 0.006 0.000 0.007 0.002 0.007 0.081 0.889 
 259 K _   0.006 0.004 0.000 0.005 0.002 0.007 0.082 0.895 
 260 E _   0.006 0.002 0.000 0.004 0.002 0.006 0.082 0.899 
 261 L _   0.006 0.001 0.000 0.003 0.001 0.007 0.081 0.901 
 262 S _   0.007 0.001 0.000 0.002 0.001 0.008 0.080 0.900 
 263 D _   0.010 0.000 0.000 0.002 0.002 0.010 0.079 0.896 
 264 K _   0.016 0.000 0.000 0.002 0.002 0.015 0.077 0.886 
 265 S _   0.027 0.001 0.000 0.003 0.004 0.022 0.074 0.867 
 266 T _   0.045 0.002 0.001 0.005 0.008 0.032 0.071 0.835 
 267 K _   0.069 0.007 0.001 0.008 0.016 0.045 0.067 0.788 
 268 M _   0.096 0.016 0.002 0.013 0.028 0.058 0.062 0.725 
 269 S _   0.121 0.032 0.002 0.020 0.042 0.069 0.058 0.656 
 270 F _   0.143 0.053 0.003 0.028 0.055 0.077 0.053 0.588 
 271 A _   0.159 0.073 0.003 0.037 0.065 0.081 0.050 0.532 
 272 G _   0.171 0.089 0.003 0.043 0.071 0.082 0.047 0.494 
 273 T _   0.177 0.099 0.003 0.048 0.073 0.080 0.045 0.476 
 274 V _   0.178 0.103 0.003 0.051 0.071 0.076 0.044 0.474 
 275 A _   0.173 0.103 0.003 0.051 0.066 0.070 0.043 0.491 
 276 W _   0.163 0.098 0.003 0.047 0.058 0.062 0.043 0.526 
 277 M _   0.147 0.088 0.003 0.041 0.048 0.055 0.044 0.575 
 278 A _   0.128 0.072 0.003 0.034 0.037 0.046 0.045 0.636 
 279 P _   0.106 0.053 0.002 0.027 0.026 0.038 0.046 0.702 
 280 E _   0.084 0.034 0.002 0.019 0.017 0.030 0.046 0.767 
 281 V _   0.065 0.019 0.001 0.013 0.010 0.023 0.047 0.821 
 282 I _   0.050 0.009 0.001 0.008 0.006 0.017 0.047 0.861 
 283 R _   0.040 0.004 0.000 0.005 0.004 0.013 0.046 0.888 
 284 N _   0.033 0.001 0.000 0.003 0.002 0.010 0.045 0.904 
 285 E _   0.031 0.000 0.000 0.002 0.002 0.008 0.044 0.913 
 286 P _   0.034 0.000 0.000 0.001 0.002 0.007 0.042 0.913 
 287 V _   0.045 0.000 0.000 0.001 0.002 0.007 0.039 0.905 
 288 S _   0.069 0.000 0.000 0.001 0.002 0.008 0.036 0.883 
 289 E _   0.113 0.000 0.000 0.001 0.003 0.010 0.032 0.840 
 290 K _   0.185 0.000 0.001 0.001 0.005 0.013 0.028 0.767 
 291 V _   0.285 0.000 0.001 0.001 0.008 0.016 0.023 0.666 
 292 D _   0.400 0.000 0.001 0.001 0.012 0.020 0.018 0.548 
 293 I H   0.516 0.000 0.001 0.002 0.017 0.023 0.014 0.427 
 294 W H   0.617 0.000 0.001 0.002 0.022 0.024 0.011 0.322 
 295 S H   0.692 0.000 0.002 0.002 0.027 0.025 0.009 0.243 
 296 F H   0.744 0.000 0.002 0.002 0.031 0.024 0.008 0.189 
 297 G H   0.776 0.000 0.002 0.002 0.033 0.023 0.008 0.156 
 298 V H   0.794 0.000 0.002 0.002 0.035 0.022 0.008 0.138 
 299 V H   0.796 0.000 0.002 0.002 0.036 0.021 0.008 0.134 
 300 L H   0.784 0.000 0.002 0.003 0.037 0.020 0.009 0.146 
 301 W H   0.755 0.000 0.002 0.004 0.036 0.020 0.010 0.173 
 302 E H   0.706 0.000 0.002 0.004 0.035 0.020 0.012 0.221 
 303 L H   0.634 0.000 0.002 0.005 0.032 0.019 0.014 0.293 
 304 L H   0.537 0.000 0.002 0.006 0.027 0.019 0.018 0.392 
 305 T _   0.425 0.000 0.002 0.006 0.020 0.017 0.022 0.508 
 306 G _   0.312 0.000 0.001 0.006 0.013 0.015 0.026 0.626 
 307 E _   0.213 0.000 0.001 0.005 0.008 0.013 0.030 0.729 
 308 I _   0.137 0.000 0.001 0.003 0.005 0.011 0.033 0.810 
 309 P _   0.083 0.000 0.000 0.002 0.003 0.009 0.036 0.866 
 310 Y _   0.050 0.000 0.000 0.002 0.002 0.009 0.037 0.900 
 311 K _   0.033 0.000 0.000 0.001 0.002 0.009 0.038 0.917 
 312 D _   0.025 0.000 0.000 0.002 0.002 0.011 0.038 0.922 
 313 V _   0.024 0.001 0.000 0.003 0.003 0.015 0.038 0.915 
 314 D _   0.027 0.006 0.001 0.005 0.007 0.021 0.038 0.895 
 315 S _   0.033 0.023 0.001 0.012 0.013 0.030 0.037 0.850 
 316 S _   0.038 0.068 0.002 0.024 0.023 0.038 0.036 0.770 
 317 A _   0.040 0.140 0.003 0.041 0.031 0.043 0.035 0.667 
 318 I _   0.039 0.208 0.003 0.058 0.036 0.044 0.034 0.579 
 319 I _   0.037 0.251 0.002 0.069 0.036 0.044 0.033 0.526 
 320 W _   0.035 0.273 0.002 0.075 0.036 0.042 0.034 0.503 
 321 G _   0.033 0.282 0.002 0.075 0.034 0.040 0.034 0.499 
 322 V _   0.031 0.283 0.002 0.071 0.032 0.037 0.036 0.509 
 323 G _   0.029 0.274 0.002 0.063 0.029 0.035 0.038 0.531 
 324 S _   0.027 0.256 0.002 0.054 0.025 0.031 0.040 0.564 
 325 N _   0.024 0.227 0.002 0.044 0.021 0.028 0.044 0.610 
 326 S _   0.022 0.190 0.002 0.035 0.017 0.025 0.048 0.662 
 327 L _   0.020 0.151 0.001 0.027 0.013 0.022 0.052 0.714 
 328 H _   0.018 0.116 0.001 0.020 0.009 0.019 0.056 0.760 
 329 L _   0.015 0.088 0.001 0.015 0.007 0.017 0.059 0.799 
 330 P _   0.013 0.068 0.001 0.010 0.005 0.014 0.062 0.828 
 331 V _   0.011 0.056 0.000 0.007 0.003 0.013 0.064 0.846 
 332 P _   0.010 0.049 0.000 0.005 0.003 0.012 0.065 0.856 
 333 S _   0.009 0.046 0.000 0.005 0.002 0.013 0.065 0.860 
 334 S _   0.010 0.046 0.000 0.005 0.003 0.014 0.066 0.857 
 335 C _   0.011 0.049 0.000 0.006 0.004 0.017 0.066 0.847 
 336 P _   0.013 0.058 0.001 0.010 0.007 0.020 0.065 0.825 
 337 D _   0.016 0.079 0.001 0.018 0.011 0.025 0.064 0.787 
 338 G _   0.018 0.114 0.002 0.030 0.016 0.029 0.063 0.729 
 339 F _   0.020 0.158 0.002 0.045 0.020 0.031 0.061 0.663 
 340 K _   0.020 0.195 0.002 0.060 0.023 0.032 0.060 0.608 
 341 I _   0.019 0.217 0.002 0.072 0.024 0.031 0.060 0.575 
 342 L _   0.019 0.228 0.002 0.078 0.023 0.030 0.061 0.561 
 343 L _   0.018 0.229 0.002 0.079 0.021 0.028 0.062 0.562 
 344 R _   0.016 0.221 0.002 0.073 0.019 0.025 0.065 0.580 
 345 Q _   0.015 0.202 0.002 0.062 0.016 0.022 0.068 0.614 
 346 C _   0.014 0.169 0.002 0.047 0.013 0.018 0.072 0.665 
 347 W _   0.013 0.121 0.001 0.032 0.010 0.016 0.077 0.730 
 348 N _   0.012 0.072 0.001 0.019 0.006 0.013 0.082 0.795 
 349 S _   0.010 0.037 0.001 0.010 0.004 0.011 0.085 0.843 
 350 K _   0.008 0.018 0.000 0.005 0.002 0.009 0.087 0.870 
 351 P _   0.007 0.011 0.000 0.003 0.002 0.009 0.088 0.880 
 352 R _   0.007 0.009 0.000 0.002 0.001 0.010 0.088 0.882 
 353 N _   0.009 0.010 0.000 0.002 0.002 0.012 0.088 0.876 
 354 R _   0.012 0.014 0.000 0.004 0.004 0.017 0.087 0.862 
 355 P _   0.017 0.027 0.001 0.009 0.008 0.024 0.085 0.829 
 356 S _   0.022 0.064 0.001 0.018 0.015 0.031 0.082 0.766 
 357 F _   0.025 0.132 0.002 0.031 0.022 0.037 0.078 0.674 
 358 R _   0.025 0.210 0.003 0.045 0.027 0.040 0.073 0.578 
 359 Q _   0.024 0.271 0.002 0.056 0.029 0.040 0.070 0.507 
 360 I _   0.023 0.310 0.002 0.063 0.029 0.039 0.068 0.466 
 361 L _   0.022 0.331 0.002 0.066 0.029 0.038 0.067 0.445 
 362 L _   0.021 0.339 0.002 0.066 0.028 0.036 0.067 0.440 
 363 H _   0.021 0.339 0.002 0.062 0.026 0.034 0.068 0.448 
 364 L _   0.021 0.331 0.002 0.056 0.024 0.032 0.069 0.465 
 365 D _   0.021 0.313 0.002 0.048 0.022 0.029 0.071 0.493 
 366 I _   0.021 0.287 0.002 0.041 0.019 0.027 0.074 0.529 
 367 A _   0.021 0.253 0.002 0.034 0.016 0.025 0.078 0.571 
 368 S _   0.021 0.214 0.002 0.028 0.014 0.023 0.081 0.616 
 369 A _   0.021 0.176 0.001 0.024 0.012 0.022 0.085 0.659 
 370 D _   0.020 0.142 0.001 0.020 0.010 0.020 0.089 0.698 
 371 V _   0.019 0.114 0.001 0.017 0.008 0.018 0.093 0.730 
 372 L _   0.017 0.092 0.001 0.015 0.007 0.017 0.096 0.756 
 373 S _   0.016 0.074 0.001 0.013 0.006 0.015 0.099 0.778 
 374 T _   0.014 0.059 0.001 0.011 0.005 0.014 0.101 0.795 
 375 P _   0.013 0.048 0.001 0.010 0.004 0.012 0.103 0.809 
 376 Q _   0.011 0.040 0.000 0.009 0.004 0.011 0.105 0.820 
 377 E _   0.010 0.033 0.000 0.008 0.003 0.010 0.106 0.830 
 378 T _   0.009 0.029 0.000 0.007 0.003 0.010 0.106 0.837 
 379 Y _   0.008 0.026 0.000 0.006 0.003 0.009 0.107 0.841 
 380 F _   0.008 0.025 0.000 0.006 0.003 0.009 0.107 0.843 
 381 K _   0.007 0.025 0.000 0.006 0.003 0.010 0.106 0.843 
 382 S _   0.008 0.026 0.000 0.007 0.003 0.010 0.106 0.840 
 383 Q _   0.008 0.029 0.000 0.009 0.004 0.012 0.105 0.833 
 384 A _   0.009 0.034 0.001 0.011 0.005 0.013 0.104 0.824 
 385 E _   0.009 0.040 0.001 0.015 0.006 0.014 0.102 0.812 
 386 W _   0.010 0.048 0.001 0.019 0.007 0.016 0.101 0.799 
 387 R _   0.010 0.055 0.001 0.023 0.009 0.017 0.100 0.786 
 388 E _   0.011 0.061 0.001 0.027 0.010 0.018 0.099 0.774 
 389 E _   0.012 0.065 0.001 0.030 0.010 0.018 0.098 0.766 
 390 V _   0.012 0.067 0.001 0.031 0.011 0.018 0.098 0.763 
 391 K _   0.012 0.067 0.001 0.030 0.010 0.017 0.099 0.764 
 392 L _   0.012 0.065 0.001 0.029 0.010 0.017 0.099 0.768 
 393 H _   0.011 0.061 0.001 0.025 0.009 0.015 0.100 0.777 
 394 F _   0.011 0.055 0.001 0.022 0.008 0.014 0.102 0.787 
 395 E _   0.011 0.048 0.001 0.018 0.007 0.013 0.104 0.799 
 396 K _   0.010 0.040 0.001 0.014 0.005 0.012 0.105 0.812 
 397 I _   0.010 0.033 0.001 0.011 0.004 0.011 0.107 0.823 
 398 K _   0.009 0.028 0.000 0.008 0.004 0.011 0.108 0.832 
 399 S _   0.009 0.024 0.000 0.007 0.003 0.011 0.109 0.837 
 400 E _   0.009 0.022 0.000 0.006 0.003 0.011 0.110 0.838 
 401 G _   0.010 0.021 0.000 0.006 0.003 0.012 0.111 0.837 
 402 T _   0.011 0.022 0.000 0.007 0.004 0.013 0.111 0.833 
 403 C _   0.012 0.023 0.001 0.008 0.005 0.014 0.111 0.825 
 404 L _   0.013 0.026 0.001 0.011 0.006 0.016 0.112 0.815 
 405 H _   0.014 0.030 0.001 0.014 0.008 0.018 0.112 0.803 
 406 R _   0.015 0.035 0.001 0.018 0.009 0.019 0.113 0.790 
 407 L _   0.016 0.039 0.001 0.022 0.010 0.020 0.113 0.778 
 408 E _   0.017 0.043 0.001 0.025 0.011 0.021 0.114 0.768 
 409 E _   0.017 0.045 0.001 0.027 0.012 0.020 0.115 0.763 
 410 E _   0.017 0.046 0.001 0.027 0.011 0.020 0.117 0.761 
 411 L _   0.017 0.045 0.001 0.026 0.011 0.019 0.119 0.763 
 412 V _   0.016 0.042 0.001 0.024 0.010 0.018 0.122 0.768 
 413 M _   0.015 0.038 0.001 0.020 0.008 0.016 0.124 0.777 
 414 R _   0.014 0.033 0.001 0.017 0.007 0.015 0.127 0.786 
 415 R _   0.013 0.028 0.001 0.013 0.006 0.013 0.130 0.796 
 416 R _   0.012 0.023 0.001 0.011 0.005 0.012 0.133 0.803 
 417 E _   0.011 0.019 0.001 0.009 0.004 0.011 0.135 0.809 
 418 E _   0.011 0.016 0.000 0.008 0.004 0.011 0.138 0.812 
 419 L _   0.010 0.014 0.000 0.008 0.004 0.010 0.140 0.813 
 420 R _   0.010 0.013 0.000 0.008 0.004 0.010 0.142 0.813 
 421 H _   0.010 0.013 0.000 0.009 0.004 0.010 0.144 0.811 
 422 A _   0.009 0.012 0.000 0.010 0.004 0.010 0.146 0.809 
 423 L _   0.009 0.012 0.001 0.011 0.004 0.010 0.147 0.806 
 424 D _   0.009 0.012 0.001 0.012 0.004 0.010 0.149 0.804 
 425 I _   0.009 0.011 0.001 0.012 0.004 0.010 0.151 0.803 
 426 R _   0.008 0.010 0.001 0.012 0.004 0.010 0.152 0.802 
 427 E _   0.008 0.009 0.000 0.011 0.004 0.009 0.154 0.803 
 428 H _   0.008 0.008 0.000 0.010 0.004 0.009 0.156 0.804 
 429 Y _   0.008 0.007 0.000 0.009 0.003 0.009 0.158 0.806 
 430 E _   0.007 0.006 0.000 0.008 0.003 0.009 0.160 0.807 
 431 R _   0.007 0.005 0.000 0.006 0.003 0.009 0.161 0.808 
 432 K _   0.008 0.004 0.000 0.005 0.003 0.009 0.162 0.808 
 433 L _   0.008 0.004 0.000 0.005 0.003 0.010 0.163 0.807 
 434 E _   0.010 0.004 0.000 0.004 0.003 0.012 0.164 0.803 
 435 R _   0.012 0.005 0.000 0.004 0.003 0.014 0.164 0.797 
 436 A _   0.015 0.006 0.000 0.005 0.005 0.017 0.164 0.786 
 437 N _   0.020 0.009 0.001 0.007 0.007 0.021 0.164 0.771 
 438 N _   0.026 0.015 0.001 0.010 0.010 0.026 0.164 0.748 
 439 L _   0.032 0.023 0.001 0.014 0.014 0.030 0.164 0.721 
 440 Y _   0.039 0.035 0.001 0.019 0.019 0.034 0.164 0.689 
 441 M _   0.044 0.046 0.002 0.025 0.023 0.037 0.165 0.658 
 442 E _   0.049 0.056 0.002 0.031 0.026 0.039 0.166 0.631 
 443 L _   0.052 0.063 0.002 0.036 0.027 0.039 0.168 0.612 
 444 N _   0.053 0.067 0.002 0.039 0.027 0.038 0.171 0.603 
 445 A _   0.052 0.068 0.002 0.039 0.025 0.036 0.176 0.603 
 446 L _   0.050 0.065 0.002 0.036 0.022 0.032 0.181 0.612 
 447 M _   0.046 0.060 0.001 0.031 0.018 0.028 0.186 0.629 
 448 L _   0.041 0.051 0.001 0.025 0.014 0.025 0.193 0.650 
 449 Q _   0.035 0.040 0.001 0.019 0.010 0.021 0.200 0.674 
 450 L _   0.029 0.029 0.001 0.014 0.007 0.017 0.206 0.697 
 451 E _   0.024 0.019 0.001 0.010 0.005 0.014 0.212 0.716 
 452 L _   0.019 0.013 0.000 0.007 0.004 0.012 0.217 0.728 
 453 K _   0.015 0.009 0.000 0.005 0.003 0.010 0.221 0.736 
 454 E _   0.013 0.007 0.000 0.005 0.002 0.009 0.224 0.740 
 455 R _   0.011 0.006 0.000 0.004 0.002 0.008 0.227 0.741 
 456 E _   0.010 0.006 0.000 0.005 0.002 0.008 0.229 0.740 
 457 L _   0.009 0.006 0.000 0.005 0.002 0.008 0.231 0.738 
 458 L _   0.008 0.007 0.000 0.006 0.002 0.008 0.232 0.736 
 459 R _   0.008 0.007 0.000 0.007 0.003 0.008 0.233 0.734 
 460 R _   0.007 0.008 0.000 0.009 0.003 0.008 0.234 0.731 
 461 E _   0.007 0.010 0.000 0.010 0.003 0.008 0.234 0.728 
 462 Q _   0.007 0.011 0.000 0.011 0.003 0.008 0.235 0.725 
 463 A _   0.007 0.012 0.000 0.011 0.003 0.008 0.236 0.723 
 464 L _   0.007 0.013 0.000 0.012 0.003 0.008 0.237 0.721 
 465 E _   0.006 0.013 0.000 0.012 0.003 0.008 0.238 0.720 
 466 R _   0.006 0.014 0.000 0.011 0.003 0.007 0.239 0.718 
 467 R _   0.006 0.014 0.000 0.011 0.003 0.007 0.241 0.718 
 468 C _   0.006 0.014 0.000 0.010 0.003 0.007 0.242 0.718 
 469 P _   0.006 0.014 0.000 0.009 0.003 0.006 0.244 0.718 
 470 G _   0.005 0.014 0.000 0.008 0.002 0.006 0.245 0.719 
 471 L _   0.005 0.013 0.000 0.007 0.002 0.006 0.246 0.720 
 472 L _   0.005 0.014 0.000 0.006 0.002 0.005 0.247 0.721 
 473 K _   0.005 0.014 0.000 0.005 0.002 0.005 0.247 0.722 
 474 P _   0.004 0.015 0.000 0.005 0.002 0.005 0.247 0.721 
 475 H _   0.004 0.017 0.000 0.005 0.002 0.006 0.246 0.720 
 476 P _   0.004 0.020 0.000 0.006 0.002 0.007 0.245 0.716 
 477 S _   0.005 0.026 0.000 0.008 0.003 0.008 0.243 0.708 
 478 R _   0.005 0.036 0.000 0.010 0.004 0.009 0.241 0.696 
 479 G _   0.005 0.049 0.001 0.014 0.005 0.010 0.238 0.679 
 480 L _   0.006 0.066 0.001 0.018 0.006 0.011 0.235 0.658 
 481 L _   0.006 0.084 0.001 0.023 0.007 0.012 0.231 0.637 
 482 H _   0.006 0.100 0.001 0.027 0.008 0.013 0.229 0.616 
 483 G _   0.006 0.113 0.001 0.031 0.008 0.014 0.227 0.600 
 484 N _   0.006 0.122 0.001 0.034 0.009 0.014 0.226 0.589 
 485 T _   0.006 0.127 0.001 0.034 0.009 0.014 0.226 0.583 
 486 M _   0.007 0.129 0.001 0.034 0.008 0.013 0.227 0.581 
 487 E _   0.007 0.129 0.001 0.032 0.008 0.013 0.229 0.581 
 488 K _   0.007 0.127 0.001 0.030 0.008 0.013 0.232 0.584 
 489 L _   0.007 0.122 0.001 0.027 0.007 0.012 0.235 0.588 
 490 I _   0.007 0.115 0.001 0.024 0.006 0.012 0.240 0.595 
 491 K _   0.008 0.106 0.001 0.022 0.006 0.011 0.244 0.603 
 492 K _   0.008 0.096 0.001 0.019 0.005 0.010 0.250 0.610 
 493 R _   0.008 0.086 0.001 0.017 0.005 0.010 0.256 0.618 
 494 N _   0.008 0.076 0.001 0.015 0.004 0.009 0.262 0.625 
 495 V _   0.008 0.066 0.000 0.013 0.004 0.008 0.268 0.633 
 496 P _   0.007 0.056 0.000 0.011 0.003 0.008 0.273 0.641 
 497 Q _   0.007 0.048 0.000 0.009 0.003 0.007 0.278 0.649 
 498 K _   0.006 0.042 0.000 0.007 0.002 0.006 0.281 0.655 
 499 L _   0.006 0.037 0.000 0.006 0.002 0.005 0.284 0.661 
 500 S _   0.005 0.034 0.000 0.005 0.001 0.005 0.286 0.664 
 501 P _   0.004 0.032 0.000 0.004 0.001 0.005 0.287 0.666 
 502 H _   0.004 0.032 0.000 0.004 0.001 0.005 0.287 0.667 
 503 S _   0.004 0.033 0.000 0.004 0.001 0.005 0.286 0.665 
 504 K _   0.004 0.037 0.000 0.005 0.002 0.006 0.285 0.661 
 505 R _   0.005 0.044 0.000 0.007 0.002 0.007 0.283 0.653 
 506 P _   0.005 0.055 0.000 0.009 0.003 0.008 0.279 0.640 
 507 D _   0.005 0.072 0.001 0.012 0.004 0.009 0.275 0.622 
 508 I _   0.005 0.095 0.001 0.015 0.005 0.010 0.271 0.599 
 509 L _   0.005 0.120 0.001 0.018 0.005 0.011 0.266 0.575 
 510 K _   0.005 0.143 0.001 0.020 0.006 0.011 0.261 0.553 
 511 T _   0.005 0.164 0.001 0.020 0.006 0.011 0.258 0.535 
 512 E _   0.005 0.182 0.001 0.020 0.006 0.011 0.255 0.521 
 513 S _   0.005 0.197 0.001 0.020 0.005 0.011 0.252 0.509 
 514 L _   0.005 0.210 0.001 0.019 0.005 0.011 0.250 0.499 
 515 L _   0.005 0.221 0.001 0.018 0.005 0.012 0.248 0.490 
 516 P _   0.005 0.233 0.001 0.019 0.006 0.012 0.247 0.478 
 517 K _   0.005 0.245 0.001 0.020 0.006 0.012 0.246 0.465 
 518 L _   0.006 0.258 0.001 0.022 0.007 0.013 0.245 0.449 
 519 D _   0.006 0.272 0.001 0.025 0.008 0.013 0.245 0.430 
 520 A _   0.006 0.284 0.001 0.030 0.008 0.014 0.245 0.412 
 521 A _   0.007 0.293 0.001 0.035 0.009 0.014 0.246 0.396 
 522 L _   0.007 0.298 0.001 0.038 0.009 0.014 0.248 0.384 
 523 S _   0.008 0.299 0.001 0.041 0.010 0.013 0.252 0.377 
 524 G _   0.008 0.295 0.001 0.042 0.009 0.013 0.257 0.376 
 525 V _   0.008 0.284 0.001 0.040 0.009 0.012 0.264 0.381 
 526 G _   0.008 0.264 0.001 0.037 0.009 0.012 0.274 0.395 
 527 L _   0.008 0.231 0.001 0.033 0.008 0.011 0.287 0.420 
 528 P _   0.009 0.187 0.001 0.027 0.007 0.010 0.304 0.455 
 529 G _   0.009 0.137 0.001 0.020 0.006 0.009 0.321 0.496 
 530 C _   0.009 0.093 0.001 0.014 0.004 0.008 0.338 0.533 
 531 P _   0.008 0.063 0.000 0.009 0.003 0.007 0.351 0.559 
 532 K _   0.007 0.046 0.000 0.006 0.002 0.006 0.361 0.573 
 533 G _   0.006 0.037 0.000 0.004 0.001 0.005 0.367 0.580 
 534 P _   0.005 0.033 0.000 0.003 0.001 0.004 0.371 0.583 
 535 P _   0.004 0.031 0.000 0.003 0.001 0.004 0.373 0.583 
 536 S _   0.004 0.031 0.000 0.004 0.001 0.005 0.373 0.583 
 537 P _   0.004 0.033 0.000 0.004 0.001 0.005 0.372 0.581 
 538 G _   0.004 0.035 0.000 0.006 0.001 0.005 0.370 0.579 
 539 R _   0.003 0.040 0.000 0.007 0.002 0.006 0.366 0.576 
 540 S _   0.003 0.047 0.000 0.009 0.002 0.007 0.361 0.572 
 541 R _   0.003 0.055 0.000 0.010 0.002 0.007 0.355 0.567 
 542 R _   0.003 0.066 0.000 0.012 0.003 0.007 0.348 0.561 
 543 G _   0.003 0.079 0.000 0.014 0.003 0.008 0.340 0.554 
 544 K _   0.003 0.094 0.000 0.015 0.003 0.008 0.331 0.545 
 545 T _   0.003 0.111 0.001 0.017 0.004 0.008 0.323 0.534 
 546 R _   0.003 0.128 0.001 0.019 0.004 0.009 0.315 0.521 
 547 H _   0.003 0.146 0.001 0.020 0.004 0.009 0.308 0.509 
 548 R _   0.003 0.163 0.001 0.022 0.005 0.009 0.302 0.497 
 549 K _   0.003 0.179 0.001 0.023 0.005 0.009 0.296 0.486 
 550 A _   0.003 0.191 0.001 0.023 0.005 0.008 0.292 0.478 
 551 S _   0.003 0.200 0.001 0.022 0.004 0.008 0.288 0.474 
 552 A _   0.003 0.208 0.000 0.021 0.004 0.008 0.286 0.471 
 553 K _   0.003 0.213 0.000 0.019 0.004 0.008 0.284 0.469 
 554 G _   0.003 0.216 0.000 0.018 0.004 0.008 0.282 0.469 
 555 S _   0.003 0.219 0.000 0.017 0.004 0.008 0.281 0.468 
 556 C _   0.003 0.221 0.000 0.017 0.004 0.008 0.280 0.466 
 557 G _   0.004 0.224 0.000 0.017 0.004 0.008 0.280 0.463 
 558 D _   0.004 0.226 0.000 0.018 0.004 0.009 0.280 0.458 
 559 L _   0.005 0.229 0.001 0.021 0.005 0.010 0.280 0.451 
 560 P _   0.005 0.230 0.001 0.023 0.005 0.010 0.281 0.444 
 561 G _   0.006 0.230 0.001 0.026 0.006 0.010 0.283 0.438 
 562 L _   0.006 0.228 0.001 0.028 0.006 0.010 0.286 0.435 
 563 R _   0.006 0.223 0.001 0.029 0.006 0.010 0.290 0.435 
 564 T _   0.006 0.213 0.001 0.028 0.006 0.010 0.295 0.440 
 565 A _   0.006 0.198 0.001 0.026 0.006 0.009 0.301 0.452 
 566 V _   0.006 0.176 0.001 0.023 0.005 0.009 0.309 0.470 
 567 P _   0.006 0.150 0.001 0.019 0.005 0.008 0.317 0.494 
 568 P _   0.006 0.122 0.001 0.015 0.004 0.007 0.326 0.519 
 569 H _   0.006 0.098 0.000 0.010 0.003 0.006 0.333 0.543 
 570 E _   0.005 0.081 0.000 0.007 0.002 0.006 0.339 0.560 
 571 P _   0.005 0.070 0.000 0.005 0.001 0.005 0.342 0.572 
 572 G _   0.004 0.065 0.000 0.004 0.001 0.004 0.344 0.578 
 573 G _   0.003 0.063 0.000 0.003 0.001 0.004 0.344 0.582 
 574 P _   0.003 0.063 0.000 0.004 0.001 0.004 0.342 0.583 
 575 G _   0.003 0.065 0.000 0.004 0.001 0.005 0.339 0.582 
 576 S _   0.003 0.071 0.000 0.006 0.002 0.006 0.334 0.578 
 577 P _   0.004 0.082 0.000 0.009 0.002 0.007 0.326 0.570 
 578 G _   0.004 0.101 0.000 0.012 0.003 0.009 0.316 0.555 
 579 G _   0.004 0.129 0.001 0.017 0.004 0.010 0.302 0.533 
 580 L _   0.004 0.166 0.001 0.021 0.005 0.011 0.287 0.504 
 581 G _   0.004 0.212 0.001 0.025 0.006 0.012 0.270 0.471 
 582 G _   0.004 0.261 0.001 0.027 0.007 0.012 0.253 0.436 
 583 G _   0.004 0.308 0.001 0.028 0.007 0.012 0.239 0.402 
 584 P _   0.003 0.351 0.001 0.028 0.007 0.011 0.226 0.372 
 585 S E   0.003 0.389 0.001 0.026 0.007 0.011 0.216 0.346 
 586 A E   0.003 0.422 0.001 0.025 0.007 0.011 0.208 0.324 
 587 W E   0.003 0.449 0.001 0.024 0.006 0.010 0.202 0.305 
 588 E E   0.003 0.473 0.001 0.022 0.006 0.010 0.197 0.288 
 589 A E   0.003 0.493 0.001 0.021 0.006 0.010 0.194 0.274 
 590 C E   0.003 0.509 0.001 0.019 0.005 0.009 0.191 0.263 
 591 P E   0.003 0.521 0.001 0.018 0.005 0.009 0.189 0.253 
 592 P E   0.003 0.531 0.001 0.017 0.005 0.009 0.188 0.246 
 593 A E   0.003 0.538 0.001 0.016 0.005 0.009 0.187 0.241 
 594 L E   0.004 0.543 0.001 0.015 0.005 0.009 0.186 0.237 
 595 R E   0.004 0.546 0.000 0.015 0.005 0.009 0.187 0.234 
 596 G E   0.004 0.547 0.001 0.015 0.005 0.010 0.187 0.231 
 597 L E   0.004 0.547 0.001 0.015 0.006 0.010 0.188 0.229 
 598 H E   0.004 0.545 0.001 0.016 0.006 0.010 0.190 0.228 
 599 H E   0.005 0.541 0.001 0.017 0.006 0.010 0.192 0.229 
 600 D E   0.005 0.534 0.001 0.018 0.007 0.010 0.195 0.231 
 601 L E   0.005 0.523 0.001 0.018 0.007 0.010 0.199 0.237 
 602 L E   0.006 0.508 0.001 0.019 0.007 0.010 0.204 0.247 
 603 L E   0.006 0.486 0.001 0.018 0.007 0.010 0.210 0.262 
 604 R E   0.006 0.457 0.001 0.017 0.007 0.010 0.218 0.284 
 605 K E   0.006 0.424 0.001 0.015 0.006 0.010 0.228 0.311 
 606 M E   0.006 0.390 0.001 0.012 0.005 0.010 0.237 0.338 
 607 S E   0.006 0.363 0.001 0.009 0.004 0.010 0.246 0.360 
 608 S _   0.006 0.345 0.000 0.007 0.004 0.010 0.254 0.373 
 609 S _   0.006 0.336 0.000 0.006 0.003 0.011 0.260 0.377 
 610 S _   0.006 0.333 0.000 0.007 0.003 0.011 0.265 0.374 
 611 P _   0.007 0.335 0.000 0.008 0.004 0.012 0.269 0.364 
 612 D _   0.008 0.343 0.001 0.011 0.005 0.014 0.273 0.346 
 613 L E   0.008 0.356 0.001 0.016 0.007 0.014 0.278 0.321 
 614 L E   0.008 0.371 0.001 0.021 0.008 0.015 0.282 0.294 
 615 S E   0.008 0.384 0.001 0.027 0.009 0.015 0.287 0.269 
 616 A E   0.007 0.393 0.001 0.032 0.010 0.015 0.294 0.248 
 617 A E   0.007 0.396 0.001 0.036 0.010 0.015 0.302 0.233 
 618 L E   0.007 0.396 0.001 0.038 0.010 0.015 0.311 0.223 
 619 G E   0.006 0.390 0.001 0.039 0.010 0.014 0.324 0.216 
 620 S E   0.006 0.379 0.001 0.039 0.010 0.014 0.339 0.211 
 621 R E   0.007 0.361 0.001 0.039 0.011 0.014 0.359 0.209 
 622 G X   0.007 0.335 0.001 0.039 0.011 0.014 0.385 0.207 
 623 R X   0.007 0.303 0.002 0.039 0.011 0.014 0.418 0.205 
 624 G X   0.008 0.265 0.002 0.039 0.011 0.014 0.459 0.203 
 625 A X   0.007 0.222 0.002 0.038 0.011 0.014 0.507 0.200 
 626 T X   0.007 0.177 0.002 0.034 0.010 0.013 0.561 0.196 
 627 G X   0.007 0.133 0.001 0.030 0.008 0.012 0.617 0.190 
 628 G X   0.006 0.095 0.001 0.025 0.007 0.011 0.673 0.183 
 629 A X   0.005 0.063 0.001 0.019 0.005 0.009 0.723 0.175 
 630 G X   0.004 0.038 0.001 0.013 0.004 0.007 0.767 0.165 
 631 D X   0.003 0.022 0.000 0.009 0.002 0.005 0.803 0.154 
 632 P X   0.003 0.013 0.000 0.006 0.002 0.004 0.830 0.143 
 633 G X   0.002 0.007 0.000 0.004 0.001 0.003 0.850 0.133 
 634 S X   0.002 0.004 0.000 0.003 0.001 0.002 0.864 0.124 
 635 P X   0.001 0.003 0.000 0.002 0.001 0.002 0.875 0.116 
 636 P X   0.001 0.002 0.000 0.002 0.001 0.002 0.884 0.109 
 637 P X   0.001 0.002 0.000 0.002 0.000 0.002 0.890 0.104 
 638 A X   0.001 0.002 0.000 0.002 0.000 0.002 0.895 0.099 
 639 R X   0.001 0.001 0.000 0.002 0.000 0.002 0.899 0.095 
 640 G X   0.001 0.001 0.000 0.002 0.000 0.002 0.902 0.092 
 641 D X   0.001 0.001 0.000 0.003 0.000 0.002 0.904 0.089 
 642 T X   0.001 0.001 0.000 0.003 0.001 0.002 0.906 0.087 
 643 P X   0.001 0.001 0.000 0.003 0.001 0.002 0.908 0.084 
 644 P X   0.001 0.001 0.000 0.003 0.001 0.002 0.910 0.082 
 645 S X   0.001 0.001 0.000 0.004 0.001 0.002 0.912 0.080 
 646 E X   0.001 0.001 0.000 0.004 0.001 0.002 0.914 0.078 
 647 G X   0.001 0.001 0.000 0.004 0.001 0.002 0.916 0.076 
 648 S X   0.001 0.001 0.000 0.004 0.001 0.002 0.918 0.074 
 649 A X   0.001 0.001 0.000 0.004 0.001 0.002 0.920 0.073 
 650 P X   0.001 0.001 0.000 0.003 0.001 0.001 0.922 0.071 
 651 G X   0.001 0.001 0.000 0.003 0.001 0.001 0.924 0.070 
 652 S X   0.001 0.001 0.000 0.003 0.000 0.001 0.926 0.068 
 653 T X   0.001 0.001 0.000 0.002 0.000 0.001 0.927 0.068 
 654 S X   0.001 0.001 0.000 0.002 0.000 0.001 0.929 0.067 
 655 P X   0.001 0.001 0.000 0.002 0.000 0.001 0.930 0.066 
 656 D X   0.001 0.000 0.000 0.002 0.000 0.001 0.931 0.065 
 657 S X   0.001 0.000 0.000 0.002 0.000 0.001 0.931 0.065 
 658 P X   0.001 0.000 0.000 0.002 0.000 0.001 0.931 0.065 
 659 G X   0.001 0.000 0.000 0.002 0.000 0.001 0.931 0.065 
 660 G X   0.001 0.000 0.000 0.002 0.000 0.001 0.931 0.065 
 661 A X   0.001 0.000 0.000 0.002 0.000 0.001 0.930 0.066 
 662 K X   0.001 0.000 0.000 0.002 0.000 0.001 0.929 0.067 
 663 G X   0.001 0.000 0.000 0.001 0.000 0.001 0.928 0.069 
