#TopoPred_TM8: 8-state transmembrane topology prediction results by no_profile mode 
#probabilities are in the order of H E C I L F X _, the 8 transmembrane topology types used in PDBTM 
   1 M X   0.023 0.003 0.003 0.105 0.016 0.021 0.481 0.348 
   2 A X   0.011 0.003 0.000 0.080 0.004 0.015 0.494 0.393 
   3 A X   0.005 0.003 0.000 0.059 0.002 0.013 0.494 0.424 
   4 A X   0.005 0.004 0.000 0.046 0.002 0.014 0.487 0.442 
   5 A X   0.006 0.005 0.000 0.040 0.003 0.017 0.472 0.457 
   6 A _   0.008 0.008 0.001 0.034 0.005 0.019 0.452 0.473 
   7 A _   0.009 0.011 0.001 0.030 0.005 0.021 0.432 0.490 
   8 G _   0.011 0.016 0.001 0.028 0.006 0.023 0.409 0.507 
   9 A _   0.012 0.022 0.001 0.027 0.007 0.023 0.386 0.522 
  10 G _   0.012 0.029 0.001 0.027 0.008 0.023 0.363 0.536 
  11 P _   0.012 0.036 0.001 0.028 0.010 0.024 0.341 0.549 
  12 E _   0.012 0.044 0.001 0.029 0.011 0.024 0.320 0.559 
  13 M _   0.012 0.051 0.001 0.031 0.012 0.024 0.302 0.568 
  14 V _   0.012 0.057 0.001 0.032 0.012 0.024 0.287 0.576 
  15 R _   0.012 0.061 0.001 0.032 0.012 0.023 0.273 0.585 
  16 G _   0.012 0.065 0.001 0.032 0.012 0.022 0.260 0.595 
  17 Q _   0.012 0.067 0.001 0.032 0.012 0.022 0.249 0.606 
  18 V _   0.011 0.068 0.001 0.030 0.011 0.020 0.239 0.619 
  19 F _   0.011 0.067 0.001 0.028 0.010 0.019 0.231 0.633 
  20 D _   0.010 0.065 0.001 0.024 0.009 0.018 0.223 0.650 
  21 V _   0.010 0.063 0.001 0.020 0.008 0.016 0.216 0.667 
  22 G _   0.009 0.060 0.001 0.016 0.006 0.015 0.209 0.683 
  23 P _   0.009 0.057 0.001 0.013 0.005 0.015 0.203 0.698 
  24 R _   0.008 0.055 0.001 0.010 0.005 0.015 0.196 0.710 
  25 Y _   0.008 0.054 0.001 0.009 0.005 0.015 0.190 0.719 
  26 T _   0.009 0.055 0.001 0.008 0.005 0.016 0.183 0.724 
  27 N _   0.010 0.059 0.001 0.009 0.006 0.018 0.175 0.723 
  28 L _   0.011 0.065 0.001 0.011 0.007 0.020 0.167 0.717 
  29 S _   0.013 0.078 0.001 0.015 0.010 0.024 0.157 0.702 
  30 Y _   0.015 0.097 0.001 0.021 0.014 0.027 0.147 0.679 
  31 I _   0.016 0.123 0.002 0.028 0.018 0.030 0.136 0.647 
  32 G _   0.018 0.154 0.002 0.037 0.022 0.032 0.125 0.611 
  33 E _   0.018 0.181 0.002 0.046 0.025 0.033 0.115 0.580 
  34 G _   0.018 0.201 0.002 0.054 0.027 0.033 0.107 0.558 
  35 A _   0.018 0.214 0.002 0.060 0.027 0.033 0.100 0.546 
  36 Y _   0.019 0.219 0.002 0.062 0.027 0.032 0.096 0.545 
  37 G _   0.018 0.218 0.002 0.061 0.025 0.030 0.092 0.554 
  38 M _   0.018 0.211 0.002 0.056 0.023 0.028 0.090 0.573 
  39 V _   0.017 0.196 0.002 0.049 0.019 0.025 0.088 0.604 
  40 C _   0.016 0.173 0.002 0.039 0.016 0.022 0.087 0.646 
  41 S _   0.014 0.144 0.001 0.029 0.012 0.020 0.086 0.693 
  42 A _   0.013 0.113 0.001 0.021 0.009 0.017 0.086 0.740 
  43 Y _   0.012 0.087 0.001 0.014 0.007 0.016 0.085 0.778 
  44 D _   0.010 0.070 0.001 0.010 0.005 0.014 0.084 0.805 
  45 N _   0.010 0.061 0.001 0.008 0.004 0.014 0.083 0.820 
  46 V _   0.010 0.056 0.000 0.008 0.004 0.014 0.081 0.826 
  47 N _   0.010 0.054 0.001 0.009 0.005 0.014 0.080 0.827 
  48 K _   0.011 0.055 0.001 0.012 0.005 0.015 0.078 0.824 
  49 V _   0.011 0.056 0.001 0.015 0.007 0.016 0.076 0.819 
  50 R _   0.012 0.057 0.001 0.019 0.008 0.017 0.074 0.812 
  51 V _   0.012 0.058 0.001 0.022 0.009 0.018 0.072 0.808 
  52 A _   0.012 0.058 0.001 0.023 0.009 0.018 0.071 0.808 
  53 I _   0.012 0.056 0.001 0.023 0.009 0.018 0.070 0.811 
  54 K _   0.012 0.052 0.001 0.022 0.009 0.018 0.069 0.818 
  55 K _   0.012 0.048 0.001 0.020 0.008 0.017 0.068 0.827 
  56 I _   0.012 0.042 0.001 0.017 0.008 0.017 0.067 0.838 
  57 S _   0.011 0.035 0.001 0.015 0.007 0.016 0.067 0.848 
  58 P _   0.011 0.029 0.001 0.013 0.006 0.016 0.066 0.857 
  59 F _   0.012 0.024 0.001 0.011 0.006 0.016 0.066 0.865 
  60 E _   0.012 0.020 0.001 0.010 0.005 0.017 0.065 0.871 
  61 H _   0.013 0.017 0.001 0.009 0.005 0.017 0.064 0.874 
  62 Q _   0.014 0.015 0.001 0.008 0.005 0.018 0.064 0.876 
  63 T _   0.015 0.013 0.001 0.007 0.006 0.020 0.063 0.876 
  64 Y _   0.017 0.012 0.001 0.007 0.006 0.022 0.062 0.874 
  65 C _   0.020 0.012 0.001 0.007 0.007 0.024 0.061 0.868 
  66 Q _   0.023 0.012 0.001 0.008 0.009 0.027 0.059 0.860 
  67 R _   0.028 0.014 0.001 0.010 0.011 0.031 0.058 0.849 
  68 T _   0.032 0.016 0.001 0.012 0.014 0.034 0.057 0.834 
  69 L _   0.037 0.019 0.001 0.015 0.017 0.038 0.056 0.817 
  70 R _   0.042 0.023 0.001 0.019 0.021 0.041 0.055 0.799 
  71 E _   0.045 0.027 0.002 0.023 0.024 0.042 0.054 0.783 
  72 I _   0.048 0.030 0.002 0.027 0.026 0.043 0.053 0.771 
  73 K _   0.050 0.033 0.002 0.029 0.027 0.043 0.052 0.764 
  74 I _   0.051 0.034 0.002 0.031 0.027 0.041 0.052 0.763 
  75 L _   0.050 0.033 0.002 0.030 0.025 0.039 0.052 0.768 
  76 L _   0.047 0.031 0.002 0.028 0.023 0.036 0.052 0.780 
  77 R _   0.043 0.028 0.001 0.025 0.020 0.033 0.053 0.797 
  78 F _   0.039 0.023 0.001 0.021 0.016 0.029 0.054 0.817 
  79 R _   0.035 0.018 0.001 0.016 0.013 0.026 0.054 0.837 
  80 H _   0.031 0.013 0.001 0.013 0.010 0.023 0.055 0.855 
  81 E _   0.027 0.009 0.001 0.010 0.008 0.020 0.056 0.870 
  82 N _   0.024 0.006 0.001 0.008 0.006 0.018 0.056 0.881 
  83 I _   0.022 0.005 0.001 0.007 0.005 0.016 0.057 0.888 
  84 I _   0.020 0.004 0.001 0.006 0.005 0.015 0.057 0.893 
  85 G _   0.019 0.003 0.001 0.006 0.005 0.015 0.057 0.895 
  86 I _   0.019 0.003 0.001 0.006 0.005 0.015 0.057 0.895 
  87 N _   0.019 0.003 0.001 0.007 0.005 0.015 0.057 0.893 
  88 D _   0.019 0.004 0.001 0.008 0.006 0.016 0.057 0.890 
  89 I _   0.019 0.004 0.001 0.009 0.006 0.017 0.057 0.887 
  90 I _   0.020 0.005 0.001 0.010 0.007 0.017 0.056 0.884 
  91 R _   0.020 0.006 0.001 0.011 0.007 0.018 0.056 0.881 
  92 A _   0.020 0.007 0.001 0.012 0.008 0.018 0.056 0.879 
  93 P _   0.019 0.008 0.001 0.012 0.008 0.018 0.056 0.878 
  94 T _   0.019 0.009 0.001 0.012 0.008 0.018 0.056 0.878 
  95 I _   0.018 0.010 0.001 0.012 0.008 0.018 0.055 0.878 
  96 E _   0.017 0.011 0.001 0.011 0.007 0.018 0.055 0.879 
  97 Q _   0.017 0.012 0.001 0.011 0.007 0.018 0.055 0.880 
  98 M _   0.017 0.013 0.001 0.010 0.007 0.018 0.055 0.880 
  99 K _   0.017 0.014 0.001 0.010 0.007 0.018 0.055 0.878 
 100 D _   0.016 0.015 0.001 0.011 0.007 0.018 0.055 0.876 
 101 V _   0.016 0.017 0.001 0.012 0.008 0.019 0.055 0.872 
 102 Y _   0.017 0.020 0.001 0.014 0.008 0.019 0.055 0.866 
 103 I _   0.017 0.023 0.001 0.015 0.009 0.020 0.055 0.860 
 104 V _   0.018 0.025 0.001 0.017 0.009 0.020 0.055 0.855 
 105 Q _   0.018 0.027 0.001 0.019 0.010 0.020 0.056 0.850 
 106 D _   0.017 0.028 0.001 0.019 0.010 0.020 0.056 0.849 
 107 L _   0.016 0.029 0.001 0.020 0.010 0.020 0.056 0.849 
 108 M _   0.016 0.029 0.001 0.019 0.009 0.019 0.057 0.850 
 109 E _   0.015 0.028 0.001 0.019 0.009 0.018 0.057 0.853 
 110 T _   0.015 0.027 0.001 0.018 0.008 0.018 0.058 0.856 
 111 D _   0.014 0.025 0.001 0.017 0.008 0.017 0.059 0.859 
 112 L _   0.014 0.023 0.001 0.017 0.007 0.016 0.060 0.862 
 113 Y _   0.013 0.021 0.001 0.016 0.007 0.015 0.061 0.866 
 114 K _   0.013 0.019 0.001 0.016 0.006 0.015 0.062 0.869 
 115 L _   0.013 0.016 0.001 0.014 0.006 0.014 0.063 0.874 
 116 L _   0.012 0.013 0.001 0.013 0.005 0.013 0.064 0.880 
 117 K _   0.012 0.009 0.001 0.010 0.004 0.012 0.065 0.887 
 118 T _   0.011 0.006 0.000 0.008 0.004 0.011 0.065 0.895 
 119 Q _   0.011 0.004 0.000 0.006 0.003 0.011 0.066 0.900 
 120 H _   0.012 0.002 0.000 0.004 0.003 0.011 0.066 0.902 
 121 L _   0.013 0.001 0.000 0.003 0.002 0.012 0.066 0.902 
 122 S _   0.017 0.001 0.000 0.002 0.003 0.015 0.065 0.897 
 123 N _   0.024 0.001 0.000 0.002 0.004 0.019 0.064 0.885 
 124 D _   0.035 0.001 0.001 0.003 0.006 0.025 0.063 0.866 
 125 H _   0.051 0.003 0.001 0.005 0.011 0.034 0.062 0.834 
 126 I _   0.069 0.009 0.001 0.009 0.019 0.044 0.060 0.789 
 127 C _   0.087 0.020 0.002 0.015 0.029 0.054 0.058 0.734 
 128 Y _   0.102 0.038 0.002 0.023 0.040 0.062 0.056 0.675 
 129 F _   0.113 0.056 0.003 0.032 0.049 0.067 0.055 0.625 
 130 L _   0.118 0.071 0.003 0.040 0.054 0.069 0.054 0.592 
 131 Y _   0.119 0.081 0.003 0.045 0.055 0.068 0.054 0.575 
 132 Q _   0.117 0.085 0.003 0.047 0.054 0.066 0.054 0.576 
 133 I _   0.111 0.085 0.003 0.045 0.050 0.062 0.055 0.589 
 134 L _   0.104 0.081 0.002 0.040 0.044 0.057 0.056 0.616 
 135 R _   0.093 0.074 0.002 0.033 0.037 0.051 0.058 0.652 
 136 G _   0.082 0.063 0.002 0.027 0.029 0.045 0.059 0.692 
 137 L _   0.070 0.052 0.002 0.021 0.022 0.040 0.061 0.732 
 138 K _   0.058 0.042 0.001 0.017 0.017 0.034 0.063 0.768 
 139 Y _   0.048 0.034 0.001 0.014 0.013 0.030 0.065 0.796 
 140 I _   0.038 0.028 0.001 0.013 0.010 0.026 0.067 0.817 
 141 H _   0.031 0.024 0.001 0.012 0.008 0.022 0.068 0.833 
 142 S _   0.025 0.021 0.001 0.012 0.007 0.019 0.070 0.845 
 143 A _   0.021 0.018 0.001 0.012 0.006 0.017 0.071 0.854 
 144 N _   0.017 0.016 0.001 0.012 0.005 0.015 0.072 0.862 
 145 V _   0.015 0.014 0.001 0.011 0.005 0.013 0.073 0.870 
 146 L _   0.012 0.011 0.001 0.009 0.004 0.011 0.074 0.877 
 147 H _   0.011 0.009 0.000 0.008 0.003 0.010 0.074 0.884 
 148 R _   0.010 0.008 0.000 0.007 0.003 0.009 0.074 0.889 
 149 D _   0.009 0.007 0.000 0.006 0.003 0.009 0.074 0.893 
 150 L _   0.008 0.006 0.000 0.005 0.002 0.009 0.074 0.895 
 151 K _   0.008 0.006 0.000 0.005 0.003 0.009 0.074 0.896 
 152 P _   0.008 0.006 0.000 0.005 0.003 0.010 0.073 0.894 
 153 S _   0.009 0.008 0.000 0.007 0.003 0.011 0.073 0.889 
 154 N _   0.010 0.010 0.000 0.008 0.004 0.013 0.072 0.882 
 155 L _   0.011 0.014 0.001 0.011 0.005 0.015 0.071 0.874 
 156 L _   0.012 0.018 0.001 0.013 0.006 0.016 0.070 0.865 
 157 L _   0.013 0.021 0.001 0.014 0.007 0.018 0.068 0.858 
 158 N _   0.013 0.025 0.001 0.015 0.008 0.019 0.067 0.851 
 159 T _   0.014 0.028 0.001 0.015 0.008 0.021 0.066 0.847 
 160 T _   0.015 0.031 0.001 0.015 0.009 0.022 0.065 0.843 
 161 C _   0.017 0.034 0.001 0.015 0.009 0.024 0.064 0.837 
 162 D _   0.019 0.038 0.001 0.015 0.010 0.025 0.063 0.829 
 163 L _   0.022 0.043 0.001 0.017 0.012 0.027 0.062 0.816 
 164 K _   0.025 0.050 0.001 0.021 0.015 0.029 0.061 0.799 
 165 I _   0.027 0.058 0.001 0.027 0.017 0.031 0.060 0.779 
 166 C _   0.029 0.067 0.001 0.035 0.020 0.031 0.059 0.758 
 167 D _   0.030 0.074 0.002 0.043 0.021 0.031 0.059 0.741 
 168 F _   0.030 0.078 0.002 0.049 0.021 0.030 0.059 0.732 
 169 G _   0.029 0.078 0.002 0.050 0.020 0.028 0.059 0.734 
 170 L _   0.027 0.075 0.001 0.048 0.017 0.025 0.061 0.746 
 171 A _   0.024 0.067 0.001 0.041 0.014 0.022 0.062 0.770 
 172 R _   0.021 0.053 0.001 0.031 0.010 0.018 0.064 0.802 
 173 V _   0.017 0.036 0.001 0.020 0.007 0.015 0.065 0.839 
 174 A _   0.014 0.020 0.001 0.012 0.004 0.012 0.066 0.872 
 175 D _   0.011 0.009 0.000 0.006 0.003 0.010 0.067 0.895 
 176 P _   0.009 0.004 0.000 0.003 0.002 0.008 0.066 0.908 
 177 D _   0.007 0.002 0.000 0.002 0.001 0.008 0.066 0.913 
 178 H _   0.008 0.002 0.000 0.002 0.002 0.010 0.064 0.912 
 179 D _   0.011 0.003 0.000 0.002 0.002 0.014 0.063 0.904 
 180 H _   0.016 0.007 0.000 0.005 0.005 0.020 0.061 0.886 
 181 T _   0.023 0.021 0.001 0.010 0.010 0.029 0.057 0.849 
 182 G _   0.030 0.057 0.002 0.020 0.019 0.038 0.052 0.783 
 183 F _   0.034 0.117 0.002 0.033 0.027 0.045 0.047 0.695 
 184 L _   0.035 0.178 0.003 0.046 0.034 0.049 0.041 0.614 
 185 T _   0.036 0.226 0.003 0.056 0.037 0.051 0.037 0.555 
 186 E _   0.036 0.255 0.002 0.062 0.039 0.051 0.034 0.522 
 187 Y _   0.036 0.270 0.002 0.064 0.039 0.050 0.031 0.507 
 188 V _   0.036 0.277 0.002 0.062 0.039 0.049 0.030 0.506 
 189 A _   0.035 0.275 0.002 0.058 0.037 0.047 0.028 0.517 
 190 T _   0.035 0.267 0.002 0.052 0.034 0.044 0.028 0.538 
 191 R _   0.034 0.254 0.002 0.045 0.031 0.041 0.027 0.566 
 192 W _   0.032 0.234 0.002 0.040 0.027 0.038 0.027 0.600 
 193 Y _   0.030 0.209 0.002 0.035 0.023 0.035 0.027 0.639 
 194 R _   0.028 0.183 0.002 0.031 0.020 0.031 0.027 0.678 
 195 A _   0.026 0.156 0.001 0.028 0.016 0.028 0.027 0.717 
 196 P _   0.024 0.130 0.001 0.025 0.014 0.025 0.027 0.754 
 197 E _   0.022 0.105 0.001 0.022 0.011 0.022 0.028 0.788 
 198 I _   0.021 0.080 0.001 0.019 0.009 0.019 0.028 0.822 
 199 M _   0.021 0.057 0.001 0.016 0.008 0.017 0.027 0.853 
 200 L _   0.022 0.037 0.001 0.012 0.006 0.015 0.027 0.880 
 201 N _   0.024 0.021 0.001 0.009 0.005 0.013 0.027 0.902 
 202 S _   0.027 0.010 0.001 0.006 0.004 0.011 0.026 0.916 
 203 K _   0.035 0.004 0.000 0.004 0.003 0.010 0.025 0.920 
 204 G _   0.047 0.001 0.000 0.002 0.003 0.009 0.023 0.913 
 205 Y _   0.070 0.000 0.000 0.002 0.003 0.009 0.022 0.893 
 206 T _   0.110 0.000 0.000 0.001 0.004 0.010 0.020 0.855 
 207 K _   0.173 0.000 0.001 0.001 0.005 0.012 0.017 0.791 
 208 S _   0.268 0.000 0.001 0.001 0.007 0.014 0.015 0.695 
 209 I _   0.390 0.000 0.001 0.001 0.010 0.016 0.012 0.570 
 210 D H   0.515 0.000 0.001 0.001 0.014 0.019 0.010 0.440 
 211 I H   0.626 0.000 0.001 0.001 0.019 0.020 0.008 0.324 
 212 W H   0.709 0.000 0.001 0.001 0.023 0.020 0.007 0.238 
 213 S H   0.762 0.000 0.001 0.001 0.026 0.020 0.007 0.182 
 214 V H   0.793 0.000 0.001 0.002 0.028 0.019 0.007 0.150 
 215 G H   0.807 0.000 0.002 0.002 0.030 0.018 0.007 0.135 
 216 C H   0.806 0.000 0.002 0.003 0.030 0.017 0.008 0.135 
 217 I H   0.788 0.000 0.002 0.003 0.030 0.016 0.009 0.151 
 218 L H   0.753 0.000 0.002 0.003 0.029 0.016 0.011 0.186 
 219 A H   0.695 0.000 0.002 0.003 0.026 0.016 0.013 0.245 
 220 E H   0.609 0.000 0.002 0.003 0.022 0.015 0.017 0.331 
 221 M H   0.502 0.000 0.002 0.003 0.017 0.014 0.022 0.439 
 222 L _   0.387 0.000 0.001 0.003 0.012 0.013 0.028 0.555 
 223 S _   0.280 0.000 0.001 0.003 0.008 0.012 0.034 0.663 
 224 N _   0.193 0.000 0.001 0.003 0.006 0.011 0.039 0.748 
 225 R _   0.128 0.000 0.001 0.003 0.004 0.010 0.044 0.811 
 226 P _   0.084 0.000 0.000 0.003 0.003 0.009 0.048 0.852 
 227 I _   0.056 0.000 0.000 0.003 0.003 0.009 0.051 0.878 
 228 F _   0.038 0.000 0.000 0.003 0.003 0.009 0.053 0.894 
 229 P _   0.028 0.000 0.000 0.003 0.002 0.010 0.055 0.902 
 230 G _   0.022 0.001 0.000 0.003 0.003 0.011 0.056 0.905 
 231 K _   0.019 0.001 0.000 0.004 0.003 0.013 0.057 0.903 
 232 H _   0.019 0.003 0.000 0.005 0.004 0.015 0.057 0.898 
 233 Y _   0.020 0.006 0.001 0.006 0.005 0.019 0.057 0.886 
 234 L _   0.023 0.013 0.001 0.009 0.008 0.023 0.057 0.866 
 235 D _   0.026 0.026 0.001 0.014 0.013 0.028 0.057 0.835 
 236 Q _   0.030 0.048 0.001 0.022 0.018 0.033 0.057 0.792 
 237 L _   0.032 0.075 0.002 0.032 0.023 0.037 0.056 0.742 
 238 N _   0.034 0.102 0.002 0.043 0.027 0.039 0.056 0.696 
 239 H _   0.034 0.123 0.002 0.054 0.029 0.039 0.057 0.662 
 240 I _   0.034 0.135 0.002 0.061 0.030 0.038 0.058 0.643 
 241 L _   0.032 0.140 0.002 0.064 0.028 0.036 0.059 0.639 
 242 G _   0.030 0.139 0.002 0.060 0.025 0.034 0.062 0.648 
 243 I _   0.028 0.131 0.002 0.052 0.022 0.030 0.064 0.670 
 244 L _   0.025 0.117 0.002 0.041 0.017 0.027 0.068 0.704 
 245 G _   0.022 0.096 0.001 0.029 0.013 0.023 0.071 0.745 
 246 S _   0.019 0.075 0.001 0.018 0.009 0.020 0.075 0.784 
 247 P _   0.016 0.058 0.001 0.011 0.006 0.018 0.077 0.813 
 248 S _   0.014 0.049 0.000 0.007 0.004 0.016 0.079 0.830 
 249 Q _   0.012 0.046 0.000 0.005 0.003 0.015 0.081 0.837 
 250 E _   0.012 0.046 0.000 0.005 0.004 0.016 0.082 0.835 
 251 D _   0.012 0.049 0.001 0.007 0.005 0.017 0.083 0.826 
 252 L _   0.014 0.058 0.001 0.011 0.006 0.019 0.084 0.807 
 253 N _   0.015 0.075 0.001 0.017 0.009 0.021 0.084 0.779 
 254 C _   0.016 0.098 0.001 0.024 0.011 0.023 0.084 0.742 
 255 I _   0.016 0.122 0.001 0.033 0.014 0.025 0.084 0.705 
 256 I _   0.016 0.142 0.001 0.041 0.016 0.025 0.085 0.674 
 257 N _   0.017 0.155 0.001 0.047 0.017 0.025 0.086 0.652 
 258 L _   0.017 0.162 0.001 0.050 0.017 0.025 0.088 0.640 
 259 K _   0.017 0.164 0.001 0.051 0.017 0.024 0.090 0.636 
 260 A _   0.016 0.162 0.001 0.049 0.016 0.023 0.094 0.638 
 261 R _   0.016 0.155 0.001 0.046 0.014 0.021 0.098 0.648 
 262 N _   0.015 0.143 0.001 0.040 0.012 0.019 0.104 0.665 
 263 Y _   0.015 0.126 0.001 0.034 0.010 0.017 0.110 0.687 
 264 L _   0.014 0.104 0.001 0.026 0.008 0.015 0.117 0.715 
 265 L _   0.013 0.080 0.001 0.020 0.006 0.013 0.124 0.743 
 266 S _   0.011 0.058 0.001 0.014 0.005 0.011 0.130 0.770 
 267 L _   0.010 0.041 0.000 0.009 0.003 0.009 0.135 0.791 
 268 P _   0.008 0.030 0.000 0.007 0.003 0.008 0.139 0.804 
 269 H _   0.007 0.024 0.000 0.005 0.002 0.007 0.142 0.811 
 270 K _   0.007 0.021 0.000 0.005 0.002 0.007 0.145 0.814 
 271 N _   0.006 0.021 0.000 0.005 0.002 0.007 0.147 0.812 
 272 K _   0.006 0.021 0.000 0.006 0.002 0.008 0.148 0.808 
 273 V _   0.007 0.023 0.000 0.008 0.003 0.008 0.149 0.802 
 274 P _   0.007 0.026 0.000 0.011 0.003 0.009 0.150 0.793 
 275 W _   0.007 0.029 0.000 0.014 0.004 0.009 0.151 0.785 
 276 N _   0.007 0.032 0.001 0.016 0.004 0.010 0.152 0.779 
 277 R _   0.006 0.034 0.001 0.017 0.004 0.009 0.153 0.775 
 278 L _   0.006 0.035 0.001 0.017 0.004 0.009 0.154 0.775 
 279 F _   0.006 0.036 0.000 0.015 0.004 0.008 0.155 0.776 
 280 P _   0.005 0.035 0.000 0.012 0.003 0.008 0.157 0.779 
 281 N _   0.005 0.035 0.000 0.010 0.003 0.007 0.158 0.781 
 282 A _   0.005 0.035 0.000 0.008 0.003 0.007 0.159 0.783 
 283 D _   0.005 0.036 0.000 0.007 0.002 0.007 0.160 0.782 
 284 S _   0.005 0.037 0.000 0.008 0.003 0.008 0.161 0.778 
 285 K _   0.005 0.041 0.000 0.009 0.003 0.009 0.162 0.771 
 286 A _   0.006 0.046 0.000 0.011 0.004 0.010 0.162 0.760 
 287 L _   0.006 0.054 0.001 0.015 0.005 0.011 0.162 0.746 
 288 D _   0.007 0.063 0.001 0.019 0.006 0.012 0.163 0.730 
 289 L _   0.007 0.071 0.001 0.023 0.007 0.013 0.163 0.715 
 290 L _   0.008 0.077 0.001 0.027 0.007 0.014 0.164 0.703 
 291 D _   0.008 0.080 0.001 0.028 0.008 0.014 0.166 0.696 
 292 K _   0.008 0.081 0.001 0.027 0.007 0.013 0.168 0.694 
 293 M _   0.008 0.080 0.001 0.024 0.007 0.013 0.171 0.697 
 294 L _   0.008 0.077 0.001 0.020 0.006 0.012 0.174 0.702 
 295 T _   0.008 0.072 0.001 0.016 0.005 0.011 0.178 0.710 
 296 F _   0.007 0.067 0.001 0.012 0.004 0.011 0.181 0.716 
 297 N _   0.007 0.064 0.000 0.009 0.004 0.011 0.185 0.720 
 298 P _   0.008 0.062 0.000 0.007 0.003 0.011 0.188 0.720 
 299 H _   0.008 0.062 0.000 0.007 0.003 0.012 0.191 0.716 
 300 K _   0.009 0.065 0.000 0.007 0.004 0.013 0.194 0.707 
 301 R _   0.010 0.072 0.001 0.010 0.005 0.015 0.196 0.692 
 302 I _   0.012 0.084 0.001 0.014 0.007 0.017 0.197 0.669 
 303 E _   0.012 0.103 0.001 0.020 0.009 0.019 0.199 0.638 
 304 V _   0.013 0.126 0.001 0.027 0.011 0.021 0.200 0.601 
 305 E _   0.013 0.149 0.001 0.035 0.013 0.021 0.202 0.565 
 306 Q _   0.013 0.167 0.001 0.043 0.014 0.022 0.204 0.536 
 307 A _   0.013 0.178 0.001 0.049 0.015 0.021 0.208 0.516 
 308 L _   0.012 0.183 0.001 0.053 0.015 0.020 0.213 0.503 
 309 A _   0.012 0.183 0.001 0.053 0.014 0.019 0.219 0.498 
 310 H _   0.011 0.179 0.001 0.051 0.013 0.018 0.228 0.500 
 311 P _   0.011 0.168 0.001 0.047 0.011 0.016 0.238 0.509 
 312 Y _   0.010 0.150 0.001 0.040 0.010 0.014 0.250 0.525 
 313 L _   0.010 0.124 0.001 0.031 0.008 0.012 0.265 0.549 
 314 E _   0.009 0.093 0.001 0.022 0.006 0.010 0.280 0.578 
 315 Q _   0.008 0.063 0.001 0.015 0.004 0.008 0.295 0.606 
 316 Y _   0.007 0.041 0.000 0.009 0.003 0.007 0.306 0.628 
 317 Y _   0.005 0.028 0.000 0.005 0.002 0.005 0.314 0.641 
 318 D _   0.004 0.022 0.000 0.003 0.001 0.004 0.319 0.646 
 319 P _   0.004 0.019 0.000 0.003 0.001 0.004 0.323 0.647 
 320 S _   0.003 0.019 0.000 0.003 0.001 0.005 0.325 0.644 
 321 D _   0.004 0.021 0.000 0.004 0.001 0.006 0.326 0.638 
 322 E _   0.004 0.027 0.000 0.007 0.002 0.007 0.326 0.626 
 323 P _   0.005 0.038 0.000 0.012 0.003 0.009 0.325 0.607 
 324 I _   0.006 0.055 0.001 0.021 0.005 0.011 0.322 0.579 
 325 A _   0.006 0.076 0.001 0.030 0.007 0.013 0.320 0.547 
 326 E _   0.006 0.094 0.001 0.039 0.008 0.014 0.319 0.520 
 327 A _   0.006 0.105 0.001 0.046 0.008 0.014 0.319 0.501 
 328 P _   0.006 0.111 0.001 0.049 0.009 0.014 0.320 0.491 
 329 F _   0.006 0.113 0.001 0.048 0.008 0.013 0.324 0.488 
 330 K _   0.006 0.110 0.001 0.044 0.008 0.012 0.329 0.491 
 331 F _   0.005 0.104 0.001 0.037 0.007 0.011 0.336 0.499 
 332 D _   0.005 0.093 0.001 0.029 0.005 0.010 0.345 0.513 
 333 M _   0.005 0.079 0.001 0.020 0.004 0.008 0.354 0.529 
 334 E _   0.005 0.065 0.000 0.013 0.003 0.007 0.363 0.544 
 335 L _   0.004 0.054 0.000 0.008 0.002 0.006 0.370 0.555 
 336 D _   0.004 0.048 0.000 0.005 0.001 0.005 0.375 0.562 
 337 D _   0.004 0.045 0.000 0.003 0.001 0.005 0.378 0.564 
 338 L _   0.003 0.044 0.000 0.003 0.001 0.006 0.380 0.563 
 339 P _   0.004 0.046 0.000 0.004 0.001 0.007 0.381 0.557 
 340 K _   0.005 0.053 0.000 0.006 0.002 0.009 0.380 0.546 
 341 E _   0.006 0.069 0.000 0.010 0.004 0.011 0.378 0.522 
 342 K _   0.007 0.101 0.001 0.016 0.006 0.014 0.373 0.481 
 343 L _   0.008 0.154 0.001 0.025 0.009 0.017 0.367 0.419 
 344 K X   0.008 0.220 0.001 0.034 0.011 0.018 0.361 0.346 
 345 E X   0.007 0.280 0.001 0.043 0.013 0.018 0.356 0.282 
 346 L X   0.006 0.325 0.001 0.049 0.013 0.018 0.353 0.234 
 347 I E   0.006 0.353 0.001 0.054 0.013 0.018 0.352 0.203 
 348 F E   0.006 0.367 0.001 0.058 0.013 0.017 0.354 0.185 
 349 E E   0.006 0.374 0.001 0.059 0.013 0.017 0.357 0.174 
 350 E E   0.006 0.374 0.001 0.059 0.012 0.016 0.364 0.169 
 351 T X   0.006 0.367 0.001 0.056 0.012 0.015 0.372 0.171 
 352 A X   0.006 0.352 0.001 0.052 0.012 0.014 0.385 0.180 
 353 R X   0.006 0.324 0.001 0.046 0.011 0.012 0.402 0.198 
 354 F X   0.006 0.285 0.001 0.038 0.010 0.011 0.425 0.225 
 355 Q X   0.005 0.229 0.001 0.030 0.008 0.008 0.455 0.264 
 356 P X   0.003 0.160 0.001 0.021 0.005 0.005 0.491 0.315 
 357 G X   0.001 0.088 0.000 0.010 0.001 0.002 0.522 0.374 
 358 Y X   0.000 0.047 0.000 0.004 0.000 0.001 0.533 0.415 
 359 R X   0.000 0.035 0.000 0.004 0.000 0.001 0.533 0.427 
 360 S X   0.002 0.031 0.001 0.010 0.002 0.002 0.524 0.426 
