#TopoPred_TM8: 8-state transmembrane topology prediction results by no_profile mode 
#probabilities are in the order of H E C I L F X _, the 8 transmembrane topology types used in PDBTM 
   1 M X   0.008 0.001 0.002 0.043 0.007 0.007 0.863 0.071 
   2 S X   0.003 0.000 0.000 0.023 0.001 0.003 0.888 0.081 
   3 Q X   0.001 0.000 0.000 0.011 0.000 0.001 0.895 0.090 
   4 S X   0.001 0.000 0.000 0.007 0.000 0.001 0.895 0.096 
   5 K X   0.001 0.000 0.000 0.005 0.000 0.002 0.892 0.100 
   6 G X   0.001 0.001 0.000 0.004 0.000 0.002 0.887 0.105 
   7 K X   0.001 0.001 0.000 0.004 0.001 0.002 0.880 0.110 
   8 K X   0.001 0.002 0.000 0.004 0.001 0.003 0.870 0.118 
   9 R X   0.001 0.004 0.000 0.006 0.001 0.004 0.857 0.128 
  10 N X   0.002 0.007 0.000 0.007 0.001 0.005 0.839 0.139 
  11 P X   0.002 0.011 0.000 0.010 0.002 0.006 0.818 0.152 
  12 G X   0.002 0.017 0.000 0.013 0.003 0.007 0.794 0.164 
  13 L X   0.002 0.025 0.001 0.017 0.003 0.008 0.767 0.176 
  14 K X   0.002 0.035 0.001 0.022 0.004 0.009 0.740 0.187 
  15 I X   0.003 0.045 0.001 0.026 0.005 0.010 0.714 0.197 
  16 P X   0.003 0.054 0.001 0.030 0.006 0.011 0.691 0.205 
  17 K X   0.003 0.061 0.001 0.034 0.006 0.011 0.670 0.213 
  18 E X   0.003 0.066 0.001 0.037 0.006 0.011 0.654 0.222 
  19 A X   0.003 0.069 0.001 0.038 0.006 0.011 0.640 0.232 
  20 F X   0.004 0.070 0.001 0.037 0.006 0.011 0.630 0.243 
  21 E X   0.004 0.069 0.001 0.034 0.006 0.010 0.621 0.257 
  22 Q X   0.004 0.065 0.001 0.029 0.005 0.009 0.615 0.273 
  23 P X   0.004 0.059 0.000 0.024 0.004 0.008 0.609 0.292 
  24 Q X   0.004 0.051 0.000 0.018 0.003 0.007 0.605 0.312 
  25 T X   0.004 0.041 0.000 0.013 0.003 0.006 0.600 0.333 
  26 S X   0.003 0.032 0.000 0.009 0.002 0.005 0.596 0.353 
  27 S X   0.003 0.025 0.000 0.006 0.001 0.004 0.590 0.369 
  28 T X   0.003 0.021 0.000 0.004 0.001 0.004 0.584 0.383 
  29 P X   0.003 0.018 0.000 0.003 0.001 0.004 0.576 0.395 
  30 P X   0.002 0.018 0.000 0.003 0.001 0.004 0.565 0.406 
  31 R X   0.003 0.018 0.000 0.003 0.001 0.005 0.553 0.417 
  32 D X   0.003 0.021 0.000 0.005 0.002 0.007 0.536 0.426 
  33 L X   0.004 0.027 0.000 0.008 0.003 0.009 0.515 0.432 
  34 D X   0.005 0.042 0.001 0.015 0.006 0.013 0.488 0.432 
  35 S X   0.006 0.069 0.001 0.025 0.009 0.016 0.453 0.422 
  36 K X   0.007 0.108 0.002 0.037 0.012 0.019 0.413 0.402 
  37 A _   0.007 0.151 0.002 0.050 0.015 0.020 0.375 0.381 
  38 C _   0.007 0.187 0.002 0.061 0.016 0.021 0.343 0.364 
  39 I _   0.007 0.210 0.002 0.069 0.016 0.020 0.320 0.357 
  40 S _   0.007 0.223 0.001 0.072 0.015 0.020 0.303 0.360 
  41 I _   0.007 0.229 0.001 0.071 0.014 0.019 0.290 0.370 
  42 G _   0.007 0.228 0.001 0.066 0.013 0.017 0.280 0.387 
  43 N _   0.007 0.222 0.001 0.057 0.011 0.016 0.273 0.413 
  44 Q _   0.007 0.208 0.001 0.047 0.010 0.014 0.267 0.447 
  45 N _   0.007 0.186 0.001 0.035 0.008 0.013 0.263 0.488 
  46 F _   0.007 0.159 0.001 0.025 0.006 0.011 0.259 0.532 
  47 E _   0.007 0.134 0.001 0.016 0.004 0.010 0.255 0.573 
  48 V _   0.006 0.115 0.000 0.010 0.003 0.009 0.251 0.605 
  49 K _   0.005 0.104 0.000 0.007 0.002 0.008 0.246 0.627 
  50 A _   0.005 0.099 0.000 0.005 0.002 0.008 0.240 0.641 
  51 D _   0.005 0.097 0.000 0.005 0.002 0.008 0.233 0.649 
  52 D _   0.005 0.100 0.000 0.006 0.002 0.009 0.224 0.652 
  53 L _   0.006 0.108 0.000 0.008 0.003 0.011 0.214 0.649 
  54 E _   0.007 0.123 0.001 0.012 0.005 0.013 0.200 0.638 
  55 P _   0.008 0.149 0.001 0.017 0.007 0.016 0.184 0.618 
  56 I _   0.008 0.183 0.001 0.023 0.009 0.017 0.167 0.591 
  57 M _   0.008 0.222 0.001 0.028 0.011 0.019 0.149 0.561 
  58 E _   0.009 0.258 0.001 0.032 0.012 0.020 0.134 0.534 
  59 L _   0.009 0.287 0.001 0.035 0.013 0.020 0.121 0.515 
  60 G _   0.009 0.307 0.001 0.036 0.013 0.020 0.111 0.503 
  61 R _   0.009 0.321 0.001 0.036 0.013 0.021 0.103 0.497 
  62 G _   0.009 0.329 0.001 0.035 0.013 0.020 0.096 0.496 
  63 A _   0.009 0.333 0.001 0.034 0.013 0.020 0.090 0.500 
  64 Y _   0.010 0.333 0.001 0.032 0.012 0.020 0.086 0.506 
  65 G _   0.010 0.330 0.001 0.029 0.011 0.020 0.082 0.516 
  66 V _   0.010 0.323 0.001 0.026 0.011 0.019 0.079 0.530 
  67 V _   0.011 0.314 0.001 0.023 0.010 0.018 0.076 0.547 
  68 E _   0.011 0.302 0.001 0.020 0.009 0.018 0.074 0.566 
  69 K _   0.011 0.289 0.001 0.016 0.008 0.018 0.071 0.586 
  70 M _   0.011 0.277 0.001 0.013 0.007 0.018 0.069 0.603 
  71 R _   0.012 0.266 0.001 0.011 0.007 0.018 0.067 0.618 
  72 H _   0.012 0.258 0.001 0.010 0.007 0.019 0.065 0.628 
  73 V _   0.013 0.255 0.001 0.010 0.007 0.020 0.062 0.632 
  74 P _   0.014 0.255 0.001 0.011 0.008 0.021 0.060 0.630 
  75 S _   0.016 0.258 0.001 0.013 0.009 0.023 0.058 0.622 
  76 G _   0.018 0.265 0.001 0.016 0.011 0.024 0.055 0.609 
  77 Q _   0.019 0.273 0.001 0.021 0.013 0.025 0.052 0.595 
  78 I _   0.020 0.280 0.001 0.025 0.015 0.026 0.050 0.582 
  79 M _   0.021 0.286 0.001 0.030 0.016 0.026 0.048 0.572 
  80 A _   0.021 0.287 0.001 0.033 0.017 0.026 0.047 0.569 
  81 V _   0.021 0.284 0.001 0.035 0.017 0.025 0.045 0.573 
  82 K _   0.020 0.276 0.001 0.034 0.016 0.023 0.044 0.585 
  83 R _   0.019 0.261 0.001 0.032 0.015 0.022 0.044 0.606 
  84 I _   0.018 0.238 0.001 0.030 0.013 0.020 0.044 0.636 
  85 R _   0.016 0.208 0.001 0.026 0.012 0.018 0.044 0.675 
  86 A _   0.015 0.172 0.001 0.022 0.010 0.017 0.045 0.719 
  87 T _   0.014 0.136 0.001 0.018 0.008 0.016 0.045 0.762 
  88 V _   0.012 0.106 0.001 0.014 0.007 0.015 0.045 0.800 
  89 N _   0.011 0.084 0.001 0.011 0.005 0.014 0.045 0.829 
  90 S _   0.010 0.068 0.001 0.009 0.004 0.013 0.045 0.849 
  91 Q _   0.010 0.058 0.000 0.009 0.004 0.013 0.045 0.862 
  92 E _   0.009 0.052 0.000 0.008 0.004 0.013 0.044 0.869 
  93 Q _   0.009 0.048 0.000 0.009 0.004 0.013 0.044 0.873 
  94 K _   0.010 0.045 0.001 0.010 0.005 0.014 0.043 0.873 
  95 R _   0.010 0.044 0.001 0.012 0.005 0.015 0.042 0.871 
  96 L _   0.011 0.042 0.001 0.015 0.006 0.016 0.041 0.869 
  97 L _   0.011 0.041 0.001 0.017 0.007 0.017 0.040 0.866 
  98 M _   0.013 0.039 0.001 0.019 0.008 0.018 0.039 0.864 
  99 D _   0.014 0.036 0.001 0.020 0.009 0.018 0.039 0.864 
 100 L _   0.015 0.032 0.001 0.019 0.009 0.019 0.038 0.867 
 101 D _   0.017 0.027 0.001 0.017 0.009 0.020 0.038 0.872 
 102 I _   0.018 0.021 0.001 0.015 0.008 0.020 0.037 0.879 
 103 S _   0.021 0.015 0.001 0.012 0.008 0.021 0.037 0.886 
 104 M _   0.025 0.009 0.001 0.009 0.007 0.022 0.036 0.891 
 105 R _   0.029 0.005 0.001 0.007 0.006 0.023 0.036 0.893 
 106 T _   0.036 0.003 0.001 0.005 0.006 0.025 0.035 0.890 
 107 V _   0.044 0.001 0.001 0.004 0.007 0.028 0.035 0.881 
 108 D _   0.055 0.001 0.001 0.004 0.008 0.032 0.034 0.865 
 109 C _   0.069 0.001 0.001 0.005 0.011 0.037 0.033 0.843 
 110 P _   0.085 0.001 0.001 0.006 0.016 0.043 0.032 0.815 
 111 F _   0.102 0.002 0.001 0.009 0.021 0.048 0.032 0.784 
 112 T _   0.117 0.004 0.002 0.013 0.027 0.053 0.031 0.753 
 113 V _   0.129 0.005 0.002 0.018 0.032 0.056 0.030 0.727 
 114 T _   0.137 0.006 0.002 0.022 0.035 0.058 0.030 0.710 
 115 F _   0.142 0.007 0.002 0.024 0.035 0.057 0.030 0.703 
 116 Y _   0.144 0.007 0.002 0.022 0.033 0.056 0.030 0.707 
 117 G _   0.144 0.005 0.002 0.018 0.029 0.053 0.030 0.719 
 118 A _   0.142 0.004 0.002 0.013 0.023 0.050 0.031 0.736 
 119 L _   0.139 0.002 0.001 0.008 0.018 0.047 0.031 0.753 
 120 F _   0.137 0.001 0.001 0.005 0.014 0.045 0.031 0.767 
 121 R _   0.136 0.000 0.001 0.003 0.012 0.044 0.031 0.773 
 122 E _   0.138 0.000 0.001 0.002 0.011 0.044 0.031 0.772 
 123 G _   0.144 0.000 0.001 0.003 0.013 0.046 0.031 0.762 
 124 D _   0.151 0.001 0.001 0.004 0.017 0.049 0.031 0.745 
 125 V _   0.158 0.003 0.001 0.008 0.023 0.051 0.032 0.724 
 126 W _   0.162 0.008 0.002 0.014 0.029 0.053 0.032 0.700 
 127 I _   0.161 0.013 0.002 0.023 0.034 0.054 0.033 0.680 
 128 C _   0.156 0.017 0.002 0.030 0.037 0.052 0.034 0.671 
 129 M _   0.146 0.020 0.002 0.034 0.036 0.049 0.035 0.677 
 130 E _   0.130 0.020 0.002 0.034 0.032 0.045 0.037 0.700 
 131 L _   0.111 0.018 0.002 0.030 0.027 0.039 0.039 0.734 
 132 M _   0.092 0.015 0.002 0.023 0.020 0.033 0.040 0.774 
 133 D _   0.073 0.010 0.001 0.016 0.014 0.027 0.042 0.816 
 134 T _   0.057 0.006 0.001 0.010 0.009 0.022 0.043 0.851 
 135 S _   0.044 0.003 0.001 0.007 0.006 0.018 0.044 0.877 
 136 L _   0.034 0.002 0.000 0.005 0.005 0.016 0.045 0.894 
 137 D _   0.027 0.001 0.000 0.004 0.004 0.014 0.046 0.904 
 138 K _   0.022 0.001 0.000 0.005 0.003 0.012 0.046 0.910 
 139 F _   0.018 0.001 0.000 0.006 0.004 0.012 0.047 0.913 
 140 Y _   0.016 0.001 0.000 0.007 0.004 0.011 0.047 0.913 
 141 K _   0.015 0.001 0.000 0.008 0.004 0.011 0.047 0.914 
 142 Q _   0.014 0.001 0.001 0.009 0.004 0.011 0.047 0.915 
 143 V _   0.013 0.001 0.001 0.009 0.004 0.010 0.046 0.916 
 144 I _   0.013 0.001 0.000 0.008 0.004 0.010 0.046 0.918 
 145 D _   0.013 0.001 0.000 0.007 0.003 0.010 0.045 0.920 
 146 K _   0.015 0.001 0.000 0.005 0.003 0.010 0.045 0.921 
 147 G _   0.018 0.000 0.000 0.004 0.003 0.010 0.044 0.920 
 148 Q _   0.025 0.000 0.000 0.003 0.003 0.012 0.043 0.915 
 149 T _   0.035 0.000 0.000 0.003 0.003 0.013 0.041 0.904 
 150 I _   0.053 0.000 0.000 0.003 0.004 0.017 0.040 0.884 
 151 P _   0.081 0.000 0.001 0.002 0.005 0.021 0.038 0.852 
 152 E _   0.124 0.000 0.001 0.003 0.008 0.027 0.035 0.802 
 153 D _   0.179 0.000 0.001 0.003 0.013 0.034 0.033 0.737 
 154 I _   0.244 0.000 0.001 0.004 0.019 0.042 0.030 0.660 
 155 L _   0.309 0.000 0.002 0.004 0.028 0.049 0.028 0.579 
 156 G _   0.368 0.001 0.002 0.005 0.038 0.055 0.026 0.505 
 157 K _   0.417 0.001 0.002 0.006 0.047 0.059 0.024 0.443 
 158 I H   0.453 0.002 0.002 0.008 0.054 0.061 0.024 0.396 
 159 A H   0.474 0.003 0.002 0.010 0.059 0.061 0.024 0.367 
 160 V H   0.483 0.003 0.003 0.011 0.061 0.060 0.024 0.354 
 161 S H   0.480 0.004 0.003 0.013 0.061 0.058 0.025 0.358 
 162 I H   0.463 0.004 0.003 0.014 0.058 0.055 0.026 0.378 
 163 V H   0.437 0.004 0.003 0.013 0.052 0.051 0.027 0.414 
 164 K _   0.396 0.003 0.003 0.012 0.044 0.046 0.029 0.467 
 165 A _   0.346 0.002 0.002 0.010 0.034 0.041 0.032 0.532 
 166 L _   0.290 0.002 0.002 0.008 0.025 0.036 0.034 0.604 
 167 E _   0.231 0.001 0.001 0.007 0.018 0.031 0.037 0.674 
 168 H _   0.179 0.001 0.001 0.006 0.013 0.027 0.039 0.736 
 169 L _   0.133 0.000 0.001 0.005 0.009 0.023 0.041 0.787 
 170 H _   0.098 0.000 0.001 0.006 0.007 0.021 0.043 0.825 
 171 S _   0.072 0.001 0.001 0.006 0.007 0.019 0.044 0.850 
 172 K _   0.054 0.001 0.001 0.008 0.006 0.017 0.045 0.868 
 173 L _   0.040 0.001 0.001 0.009 0.006 0.016 0.047 0.880 
 174 S _   0.031 0.001 0.001 0.011 0.006 0.015 0.048 0.889 
 175 V _   0.024 0.002 0.001 0.011 0.005 0.013 0.048 0.896 
 176 I _   0.018 0.002 0.001 0.011 0.005 0.012 0.049 0.903 
 177 H _   0.015 0.002 0.001 0.009 0.004 0.011 0.050 0.909 
 178 R _   0.013 0.001 0.000 0.008 0.004 0.010 0.050 0.915 
 179 D _   0.011 0.001 0.000 0.006 0.003 0.010 0.050 0.919 
 180 V _   0.010 0.001 0.000 0.004 0.003 0.010 0.050 0.922 
 181 K _   0.010 0.001 0.000 0.004 0.002 0.010 0.050 0.923 
 182 P _   0.011 0.001 0.000 0.003 0.003 0.012 0.050 0.921 
 183 S _   0.013 0.001 0.000 0.004 0.003 0.014 0.049 0.915 
 184 N _   0.016 0.002 0.000 0.006 0.005 0.018 0.049 0.906 
 185 V _   0.019 0.003 0.001 0.009 0.007 0.022 0.048 0.891 
 186 L _   0.023 0.006 0.001 0.013 0.010 0.027 0.047 0.873 
 187 I _   0.027 0.010 0.001 0.018 0.014 0.031 0.046 0.853 
 188 N _   0.030 0.013 0.001 0.023 0.017 0.035 0.045 0.836 
 189 A _   0.033 0.015 0.001 0.027 0.019 0.037 0.044 0.822 
 190 L _   0.036 0.017 0.001 0.028 0.020 0.039 0.043 0.815 
 191 G _   0.038 0.017 0.001 0.027 0.021 0.040 0.043 0.813 
 192 Q _   0.040 0.016 0.001 0.024 0.020 0.040 0.043 0.816 
 193 V _   0.041 0.015 0.001 0.019 0.019 0.040 0.042 0.822 
 194 K _   0.043 0.013 0.001 0.016 0.017 0.040 0.042 0.827 
 195 M _   0.045 0.011 0.001 0.012 0.016 0.040 0.042 0.832 
 196 C _   0.048 0.010 0.001 0.010 0.015 0.040 0.042 0.833 
 197 D _   0.051 0.010 0.001 0.010 0.015 0.040 0.043 0.830 
 198 F _   0.054 0.010 0.001 0.010 0.016 0.040 0.043 0.826 
 199 G _   0.057 0.011 0.001 0.011 0.017 0.041 0.043 0.819 
 200 I _   0.059 0.013 0.001 0.014 0.018 0.041 0.044 0.810 
 201 S _   0.060 0.015 0.001 0.017 0.020 0.040 0.044 0.803 
 202 G _   0.060 0.016 0.001 0.019 0.020 0.039 0.045 0.799 
 203 Y _   0.058 0.018 0.001 0.021 0.020 0.037 0.046 0.798 
 204 L _   0.055 0.018 0.001 0.022 0.019 0.035 0.047 0.802 
 205 V _   0.051 0.018 0.001 0.022 0.018 0.032 0.049 0.809 
 206 D _   0.045 0.018 0.001 0.021 0.015 0.029 0.050 0.820 
 207 S _   0.040 0.016 0.001 0.019 0.013 0.026 0.052 0.834 
 208 V _   0.034 0.014 0.001 0.016 0.011 0.023 0.053 0.848 
 209 A _   0.029 0.012 0.001 0.014 0.008 0.020 0.055 0.861 
 210 K _   0.024 0.010 0.001 0.012 0.007 0.017 0.057 0.873 
 211 T _   0.020 0.009 0.001 0.010 0.005 0.015 0.058 0.882 
 212 I _   0.017 0.007 0.001 0.009 0.005 0.013 0.059 0.889 
 213 D _   0.015 0.007 0.000 0.009 0.004 0.012 0.060 0.893 
 214 A _   0.013 0.006 0.000 0.009 0.004 0.011 0.061 0.895 
 215 G _   0.012 0.006 0.000 0.009 0.004 0.010 0.062 0.897 
 216 C _   0.011 0.006 0.000 0.009 0.004 0.010 0.062 0.897 
 217 K _   0.011 0.005 0.000 0.010 0.004 0.009 0.063 0.897 
 218 P _   0.010 0.005 0.000 0.010 0.004 0.009 0.064 0.898 
 219 Y _   0.009 0.005 0.000 0.010 0.003 0.008 0.064 0.900 
 220 M _   0.008 0.004 0.000 0.010 0.003 0.008 0.065 0.901 
 221 A _   0.007 0.004 0.000 0.009 0.003 0.007 0.065 0.903 
 222 P _   0.007 0.003 0.000 0.009 0.003 0.007 0.065 0.905 
 223 E _   0.006 0.003 0.000 0.008 0.003 0.007 0.065 0.908 
 224 R _   0.006 0.002 0.000 0.007 0.002 0.006 0.065 0.910 
 225 I _   0.006 0.002 0.000 0.007 0.002 0.006 0.065 0.912 
 226 N _   0.005 0.002 0.000 0.007 0.002 0.006 0.064 0.914 
 227 P _   0.005 0.001 0.000 0.006 0.002 0.006 0.064 0.915 
 228 E _   0.005 0.001 0.000 0.006 0.002 0.006 0.063 0.917 
 229 L _   0.006 0.001 0.000 0.006 0.002 0.006 0.061 0.918 
 230 N _   0.007 0.001 0.000 0.005 0.002 0.007 0.060 0.918 
 231 Q _   0.009 0.001 0.000 0.005 0.002 0.007 0.058 0.918 
 232 K _   0.014 0.000 0.000 0.005 0.002 0.008 0.055 0.914 
 233 G _   0.023 0.000 0.000 0.004 0.003 0.010 0.053 0.906 
 234 Y _   0.041 0.000 0.000 0.004 0.004 0.012 0.049 0.890 
 235 S _   0.072 0.000 0.001 0.004 0.005 0.015 0.045 0.859 
 236 V _   0.122 0.000 0.001 0.004 0.007 0.018 0.041 0.807 
 237 K _   0.196 0.000 0.001 0.003 0.010 0.022 0.036 0.732 
 238 S _   0.290 0.000 0.001 0.003 0.014 0.025 0.030 0.636 
 239 D _   0.398 0.000 0.001 0.003 0.018 0.028 0.025 0.527 
 240 I H   0.507 0.000 0.002 0.002 0.023 0.029 0.021 0.415 
 241 W H   0.605 0.000 0.002 0.002 0.027 0.029 0.018 0.316 
 242 S H   0.681 0.000 0.002 0.002 0.030 0.028 0.016 0.241 
 243 L H   0.738 0.000 0.002 0.002 0.033 0.027 0.015 0.184 
 244 G H   0.778 0.000 0.002 0.002 0.034 0.025 0.015 0.146 
 245 I H   0.802 0.000 0.002 0.002 0.035 0.023 0.015 0.122 
 246 T H   0.811 0.000 0.002 0.002 0.035 0.021 0.016 0.113 
 247 M H   0.808 0.000 0.002 0.002 0.035 0.020 0.018 0.115 
 248 I H   0.793 0.000 0.002 0.002 0.035 0.019 0.021 0.128 
 249 E H   0.762 0.000 0.002 0.003 0.035 0.019 0.025 0.155 
 250 L H   0.710 0.000 0.002 0.004 0.033 0.019 0.032 0.200 
 251 A H   0.637 0.000 0.002 0.004 0.030 0.018 0.041 0.267 
 252 I H   0.545 0.000 0.002 0.005 0.024 0.018 0.054 0.351 
 253 L _   0.441 0.000 0.002 0.005 0.019 0.016 0.070 0.447 
 254 R _   0.335 0.000 0.001 0.005 0.013 0.015 0.087 0.544 
 255 F _   0.238 0.000 0.001 0.004 0.009 0.013 0.104 0.631 
 256 P _   0.161 0.000 0.001 0.003 0.006 0.011 0.118 0.699 
 257 Y _   0.106 0.000 0.001 0.003 0.004 0.010 0.131 0.745 
 258 D _   0.069 0.000 0.000 0.003 0.003 0.010 0.141 0.774 
 259 S _   0.046 0.000 0.000 0.003 0.003 0.010 0.149 0.788 
 260 W _   0.033 0.001 0.000 0.004 0.003 0.010 0.156 0.793 
 261 G _   0.025 0.002 0.000 0.006 0.003 0.011 0.163 0.790 
 262 T _   0.020 0.004 0.001 0.009 0.004 0.012 0.169 0.782 
 263 P _   0.017 0.007 0.001 0.013 0.005 0.013 0.174 0.769 
 264 F _   0.015 0.012 0.001 0.018 0.007 0.014 0.180 0.754 
 265 Q _   0.014 0.016 0.001 0.023 0.008 0.014 0.186 0.739 
 266 Q _   0.013 0.019 0.001 0.027 0.008 0.014 0.193 0.726 
 267 L _   0.011 0.021 0.001 0.029 0.008 0.014 0.200 0.716 
 268 K _   0.010 0.021 0.001 0.028 0.008 0.013 0.208 0.710 
 269 Q _   0.009 0.021 0.001 0.026 0.007 0.012 0.217 0.708 
 270 V _   0.008 0.019 0.001 0.022 0.005 0.010 0.227 0.708 
 271 V _   0.007 0.017 0.001 0.017 0.004 0.009 0.237 0.708 
 272 E _   0.007 0.014 0.000 0.013 0.003 0.007 0.246 0.709 
 273 E _   0.006 0.012 0.000 0.009 0.002 0.006 0.255 0.710 
 274 P _   0.005 0.010 0.000 0.006 0.002 0.005 0.262 0.709 
 275 S _   0.005 0.008 0.000 0.005 0.002 0.005 0.268 0.708 
 276 P _   0.004 0.008 0.000 0.004 0.001 0.005 0.273 0.705 
 277 Q _   0.004 0.008 0.000 0.003 0.001 0.005 0.276 0.702 
 278 L _   0.004 0.010 0.000 0.004 0.001 0.006 0.279 0.697 
 279 P _   0.005 0.013 0.000 0.004 0.002 0.007 0.281 0.688 
 280 A _   0.005 0.019 0.000 0.006 0.003 0.009 0.282 0.675 
 281 D _   0.007 0.031 0.000 0.010 0.004 0.012 0.282 0.653 
 282 K _   0.008 0.053 0.001 0.016 0.006 0.015 0.282 0.619 
 283 F _   0.009 0.085 0.001 0.024 0.009 0.018 0.281 0.573 
 284 S _   0.010 0.122 0.001 0.035 0.012 0.020 0.280 0.521 
 285 A _   0.010 0.154 0.001 0.045 0.014 0.022 0.280 0.474 
 286 E _   0.010 0.177 0.001 0.055 0.015 0.022 0.281 0.438 
 287 F _   0.010 0.191 0.001 0.062 0.016 0.022 0.284 0.414 
 288 V _   0.010 0.197 0.001 0.065 0.016 0.022 0.289 0.401 
 289 D _   0.010 0.197 0.001 0.064 0.015 0.020 0.296 0.397 
 290 F _   0.010 0.190 0.001 0.059 0.013 0.019 0.305 0.402 
 291 T _   0.010 0.176 0.001 0.051 0.012 0.017 0.317 0.416 
 292 S _   0.010 0.152 0.001 0.042 0.010 0.015 0.332 0.438 
 293 Q _   0.009 0.119 0.001 0.031 0.008 0.013 0.349 0.469 
 294 C _   0.009 0.082 0.001 0.021 0.006 0.011 0.367 0.503 
 295 L _   0.008 0.051 0.001 0.014 0.004 0.009 0.383 0.531 
 296 K _   0.007 0.030 0.000 0.008 0.003 0.007 0.395 0.549 
 297 K _   0.006 0.018 0.000 0.005 0.002 0.006 0.404 0.559 
 298 N _   0.005 0.012 0.000 0.003 0.001 0.005 0.410 0.563 
 299 S _   0.004 0.010 0.000 0.002 0.001 0.005 0.414 0.563 
 300 K _   0.004 0.009 0.000 0.002 0.001 0.005 0.417 0.562 
 301 E _   0.004 0.010 0.000 0.003 0.001 0.005 0.418 0.558 
 302 R _   0.004 0.011 0.000 0.004 0.002 0.007 0.419 0.553 
 303 P _   0.005 0.015 0.000 0.006 0.002 0.008 0.418 0.545 
 304 T _   0.006 0.022 0.000 0.009 0.003 0.010 0.417 0.532 
 305 Y _   0.006 0.032 0.001 0.014 0.005 0.013 0.415 0.515 
 306 P _   0.007 0.046 0.001 0.020 0.007 0.014 0.413 0.493 
 307 E _   0.007 0.059 0.001 0.027 0.008 0.016 0.411 0.471 
 308 L _   0.007 0.070 0.001 0.033 0.010 0.017 0.409 0.452 
 309 M _   0.007 0.078 0.001 0.039 0.011 0.017 0.409 0.438 
 310 Q _   0.007 0.082 0.001 0.042 0.011 0.017 0.410 0.430 
 311 H _   0.006 0.083 0.001 0.043 0.011 0.017 0.412 0.427 
 312 P _   0.006 0.081 0.001 0.041 0.011 0.016 0.416 0.429 
 313 F _   0.006 0.075 0.001 0.036 0.010 0.015 0.421 0.436 
 314 F _   0.006 0.066 0.001 0.030 0.008 0.014 0.427 0.447 
 315 T _   0.006 0.054 0.001 0.023 0.007 0.013 0.435 0.462 
 316 L _   0.006 0.039 0.001 0.016 0.005 0.012 0.442 0.478 
 317 H _   0.007 0.026 0.001 0.010 0.004 0.012 0.450 0.491 
 318 E _   0.007 0.017 0.000 0.006 0.003 0.012 0.456 0.498 
 319 S _   0.008 0.012 0.000 0.004 0.003 0.013 0.460 0.500 
 320 K _   0.011 0.009 0.000 0.003 0.003 0.015 0.464 0.495 
 321 G _   0.015 0.009 0.000 0.003 0.003 0.018 0.467 0.485 
 322 T X   0.022 0.010 0.000 0.003 0.006 0.022 0.469 0.467 
 323 D X   0.030 0.016 0.001 0.005 0.010 0.028 0.471 0.440 
 324 V X   0.039 0.031 0.001 0.009 0.017 0.034 0.473 0.397 
 325 A X   0.045 0.061 0.002 0.014 0.025 0.038 0.475 0.341 
 326 S X   0.046 0.100 0.002 0.020 0.030 0.038 0.478 0.286 
 327 F X   0.043 0.138 0.002 0.026 0.030 0.035 0.483 0.244 
 328 V X   0.037 0.167 0.002 0.030 0.026 0.030 0.492 0.216 
 329 K X   0.030 0.182 0.002 0.032 0.020 0.024 0.503 0.208 
 330 L X   0.022 0.186 0.001 0.030 0.012 0.016 0.519 0.213 
 331 I X   0.013 0.183 0.001 0.024 0.005 0.010 0.533 0.232 
 332 L X   0.006 0.173 0.000 0.017 0.001 0.005 0.540 0.258 
 333 G X   0.004 0.155 0.000 0.014 0.001 0.004 0.539 0.282 
 334 D X   0.007 0.142 0.002 0.020 0.006 0.007 0.528 0.289 
