#TopoPred_TM8: 8-state transmembrane topology prediction results by no_profile mode 
#probabilities are in the order of H E C I L F X _, the 8 transmembrane topology types used in PDBTM 
   1 M X   0.012 0.001 0.002 0.044 0.009 0.012 0.751 0.168 
   2 V X   0.005 0.001 0.000 0.027 0.002 0.007 0.771 0.187 
   3 D X   0.002 0.001 0.000 0.017 0.001 0.006 0.775 0.198 
   4 M X   0.003 0.001 0.000 0.013 0.001 0.008 0.772 0.203 
   5 G X   0.004 0.002 0.000 0.012 0.002 0.011 0.764 0.205 
   6 A X   0.007 0.004 0.000 0.012 0.003 0.015 0.753 0.207 
   7 L X   0.009 0.007 0.000 0.013 0.005 0.018 0.740 0.207 
   8 D X   0.012 0.014 0.001 0.016 0.007 0.021 0.725 0.205 
   9 N X   0.014 0.023 0.001 0.021 0.009 0.022 0.707 0.202 
  10 L X   0.015 0.034 0.001 0.027 0.012 0.023 0.690 0.198 
  11 I X   0.016 0.043 0.001 0.032 0.014 0.023 0.675 0.196 
  12 A X   0.016 0.050 0.001 0.036 0.015 0.022 0.664 0.197 
  13 N X   0.016 0.053 0.001 0.038 0.015 0.021 0.655 0.201 
  14 T X   0.016 0.054 0.001 0.038 0.014 0.020 0.649 0.209 
  15 A X   0.015 0.053 0.001 0.035 0.012 0.018 0.645 0.221 
  16 Y X   0.014 0.049 0.001 0.030 0.010 0.015 0.643 0.238 
  17 L X   0.013 0.043 0.001 0.024 0.008 0.013 0.641 0.258 
  18 Q X   0.011 0.033 0.001 0.018 0.005 0.011 0.640 0.281 
  19 A X   0.009 0.023 0.000 0.012 0.004 0.008 0.639 0.303 
  20 R X   0.008 0.014 0.000 0.007 0.002 0.007 0.638 0.323 
  21 K X   0.006 0.008 0.000 0.004 0.002 0.005 0.636 0.338 
  22 P X   0.005 0.005 0.000 0.003 0.001 0.004 0.632 0.350 
  23 S X   0.004 0.003 0.000 0.002 0.001 0.003 0.628 0.358 
  24 D X   0.003 0.003 0.000 0.002 0.001 0.003 0.623 0.365 
  25 C X   0.003 0.003 0.000 0.002 0.001 0.003 0.616 0.372 
  26 D X   0.003 0.003 0.000 0.003 0.001 0.004 0.607 0.379 
  27 S X   0.003 0.004 0.000 0.004 0.001 0.005 0.597 0.387 
  28 K X   0.004 0.005 0.000 0.005 0.002 0.006 0.584 0.395 
  29 E X   0.004 0.008 0.000 0.007 0.002 0.007 0.568 0.403 
  30 L X   0.004 0.012 0.000 0.009 0.003 0.008 0.551 0.412 
  31 Q X   0.004 0.018 0.001 0.011 0.004 0.010 0.531 0.422 
  32 R X   0.005 0.024 0.001 0.013 0.004 0.011 0.511 0.431 
  33 R X   0.005 0.033 0.001 0.015 0.005 0.013 0.490 0.439 
  34 R X   0.006 0.042 0.001 0.016 0.006 0.015 0.468 0.446 
  35 R _   0.006 0.052 0.001 0.018 0.007 0.017 0.447 0.451 
  36 S _   0.007 0.064 0.001 0.020 0.009 0.019 0.426 0.453 
  37 L _   0.008 0.078 0.001 0.023 0.010 0.021 0.406 0.453 
  38 A _   0.009 0.092 0.001 0.026 0.012 0.023 0.387 0.451 
  39 L _   0.010 0.105 0.001 0.029 0.013 0.024 0.369 0.448 
  40 P _   0.011 0.117 0.001 0.032 0.014 0.025 0.353 0.446 
  41 G _   0.012 0.127 0.001 0.035 0.015 0.026 0.338 0.446 
  42 L _   0.013 0.133 0.001 0.037 0.016 0.026 0.326 0.448 
  43 Q _   0.014 0.137 0.001 0.038 0.016 0.026 0.315 0.453 
  44 G _   0.015 0.137 0.001 0.037 0.016 0.025 0.306 0.462 
  45 C _   0.015 0.135 0.001 0.035 0.015 0.025 0.299 0.475 
  46 A _   0.016 0.129 0.001 0.033 0.014 0.023 0.292 0.491 
  47 E _   0.016 0.121 0.001 0.029 0.013 0.022 0.287 0.511 
  48 L _   0.016 0.109 0.001 0.025 0.011 0.020 0.283 0.535 
  49 R _   0.015 0.095 0.001 0.021 0.010 0.019 0.279 0.560 
  50 Q _   0.015 0.080 0.001 0.018 0.008 0.017 0.275 0.586 
  51 K _   0.014 0.065 0.001 0.015 0.007 0.016 0.272 0.610 
  52 L _   0.013 0.052 0.001 0.013 0.006 0.015 0.269 0.632 
  53 S _   0.012 0.041 0.001 0.011 0.005 0.014 0.266 0.650 
  54 L _   0.011 0.032 0.001 0.010 0.005 0.013 0.263 0.665 
  55 N _   0.011 0.026 0.001 0.009 0.005 0.013 0.260 0.677 
  56 F _   0.011 0.020 0.001 0.008 0.004 0.012 0.257 0.687 
  57 H _   0.011 0.016 0.001 0.008 0.004 0.012 0.253 0.696 
  58 S _   0.010 0.013 0.001 0.008 0.004 0.012 0.250 0.703 
  59 L _   0.010 0.010 0.000 0.007 0.004 0.013 0.246 0.709 
  60 C _   0.011 0.008 0.000 0.007 0.004 0.013 0.242 0.715 
  61 E _   0.011 0.006 0.000 0.007 0.004 0.014 0.238 0.718 
  62 Q _   0.012 0.005 0.001 0.007 0.004 0.016 0.234 0.721 
  63 Q _   0.014 0.005 0.001 0.007 0.005 0.018 0.230 0.721 
  64 P _   0.017 0.005 0.001 0.007 0.006 0.020 0.225 0.719 
  65 I _   0.021 0.005 0.001 0.008 0.007 0.023 0.221 0.715 
  66 G _   0.025 0.005 0.001 0.008 0.008 0.027 0.216 0.709 
  67 R _   0.031 0.006 0.001 0.009 0.010 0.031 0.211 0.702 
  68 R _   0.037 0.006 0.001 0.010 0.013 0.035 0.206 0.692 
  69 L _   0.043 0.007 0.001 0.011 0.016 0.039 0.202 0.680 
  70 F _   0.050 0.009 0.001 0.012 0.019 0.043 0.197 0.669 
  71 R _   0.057 0.011 0.001 0.013 0.022 0.046 0.193 0.657 
  72 D _   0.063 0.012 0.001 0.014 0.025 0.049 0.190 0.645 
  73 F _   0.069 0.015 0.002 0.016 0.027 0.051 0.187 0.634 
  74 L _   0.075 0.017 0.002 0.018 0.029 0.052 0.184 0.624 
  75 A _   0.079 0.019 0.002 0.019 0.030 0.052 0.182 0.618 
  76 T _   0.080 0.020 0.002 0.019 0.029 0.051 0.181 0.618 
  77 V _   0.080 0.021 0.002 0.020 0.028 0.049 0.180 0.620 
  78 P _   0.078 0.022 0.002 0.020 0.027 0.046 0.179 0.626 
  79 T _   0.075 0.022 0.002 0.019 0.025 0.044 0.179 0.635 
  80 F _   0.070 0.021 0.001 0.018 0.023 0.041 0.180 0.646 
  81 R _   0.064 0.021 0.001 0.018 0.020 0.037 0.181 0.658 
  82 K _   0.058 0.019 0.001 0.017 0.018 0.034 0.182 0.671 
  83 A _   0.051 0.018 0.001 0.016 0.015 0.031 0.183 0.684 
  84 A _   0.043 0.017 0.001 0.016 0.013 0.027 0.185 0.698 
  85 T _   0.036 0.016 0.001 0.015 0.011 0.024 0.187 0.711 
  86 F _   0.030 0.014 0.001 0.014 0.009 0.021 0.189 0.723 
  87 L _   0.025 0.013 0.001 0.013 0.007 0.018 0.191 0.733 
  88 E _   0.021 0.012 0.001 0.012 0.006 0.016 0.192 0.741 
  89 D _   0.017 0.010 0.001 0.011 0.005 0.014 0.193 0.748 
  90 V _   0.015 0.009 0.001 0.011 0.005 0.012 0.195 0.753 
  91 Q _   0.012 0.008 0.000 0.011 0.004 0.011 0.196 0.757 
  92 N _   0.011 0.007 0.000 0.011 0.004 0.010 0.197 0.761 
  93 W _   0.010 0.006 0.000 0.010 0.003 0.009 0.198 0.763 
  94 E _   0.009 0.005 0.000 0.009 0.003 0.008 0.199 0.766 
  95 L _   0.008 0.004 0.000 0.008 0.003 0.007 0.200 0.770 
  96 A _   0.007 0.003 0.000 0.006 0.002 0.007 0.200 0.774 
  97 E _   0.006 0.002 0.000 0.005 0.002 0.006 0.200 0.779 
  98 E _   0.006 0.002 0.000 0.004 0.001 0.006 0.198 0.784 
  99 G _   0.005 0.001 0.000 0.003 0.001 0.006 0.196 0.787 
 100 P _   0.006 0.001 0.000 0.002 0.001 0.007 0.194 0.788 
 101 T _   0.007 0.002 0.000 0.002 0.002 0.009 0.190 0.787 
 102 K _   0.011 0.004 0.000 0.003 0.003 0.014 0.185 0.779 
 103 D _   0.016 0.011 0.001 0.007 0.007 0.021 0.179 0.759 
 104 S _   0.023 0.035 0.001 0.014 0.014 0.030 0.170 0.712 
 105 A _   0.030 0.094 0.002 0.028 0.025 0.038 0.157 0.625 
 106 L _   0.032 0.188 0.003 0.047 0.034 0.043 0.143 0.510 
 107 Q _   0.032 0.280 0.003 0.066 0.037 0.043 0.131 0.409 
 108 G _   0.031 0.338 0.003 0.080 0.035 0.041 0.123 0.349 
 109 L E   0.029 0.366 0.002 0.089 0.033 0.039 0.118 0.324 
 110 V E   0.028 0.377 0.002 0.092 0.031 0.036 0.116 0.319 
 111 A E   0.026 0.376 0.002 0.089 0.028 0.032 0.115 0.332 
 112 T _   0.024 0.362 0.002 0.081 0.025 0.029 0.115 0.363 
 113 C _   0.023 0.329 0.002 0.068 0.021 0.025 0.116 0.417 
 114 A _   0.021 0.268 0.002 0.052 0.018 0.021 0.119 0.500 
 115 S _   0.020 0.185 0.002 0.035 0.013 0.018 0.123 0.605 
 116 A _   0.017 0.104 0.001 0.021 0.009 0.015 0.126 0.707 
 117 P _   0.014 0.050 0.001 0.011 0.005 0.012 0.129 0.779 
 118 A _   0.010 0.024 0.000 0.006 0.003 0.009 0.129 0.818 
 119 P _   0.008 0.015 0.000 0.003 0.002 0.008 0.129 0.836 
 120 G _   0.006 0.012 0.000 0.002 0.001 0.008 0.128 0.843 
 121 N _   0.006 0.011 0.000 0.003 0.002 0.009 0.126 0.843 
 122 P _   0.008 0.014 0.000 0.004 0.002 0.012 0.123 0.837 
 123 Q _   0.010 0.021 0.001 0.008 0.004 0.016 0.119 0.822 
 124 P _   0.012 0.037 0.001 0.016 0.008 0.021 0.113 0.792 
 125 F _   0.014 0.066 0.001 0.028 0.012 0.025 0.106 0.748 
 126 L _   0.014 0.097 0.002 0.041 0.016 0.029 0.099 0.702 
 127 S _   0.015 0.124 0.002 0.053 0.019 0.031 0.092 0.665 
 128 Q _   0.014 0.141 0.002 0.062 0.021 0.032 0.087 0.641 
 129 A _   0.014 0.149 0.002 0.067 0.022 0.032 0.083 0.631 
 130 V _   0.014 0.152 0.002 0.067 0.022 0.031 0.080 0.632 
 131 A _   0.015 0.149 0.002 0.063 0.021 0.030 0.078 0.644 
 132 T _   0.015 0.139 0.002 0.055 0.019 0.028 0.077 0.665 
 133 K _   0.015 0.122 0.002 0.045 0.017 0.027 0.076 0.697 
 134 C _   0.016 0.097 0.001 0.034 0.014 0.025 0.076 0.736 
 135 Q _   0.017 0.069 0.001 0.024 0.011 0.024 0.076 0.778 
 136 A _   0.018 0.043 0.001 0.016 0.009 0.023 0.076 0.814 
 137 A _   0.019 0.024 0.001 0.011 0.007 0.023 0.075 0.841 
 138 T _   0.021 0.013 0.001 0.007 0.006 0.022 0.075 0.857 
 139 T _   0.024 0.007 0.001 0.005 0.005 0.023 0.074 0.862 
 140 E _   0.028 0.005 0.001 0.004 0.005 0.025 0.073 0.859 
 141 E _   0.035 0.004 0.001 0.004 0.006 0.028 0.071 0.850 
 142 E _   0.044 0.004 0.001 0.005 0.008 0.032 0.070 0.836 
 143 R _   0.055 0.006 0.001 0.006 0.011 0.037 0.068 0.816 
 144 V _   0.067 0.008 0.001 0.009 0.016 0.042 0.067 0.790 
 145 A _   0.078 0.013 0.001 0.012 0.022 0.047 0.065 0.762 
 146 A _   0.088 0.019 0.002 0.017 0.028 0.051 0.063 0.732 
 147 V _   0.096 0.025 0.002 0.022 0.032 0.054 0.062 0.707 
 148 T _   0.100 0.031 0.002 0.027 0.035 0.055 0.061 0.689 
 149 L _   0.101 0.035 0.002 0.030 0.037 0.054 0.060 0.681 
 150 A _   0.098 0.037 0.002 0.032 0.036 0.052 0.060 0.683 
 151 K _   0.093 0.037 0.002 0.032 0.033 0.049 0.060 0.693 
 152 A _   0.086 0.036 0.002 0.031 0.029 0.045 0.061 0.711 
 153 E _   0.077 0.033 0.002 0.028 0.024 0.040 0.061 0.735 
 154 A _   0.067 0.029 0.001 0.023 0.019 0.035 0.062 0.763 
 155 M _   0.058 0.023 0.001 0.019 0.015 0.030 0.063 0.791 
 156 A _   0.048 0.017 0.001 0.014 0.011 0.025 0.064 0.819 
 157 F _   0.040 0.012 0.001 0.011 0.008 0.022 0.065 0.842 
 158 L _   0.033 0.008 0.001 0.008 0.006 0.019 0.065 0.861 
 159 Q _   0.027 0.006 0.001 0.006 0.004 0.016 0.066 0.875 
 160 E _   0.023 0.004 0.000 0.004 0.004 0.015 0.066 0.884 
 161 Q _   0.020 0.004 0.000 0.004 0.003 0.015 0.065 0.888 
 162 P _   0.019 0.004 0.000 0.004 0.004 0.015 0.065 0.888 
 163 F _   0.020 0.005 0.000 0.005 0.004 0.016 0.065 0.884 
 164 K _   0.021 0.007 0.001 0.007 0.006 0.018 0.064 0.876 
 165 D _   0.023 0.011 0.001 0.009 0.007 0.020 0.064 0.865 
 166 F _   0.024 0.017 0.001 0.013 0.009 0.022 0.063 0.850 
 167 V _   0.026 0.024 0.001 0.017 0.011 0.024 0.062 0.835 
 168 T _   0.026 0.030 0.001 0.020 0.013 0.025 0.062 0.823 
 169 S _   0.026 0.035 0.001 0.023 0.014 0.025 0.061 0.815 
 170 A _   0.025 0.039 0.001 0.024 0.014 0.025 0.061 0.810 
 171 F _   0.025 0.041 0.001 0.024 0.013 0.025 0.062 0.810 
 172 Y _   0.024 0.042 0.001 0.022 0.013 0.024 0.062 0.813 
 173 D _   0.023 0.042 0.001 0.020 0.012 0.023 0.062 0.816 
 174 K _   0.022 0.041 0.001 0.019 0.011 0.022 0.063 0.821 
 175 F _   0.021 0.041 0.001 0.018 0.010 0.021 0.064 0.824 
 176 L _   0.020 0.040 0.001 0.018 0.009 0.020 0.064 0.827 
 177 Q _   0.019 0.039 0.001 0.018 0.009 0.019 0.065 0.829 
 178 W _   0.018 0.038 0.001 0.018 0.009 0.018 0.066 0.832 
 179 K _   0.018 0.036 0.001 0.018 0.008 0.017 0.067 0.835 
 180 L _   0.016 0.034 0.001 0.018 0.007 0.016 0.069 0.840 
 181 F _   0.015 0.031 0.001 0.016 0.007 0.014 0.070 0.847 
 182 E _   0.013 0.027 0.001 0.014 0.006 0.013 0.071 0.855 
 183 M _   0.012 0.024 0.001 0.011 0.005 0.011 0.072 0.865 
 184 Q _   0.010 0.020 0.000 0.009 0.004 0.010 0.073 0.874 
 185 P _   0.009 0.017 0.000 0.007 0.003 0.009 0.074 0.881 
 186 V _   0.008 0.016 0.000 0.005 0.003 0.009 0.074 0.885 
 187 S _   0.008 0.015 0.000 0.004 0.002 0.009 0.074 0.886 
 188 D _   0.009 0.016 0.000 0.004 0.003 0.010 0.074 0.884 
 189 K _   0.009 0.018 0.000 0.005 0.003 0.011 0.073 0.879 
 190 Y _   0.010 0.024 0.001 0.007 0.004 0.013 0.073 0.868 
 191 F _   0.011 0.034 0.001 0.010 0.006 0.016 0.072 0.851 
 192 T _   0.012 0.050 0.001 0.014 0.008 0.018 0.070 0.827 
 193 E _   0.012 0.069 0.001 0.018 0.010 0.020 0.069 0.801 
 194 F _   0.013 0.090 0.001 0.022 0.011 0.022 0.067 0.774 
 195 R _   0.014 0.109 0.001 0.024 0.012 0.024 0.066 0.751 
 196 V _   0.014 0.126 0.001 0.025 0.013 0.025 0.064 0.732 
 197 L _   0.015 0.139 0.001 0.025 0.013 0.026 0.064 0.718 
 198 G _   0.016 0.150 0.001 0.024 0.014 0.027 0.063 0.705 
 199 K _   0.017 0.159 0.001 0.024 0.015 0.028 0.063 0.693 
 200 G _   0.019 0.167 0.001 0.023 0.016 0.029 0.062 0.682 
 201 G _   0.021 0.175 0.001 0.024 0.016 0.030 0.063 0.671 
 202 F _   0.022 0.182 0.001 0.024 0.017 0.030 0.063 0.661 
 203 G _   0.023 0.188 0.001 0.025 0.017 0.030 0.064 0.650 
 204 E _   0.024 0.193 0.001 0.027 0.017 0.030 0.065 0.642 
 205 V _   0.024 0.197 0.001 0.028 0.017 0.029 0.066 0.636 
 206 C _   0.024 0.199 0.001 0.029 0.017 0.028 0.068 0.633 
 207 A _   0.024 0.198 0.001 0.030 0.016 0.027 0.070 0.635 
 208 V _   0.023 0.195 0.001 0.029 0.014 0.025 0.072 0.640 
 209 Q _   0.022 0.189 0.001 0.028 0.013 0.023 0.075 0.649 
 210 V _   0.020 0.181 0.001 0.026 0.012 0.022 0.078 0.660 
 211 K _   0.019 0.171 0.001 0.025 0.011 0.020 0.081 0.672 
 212 N _   0.018 0.159 0.001 0.024 0.010 0.019 0.084 0.686 
 213 T _   0.017 0.145 0.001 0.023 0.009 0.017 0.088 0.700 
 214 G _   0.016 0.131 0.001 0.022 0.008 0.016 0.092 0.715 
 215 K _   0.015 0.116 0.001 0.021 0.007 0.015 0.097 0.730 
 216 M _   0.014 0.099 0.001 0.019 0.006 0.013 0.102 0.746 
 217 Y _   0.013 0.082 0.001 0.018 0.005 0.012 0.106 0.763 
 218 A _   0.012 0.066 0.001 0.016 0.005 0.011 0.111 0.780 
 219 C _   0.010 0.050 0.001 0.013 0.004 0.010 0.115 0.798 
 220 K _   0.009 0.036 0.000 0.011 0.003 0.008 0.118 0.814 
 221 K _   0.008 0.025 0.000 0.009 0.002 0.007 0.121 0.827 
 222 L _   0.007 0.017 0.000 0.007 0.002 0.006 0.123 0.838 
 223 D _   0.006 0.011 0.000 0.005 0.002 0.005 0.124 0.846 
 224 K _   0.005 0.008 0.000 0.004 0.001 0.005 0.124 0.851 
 225 K _   0.005 0.006 0.000 0.004 0.001 0.005 0.124 0.856 
 226 R _   0.004 0.005 0.000 0.004 0.001 0.005 0.123 0.859 
 227 L _   0.004 0.004 0.000 0.004 0.001 0.005 0.121 0.861 
 228 K _   0.004 0.004 0.000 0.004 0.001 0.005 0.118 0.863 
 229 K _   0.004 0.005 0.000 0.005 0.002 0.006 0.114 0.864 
 230 K _   0.004 0.006 0.000 0.007 0.002 0.007 0.110 0.863 
 231 G _   0.004 0.008 0.000 0.009 0.003 0.009 0.105 0.862 
 232 G _   0.005 0.011 0.000 0.013 0.003 0.010 0.099 0.859 
 233 E _   0.005 0.014 0.001 0.017 0.004 0.012 0.093 0.854 
 234 K _   0.006 0.018 0.001 0.022 0.005 0.015 0.086 0.848 
 235 M _   0.007 0.021 0.001 0.026 0.007 0.017 0.080 0.843 
 236 A _   0.007 0.023 0.001 0.030 0.008 0.018 0.074 0.839 
 237 L _   0.008 0.024 0.001 0.032 0.009 0.020 0.068 0.837 
 238 L _   0.010 0.024 0.001 0.032 0.009 0.022 0.064 0.839 
 239 E _   0.012 0.022 0.001 0.030 0.010 0.023 0.059 0.843 
 240 K _   0.015 0.019 0.001 0.027 0.010 0.024 0.055 0.848 
 241 E _   0.021 0.015 0.001 0.022 0.010 0.025 0.052 0.854 
 242 I _   0.030 0.011 0.001 0.016 0.009 0.027 0.048 0.857 
 243 L _   0.044 0.007 0.001 0.012 0.009 0.029 0.045 0.854 
 244 E _   0.063 0.004 0.001 0.008 0.010 0.031 0.042 0.842 
 245 K _   0.090 0.002 0.001 0.006 0.011 0.035 0.038 0.818 
 246 V _   0.125 0.001 0.001 0.005 0.013 0.038 0.034 0.782 
 247 S _   0.169 0.001 0.001 0.005 0.017 0.043 0.031 0.734 
 248 S _   0.219 0.001 0.001 0.005 0.023 0.047 0.027 0.676 
 249 P _   0.273 0.001 0.002 0.007 0.030 0.051 0.024 0.613 
 250 F _   0.325 0.001 0.002 0.009 0.036 0.053 0.021 0.552 
 251 I _   0.370 0.002 0.002 0.012 0.041 0.053 0.019 0.500 
 252 V _   0.403 0.002 0.002 0.014 0.042 0.051 0.018 0.467 
 253 S _   0.426 0.003 0.002 0.014 0.039 0.048 0.016 0.452 
 254 L _   0.438 0.002 0.002 0.012 0.034 0.043 0.015 0.453 
 255 A _   0.443 0.002 0.002 0.009 0.027 0.037 0.014 0.466 
 256 Y _   0.441 0.001 0.001 0.005 0.020 0.031 0.013 0.487 
 257 A _   0.434 0.000 0.001 0.003 0.013 0.026 0.012 0.510 
 258 F _   0.429 0.000 0.001 0.001 0.009 0.022 0.012 0.527 
 259 E _   0.430 0.000 0.001 0.001 0.007 0.020 0.011 0.532 
 260 S _   0.444 0.000 0.001 0.001 0.006 0.019 0.010 0.520 
 261 K _   0.471 0.000 0.001 0.001 0.007 0.019 0.009 0.492 
 262 T H   0.508 0.000 0.001 0.001 0.010 0.021 0.008 0.451 
 263 H H   0.550 0.000 0.001 0.001 0.015 0.023 0.007 0.403 
 264 L H   0.585 0.000 0.001 0.002 0.021 0.025 0.007 0.360 
 265 C H   0.608 0.000 0.002 0.003 0.026 0.026 0.007 0.328 
 266 L H   0.616 0.001 0.002 0.005 0.031 0.027 0.007 0.311 
 267 V H   0.610 0.002 0.002 0.008 0.034 0.027 0.007 0.310 
 268 M H   0.588 0.002 0.002 0.009 0.034 0.026 0.008 0.330 
 269 S H   0.547 0.002 0.002 0.010 0.032 0.025 0.008 0.373 
 270 L H   0.486 0.002 0.002 0.009 0.028 0.023 0.009 0.441 
 271 M _   0.409 0.001 0.002 0.006 0.021 0.021 0.010 0.530 
 272 N _   0.324 0.000 0.001 0.004 0.015 0.018 0.011 0.626 
 273 G _   0.245 0.000 0.001 0.003 0.010 0.016 0.011 0.714 
 274 G _   0.180 0.000 0.001 0.002 0.006 0.014 0.012 0.785 
 275 D _   0.131 0.000 0.001 0.002 0.005 0.013 0.012 0.836 
 276 L _   0.098 0.000 0.001 0.002 0.004 0.013 0.013 0.870 
 277 K _   0.075 0.000 0.000 0.003 0.004 0.013 0.013 0.891 
 278 F _   0.060 0.000 0.001 0.004 0.005 0.014 0.013 0.903 
 279 H _   0.051 0.000 0.001 0.006 0.005 0.015 0.013 0.909 
 280 I _   0.045 0.001 0.001 0.008 0.006 0.016 0.013 0.910 
 281 Y _   0.042 0.001 0.001 0.010 0.007 0.017 0.012 0.909 
 282 N _   0.043 0.001 0.001 0.012 0.008 0.018 0.012 0.906 
 283 V _   0.047 0.001 0.001 0.012 0.008 0.018 0.012 0.901 
 284 G _   0.054 0.001 0.001 0.010 0.008 0.019 0.011 0.896 
 285 T _   0.065 0.001 0.001 0.008 0.008 0.019 0.011 0.888 
 286 R _   0.080 0.001 0.001 0.006 0.007 0.019 0.010 0.876 
 287 G _   0.102 0.000 0.001 0.005 0.007 0.019 0.009 0.856 
 288 L _   0.134 0.000 0.001 0.003 0.008 0.020 0.008 0.826 
 289 D _   0.178 0.000 0.001 0.003 0.008 0.021 0.008 0.782 
 290 M _   0.235 0.000 0.001 0.002 0.010 0.022 0.007 0.724 
 291 S _   0.306 0.000 0.001 0.002 0.012 0.023 0.006 0.651 
 292 R _   0.387 0.000 0.001 0.002 0.014 0.024 0.005 0.568 
 293 V _   0.468 0.000 0.001 0.002 0.017 0.024 0.004 0.484 
 294 I H   0.548 0.000 0.001 0.002 0.019 0.024 0.003 0.403 
 295 F H   0.617 0.000 0.001 0.002 0.021 0.024 0.003 0.332 
 296 Y H   0.674 0.000 0.001 0.002 0.023 0.022 0.002 0.275 
 297 S H   0.721 0.000 0.001 0.002 0.024 0.021 0.002 0.229 
 298 A H   0.755 0.000 0.001 0.001 0.024 0.019 0.002 0.198 
 299 Q H   0.776 0.000 0.001 0.001 0.023 0.018 0.002 0.178 
 300 I H   0.788 0.000 0.001 0.001 0.023 0.017 0.002 0.168 
 301 A H   0.789 0.000 0.001 0.001 0.022 0.016 0.002 0.168 
 302 C H   0.782 0.000 0.001 0.001 0.022 0.015 0.003 0.176 
 303 G H   0.767 0.000 0.001 0.001 0.021 0.015 0.003 0.192 
 304 M H   0.741 0.000 0.001 0.001 0.020 0.016 0.004 0.217 
 305 L H   0.706 0.000 0.001 0.001 0.020 0.016 0.005 0.250 
 306 H H   0.662 0.000 0.001 0.002 0.021 0.017 0.006 0.290 
 307 L H   0.609 0.000 0.002 0.002 0.021 0.019 0.008 0.338 
 308 H H   0.552 0.000 0.002 0.004 0.021 0.020 0.011 0.391 
 309 E H   0.485 0.000 0.002 0.005 0.021 0.021 0.014 0.452 
 310 L _   0.412 0.001 0.002 0.008 0.020 0.021 0.018 0.518 
 311 G _   0.343 0.001 0.002 0.010 0.018 0.021 0.022 0.583 
 312 I _   0.274 0.001 0.002 0.012 0.016 0.021 0.026 0.649 
 313 V _   0.211 0.001 0.001 0.012 0.013 0.019 0.031 0.712 
 314 Y _   0.157 0.001 0.001 0.011 0.010 0.017 0.034 0.768 
 315 R _   0.111 0.001 0.001 0.010 0.008 0.015 0.038 0.816 
 316 D _   0.077 0.001 0.001 0.009 0.006 0.013 0.041 0.853 
 317 M _   0.052 0.001 0.001 0.007 0.004 0.011 0.043 0.880 
 318 K _   0.035 0.001 0.000 0.006 0.003 0.010 0.045 0.899 
 319 P _   0.024 0.001 0.000 0.006 0.003 0.009 0.047 0.910 
 320 E _   0.017 0.001 0.000 0.005 0.003 0.008 0.048 0.917 
 321 N _   0.013 0.002 0.000 0.005 0.002 0.008 0.049 0.920 
 322 V _   0.010 0.002 0.000 0.006 0.002 0.007 0.050 0.922 
 323 L _   0.009 0.003 0.000 0.006 0.002 0.007 0.050 0.922 
 324 L _   0.008 0.004 0.000 0.007 0.002 0.007 0.051 0.921 
 325 D _   0.007 0.006 0.000 0.007 0.003 0.007 0.051 0.919 
 326 D _   0.006 0.008 0.000 0.007 0.003 0.008 0.050 0.917 
 327 L _   0.006 0.010 0.000 0.008 0.003 0.008 0.050 0.914 
 328 G _   0.007 0.014 0.000 0.009 0.003 0.009 0.049 0.909 
 329 N _   0.007 0.018 0.000 0.010 0.004 0.010 0.048 0.903 
 330 C _   0.007 0.023 0.001 0.011 0.004 0.011 0.048 0.895 
 331 R _   0.008 0.030 0.001 0.014 0.005 0.013 0.047 0.883 
 332 L _   0.009 0.039 0.001 0.017 0.006 0.014 0.046 0.869 
 333 S _   0.009 0.048 0.001 0.021 0.008 0.016 0.045 0.852 
 334 D _   0.010 0.057 0.001 0.026 0.009 0.017 0.044 0.836 
 335 L _   0.011 0.065 0.001 0.031 0.010 0.017 0.043 0.822 
 336 G _   0.011 0.071 0.001 0.034 0.011 0.018 0.043 0.812 
 337 L _   0.012 0.074 0.001 0.035 0.011 0.017 0.043 0.808 
 338 A _   0.012 0.074 0.001 0.034 0.010 0.017 0.043 0.809 
 339 V _   0.012 0.072 0.001 0.031 0.009 0.016 0.044 0.816 
 340 E _   0.011 0.067 0.001 0.026 0.008 0.015 0.044 0.827 
 341 M _   0.011 0.060 0.001 0.021 0.007 0.013 0.045 0.841 
 342 K _   0.010 0.053 0.001 0.017 0.006 0.012 0.046 0.855 
 343 G _   0.010 0.045 0.001 0.013 0.005 0.011 0.047 0.868 
 344 G _   0.009 0.040 0.000 0.010 0.004 0.010 0.048 0.878 
 345 K _   0.009 0.036 0.000 0.008 0.004 0.010 0.049 0.884 
 346 P _   0.008 0.034 0.000 0.008 0.003 0.010 0.049 0.888 
 347 I _   0.008 0.033 0.000 0.008 0.003 0.010 0.049 0.889 
 348 T _   0.008 0.033 0.000 0.008 0.003 0.010 0.050 0.888 
 349 Q _   0.008 0.033 0.000 0.008 0.003 0.010 0.049 0.887 
 350 R _   0.008 0.035 0.000 0.009 0.004 0.011 0.049 0.885 
 351 A _   0.008 0.037 0.000 0.010 0.004 0.011 0.049 0.882 
 352 G _   0.008 0.040 0.001 0.010 0.004 0.012 0.048 0.877 
 353 T _   0.008 0.044 0.001 0.011 0.005 0.014 0.047 0.870 
 354 N _   0.009 0.049 0.001 0.013 0.006 0.016 0.046 0.860 
 355 G _   0.010 0.056 0.001 0.016 0.007 0.018 0.046 0.845 
 356 Y _   0.011 0.065 0.001 0.021 0.010 0.021 0.044 0.826 
 357 M _   0.013 0.076 0.001 0.027 0.012 0.023 0.043 0.804 
 358 A _   0.014 0.087 0.001 0.035 0.015 0.026 0.042 0.780 
 359 P _   0.015 0.095 0.001 0.043 0.017 0.027 0.042 0.759 
 360 E _   0.016 0.101 0.001 0.049 0.019 0.028 0.041 0.745 
 361 I _   0.017 0.102 0.001 0.052 0.019 0.028 0.041 0.739 
 362 L _   0.018 0.100 0.001 0.052 0.019 0.027 0.041 0.742 
 363 M _   0.018 0.092 0.001 0.047 0.017 0.026 0.042 0.756 
 364 E _   0.019 0.079 0.001 0.039 0.015 0.024 0.043 0.779 
 365 K _   0.021 0.060 0.001 0.029 0.012 0.023 0.044 0.810 
 366 V _   0.023 0.037 0.001 0.019 0.009 0.021 0.046 0.843 
 367 S _   0.027 0.018 0.001 0.011 0.007 0.021 0.047 0.869 
 368 Y _   0.035 0.006 0.001 0.006 0.005 0.020 0.047 0.879 
 369 S _   0.046 0.002 0.000 0.003 0.004 0.021 0.047 0.875 
 370 Y _   0.066 0.000 0.001 0.002 0.005 0.023 0.047 0.856 
 371 P _   0.097 0.000 0.001 0.002 0.006 0.027 0.047 0.820 
 372 V _   0.143 0.000 0.001 0.002 0.009 0.033 0.047 0.765 
 373 D _   0.201 0.000 0.001 0.003 0.015 0.040 0.046 0.694 
 374 W _   0.266 0.000 0.001 0.003 0.023 0.048 0.046 0.612 
 375 F _   0.328 0.001 0.002 0.004 0.034 0.055 0.046 0.530 
 376 A _   0.380 0.002 0.002 0.006 0.046 0.061 0.047 0.456 
 377 M H   0.419 0.004 0.003 0.008 0.058 0.065 0.048 0.396 
 378 G H   0.444 0.007 0.003 0.011 0.067 0.066 0.050 0.352 
 379 C H   0.458 0.011 0.003 0.014 0.073 0.066 0.053 0.323 
 380 S H   0.459 0.015 0.003 0.017 0.075 0.064 0.058 0.310 
 381 I H   0.448 0.018 0.003 0.021 0.073 0.061 0.064 0.313 
 382 Y H   0.425 0.020 0.003 0.025 0.069 0.057 0.071 0.330 
 383 E H   0.390 0.021 0.003 0.028 0.061 0.052 0.080 0.365 
 384 M _   0.343 0.020 0.003 0.028 0.051 0.046 0.092 0.417 
 385 V _   0.289 0.018 0.003 0.026 0.039 0.040 0.105 0.482 
 386 A _   0.229 0.014 0.002 0.023 0.027 0.033 0.119 0.554 
 387 G _   0.172 0.010 0.002 0.018 0.017 0.026 0.132 0.622 
 388 R _   0.124 0.007 0.001 0.014 0.011 0.020 0.144 0.680 
 389 T _   0.085 0.004 0.001 0.009 0.006 0.016 0.155 0.724 
 390 P _   0.055 0.002 0.001 0.007 0.004 0.012 0.163 0.756 
 391 F _   0.035 0.002 0.000 0.005 0.003 0.009 0.169 0.777 
 392 K _   0.022 0.001 0.000 0.004 0.002 0.007 0.174 0.789 
 393 D _   0.014 0.001 0.000 0.004 0.002 0.006 0.177 0.796 
 394 Y _   0.010 0.001 0.000 0.003 0.001 0.005 0.179 0.799 
 395 K _   0.007 0.002 0.000 0.003 0.001 0.005 0.181 0.800 
 396 E _   0.006 0.003 0.000 0.004 0.001 0.005 0.181 0.799 
 397 K _   0.005 0.005 0.000 0.005 0.002 0.006 0.181 0.797 
 398 V _   0.005 0.007 0.000 0.006 0.002 0.006 0.180 0.793 
 399 S _   0.005 0.012 0.000 0.008 0.002 0.007 0.179 0.787 
 400 K _   0.005 0.019 0.000 0.010 0.003 0.008 0.176 0.779 
 401 E _   0.005 0.027 0.000 0.013 0.003 0.009 0.174 0.768 
 402 D _   0.005 0.038 0.001 0.016 0.004 0.010 0.171 0.756 
 403 L _   0.005 0.049 0.001 0.019 0.005 0.011 0.169 0.742 
 404 K _   0.005 0.060 0.001 0.023 0.006 0.012 0.166 0.727 
 405 Q _   0.006 0.070 0.001 0.026 0.006 0.012 0.164 0.715 
 406 R _   0.006 0.077 0.001 0.030 0.007 0.013 0.163 0.704 
 407 T _   0.006 0.082 0.001 0.032 0.007 0.013 0.162 0.697 
 408 L _   0.006 0.085 0.001 0.032 0.007 0.013 0.162 0.693 
 409 Q _   0.006 0.086 0.001 0.032 0.007 0.012 0.163 0.694 
 410 D _   0.006 0.084 0.001 0.029 0.007 0.011 0.164 0.697 
 411 E _   0.006 0.081 0.001 0.026 0.006 0.011 0.166 0.704 
 412 V _   0.006 0.075 0.001 0.021 0.005 0.010 0.168 0.714 
 413 K _   0.006 0.069 0.001 0.016 0.004 0.009 0.171 0.725 
 414 F _   0.006 0.062 0.000 0.012 0.003 0.008 0.173 0.735 
 415 Q _   0.005 0.056 0.000 0.009 0.003 0.008 0.175 0.744 
 416 H _   0.005 0.052 0.000 0.007 0.002 0.007 0.176 0.750 
 417 D _   0.005 0.049 0.000 0.006 0.002 0.007 0.178 0.752 
 418 N _   0.005 0.048 0.000 0.006 0.002 0.008 0.178 0.752 
 419 F _   0.006 0.050 0.000 0.006 0.003 0.009 0.179 0.748 
 420 T _   0.007 0.054 0.000 0.007 0.003 0.011 0.179 0.739 
 421 E _   0.008 0.061 0.001 0.010 0.004 0.013 0.178 0.725 
 422 E _   0.009 0.074 0.001 0.014 0.006 0.015 0.177 0.703 
 423 A _   0.010 0.093 0.001 0.020 0.008 0.018 0.176 0.674 
 424 K _   0.011 0.115 0.001 0.028 0.011 0.020 0.174 0.640 
 425 D _   0.012 0.137 0.001 0.036 0.013 0.021 0.173 0.608 
 426 I _   0.013 0.153 0.001 0.043 0.014 0.021 0.173 0.581 
 427 C _   0.013 0.164 0.001 0.048 0.014 0.022 0.174 0.564 
 428 R _   0.013 0.168 0.001 0.051 0.014 0.021 0.176 0.556 
 429 L _   0.012 0.168 0.001 0.050 0.013 0.020 0.178 0.557 
 430 F _   0.012 0.163 0.001 0.046 0.012 0.018 0.182 0.566 
 431 L _   0.011 0.152 0.001 0.039 0.010 0.016 0.187 0.583 
 432 A _   0.011 0.135 0.001 0.032 0.009 0.015 0.193 0.605 
 433 K _   0.010 0.114 0.001 0.025 0.007 0.013 0.199 0.631 
 434 K _   0.010 0.093 0.001 0.019 0.005 0.012 0.205 0.655 
 435 P _   0.009 0.075 0.001 0.015 0.004 0.011 0.211 0.675 
 436 E _   0.009 0.060 0.000 0.012 0.004 0.010 0.216 0.689 
 437 Q _   0.009 0.050 0.000 0.010 0.003 0.009 0.221 0.699 
 438 R _   0.008 0.042 0.000 0.010 0.003 0.008 0.225 0.705 
 439 L _   0.008 0.035 0.000 0.009 0.002 0.008 0.228 0.710 
 440 G _   0.007 0.030 0.000 0.009 0.002 0.007 0.231 0.714 
 441 S _   0.006 0.026 0.000 0.008 0.002 0.006 0.232 0.719 
 442 R _   0.006 0.023 0.000 0.007 0.002 0.006 0.234 0.724 
 443 E _   0.005 0.020 0.000 0.005 0.002 0.005 0.234 0.729 
 444 K _   0.004 0.018 0.000 0.004 0.001 0.005 0.233 0.733 
 445 S _   0.004 0.017 0.000 0.004 0.001 0.005 0.232 0.737 
 446 D _   0.004 0.018 0.000 0.004 0.001 0.005 0.230 0.738 
 447 D _   0.004 0.020 0.000 0.004 0.002 0.006 0.227 0.738 
 448 P _   0.004 0.024 0.000 0.005 0.002 0.008 0.223 0.733 
 449 R _   0.006 0.035 0.000 0.008 0.003 0.010 0.217 0.720 
 450 K _   0.007 0.054 0.001 0.013 0.005 0.013 0.210 0.697 
 451 H _   0.008 0.085 0.001 0.019 0.007 0.016 0.201 0.663 
 452 H _   0.008 0.126 0.001 0.026 0.010 0.018 0.192 0.620 
 453 F _   0.008 0.168 0.001 0.031 0.011 0.019 0.183 0.578 
 454 F _   0.008 0.205 0.001 0.036 0.012 0.020 0.175 0.543 
 455 K _   0.008 0.233 0.001 0.038 0.012 0.020 0.169 0.519 
 456 T _   0.008 0.253 0.001 0.039 0.012 0.020 0.164 0.504 
 457 I _   0.008 0.267 0.001 0.038 0.012 0.020 0.160 0.494 
 458 N _   0.008 0.276 0.001 0.038 0.012 0.020 0.157 0.488 
 459 F _   0.009 0.282 0.001 0.037 0.012 0.019 0.155 0.485 
 460 P _   0.009 0.284 0.001 0.037 0.012 0.019 0.154 0.484 
 461 R _   0.010 0.284 0.001 0.037 0.012 0.019 0.153 0.485 
 462 L _   0.010 0.280 0.001 0.037 0.012 0.018 0.153 0.489 
 463 E _   0.010 0.273 0.001 0.037 0.011 0.017 0.154 0.496 
 464 A _   0.011 0.262 0.001 0.036 0.011 0.016 0.155 0.508 
 465 G _   0.011 0.245 0.001 0.034 0.010 0.015 0.157 0.526 
 466 L _   0.011 0.221 0.001 0.030 0.009 0.014 0.160 0.552 
 467 I _   0.011 0.190 0.001 0.026 0.008 0.013 0.164 0.587 
 468 E _   0.010 0.153 0.001 0.021 0.007 0.012 0.168 0.628 
 469 P _   0.010 0.116 0.001 0.016 0.005 0.010 0.172 0.670 
 470 P _   0.008 0.085 0.001 0.011 0.004 0.009 0.175 0.707 
 471 F _   0.007 0.063 0.000 0.007 0.003 0.008 0.177 0.734 
 472 V _   0.006 0.051 0.000 0.005 0.002 0.007 0.178 0.749 
 473 P _   0.005 0.046 0.000 0.004 0.002 0.007 0.179 0.757 
 474 D _   0.005 0.044 0.000 0.004 0.002 0.007 0.179 0.759 
 475 P _   0.005 0.045 0.000 0.005 0.002 0.008 0.178 0.757 
 476 S _   0.006 0.048 0.000 0.007 0.003 0.009 0.176 0.751 
 477 V _   0.006 0.055 0.000 0.010 0.004 0.010 0.174 0.740 
 478 V _   0.007 0.065 0.001 0.014 0.005 0.011 0.172 0.726 
 479 Y _   0.007 0.076 0.001 0.018 0.006 0.012 0.169 0.712 
 480 A _   0.007 0.088 0.001 0.021 0.006 0.013 0.167 0.698 
 481 K _   0.006 0.097 0.001 0.023 0.007 0.013 0.165 0.689 
 482 D _   0.006 0.104 0.001 0.024 0.007 0.013 0.163 0.683 
 483 I _   0.006 0.109 0.001 0.024 0.007 0.012 0.162 0.679 
 484 A _   0.006 0.113 0.001 0.023 0.006 0.012 0.161 0.678 
 485 E _   0.006 0.115 0.001 0.022 0.006 0.012 0.161 0.678 
 486 I _   0.006 0.116 0.001 0.021 0.006 0.012 0.161 0.678 
 487 D _   0.006 0.117 0.001 0.021 0.006 0.012 0.161 0.676 
 488 D _   0.006 0.117 0.001 0.022 0.006 0.012 0.162 0.674 
 489 F _   0.007 0.117 0.001 0.023 0.007 0.012 0.163 0.671 
 490 S _   0.007 0.116 0.001 0.024 0.007 0.013 0.165 0.667 
 491 E _   0.008 0.114 0.001 0.026 0.007 0.012 0.167 0.665 
 492 V _   0.008 0.110 0.001 0.026 0.007 0.012 0.170 0.667 
 493 R _   0.008 0.103 0.001 0.025 0.007 0.012 0.173 0.672 
 494 G _   0.008 0.093 0.001 0.023 0.006 0.011 0.177 0.682 
 495 V _   0.007 0.080 0.001 0.019 0.005 0.010 0.181 0.696 
 496 E _   0.007 0.066 0.001 0.015 0.004 0.009 0.186 0.713 
 497 F _   0.006 0.052 0.000 0.011 0.003 0.008 0.190 0.730 
 498 D _   0.005 0.040 0.000 0.008 0.003 0.007 0.193 0.744 
 499 D _   0.005 0.033 0.000 0.005 0.002 0.007 0.195 0.752 
 500 K _   0.005 0.029 0.000 0.004 0.002 0.007 0.197 0.756 
 501 D _   0.005 0.028 0.000 0.004 0.002 0.008 0.198 0.755 
 502 K _   0.006 0.028 0.000 0.004 0.002 0.009 0.199 0.751 
 503 Q _   0.007 0.031 0.000 0.006 0.003 0.012 0.199 0.742 
 504 F _   0.008 0.038 0.001 0.009 0.004 0.015 0.199 0.726 
 505 F _   0.011 0.049 0.001 0.012 0.007 0.019 0.198 0.703 
 506 K _   0.013 0.065 0.001 0.017 0.009 0.023 0.198 0.675 
 507 N _   0.015 0.082 0.001 0.022 0.012 0.026 0.197 0.645 
 508 F _   0.017 0.097 0.001 0.026 0.014 0.030 0.197 0.619 
 509 A _   0.019 0.108 0.001 0.028 0.016 0.032 0.198 0.597 
 510 T _   0.022 0.117 0.001 0.028 0.018 0.035 0.199 0.581 
 511 G _   0.024 0.123 0.001 0.027 0.019 0.037 0.201 0.568 
 512 A _   0.027 0.127 0.001 0.025 0.019 0.038 0.204 0.560 
 513 V _   0.030 0.129 0.001 0.022 0.019 0.039 0.207 0.552 
 514 P _   0.033 0.131 0.001 0.020 0.018 0.040 0.211 0.546 
 515 I _   0.036 0.132 0.001 0.018 0.019 0.041 0.215 0.538 
 516 A _   0.039 0.134 0.001 0.017 0.019 0.042 0.220 0.529 
 517 W _   0.041 0.138 0.001 0.017 0.020 0.043 0.225 0.517 
 518 Q _   0.041 0.143 0.001 0.019 0.021 0.043 0.230 0.502 
 519 E _   0.041 0.150 0.001 0.023 0.022 0.042 0.236 0.485 
 520 E _   0.039 0.157 0.002 0.028 0.023 0.041 0.243 0.466 
 521 I _   0.037 0.165 0.002 0.035 0.024 0.039 0.250 0.448 
 522 I _   0.034 0.170 0.002 0.042 0.023 0.036 0.259 0.433 
 523 E _   0.031 0.172 0.002 0.047 0.022 0.033 0.270 0.423 
 524 T _   0.027 0.169 0.002 0.049 0.020 0.030 0.284 0.420 
 525 G _   0.024 0.162 0.002 0.047 0.017 0.026 0.299 0.424 
 526 L _   0.020 0.147 0.001 0.043 0.014 0.022 0.318 0.436 
 527 F _   0.017 0.124 0.001 0.035 0.011 0.018 0.338 0.456 
 528 E _   0.014 0.095 0.001 0.026 0.008 0.014 0.360 0.481 
 529 E _   0.011 0.066 0.001 0.018 0.006 0.011 0.382 0.505 
 530 L _   0.009 0.043 0.001 0.012 0.004 0.009 0.400 0.524 
 531 N _   0.007 0.028 0.000 0.007 0.002 0.007 0.414 0.534 
 532 D _   0.006 0.020 0.000 0.005 0.002 0.005 0.425 0.537 
 533 P _   0.005 0.017 0.000 0.004 0.001 0.005 0.432 0.537 
 534 N _   0.004 0.015 0.000 0.003 0.001 0.004 0.438 0.534 
 535 R _   0.004 0.015 0.000 0.004 0.001 0.005 0.442 0.530 
 536 P _   0.004 0.015 0.000 0.004 0.001 0.005 0.445 0.526 
 537 T _   0.003 0.017 0.000 0.005 0.001 0.005 0.446 0.522 
 538 G _   0.003 0.019 0.000 0.005 0.001 0.006 0.446 0.519 
 539 C _   0.003 0.022 0.000 0.006 0.001 0.007 0.445 0.515 
 540 E _   0.003 0.027 0.000 0.006 0.002 0.008 0.443 0.511 
 541 E _   0.004 0.034 0.000 0.007 0.002 0.009 0.438 0.504 
 542 G _   0.005 0.047 0.000 0.009 0.003 0.012 0.433 0.491 
 543 N _   0.007 0.070 0.001 0.012 0.006 0.015 0.424 0.465 
 544 S _   0.009 0.114 0.001 0.018 0.010 0.019 0.412 0.418 
 545 S X   0.010 0.193 0.002 0.025 0.015 0.021 0.394 0.339 
 546 K X   0.009 0.308 0.003 0.032 0.018 0.019 0.375 0.236 
 547 S E   0.006 0.432 0.002 0.036 0.015 0.014 0.359 0.136 
 548 G E   0.003 0.513 0.001 0.035 0.010 0.009 0.351 0.079 
 549 V E   0.002 0.550 0.001 0.034 0.004 0.004 0.348 0.057 
 550 C E   0.001 0.563 0.000 0.031 0.001 0.002 0.348 0.053 
 551 L E   0.001 0.565 0.000 0.029 0.001 0.001 0.347 0.056 
 552 L E   0.001 0.561 0.000 0.029 0.001 0.001 0.344 0.063 
 553 L E   0.004 0.544 0.002 0.037 0.005 0.004 0.334 0.071 
