#TopoPred_TM8: 8-state transmembrane topology prediction results by no_profile mode 
#probabilities are in the order of H E C I L F X _, the 8 transmembrane topology types used in PDBTM 
   1 M X   0.008 0.001 0.002 0.034 0.008 0.008 0.870 0.068 
   2 E X   0.004 0.000 0.000 0.020 0.002 0.005 0.896 0.073 
   3 L X   0.002 0.000 0.000 0.013 0.001 0.004 0.903 0.077 
   4 L X   0.002 0.000 0.000 0.010 0.001 0.004 0.904 0.079 
   5 R X   0.002 0.001 0.000 0.008 0.001 0.004 0.903 0.081 
   6 T X   0.003 0.001 0.000 0.007 0.001 0.005 0.899 0.084 
   7 I X   0.003 0.001 0.000 0.006 0.001 0.005 0.896 0.087 
   8 T X   0.003 0.002 0.000 0.005 0.001 0.005 0.891 0.091 
   9 Y X   0.003 0.002 0.000 0.005 0.002 0.005 0.887 0.095 
  10 Q X   0.003 0.003 0.000 0.005 0.002 0.005 0.882 0.100 
  11 P X   0.003 0.004 0.000 0.004 0.002 0.005 0.877 0.105 
  12 A X   0.003 0.005 0.000 0.004 0.002 0.005 0.872 0.109 
  13 A X   0.003 0.006 0.000 0.004 0.002 0.005 0.867 0.112 
  14 S X   0.003 0.008 0.000 0.005 0.002 0.005 0.862 0.115 
  15 T X   0.003 0.010 0.000 0.006 0.003 0.006 0.857 0.116 
  16 K X   0.003 0.014 0.000 0.007 0.003 0.006 0.852 0.115 
  17 M X   0.003 0.018 0.000 0.010 0.004 0.007 0.846 0.113 
  18 C X   0.003 0.022 0.000 0.013 0.004 0.007 0.841 0.110 
  19 E X   0.003 0.026 0.000 0.015 0.005 0.007 0.837 0.107 
  20 Q X   0.003 0.028 0.000 0.017 0.005 0.007 0.834 0.105 
  21 A X   0.003 0.030 0.000 0.018 0.005 0.006 0.832 0.105 
  22 L X   0.003 0.030 0.000 0.018 0.004 0.006 0.832 0.105 
  23 G X   0.003 0.029 0.000 0.017 0.004 0.006 0.834 0.107 
  24 K X   0.003 0.027 0.000 0.015 0.003 0.005 0.836 0.110 
  25 G X   0.003 0.024 0.000 0.012 0.003 0.004 0.840 0.114 
  26 C X   0.003 0.019 0.000 0.009 0.002 0.004 0.844 0.118 
  27 G X   0.002 0.015 0.000 0.007 0.002 0.003 0.848 0.123 
  28 A X   0.002 0.010 0.000 0.005 0.001 0.003 0.853 0.126 
  29 D X   0.002 0.007 0.000 0.003 0.001 0.002 0.856 0.128 
  30 S X   0.002 0.004 0.000 0.002 0.001 0.002 0.859 0.130 
  31 K X   0.002 0.003 0.000 0.002 0.000 0.002 0.861 0.131 
  32 K X   0.002 0.002 0.000 0.001 0.000 0.002 0.861 0.132 
  33 K X   0.001 0.002 0.000 0.001 0.000 0.001 0.861 0.132 
  34 R X   0.001 0.001 0.000 0.001 0.000 0.001 0.860 0.134 
  35 P X   0.001 0.001 0.000 0.001 0.000 0.001 0.859 0.136 
  36 P X   0.001 0.001 0.000 0.002 0.000 0.002 0.856 0.138 
  37 Q X   0.001 0.001 0.000 0.002 0.000 0.002 0.852 0.142 
  38 P X   0.001 0.001 0.000 0.002 0.001 0.002 0.847 0.146 
  39 P X   0.001 0.001 0.000 0.002 0.001 0.002 0.840 0.152 
  40 E X   0.001 0.002 0.000 0.003 0.001 0.002 0.832 0.160 
  41 E X   0.001 0.002 0.000 0.003 0.001 0.002 0.822 0.169 
  42 S X   0.001 0.003 0.000 0.004 0.001 0.003 0.809 0.179 
  43 Q X   0.002 0.004 0.000 0.004 0.001 0.003 0.795 0.191 
  44 P X   0.002 0.005 0.000 0.006 0.001 0.004 0.778 0.204 
  45 P X   0.002 0.008 0.000 0.008 0.002 0.005 0.758 0.218 
  46 Q X   0.002 0.012 0.000 0.010 0.002 0.006 0.736 0.231 
  47 S X   0.002 0.018 0.000 0.014 0.003 0.007 0.711 0.245 
  48 Q X   0.003 0.025 0.001 0.018 0.004 0.008 0.685 0.258 
  49 A X   0.003 0.032 0.001 0.023 0.005 0.009 0.658 0.270 
  50 Q X   0.003 0.040 0.001 0.027 0.005 0.010 0.633 0.282 
  51 V X   0.003 0.046 0.001 0.031 0.005 0.010 0.610 0.294 
  52 P X   0.003 0.051 0.001 0.032 0.005 0.010 0.591 0.307 
  53 P X   0.003 0.053 0.001 0.032 0.005 0.010 0.575 0.321 
  54 A X   0.003 0.055 0.001 0.029 0.005 0.009 0.561 0.337 
  55 A X   0.003 0.055 0.001 0.026 0.004 0.009 0.550 0.354 
  56 P X   0.003 0.053 0.000 0.021 0.004 0.008 0.538 0.372 
  57 H X   0.003 0.051 0.000 0.017 0.003 0.007 0.528 0.391 
  58 H X   0.003 0.049 0.000 0.012 0.002 0.006 0.518 0.409 
  59 H X   0.003 0.047 0.000 0.009 0.002 0.006 0.507 0.426 
  60 H X   0.003 0.047 0.000 0.007 0.002 0.006 0.495 0.441 
  61 H X   0.003 0.047 0.000 0.007 0.002 0.006 0.482 0.454 
  62 H X   0.003 0.049 0.000 0.007 0.002 0.007 0.467 0.466 
  63 S _   0.003 0.054 0.000 0.008 0.003 0.008 0.448 0.475 
  64 H _   0.004 0.063 0.001 0.012 0.004 0.010 0.426 0.480 
  65 S _   0.005 0.080 0.001 0.017 0.006 0.013 0.400 0.479 
  66 G _   0.006 0.107 0.001 0.024 0.009 0.016 0.369 0.469 
  67 P _   0.006 0.144 0.001 0.031 0.011 0.018 0.336 0.452 
  68 E _   0.007 0.183 0.002 0.039 0.013 0.019 0.306 0.432 
  69 I _   0.007 0.218 0.002 0.044 0.014 0.020 0.280 0.415 
  70 S _   0.007 0.245 0.001 0.047 0.014 0.020 0.260 0.405 
  71 R _   0.007 0.263 0.001 0.048 0.014 0.019 0.244 0.403 
  72 I _   0.007 0.274 0.001 0.047 0.013 0.019 0.232 0.406 
  73 I _   0.008 0.279 0.001 0.044 0.012 0.018 0.222 0.416 
  74 V _   0.008 0.280 0.001 0.038 0.011 0.017 0.214 0.431 
  75 D _   0.008 0.277 0.001 0.032 0.009 0.015 0.208 0.450 
  76 P _   0.008 0.271 0.001 0.026 0.008 0.014 0.202 0.471 
  77 T _   0.008 0.263 0.001 0.020 0.006 0.013 0.197 0.492 
  78 T _   0.007 0.255 0.001 0.015 0.005 0.012 0.193 0.512 
  79 G _   0.007 0.249 0.001 0.012 0.004 0.011 0.188 0.528 
  80 K _   0.006 0.246 0.000 0.010 0.004 0.011 0.183 0.540 
  81 R _   0.006 0.245 0.000 0.009 0.004 0.011 0.178 0.547 
  82 Y _   0.006 0.247 0.000 0.009 0.004 0.011 0.172 0.551 
  83 C _   0.006 0.254 0.001 0.010 0.004 0.011 0.165 0.550 
  84 R _   0.006 0.264 0.001 0.012 0.005 0.011 0.158 0.544 
  85 G _   0.006 0.278 0.001 0.015 0.005 0.012 0.150 0.534 
  86 K _   0.006 0.295 0.001 0.018 0.006 0.012 0.142 0.521 
  87 V _   0.006 0.313 0.001 0.021 0.007 0.012 0.134 0.507 
  88 L _   0.005 0.330 0.001 0.024 0.007 0.012 0.126 0.494 
  89 G _   0.005 0.345 0.001 0.027 0.008 0.013 0.119 0.483 
  90 K _   0.005 0.356 0.001 0.030 0.008 0.013 0.113 0.474 
  91 G _   0.005 0.364 0.001 0.032 0.009 0.013 0.109 0.468 
  92 G _   0.005 0.367 0.001 0.034 0.009 0.013 0.105 0.466 
  93 F _   0.006 0.366 0.001 0.035 0.009 0.013 0.102 0.469 
  94 A _   0.006 0.360 0.001 0.035 0.009 0.013 0.100 0.476 
  95 K _   0.006 0.349 0.001 0.034 0.009 0.012 0.099 0.490 
  96 C _   0.007 0.330 0.001 0.032 0.008 0.012 0.099 0.511 
  97 Y _   0.007 0.303 0.001 0.028 0.008 0.011 0.099 0.542 
  98 E _   0.007 0.267 0.001 0.025 0.007 0.011 0.100 0.581 
  99 M _   0.007 0.226 0.001 0.020 0.006 0.011 0.101 0.628 
 100 T _   0.007 0.186 0.001 0.015 0.005 0.010 0.102 0.673 
 101 D _   0.007 0.154 0.001 0.011 0.004 0.010 0.103 0.710 
 102 L _   0.007 0.133 0.000 0.008 0.003 0.010 0.103 0.735 
 103 T _   0.007 0.121 0.000 0.006 0.003 0.010 0.103 0.750 
 104 N _   0.007 0.116 0.000 0.006 0.003 0.011 0.102 0.755 
 105 N _   0.008 0.116 0.000 0.007 0.003 0.012 0.101 0.753 
 106 K _   0.009 0.119 0.000 0.010 0.004 0.014 0.100 0.744 
 107 V _   0.010 0.127 0.001 0.014 0.006 0.016 0.098 0.729 
 108 Y _   0.011 0.137 0.001 0.020 0.008 0.018 0.096 0.709 
 109 A _   0.012 0.149 0.001 0.027 0.010 0.019 0.094 0.688 
 110 A _   0.013 0.159 0.001 0.033 0.011 0.020 0.092 0.671 
 111 K _   0.013 0.165 0.001 0.037 0.012 0.020 0.091 0.661 
 112 I _   0.012 0.167 0.001 0.039 0.012 0.019 0.091 0.659 
 113 I _   0.012 0.165 0.001 0.039 0.012 0.018 0.091 0.662 
 114 P _   0.012 0.159 0.001 0.037 0.011 0.017 0.091 0.672 
 115 H _   0.011 0.148 0.001 0.032 0.010 0.016 0.092 0.690 
 116 S _   0.011 0.131 0.001 0.027 0.008 0.014 0.094 0.713 
 117 R _   0.011 0.111 0.001 0.022 0.007 0.013 0.096 0.740 
 118 V _   0.010 0.090 0.001 0.017 0.005 0.011 0.097 0.769 
 119 A _   0.009 0.071 0.001 0.013 0.004 0.010 0.099 0.794 
 120 K _   0.008 0.056 0.000 0.009 0.003 0.009 0.100 0.814 
 121 P _   0.007 0.047 0.000 0.007 0.003 0.008 0.100 0.828 
 122 H _   0.006 0.042 0.000 0.005 0.002 0.008 0.100 0.836 
 123 Q _   0.006 0.039 0.000 0.005 0.002 0.008 0.100 0.841 
 124 R _   0.006 0.039 0.000 0.005 0.002 0.008 0.098 0.842 
 125 E _   0.006 0.040 0.000 0.005 0.002 0.009 0.097 0.840 
 126 K _   0.007 0.045 0.000 0.007 0.003 0.011 0.095 0.833 
 127 I _   0.008 0.053 0.001 0.009 0.004 0.014 0.092 0.820 
 128 D _   0.009 0.067 0.001 0.013 0.006 0.017 0.089 0.800 
 129 K _   0.010 0.087 0.001 0.017 0.008 0.020 0.085 0.772 
 130 E _   0.012 0.109 0.001 0.022 0.010 0.023 0.081 0.741 
 131 I _   0.013 0.132 0.001 0.027 0.012 0.026 0.078 0.712 
 132 E _   0.015 0.150 0.001 0.030 0.014 0.028 0.075 0.688 
 133 L _   0.016 0.164 0.001 0.031 0.015 0.030 0.072 0.671 
 134 H _   0.018 0.174 0.001 0.032 0.016 0.031 0.070 0.659 
 135 R _   0.019 0.180 0.001 0.031 0.017 0.032 0.068 0.652 
 136 I _   0.020 0.183 0.001 0.030 0.017 0.033 0.067 0.648 
 137 L _   0.022 0.185 0.001 0.028 0.018 0.033 0.066 0.647 
 138 H _   0.023 0.185 0.001 0.028 0.018 0.033 0.065 0.647 
 139 H _   0.024 0.184 0.001 0.028 0.018 0.033 0.064 0.647 
 140 K _   0.025 0.183 0.001 0.030 0.018 0.032 0.064 0.647 
 141 H _   0.025 0.180 0.001 0.032 0.018 0.031 0.064 0.649 
 142 V _   0.025 0.175 0.001 0.034 0.017 0.029 0.065 0.654 
 143 V _   0.024 0.166 0.001 0.035 0.016 0.027 0.065 0.665 
 144 Q _   0.023 0.153 0.001 0.034 0.015 0.024 0.066 0.685 
 145 F _   0.021 0.132 0.001 0.030 0.012 0.021 0.068 0.714 
 146 Y _   0.019 0.104 0.001 0.025 0.010 0.018 0.069 0.753 
 147 H _   0.016 0.073 0.001 0.018 0.008 0.016 0.071 0.797 
 148 Y _   0.014 0.044 0.001 0.012 0.006 0.014 0.072 0.839 
 149 F _   0.012 0.023 0.001 0.007 0.004 0.012 0.072 0.869 
 150 E _   0.010 0.012 0.000 0.004 0.003 0.011 0.072 0.887 
 151 D _   0.009 0.008 0.000 0.003 0.002 0.011 0.072 0.895 
 152 K _   0.010 0.006 0.000 0.003 0.002 0.012 0.071 0.895 
 153 E _   0.011 0.007 0.000 0.004 0.003 0.014 0.070 0.890 
 154 N _   0.013 0.008 0.000 0.007 0.005 0.018 0.069 0.879 
 155 I _   0.017 0.013 0.001 0.012 0.008 0.022 0.067 0.862 
 156 Y _   0.020 0.018 0.001 0.019 0.011 0.026 0.065 0.840 
 157 I _   0.022 0.024 0.001 0.025 0.014 0.029 0.063 0.821 
 158 L _   0.024 0.029 0.001 0.030 0.016 0.032 0.061 0.808 
 159 L _   0.025 0.031 0.001 0.032 0.017 0.033 0.059 0.802 
 160 E _   0.025 0.031 0.001 0.030 0.018 0.034 0.058 0.804 
 161 Y _   0.025 0.029 0.001 0.026 0.017 0.034 0.056 0.811 
 162 C _   0.026 0.026 0.001 0.021 0.016 0.033 0.055 0.821 
 163 S _   0.028 0.023 0.001 0.017 0.015 0.033 0.054 0.829 
 164 R _   0.030 0.020 0.001 0.014 0.014 0.033 0.054 0.835 
 165 R _   0.031 0.018 0.001 0.013 0.013 0.032 0.053 0.838 
 166 S _   0.033 0.016 0.001 0.013 0.013 0.032 0.053 0.839 
 167 M _   0.035 0.015 0.001 0.014 0.013 0.031 0.053 0.838 
 168 A _   0.036 0.015 0.001 0.015 0.013 0.031 0.053 0.836 
 169 H _   0.037 0.014 0.001 0.016 0.013 0.030 0.052 0.837 
 170 I _   0.037 0.013 0.001 0.017 0.013 0.028 0.052 0.839 
 171 L _   0.037 0.011 0.001 0.016 0.012 0.027 0.052 0.845 
 172 K _   0.035 0.009 0.001 0.014 0.010 0.025 0.052 0.853 
 173 A _   0.034 0.007 0.001 0.011 0.009 0.023 0.052 0.863 
 174 R _   0.032 0.005 0.001 0.009 0.008 0.022 0.052 0.872 
 175 K _   0.031 0.003 0.001 0.007 0.006 0.021 0.052 0.880 
 176 V _   0.031 0.002 0.001 0.005 0.005 0.020 0.052 0.885 
 177 L _   0.031 0.001 0.001 0.004 0.005 0.020 0.051 0.887 
 178 T _   0.032 0.001 0.001 0.004 0.005 0.021 0.051 0.886 
 179 E _   0.036 0.001 0.001 0.004 0.005 0.023 0.050 0.882 
 180 P _   0.040 0.001 0.001 0.004 0.006 0.025 0.049 0.874 
 181 E _   0.046 0.001 0.001 0.005 0.008 0.028 0.048 0.862 
 182 V _   0.052 0.002 0.001 0.007 0.011 0.032 0.047 0.848 
 183 R _   0.058 0.004 0.001 0.009 0.015 0.036 0.047 0.831 
 184 Y _   0.063 0.006 0.001 0.012 0.019 0.039 0.046 0.813 
 185 Y _   0.068 0.009 0.001 0.015 0.022 0.042 0.045 0.797 
 186 L _   0.071 0.011 0.002 0.018 0.025 0.044 0.044 0.785 
 187 R _   0.072 0.014 0.002 0.021 0.026 0.044 0.044 0.777 
 188 Q _   0.071 0.015 0.002 0.023 0.026 0.044 0.044 0.776 
 189 I _   0.068 0.016 0.002 0.023 0.025 0.042 0.044 0.780 
 190 V _   0.065 0.016 0.002 0.022 0.023 0.040 0.044 0.789 
 191 S _   0.060 0.015 0.001 0.020 0.020 0.037 0.045 0.801 
 192 G _   0.055 0.014 0.001 0.018 0.018 0.035 0.045 0.815 
 193 L _   0.049 0.012 0.001 0.016 0.015 0.032 0.046 0.829 
 194 K _   0.043 0.011 0.001 0.014 0.013 0.029 0.046 0.843 
 195 Y _   0.038 0.009 0.001 0.012 0.011 0.027 0.047 0.856 
 196 L _   0.032 0.008 0.001 0.012 0.009 0.024 0.047 0.867 
 197 H _   0.028 0.006 0.001 0.011 0.008 0.022 0.048 0.876 
 198 E _   0.025 0.005 0.001 0.010 0.007 0.020 0.048 0.883 
 199 Q _   0.022 0.005 0.001 0.010 0.006 0.019 0.048 0.889 
 200 E _   0.020 0.004 0.001 0.009 0.006 0.018 0.049 0.894 
 201 I _   0.019 0.003 0.001 0.008 0.005 0.017 0.049 0.899 
 202 L _   0.018 0.003 0.001 0.007 0.005 0.016 0.049 0.902 
 203 H _   0.017 0.002 0.001 0.007 0.005 0.016 0.049 0.904 
 204 R _   0.017 0.002 0.001 0.006 0.005 0.016 0.048 0.905 
 205 D _   0.018 0.002 0.001 0.006 0.005 0.017 0.048 0.904 
 206 L _   0.020 0.002 0.001 0.006 0.006 0.018 0.048 0.900 
 207 K _   0.022 0.002 0.001 0.007 0.006 0.019 0.047 0.895 
 208 L _   0.025 0.003 0.001 0.008 0.008 0.021 0.047 0.888 
 209 G _   0.029 0.004 0.001 0.009 0.009 0.023 0.047 0.878 
 210 N _   0.032 0.005 0.001 0.011 0.011 0.025 0.046 0.867 
 211 F _   0.036 0.007 0.001 0.014 0.013 0.026 0.046 0.857 
 212 F _   0.038 0.008 0.001 0.016 0.014 0.027 0.046 0.849 
 213 I _   0.040 0.009 0.001 0.018 0.015 0.028 0.046 0.843 
 214 N _   0.040 0.010 0.001 0.018 0.015 0.028 0.046 0.841 
 215 E _   0.039 0.010 0.001 0.018 0.014 0.027 0.046 0.843 
 216 A _   0.038 0.010 0.001 0.017 0.013 0.026 0.047 0.849 
 217 M _   0.036 0.010 0.001 0.014 0.011 0.024 0.047 0.856 
 218 E _   0.034 0.009 0.001 0.012 0.010 0.023 0.048 0.864 
 219 L _   0.031 0.008 0.001 0.011 0.008 0.021 0.048 0.872 
 220 K _   0.028 0.008 0.001 0.010 0.007 0.020 0.049 0.878 
 221 V _   0.026 0.008 0.001 0.009 0.007 0.019 0.049 0.882 
 222 G _   0.024 0.008 0.001 0.010 0.007 0.018 0.049 0.883 
 223 D _   0.023 0.009 0.001 0.011 0.007 0.018 0.049 0.883 
 224 F _   0.021 0.010 0.001 0.013 0.007 0.017 0.049 0.882 
 225 G _   0.020 0.010 0.001 0.014 0.007 0.017 0.050 0.881 
 226 L _   0.019 0.011 0.001 0.015 0.007 0.016 0.050 0.882 
 227 A _   0.017 0.011 0.001 0.015 0.007 0.015 0.050 0.885 
 228 A _   0.015 0.010 0.001 0.014 0.006 0.014 0.050 0.890 
 229 R _   0.014 0.010 0.001 0.012 0.005 0.013 0.051 0.896 
 230 L _   0.012 0.009 0.001 0.010 0.004 0.012 0.051 0.902 
 231 E _   0.011 0.008 0.000 0.008 0.004 0.011 0.051 0.906 
 232 P _   0.011 0.008 0.000 0.007 0.004 0.011 0.050 0.909 
 233 L _   0.010 0.007 0.000 0.007 0.004 0.011 0.050 0.910 
 234 E _   0.010 0.008 0.000 0.007 0.004 0.011 0.050 0.909 
 235 H _   0.011 0.009 0.000 0.009 0.004 0.011 0.049 0.906 
 236 R _   0.011 0.011 0.001 0.011 0.005 0.012 0.049 0.901 
 237 R _   0.011 0.013 0.001 0.014 0.006 0.013 0.049 0.895 
 238 R _   0.011 0.015 0.001 0.017 0.006 0.013 0.048 0.889 
 239 T _   0.011 0.016 0.001 0.019 0.007 0.013 0.048 0.886 
 240 I _   0.010 0.017 0.001 0.021 0.007 0.013 0.048 0.884 
 241 C _   0.010 0.017 0.001 0.021 0.007 0.012 0.047 0.885 
 242 G _   0.009 0.017 0.001 0.020 0.006 0.011 0.047 0.889 
 243 T _   0.009 0.015 0.001 0.018 0.005 0.010 0.047 0.895 
 244 P _   0.008 0.013 0.001 0.015 0.005 0.009 0.048 0.901 
 245 N _   0.008 0.011 0.001 0.013 0.004 0.009 0.048 0.907 
 246 Y _   0.007 0.009 0.000 0.011 0.004 0.008 0.048 0.913 
 247 L _   0.007 0.007 0.000 0.010 0.003 0.007 0.048 0.918 
 248 S _   0.006 0.005 0.000 0.009 0.003 0.007 0.048 0.922 
 249 P _   0.006 0.004 0.000 0.008 0.003 0.006 0.047 0.925 
 250 E _   0.006 0.003 0.000 0.007 0.002 0.006 0.047 0.928 
 251 V _   0.006 0.002 0.000 0.007 0.002 0.006 0.046 0.931 
 252 L _   0.007 0.001 0.000 0.006 0.002 0.005 0.045 0.934 
 253 N _   0.008 0.001 0.000 0.005 0.002 0.005 0.043 0.935 
 254 K _   0.012 0.001 0.000 0.004 0.002 0.005 0.041 0.935 
 255 Q _   0.019 0.000 0.000 0.003 0.002 0.005 0.039 0.931 
 256 G _   0.034 0.000 0.000 0.002 0.002 0.006 0.036 0.920 
 257 H _   0.061 0.000 0.000 0.002 0.003 0.007 0.032 0.895 
 258 G _   0.112 0.000 0.001 0.002 0.004 0.008 0.028 0.846 
 259 C _   0.195 0.000 0.001 0.001 0.005 0.010 0.023 0.765 
 260 E _   0.314 0.000 0.001 0.001 0.007 0.011 0.017 0.648 
 261 S _   0.457 0.000 0.001 0.001 0.009 0.012 0.012 0.508 
 262 D H   0.601 0.000 0.001 0.001 0.011 0.013 0.008 0.365 
 263 I H   0.725 0.000 0.001 0.001 0.013 0.012 0.005 0.243 
 264 W H   0.814 0.000 0.001 0.001 0.015 0.011 0.003 0.155 
 265 A H   0.871 0.000 0.001 0.001 0.015 0.010 0.002 0.100 
 266 L H   0.902 0.000 0.001 0.001 0.016 0.009 0.002 0.070 
 267 G H   0.918 0.000 0.001 0.000 0.016 0.008 0.002 0.055 
 268 C H   0.922 0.000 0.001 0.000 0.017 0.007 0.002 0.051 
 269 V H   0.918 0.000 0.001 0.001 0.017 0.007 0.002 0.055 
 270 M H   0.904 0.000 0.001 0.001 0.018 0.007 0.002 0.068 
 271 Y H   0.877 0.000 0.001 0.001 0.019 0.007 0.002 0.093 
 272 T H   0.830 0.000 0.001 0.001 0.019 0.008 0.004 0.137 
 273 M H   0.757 0.000 0.002 0.001 0.018 0.009 0.005 0.208 
 274 L H   0.659 0.000 0.002 0.002 0.016 0.009 0.008 0.304 
 275 L H   0.537 0.000 0.001 0.002 0.013 0.010 0.013 0.424 
 276 G _   0.408 0.000 0.001 0.002 0.010 0.010 0.018 0.551 
 277 R _   0.292 0.000 0.001 0.002 0.008 0.009 0.023 0.665 
 278 P _   0.197 0.000 0.001 0.002 0.005 0.009 0.027 0.759 
 279 P _   0.125 0.000 0.001 0.002 0.004 0.008 0.031 0.829 
 280 F _   0.076 0.000 0.000 0.002 0.003 0.007 0.034 0.876 
 281 E _   0.047 0.000 0.000 0.002 0.002 0.007 0.036 0.904 
 282 T _   0.030 0.000 0.000 0.002 0.002 0.008 0.038 0.919 
 283 T _   0.021 0.001 0.000 0.003 0.002 0.008 0.039 0.926 
 284 N _   0.017 0.002 0.000 0.004 0.003 0.010 0.040 0.925 
 285 L _   0.015 0.004 0.000 0.005 0.003 0.012 0.041 0.919 
 286 K _   0.015 0.009 0.001 0.008 0.005 0.015 0.041 0.907 
 287 E _   0.015 0.018 0.001 0.012 0.007 0.019 0.041 0.887 
 288 T _   0.016 0.030 0.001 0.018 0.010 0.022 0.041 0.862 
 289 Y _   0.017 0.044 0.001 0.025 0.013 0.025 0.040 0.834 
 290 R _   0.018 0.058 0.001 0.032 0.016 0.027 0.040 0.808 
 291 C _   0.019 0.068 0.001 0.037 0.017 0.029 0.040 0.788 
 292 I _   0.019 0.075 0.001 0.040 0.018 0.030 0.041 0.775 
 293 R _   0.020 0.079 0.001 0.041 0.018 0.030 0.042 0.770 
 294 E _   0.019 0.079 0.001 0.038 0.017 0.029 0.043 0.773 
 295 A _   0.019 0.076 0.001 0.033 0.016 0.029 0.044 0.782 
 296 R _   0.019 0.071 0.001 0.027 0.013 0.028 0.046 0.795 
 297 Y _   0.019 0.064 0.001 0.020 0.011 0.027 0.048 0.811 
 298 T _   0.019 0.057 0.001 0.015 0.009 0.026 0.049 0.824 
 299 M _   0.020 0.052 0.001 0.011 0.008 0.026 0.051 0.832 
 300 P _   0.021 0.049 0.001 0.008 0.007 0.027 0.052 0.835 
 301 S _   0.023 0.048 0.001 0.007 0.007 0.028 0.053 0.832 
 302 S _   0.027 0.051 0.001 0.008 0.008 0.030 0.054 0.821 
 303 L _   0.031 0.056 0.001 0.010 0.011 0.033 0.055 0.803 
 304 L _   0.035 0.068 0.001 0.013 0.015 0.037 0.055 0.776 
 305 A _   0.039 0.086 0.002 0.019 0.020 0.040 0.056 0.739 
 306 P _   0.042 0.110 0.002 0.028 0.025 0.041 0.056 0.696 
 307 A _   0.044 0.136 0.002 0.038 0.028 0.042 0.057 0.653 
 308 K _   0.044 0.156 0.002 0.048 0.030 0.041 0.059 0.620 
 309 H _   0.044 0.169 0.002 0.056 0.030 0.039 0.061 0.599 
 310 L _   0.042 0.176 0.002 0.061 0.028 0.037 0.064 0.591 
 311 I _   0.039 0.175 0.002 0.062 0.025 0.033 0.068 0.595 
 312 A _   0.035 0.168 0.002 0.058 0.021 0.029 0.073 0.614 
 313 S _   0.031 0.153 0.002 0.050 0.017 0.025 0.079 0.644 
 314 M _   0.026 0.128 0.001 0.039 0.013 0.021 0.085 0.686 
 315 L _   0.022 0.095 0.001 0.028 0.009 0.017 0.092 0.736 
 316 S _   0.017 0.061 0.001 0.018 0.006 0.013 0.098 0.785 
 317 K _   0.013 0.034 0.001 0.011 0.004 0.010 0.103 0.824 
 318 N _   0.010 0.019 0.000 0.006 0.002 0.008 0.107 0.849 
 319 P _   0.007 0.011 0.000 0.003 0.001 0.006 0.109 0.862 
 320 E _   0.006 0.008 0.000 0.002 0.001 0.006 0.110 0.867 
 321 D _   0.005 0.008 0.000 0.002 0.001 0.006 0.110 0.868 
 322 R _   0.006 0.008 0.000 0.002 0.001 0.007 0.109 0.865 
 323 P _   0.007 0.012 0.000 0.004 0.002 0.010 0.108 0.857 
 324 S _   0.010 0.022 0.000 0.007 0.004 0.015 0.106 0.836 
 325 L _   0.013 0.049 0.001 0.013 0.008 0.021 0.102 0.794 
 326 D _   0.017 0.106 0.002 0.022 0.013 0.027 0.095 0.719 
 327 D _   0.018 0.197 0.002 0.033 0.020 0.032 0.087 0.611 
 328 I _   0.018 0.308 0.003 0.044 0.024 0.033 0.079 0.490 
 329 I E   0.017 0.406 0.003 0.053 0.026 0.033 0.072 0.390 
 330 R E   0.015 0.476 0.002 0.060 0.026 0.032 0.067 0.322 
 331 H E   0.014 0.516 0.002 0.065 0.025 0.030 0.065 0.284 
 332 D E   0.013 0.537 0.001 0.069 0.024 0.028 0.063 0.265 
 333 F E   0.013 0.544 0.001 0.069 0.023 0.026 0.063 0.261 
 334 F E   0.013 0.540 0.001 0.067 0.021 0.024 0.063 0.269 
 335 L E   0.013 0.525 0.002 0.063 0.019 0.022 0.065 0.291 
 336 Q E   0.014 0.491 0.002 0.055 0.018 0.021 0.068 0.332 
 337 G E   0.014 0.431 0.002 0.046 0.016 0.019 0.072 0.399 
 338 F _   0.015 0.347 0.002 0.036 0.014 0.018 0.077 0.491 
 339 T _   0.015 0.254 0.002 0.026 0.011 0.016 0.083 0.593 
 340 P _   0.014 0.178 0.001 0.017 0.008 0.015 0.088 0.680 
 341 D _   0.012 0.132 0.001 0.011 0.005 0.013 0.092 0.736 
 342 R _   0.010 0.109 0.000 0.007 0.003 0.012 0.094 0.765 
 343 L _   0.008 0.099 0.000 0.006 0.003 0.011 0.095 0.778 
 344 S _   0.008 0.096 0.000 0.006 0.003 0.011 0.096 0.781 
 345 S _   0.008 0.097 0.000 0.008 0.003 0.011 0.096 0.777 
 346 S _   0.008 0.101 0.000 0.011 0.004 0.012 0.096 0.767 
 347 C _   0.008 0.108 0.001 0.016 0.005 0.013 0.096 0.754 
 348 C _   0.008 0.115 0.001 0.021 0.006 0.013 0.096 0.740 
 349 H _   0.008 0.121 0.001 0.025 0.007 0.013 0.095 0.729 
 350 T _   0.007 0.125 0.001 0.028 0.007 0.013 0.096 0.723 
 351 V _   0.007 0.125 0.001 0.028 0.007 0.013 0.096 0.722 
 352 P _   0.007 0.123 0.001 0.026 0.007 0.012 0.098 0.726 
 353 D _   0.007 0.118 0.001 0.022 0.006 0.011 0.099 0.735 
 354 F _   0.007 0.110 0.001 0.018 0.005 0.011 0.101 0.747 
 355 H _   0.006 0.101 0.001 0.014 0.004 0.010 0.104 0.760 
 356 L _   0.006 0.093 0.000 0.010 0.003 0.010 0.106 0.771 
 357 S _   0.006 0.087 0.000 0.008 0.003 0.009 0.108 0.779 
 358 S _   0.006 0.084 0.000 0.006 0.003 0.010 0.109 0.782 
 359 P _   0.006 0.083 0.000 0.006 0.003 0.011 0.110 0.780 
 360 A _   0.007 0.086 0.000 0.007 0.003 0.012 0.111 0.773 
 361 K _   0.009 0.094 0.001 0.010 0.005 0.015 0.111 0.757 
 362 N _   0.010 0.109 0.001 0.014 0.007 0.017 0.110 0.731 
 363 F _   0.012 0.133 0.001 0.022 0.010 0.020 0.109 0.693 
 364 F _   0.012 0.164 0.001 0.032 0.013 0.022 0.108 0.646 
 365 K _   0.013 0.195 0.001 0.043 0.016 0.023 0.108 0.601 
 366 K _   0.013 0.218 0.001 0.054 0.017 0.024 0.108 0.564 
 367 A _   0.013 0.232 0.001 0.061 0.018 0.024 0.109 0.541 
 368 A _   0.013 0.238 0.001 0.064 0.018 0.023 0.112 0.531 
 369 A _   0.013 0.237 0.001 0.063 0.017 0.021 0.115 0.533 
 370 A _   0.013 0.228 0.001 0.058 0.015 0.019 0.120 0.545 
 371 L _   0.012 0.210 0.001 0.050 0.013 0.017 0.126 0.570 
 372 F _   0.012 0.180 0.001 0.039 0.011 0.015 0.133 0.608 
 373 G _   0.011 0.141 0.001 0.028 0.008 0.014 0.142 0.654 
 374 G _   0.010 0.102 0.001 0.020 0.006 0.012 0.151 0.698 
 375 K _   0.009 0.071 0.001 0.013 0.005 0.011 0.158 0.732 
 376 K _   0.008 0.051 0.000 0.009 0.003 0.009 0.165 0.753 
 377 D _   0.008 0.039 0.000 0.007 0.003 0.009 0.170 0.764 
 378 K _   0.007 0.033 0.000 0.007 0.002 0.008 0.175 0.768 
 379 A _   0.007 0.030 0.000 0.007 0.002 0.008 0.178 0.767 
 380 R _   0.007 0.028 0.000 0.008 0.003 0.008 0.182 0.764 
 381 Y _   0.007 0.027 0.000 0.010 0.003 0.008 0.185 0.760 
 382 I _   0.006 0.027 0.000 0.012 0.003 0.008 0.188 0.755 
 383 D _   0.006 0.026 0.000 0.013 0.003 0.008 0.191 0.752 
 384 T _   0.006 0.025 0.000 0.013 0.003 0.008 0.193 0.750 
 385 H _   0.006 0.024 0.000 0.013 0.003 0.008 0.196 0.751 
 386 N _   0.005 0.022 0.000 0.011 0.003 0.007 0.199 0.752 
 387 R _   0.005 0.019 0.000 0.010 0.003 0.007 0.202 0.755 
 388 V _   0.005 0.018 0.000 0.008 0.002 0.006 0.205 0.756 
 389 S _   0.004 0.016 0.000 0.007 0.002 0.006 0.207 0.757 
 390 K _   0.004 0.015 0.000 0.006 0.002 0.006 0.209 0.756 
 391 E _   0.004 0.015 0.000 0.006 0.002 0.006 0.211 0.754 
 392 D _   0.005 0.016 0.000 0.007 0.002 0.007 0.213 0.751 
 393 E _   0.005 0.017 0.000 0.008 0.002 0.007 0.214 0.747 
 394 D _   0.005 0.019 0.000 0.009 0.003 0.008 0.215 0.741 
 395 I _   0.006 0.021 0.000 0.011 0.003 0.009 0.216 0.735 
 396 Y _   0.006 0.023 0.000 0.012 0.003 0.009 0.216 0.729 
 397 K _   0.006 0.026 0.000 0.014 0.004 0.010 0.217 0.723 
 398 L _   0.006 0.028 0.000 0.016 0.004 0.010 0.218 0.717 
 399 R _   0.006 0.030 0.001 0.017 0.005 0.011 0.219 0.712 
 400 H _   0.006 0.032 0.001 0.018 0.005 0.011 0.220 0.707 
 401 D _   0.007 0.033 0.001 0.020 0.005 0.011 0.222 0.702 
 402 L _   0.007 0.033 0.001 0.021 0.005 0.011 0.224 0.698 
 403 K _   0.008 0.033 0.001 0.021 0.005 0.011 0.227 0.694 
 404 K _   0.008 0.032 0.001 0.021 0.005 0.011 0.231 0.691 
 405 T _   0.008 0.030 0.001 0.021 0.005 0.011 0.234 0.690 
 406 S _   0.008 0.027 0.001 0.019 0.005 0.010 0.239 0.691 
 407 I _   0.008 0.024 0.000 0.017 0.004 0.009 0.243 0.695 
 408 T _   0.008 0.019 0.000 0.014 0.003 0.008 0.247 0.700 
 409 Q _   0.007 0.014 0.000 0.011 0.003 0.007 0.251 0.707 
 410 Q _   0.007 0.010 0.000 0.008 0.002 0.006 0.254 0.714 
 411 P _   0.006 0.006 0.000 0.005 0.002 0.005 0.256 0.720 
 412 S _   0.005 0.004 0.000 0.004 0.001 0.004 0.257 0.724 
 413 K _   0.004 0.003 0.000 0.003 0.001 0.004 0.257 0.727 
 414 H _   0.004 0.003 0.000 0.003 0.001 0.004 0.256 0.730 
 415 R _   0.004 0.003 0.000 0.003 0.001 0.004 0.254 0.731 
 416 T _   0.004 0.003 0.000 0.003 0.001 0.005 0.251 0.732 
 417 D _   0.004 0.005 0.000 0.004 0.002 0.006 0.247 0.732 
 418 E _   0.005 0.008 0.000 0.006 0.002 0.007 0.242 0.730 
 419 E _   0.005 0.013 0.000 0.010 0.003 0.009 0.235 0.725 
 420 L _   0.006 0.021 0.001 0.014 0.004 0.011 0.227 0.717 
 421 Q _   0.006 0.031 0.001 0.020 0.006 0.013 0.218 0.706 
 422 P _   0.006 0.042 0.001 0.026 0.007 0.014 0.209 0.695 
 423 P _   0.007 0.051 0.001 0.032 0.008 0.016 0.201 0.684 
 424 T _   0.007 0.059 0.001 0.037 0.010 0.016 0.193 0.677 
 425 T _   0.007 0.064 0.001 0.040 0.010 0.017 0.187 0.673 
 426 T _   0.007 0.066 0.001 0.042 0.010 0.017 0.182 0.674 
 427 V _   0.007 0.067 0.001 0.041 0.010 0.016 0.178 0.679 
 428 A _   0.007 0.064 0.001 0.038 0.010 0.015 0.175 0.688 
 429 R _   0.007 0.060 0.001 0.034 0.009 0.015 0.173 0.702 
 430 S _   0.007 0.053 0.001 0.029 0.007 0.013 0.171 0.719 
 431 G _   0.007 0.044 0.001 0.023 0.006 0.012 0.170 0.737 
 432 T _   0.006 0.034 0.001 0.018 0.005 0.011 0.168 0.757 
 433 P _   0.006 0.025 0.001 0.013 0.004 0.011 0.167 0.774 
 434 A _   0.006 0.017 0.000 0.010 0.003 0.010 0.165 0.788 
 435 V _   0.006 0.011 0.000 0.007 0.003 0.010 0.163 0.799 
 436 E _   0.007 0.008 0.000 0.006 0.003 0.011 0.161 0.805 
 437 N _   0.009 0.006 0.000 0.005 0.003 0.013 0.158 0.808 
 438 K _   0.012 0.005 0.000 0.004 0.003 0.016 0.154 0.806 
 439 Q _   0.017 0.004 0.000 0.005 0.004 0.021 0.150 0.798 
 440 Q _   0.027 0.005 0.001 0.005 0.006 0.027 0.146 0.783 
 441 I _   0.041 0.007 0.001 0.007 0.011 0.037 0.140 0.757 
 442 G _   0.060 0.011 0.001 0.009 0.019 0.047 0.133 0.719 
 443 D _   0.083 0.020 0.002 0.013 0.031 0.059 0.126 0.667 
 444 A _   0.107 0.035 0.002 0.019 0.045 0.070 0.118 0.603 
 445 I _   0.127 0.054 0.003 0.027 0.060 0.078 0.111 0.540 
 446 R _   0.143 0.074 0.003 0.035 0.071 0.082 0.106 0.486 
 447 M _   0.152 0.091 0.003 0.044 0.076 0.083 0.102 0.449 
 448 I _   0.155 0.101 0.003 0.051 0.077 0.080 0.099 0.433 
 449 V _   0.152 0.105 0.003 0.055 0.074 0.075 0.098 0.436 
 450 R _   0.144 0.105 0.003 0.055 0.068 0.069 0.098 0.458 
 451 G _   0.131 0.099 0.003 0.051 0.058 0.062 0.098 0.498 
 452 T _   0.114 0.087 0.003 0.042 0.046 0.053 0.099 0.556 
 453 L _   0.093 0.068 0.002 0.032 0.034 0.044 0.101 0.626 
 454 G _   0.072 0.046 0.002 0.023 0.022 0.036 0.102 0.697 
 455 S _   0.053 0.027 0.001 0.015 0.014 0.029 0.103 0.758 
 456 C _   0.038 0.014 0.001 0.009 0.008 0.023 0.104 0.803 
 457 S _   0.027 0.007 0.001 0.006 0.005 0.019 0.104 0.831 
 458 S _   0.020 0.004 0.000 0.005 0.004 0.016 0.103 0.848 
 459 S _   0.016 0.002 0.000 0.004 0.003 0.015 0.103 0.857 
 460 S _   0.014 0.001 0.000 0.004 0.003 0.014 0.102 0.861 
 461 E _   0.014 0.001 0.000 0.004 0.003 0.015 0.100 0.862 
 462 C _   0.015 0.001 0.000 0.005 0.004 0.017 0.099 0.860 
 463 L _   0.018 0.001 0.001 0.006 0.004 0.019 0.097 0.854 
 464 E _   0.024 0.001 0.001 0.007 0.006 0.023 0.095 0.845 
 465 D _   0.032 0.001 0.001 0.007 0.007 0.027 0.093 0.832 
 466 S _   0.043 0.001 0.001 0.008 0.010 0.032 0.090 0.815 
 467 T _   0.058 0.002 0.001 0.008 0.013 0.038 0.088 0.793 
 468 M _   0.075 0.002 0.001 0.009 0.016 0.044 0.086 0.767 
 469 G _   0.095 0.002 0.001 0.009 0.021 0.049 0.084 0.738 
 470 S _   0.116 0.003 0.001 0.009 0.025 0.055 0.082 0.708 
 471 V _   0.137 0.004 0.002 0.010 0.031 0.059 0.081 0.676 
 472 A _   0.156 0.006 0.002 0.011 0.036 0.063 0.080 0.646 
 473 D _   0.172 0.008 0.002 0.013 0.041 0.065 0.079 0.619 
 474 T _   0.185 0.011 0.002 0.015 0.045 0.066 0.079 0.596 
 475 V _   0.192 0.015 0.002 0.019 0.048 0.066 0.080 0.579 
 476 A _   0.193 0.018 0.002 0.022 0.048 0.063 0.082 0.571 
 477 R _   0.186 0.021 0.002 0.025 0.047 0.060 0.084 0.575 
 478 V _   0.174 0.022 0.002 0.028 0.043 0.055 0.086 0.589 
 479 L _   0.157 0.022 0.002 0.029 0.037 0.050 0.090 0.612 
 480 R _   0.136 0.021 0.002 0.029 0.031 0.043 0.094 0.644 
 481 G _   0.113 0.019 0.002 0.026 0.024 0.037 0.098 0.682 
 482 C _   0.091 0.016 0.001 0.021 0.017 0.030 0.102 0.721 
 483 L _   0.070 0.012 0.001 0.017 0.012 0.024 0.106 0.758 
 484 E _   0.052 0.008 0.001 0.012 0.008 0.019 0.109 0.790 
 485 N _   0.038 0.005 0.001 0.009 0.005 0.015 0.112 0.816 
 486 M _   0.027 0.003 0.000 0.006 0.003 0.012 0.114 0.834 
 487 P _   0.019 0.002 0.000 0.004 0.002 0.010 0.115 0.846 
 488 E _   0.014 0.002 0.000 0.004 0.002 0.008 0.116 0.854 
 489 A _   0.011 0.002 0.000 0.003 0.002 0.008 0.116 0.858 
 490 D _   0.009 0.002 0.000 0.003 0.002 0.008 0.116 0.860 
 491 C _   0.008 0.003 0.000 0.004 0.002 0.009 0.115 0.859 
 492 I _   0.008 0.005 0.000 0.004 0.002 0.010 0.114 0.855 
 493 P _   0.009 0.010 0.000 0.006 0.003 0.012 0.112 0.847 
 494 K _   0.011 0.018 0.001 0.009 0.005 0.015 0.109 0.834 
 495 E _   0.012 0.032 0.001 0.012 0.007 0.019 0.106 0.811 
 496 Q _   0.014 0.054 0.001 0.018 0.010 0.023 0.101 0.779 
 497 L _   0.015 0.084 0.001 0.025 0.014 0.026 0.097 0.739 
 498 S _   0.016 0.117 0.002 0.033 0.017 0.029 0.092 0.695 
 499 T _   0.017 0.150 0.002 0.043 0.021 0.030 0.087 0.650 
 500 S _   0.017 0.177 0.002 0.052 0.023 0.031 0.084 0.614 
 501 F _   0.018 0.195 0.002 0.059 0.024 0.031 0.081 0.590 
 502 Q _   0.018 0.205 0.002 0.063 0.024 0.030 0.080 0.579 
 503 W _   0.018 0.207 0.002 0.063 0.022 0.028 0.079 0.580 
 504 V _   0.018 0.203 0.002 0.059 0.020 0.026 0.080 0.592 
 505 T _   0.017 0.192 0.002 0.052 0.018 0.023 0.081 0.616 
 506 K _   0.017 0.172 0.001 0.041 0.014 0.020 0.082 0.652 
 507 W _   0.016 0.143 0.001 0.030 0.011 0.018 0.084 0.698 
 508 V _   0.014 0.110 0.001 0.021 0.008 0.016 0.085 0.745 
 509 D _   0.013 0.083 0.001 0.013 0.006 0.014 0.087 0.784 
 510 Y _   0.011 0.064 0.001 0.009 0.004 0.012 0.088 0.811 
 511 S _   0.010 0.054 0.000 0.006 0.003 0.011 0.089 0.826 
 512 N _   0.009 0.050 0.000 0.006 0.003 0.011 0.089 0.833 
 513 K _   0.009 0.049 0.000 0.006 0.003 0.011 0.088 0.834 
 514 Y _   0.008 0.050 0.000 0.007 0.003 0.011 0.088 0.833 
 515 G _   0.008 0.052 0.000 0.008 0.004 0.012 0.087 0.828 
 516 F _   0.008 0.057 0.001 0.010 0.004 0.013 0.086 0.822 
 517 G _   0.009 0.063 0.001 0.011 0.005 0.014 0.084 0.815 
 518 Y _   0.009 0.070 0.001 0.012 0.005 0.015 0.082 0.806 
 519 Q _   0.009 0.078 0.001 0.014 0.006 0.016 0.080 0.796 
 520 L _   0.010 0.087 0.001 0.015 0.007 0.017 0.078 0.785 
 521 S _   0.010 0.098 0.001 0.017 0.009 0.019 0.077 0.770 
 522 D _   0.011 0.110 0.001 0.020 0.010 0.021 0.075 0.752 
 523 H _   0.012 0.125 0.001 0.024 0.012 0.023 0.073 0.731 
 524 T _   0.014 0.140 0.001 0.028 0.014 0.024 0.071 0.708 
 525 V _   0.015 0.154 0.001 0.034 0.016 0.025 0.070 0.685 
 526 G _   0.016 0.166 0.001 0.038 0.017 0.025 0.069 0.668 
 527 V _   0.016 0.173 0.001 0.042 0.017 0.025 0.069 0.656 
 528 L _   0.016 0.175 0.001 0.044 0.017 0.025 0.069 0.652 
 529 F _   0.016 0.174 0.001 0.044 0.016 0.024 0.069 0.656 
 530 N _   0.016 0.168 0.001 0.041 0.015 0.022 0.070 0.665 
 531 N _   0.016 0.158 0.001 0.038 0.014 0.021 0.072 0.681 
 532 G _   0.015 0.142 0.001 0.033 0.012 0.019 0.074 0.703 
 533 A _   0.015 0.121 0.001 0.028 0.010 0.018 0.076 0.730 
 534 H _   0.015 0.097 0.001 0.023 0.009 0.016 0.079 0.761 
 535 M _   0.014 0.073 0.001 0.018 0.007 0.014 0.081 0.792 
 536 S _   0.013 0.051 0.001 0.013 0.005 0.013 0.084 0.821 
 537 L _   0.011 0.033 0.001 0.009 0.004 0.011 0.086 0.845 
 538 L _   0.010 0.022 0.000 0.006 0.003 0.010 0.087 0.862 
 539 P _   0.009 0.015 0.000 0.005 0.002 0.009 0.088 0.871 
 540 D _   0.009 0.012 0.000 0.004 0.002 0.010 0.088 0.876 
 541 K _   0.009 0.011 0.000 0.003 0.002 0.010 0.087 0.876 
 542 K _   0.010 0.012 0.000 0.004 0.003 0.012 0.087 0.872 
 543 T _   0.012 0.014 0.000 0.006 0.004 0.015 0.086 0.863 
 544 V _   0.013 0.019 0.001 0.010 0.006 0.018 0.085 0.849 
 545 H _   0.015 0.029 0.001 0.015 0.009 0.021 0.083 0.828 
 546 Y _   0.016 0.041 0.001 0.022 0.012 0.024 0.081 0.803 
 547 Y _   0.017 0.054 0.001 0.030 0.014 0.026 0.079 0.778 
 548 A _   0.017 0.065 0.001 0.037 0.016 0.027 0.078 0.758 
 549 E _   0.017 0.072 0.001 0.043 0.017 0.027 0.077 0.746 
 550 L _   0.016 0.076 0.001 0.045 0.017 0.026 0.076 0.743 
 551 G _   0.016 0.075 0.001 0.044 0.016 0.025 0.076 0.747 
 552 Q _   0.015 0.072 0.001 0.041 0.015 0.023 0.076 0.757 
 553 C _   0.014 0.065 0.001 0.035 0.013 0.021 0.077 0.774 
 554 S _   0.013 0.055 0.001 0.028 0.011 0.019 0.078 0.794 
 555 V _   0.013 0.042 0.001 0.021 0.008 0.017 0.079 0.818 
 556 F _   0.012 0.029 0.001 0.015 0.006 0.016 0.081 0.840 
 557 P _   0.012 0.018 0.001 0.010 0.005 0.015 0.081 0.858 
 558 A _   0.013 0.010 0.000 0.007 0.004 0.015 0.082 0.870 
 559 T _   0.014 0.005 0.000 0.005 0.003 0.015 0.082 0.875 
 560 D _   0.017 0.003 0.000 0.003 0.003 0.017 0.082 0.874 
 561 A _   0.022 0.002 0.000 0.003 0.004 0.020 0.082 0.867 
 562 P _   0.030 0.002 0.000 0.003 0.005 0.025 0.081 0.853 
 563 E _   0.043 0.004 0.001 0.004 0.008 0.032 0.080 0.829 
 564 Q _   0.059 0.007 0.001 0.006 0.014 0.040 0.079 0.794 
 565 F _   0.077 0.016 0.001 0.010 0.023 0.049 0.077 0.747 
 566 I _   0.092 0.031 0.002 0.016 0.033 0.058 0.075 0.692 
 567 S _   0.104 0.051 0.002 0.024 0.042 0.063 0.074 0.639 
 568 Q _   0.111 0.072 0.003 0.032 0.049 0.066 0.074 0.593 
 569 V _   0.114 0.088 0.003 0.039 0.052 0.067 0.074 0.563 
 570 T _   0.113 0.098 0.003 0.044 0.053 0.065 0.074 0.550 
 571 V _   0.110 0.103 0.003 0.045 0.050 0.062 0.076 0.552 
 572 L _   0.103 0.104 0.002 0.044 0.046 0.057 0.078 0.567 
 573 K _   0.092 0.100 0.002 0.040 0.040 0.052 0.080 0.594 
 574 Y _   0.080 0.093 0.002 0.035 0.033 0.045 0.083 0.629 
 575 F _   0.067 0.082 0.002 0.030 0.025 0.039 0.086 0.668 
 576 S _   0.054 0.070 0.002 0.025 0.019 0.033 0.089 0.707 
 577 H _   0.043 0.058 0.001 0.021 0.014 0.028 0.093 0.742 
 578 Y _   0.033 0.047 0.001 0.018 0.010 0.023 0.096 0.772 
 579 M _   0.026 0.039 0.001 0.016 0.008 0.019 0.099 0.794 
 580 E _   0.020 0.031 0.001 0.014 0.006 0.016 0.101 0.812 
 581 E _   0.016 0.024 0.001 0.012 0.005 0.013 0.103 0.826 
 582 N _   0.013 0.019 0.000 0.010 0.004 0.011 0.105 0.838 
 583 L _   0.010 0.014 0.000 0.009 0.003 0.009 0.106 0.848 
 584 M _   0.009 0.010 0.000 0.007 0.003 0.008 0.107 0.855 
 585 D _   0.007 0.008 0.000 0.006 0.002 0.007 0.108 0.861 
 586 G _   0.007 0.006 0.000 0.005 0.002 0.006 0.108 0.866 
 587 G _   0.006 0.005 0.000 0.004 0.002 0.006 0.108 0.868 
 588 D _   0.006 0.004 0.000 0.004 0.002 0.006 0.108 0.870 
 589 L _   0.006 0.004 0.000 0.004 0.002 0.007 0.107 0.870 
 590 P _   0.006 0.004 0.000 0.004 0.002 0.008 0.106 0.869 
 591 S _   0.007 0.005 0.000 0.005 0.002 0.010 0.104 0.867 
 592 V _   0.008 0.007 0.000 0.006 0.003 0.012 0.102 0.862 
 593 T _   0.010 0.010 0.000 0.007 0.004 0.015 0.099 0.853 
 594 D _   0.012 0.016 0.001 0.010 0.006 0.019 0.096 0.840 
 595 I _   0.014 0.025 0.001 0.014 0.009 0.023 0.093 0.821 
 596 R _   0.017 0.036 0.001 0.020 0.012 0.028 0.089 0.798 
 597 R _   0.019 0.049 0.001 0.026 0.015 0.031 0.085 0.773 
 598 P _   0.021 0.060 0.001 0.032 0.018 0.034 0.082 0.751 
 599 R _   0.022 0.068 0.001 0.037 0.021 0.036 0.079 0.735 
 600 L _   0.023 0.074 0.002 0.041 0.022 0.037 0.077 0.726 
 601 Y _   0.023 0.075 0.001 0.041 0.021 0.037 0.075 0.726 
 602 L _   0.024 0.074 0.001 0.038 0.020 0.036 0.074 0.733 
 603 L _   0.024 0.070 0.001 0.032 0.018 0.034 0.073 0.747 
 604 Q _   0.024 0.064 0.001 0.025 0.015 0.033 0.072 0.766 
 605 W _   0.024 0.055 0.001 0.019 0.012 0.031 0.072 0.786 
 606 L _   0.024 0.047 0.001 0.014 0.011 0.030 0.071 0.803 
 607 K _   0.024 0.042 0.001 0.010 0.009 0.029 0.070 0.814 
 608 S _   0.026 0.038 0.001 0.009 0.009 0.029 0.069 0.818 
 609 D _   0.028 0.037 0.001 0.009 0.010 0.030 0.069 0.817 
 610 K _   0.031 0.038 0.001 0.011 0.011 0.031 0.068 0.810 
 611 A _   0.034 0.040 0.001 0.014 0.013 0.031 0.067 0.800 
 612 L _   0.036 0.042 0.001 0.018 0.014 0.032 0.066 0.790 
 613 M _   0.037 0.045 0.001 0.022 0.016 0.031 0.066 0.782 
 614 M _   0.038 0.047 0.001 0.025 0.016 0.031 0.066 0.777 
 615 L _   0.037 0.047 0.001 0.026 0.016 0.029 0.066 0.778 
 616 F _   0.035 0.046 0.001 0.026 0.015 0.027 0.066 0.784 
 617 N _   0.032 0.042 0.001 0.025 0.014 0.025 0.066 0.795 
 618 D _   0.029 0.038 0.001 0.022 0.012 0.022 0.067 0.809 
 619 G _   0.026 0.032 0.001 0.019 0.010 0.020 0.068 0.825 
 620 T _   0.023 0.025 0.001 0.015 0.008 0.017 0.068 0.842 
 621 F _   0.020 0.019 0.001 0.012 0.006 0.015 0.069 0.859 
 622 Q _   0.017 0.014 0.001 0.009 0.005 0.013 0.069 0.873 
 623 V _   0.014 0.010 0.000 0.007 0.004 0.011 0.070 0.885 
 624 N _   0.012 0.007 0.000 0.005 0.003 0.010 0.069 0.893 
 625 F _   0.010 0.006 0.000 0.004 0.003 0.009 0.069 0.898 
 626 Y _   0.009 0.006 0.000 0.004 0.003 0.010 0.068 0.900 
 627 H _   0.009 0.007 0.000 0.005 0.003 0.010 0.067 0.899 
 628 D _   0.009 0.008 0.000 0.006 0.004 0.011 0.066 0.895 
 629 H _   0.010 0.012 0.001 0.009 0.005 0.013 0.064 0.887 
 630 T _   0.011 0.017 0.001 0.012 0.006 0.015 0.062 0.876 
 631 K _   0.011 0.024 0.001 0.016 0.008 0.017 0.060 0.862 
 632 I _   0.012 0.032 0.001 0.021 0.009 0.019 0.058 0.848 
 633 I _   0.013 0.039 0.001 0.024 0.011 0.020 0.056 0.836 
 634 I _   0.013 0.045 0.001 0.028 0.012 0.021 0.055 0.826 
 635 C _   0.013 0.049 0.001 0.029 0.012 0.022 0.053 0.820 
 636 S _   0.014 0.052 0.001 0.030 0.013 0.022 0.052 0.817 
 637 Q _   0.014 0.053 0.001 0.031 0.013 0.022 0.051 0.815 
 638 N _   0.015 0.053 0.001 0.031 0.014 0.022 0.050 0.815 
 639 E _   0.016 0.051 0.001 0.030 0.013 0.022 0.050 0.817 
 640 E _   0.016 0.049 0.001 0.029 0.013 0.021 0.050 0.821 
 641 Y _   0.017 0.044 0.001 0.027 0.012 0.020 0.050 0.828 
 642 L _   0.019 0.039 0.001 0.025 0.011 0.019 0.050 0.837 
 643 L _   0.021 0.031 0.001 0.021 0.009 0.018 0.051 0.849 
 644 T _   0.023 0.023 0.001 0.016 0.008 0.016 0.051 0.863 
 645 Y _   0.027 0.014 0.001 0.011 0.006 0.014 0.051 0.875 
 646 I _   0.033 0.007 0.001 0.007 0.005 0.013 0.052 0.883 
 647 N _   0.044 0.003 0.000 0.004 0.004 0.012 0.051 0.881 
 648 E _   0.061 0.001 0.000 0.002 0.003 0.012 0.051 0.869 
 649 D _   0.089 0.000 0.000 0.002 0.004 0.013 0.050 0.842 
 650 R _   0.137 0.000 0.001 0.001 0.005 0.016 0.048 0.793 
 651 I _   0.210 0.000 0.001 0.001 0.007 0.019 0.047 0.715 
 652 S _   0.306 0.000 0.001 0.001 0.012 0.024 0.045 0.611 
 653 T _   0.411 0.000 0.001 0.002 0.019 0.029 0.044 0.494 
 654 T H   0.507 0.000 0.002 0.002 0.028 0.034 0.043 0.385 
 655 F H   0.579 0.000 0.002 0.003 0.036 0.036 0.043 0.300 
 656 R H   0.627 0.001 0.002 0.004 0.042 0.037 0.045 0.242 
 657 L H   0.654 0.001 0.002 0.005 0.047 0.036 0.047 0.208 
 658 T H   0.663 0.002 0.002 0.006 0.049 0.035 0.051 0.191 
 659 T H   0.657 0.002 0.002 0.007 0.049 0.034 0.056 0.192 
 660 L H   0.636 0.002 0.003 0.008 0.047 0.032 0.064 0.210 
 661 L H   0.596 0.002 0.003 0.008 0.043 0.030 0.073 0.246 
 662 M H   0.537 0.001 0.003 0.007 0.037 0.027 0.085 0.303 
 663 S H   0.460 0.001 0.002 0.006 0.028 0.025 0.100 0.378 
