#TopoPred_TM8: 8-state transmembrane topology prediction results by no_profile mode 
#probabilities are in the order of H E C I L F X _, the 8 transmembrane topology types used in PDBTM 
   1 M X   0.014 0.001 0.002 0.050 0.010 0.014 0.694 0.214 
   2 S X   0.006 0.001 0.000 0.034 0.002 0.009 0.711 0.236 
   3 N X   0.003 0.001 0.000 0.025 0.001 0.008 0.714 0.248 
   4 I X   0.003 0.002 0.000 0.022 0.001 0.010 0.710 0.251 
   5 C X   0.005 0.004 0.000 0.022 0.003 0.014 0.699 0.252 
   6 Q X   0.008 0.007 0.001 0.025 0.005 0.019 0.683 0.253 
   7 R X   0.010 0.012 0.001 0.029 0.007 0.022 0.667 0.252 
   8 L X   0.012 0.018 0.001 0.033 0.009 0.024 0.650 0.253 
   9 W X   0.013 0.024 0.001 0.037 0.011 0.024 0.634 0.257 
  10 E X   0.013 0.028 0.001 0.039 0.012 0.023 0.619 0.265 
  11 Y X   0.012 0.030 0.001 0.039 0.012 0.022 0.607 0.277 
  12 L X   0.011 0.031 0.001 0.036 0.012 0.020 0.598 0.291 
  13 E X   0.011 0.030 0.001 0.032 0.011 0.018 0.590 0.307 
  14 P X   0.010 0.029 0.001 0.027 0.009 0.016 0.584 0.324 
  15 Y X   0.010 0.026 0.001 0.022 0.008 0.014 0.580 0.340 
  16 L X   0.009 0.022 0.001 0.018 0.006 0.012 0.576 0.355 
  17 P X   0.008 0.019 0.001 0.014 0.005 0.011 0.572 0.370 
  18 C X   0.008 0.015 0.000 0.011 0.004 0.009 0.569 0.384 
  19 L X   0.007 0.012 0.000 0.009 0.003 0.008 0.566 0.396 
  20 S X   0.006 0.009 0.000 0.007 0.002 0.007 0.561 0.408 
  21 T X   0.005 0.007 0.000 0.005 0.002 0.006 0.557 0.418 
  22 E X   0.004 0.005 0.000 0.004 0.002 0.005 0.551 0.428 
  23 A X   0.004 0.005 0.000 0.004 0.002 0.005 0.545 0.436 
  24 D X   0.004 0.004 0.000 0.004 0.002 0.004 0.539 0.444 
  25 K X   0.004 0.004 0.000 0.004 0.002 0.005 0.531 0.451 
  26 S X   0.004 0.005 0.000 0.005 0.002 0.005 0.523 0.457 
  27 T X   0.004 0.005 0.000 0.006 0.002 0.006 0.513 0.463 
  28 V X   0.004 0.007 0.000 0.008 0.003 0.006 0.503 0.469 
  29 I X   0.004 0.009 0.000 0.011 0.003 0.007 0.493 0.473 
  30 E X   0.004 0.011 0.000 0.013 0.004 0.008 0.482 0.477 
  31 N _   0.005 0.013 0.001 0.016 0.004 0.009 0.472 0.482 
  32 P _   0.005 0.014 0.001 0.017 0.005 0.009 0.462 0.488 
  33 G _   0.005 0.015 0.001 0.017 0.005 0.009 0.454 0.495 
  34 A _   0.005 0.015 0.001 0.016 0.004 0.009 0.446 0.504 
  35 L _   0.005 0.015 0.000 0.014 0.004 0.009 0.439 0.515 
  36 C _   0.005 0.014 0.000 0.011 0.003 0.009 0.432 0.526 
  37 S _   0.005 0.013 0.000 0.008 0.003 0.009 0.424 0.537 
  38 P _   0.005 0.013 0.000 0.006 0.002 0.009 0.417 0.547 
  39 Q _   0.005 0.013 0.000 0.005 0.003 0.010 0.409 0.554 
  40 S _   0.007 0.015 0.000 0.005 0.003 0.012 0.400 0.558 
  41 Q _   0.008 0.018 0.000 0.006 0.004 0.015 0.390 0.557 
  42 R _   0.011 0.026 0.001 0.009 0.007 0.019 0.378 0.549 
  43 H _   0.014 0.043 0.001 0.014 0.011 0.024 0.363 0.529 
  44 G _   0.016 0.072 0.002 0.023 0.017 0.028 0.346 0.495 
  45 H _   0.018 0.112 0.002 0.034 0.021 0.031 0.328 0.453 
  46 Y _   0.019 0.150 0.002 0.044 0.024 0.032 0.312 0.416 
  47 F _   0.019 0.176 0.002 0.053 0.025 0.032 0.300 0.392 
  48 V _   0.019 0.191 0.002 0.057 0.025 0.032 0.291 0.382 
  49 A _   0.019 0.198 0.002 0.059 0.024 0.030 0.284 0.384 
  50 L _   0.019 0.199 0.002 0.056 0.023 0.028 0.280 0.395 
  51 F _   0.018 0.193 0.002 0.050 0.020 0.026 0.276 0.415 
  52 D _   0.017 0.181 0.001 0.042 0.017 0.023 0.274 0.444 
  53 Y _   0.016 0.160 0.001 0.034 0.014 0.021 0.273 0.481 
  54 Q _   0.015 0.135 0.001 0.026 0.011 0.018 0.273 0.522 
  55 A _   0.013 0.109 0.001 0.019 0.008 0.016 0.273 0.561 
  56 R _   0.012 0.086 0.001 0.014 0.006 0.014 0.273 0.595 
  57 T _   0.010 0.070 0.001 0.010 0.005 0.012 0.272 0.620 
  58 A _   0.009 0.059 0.000 0.008 0.004 0.011 0.271 0.637 
  59 E _   0.008 0.053 0.000 0.007 0.003 0.010 0.269 0.649 
  60 D _   0.007 0.049 0.000 0.007 0.003 0.009 0.267 0.657 
  61 L _   0.007 0.046 0.000 0.007 0.003 0.009 0.265 0.662 
  62 S _   0.007 0.044 0.000 0.008 0.003 0.009 0.263 0.666 
  63 F _   0.007 0.044 0.000 0.008 0.003 0.009 0.260 0.669 
  64 R _   0.006 0.043 0.000 0.009 0.003 0.009 0.257 0.672 
  65 A _   0.006 0.043 0.000 0.009 0.003 0.010 0.254 0.674 
  66 G _   0.007 0.043 0.000 0.009 0.003 0.010 0.251 0.676 
  67 D _   0.007 0.044 0.000 0.008 0.004 0.011 0.247 0.678 
  68 K _   0.008 0.045 0.000 0.008 0.004 0.012 0.244 0.679 
  69 L _   0.009 0.047 0.000 0.008 0.004 0.014 0.240 0.679 
  70 Q _   0.010 0.050 0.001 0.008 0.005 0.016 0.236 0.675 
  71 V _   0.012 0.055 0.001 0.009 0.006 0.019 0.231 0.667 
  72 L _   0.015 0.063 0.001 0.011 0.008 0.022 0.227 0.653 
  73 D _   0.018 0.076 0.001 0.014 0.011 0.026 0.221 0.632 
  74 T _   0.021 0.097 0.001 0.019 0.015 0.030 0.215 0.601 
  75 L _   0.024 0.123 0.002 0.027 0.020 0.033 0.209 0.564 
  76 H _   0.026 0.152 0.002 0.035 0.023 0.034 0.203 0.525 
  77 E _   0.027 0.176 0.002 0.043 0.025 0.035 0.198 0.493 
  78 G _   0.028 0.193 0.002 0.051 0.026 0.034 0.195 0.472 
  79 W _   0.028 0.202 0.002 0.056 0.025 0.033 0.193 0.462 
  80 W _   0.027 0.204 0.002 0.057 0.024 0.031 0.192 0.463 
  81 F _   0.026 0.200 0.002 0.055 0.021 0.028 0.193 0.475 
  82 A _   0.024 0.189 0.002 0.050 0.018 0.025 0.195 0.498 
  83 R _   0.022 0.167 0.001 0.042 0.015 0.021 0.197 0.534 
  84 H _   0.020 0.135 0.001 0.032 0.012 0.018 0.201 0.581 
  85 L _   0.017 0.096 0.001 0.023 0.008 0.015 0.205 0.634 
  86 E _   0.015 0.060 0.001 0.015 0.006 0.012 0.209 0.683 
  87 K _   0.013 0.035 0.001 0.009 0.004 0.010 0.211 0.719 
  88 R _   0.010 0.021 0.000 0.005 0.002 0.008 0.212 0.741 
  89 R _   0.008 0.014 0.000 0.004 0.002 0.007 0.212 0.753 
  90 D _   0.007 0.011 0.000 0.003 0.002 0.007 0.212 0.758 
  91 G _   0.006 0.011 0.000 0.004 0.002 0.007 0.211 0.760 
  92 S _   0.006 0.011 0.000 0.005 0.002 0.007 0.209 0.759 
  93 S _   0.007 0.013 0.000 0.008 0.003 0.008 0.206 0.755 
  94 Q _   0.007 0.016 0.000 0.011 0.004 0.009 0.203 0.750 
  95 Q _   0.007 0.019 0.001 0.015 0.004 0.010 0.200 0.744 
  96 L _   0.007 0.022 0.001 0.019 0.005 0.010 0.196 0.740 
  97 Q _   0.007 0.024 0.001 0.021 0.005 0.011 0.194 0.738 
  98 G _   0.006 0.025 0.001 0.022 0.005 0.010 0.191 0.739 
  99 Y _   0.006 0.025 0.001 0.021 0.005 0.010 0.189 0.744 
 100 I _   0.006 0.025 0.001 0.019 0.005 0.009 0.187 0.749 
 101 P _   0.006 0.023 0.001 0.016 0.004 0.008 0.186 0.757 
 102 S _   0.006 0.021 0.000 0.013 0.003 0.008 0.185 0.764 
 103 N _   0.005 0.019 0.000 0.010 0.003 0.007 0.184 0.771 
 104 Y _   0.005 0.018 0.000 0.008 0.002 0.007 0.183 0.777 
 105 V _   0.005 0.017 0.000 0.006 0.002 0.007 0.181 0.782 
 106 A _   0.005 0.017 0.000 0.005 0.002 0.007 0.179 0.785 
 107 E _   0.005 0.018 0.000 0.005 0.002 0.008 0.176 0.786 
 108 D _   0.006 0.020 0.000 0.006 0.002 0.009 0.172 0.785 
 109 R _   0.007 0.025 0.000 0.007 0.003 0.011 0.168 0.779 
 110 S _   0.008 0.034 0.001 0.010 0.005 0.014 0.162 0.767 
 111 L _   0.010 0.053 0.001 0.015 0.007 0.018 0.155 0.742 
 112 Q _   0.012 0.083 0.001 0.023 0.011 0.021 0.146 0.703 
 113 A _   0.013 0.123 0.002 0.033 0.015 0.024 0.137 0.653 
 114 E _   0.014 0.162 0.002 0.044 0.018 0.026 0.129 0.606 
 115 P _   0.014 0.191 0.002 0.054 0.019 0.026 0.123 0.572 
 116 W _   0.014 0.208 0.001 0.060 0.019 0.026 0.119 0.552 
 117 F _   0.014 0.216 0.001 0.063 0.019 0.025 0.116 0.546 
 118 F _   0.014 0.217 0.001 0.061 0.018 0.024 0.114 0.551 
 119 G _   0.014 0.212 0.001 0.055 0.016 0.022 0.113 0.568 
 120 A _   0.013 0.198 0.001 0.046 0.014 0.019 0.112 0.596 
 121 I _   0.012 0.176 0.001 0.036 0.011 0.017 0.113 0.633 
 122 G _   0.012 0.148 0.001 0.027 0.009 0.015 0.113 0.676 
 123 R _   0.011 0.118 0.001 0.019 0.007 0.014 0.114 0.716 
 124 S _   0.010 0.094 0.001 0.014 0.005 0.012 0.115 0.749 
 125 D _   0.009 0.077 0.001 0.011 0.004 0.011 0.115 0.772 
 126 A _   0.009 0.066 0.000 0.009 0.003 0.010 0.115 0.787 
 127 E _   0.008 0.059 0.000 0.009 0.003 0.010 0.115 0.796 
 128 K _   0.008 0.055 0.000 0.009 0.003 0.009 0.114 0.802 
 129 Q _   0.007 0.052 0.000 0.009 0.003 0.009 0.113 0.806 
 130 L _   0.007 0.050 0.000 0.010 0.003 0.009 0.112 0.809 
 131 L _   0.007 0.048 0.000 0.010 0.003 0.009 0.111 0.813 
 132 Y _   0.006 0.046 0.000 0.010 0.003 0.009 0.109 0.816 
 133 S _   0.006 0.045 0.000 0.010 0.003 0.009 0.107 0.819 
 134 E _   0.006 0.045 0.000 0.010 0.003 0.009 0.106 0.821 
 135 N _   0.006 0.045 0.000 0.011 0.004 0.009 0.104 0.821 
 136 K _   0.007 0.045 0.000 0.012 0.004 0.010 0.102 0.820 
 137 T _   0.007 0.046 0.001 0.014 0.004 0.010 0.101 0.817 
 138 G _   0.007 0.047 0.001 0.016 0.005 0.011 0.099 0.814 
 139 S _   0.008 0.048 0.001 0.018 0.005 0.011 0.098 0.811 
 140 F _   0.008 0.048 0.001 0.019 0.006 0.011 0.097 0.811 
 141 L _   0.008 0.047 0.001 0.019 0.006 0.011 0.096 0.813 
 142 I _   0.008 0.045 0.001 0.018 0.005 0.011 0.095 0.818 
 143 R _   0.007 0.042 0.001 0.016 0.005 0.010 0.094 0.826 
 144 E _   0.007 0.038 0.001 0.013 0.004 0.009 0.093 0.835 
 145 S _   0.006 0.034 0.000 0.010 0.003 0.009 0.092 0.845 
 146 E _   0.006 0.031 0.000 0.008 0.003 0.009 0.091 0.852 
 147 S _   0.006 0.030 0.000 0.006 0.003 0.009 0.089 0.857 
 148 Q _   0.006 0.030 0.000 0.006 0.003 0.009 0.088 0.858 
 149 K _   0.007 0.031 0.000 0.006 0.003 0.011 0.086 0.856 
 150 G _   0.008 0.035 0.000 0.008 0.004 0.013 0.084 0.849 
 151 E _   0.009 0.042 0.001 0.011 0.005 0.015 0.081 0.837 
 152 F _   0.011 0.052 0.001 0.014 0.007 0.017 0.078 0.820 
 153 S _   0.012 0.065 0.001 0.019 0.009 0.020 0.075 0.798 
 154 L _   0.014 0.079 0.001 0.025 0.011 0.022 0.071 0.776 
 155 S _   0.015 0.091 0.001 0.030 0.013 0.024 0.069 0.758 
 156 V _   0.016 0.100 0.001 0.034 0.015 0.025 0.066 0.743 
 157 L _   0.016 0.107 0.001 0.037 0.016 0.026 0.064 0.733 
 158 D _   0.017 0.110 0.001 0.038 0.016 0.026 0.062 0.728 
 159 G _   0.019 0.111 0.001 0.038 0.016 0.026 0.061 0.727 
 160 A _   0.019 0.109 0.001 0.037 0.016 0.025 0.061 0.732 
 161 V _   0.020 0.103 0.001 0.034 0.015 0.024 0.061 0.743 
 162 V _   0.019 0.094 0.001 0.030 0.013 0.023 0.061 0.759 
 163 K _   0.019 0.082 0.001 0.025 0.011 0.021 0.061 0.780 
 164 H _   0.017 0.068 0.001 0.020 0.009 0.020 0.062 0.803 
 165 Y _   0.016 0.054 0.001 0.015 0.007 0.018 0.062 0.826 
 166 R _   0.015 0.043 0.001 0.011 0.006 0.017 0.063 0.845 
 167 I _   0.014 0.034 0.001 0.008 0.005 0.016 0.063 0.860 
 168 K _   0.013 0.029 0.000 0.006 0.004 0.017 0.063 0.868 
 169 R _   0.014 0.027 0.000 0.005 0.004 0.017 0.062 0.871 
 170 L _   0.015 0.027 0.000 0.005 0.004 0.019 0.061 0.868 
 171 D _   0.017 0.030 0.001 0.006 0.005 0.023 0.060 0.858 
 172 E _   0.021 0.036 0.001 0.008 0.008 0.027 0.059 0.841 
 173 G _   0.026 0.048 0.001 0.011 0.011 0.032 0.057 0.813 
 174 G _   0.031 0.068 0.001 0.016 0.016 0.037 0.054 0.775 
 175 F _   0.036 0.093 0.002 0.022 0.022 0.042 0.052 0.731 
 176 F _   0.041 0.119 0.002 0.028 0.027 0.046 0.050 0.688 
 177 L _   0.044 0.142 0.002 0.032 0.031 0.049 0.048 0.652 
 178 T _   0.047 0.160 0.002 0.035 0.033 0.051 0.046 0.627 
 179 R _   0.049 0.172 0.002 0.036 0.034 0.051 0.045 0.612 
 180 R _   0.050 0.180 0.002 0.035 0.034 0.050 0.044 0.605 
 181 R _   0.051 0.184 0.002 0.034 0.033 0.049 0.044 0.604 
 182 I _   0.051 0.186 0.002 0.033 0.031 0.047 0.044 0.606 
 183 F _   0.051 0.186 0.002 0.032 0.029 0.044 0.044 0.612 
 184 S _   0.049 0.183 0.002 0.032 0.027 0.041 0.044 0.622 
 185 T _   0.047 0.179 0.002 0.032 0.024 0.038 0.045 0.634 
 186 L _   0.043 0.171 0.002 0.032 0.022 0.035 0.046 0.649 
 187 N _   0.039 0.161 0.002 0.031 0.019 0.031 0.047 0.669 
 188 E _   0.035 0.147 0.001 0.029 0.016 0.027 0.049 0.695 
 189 F _   0.031 0.128 0.001 0.026 0.013 0.023 0.051 0.727 
 190 V _   0.026 0.106 0.001 0.022 0.010 0.020 0.052 0.763 
 191 S _   0.022 0.082 0.001 0.017 0.007 0.017 0.054 0.800 
 192 H _   0.018 0.062 0.001 0.012 0.005 0.014 0.055 0.834 
 193 Y _   0.014 0.046 0.001 0.008 0.004 0.012 0.056 0.860 
 194 T _   0.012 0.037 0.000 0.006 0.003 0.010 0.056 0.877 
 195 K _   0.009 0.032 0.000 0.005 0.002 0.009 0.056 0.887 
 196 T _   0.008 0.030 0.000 0.004 0.002 0.009 0.056 0.891 
 197 S _   0.008 0.030 0.000 0.005 0.002 0.009 0.055 0.891 
 198 D _   0.008 0.033 0.000 0.006 0.003 0.010 0.054 0.887 
 199 G _   0.008 0.039 0.000 0.008 0.004 0.011 0.052 0.878 
 200 L _   0.008 0.049 0.001 0.011 0.005 0.012 0.050 0.864 
 201 C _   0.009 0.061 0.001 0.015 0.006 0.013 0.048 0.847 
 202 V _   0.009 0.075 0.001 0.018 0.007 0.014 0.046 0.830 
 203 K _   0.009 0.089 0.001 0.021 0.008 0.015 0.044 0.814 
 204 L _   0.009 0.100 0.001 0.023 0.008 0.016 0.042 0.801 
 205 G _   0.009 0.109 0.001 0.024 0.009 0.016 0.041 0.791 
 206 K _   0.010 0.117 0.001 0.024 0.009 0.017 0.039 0.783 
 207 P _   0.010 0.122 0.001 0.025 0.009 0.017 0.038 0.777 
 208 C _   0.010 0.127 0.001 0.025 0.010 0.018 0.038 0.772 
 209 L _   0.011 0.130 0.001 0.025 0.010 0.018 0.037 0.769 
 210 K _   0.011 0.131 0.001 0.026 0.010 0.018 0.037 0.766 
 211 I _   0.012 0.132 0.001 0.026 0.010 0.018 0.037 0.765 
 212 Q _   0.012 0.131 0.001 0.026 0.010 0.017 0.037 0.767 
 213 V _   0.012 0.128 0.001 0.025 0.009 0.016 0.037 0.772 
 214 P _   0.012 0.123 0.001 0.024 0.009 0.016 0.037 0.779 
 215 A _   0.011 0.117 0.001 0.022 0.008 0.015 0.037 0.789 
 216 P _   0.011 0.108 0.001 0.020 0.007 0.014 0.038 0.801 
 217 F _   0.011 0.098 0.001 0.017 0.006 0.013 0.039 0.815 
 218 D _   0.010 0.088 0.001 0.015 0.006 0.012 0.039 0.830 
 219 L _   0.010 0.078 0.001 0.012 0.005 0.011 0.040 0.843 
 220 S _   0.009 0.070 0.001 0.011 0.004 0.011 0.040 0.855 
 221 Y _   0.008 0.064 0.000 0.009 0.004 0.010 0.040 0.863 
 222 K _   0.008 0.060 0.000 0.009 0.004 0.010 0.040 0.869 
 223 T _   0.008 0.057 0.000 0.008 0.003 0.010 0.040 0.873 
 224 V _   0.008 0.056 0.000 0.008 0.003 0.010 0.040 0.874 
 225 D _   0.008 0.056 0.000 0.008 0.004 0.010 0.040 0.874 
 226 Q _   0.008 0.056 0.000 0.009 0.004 0.011 0.040 0.872 
 227 W _   0.008 0.058 0.001 0.010 0.004 0.012 0.039 0.869 
 228 E _   0.008 0.061 0.001 0.011 0.005 0.013 0.039 0.864 
 229 I _   0.009 0.064 0.001 0.012 0.006 0.014 0.038 0.858 
 230 D _   0.009 0.068 0.001 0.014 0.006 0.015 0.037 0.850 
 231 R _   0.010 0.073 0.001 0.016 0.007 0.016 0.037 0.841 
 232 N _   0.011 0.077 0.001 0.019 0.008 0.017 0.036 0.831 
 233 S _   0.012 0.082 0.001 0.021 0.009 0.018 0.036 0.822 
 234 I _   0.012 0.086 0.001 0.023 0.010 0.019 0.035 0.814 
 235 Q _   0.013 0.088 0.001 0.024 0.010 0.019 0.035 0.811 
 236 L _   0.013 0.088 0.001 0.023 0.010 0.019 0.035 0.811 
 237 L _   0.013 0.087 0.001 0.021 0.009 0.019 0.035 0.816 
 238 K _   0.013 0.084 0.001 0.019 0.008 0.018 0.035 0.823 
 239 R _   0.013 0.080 0.001 0.015 0.008 0.018 0.035 0.831 
 240 L _   0.013 0.076 0.001 0.013 0.007 0.018 0.035 0.837 
 241 G _   0.013 0.074 0.001 0.011 0.007 0.018 0.035 0.841 
 242 S _   0.014 0.073 0.001 0.011 0.007 0.019 0.035 0.840 
 243 G _   0.016 0.074 0.001 0.012 0.008 0.021 0.035 0.835 
 244 Q _   0.017 0.076 0.001 0.015 0.009 0.022 0.035 0.825 
 245 F _   0.019 0.080 0.001 0.019 0.011 0.023 0.034 0.812 
 246 G _   0.020 0.085 0.001 0.024 0.013 0.024 0.034 0.799 
 247 E _   0.021 0.088 0.001 0.028 0.014 0.024 0.035 0.789 
 248 V _   0.021 0.089 0.001 0.030 0.014 0.024 0.035 0.786 
 249 W _   0.020 0.088 0.001 0.030 0.014 0.023 0.036 0.789 
 250 E _   0.020 0.084 0.001 0.027 0.012 0.021 0.036 0.797 
 251 G _   0.019 0.078 0.001 0.023 0.011 0.020 0.037 0.811 
 252 L _   0.018 0.070 0.001 0.019 0.009 0.018 0.038 0.827 
 253 W _   0.016 0.062 0.001 0.015 0.007 0.017 0.039 0.843 
 254 N _   0.015 0.055 0.001 0.012 0.006 0.016 0.040 0.855 
 255 N _   0.014 0.050 0.001 0.010 0.006 0.015 0.041 0.863 
 256 T _   0.014 0.047 0.001 0.010 0.005 0.015 0.042 0.866 
 257 T _   0.013 0.047 0.001 0.011 0.006 0.016 0.042 0.865 
 258 P _   0.014 0.048 0.001 0.014 0.006 0.016 0.043 0.859 
 259 V _   0.014 0.049 0.001 0.018 0.007 0.016 0.043 0.852 
 260 A _   0.014 0.051 0.001 0.022 0.008 0.017 0.044 0.843 
 261 V _   0.014 0.052 0.001 0.026 0.009 0.016 0.044 0.838 
 262 K _   0.013 0.051 0.001 0.027 0.009 0.016 0.045 0.837 
 263 T _   0.012 0.049 0.001 0.027 0.008 0.014 0.047 0.842 
 264 L _   0.011 0.044 0.001 0.024 0.007 0.013 0.048 0.853 
 265 K _   0.010 0.037 0.001 0.019 0.006 0.011 0.049 0.868 
 266 P _   0.008 0.028 0.001 0.014 0.004 0.009 0.051 0.884 
 267 G _   0.007 0.020 0.000 0.010 0.003 0.008 0.052 0.900 
 268 S _   0.007 0.014 0.000 0.006 0.002 0.007 0.053 0.911 
 269 M _   0.006 0.010 0.000 0.005 0.002 0.006 0.053 0.918 
 270 D _   0.006 0.008 0.000 0.004 0.002 0.006 0.053 0.920 
 271 P _   0.006 0.008 0.000 0.004 0.002 0.007 0.053 0.919 
 272 N _   0.007 0.009 0.000 0.006 0.003 0.009 0.053 0.914 
 273 D _   0.007 0.011 0.000 0.009 0.004 0.010 0.053 0.906 
 274 F _   0.009 0.014 0.001 0.014 0.005 0.013 0.052 0.894 
 275 L _   0.009 0.019 0.001 0.020 0.007 0.015 0.051 0.879 
 276 R _   0.010 0.022 0.001 0.027 0.008 0.016 0.050 0.866 
 277 E _   0.010 0.025 0.001 0.031 0.009 0.017 0.049 0.858 
 278 A _   0.010 0.025 0.001 0.033 0.009 0.017 0.049 0.857 
 279 Q _   0.010 0.024 0.001 0.031 0.009 0.016 0.048 0.861 
 280 I _   0.009 0.022 0.001 0.026 0.008 0.016 0.048 0.870 
 281 M _   0.009 0.017 0.001 0.020 0.006 0.015 0.048 0.883 
 282 K _   0.010 0.012 0.001 0.014 0.005 0.014 0.049 0.896 
 283 N _   0.010 0.007 0.001 0.009 0.004 0.014 0.049 0.906 
 284 L _   0.011 0.004 0.000 0.006 0.003 0.014 0.048 0.912 
 285 R _   0.013 0.002 0.000 0.004 0.003 0.016 0.048 0.913 
 286 H _   0.016 0.001 0.000 0.004 0.004 0.018 0.048 0.909 
 287 P _   0.022 0.001 0.000 0.004 0.005 0.022 0.047 0.899 
 288 K _   0.030 0.001 0.001 0.006 0.007 0.027 0.046 0.883 
 289 L _   0.040 0.002 0.001 0.008 0.010 0.033 0.045 0.861 
 290 I _   0.051 0.003 0.001 0.012 0.014 0.039 0.044 0.836 
 291 Q _   0.062 0.004 0.001 0.016 0.019 0.045 0.043 0.810 
 292 L _   0.072 0.005 0.002 0.019 0.022 0.049 0.042 0.789 
 293 Y _   0.082 0.005 0.002 0.020 0.024 0.052 0.042 0.772 
 294 A _   0.091 0.005 0.002 0.019 0.025 0.054 0.041 0.762 
 295 V _   0.100 0.004 0.002 0.016 0.025 0.055 0.041 0.758 
 296 C _   0.108 0.003 0.001 0.013 0.023 0.056 0.040 0.756 
 297 T _   0.117 0.002 0.001 0.009 0.021 0.056 0.040 0.753 
 298 L _   0.126 0.001 0.001 0.007 0.020 0.056 0.040 0.749 
 299 E _   0.135 0.001 0.001 0.005 0.019 0.057 0.040 0.741 
 300 D _   0.145 0.001 0.001 0.005 0.020 0.059 0.040 0.729 
 301 P _   0.154 0.002 0.001 0.005 0.022 0.061 0.041 0.715 
 302 I _   0.161 0.003 0.001 0.007 0.026 0.063 0.041 0.698 
 303 Y _   0.167 0.006 0.002 0.010 0.031 0.064 0.042 0.679 
 304 I _   0.170 0.010 0.002 0.014 0.036 0.065 0.043 0.660 
 305 I _   0.168 0.016 0.002 0.020 0.040 0.065 0.044 0.645 
 306 T _   0.161 0.022 0.002 0.026 0.041 0.063 0.045 0.640 
 307 E _   0.149 0.026 0.002 0.030 0.040 0.059 0.047 0.646 
 308 L _   0.132 0.029 0.002 0.032 0.037 0.055 0.049 0.663 
 309 M _   0.114 0.029 0.002 0.032 0.033 0.049 0.052 0.688 
 310 R _   0.095 0.028 0.002 0.030 0.028 0.043 0.054 0.719 
 311 H _   0.077 0.026 0.002 0.028 0.022 0.037 0.057 0.750 
 312 G _   0.061 0.023 0.001 0.024 0.017 0.032 0.060 0.781 
 313 S _   0.048 0.020 0.001 0.021 0.013 0.027 0.063 0.808 
 314 L _   0.037 0.016 0.001 0.018 0.009 0.022 0.066 0.831 
 315 Q _   0.028 0.013 0.001 0.014 0.007 0.018 0.068 0.851 
 316 E _   0.022 0.009 0.001 0.012 0.005 0.015 0.070 0.867 
 317 Y _   0.017 0.006 0.000 0.009 0.004 0.012 0.072 0.880 
 318 L _   0.013 0.004 0.000 0.007 0.003 0.010 0.073 0.890 
 319 Q _   0.010 0.003 0.000 0.005 0.002 0.009 0.074 0.897 
 320 N _   0.008 0.002 0.000 0.004 0.002 0.008 0.075 0.901 
 321 D _   0.008 0.002 0.000 0.003 0.002 0.008 0.075 0.903 
 322 T _   0.008 0.002 0.000 0.003 0.002 0.009 0.074 0.903 
 323 G _   0.009 0.002 0.000 0.003 0.002 0.010 0.074 0.900 
 324 S _   0.010 0.003 0.000 0.004 0.003 0.013 0.073 0.894 
 325 K _   0.013 0.005 0.000 0.006 0.004 0.017 0.072 0.883 
 326 I _   0.016 0.010 0.001 0.008 0.006 0.022 0.070 0.868 
 327 H _   0.020 0.017 0.001 0.011 0.008 0.027 0.068 0.848 
 328 L _   0.024 0.027 0.001 0.014 0.011 0.032 0.066 0.824 
 329 T _   0.029 0.039 0.001 0.017 0.015 0.038 0.064 0.797 
 330 Q _   0.034 0.052 0.001 0.020 0.019 0.043 0.061 0.769 
 331 Q _   0.040 0.066 0.002 0.022 0.024 0.048 0.059 0.740 
 332 V _   0.047 0.079 0.002 0.024 0.028 0.052 0.057 0.712 
 333 D _   0.053 0.093 0.002 0.025 0.032 0.055 0.055 0.684 
 334 M _   0.060 0.105 0.002 0.028 0.036 0.057 0.054 0.658 
 335 A _   0.065 0.117 0.002 0.030 0.039 0.058 0.053 0.636 
 336 A _   0.069 0.127 0.002 0.034 0.040 0.058 0.052 0.618 
 337 Q _   0.072 0.134 0.002 0.037 0.040 0.056 0.052 0.606 
 338 V _   0.072 0.139 0.002 0.040 0.039 0.053 0.053 0.601 
 339 A _   0.071 0.140 0.002 0.042 0.037 0.050 0.053 0.606 
 340 S _   0.067 0.137 0.002 0.042 0.033 0.045 0.055 0.619 
 341 G _   0.063 0.130 0.002 0.040 0.029 0.040 0.056 0.640 
 342 M _   0.057 0.117 0.002 0.036 0.024 0.035 0.058 0.671 
 343 A _   0.049 0.098 0.002 0.031 0.019 0.030 0.061 0.710 
 344 Y _   0.041 0.074 0.001 0.024 0.014 0.025 0.064 0.756 
 345 L _   0.033 0.049 0.001 0.017 0.010 0.021 0.066 0.803 
 346 E _   0.026 0.028 0.001 0.011 0.007 0.017 0.068 0.842 
 347 S _   0.019 0.015 0.001 0.007 0.004 0.013 0.070 0.871 
 348 R _   0.015 0.007 0.000 0.005 0.003 0.011 0.071 0.888 
 349 N _   0.011 0.004 0.000 0.003 0.002 0.010 0.071 0.898 
 350 Y _   0.010 0.003 0.000 0.003 0.002 0.009 0.071 0.902 
 351 I _   0.009 0.002 0.000 0.003 0.002 0.010 0.071 0.902 
 352 H _   0.010 0.003 0.000 0.004 0.003 0.011 0.070 0.899 
 353 R _   0.011 0.004 0.000 0.006 0.004 0.013 0.069 0.893 
 354 D _   0.013 0.006 0.001 0.009 0.005 0.015 0.068 0.884 
 355 L _   0.014 0.009 0.001 0.012 0.007 0.018 0.067 0.873 
 356 A _   0.016 0.012 0.001 0.016 0.009 0.020 0.065 0.861 
 357 A _   0.017 0.016 0.001 0.020 0.011 0.022 0.064 0.849 
 358 R _   0.019 0.018 0.001 0.022 0.012 0.023 0.063 0.841 
 359 N _   0.020 0.020 0.001 0.023 0.013 0.024 0.062 0.836 
 360 V _   0.021 0.021 0.001 0.023 0.013 0.024 0.062 0.835 
 361 L _   0.022 0.021 0.001 0.021 0.012 0.024 0.062 0.836 
 362 V _   0.022 0.021 0.001 0.018 0.011 0.024 0.061 0.841 
 363 G _   0.022 0.020 0.001 0.016 0.010 0.024 0.061 0.846 
 364 E _   0.022 0.018 0.001 0.013 0.009 0.023 0.061 0.852 
 365 H _   0.022 0.017 0.001 0.010 0.008 0.023 0.061 0.857 
 366 N _   0.022 0.017 0.001 0.009 0.007 0.023 0.061 0.860 
 367 I _   0.023 0.018 0.001 0.008 0.007 0.023 0.061 0.860 
 368 Y _   0.023 0.019 0.001 0.009 0.008 0.024 0.061 0.856 
 369 K _   0.024 0.023 0.001 0.010 0.009 0.025 0.060 0.848 
 370 V _   0.025 0.028 0.001 0.014 0.011 0.026 0.060 0.835 
 371 A _   0.026 0.037 0.001 0.020 0.013 0.027 0.059 0.818 
 372 D _   0.026 0.046 0.001 0.027 0.015 0.028 0.059 0.799 
 373 F _   0.025 0.055 0.001 0.034 0.016 0.027 0.058 0.783 
 374 G _   0.024 0.060 0.001 0.040 0.017 0.026 0.058 0.773 
 375 L _   0.023 0.063 0.001 0.043 0.016 0.025 0.059 0.770 
 376 A _   0.021 0.063 0.001 0.042 0.015 0.023 0.060 0.775 
 377 R _   0.019 0.060 0.001 0.039 0.013 0.020 0.061 0.788 
 378 V _   0.016 0.053 0.001 0.032 0.010 0.017 0.063 0.806 
 379 F _   0.014 0.044 0.001 0.025 0.008 0.014 0.065 0.829 
 380 K _   0.012 0.033 0.001 0.018 0.006 0.012 0.066 0.852 
 381 V _   0.011 0.023 0.001 0.012 0.004 0.010 0.068 0.872 
 382 D _   0.009 0.015 0.000 0.008 0.003 0.008 0.069 0.888 
 383 N _   0.008 0.009 0.000 0.006 0.002 0.007 0.070 0.898 
 384 E _   0.007 0.006 0.000 0.004 0.002 0.006 0.070 0.905 
 385 D _   0.006 0.005 0.000 0.004 0.002 0.006 0.070 0.908 
 386 I _   0.006 0.004 0.000 0.004 0.002 0.006 0.069 0.909 
 387 Y _   0.006 0.004 0.000 0.004 0.002 0.006 0.068 0.909 
 388 E _   0.006 0.005 0.000 0.005 0.002 0.007 0.067 0.907 
 389 S _   0.007 0.006 0.000 0.006 0.003 0.008 0.065 0.904 
 390 R _   0.007 0.008 0.000 0.008 0.003 0.009 0.063 0.900 
 391 H _   0.007 0.011 0.000 0.010 0.004 0.011 0.061 0.895 
 392 E _   0.008 0.015 0.001 0.012 0.005 0.012 0.059 0.889 
 393 I _   0.008 0.019 0.001 0.014 0.005 0.013 0.057 0.882 
 394 K _   0.009 0.023 0.001 0.017 0.006 0.014 0.054 0.876 
 395 L _   0.009 0.027 0.001 0.019 0.007 0.015 0.052 0.870 
 396 P _   0.009 0.031 0.001 0.021 0.008 0.016 0.049 0.864 
 397 V _   0.010 0.034 0.001 0.023 0.009 0.017 0.047 0.860 
 398 K _   0.010 0.036 0.001 0.025 0.009 0.018 0.045 0.856 
 399 W _   0.010 0.037 0.001 0.026 0.010 0.018 0.044 0.855 
 400 T _   0.011 0.037 0.001 0.027 0.010 0.018 0.042 0.855 
 401 A _   0.011 0.036 0.001 0.026 0.009 0.017 0.041 0.858 
 402 P _   0.011 0.034 0.001 0.025 0.009 0.017 0.040 0.864 
 403 E _   0.011 0.030 0.001 0.023 0.008 0.016 0.039 0.872 
 404 A _   0.012 0.026 0.001 0.020 0.007 0.015 0.038 0.881 
 405 I _   0.013 0.021 0.001 0.016 0.007 0.014 0.037 0.892 
 406 R _   0.015 0.015 0.001 0.013 0.006 0.014 0.036 0.902 
 407 S _   0.018 0.010 0.001 0.010 0.005 0.013 0.035 0.910 
 408 N _   0.023 0.005 0.001 0.007 0.004 0.013 0.033 0.913 
 409 K _   0.032 0.003 0.001 0.005 0.004 0.013 0.032 0.910 
 410 F _   0.047 0.001 0.001 0.004 0.004 0.014 0.030 0.898 
 411 S _   0.072 0.000 0.001 0.003 0.005 0.015 0.029 0.876 
 412 I _   0.109 0.000 0.001 0.003 0.006 0.017 0.026 0.839 
 413 K _   0.163 0.000 0.001 0.002 0.007 0.020 0.024 0.783 
 414 S _   0.236 0.000 0.001 0.002 0.010 0.023 0.021 0.707 
 415 D _   0.326 0.000 0.001 0.002 0.014 0.026 0.018 0.613 
 416 V _   0.424 0.000 0.001 0.002 0.019 0.029 0.016 0.509 
 417 W H   0.515 0.000 0.002 0.002 0.024 0.031 0.014 0.412 
 418 S H   0.588 0.000 0.002 0.002 0.030 0.031 0.013 0.333 
 419 F H   0.645 0.000 0.002 0.002 0.034 0.031 0.012 0.273 
 420 G H   0.685 0.000 0.002 0.003 0.037 0.030 0.012 0.232 
 421 I H   0.708 0.000 0.002 0.003 0.038 0.029 0.013 0.207 
 422 L H   0.716 0.000 0.002 0.003 0.039 0.028 0.014 0.198 
 423 L H   0.710 0.000 0.002 0.004 0.039 0.026 0.015 0.204 
 424 Y H   0.690 0.000 0.002 0.004 0.037 0.025 0.017 0.224 
 425 E H   0.652 0.000 0.002 0.004 0.034 0.024 0.021 0.263 
 426 I H   0.593 0.000 0.002 0.005 0.030 0.023 0.025 0.322 
 427 I H   0.517 0.000 0.002 0.005 0.024 0.021 0.030 0.400 
 428 T _   0.429 0.000 0.002 0.004 0.018 0.020 0.037 0.490 
 429 Y _   0.341 0.000 0.001 0.003 0.013 0.018 0.043 0.579 
 430 G _   0.263 0.000 0.001 0.003 0.009 0.017 0.050 0.658 
 431 K _   0.201 0.000 0.001 0.002 0.006 0.017 0.056 0.718 
 432 M _   0.157 0.000 0.001 0.002 0.005 0.017 0.060 0.759 
 433 P _   0.129 0.000 0.000 0.002 0.004 0.019 0.064 0.782 
 434 Y _   0.114 0.000 0.000 0.002 0.004 0.022 0.068 0.790 
 435 S _   0.109 0.000 0.001 0.002 0.006 0.026 0.071 0.784 
 436 G _   0.112 0.002 0.001 0.003 0.010 0.033 0.074 0.765 
 437 M _   0.118 0.007 0.001 0.007 0.017 0.042 0.078 0.730 
 438 T _   0.124 0.022 0.002 0.013 0.028 0.051 0.081 0.679 
 439 G _   0.127 0.052 0.003 0.023 0.039 0.058 0.085 0.612 
 440 A _   0.125 0.092 0.003 0.036 0.049 0.062 0.090 0.544 
 441 Q _   0.119 0.128 0.003 0.049 0.054 0.062 0.096 0.489 
 442 V _   0.112 0.153 0.003 0.060 0.056 0.061 0.103 0.451 
 443 I _   0.104 0.168 0.003 0.068 0.054 0.058 0.112 0.433 
 444 Q _   0.095 0.174 0.003 0.070 0.050 0.053 0.123 0.431 
 445 M _   0.085 0.173 0.003 0.069 0.045 0.048 0.136 0.442 
 446 L _   0.072 0.164 0.003 0.064 0.038 0.042 0.152 0.465 
 447 A _   0.060 0.147 0.002 0.055 0.030 0.036 0.171 0.499 
 448 Q _   0.048 0.120 0.002 0.043 0.022 0.030 0.192 0.542 
 449 N _   0.037 0.086 0.002 0.031 0.015 0.024 0.214 0.590 
 450 Y _   0.028 0.053 0.001 0.021 0.010 0.019 0.235 0.634 
 451 R _   0.021 0.028 0.001 0.012 0.006 0.014 0.252 0.665 
 452 L _   0.015 0.014 0.000 0.007 0.003 0.011 0.264 0.685 
 453 P _   0.011 0.006 0.000 0.004 0.002 0.008 0.274 0.695 
 454 Q _   0.008 0.003 0.000 0.002 0.001 0.007 0.280 0.698 
 455 P _   0.006 0.002 0.000 0.002 0.001 0.007 0.285 0.696 
 456 S _   0.007 0.002 0.000 0.002 0.001 0.008 0.288 0.691 
 457 N _   0.008 0.003 0.000 0.002 0.002 0.011 0.291 0.682 
 458 C _   0.011 0.006 0.000 0.004 0.004 0.015 0.293 0.666 
 459 P _   0.015 0.016 0.001 0.009 0.007 0.021 0.295 0.636 
 460 Q _   0.019 0.040 0.001 0.018 0.013 0.027 0.296 0.586 
 461 Q _   0.021 0.083 0.002 0.032 0.020 0.031 0.296 0.515 
 462 F _   0.022 0.132 0.002 0.048 0.025 0.034 0.296 0.441 
 463 Y _   0.021 0.170 0.002 0.063 0.028 0.034 0.298 0.384 
 464 N _   0.020 0.193 0.002 0.074 0.028 0.033 0.303 0.348 
 465 I _   0.019 0.203 0.002 0.079 0.027 0.031 0.309 0.330 
 466 M _   0.018 0.206 0.002 0.079 0.025 0.029 0.318 0.324 
 467 L X   0.016 0.201 0.002 0.073 0.023 0.026 0.331 0.329 
 468 E _   0.015 0.187 0.002 0.062 0.019 0.023 0.346 0.346 
 469 C _   0.014 0.161 0.002 0.048 0.015 0.019 0.365 0.376 
 470 W _   0.012 0.125 0.001 0.033 0.011 0.016 0.387 0.413 
 471 N _   0.011 0.087 0.001 0.021 0.008 0.013 0.409 0.450 
 472 A _   0.009 0.058 0.001 0.012 0.005 0.011 0.427 0.477 
 473 E _   0.008 0.042 0.000 0.006 0.003 0.009 0.440 0.491 
 474 P _   0.006 0.035 0.000 0.004 0.002 0.008 0.450 0.494 
 475 K _   0.006 0.033 0.000 0.003 0.002 0.008 0.457 0.490 
 476 E _   0.006 0.034 0.000 0.004 0.002 0.009 0.463 0.482 
 477 R _   0.006 0.038 0.000 0.006 0.003 0.011 0.468 0.469 
 478 P X   0.007 0.047 0.000 0.010 0.004 0.013 0.472 0.447 
 479 T X   0.008 0.064 0.001 0.016 0.006 0.015 0.476 0.415 
 480 F X   0.008 0.086 0.001 0.025 0.009 0.017 0.480 0.376 
 481 E X   0.008 0.107 0.001 0.034 0.010 0.018 0.484 0.337 
 482 T X   0.008 0.124 0.001 0.043 0.012 0.018 0.490 0.305 
 483 L X   0.007 0.134 0.001 0.050 0.013 0.018 0.497 0.280 
 484 R X   0.007 0.139 0.001 0.053 0.013 0.018 0.507 0.262 
 485 W X   0.007 0.139 0.001 0.054 0.013 0.017 0.520 0.249 
 486 K X   0.006 0.136 0.001 0.052 0.012 0.016 0.537 0.241 
 487 L X   0.006 0.128 0.001 0.047 0.011 0.014 0.557 0.235 
 488 E X   0.006 0.114 0.001 0.040 0.010 0.013 0.583 0.233 
 489 D X   0.006 0.096 0.001 0.033 0.008 0.011 0.613 0.232 
 490 Y X   0.005 0.075 0.001 0.025 0.006 0.010 0.646 0.232 
 491 F X   0.005 0.054 0.001 0.018 0.005 0.008 0.678 0.232 
 492 E X   0.004 0.038 0.001 0.012 0.003 0.007 0.706 0.229 
 493 T X   0.004 0.026 0.000 0.008 0.002 0.005 0.730 0.224 
 494 D X   0.003 0.019 0.000 0.006 0.002 0.004 0.748 0.218 
 495 S X   0.003 0.015 0.000 0.004 0.001 0.004 0.763 0.211 
 496 S X   0.002 0.013 0.000 0.003 0.001 0.003 0.773 0.204 
 497 Y X   0.002 0.012 0.000 0.003 0.001 0.003 0.781 0.198 
 498 S X   0.002 0.011 0.000 0.003 0.001 0.002 0.787 0.193 
 499 D X   0.001 0.011 0.000 0.004 0.001 0.002 0.793 0.188 
 500 A X   0.001 0.012 0.000 0.004 0.001 0.002 0.797 0.183 
 501 N X   0.001 0.012 0.000 0.005 0.001 0.001 0.801 0.180 
 502 N X   0.000 0.011 0.000 0.004 0.000 0.001 0.804 0.179 
 503 F X   0.000 0.011 0.000 0.004 0.000 0.000 0.803 0.181 
 504 I X   0.000 0.011 0.000 0.006 0.000 0.000 0.798 0.183 
 505 R X   0.003 0.012 0.001 0.016 0.003 0.003 0.779 0.184 
