#TopoPred_TM8: 8-state transmembrane topology prediction results by no_profile mode 
#probabilities are in the order of H E C I L F X _, the 8 transmembrane topology types used in PDBTM 
   1 M X   0.087 0.001 0.004 0.044 0.022 0.039 0.432 0.371 
   2 A X   0.081 0.000 0.001 0.030 0.009 0.034 0.442 0.404 
   3 A X   0.086 0.000 0.001 0.022 0.006 0.032 0.440 0.413 
   4 I X   0.116 0.000 0.001 0.015 0.007 0.034 0.427 0.400 
   5 L X   0.159 0.000 0.001 0.010 0.009 0.037 0.400 0.383 
   6 G _   0.204 0.000 0.002 0.006 0.014 0.040 0.361 0.374 
   7 D _   0.247 0.000 0.002 0.005 0.016 0.041 0.325 0.365 
   8 T _   0.285 0.000 0.002 0.005 0.017 0.041 0.292 0.358 
   9 I _   0.315 0.000 0.002 0.005 0.018 0.040 0.264 0.357 
  10 M _   0.331 0.000 0.002 0.004 0.020 0.040 0.240 0.363 
  11 V _   0.340 0.000 0.002 0.005 0.020 0.039 0.219 0.375 
  12 A _   0.342 0.000 0.002 0.005 0.021 0.039 0.201 0.392 
  13 K _   0.341 0.000 0.002 0.005 0.021 0.038 0.185 0.410 
  14 G _   0.337 0.000 0.001 0.004 0.020 0.037 0.170 0.430 
  15 L _   0.329 0.000 0.001 0.004 0.019 0.037 0.158 0.452 
  16 V _   0.321 0.000 0.001 0.004 0.018 0.036 0.147 0.473 
  17 K _   0.312 0.000 0.001 0.004 0.017 0.036 0.137 0.492 
  18 L _   0.302 0.000 0.001 0.005 0.017 0.035 0.128 0.511 
  19 T _   0.293 0.000 0.001 0.005 0.016 0.034 0.120 0.530 
  20 Q _   0.284 0.000 0.001 0.006 0.016 0.034 0.112 0.547 
  21 A _   0.276 0.000 0.001 0.006 0.015 0.033 0.105 0.565 
  22 A _   0.270 0.000 0.001 0.005 0.014 0.031 0.098 0.581 
  23 V _   0.267 0.000 0.001 0.005 0.012 0.031 0.091 0.593 
  24 E _   0.268 0.000 0.001 0.004 0.011 0.030 0.084 0.602 
  25 T _   0.273 0.000 0.001 0.003 0.011 0.030 0.078 0.605 
  26 H _   0.284 0.000 0.001 0.003 0.011 0.030 0.071 0.600 
  27 L _   0.299 0.000 0.001 0.003 0.012 0.031 0.066 0.589 
  28 Q _   0.319 0.000 0.001 0.003 0.013 0.032 0.060 0.572 
  29 H _   0.341 0.000 0.001 0.003 0.015 0.034 0.056 0.551 
  30 L _   0.363 0.000 0.001 0.003 0.017 0.035 0.051 0.529 
  31 G _   0.385 0.000 0.001 0.004 0.020 0.036 0.047 0.506 
  32 I _   0.406 0.000 0.001 0.005 0.022 0.038 0.044 0.484 
  33 G _   0.421 0.000 0.002 0.006 0.025 0.038 0.042 0.467 
  34 G _   0.432 0.001 0.002 0.006 0.026 0.038 0.039 0.456 
  35 E _   0.435 0.001 0.002 0.007 0.026 0.038 0.038 0.453 
  36 L _   0.433 0.001 0.002 0.007 0.026 0.037 0.037 0.459 
  37 I _   0.424 0.001 0.002 0.006 0.023 0.035 0.036 0.473 
  38 M _   0.411 0.000 0.002 0.006 0.021 0.033 0.035 0.493 
  39 A _   0.394 0.000 0.001 0.004 0.017 0.031 0.034 0.518 
  40 A _   0.376 0.000 0.001 0.003 0.013 0.029 0.034 0.543 
  41 R _   0.359 0.000 0.001 0.002 0.011 0.028 0.033 0.566 
  42 A _   0.344 0.000 0.001 0.002 0.009 0.027 0.033 0.584 
  43 L _   0.335 0.000 0.001 0.001 0.009 0.028 0.033 0.594 
  44 Q _   0.331 0.000 0.001 0.001 0.009 0.029 0.032 0.596 
  45 S _   0.332 0.000 0.001 0.002 0.011 0.032 0.032 0.590 
  46 T _   0.337 0.000 0.001 0.002 0.015 0.035 0.032 0.577 
  47 A _   0.344 0.001 0.001 0.004 0.021 0.039 0.032 0.557 
  48 V _   0.348 0.004 0.002 0.008 0.028 0.042 0.032 0.536 
  49 E _   0.346 0.010 0.002 0.013 0.034 0.044 0.033 0.517 
  50 Q _   0.336 0.018 0.002 0.020 0.039 0.045 0.034 0.505 
  51 I _   0.318 0.025 0.003 0.028 0.041 0.045 0.036 0.506 
  52 G _   0.291 0.029 0.003 0.034 0.040 0.043 0.038 0.522 
  53 M _   0.258 0.031 0.003 0.038 0.036 0.040 0.041 0.554 
  54 F _   0.216 0.030 0.002 0.037 0.030 0.036 0.045 0.604 
  55 L _   0.172 0.027 0.002 0.032 0.023 0.030 0.048 0.665 
  56 G _   0.129 0.022 0.002 0.025 0.016 0.025 0.052 0.730 
  57 K _   0.093 0.016 0.001 0.016 0.010 0.020 0.055 0.789 
  58 V _   0.063 0.011 0.001 0.010 0.006 0.015 0.058 0.837 
  59 Q _   0.040 0.009 0.000 0.006 0.003 0.012 0.059 0.871 
  60 G _   0.026 0.008 0.000 0.004 0.002 0.009 0.060 0.891 
  61 Q _   0.017 0.008 0.000 0.003 0.002 0.008 0.060 0.902 
  62 D _   0.012 0.010 0.000 0.004 0.002 0.008 0.060 0.904 
  63 K _   0.010 0.015 0.000 0.005 0.002 0.009 0.059 0.899 
  64 H _   0.009 0.028 0.000 0.008 0.003 0.010 0.058 0.882 
  65 E _   0.009 0.054 0.001 0.013 0.005 0.012 0.056 0.851 
  66 E _   0.008 0.094 0.001 0.019 0.006 0.013 0.053 0.806 
  67 Y _   0.007 0.144 0.001 0.025 0.007 0.013 0.049 0.754 
  68 F _   0.007 0.192 0.001 0.028 0.007 0.013 0.046 0.707 
  69 A _   0.006 0.232 0.001 0.029 0.007 0.012 0.043 0.671 
  70 E _   0.005 0.262 0.001 0.028 0.006 0.011 0.041 0.646 
  71 N _   0.004 0.285 0.001 0.026 0.006 0.010 0.039 0.629 
  72 F _   0.004 0.302 0.001 0.023 0.005 0.010 0.038 0.617 
  73 G _   0.004 0.316 0.001 0.021 0.005 0.010 0.037 0.608 
  74 G _   0.004 0.329 0.001 0.019 0.005 0.009 0.036 0.598 
  75 P _   0.004 0.342 0.001 0.018 0.004 0.010 0.035 0.587 
  76 E _   0.004 0.357 0.001 0.017 0.005 0.010 0.034 0.573 
  77 G _   0.004 0.374 0.001 0.017 0.005 0.010 0.033 0.556 
  78 E _   0.005 0.393 0.001 0.018 0.005 0.010 0.032 0.536 
  79 F _   0.005 0.415 0.001 0.020 0.006 0.011 0.031 0.513 
  80 H _   0.005 0.439 0.001 0.022 0.006 0.011 0.030 0.488 
  81 F _   0.004 0.461 0.001 0.024 0.007 0.011 0.029 0.463 
  82 S E   0.004 0.482 0.001 0.026 0.007 0.011 0.028 0.442 
  83 V E   0.004 0.498 0.001 0.028 0.007 0.011 0.027 0.423 
  84 P E   0.004 0.509 0.001 0.030 0.007 0.010 0.027 0.410 
  85 H E   0.004 0.516 0.001 0.032 0.007 0.010 0.027 0.403 
  86 A E   0.005 0.517 0.001 0.033 0.007 0.010 0.028 0.400 
  87 A E   0.005 0.513 0.001 0.033 0.007 0.010 0.029 0.403 
  88 G E   0.005 0.504 0.001 0.032 0.007 0.010 0.030 0.411 
  89 A E   0.005 0.489 0.001 0.031 0.007 0.009 0.032 0.426 
  90 S E   0.006 0.464 0.001 0.029 0.007 0.009 0.035 0.450 
  91 T _   0.006 0.432 0.001 0.027 0.007 0.010 0.038 0.480 
  92 D _   0.007 0.393 0.001 0.025 0.006 0.010 0.042 0.517 
  93 F _   0.007 0.350 0.001 0.022 0.006 0.010 0.046 0.558 
  94 S _   0.007 0.307 0.001 0.019 0.005 0.010 0.050 0.601 
  95 S _   0.007 0.268 0.001 0.016 0.004 0.009 0.054 0.640 
  96 A _   0.007 0.237 0.001 0.014 0.004 0.009 0.058 0.672 
  97 S _   0.006 0.213 0.000 0.012 0.003 0.008 0.060 0.698 
  98 A _   0.006 0.195 0.000 0.010 0.002 0.008 0.062 0.717 
  99 P _   0.005 0.183 0.000 0.009 0.002 0.007 0.064 0.730 
 100 D _   0.005 0.176 0.000 0.008 0.002 0.007 0.065 0.737 
 101 Q _   0.005 0.172 0.000 0.008 0.002 0.007 0.065 0.741 
 102 S _   0.004 0.170 0.000 0.008 0.002 0.007 0.066 0.743 
 103 A _   0.004 0.171 0.000 0.009 0.002 0.007 0.065 0.742 
 104 P _   0.004 0.173 0.000 0.010 0.002 0.007 0.065 0.739 
 105 P _   0.004 0.177 0.000 0.010 0.002 0.007 0.064 0.735 
 106 S _   0.004 0.182 0.000 0.011 0.003 0.008 0.063 0.729 
 107 L _   0.004 0.188 0.000 0.012 0.003 0.008 0.061 0.724 
 108 G _   0.004 0.195 0.000 0.012 0.003 0.008 0.060 0.717 
 109 H _   0.004 0.203 0.000 0.013 0.003 0.008 0.058 0.711 
 110 A _   0.004 0.212 0.000 0.013 0.003 0.008 0.057 0.703 
 111 H _   0.004 0.223 0.000 0.013 0.003 0.008 0.055 0.694 
 112 S _   0.004 0.235 0.000 0.014 0.003 0.009 0.053 0.683 
 113 E _   0.004 0.250 0.000 0.014 0.004 0.009 0.051 0.668 
 114 G _   0.004 0.268 0.001 0.015 0.004 0.009 0.048 0.651 
 115 P _   0.005 0.289 0.001 0.016 0.004 0.010 0.046 0.630 
 116 A _   0.005 0.313 0.001 0.017 0.005 0.010 0.043 0.606 
 117 P _   0.005 0.340 0.001 0.019 0.005 0.010 0.041 0.580 
 118 A _   0.005 0.367 0.001 0.020 0.006 0.010 0.038 0.553 
 119 Y _   0.005 0.393 0.001 0.021 0.006 0.010 0.036 0.528 
 120 V _   0.004 0.417 0.001 0.022 0.006 0.010 0.034 0.506 
 121 A _   0.004 0.438 0.001 0.023 0.006 0.010 0.033 0.485 
 122 S _   0.004 0.455 0.001 0.024 0.006 0.010 0.031 0.469 
 123 G E   0.004 0.468 0.001 0.024 0.006 0.010 0.031 0.457 
 124 P E   0.004 0.477 0.001 0.025 0.006 0.009 0.030 0.448 
 125 F E   0.004 0.482 0.001 0.025 0.006 0.009 0.030 0.444 
 126 R E   0.005 0.482 0.001 0.024 0.006 0.009 0.030 0.444 
 127 E E   0.005 0.479 0.001 0.023 0.005 0.008 0.030 0.449 
 128 A E   0.005 0.471 0.001 0.022 0.005 0.008 0.031 0.458 
 129 G _   0.005 0.459 0.001 0.020 0.005 0.008 0.032 0.471 
 130 F _   0.005 0.443 0.001 0.017 0.004 0.007 0.033 0.490 
 131 P _   0.005 0.424 0.001 0.014 0.004 0.007 0.034 0.512 
 132 G _   0.005 0.405 0.000 0.012 0.003 0.007 0.035 0.534 
 133 Q _   0.005 0.388 0.000 0.009 0.003 0.006 0.036 0.552 
 134 A _   0.004 0.377 0.000 0.008 0.002 0.006 0.037 0.566 
 135 S _   0.004 0.369 0.000 0.007 0.002 0.006 0.037 0.574 
 136 S _   0.004 0.367 0.000 0.007 0.002 0.006 0.038 0.576 
 137 P _   0.004 0.368 0.000 0.008 0.002 0.007 0.037 0.574 
 138 L _   0.004 0.373 0.000 0.010 0.003 0.007 0.037 0.566 
 139 G _   0.004 0.382 0.000 0.012 0.003 0.008 0.037 0.554 
 140 R _   0.004 0.394 0.000 0.015 0.004 0.008 0.036 0.539 
 141 A _   0.004 0.405 0.001 0.017 0.004 0.008 0.036 0.525 
 142 N _   0.004 0.413 0.001 0.019 0.005 0.008 0.035 0.515 
 143 G _   0.004 0.418 0.001 0.020 0.005 0.008 0.035 0.510 
 144 R _   0.004 0.419 0.001 0.019 0.004 0.008 0.035 0.509 
 145 L _   0.004 0.417 0.001 0.018 0.004 0.008 0.036 0.514 
 146 F _   0.004 0.411 0.000 0.015 0.004 0.008 0.036 0.522 
 147 A _   0.004 0.404 0.000 0.012 0.003 0.008 0.037 0.532 
 148 N _   0.004 0.397 0.000 0.010 0.003 0.008 0.038 0.541 
 149 P _   0.004 0.392 0.000 0.009 0.003 0.008 0.038 0.546 
 150 R _   0.004 0.391 0.000 0.009 0.003 0.009 0.039 0.545 
 151 D _   0.005 0.394 0.000 0.010 0.004 0.011 0.039 0.537 
 152 S _   0.006 0.403 0.001 0.013 0.005 0.013 0.039 0.521 
 153 F _   0.007 0.417 0.001 0.018 0.007 0.014 0.039 0.497 
 154 S _   0.008 0.435 0.001 0.025 0.009 0.016 0.038 0.468 
 155 A E   0.008 0.451 0.001 0.033 0.010 0.017 0.038 0.442 
 156 M E   0.009 0.461 0.001 0.039 0.011 0.017 0.039 0.422 
 157 G E   0.009 0.464 0.001 0.044 0.012 0.017 0.040 0.413 
 158 F E   0.010 0.459 0.001 0.046 0.012 0.016 0.041 0.415 
 159 Q E   0.010 0.444 0.001 0.045 0.012 0.016 0.043 0.429 
 160 R _   0.010 0.412 0.001 0.041 0.012 0.015 0.046 0.461 
 161 R _   0.010 0.359 0.002 0.036 0.012 0.014 0.051 0.516 
 162 F _   0.011 0.285 0.002 0.030 0.011 0.014 0.057 0.591 
 163 F _   0.011 0.206 0.001 0.023 0.009 0.013 0.063 0.674 
 164 H _   0.010 0.140 0.001 0.016 0.007 0.012 0.069 0.744 
 165 Q _   0.009 0.098 0.001 0.011 0.005 0.011 0.074 0.791 
 166 D _   0.008 0.077 0.000 0.008 0.003 0.010 0.078 0.816 
 167 Q _   0.007 0.066 0.000 0.007 0.003 0.009 0.080 0.828 
 168 S _   0.007 0.061 0.000 0.006 0.002 0.009 0.082 0.832 
 169 P _   0.007 0.060 0.000 0.008 0.003 0.009 0.083 0.831 
 170 V _   0.007 0.060 0.000 0.010 0.003 0.010 0.084 0.825 
 171 G _   0.007 0.062 0.000 0.013 0.004 0.011 0.084 0.818 
 172 G _   0.007 0.065 0.001 0.017 0.005 0.011 0.085 0.810 
 173 L _   0.007 0.067 0.001 0.020 0.005 0.012 0.085 0.803 
 174 T _   0.007 0.068 0.001 0.022 0.005 0.012 0.086 0.799 
 175 A _   0.007 0.068 0.001 0.023 0.006 0.012 0.087 0.797 
 176 E _   0.007 0.067 0.001 0.023 0.005 0.011 0.088 0.798 
 177 D _   0.007 0.064 0.001 0.022 0.005 0.011 0.090 0.801 
 178 I _   0.007 0.060 0.001 0.021 0.005 0.011 0.092 0.805 
 179 E _   0.007 0.055 0.001 0.019 0.004 0.010 0.093 0.810 
 180 K _   0.007 0.050 0.001 0.018 0.004 0.010 0.095 0.815 
 181 A _   0.008 0.044 0.000 0.016 0.004 0.009 0.098 0.821 
 182 R _   0.008 0.038 0.000 0.015 0.004 0.009 0.100 0.827 
 183 Q _   0.008 0.031 0.000 0.013 0.003 0.008 0.102 0.834 
 184 A _   0.007 0.025 0.000 0.012 0.003 0.008 0.104 0.841 
 185 K _   0.007 0.019 0.000 0.010 0.002 0.007 0.105 0.849 
 186 A _   0.006 0.014 0.000 0.008 0.002 0.006 0.106 0.857 
 187 R _   0.006 0.010 0.000 0.007 0.002 0.006 0.107 0.863 
 188 P _   0.006 0.007 0.000 0.005 0.002 0.005 0.107 0.868 
 189 E _   0.005 0.005 0.000 0.004 0.001 0.005 0.106 0.873 
 190 N _   0.005 0.003 0.000 0.004 0.001 0.005 0.105 0.876 
 191 K _   0.005 0.003 0.000 0.004 0.001 0.005 0.104 0.878 
 192 Q _   0.004 0.003 0.000 0.004 0.002 0.006 0.102 0.879 
 193 H _   0.005 0.003 0.000 0.005 0.002 0.006 0.099 0.880 
 194 K _   0.005 0.003 0.000 0.007 0.002 0.007 0.096 0.880 
 195 Q _   0.005 0.004 0.000 0.009 0.003 0.009 0.092 0.879 
 196 T _   0.005 0.005 0.000 0.011 0.003 0.010 0.088 0.878 
 197 L _   0.006 0.006 0.000 0.013 0.004 0.011 0.083 0.877 
 198 S _   0.006 0.006 0.001 0.015 0.005 0.012 0.078 0.876 
 199 E _   0.007 0.007 0.001 0.017 0.005 0.014 0.074 0.876 
 200 H _   0.008 0.007 0.001 0.018 0.006 0.015 0.069 0.877 
 201 A _   0.009 0.007 0.001 0.018 0.007 0.016 0.065 0.878 
 202 R _   0.011 0.007 0.001 0.017 0.007 0.017 0.061 0.879 
 203 E _   0.014 0.007 0.001 0.016 0.007 0.018 0.057 0.880 
 204 R _   0.018 0.006 0.001 0.015 0.008 0.019 0.054 0.879 
 205 K _   0.025 0.005 0.001 0.014 0.008 0.021 0.050 0.876 
 206 V _   0.035 0.004 0.001 0.013 0.009 0.022 0.047 0.870 
 207 P _   0.049 0.003 0.001 0.011 0.010 0.023 0.044 0.860 
 208 V _   0.069 0.002 0.001 0.009 0.010 0.024 0.040 0.845 
 209 T _   0.096 0.001 0.001 0.008 0.010 0.024 0.037 0.823 
 210 R _   0.131 0.001 0.001 0.006 0.011 0.025 0.033 0.793 
 211 I _   0.175 0.000 0.001 0.005 0.011 0.025 0.029 0.754 
 212 G _   0.229 0.000 0.001 0.003 0.012 0.025 0.025 0.704 
 213 R _   0.294 0.000 0.001 0.003 0.012 0.025 0.021 0.644 
 214 L _   0.371 0.000 0.001 0.002 0.014 0.025 0.018 0.570 
 215 A _   0.455 0.000 0.001 0.002 0.015 0.024 0.014 0.488 
 216 N H   0.539 0.000 0.001 0.002 0.018 0.024 0.012 0.405 
 217 F H   0.617 0.000 0.001 0.001 0.019 0.023 0.010 0.328 
 218 G H   0.684 0.000 0.001 0.001 0.021 0.021 0.008 0.263 
 219 G H   0.736 0.000 0.001 0.001 0.022 0.020 0.007 0.212 
 220 L H   0.774 0.000 0.001 0.001 0.023 0.019 0.007 0.175 
 221 A H   0.797 0.000 0.001 0.001 0.024 0.017 0.007 0.152 
 222 V H   0.808 0.000 0.001 0.001 0.024 0.016 0.007 0.141 
 223 G H   0.807 0.000 0.001 0.001 0.025 0.016 0.008 0.142 
 224 L H   0.795 0.000 0.001 0.002 0.025 0.016 0.009 0.152 
 225 G H   0.770 0.000 0.002 0.002 0.026 0.016 0.010 0.174 
 226 F H   0.730 0.000 0.002 0.003 0.026 0.017 0.013 0.210 
 227 G H   0.673 0.000 0.002 0.003 0.025 0.018 0.016 0.263 
 228 A H   0.599 0.000 0.002 0.005 0.024 0.018 0.021 0.331 
 229 L H   0.510 0.000 0.002 0.007 0.021 0.019 0.027 0.414 
 230 A _   0.415 0.001 0.002 0.008 0.018 0.018 0.034 0.503 
 231 E _   0.324 0.001 0.002 0.009 0.014 0.017 0.042 0.591 
 232 V _   0.241 0.001 0.001 0.010 0.011 0.016 0.049 0.671 
 233 A _   0.172 0.001 0.001 0.010 0.008 0.014 0.055 0.739 
 234 K _   0.119 0.001 0.001 0.009 0.006 0.012 0.061 0.793 
 235 K _   0.078 0.001 0.001 0.007 0.004 0.010 0.066 0.834 
 236 S _   0.050 0.000 0.000 0.006 0.003 0.008 0.069 0.863 
 237 L _   0.032 0.000 0.000 0.005 0.002 0.007 0.072 0.882 
 238 R _   0.020 0.000 0.000 0.004 0.002 0.006 0.073 0.895 
 239 S _   0.013 0.000 0.000 0.003 0.001 0.005 0.074 0.903 
 240 E _   0.009 0.000 0.000 0.003 0.001 0.005 0.075 0.907 
 241 D _   0.007 0.000 0.000 0.003 0.001 0.005 0.075 0.909 
 242 P _   0.006 0.001 0.000 0.004 0.001 0.005 0.074 0.909 
 243 S _   0.005 0.001 0.000 0.005 0.002 0.006 0.073 0.908 
 244 G _   0.005 0.003 0.000 0.007 0.002 0.007 0.072 0.904 
 245 K _   0.006 0.005 0.000 0.010 0.003 0.009 0.070 0.898 
 246 K _   0.006 0.007 0.000 0.014 0.004 0.010 0.068 0.891 
 247 A _   0.006 0.009 0.001 0.018 0.005 0.011 0.066 0.884 
 248 V _   0.006 0.011 0.001 0.022 0.006 0.012 0.064 0.879 
 249 L _   0.006 0.013 0.001 0.024 0.006 0.013 0.062 0.877 
 250 G _   0.006 0.013 0.001 0.024 0.006 0.013 0.060 0.878 
 251 S _   0.006 0.012 0.001 0.022 0.006 0.013 0.059 0.881 
 252 S _   0.006 0.011 0.001 0.019 0.006 0.013 0.058 0.887 
 253 P _   0.007 0.009 0.001 0.015 0.005 0.014 0.057 0.893 
 254 F _   0.008 0.007 0.001 0.012 0.005 0.014 0.056 0.898 
 255 L _   0.010 0.005 0.001 0.009 0.004 0.016 0.055 0.900 
 256 S _   0.013 0.003 0.000 0.007 0.004 0.018 0.054 0.899 
 257 E _   0.018 0.002 0.001 0.006 0.005 0.021 0.053 0.893 
 258 A _   0.026 0.002 0.001 0.006 0.006 0.025 0.052 0.883 
 259 N _   0.036 0.002 0.001 0.006 0.008 0.029 0.051 0.867 
 260 A _   0.050 0.002 0.001 0.007 0.010 0.035 0.050 0.846 
 261 E _   0.065 0.002 0.001 0.008 0.014 0.041 0.049 0.821 
 262 R _   0.082 0.002 0.001 0.009 0.018 0.047 0.048 0.793 
 263 I _   0.099 0.003 0.001 0.010 0.022 0.052 0.047 0.766 
 264 V _   0.115 0.004 0.002 0.012 0.026 0.056 0.046 0.740 
 265 R _   0.130 0.004 0.002 0.012 0.029 0.060 0.045 0.718 
 266 T _   0.141 0.005 0.002 0.013 0.032 0.062 0.045 0.700 
 267 L _   0.151 0.006 0.002 0.013 0.033 0.064 0.045 0.687 
 268 C _   0.157 0.006 0.002 0.012 0.034 0.064 0.045 0.680 
 269 K _   0.160 0.007 0.002 0.013 0.034 0.063 0.045 0.677 
 270 V _   0.159 0.008 0.002 0.013 0.033 0.062 0.046 0.678 
 271 R _   0.154 0.009 0.002 0.014 0.032 0.060 0.047 0.683 
 272 G _   0.147 0.010 0.002 0.015 0.031 0.057 0.048 0.691 
 273 A _   0.138 0.011 0.002 0.016 0.029 0.054 0.049 0.701 
 274 A _   0.126 0.012 0.002 0.018 0.027 0.051 0.051 0.714 
 275 L _   0.113 0.013 0.002 0.019 0.025 0.047 0.052 0.728 
 276 K _   0.098 0.014 0.002 0.021 0.023 0.043 0.054 0.745 
 277 L _   0.085 0.014 0.001 0.022 0.020 0.038 0.056 0.764 
 278 G _   0.071 0.014 0.001 0.022 0.017 0.033 0.059 0.784 
 279 Q _   0.057 0.012 0.001 0.020 0.014 0.028 0.061 0.806 
 280 M _   0.046 0.011 0.001 0.018 0.011 0.024 0.063 0.827 
 281 L _   0.036 0.008 0.001 0.014 0.008 0.020 0.066 0.847 
 282 S _   0.028 0.006 0.001 0.011 0.006 0.016 0.068 0.865 
 283 I _   0.022 0.004 0.001 0.007 0.004 0.014 0.069 0.879 
 284 Q _   0.017 0.003 0.000 0.005 0.003 0.012 0.071 0.889 
 285 D _   0.014 0.002 0.000 0.004 0.003 0.010 0.072 0.895 
 286 D _   0.013 0.002 0.000 0.003 0.002 0.010 0.072 0.897 
 287 A _   0.013 0.002 0.000 0.003 0.002 0.011 0.073 0.896 
 288 F _   0.013 0.003 0.000 0.004 0.003 0.012 0.073 0.892 
 289 I _   0.015 0.005 0.000 0.005 0.004 0.014 0.073 0.883 
 290 N _   0.017 0.010 0.001 0.008 0.006 0.017 0.073 0.869 
 291 P _   0.019 0.018 0.001 0.012 0.008 0.020 0.073 0.848 
 292 H _   0.021 0.031 0.001 0.018 0.011 0.023 0.072 0.823 
 293 L _   0.023 0.044 0.001 0.024 0.014 0.025 0.072 0.798 
 294 A _   0.023 0.055 0.001 0.029 0.015 0.026 0.072 0.778 
 295 K _   0.024 0.063 0.001 0.032 0.016 0.027 0.072 0.765 
 296 I _   0.023 0.068 0.001 0.033 0.016 0.026 0.072 0.761 
 297 F _   0.022 0.070 0.001 0.031 0.014 0.025 0.073 0.763 
 298 E _   0.021 0.069 0.001 0.026 0.013 0.023 0.075 0.771 
 299 R _   0.020 0.067 0.001 0.021 0.010 0.022 0.076 0.783 
 300 V _   0.018 0.064 0.001 0.016 0.008 0.020 0.078 0.795 
 301 R _   0.017 0.061 0.001 0.012 0.007 0.019 0.079 0.805 
 302 Q _   0.016 0.059 0.001 0.010 0.006 0.018 0.080 0.811 
 303 S _   0.015 0.058 0.001 0.009 0.006 0.018 0.081 0.812 
 304 A _   0.015 0.061 0.001 0.010 0.006 0.019 0.082 0.807 
 305 D _   0.016 0.066 0.001 0.012 0.007 0.020 0.083 0.795 
 306 F _   0.017 0.074 0.001 0.017 0.009 0.021 0.083 0.778 
 307 M _   0.017 0.084 0.001 0.024 0.011 0.022 0.084 0.757 
 308 P _   0.017 0.094 0.001 0.031 0.012 0.022 0.085 0.737 
 309 L _   0.017 0.102 0.001 0.038 0.013 0.022 0.086 0.721 
 310 K _   0.017 0.106 0.001 0.042 0.013 0.021 0.088 0.712 
 311 Q _   0.016 0.106 0.001 0.043 0.013 0.020 0.091 0.711 
 312 M _   0.015 0.102 0.001 0.041 0.012 0.018 0.094 0.718 
 313 M _   0.014 0.094 0.001 0.036 0.010 0.016 0.098 0.731 
 314 K _   0.013 0.081 0.001 0.030 0.008 0.014 0.103 0.751 
 315 T _   0.012 0.064 0.001 0.023 0.006 0.012 0.108 0.775 
 316 L _   0.011 0.046 0.001 0.016 0.005 0.010 0.113 0.799 
 317 N _   0.009 0.031 0.000 0.011 0.003 0.008 0.117 0.819 
 318 N _   0.008 0.020 0.000 0.008 0.002 0.007 0.121 0.834 
 319 D _   0.007 0.013 0.000 0.005 0.002 0.006 0.123 0.844 
 320 L _   0.006 0.009 0.000 0.004 0.001 0.005 0.125 0.849 
 321 G _   0.005 0.007 0.000 0.004 0.001 0.005 0.126 0.852 
 322 P _   0.005 0.006 0.000 0.003 0.001 0.005 0.126 0.854 
 323 N _   0.005 0.005 0.000 0.004 0.001 0.005 0.125 0.854 
 324 W _   0.005 0.006 0.000 0.004 0.002 0.006 0.124 0.853 
 325 R _   0.005 0.007 0.000 0.005 0.002 0.007 0.122 0.852 
 326 D _   0.005 0.009 0.000 0.006 0.002 0.008 0.120 0.849 
 327 K _   0.005 0.013 0.000 0.008 0.003 0.010 0.117 0.845 
 328 L _   0.006 0.018 0.000 0.010 0.003 0.011 0.113 0.839 
 329 E _   0.006 0.024 0.001 0.012 0.004 0.013 0.109 0.831 
 330 Y _   0.007 0.031 0.001 0.014 0.005 0.015 0.104 0.823 
 331 F _   0.008 0.040 0.001 0.016 0.006 0.018 0.100 0.813 
 332 E _   0.009 0.049 0.001 0.018 0.008 0.020 0.096 0.801 
 333 E _   0.011 0.058 0.001 0.019 0.009 0.023 0.091 0.788 
 334 R _   0.013 0.067 0.001 0.021 0.011 0.026 0.087 0.775 
 335 P _   0.015 0.076 0.001 0.023 0.013 0.028 0.083 0.760 
 336 F _   0.018 0.085 0.001 0.024 0.015 0.031 0.080 0.745 
 337 A _   0.021 0.093 0.001 0.027 0.018 0.033 0.077 0.731 
 338 A _   0.024 0.100 0.001 0.029 0.020 0.035 0.074 0.717 
 339 A _   0.027 0.106 0.001 0.032 0.021 0.036 0.072 0.706 
 340 S _   0.029 0.110 0.001 0.033 0.022 0.036 0.070 0.699 
 341 I _   0.031 0.111 0.001 0.035 0.022 0.035 0.068 0.697 
 342 G _   0.032 0.110 0.001 0.035 0.021 0.034 0.067 0.700 
 343 Q _   0.032 0.106 0.001 0.034 0.020 0.032 0.066 0.709 
 344 V _   0.031 0.099 0.001 0.031 0.018 0.030 0.066 0.724 
 345 H _   0.030 0.089 0.001 0.027 0.016 0.028 0.066 0.744 
 346 L _   0.028 0.075 0.001 0.022 0.013 0.025 0.066 0.770 
 347 A _   0.026 0.060 0.001 0.017 0.010 0.022 0.066 0.797 
 348 R _   0.023 0.047 0.001 0.013 0.008 0.020 0.066 0.822 
 349 M _   0.020 0.037 0.001 0.010 0.007 0.018 0.066 0.842 
 350 K _   0.018 0.030 0.001 0.008 0.005 0.017 0.066 0.855 
 351 G _   0.016 0.026 0.001 0.007 0.005 0.016 0.066 0.864 
 352 G _   0.015 0.024 0.001 0.007 0.005 0.016 0.065 0.869 
 353 R _   0.014 0.024 0.001 0.008 0.005 0.016 0.064 0.869 
 354 E _   0.014 0.025 0.001 0.010 0.006 0.016 0.063 0.865 
 355 V _   0.014 0.027 0.001 0.012 0.007 0.017 0.062 0.860 
 356 A _   0.014 0.030 0.001 0.015 0.008 0.018 0.061 0.853 
 357 M _   0.014 0.033 0.001 0.019 0.009 0.018 0.060 0.845 
 358 K _   0.014 0.036 0.001 0.023 0.010 0.019 0.059 0.839 
 359 I _   0.013 0.037 0.001 0.026 0.011 0.019 0.058 0.835 
 360 Q _   0.013 0.038 0.001 0.027 0.011 0.018 0.058 0.835 
 361 Y _   0.012 0.037 0.001 0.027 0.010 0.018 0.057 0.838 
 362 P _   0.012 0.034 0.001 0.026 0.009 0.017 0.057 0.844 
 363 G _   0.011 0.031 0.001 0.023 0.008 0.016 0.057 0.854 
 364 V _   0.010 0.026 0.001 0.019 0.007 0.015 0.057 0.866 
 365 A _   0.010 0.020 0.001 0.014 0.006 0.014 0.058 0.878 
 366 Q _   0.010 0.015 0.001 0.010 0.004 0.013 0.058 0.890 
 367 S _   0.010 0.010 0.000 0.007 0.004 0.013 0.058 0.898 
 368 I _   0.011 0.008 0.000 0.005 0.003 0.014 0.057 0.901 
 369 N _   0.013 0.007 0.000 0.004 0.003 0.016 0.057 0.899 
 370 S _   0.018 0.007 0.000 0.004 0.005 0.020 0.056 0.890 
 371 D _   0.025 0.009 0.001 0.006 0.007 0.025 0.055 0.872 
 372 V _   0.034 0.013 0.001 0.010 0.012 0.032 0.054 0.843 
 373 N _   0.045 0.023 0.001 0.017 0.020 0.040 0.052 0.802 
 374 N _   0.055 0.036 0.002 0.026 0.028 0.046 0.051 0.756 
 375 L _   0.063 0.048 0.002 0.037 0.034 0.050 0.050 0.716 
 376 M _   0.068 0.057 0.002 0.046 0.037 0.052 0.049 0.689 
 377 A _   0.069 0.061 0.002 0.050 0.038 0.051 0.049 0.678 
 378 V _   0.069 0.061 0.002 0.050 0.036 0.049 0.050 0.683 
 379 L _   0.066 0.058 0.002 0.044 0.032 0.045 0.051 0.702 
 380 N _   0.061 0.049 0.002 0.036 0.027 0.041 0.052 0.733 
 381 M _   0.056 0.037 0.002 0.026 0.021 0.036 0.053 0.771 
 382 S _   0.050 0.024 0.001 0.016 0.015 0.031 0.054 0.809 
 383 N _   0.043 0.013 0.001 0.010 0.010 0.027 0.056 0.840 
 384 M _   0.037 0.006 0.001 0.006 0.007 0.023 0.057 0.862 
 385 L _   0.033 0.003 0.001 0.004 0.005 0.021 0.057 0.876 
 386 P _   0.030 0.002 0.000 0.004 0.004 0.020 0.058 0.883 
 387 E _   0.029 0.001 0.000 0.003 0.004 0.019 0.058 0.885 
 388 G _   0.029 0.001 0.000 0.004 0.005 0.020 0.058 0.883 
 389 L _   0.030 0.002 0.001 0.005 0.005 0.021 0.058 0.879 
 390 F _   0.031 0.003 0.001 0.006 0.007 0.023 0.058 0.872 
 391 P _   0.033 0.005 0.001 0.008 0.008 0.025 0.057 0.863 
 392 E _   0.036 0.007 0.001 0.010 0.010 0.027 0.057 0.852 
 393 H _   0.037 0.011 0.001 0.013 0.012 0.029 0.056 0.839 
 394 L _   0.039 0.015 0.001 0.017 0.015 0.030 0.056 0.827 
 395 I _   0.040 0.020 0.001 0.021 0.017 0.031 0.056 0.814 
 396 D _   0.040 0.023 0.001 0.025 0.018 0.031 0.056 0.805 
 397 V _   0.040 0.026 0.001 0.029 0.018 0.031 0.056 0.799 
 398 L _   0.038 0.027 0.001 0.030 0.017 0.029 0.057 0.800 
 399 R _   0.035 0.027 0.001 0.030 0.016 0.027 0.057 0.807 
 400 R _   0.031 0.025 0.001 0.027 0.013 0.024 0.058 0.820 
 401 E _   0.027 0.022 0.001 0.023 0.011 0.021 0.059 0.836 
 402 L _   0.023 0.018 0.001 0.018 0.008 0.018 0.060 0.855 
 403 A _   0.019 0.013 0.001 0.013 0.006 0.015 0.061 0.872 
 404 L _   0.016 0.009 0.001 0.009 0.004 0.013 0.061 0.887 
 405 E _   0.013 0.006 0.000 0.006 0.003 0.011 0.062 0.898 
 406 C _   0.011 0.005 0.000 0.005 0.003 0.010 0.061 0.905 
 407 D _   0.010 0.004 0.000 0.004 0.002 0.009 0.061 0.909 
 408 Y _   0.009 0.004 0.000 0.005 0.003 0.009 0.060 0.910 
 409 Q _   0.009 0.005 0.000 0.006 0.003 0.010 0.059 0.908 
 410 R _   0.010 0.006 0.000 0.007 0.004 0.011 0.058 0.904 
 411 E _   0.010 0.008 0.001 0.010 0.004 0.012 0.057 0.898 
 412 A _   0.011 0.010 0.001 0.013 0.006 0.013 0.056 0.891 
 413 A _   0.011 0.013 0.001 0.016 0.007 0.015 0.054 0.884 
 414 C _   0.011 0.015 0.001 0.019 0.007 0.015 0.053 0.879 
 415 A _   0.012 0.017 0.001 0.020 0.008 0.016 0.051 0.876 
 416 R _   0.012 0.017 0.001 0.021 0.008 0.016 0.050 0.875 
 417 K _   0.012 0.017 0.001 0.020 0.008 0.016 0.049 0.877 
 418 F _   0.012 0.017 0.001 0.018 0.008 0.016 0.048 0.880 
 419 R _   0.012 0.016 0.001 0.016 0.007 0.016 0.047 0.885 
 420 D _   0.012 0.014 0.001 0.014 0.007 0.016 0.047 0.890 
 421 L _   0.013 0.013 0.001 0.012 0.006 0.016 0.046 0.894 
 422 L _   0.013 0.012 0.001 0.011 0.006 0.016 0.045 0.896 
 423 K _   0.014 0.011 0.001 0.010 0.006 0.016 0.045 0.897 
 424 G _   0.015 0.011 0.001 0.010 0.007 0.017 0.044 0.896 
 425 H _   0.016 0.011 0.001 0.011 0.007 0.018 0.043 0.893 
 426 P _   0.017 0.011 0.001 0.013 0.008 0.019 0.042 0.889 
 427 F _   0.018 0.012 0.001 0.014 0.009 0.020 0.042 0.884 
 428 F _   0.019 0.012 0.001 0.016 0.010 0.021 0.041 0.881 
 429 Y _   0.019 0.012 0.001 0.017 0.010 0.021 0.041 0.879 
 430 V _   0.019 0.012 0.001 0.017 0.010 0.021 0.040 0.879 
 431 P _   0.020 0.011 0.001 0.016 0.009 0.021 0.040 0.882 
 432 E _   0.020 0.010 0.001 0.014 0.009 0.021 0.040 0.886 
 433 I _   0.020 0.009 0.001 0.012 0.008 0.021 0.039 0.890 
 434 V _   0.021 0.007 0.001 0.010 0.007 0.021 0.039 0.895 
 435 D _   0.022 0.006 0.001 0.007 0.006 0.022 0.039 0.898 
 436 E _   0.024 0.006 0.001 0.006 0.006 0.023 0.038 0.897 
 437 L _   0.027 0.006 0.001 0.005 0.006 0.025 0.038 0.893 
 438 C _   0.031 0.007 0.001 0.005 0.008 0.028 0.037 0.883 
 439 S _   0.037 0.009 0.001 0.007 0.011 0.032 0.036 0.867 
 440 P _   0.044 0.015 0.001 0.010 0.015 0.037 0.035 0.843 
 441 H _   0.050 0.027 0.001 0.015 0.021 0.041 0.034 0.810 
 442 V _   0.056 0.044 0.002 0.023 0.027 0.045 0.032 0.772 
 443 L _   0.059 0.063 0.002 0.032 0.032 0.047 0.031 0.734 
 444 T _   0.060 0.079 0.002 0.042 0.034 0.047 0.031 0.707 
 445 T _   0.058 0.089 0.002 0.049 0.034 0.045 0.030 0.693 
 446 E _   0.054 0.093 0.002 0.053 0.033 0.042 0.030 0.692 
 447 L _   0.050 0.094 0.002 0.052 0.030 0.038 0.031 0.704 
 448 V _   0.044 0.089 0.002 0.048 0.025 0.034 0.031 0.726 
 449 S _   0.038 0.081 0.002 0.041 0.020 0.029 0.032 0.758 
 450 G _   0.032 0.067 0.001 0.032 0.015 0.024 0.033 0.795 
 451 F _   0.027 0.050 0.001 0.023 0.011 0.020 0.034 0.835 
 452 P _   0.022 0.033 0.001 0.016 0.007 0.016 0.034 0.870 
 453 L _   0.018 0.019 0.001 0.011 0.005 0.013 0.035 0.898 
 454 D _   0.014 0.010 0.000 0.007 0.003 0.011 0.035 0.918 
 455 Q _   0.013 0.005 0.000 0.005 0.003 0.009 0.035 0.930 
 456 A _   0.012 0.002 0.000 0.004 0.002 0.008 0.034 0.937 
 457 E _   0.014 0.001 0.000 0.003 0.002 0.008 0.033 0.938 
 458 G _   0.019 0.001 0.000 0.003 0.002 0.008 0.032 0.935 
 459 L _   0.028 0.000 0.000 0.003 0.002 0.009 0.030 0.927 
 460 S _   0.044 0.000 0.000 0.003 0.003 0.010 0.028 0.910 
 461 Q _   0.073 0.000 0.001 0.003 0.004 0.012 0.026 0.881 
 462 E _   0.119 0.000 0.001 0.003 0.006 0.015 0.023 0.834 
 463 I _   0.184 0.000 0.001 0.003 0.008 0.017 0.020 0.767 
 464 R _   0.267 0.000 0.001 0.003 0.010 0.019 0.016 0.684 
 465 N _   0.365 0.000 0.001 0.002 0.013 0.021 0.013 0.584 
 466 E _   0.472 0.000 0.001 0.002 0.016 0.022 0.010 0.477 
 467 I H   0.575 0.000 0.001 0.002 0.019 0.022 0.008 0.373 
 468 C H   0.665 0.000 0.001 0.002 0.021 0.022 0.006 0.283 
 469 Y H   0.736 0.000 0.001 0.001 0.023 0.020 0.005 0.213 
 470 N H   0.789 0.000 0.001 0.001 0.023 0.019 0.005 0.163 
 471 I H   0.825 0.000 0.001 0.001 0.023 0.017 0.004 0.129 
 472 L H   0.847 0.000 0.001 0.001 0.023 0.015 0.004 0.109 
 473 V H   0.856 0.000 0.001 0.001 0.023 0.014 0.005 0.100 
 474 L H   0.855 0.000 0.001 0.001 0.023 0.014 0.005 0.101 
 475 C H   0.844 0.000 0.001 0.001 0.024 0.014 0.006 0.110 
 476 L H   0.820 0.000 0.001 0.001 0.024 0.014 0.008 0.131 
 477 R H   0.783 0.000 0.002 0.002 0.025 0.015 0.010 0.163 
 478 E H   0.731 0.000 0.002 0.002 0.025 0.016 0.014 0.210 
 479 L H   0.664 0.000 0.002 0.003 0.025 0.018 0.019 0.269 
 480 F H   0.586 0.000 0.002 0.005 0.024 0.019 0.025 0.339 
 481 E H   0.498 0.001 0.002 0.007 0.022 0.020 0.034 0.417 
 482 F _   0.407 0.001 0.002 0.010 0.019 0.020 0.044 0.497 
 483 H _   0.319 0.001 0.002 0.012 0.016 0.019 0.055 0.576 
 484 F _   0.240 0.001 0.001 0.013 0.013 0.018 0.066 0.648 
 485 M _   0.174 0.001 0.001 0.012 0.010 0.016 0.076 0.710 
 486 Q _   0.120 0.001 0.001 0.011 0.007 0.013 0.085 0.762 
 487 T _   0.081 0.001 0.001 0.009 0.005 0.011 0.092 0.801 
 488 D _   0.053 0.001 0.000 0.007 0.003 0.009 0.098 0.828 
 489 P _   0.035 0.001 0.000 0.006 0.003 0.008 0.103 0.845 
 490 N _   0.023 0.001 0.000 0.005 0.002 0.007 0.107 0.856 
 491 W _   0.016 0.001 0.000 0.004 0.002 0.006 0.109 0.861 
 492 S _   0.012 0.001 0.000 0.004 0.002 0.006 0.112 0.864 
 493 N _   0.009 0.001 0.000 0.004 0.002 0.006 0.113 0.866 
 494 F _   0.007 0.002 0.000 0.004 0.002 0.006 0.114 0.866 
 495 F _   0.006 0.003 0.000 0.004 0.002 0.006 0.113 0.866 
 496 Y _   0.006 0.005 0.000 0.005 0.002 0.007 0.113 0.863 
 497 D _   0.006 0.008 0.000 0.006 0.002 0.008 0.111 0.859 
 498 P _   0.006 0.014 0.000 0.008 0.003 0.010 0.109 0.850 
 499 Q _   0.007 0.025 0.001 0.011 0.004 0.013 0.107 0.833 
 500 Q _   0.008 0.045 0.001 0.016 0.006 0.016 0.103 0.805 
 501 H _   0.009 0.076 0.001 0.024 0.009 0.019 0.099 0.763 
 502 K _   0.010 0.116 0.001 0.035 0.012 0.021 0.094 0.711 
 503 V _   0.010 0.157 0.002 0.046 0.015 0.023 0.089 0.659 
 504 A _   0.010 0.189 0.001 0.056 0.017 0.023 0.085 0.617 
 505 L _   0.010 0.209 0.001 0.064 0.018 0.024 0.083 0.591 
 506 L _   0.010 0.219 0.001 0.068 0.018 0.024 0.082 0.579 
 507 D _   0.010 0.221 0.001 0.068 0.017 0.023 0.081 0.578 
 508 F _   0.010 0.217 0.001 0.063 0.016 0.022 0.081 0.589 
 509 G _   0.011 0.204 0.001 0.055 0.015 0.020 0.082 0.611 
 510 A _   0.011 0.182 0.001 0.045 0.013 0.019 0.084 0.645 
 511 T _   0.011 0.149 0.001 0.033 0.011 0.018 0.087 0.690 
 512 R _   0.012 0.112 0.001 0.022 0.008 0.017 0.089 0.739 
 513 E _   0.011 0.079 0.001 0.014 0.006 0.016 0.092 0.781 
 514 Y _   0.011 0.058 0.001 0.008 0.004 0.015 0.093 0.809 
 515 D _   0.011 0.048 0.000 0.006 0.004 0.015 0.094 0.822 
 516 R _   0.012 0.044 0.000 0.005 0.004 0.017 0.095 0.825 
 517 S _   0.014 0.044 0.000 0.005 0.004 0.019 0.095 0.818 
 518 F _   0.016 0.049 0.001 0.008 0.007 0.022 0.094 0.803 
 519 T _   0.020 0.060 0.001 0.014 0.010 0.026 0.094 0.775 
 520 D _   0.022 0.081 0.001 0.024 0.015 0.029 0.093 0.734 
 521 L _   0.024 0.105 0.002 0.036 0.019 0.031 0.092 0.691 
 522 Y _   0.025 0.126 0.002 0.048 0.022 0.032 0.091 0.654 
 523 I _   0.025 0.138 0.002 0.057 0.023 0.032 0.091 0.632 
 524 Q _   0.024 0.144 0.002 0.062 0.023 0.030 0.093 0.623 
 525 I _   0.023 0.144 0.002 0.061 0.021 0.028 0.095 0.627 
 526 I _   0.021 0.138 0.002 0.055 0.019 0.025 0.097 0.642 
 527 R _   0.020 0.125 0.001 0.046 0.016 0.022 0.101 0.669 
 528 A _   0.018 0.103 0.001 0.035 0.012 0.019 0.105 0.706 
 529 A _   0.016 0.077 0.001 0.025 0.009 0.016 0.110 0.747 
 530 A _   0.014 0.051 0.001 0.016 0.006 0.014 0.114 0.784 
 531 D _   0.012 0.032 0.001 0.010 0.004 0.012 0.117 0.812 
 532 R _   0.010 0.020 0.000 0.007 0.003 0.010 0.120 0.830 
 533 D _   0.008 0.014 0.000 0.005 0.002 0.009 0.122 0.839 
 534 R _   0.008 0.011 0.000 0.004 0.002 0.009 0.123 0.843 
 535 E _   0.007 0.010 0.000 0.004 0.002 0.009 0.124 0.844 
 536 T _   0.008 0.010 0.000 0.004 0.002 0.010 0.124 0.841 
 537 V _   0.008 0.011 0.000 0.006 0.003 0.011 0.124 0.837 
 538 R _   0.009 0.014 0.000 0.008 0.004 0.013 0.124 0.829 
 539 A _   0.010 0.017 0.001 0.010 0.005 0.015 0.123 0.818 
 540 K _   0.011 0.022 0.001 0.014 0.007 0.018 0.122 0.805 
 541 S _   0.013 0.028 0.001 0.018 0.009 0.020 0.121 0.790 
 542 I _   0.014 0.034 0.001 0.023 0.011 0.022 0.121 0.774 
 543 E _   0.016 0.039 0.001 0.027 0.013 0.024 0.120 0.760 
 544 M _   0.017 0.043 0.001 0.031 0.014 0.025 0.121 0.749 
 545 K _   0.017 0.044 0.001 0.033 0.015 0.025 0.121 0.742 
 546 F _   0.018 0.045 0.001 0.034 0.015 0.025 0.123 0.739 
 547 L _   0.018 0.043 0.001 0.033 0.015 0.024 0.124 0.741 
 548 T _   0.017 0.039 0.001 0.030 0.014 0.023 0.127 0.748 
 549 G _   0.017 0.034 0.001 0.026 0.012 0.022 0.130 0.759 
 550 Y _   0.018 0.026 0.001 0.021 0.010 0.020 0.133 0.772 
 551 E _   0.018 0.018 0.001 0.015 0.008 0.019 0.136 0.785 
 552 V _   0.019 0.011 0.001 0.011 0.006 0.018 0.139 0.796 
 553 K _   0.021 0.005 0.001 0.007 0.005 0.017 0.141 0.804 
 554 V _   0.024 0.002 0.000 0.004 0.004 0.017 0.143 0.805 
 555 M _   0.030 0.001 0.000 0.003 0.003 0.018 0.144 0.800 
 556 E _   0.039 0.000 0.000 0.002 0.004 0.021 0.145 0.788 
 557 D _   0.054 0.000 0.001 0.002 0.005 0.025 0.146 0.766 
 558 A _   0.075 0.000 0.001 0.002 0.009 0.032 0.146 0.734 
 559 H _   0.102 0.002 0.001 0.004 0.015 0.040 0.147 0.689 
 560 L _   0.130 0.005 0.002 0.007 0.026 0.050 0.148 0.633 
 561 D _   0.155 0.015 0.002 0.013 0.039 0.057 0.149 0.569 
 562 A _   0.174 0.032 0.003 0.023 0.050 0.062 0.152 0.505 
 563 I _   0.184 0.048 0.003 0.034 0.056 0.064 0.156 0.455 
 564 L _   0.186 0.061 0.003 0.044 0.059 0.062 0.161 0.424 
 565 I _   0.181 0.067 0.003 0.050 0.057 0.059 0.168 0.415 
 566 L _   0.170 0.068 0.003 0.051 0.053 0.054 0.177 0.424 
 567 G _   0.153 0.065 0.003 0.048 0.045 0.048 0.188 0.450 
 568 E _   0.131 0.057 0.003 0.040 0.036 0.041 0.201 0.491 
 569 A _   0.107 0.044 0.002 0.030 0.026 0.033 0.215 0.543 
 570 F _   0.083 0.028 0.002 0.020 0.017 0.026 0.229 0.596 
 571 A _   0.060 0.015 0.001 0.012 0.010 0.020 0.242 0.640 
 572 S _   0.042 0.008 0.001 0.007 0.006 0.015 0.252 0.670 
 573 D _   0.028 0.004 0.000 0.005 0.003 0.011 0.259 0.688 
 574 E _   0.019 0.002 0.000 0.004 0.002 0.009 0.265 0.698 
 575 P _   0.013 0.001 0.000 0.003 0.002 0.008 0.270 0.703 
 576 F _   0.010 0.001 0.000 0.003 0.002 0.007 0.273 0.704 
 577 D _   0.008 0.001 0.000 0.003 0.002 0.007 0.276 0.704 
 578 F _   0.007 0.001 0.000 0.004 0.002 0.007 0.278 0.702 
 579 G _   0.006 0.002 0.000 0.004 0.002 0.007 0.279 0.699 
 580 T _   0.006 0.003 0.000 0.005 0.002 0.008 0.280 0.696 
 581 Q _   0.006 0.004 0.000 0.005 0.003 0.010 0.280 0.692 
 582 S _   0.007 0.006 0.000 0.006 0.003 0.011 0.281 0.686 
 583 T _   0.008 0.009 0.000 0.008 0.004 0.014 0.280 0.677 
 584 T _   0.009 0.014 0.001 0.009 0.005 0.016 0.280 0.666 
 585 E _   0.011 0.020 0.001 0.012 0.007 0.020 0.279 0.650 
 586 K _   0.014 0.029 0.001 0.015 0.010 0.023 0.279 0.629 
 587 I _   0.017 0.041 0.001 0.019 0.013 0.027 0.278 0.604 
 588 H _   0.020 0.053 0.001 0.024 0.017 0.030 0.278 0.576 
 589 N _   0.023 0.066 0.001 0.031 0.020 0.032 0.279 0.548 
 590 L _   0.025 0.076 0.002 0.037 0.023 0.034 0.280 0.523 
 591 I _   0.028 0.084 0.002 0.041 0.025 0.034 0.283 0.503 
 592 P _   0.029 0.088 0.002 0.044 0.026 0.034 0.287 0.491 
 593 V _   0.029 0.088 0.002 0.045 0.025 0.032 0.293 0.486 
 594 M _   0.029 0.086 0.002 0.043 0.023 0.030 0.300 0.489 
 595 L _   0.027 0.080 0.002 0.038 0.020 0.027 0.308 0.498 
 596 R _   0.024 0.070 0.001 0.032 0.016 0.024 0.318 0.514 
 597 H _   0.022 0.056 0.001 0.025 0.013 0.021 0.328 0.534 
 598 R _   0.018 0.041 0.001 0.018 0.009 0.017 0.339 0.556 
 599 L _   0.015 0.027 0.001 0.013 0.007 0.014 0.348 0.575 
 600 V _   0.012 0.017 0.001 0.009 0.005 0.012 0.357 0.588 
 601 P _   0.010 0.011 0.000 0.006 0.003 0.010 0.363 0.596 
 602 P _   0.008 0.007 0.000 0.004 0.002 0.009 0.369 0.600 
 603 P _   0.007 0.005 0.000 0.003 0.002 0.008 0.373 0.601 
 604 E _   0.007 0.004 0.000 0.003 0.002 0.009 0.376 0.599 
 605 E _   0.007 0.004 0.000 0.003 0.002 0.009 0.379 0.596 
 606 T _   0.007 0.004 0.000 0.003 0.002 0.011 0.381 0.591 
 607 Y _   0.009 0.005 0.000 0.004 0.003 0.013 0.382 0.583 
 608 S _   0.011 0.007 0.000 0.005 0.005 0.016 0.384 0.571 
 609 L _   0.015 0.012 0.001 0.007 0.007 0.021 0.384 0.554 
 610 H _   0.019 0.018 0.001 0.010 0.011 0.025 0.385 0.531 
 611 R _   0.024 0.028 0.001 0.014 0.015 0.030 0.386 0.502 
 612 K _   0.028 0.041 0.001 0.020 0.021 0.035 0.387 0.468 
 613 M _   0.032 0.054 0.002 0.026 0.026 0.038 0.389 0.433 
 614 G _   0.036 0.066 0.002 0.032 0.031 0.041 0.392 0.402 
 615 G X   0.039 0.074 0.002 0.037 0.033 0.041 0.396 0.376 
 616 S X   0.041 0.079 0.002 0.041 0.034 0.041 0.403 0.360 
 617 F X   0.041 0.080 0.002 0.042 0.033 0.039 0.411 0.351 
 618 L X   0.040 0.078 0.002 0.040 0.030 0.037 0.422 0.351 
 619 I X   0.038 0.073 0.002 0.035 0.026 0.033 0.435 0.358 
 620 C X   0.035 0.063 0.002 0.029 0.022 0.030 0.450 0.370 
 621 S X   0.031 0.051 0.001 0.022 0.017 0.026 0.466 0.386 
 622 K X   0.027 0.037 0.001 0.016 0.012 0.022 0.482 0.402 
 623 L X   0.023 0.025 0.001 0.010 0.009 0.019 0.497 0.416 
 624 K X   0.020 0.017 0.001 0.007 0.006 0.017 0.510 0.423 
 625 A X   0.016 0.013 0.000 0.005 0.004 0.015 0.521 0.425 
 626 R X   0.014 0.011 0.000 0.004 0.004 0.014 0.530 0.422 
 627 F X   0.013 0.011 0.000 0.004 0.003 0.013 0.539 0.416 
 628 P X   0.012 0.011 0.000 0.006 0.004 0.013 0.547 0.407 
 629 C X   0.012 0.013 0.001 0.008 0.005 0.014 0.555 0.394 
 630 K X   0.011 0.015 0.001 0.012 0.006 0.014 0.563 0.379 
 631 A X   0.011 0.018 0.001 0.015 0.007 0.014 0.572 0.363 
 632 M X   0.011 0.020 0.001 0.019 0.007 0.014 0.581 0.348 
 633 F X   0.010 0.021 0.001 0.021 0.008 0.014 0.591 0.334 
 634 E X   0.009 0.022 0.001 0.022 0.007 0.013 0.603 0.323 
 635 E X   0.009 0.021 0.001 0.022 0.007 0.012 0.616 0.313 
 636 A X   0.008 0.020 0.001 0.020 0.006 0.011 0.629 0.305 
 637 Y X   0.007 0.018 0.001 0.017 0.005 0.010 0.644 0.298 
 638 S X   0.007 0.016 0.000 0.014 0.004 0.008 0.658 0.292 
 639 N X   0.006 0.014 0.000 0.012 0.003 0.007 0.672 0.286 
 640 Y X   0.004 0.011 0.000 0.010 0.003 0.006 0.684 0.281 
 641 C X   0.003 0.009 0.000 0.008 0.002 0.004 0.697 0.276 
 642 K X   0.002 0.007 0.000 0.006 0.002 0.003 0.708 0.272 
 643 R X   0.001 0.005 0.000 0.004 0.001 0.002 0.717 0.270 
 644 Q X   0.000 0.004 0.000 0.002 0.000 0.001 0.724 0.269 
 645 A X   0.000 0.003 0.000 0.001 0.000 0.000 0.725 0.271 
 646 Q X   0.000 0.002 0.000 0.002 0.000 0.000 0.722 0.273 
 647 Q X   0.002 0.003 0.001 0.009 0.002 0.002 0.708 0.273 
