#TopoPred_TM8: 8-state transmembrane topology prediction results by no_profile mode 
#probabilities are in the order of H E C I L F X _, the 8 transmembrane topology types used in PDBTM 
   1 M X   0.015 0.001 0.002 0.054 0.009 0.010 0.663 0.245 
   2 E X   0.005 0.001 0.000 0.031 0.002 0.005 0.680 0.276 
   3 A X   0.002 0.001 0.000 0.018 0.001 0.003 0.682 0.293 
   4 P X   0.001 0.001 0.000 0.014 0.001 0.004 0.678 0.302 
   5 L X   0.002 0.002 0.000 0.014 0.001 0.005 0.668 0.307 
   6 R X   0.003 0.004 0.000 0.016 0.002 0.008 0.654 0.314 
   7 P X   0.004 0.007 0.000 0.019 0.003 0.010 0.638 0.320 
   8 A X   0.005 0.011 0.000 0.023 0.004 0.011 0.618 0.327 
   9 A X   0.005 0.016 0.001 0.028 0.005 0.012 0.598 0.336 
  10 D X   0.005 0.020 0.001 0.030 0.005 0.012 0.578 0.349 
  11 I X   0.005 0.023 0.001 0.030 0.006 0.012 0.559 0.365 
  12 L X   0.004 0.025 0.001 0.027 0.005 0.011 0.543 0.383 
  13 R X   0.004 0.026 0.001 0.023 0.005 0.010 0.528 0.403 
  14 R X   0.004 0.026 0.001 0.018 0.004 0.009 0.516 0.423 
  15 N X   0.004 0.025 0.000 0.014 0.003 0.009 0.504 0.441 
  16 P X   0.004 0.025 0.000 0.011 0.003 0.009 0.493 0.456 
  17 Q X   0.004 0.025 0.000 0.009 0.003 0.009 0.481 0.469 
  18 Q _   0.004 0.026 0.000 0.009 0.003 0.009 0.469 0.479 
  19 D _   0.005 0.028 0.000 0.010 0.004 0.010 0.456 0.486 
  20 Y _   0.006 0.032 0.001 0.013 0.005 0.011 0.442 0.491 
  21 E _   0.006 0.037 0.001 0.017 0.006 0.013 0.428 0.493 
  22 L _   0.006 0.043 0.001 0.022 0.007 0.014 0.413 0.494 
  23 V _   0.007 0.049 0.001 0.027 0.008 0.014 0.399 0.496 
  24 Q _   0.007 0.053 0.001 0.030 0.009 0.014 0.387 0.499 
  25 R _   0.007 0.055 0.001 0.032 0.009 0.014 0.376 0.506 
  26 V _   0.007 0.055 0.001 0.031 0.009 0.014 0.367 0.517 
  27 G _   0.007 0.053 0.001 0.029 0.008 0.013 0.359 0.530 
  28 S _   0.007 0.050 0.001 0.025 0.007 0.012 0.352 0.546 
  29 G _   0.006 0.046 0.001 0.021 0.006 0.011 0.346 0.563 
  30 T _   0.006 0.040 0.001 0.017 0.005 0.010 0.341 0.580 
  31 Y _   0.006 0.035 0.001 0.013 0.004 0.009 0.336 0.596 
  32 G _   0.006 0.030 0.000 0.010 0.004 0.009 0.331 0.611 
  33 D _   0.005 0.026 0.000 0.008 0.003 0.008 0.326 0.623 
  34 V _   0.005 0.024 0.000 0.007 0.003 0.008 0.321 0.632 
  35 Y _   0.006 0.022 0.000 0.006 0.003 0.009 0.315 0.640 
  36 K _   0.006 0.022 0.000 0.006 0.003 0.009 0.308 0.645 
  37 A _   0.006 0.023 0.000 0.006 0.003 0.011 0.301 0.649 
  38 R _   0.007 0.026 0.000 0.007 0.004 0.012 0.293 0.650 
  39 N _   0.008 0.030 0.001 0.010 0.005 0.014 0.284 0.647 
  40 V _   0.010 0.037 0.001 0.013 0.007 0.017 0.275 0.641 
  41 H _   0.011 0.047 0.001 0.018 0.009 0.020 0.264 0.631 
  42 T _   0.013 0.058 0.001 0.023 0.012 0.022 0.254 0.617 
  43 G _   0.014 0.070 0.001 0.030 0.014 0.024 0.244 0.603 
  44 E _   0.015 0.081 0.001 0.036 0.016 0.025 0.235 0.590 
  45 L _   0.016 0.089 0.001 0.041 0.017 0.026 0.227 0.583 
  46 A _   0.016 0.094 0.001 0.045 0.018 0.026 0.220 0.580 
  47 A _   0.016 0.095 0.001 0.047 0.017 0.025 0.215 0.583 
  48 V _   0.017 0.094 0.001 0.046 0.016 0.023 0.211 0.591 
  49 K _   0.017 0.088 0.001 0.042 0.014 0.022 0.208 0.607 
  50 I _   0.016 0.078 0.001 0.036 0.012 0.019 0.206 0.631 
  51 I _   0.015 0.063 0.001 0.028 0.010 0.017 0.205 0.662 
  52 K _   0.014 0.044 0.001 0.019 0.007 0.014 0.204 0.696 
  53 L _   0.012 0.026 0.001 0.012 0.005 0.012 0.202 0.729 
  54 E _   0.010 0.013 0.000 0.007 0.003 0.011 0.200 0.755 
  55 P _   0.009 0.006 0.000 0.004 0.002 0.010 0.197 0.772 
  56 G _   0.008 0.003 0.000 0.002 0.002 0.009 0.194 0.781 
  57 D _   0.009 0.002 0.000 0.002 0.002 0.011 0.190 0.785 
  58 D _   0.011 0.002 0.000 0.002 0.002 0.013 0.185 0.784 
  59 F _   0.014 0.003 0.000 0.004 0.004 0.018 0.180 0.777 
  60 S _   0.019 0.006 0.001 0.007 0.007 0.023 0.173 0.763 
  61 L _   0.024 0.013 0.001 0.014 0.012 0.030 0.165 0.740 
  62 I _   0.028 0.024 0.001 0.025 0.018 0.036 0.156 0.711 
  63 Q _   0.031 0.036 0.002 0.036 0.023 0.041 0.147 0.684 
  64 Q _   0.032 0.044 0.002 0.046 0.027 0.043 0.140 0.665 
  65 E _   0.033 0.049 0.002 0.052 0.029 0.044 0.133 0.658 
  66 I _   0.034 0.050 0.002 0.052 0.029 0.044 0.128 0.661 
  67 F _   0.034 0.048 0.002 0.048 0.027 0.042 0.123 0.676 
  68 M _   0.034 0.043 0.002 0.039 0.024 0.040 0.120 0.699 
  69 V _   0.033 0.035 0.002 0.029 0.020 0.038 0.117 0.727 
  70 K _   0.033 0.024 0.001 0.020 0.016 0.035 0.114 0.757 
  71 E _   0.031 0.015 0.001 0.012 0.012 0.033 0.111 0.783 
  72 C _   0.031 0.009 0.001 0.008 0.010 0.032 0.109 0.800 
  73 K _   0.031 0.006 0.001 0.006 0.009 0.031 0.106 0.809 
  74 H _   0.032 0.005 0.001 0.006 0.009 0.032 0.104 0.812 
  75 C _   0.035 0.005 0.001 0.007 0.010 0.033 0.101 0.808 
  76 N _   0.038 0.006 0.001 0.010 0.012 0.034 0.099 0.800 
  77 I _   0.042 0.007 0.001 0.015 0.014 0.036 0.096 0.790 
  78 V _   0.044 0.008 0.001 0.019 0.016 0.037 0.093 0.782 
  79 A _   0.045 0.009 0.001 0.021 0.017 0.037 0.091 0.778 
  80 Y _   0.046 0.008 0.001 0.022 0.017 0.036 0.089 0.780 
  81 F _   0.046 0.007 0.001 0.019 0.015 0.035 0.087 0.788 
  82 G _   0.047 0.005 0.001 0.015 0.013 0.034 0.086 0.799 
  83 S _   0.047 0.003 0.001 0.010 0.011 0.033 0.084 0.811 
  84 Y _   0.049 0.002 0.001 0.006 0.009 0.033 0.082 0.819 
  85 L _   0.052 0.001 0.001 0.004 0.008 0.034 0.080 0.821 
  86 S _   0.058 0.001 0.001 0.003 0.008 0.035 0.078 0.816 
  87 R _   0.066 0.001 0.001 0.003 0.010 0.038 0.076 0.805 
  88 E _   0.077 0.001 0.001 0.004 0.014 0.042 0.074 0.787 
  89 K _   0.089 0.003 0.001 0.007 0.020 0.047 0.072 0.761 
  90 L _   0.101 0.007 0.002 0.012 0.027 0.051 0.071 0.729 
  91 W _   0.109 0.014 0.002 0.019 0.035 0.054 0.069 0.697 
  92 I _   0.114 0.021 0.002 0.028 0.040 0.055 0.068 0.672 
  93 C _   0.114 0.027 0.002 0.035 0.042 0.054 0.067 0.659 
  94 M _   0.111 0.030 0.002 0.039 0.041 0.051 0.067 0.658 
  95 E _   0.104 0.030 0.002 0.038 0.038 0.047 0.068 0.672 
  96 Y _   0.094 0.028 0.002 0.034 0.033 0.043 0.068 0.698 
  97 C _   0.082 0.024 0.002 0.028 0.026 0.037 0.069 0.733 
  98 G _   0.068 0.018 0.002 0.021 0.019 0.032 0.070 0.770 
  99 G _   0.056 0.012 0.001 0.014 0.013 0.027 0.071 0.805 
 100 G _   0.045 0.007 0.001 0.010 0.009 0.022 0.072 0.834 
 101 S _   0.036 0.004 0.001 0.007 0.006 0.019 0.073 0.854 
 102 L _   0.029 0.002 0.001 0.005 0.005 0.016 0.073 0.869 
 103 Q _   0.024 0.001 0.000 0.005 0.004 0.015 0.073 0.878 
 104 D _   0.020 0.001 0.000 0.004 0.003 0.014 0.073 0.884 
 105 I _   0.018 0.001 0.000 0.004 0.003 0.014 0.073 0.888 
 106 Y _   0.017 0.000 0.000 0.004 0.003 0.014 0.072 0.888 
 107 H _   0.018 0.000 0.000 0.004 0.003 0.015 0.071 0.887 
 108 V _   0.021 0.000 0.000 0.004 0.004 0.017 0.070 0.884 
 109 T _   0.025 0.000 0.000 0.004 0.004 0.020 0.069 0.877 
 110 G _   0.031 0.000 0.001 0.004 0.006 0.024 0.068 0.866 
 111 P _   0.041 0.001 0.001 0.005 0.008 0.029 0.066 0.851 
 112 L _   0.053 0.001 0.001 0.005 0.011 0.035 0.064 0.830 
 113 S _   0.067 0.002 0.001 0.006 0.015 0.042 0.063 0.804 
 114 E _   0.084 0.004 0.001 0.008 0.020 0.049 0.061 0.773 
 115 L _   0.099 0.006 0.002 0.010 0.026 0.055 0.059 0.742 
 116 Q _   0.115 0.011 0.002 0.012 0.033 0.061 0.058 0.709 
 117 I _   0.127 0.016 0.002 0.015 0.038 0.065 0.057 0.680 
 118 A _   0.136 0.021 0.002 0.018 0.043 0.068 0.056 0.657 
 119 Y _   0.143 0.026 0.002 0.020 0.045 0.068 0.055 0.640 
 120 V _   0.144 0.031 0.002 0.021 0.047 0.068 0.055 0.632 
 121 C _   0.142 0.035 0.002 0.023 0.047 0.066 0.055 0.630 
 122 R _   0.137 0.038 0.002 0.024 0.045 0.063 0.055 0.635 
 123 E _   0.127 0.040 0.002 0.025 0.042 0.060 0.056 0.648 
 124 T _   0.116 0.041 0.002 0.026 0.037 0.055 0.057 0.665 
 125 L _   0.103 0.041 0.002 0.027 0.033 0.050 0.059 0.685 
 126 Q _   0.089 0.041 0.002 0.027 0.028 0.045 0.060 0.707 
 127 G _   0.076 0.039 0.002 0.027 0.023 0.040 0.062 0.731 
 128 L _   0.063 0.037 0.001 0.026 0.018 0.034 0.064 0.756 
 129 A _   0.051 0.033 0.001 0.024 0.015 0.029 0.066 0.782 
 130 Y _   0.040 0.028 0.001 0.021 0.011 0.024 0.068 0.807 
 131 L _   0.030 0.023 0.001 0.017 0.008 0.020 0.070 0.831 
 132 H _   0.023 0.018 0.001 0.014 0.006 0.016 0.072 0.851 
 133 T _   0.017 0.013 0.001 0.011 0.005 0.013 0.073 0.868 
 134 K _   0.013 0.010 0.000 0.008 0.003 0.010 0.074 0.881 
 135 G _   0.010 0.007 0.000 0.006 0.003 0.009 0.075 0.891 
 136 K _   0.008 0.005 0.000 0.005 0.002 0.008 0.075 0.897 
 137 M _   0.007 0.004 0.000 0.004 0.002 0.007 0.075 0.900 
 138 H _   0.006 0.004 0.000 0.004 0.002 0.007 0.075 0.901 
 139 R _   0.006 0.005 0.000 0.005 0.002 0.007 0.074 0.900 
 140 D _   0.006 0.006 0.000 0.007 0.003 0.008 0.073 0.896 
 141 I _   0.007 0.007 0.000 0.010 0.004 0.010 0.072 0.890 
 142 K _   0.007 0.010 0.001 0.013 0.005 0.011 0.071 0.882 
 143 G _   0.008 0.012 0.001 0.018 0.006 0.012 0.070 0.873 
 144 A _   0.009 0.015 0.001 0.022 0.007 0.013 0.069 0.864 
 145 N _   0.009 0.017 0.001 0.025 0.008 0.014 0.069 0.859 
 146 I _   0.009 0.017 0.001 0.026 0.008 0.014 0.068 0.857 
 147 L _   0.009 0.017 0.001 0.025 0.007 0.014 0.068 0.860 
 148 L _   0.008 0.015 0.001 0.022 0.007 0.013 0.068 0.866 
 149 T _   0.008 0.012 0.001 0.018 0.006 0.012 0.068 0.875 
 150 D _   0.008 0.009 0.001 0.013 0.005 0.011 0.069 0.885 
 151 H _   0.008 0.006 0.000 0.009 0.004 0.011 0.069 0.893 
 152 G _   0.008 0.004 0.000 0.006 0.003 0.011 0.069 0.899 
 153 D _   0.010 0.002 0.000 0.004 0.003 0.012 0.068 0.900 
 154 V _   0.012 0.002 0.000 0.004 0.003 0.014 0.068 0.897 
 155 K _   0.016 0.002 0.000 0.004 0.004 0.017 0.067 0.890 
 156 L _   0.022 0.002 0.001 0.004 0.005 0.022 0.066 0.877 
 157 A _   0.031 0.003 0.001 0.006 0.008 0.028 0.065 0.858 
 158 D _   0.041 0.005 0.001 0.009 0.012 0.035 0.064 0.833 
 159 F _   0.052 0.009 0.001 0.013 0.018 0.042 0.062 0.803 
 160 G _   0.063 0.015 0.002 0.018 0.025 0.048 0.061 0.768 
 161 V _   0.074 0.022 0.002 0.024 0.031 0.053 0.059 0.735 
 162 A _   0.082 0.028 0.002 0.029 0.037 0.057 0.059 0.708 
 163 A _   0.088 0.032 0.002 0.033 0.040 0.058 0.058 0.688 
 164 K _   0.091 0.035 0.002 0.036 0.041 0.058 0.058 0.679 
 165 I _   0.090 0.036 0.002 0.036 0.040 0.055 0.059 0.683 
 166 T _   0.087 0.034 0.002 0.034 0.036 0.052 0.059 0.696 
 167 A _   0.081 0.031 0.002 0.030 0.031 0.047 0.061 0.717 
 168 T _   0.073 0.026 0.002 0.025 0.025 0.042 0.062 0.745 
 169 I _   0.065 0.020 0.001 0.019 0.020 0.037 0.063 0.774 
 170 A _   0.055 0.014 0.001 0.014 0.015 0.032 0.065 0.803 
 171 K _   0.047 0.010 0.001 0.010 0.011 0.028 0.066 0.827 
 172 R _   0.040 0.006 0.001 0.008 0.008 0.024 0.067 0.846 
 173 K _   0.033 0.004 0.001 0.006 0.006 0.022 0.068 0.859 
 174 S _   0.029 0.003 0.001 0.005 0.006 0.020 0.069 0.868 
 175 F _   0.026 0.003 0.001 0.005 0.005 0.018 0.070 0.872 
 176 I _   0.024 0.003 0.001 0.006 0.005 0.018 0.070 0.874 
 177 G _   0.022 0.004 0.001 0.007 0.006 0.018 0.071 0.873 
 178 T _   0.022 0.005 0.001 0.008 0.006 0.018 0.071 0.869 
 179 P _   0.022 0.006 0.001 0.011 0.008 0.019 0.071 0.863 
 180 Y _   0.022 0.008 0.001 0.013 0.009 0.020 0.071 0.857 
 181 W _   0.022 0.010 0.001 0.016 0.010 0.020 0.071 0.850 
 182 M _   0.021 0.012 0.001 0.019 0.011 0.020 0.072 0.844 
 183 A _   0.020 0.013 0.001 0.022 0.011 0.020 0.073 0.840 
 184 P _   0.019 0.014 0.001 0.024 0.011 0.019 0.073 0.838 
 185 E _   0.017 0.015 0.001 0.025 0.010 0.018 0.075 0.839 
 186 V _   0.016 0.014 0.001 0.024 0.009 0.017 0.076 0.843 
 187 A _   0.015 0.013 0.001 0.022 0.008 0.015 0.077 0.850 
 188 A _   0.013 0.011 0.001 0.018 0.007 0.013 0.079 0.859 
 189 V _   0.012 0.008 0.001 0.014 0.005 0.012 0.080 0.869 
 190 E _   0.012 0.005 0.000 0.009 0.004 0.010 0.081 0.879 
 191 K _   0.012 0.003 0.000 0.006 0.003 0.009 0.082 0.886 
 192 N _   0.013 0.001 0.000 0.004 0.002 0.009 0.082 0.890 
 193 G _   0.016 0.000 0.000 0.003 0.002 0.009 0.082 0.888 
 194 G _   0.024 0.000 0.000 0.002 0.002 0.011 0.081 0.880 
 195 Y _   0.039 0.000 0.000 0.002 0.003 0.014 0.080 0.862 
 196 N _   0.066 0.000 0.000 0.002 0.004 0.019 0.079 0.830 
 197 Q _   0.108 0.000 0.001 0.002 0.007 0.027 0.077 0.778 
 198 L _   0.165 0.000 0.001 0.003 0.014 0.036 0.075 0.705 
 199 C _   0.229 0.001 0.001 0.005 0.023 0.047 0.073 0.622 
 200 D _   0.288 0.002 0.002 0.007 0.035 0.056 0.072 0.538 
 201 I _   0.338 0.005 0.002 0.009 0.048 0.064 0.071 0.463 
 202 W _   0.375 0.008 0.003 0.013 0.058 0.068 0.071 0.404 
 203 A H   0.398 0.012 0.003 0.016 0.065 0.069 0.072 0.364 
 204 V H   0.411 0.016 0.003 0.019 0.069 0.068 0.074 0.341 
 205 G H   0.410 0.018 0.003 0.022 0.069 0.065 0.078 0.334 
 206 I H   0.398 0.020 0.003 0.023 0.067 0.062 0.082 0.346 
 207 T _   0.374 0.020 0.003 0.024 0.061 0.057 0.088 0.374 
 208 A _   0.338 0.018 0.003 0.023 0.053 0.052 0.095 0.418 
 209 I _   0.294 0.016 0.003 0.021 0.042 0.046 0.104 0.475 
 210 E _   0.241 0.012 0.002 0.019 0.031 0.039 0.114 0.541 
 211 L _   0.188 0.009 0.002 0.015 0.021 0.033 0.124 0.609 
 212 G _   0.139 0.006 0.001 0.011 0.014 0.027 0.133 0.669 
 213 E _   0.098 0.004 0.001 0.008 0.009 0.022 0.141 0.718 
 214 L _   0.068 0.002 0.001 0.006 0.005 0.018 0.147 0.754 
 215 Q _   0.046 0.002 0.000 0.004 0.004 0.015 0.151 0.777 
 216 P _   0.032 0.002 0.000 0.003 0.003 0.014 0.155 0.791 
 217 P _   0.024 0.003 0.000 0.003 0.003 0.014 0.158 0.796 
 218 M _   0.020 0.004 0.000 0.004 0.003 0.015 0.160 0.793 
 219 F _   0.019 0.009 0.000 0.005 0.004 0.018 0.161 0.782 
 220 D _   0.020 0.022 0.001 0.009 0.007 0.022 0.162 0.756 
 221 L _   0.022 0.050 0.001 0.017 0.012 0.026 0.163 0.710 
 222 H _   0.022 0.097 0.002 0.028 0.017 0.029 0.163 0.642 
 223 P _   0.023 0.154 0.002 0.041 0.021 0.031 0.163 0.564 
 224 M _   0.022 0.205 0.002 0.054 0.024 0.031 0.165 0.498 
 225 R _   0.021 0.238 0.002 0.065 0.024 0.031 0.167 0.452 
 226 A _   0.020 0.256 0.002 0.072 0.023 0.029 0.172 0.426 
 227 L _   0.019 0.262 0.002 0.074 0.022 0.027 0.178 0.417 
 228 F _   0.018 0.260 0.002 0.071 0.020 0.025 0.186 0.419 
 229 L _   0.016 0.250 0.002 0.064 0.017 0.022 0.196 0.432 
 230 M _   0.015 0.229 0.002 0.054 0.015 0.019 0.209 0.457 
 231 S _   0.015 0.195 0.001 0.043 0.012 0.017 0.225 0.491 
 232 K _   0.014 0.152 0.001 0.032 0.009 0.015 0.244 0.533 
 233 S _   0.013 0.107 0.001 0.022 0.007 0.012 0.264 0.574 
 234 N _   0.012 0.071 0.001 0.015 0.005 0.010 0.281 0.607 
 235 F _   0.010 0.046 0.000 0.010 0.003 0.008 0.294 0.629 
 236 Q _   0.008 0.032 0.000 0.007 0.002 0.007 0.303 0.641 
 237 P _   0.006 0.024 0.000 0.005 0.002 0.006 0.310 0.648 
 238 P _   0.005 0.020 0.000 0.004 0.001 0.005 0.314 0.651 
 239 K _   0.004 0.018 0.000 0.003 0.001 0.005 0.317 0.652 
 240 L _   0.004 0.017 0.000 0.003 0.001 0.005 0.318 0.652 
 241 K _   0.003 0.018 0.000 0.004 0.001 0.005 0.318 0.651 
 242 D _   0.003 0.021 0.000 0.004 0.001 0.006 0.316 0.648 
 243 K _   0.004 0.026 0.000 0.006 0.002 0.007 0.314 0.642 
 244 T _   0.004 0.035 0.000 0.008 0.003 0.009 0.309 0.631 
 245 K _   0.005 0.052 0.001 0.012 0.004 0.012 0.304 0.611 
 246 W _   0.006 0.079 0.001 0.018 0.006 0.014 0.296 0.581 
 247 S _   0.007 0.117 0.001 0.025 0.008 0.017 0.287 0.537 
 248 S _   0.007 0.164 0.001 0.034 0.011 0.019 0.277 0.486 
 249 T _   0.007 0.211 0.001 0.044 0.014 0.020 0.269 0.433 
 250 F _   0.008 0.251 0.001 0.054 0.015 0.021 0.262 0.388 
 251 H _   0.008 0.278 0.001 0.063 0.016 0.021 0.257 0.354 
 252 N _   0.008 0.294 0.001 0.070 0.017 0.021 0.255 0.334 
 253 F _   0.009 0.301 0.001 0.072 0.016 0.020 0.255 0.325 
 254 V _   0.009 0.300 0.001 0.072 0.016 0.019 0.257 0.326 
 255 K _   0.010 0.291 0.001 0.067 0.015 0.018 0.261 0.338 
 256 I _   0.010 0.270 0.001 0.058 0.013 0.016 0.268 0.363 
 257 A _   0.011 0.231 0.002 0.047 0.012 0.015 0.277 0.406 
 258 L _   0.011 0.172 0.002 0.035 0.010 0.013 0.288 0.469 
 259 T _   0.011 0.106 0.001 0.023 0.007 0.012 0.300 0.540 
 260 K _   0.009 0.053 0.001 0.013 0.005 0.010 0.311 0.599 
 261 N _   0.008 0.021 0.000 0.006 0.003 0.008 0.318 0.635 
 262 P _   0.006 0.008 0.000 0.003 0.002 0.007 0.322 0.652 
 263 K _   0.005 0.004 0.000 0.002 0.001 0.007 0.324 0.657 
 264 K _   0.005 0.002 0.000 0.001 0.001 0.008 0.325 0.657 
 265 R _   0.007 0.002 0.000 0.002 0.001 0.010 0.325 0.653 
 266 P _   0.009 0.003 0.000 0.003 0.002 0.014 0.324 0.644 
 267 T _   0.013 0.006 0.000 0.005 0.005 0.020 0.322 0.629 
 268 A _   0.019 0.012 0.001 0.010 0.008 0.028 0.319 0.603 
 269 E _   0.024 0.024 0.001 0.018 0.014 0.036 0.314 0.569 
 270 R _   0.028 0.038 0.001 0.026 0.020 0.042 0.310 0.533 
 271 L _   0.032 0.050 0.002 0.035 0.025 0.047 0.307 0.502 
 272 L _   0.035 0.058 0.002 0.041 0.029 0.051 0.305 0.479 
 273 T _   0.038 0.061 0.002 0.045 0.032 0.053 0.304 0.466 
 274 H _   0.040 0.062 0.002 0.044 0.032 0.053 0.304 0.462 
 275 T _   0.043 0.060 0.002 0.040 0.031 0.053 0.306 0.466 
 276 F _   0.045 0.054 0.002 0.033 0.028 0.052 0.309 0.477 
 277 V _   0.048 0.046 0.002 0.024 0.024 0.050 0.313 0.492 
 278 A _   0.050 0.037 0.001 0.016 0.020 0.049 0.317 0.509 
 279 Q _   0.052 0.029 0.001 0.011 0.017 0.048 0.322 0.522 
 280 P _   0.053 0.024 0.001 0.007 0.014 0.047 0.325 0.529 
 281 G _   0.054 0.022 0.001 0.006 0.014 0.047 0.329 0.527 
 282 L _   0.056 0.023 0.001 0.007 0.015 0.047 0.332 0.519 
 283 S _   0.058 0.026 0.001 0.010 0.018 0.048 0.336 0.503 
 284 R _   0.058 0.033 0.001 0.017 0.021 0.047 0.340 0.482 
 285 A _   0.055 0.042 0.002 0.027 0.024 0.046 0.346 0.459 
 286 L _   0.051 0.051 0.002 0.037 0.026 0.043 0.353 0.438 
 287 A _   0.046 0.057 0.002 0.045 0.025 0.039 0.361 0.426 
 288 V _   0.040 0.059 0.002 0.048 0.023 0.035 0.371 0.423 
 289 E _   0.033 0.058 0.002 0.047 0.020 0.030 0.383 0.428 
 290 L _   0.027 0.054 0.001 0.041 0.016 0.025 0.396 0.440 
 291 L _   0.022 0.046 0.001 0.033 0.012 0.020 0.411 0.456 
 292 D _   0.018 0.035 0.001 0.023 0.008 0.015 0.426 0.474 
 293 K _   0.014 0.023 0.001 0.015 0.005 0.012 0.440 0.490 
 294 V _   0.011 0.014 0.000 0.009 0.003 0.009 0.452 0.501 
 295 N _   0.008 0.008 0.000 0.006 0.002 0.007 0.462 0.506 
 296 N _   0.006 0.005 0.000 0.004 0.002 0.006 0.470 0.507 
 297 P _   0.005 0.004 0.000 0.004 0.001 0.005 0.475 0.505 
 298 D _   0.005 0.003 0.000 0.004 0.001 0.004 0.480 0.502 
 299 N _   0.005 0.003 0.000 0.004 0.001 0.004 0.484 0.499 
 300 H _   0.004 0.003 0.000 0.005 0.001 0.004 0.487 0.496 
 301 A _   0.004 0.003 0.000 0.005 0.001 0.004 0.489 0.493 
 302 H _   0.004 0.003 0.000 0.006 0.001 0.004 0.490 0.492 
 303 Y _   0.003 0.003 0.000 0.006 0.001 0.004 0.490 0.492 
 304 T _   0.003 0.003 0.000 0.005 0.001 0.004 0.490 0.494 
 305 E _   0.003 0.003 0.000 0.005 0.001 0.004 0.489 0.496 
 306 A _   0.002 0.004 0.000 0.004 0.001 0.004 0.486 0.499 
 307 D _   0.002 0.004 0.000 0.003 0.001 0.004 0.484 0.502 
 308 D _   0.002 0.005 0.000 0.003 0.001 0.004 0.480 0.504 
 309 D _   0.003 0.007 0.000 0.004 0.001 0.005 0.475 0.505 
 310 D _   0.003 0.012 0.000 0.005 0.002 0.007 0.468 0.502 
 311 F _   0.005 0.023 0.000 0.009 0.004 0.010 0.459 0.491 
 312 E _   0.006 0.046 0.001 0.015 0.006 0.014 0.446 0.464 
 313 P X   0.008 0.089 0.001 0.025 0.010 0.018 0.429 0.419 
 314 H X   0.008 0.145 0.002 0.037 0.014 0.020 0.411 0.363 
 315 A X   0.008 0.198 0.002 0.049 0.016 0.021 0.396 0.311 
 316 I X   0.007 0.236 0.001 0.058 0.016 0.021 0.385 0.276 
 317 I X   0.007 0.256 0.001 0.063 0.016 0.020 0.378 0.258 
 318 R X   0.007 0.265 0.001 0.064 0.015 0.019 0.375 0.253 
 319 H X   0.007 0.267 0.001 0.062 0.014 0.018 0.374 0.258 
 320 T X   0.007 0.262 0.001 0.056 0.013 0.016 0.374 0.271 
 321 I X   0.006 0.248 0.001 0.047 0.012 0.015 0.377 0.294 
 322 R X   0.006 0.226 0.001 0.036 0.010 0.013 0.381 0.326 
 323 S X   0.006 0.196 0.001 0.026 0.008 0.012 0.386 0.364 
 324 T _   0.006 0.165 0.001 0.018 0.006 0.011 0.392 0.401 
 325 N _   0.006 0.140 0.001 0.012 0.004 0.010 0.397 0.429 
 326 R _   0.005 0.125 0.000 0.009 0.003 0.009 0.401 0.446 
 327 N _   0.005 0.116 0.000 0.007 0.003 0.009 0.404 0.455 
 328 A _   0.005 0.112 0.000 0.007 0.003 0.009 0.406 0.458 
 329 R _   0.005 0.110 0.000 0.008 0.003 0.009 0.408 0.457 
 330 A _   0.005 0.111 0.000 0.010 0.003 0.009 0.409 0.452 
 331 E _   0.005 0.112 0.000 0.013 0.004 0.010 0.410 0.446 
 332 R _   0.005 0.113 0.001 0.016 0.005 0.010 0.411 0.439 
 333 T _   0.006 0.114 0.001 0.019 0.005 0.010 0.414 0.433 
 334 A _   0.006 0.113 0.001 0.021 0.005 0.010 0.416 0.428 
 335 S _   0.005 0.110 0.001 0.022 0.006 0.010 0.420 0.427 
 336 E _   0.005 0.105 0.001 0.021 0.005 0.009 0.425 0.428 
 337 I _   0.005 0.097 0.001 0.020 0.005 0.009 0.431 0.432 
 338 N X   0.006 0.087 0.001 0.017 0.005 0.008 0.438 0.438 
 339 F X   0.006 0.075 0.001 0.015 0.004 0.008 0.447 0.446 
 340 D X   0.005 0.062 0.001 0.012 0.004 0.007 0.455 0.454 
 341 K X   0.005 0.050 0.000 0.010 0.003 0.007 0.464 0.460 
 342 L X   0.005 0.040 0.000 0.008 0.002 0.006 0.472 0.466 
 343 Q X   0.005 0.033 0.000 0.007 0.002 0.005 0.479 0.469 
 344 F X   0.004 0.028 0.000 0.006 0.002 0.005 0.484 0.470 
 345 E X   0.004 0.025 0.000 0.005 0.002 0.005 0.489 0.471 
 346 P X   0.004 0.023 0.000 0.005 0.001 0.005 0.493 0.470 
 347 P X   0.004 0.021 0.000 0.004 0.001 0.004 0.495 0.469 
 348 L X   0.003 0.021 0.000 0.005 0.001 0.004 0.497 0.468 
 349 R X   0.003 0.021 0.000 0.005 0.001 0.004 0.499 0.466 
 350 K X   0.003 0.022 0.000 0.006 0.002 0.005 0.499 0.464 
 351 E X   0.003 0.023 0.000 0.007 0.002 0.005 0.500 0.461 
 352 T X   0.003 0.024 0.000 0.008 0.002 0.005 0.500 0.457 
 353 E X   0.003 0.026 0.000 0.009 0.002 0.005 0.501 0.453 
 354 A X   0.003 0.028 0.000 0.009 0.002 0.005 0.502 0.450 
 355 R X   0.003 0.029 0.000 0.010 0.002 0.005 0.502 0.447 
 356 D X   0.003 0.031 0.000 0.010 0.002 0.005 0.504 0.445 
 357 E X   0.003 0.031 0.000 0.009 0.002 0.005 0.505 0.444 
 358 M X   0.003 0.032 0.000 0.008 0.002 0.005 0.506 0.443 
 359 G X   0.003 0.032 0.000 0.007 0.002 0.005 0.508 0.442 
 360 L X   0.003 0.033 0.000 0.007 0.002 0.005 0.509 0.441 
 361 S X   0.003 0.034 0.000 0.007 0.002 0.006 0.510 0.438 
 362 S X   0.003 0.036 0.000 0.007 0.002 0.006 0.512 0.434 
 363 D X   0.003 0.038 0.000 0.009 0.003 0.007 0.513 0.427 
 364 P X   0.004 0.042 0.000 0.011 0.003 0.008 0.514 0.418 
 365 N X   0.004 0.047 0.000 0.014 0.004 0.009 0.515 0.406 
 366 F X   0.005 0.052 0.001 0.018 0.005 0.010 0.516 0.393 
 367 M X   0.005 0.057 0.001 0.022 0.006 0.011 0.518 0.381 
 368 L X   0.005 0.060 0.001 0.026 0.007 0.011 0.521 0.370 
 369 Q X   0.005 0.061 0.001 0.028 0.007 0.011 0.525 0.363 
 370 W X   0.005 0.061 0.001 0.028 0.007 0.010 0.531 0.358 
 371 N X   0.005 0.059 0.001 0.027 0.006 0.010 0.537 0.356 
 372 P X   0.005 0.055 0.001 0.024 0.006 0.009 0.546 0.355 
 373 F X   0.005 0.049 0.001 0.021 0.005 0.008 0.555 0.357 
 374 V X   0.004 0.042 0.001 0.017 0.004 0.007 0.566 0.359 
 375 D X   0.004 0.034 0.000 0.013 0.003 0.007 0.577 0.361 
 376 G X   0.004 0.027 0.000 0.010 0.003 0.006 0.588 0.362 
 377 A X   0.004 0.021 0.000 0.008 0.002 0.005 0.597 0.362 
 378 N X   0.003 0.017 0.000 0.007 0.002 0.005 0.606 0.361 
 379 T X   0.003 0.013 0.000 0.006 0.002 0.005 0.613 0.358 
 380 G X   0.003 0.011 0.000 0.005 0.002 0.004 0.619 0.355 
 381 K X   0.003 0.010 0.000 0.006 0.002 0.004 0.625 0.350 
 382 S X   0.003 0.009 0.000 0.006 0.002 0.004 0.630 0.346 
 383 T X   0.003 0.008 0.000 0.007 0.002 0.004 0.635 0.341 
 384 S X   0.003 0.007 0.000 0.007 0.002 0.004 0.640 0.337 
 385 K X   0.003 0.007 0.000 0.007 0.002 0.004 0.644 0.333 
 386 R X   0.003 0.006 0.000 0.007 0.002 0.004 0.649 0.330 
 387 A X   0.003 0.005 0.000 0.006 0.001 0.004 0.653 0.328 
 388 I X   0.002 0.004 0.000 0.006 0.001 0.003 0.656 0.327 
 389 P X   0.002 0.003 0.000 0.005 0.001 0.003 0.659 0.326 
 390 P X   0.002 0.003 0.000 0.004 0.001 0.003 0.662 0.326 
 391 P X   0.002 0.002 0.000 0.003 0.001 0.003 0.664 0.326 
 392 L X   0.002 0.002 0.000 0.003 0.001 0.002 0.665 0.326 
 393 P X   0.002 0.001 0.000 0.003 0.001 0.003 0.665 0.325 
 394 P X   0.002 0.001 0.000 0.003 0.001 0.003 0.665 0.325 
 395 K X   0.002 0.002 0.000 0.004 0.001 0.003 0.664 0.324 
 396 P X   0.002 0.002 0.000 0.005 0.001 0.003 0.663 0.324 
 397 R X   0.002 0.002 0.000 0.006 0.001 0.004 0.661 0.323 
 398 I X   0.003 0.003 0.000 0.007 0.002 0.004 0.659 0.323 
 399 S X   0.003 0.003 0.000 0.007 0.002 0.004 0.657 0.325 
 400 S X   0.002 0.003 0.000 0.007 0.002 0.004 0.654 0.328 
 401 Y X   0.002 0.003 0.000 0.007 0.001 0.004 0.651 0.332 
 402 P X   0.002 0.003 0.000 0.006 0.001 0.003 0.647 0.337 
 403 E X   0.002 0.003 0.000 0.005 0.001 0.003 0.643 0.343 
 404 D X   0.002 0.003 0.000 0.004 0.001 0.003 0.639 0.349 
 405 N X   0.002 0.003 0.000 0.003 0.001 0.003 0.634 0.354 
 406 F X   0.002 0.004 0.000 0.003 0.001 0.003 0.628 0.360 
 407 P X   0.002 0.004 0.000 0.004 0.001 0.003 0.620 0.365 
 408 D X   0.002 0.006 0.000 0.005 0.001 0.004 0.612 0.369 
 409 E X   0.002 0.009 0.000 0.008 0.002 0.005 0.601 0.372 
 410 E X   0.003 0.014 0.000 0.011 0.003 0.006 0.590 0.373 
 411 K X   0.003 0.020 0.000 0.015 0.003 0.007 0.577 0.374 
 412 A X   0.003 0.025 0.000 0.018 0.004 0.008 0.566 0.376 
 413 S X   0.003 0.029 0.000 0.021 0.004 0.008 0.555 0.379 
 414 T X   0.003 0.032 0.000 0.021 0.004 0.008 0.546 0.386 
 415 I X   0.003 0.033 0.000 0.020 0.004 0.007 0.538 0.394 
 416 K X   0.003 0.034 0.000 0.017 0.003 0.007 0.532 0.404 
 417 H X   0.003 0.034 0.000 0.014 0.003 0.006 0.525 0.415 
 418 C X   0.003 0.033 0.000 0.010 0.002 0.006 0.520 0.426 
 419 P X   0.003 0.033 0.000 0.008 0.002 0.006 0.514 0.435 
 420 D X   0.003 0.033 0.000 0.007 0.002 0.006 0.508 0.441 
 421 S X   0.003 0.034 0.000 0.007 0.002 0.006 0.502 0.446 
 422 E X   0.003 0.036 0.000 0.008 0.002 0.007 0.496 0.447 
 423 S X   0.004 0.040 0.000 0.011 0.003 0.008 0.488 0.446 
 424 R X   0.004 0.046 0.000 0.014 0.004 0.009 0.480 0.442 
 425 A X   0.004 0.054 0.001 0.019 0.005 0.010 0.472 0.436 
 426 P X   0.004 0.060 0.001 0.024 0.006 0.010 0.465 0.431 
 427 Q X   0.005 0.065 0.001 0.026 0.006 0.010 0.458 0.429 
 428 I X   0.005 0.067 0.001 0.027 0.006 0.010 0.453 0.432 
 429 L X   0.004 0.067 0.001 0.025 0.005 0.009 0.449 0.439 
 430 R _   0.004 0.065 0.001 0.021 0.005 0.008 0.446 0.449 
 431 R _   0.004 0.062 0.000 0.017 0.004 0.007 0.444 0.462 
 432 Q _   0.004 0.057 0.000 0.012 0.003 0.007 0.442 0.475 
 433 S _   0.003 0.053 0.000 0.009 0.002 0.006 0.441 0.485 
 434 S _   0.003 0.050 0.000 0.007 0.002 0.006 0.439 0.493 
 435 P _   0.003 0.049 0.000 0.006 0.002 0.006 0.437 0.498 
 436 S _   0.003 0.049 0.000 0.006 0.002 0.006 0.434 0.499 
 437 C _   0.004 0.051 0.000 0.007 0.002 0.007 0.431 0.497 
 438 G _   0.004 0.056 0.000 0.010 0.003 0.007 0.427 0.492 
 439 P _   0.004 0.062 0.000 0.013 0.004 0.008 0.423 0.485 
 440 V _   0.004 0.069 0.001 0.016 0.005 0.009 0.419 0.478 
 441 A _   0.004 0.075 0.001 0.018 0.005 0.009 0.415 0.473 
 442 E _   0.004 0.079 0.001 0.020 0.005 0.009 0.412 0.470 
 443 T _   0.004 0.082 0.001 0.020 0.005 0.009 0.410 0.470 
 444 S _   0.004 0.083 0.001 0.019 0.005 0.008 0.409 0.472 
 445 S _   0.004 0.083 0.001 0.018 0.004 0.008 0.408 0.475 
 446 I _   0.004 0.083 0.000 0.016 0.004 0.008 0.407 0.478 
 447 G _   0.003 0.081 0.000 0.015 0.004 0.007 0.408 0.481 
 448 N _   0.004 0.080 0.000 0.014 0.004 0.007 0.408 0.482 
 449 G _   0.004 0.079 0.000 0.014 0.003 0.007 0.409 0.483 
 450 D _   0.004 0.078 0.000 0.014 0.003 0.007 0.410 0.482 
 451 G _   0.004 0.077 0.000 0.015 0.004 0.008 0.411 0.481 
 452 I _   0.004 0.075 0.000 0.016 0.004 0.008 0.413 0.480 
 453 S _   0.004 0.073 0.000 0.017 0.004 0.008 0.415 0.478 
 454 K _   0.004 0.071 0.000 0.017 0.004 0.008 0.418 0.478 
 455 L _   0.004 0.067 0.000 0.016 0.004 0.007 0.422 0.479 
 456 M _   0.004 0.062 0.000 0.016 0.004 0.007 0.426 0.481 
 457 S _   0.004 0.056 0.000 0.014 0.003 0.007 0.430 0.485 
 458 E _   0.004 0.050 0.000 0.013 0.003 0.007 0.435 0.488 
 459 N _   0.004 0.043 0.000 0.011 0.003 0.006 0.440 0.492 
 460 T _   0.004 0.037 0.000 0.010 0.002 0.006 0.445 0.495 
 461 E _   0.004 0.032 0.000 0.009 0.002 0.006 0.450 0.497 
 462 G _   0.004 0.027 0.000 0.009 0.002 0.006 0.454 0.498 
 463 S _   0.004 0.023 0.000 0.008 0.002 0.006 0.458 0.498 
 464 A _   0.004 0.020 0.000 0.008 0.002 0.006 0.462 0.498 
 465 Q _   0.004 0.017 0.000 0.008 0.002 0.006 0.465 0.497 
 466 A _   0.004 0.015 0.000 0.008 0.002 0.005 0.468 0.497 
 467 P _   0.004 0.013 0.000 0.008 0.002 0.005 0.471 0.498 
 468 Q _   0.004 0.010 0.000 0.007 0.002 0.005 0.473 0.499 
 469 L _   0.004 0.008 0.000 0.006 0.002 0.005 0.474 0.501 
 470 P _   0.004 0.007 0.000 0.006 0.001 0.004 0.474 0.504 
 471 R _   0.003 0.005 0.000 0.005 0.001 0.004 0.474 0.507 
 472 K _   0.003 0.004 0.000 0.004 0.001 0.004 0.473 0.510 
 473 K _   0.003 0.003 0.000 0.004 0.001 0.004 0.472 0.513 
 474 D _   0.003 0.003 0.000 0.004 0.001 0.004 0.469 0.516 
 475 K _   0.003 0.003 0.000 0.004 0.001 0.004 0.466 0.520 
 476 R _   0.003 0.003 0.000 0.005 0.001 0.004 0.461 0.523 
 477 D _   0.003 0.003 0.000 0.005 0.001 0.004 0.456 0.527 
 478 F _   0.003 0.003 0.000 0.006 0.002 0.005 0.450 0.531 
 479 P _   0.003 0.004 0.000 0.007 0.002 0.005 0.443 0.536 
 480 K _   0.003 0.005 0.000 0.008 0.002 0.006 0.435 0.541 
 481 P _   0.003 0.005 0.000 0.008 0.002 0.006 0.427 0.548 
 482 A _   0.003 0.006 0.000 0.008 0.002 0.006 0.418 0.555 
 483 I _   0.003 0.007 0.000 0.008 0.002 0.007 0.409 0.564 
 484 N _   0.003 0.008 0.000 0.007 0.002 0.008 0.399 0.573 
 485 G _   0.004 0.009 0.000 0.007 0.002 0.009 0.388 0.581 
 486 L _   0.004 0.011 0.000 0.007 0.003 0.011 0.377 0.589 
 487 P _   0.006 0.014 0.000 0.007 0.003 0.014 0.363 0.593 
 488 P _   0.008 0.019 0.001 0.009 0.005 0.018 0.348 0.593 
 489 T _   0.011 0.030 0.001 0.012 0.008 0.025 0.330 0.584 
 490 P _   0.015 0.052 0.001 0.017 0.014 0.033 0.307 0.561 
 491 K _   0.020 0.091 0.002 0.026 0.022 0.041 0.279 0.519 
 492 V _   0.023 0.148 0.003 0.036 0.031 0.047 0.249 0.462 
 493 L _   0.025 0.211 0.003 0.047 0.036 0.050 0.222 0.404 
 494 M _   0.026 0.263 0.003 0.057 0.039 0.051 0.200 0.361 
 495 G _   0.026 0.297 0.002 0.064 0.039 0.050 0.183 0.337 
 496 A _   0.026 0.316 0.002 0.067 0.038 0.049 0.171 0.330 
 497 C _   0.026 0.324 0.002 0.067 0.037 0.046 0.162 0.337 
 498 F _   0.025 0.323 0.002 0.063 0.034 0.043 0.155 0.355 
 499 S _   0.025 0.314 0.002 0.055 0.030 0.040 0.149 0.384 
 500 K _   0.024 0.297 0.002 0.045 0.026 0.037 0.145 0.423 
 501 V _   0.024 0.271 0.002 0.035 0.022 0.034 0.141 0.471 
 502 F _   0.023 0.242 0.002 0.026 0.017 0.032 0.138 0.520 
 503 D _   0.022 0.214 0.001 0.020 0.014 0.030 0.136 0.563 
 504 G _   0.021 0.194 0.001 0.016 0.011 0.028 0.133 0.596 
 505 C _   0.020 0.181 0.001 0.014 0.010 0.026 0.131 0.618 
 506 P _   0.019 0.173 0.001 0.014 0.009 0.025 0.128 0.631 
 507 L _   0.019 0.168 0.001 0.016 0.009 0.024 0.125 0.639 
 508 K _   0.018 0.166 0.001 0.019 0.009 0.023 0.122 0.642 
 509 I _   0.017 0.163 0.001 0.022 0.010 0.022 0.120 0.645 
 510 N _   0.016 0.160 0.001 0.026 0.010 0.021 0.117 0.649 
 511 C _   0.015 0.154 0.001 0.028 0.010 0.019 0.115 0.657 
 512 A _   0.014 0.145 0.001 0.028 0.010 0.018 0.114 0.670 
 513 T _   0.013 0.132 0.001 0.027 0.009 0.016 0.113 0.690 
 514 S _   0.012 0.112 0.001 0.023 0.008 0.014 0.112 0.718 
 515 W _   0.011 0.087 0.001 0.018 0.006 0.012 0.112 0.752 
 516 I _   0.010 0.063 0.001 0.013 0.005 0.011 0.111 0.787 
 517 H _   0.009 0.043 0.001 0.009 0.004 0.009 0.110 0.816 
 518 P _   0.007 0.031 0.000 0.006 0.003 0.008 0.109 0.835 
 519 D _   0.007 0.025 0.000 0.004 0.002 0.008 0.107 0.847 
 520 T _   0.007 0.022 0.000 0.004 0.002 0.008 0.105 0.852 
 521 K _   0.007 0.022 0.000 0.004 0.002 0.009 0.102 0.853 
 522 D _   0.008 0.023 0.000 0.006 0.003 0.011 0.099 0.849 
 523 Q _   0.009 0.028 0.001 0.009 0.005 0.013 0.096 0.840 
 524 Y _   0.010 0.036 0.001 0.013 0.006 0.015 0.091 0.827 
 525 I _   0.011 0.047 0.001 0.019 0.008 0.017 0.087 0.810 
 526 I _   0.011 0.058 0.001 0.025 0.010 0.018 0.082 0.795 
 527 F _   0.011 0.067 0.001 0.030 0.011 0.019 0.078 0.782 
 528 G _   0.011 0.074 0.001 0.033 0.012 0.020 0.074 0.775 
 529 T _   0.011 0.078 0.001 0.034 0.012 0.020 0.071 0.772 
 530 E _   0.011 0.079 0.001 0.034 0.012 0.019 0.069 0.776 
 531 D _   0.010 0.078 0.001 0.032 0.011 0.018 0.067 0.782 
 532 G _   0.010 0.075 0.001 0.028 0.010 0.018 0.065 0.793 
 533 I _   0.010 0.071 0.001 0.024 0.009 0.017 0.064 0.805 
 534 Y _   0.010 0.065 0.001 0.020 0.008 0.016 0.062 0.818 
 535 T _   0.009 0.059 0.001 0.017 0.006 0.015 0.061 0.831 
 536 L _   0.009 0.053 0.001 0.014 0.006 0.014 0.060 0.843 
 537 N _   0.009 0.048 0.001 0.012 0.005 0.014 0.059 0.852 
 538 L _   0.009 0.045 0.001 0.011 0.005 0.014 0.058 0.858 
 539 N _   0.009 0.042 0.001 0.011 0.005 0.015 0.056 0.861 
 540 E _   0.010 0.040 0.001 0.012 0.006 0.016 0.055 0.861 
 541 L _   0.011 0.040 0.001 0.013 0.006 0.017 0.053 0.858 
 542 H _   0.012 0.039 0.001 0.016 0.007 0.019 0.052 0.855 
 543 E _   0.013 0.039 0.001 0.018 0.008 0.020 0.050 0.850 
 544 A _   0.014 0.038 0.001 0.021 0.009 0.021 0.049 0.847 
 545 T _   0.015 0.036 0.001 0.022 0.010 0.022 0.048 0.846 
 546 M _   0.016 0.033 0.001 0.021 0.010 0.023 0.047 0.849 
 547 E _   0.018 0.029 0.001 0.019 0.010 0.024 0.046 0.855 
 548 Q _   0.019 0.023 0.001 0.016 0.009 0.024 0.045 0.863 
 549 L _   0.021 0.017 0.001 0.013 0.008 0.025 0.044 0.872 
 550 F _   0.023 0.012 0.001 0.010 0.008 0.026 0.043 0.878 
 551 P _   0.027 0.008 0.001 0.007 0.008 0.028 0.042 0.879 
 552 R _   0.033 0.006 0.001 0.006 0.008 0.031 0.040 0.875 
 553 K _   0.040 0.005 0.001 0.006 0.010 0.035 0.039 0.865 
 554 C _   0.050 0.005 0.001 0.007 0.013 0.039 0.038 0.848 
 555 T _   0.061 0.005 0.001 0.008 0.016 0.044 0.037 0.827 
 556 W _   0.073 0.007 0.001 0.011 0.021 0.048 0.036 0.802 
 557 L _   0.084 0.009 0.002 0.015 0.027 0.053 0.035 0.777 
 558 Y _   0.094 0.011 0.002 0.018 0.031 0.055 0.034 0.755 
 559 V _   0.102 0.013 0.002 0.021 0.034 0.057 0.033 0.738 
 560 I _   0.108 0.014 0.002 0.022 0.036 0.058 0.032 0.727 
 561 N _   0.113 0.015 0.002 0.022 0.037 0.057 0.032 0.722 
 562 N _   0.114 0.014 0.002 0.021 0.036 0.056 0.032 0.725 
 563 T _   0.113 0.013 0.002 0.019 0.033 0.054 0.032 0.733 
 564 L _   0.110 0.012 0.002 0.017 0.031 0.052 0.032 0.744 
 565 M _   0.105 0.010 0.002 0.015 0.027 0.049 0.033 0.759 
 566 S _   0.098 0.008 0.001 0.014 0.023 0.046 0.033 0.776 
 567 L _   0.089 0.007 0.001 0.013 0.020 0.043 0.034 0.794 
 568 S _   0.080 0.006 0.001 0.011 0.016 0.039 0.035 0.812 
 569 V _   0.072 0.004 0.001 0.010 0.013 0.036 0.035 0.828 
 570 G _   0.065 0.004 0.001 0.009 0.011 0.034 0.036 0.841 
 571 K _   0.059 0.003 0.001 0.008 0.010 0.032 0.036 0.852 
 572 T _   0.054 0.003 0.001 0.006 0.009 0.030 0.037 0.861 
 573 F _   0.051 0.002 0.001 0.006 0.008 0.030 0.037 0.866 
 574 Q _   0.048 0.003 0.001 0.006 0.008 0.030 0.037 0.869 
 575 L _   0.046 0.003 0.001 0.006 0.009 0.030 0.037 0.867 
 576 Y _   0.047 0.005 0.001 0.008 0.011 0.031 0.037 0.860 
 577 S _   0.047 0.008 0.001 0.012 0.013 0.032 0.037 0.849 
 578 H _   0.048 0.013 0.001 0.017 0.016 0.033 0.037 0.834 
 579 N _   0.049 0.019 0.001 0.024 0.018 0.034 0.037 0.818 
 580 L _   0.048 0.023 0.002 0.030 0.020 0.033 0.037 0.807 
 581 I _   0.046 0.026 0.001 0.034 0.019 0.031 0.038 0.804 
 582 A _   0.043 0.027 0.001 0.034 0.018 0.029 0.039 0.810 
 583 L _   0.037 0.025 0.001 0.031 0.015 0.026 0.040 0.825 
 584 F _   0.032 0.022 0.001 0.025 0.012 0.022 0.041 0.845 
 585 E _   0.027 0.017 0.001 0.018 0.009 0.019 0.042 0.868 
 586 H _   0.022 0.012 0.001 0.011 0.006 0.016 0.042 0.889 
 587 A _   0.018 0.009 0.000 0.007 0.004 0.014 0.043 0.905 
 588 K _   0.015 0.007 0.000 0.005 0.003 0.012 0.043 0.914 
 589 K _   0.014 0.006 0.000 0.004 0.003 0.012 0.043 0.918 
 590 P _   0.013 0.007 0.000 0.005 0.003 0.012 0.043 0.916 
 591 G _   0.014 0.008 0.000 0.007 0.004 0.013 0.043 0.910 
 592 L _   0.014 0.012 0.001 0.011 0.006 0.015 0.042 0.900 
 593 A _   0.015 0.017 0.001 0.016 0.007 0.016 0.042 0.886 
 594 A _   0.015 0.021 0.001 0.022 0.009 0.017 0.041 0.874 
 595 H _   0.015 0.025 0.001 0.025 0.009 0.017 0.041 0.867 
 596 I _   0.015 0.026 0.001 0.027 0.009 0.016 0.041 0.865 
 597 Q _   0.014 0.026 0.001 0.025 0.009 0.015 0.041 0.869 
 598 T _   0.012 0.025 0.001 0.021 0.007 0.014 0.041 0.879 
 599 H _   0.011 0.022 0.001 0.016 0.006 0.013 0.041 0.890 
 600 R _   0.010 0.019 0.001 0.012 0.005 0.012 0.042 0.901 
 601 F _   0.009 0.017 0.000 0.008 0.004 0.011 0.042 0.909 
 602 P _   0.009 0.015 0.000 0.006 0.003 0.011 0.042 0.914 
 603 D _   0.009 0.015 0.000 0.006 0.003 0.011 0.041 0.914 
 604 R _   0.009 0.016 0.000 0.007 0.004 0.012 0.041 0.910 
 605 I _   0.011 0.020 0.001 0.009 0.005 0.014 0.040 0.901 
 606 L _   0.012 0.026 0.001 0.014 0.007 0.016 0.040 0.886 
 607 P _   0.013 0.034 0.001 0.020 0.009 0.017 0.039 0.867 
 608 R _   0.014 0.043 0.001 0.028 0.011 0.019 0.038 0.847 
 609 K _   0.014 0.049 0.001 0.034 0.012 0.019 0.037 0.833 
 610 F _   0.013 0.053 0.001 0.038 0.012 0.019 0.037 0.828 
 611 A _   0.012 0.054 0.001 0.038 0.012 0.018 0.037 0.828 
 612 L _   0.011 0.053 0.001 0.035 0.011 0.016 0.037 0.836 
 613 T _   0.010 0.048 0.001 0.030 0.009 0.015 0.037 0.850 
 614 T _   0.009 0.042 0.001 0.023 0.007 0.013 0.038 0.867 
 615 K _   0.008 0.034 0.001 0.017 0.005 0.011 0.038 0.885 
 616 I _   0.008 0.027 0.001 0.011 0.004 0.010 0.038 0.901 
 617 P _   0.007 0.022 0.000 0.008 0.003 0.009 0.039 0.912 
 618 D _   0.007 0.019 0.000 0.006 0.003 0.009 0.038 0.917 
 619 T _   0.007 0.018 0.000 0.006 0.003 0.010 0.038 0.919 
 620 K _   0.007 0.019 0.000 0.007 0.003 0.011 0.037 0.915 
 621 G _   0.008 0.021 0.000 0.010 0.004 0.013 0.036 0.907 
 622 C _   0.009 0.026 0.001 0.015 0.006 0.015 0.035 0.894 
 623 H _   0.010 0.032 0.001 0.022 0.008 0.017 0.034 0.877 
 624 K _   0.010 0.037 0.001 0.030 0.010 0.018 0.033 0.860 
 625 C _   0.010 0.042 0.001 0.036 0.011 0.019 0.032 0.848 
 626 C _   0.011 0.044 0.001 0.040 0.012 0.020 0.031 0.842 
 627 I _   0.010 0.044 0.001 0.040 0.012 0.020 0.031 0.842 
 628 V _   0.010 0.041 0.001 0.036 0.011 0.019 0.031 0.850 
 629 R _   0.010 0.035 0.001 0.030 0.010 0.019 0.031 0.865 
 630 N _   0.011 0.027 0.001 0.022 0.008 0.018 0.031 0.882 
 631 P _   0.011 0.018 0.001 0.015 0.006 0.018 0.031 0.899 
 632 Y _   0.013 0.010 0.001 0.010 0.005 0.019 0.031 0.912 
 633 T _   0.016 0.005 0.001 0.006 0.004 0.020 0.031 0.917 
 634 G _   0.021 0.003 0.000 0.004 0.004 0.023 0.031 0.914 
 635 H _   0.029 0.002 0.001 0.004 0.005 0.027 0.030 0.902 
 636 K _   0.041 0.002 0.001 0.004 0.007 0.033 0.030 0.882 
 637 Y _   0.057 0.002 0.001 0.006 0.012 0.040 0.029 0.853 
 638 L _   0.076 0.004 0.001 0.008 0.018 0.048 0.028 0.816 
 639 C _   0.097 0.007 0.002 0.012 0.026 0.056 0.027 0.773 
 640 G _   0.117 0.011 0.002 0.017 0.035 0.063 0.027 0.729 
 641 A _   0.134 0.016 0.002 0.021 0.043 0.067 0.026 0.691 
 642 L _   0.148 0.019 0.002 0.025 0.048 0.070 0.026 0.663 
 643 Q _   0.157 0.022 0.002 0.027 0.051 0.070 0.026 0.646 
 644 S _   0.162 0.023 0.003 0.028 0.051 0.069 0.026 0.639 
 645 G _   0.163 0.022 0.002 0.027 0.048 0.066 0.026 0.645 
 646 I _   0.161 0.021 0.002 0.025 0.043 0.062 0.027 0.659 
 647 V _   0.154 0.018 0.002 0.021 0.036 0.057 0.028 0.683 
 648 L _   0.143 0.014 0.002 0.017 0.029 0.052 0.029 0.714 
 649 L _   0.129 0.010 0.002 0.013 0.023 0.047 0.030 0.747 
 650 Q _   0.113 0.007 0.001 0.009 0.017 0.042 0.031 0.779 
 651 W _   0.096 0.004 0.001 0.007 0.013 0.038 0.032 0.809 
 652 Y _   0.081 0.003 0.001 0.006 0.010 0.035 0.032 0.831 
 653 E _   0.069 0.003 0.001 0.005 0.009 0.033 0.033 0.847 
 654 P _   0.060 0.003 0.001 0.006 0.009 0.032 0.033 0.857 
 655 M _   0.053 0.004 0.001 0.008 0.009 0.031 0.034 0.860 
 656 Q _   0.048 0.006 0.001 0.011 0.011 0.031 0.034 0.859 
 657 K _   0.043 0.009 0.001 0.015 0.012 0.030 0.034 0.855 
 658 F _   0.039 0.012 0.001 0.020 0.013 0.029 0.034 0.851 
 659 M _   0.035 0.015 0.001 0.024 0.014 0.028 0.034 0.849 
 660 L _   0.032 0.016 0.001 0.026 0.014 0.026 0.035 0.850 
 661 I _   0.028 0.016 0.001 0.026 0.013 0.024 0.035 0.856 
 662 K _   0.024 0.015 0.001 0.024 0.011 0.021 0.036 0.866 
 663 H _   0.021 0.013 0.001 0.020 0.009 0.019 0.037 0.879 
