#TopoPred_TM8: 8-state transmembrane topology prediction results by no_profile mode 
#probabilities are in the order of H E C I L F X _, the 8 transmembrane topology types used in PDBTM 
   1 M _   0.028 0.002 0.003 0.077 0.015 0.016 0.413 0.446 
   2 E _   0.011 0.001 0.000 0.044 0.003 0.008 0.422 0.511 
   3 A _   0.004 0.000 0.000 0.019 0.001 0.005 0.419 0.551 
   4 A _   0.006 0.000 0.000 0.010 0.001 0.005 0.407 0.571 
   5 V _   0.015 0.000 0.000 0.007 0.002 0.007 0.387 0.583 
   6 A _   0.042 0.000 0.001 0.005 0.003 0.010 0.354 0.585 
   7 A _   0.093 0.000 0.001 0.004 0.005 0.014 0.313 0.569 
   8 P _   0.181 0.000 0.001 0.003 0.007 0.018 0.261 0.529 
   9 R _   0.295 0.000 0.001 0.003 0.010 0.022 0.203 0.467 
  10 P H   0.420 0.000 0.002 0.002 0.013 0.024 0.147 0.391 
  11 R H   0.542 0.000 0.002 0.002 0.017 0.025 0.100 0.311 
  12 L H   0.647 0.000 0.002 0.002 0.021 0.025 0.065 0.239 
  13 L H   0.733 0.000 0.002 0.002 0.023 0.023 0.041 0.176 
  14 L H   0.797 0.000 0.002 0.001 0.023 0.020 0.027 0.130 
  15 L H   0.841 0.000 0.001 0.001 0.023 0.017 0.018 0.098 
  16 V H   0.870 0.000 0.001 0.001 0.022 0.014 0.013 0.079 
  17 L H   0.887 0.000 0.001 0.001 0.020 0.012 0.010 0.069 
  18 A H   0.893 0.000 0.001 0.001 0.019 0.010 0.008 0.068 
  19 A H   0.891 0.000 0.001 0.001 0.018 0.009 0.007 0.073 
  20 A H   0.880 0.000 0.001 0.001 0.016 0.009 0.006 0.087 
  21 A H   0.860 0.000 0.001 0.001 0.015 0.008 0.005 0.109 
  22 A H   0.829 0.000 0.001 0.001 0.013 0.008 0.005 0.142 
  23 A H   0.788 0.000 0.001 0.001 0.012 0.008 0.005 0.185 
  24 A H   0.738 0.000 0.001 0.001 0.010 0.009 0.005 0.236 
  25 A H   0.683 0.000 0.001 0.001 0.008 0.009 0.006 0.292 
  26 A H   0.627 0.000 0.001 0.001 0.007 0.010 0.006 0.348 
  27 L H   0.575 0.000 0.001 0.001 0.006 0.011 0.007 0.399 
  28 L H   0.530 0.000 0.001 0.001 0.006 0.013 0.007 0.443 
  29 P H   0.495 0.000 0.001 0.001 0.007 0.015 0.008 0.474 
  30 G _   0.469 0.000 0.001 0.001 0.009 0.018 0.009 0.495 
  31 A _   0.447 0.000 0.001 0.002 0.011 0.021 0.009 0.509 
  32 T _   0.427 0.000 0.001 0.004 0.015 0.024 0.010 0.519 
  33 A _   0.406 0.001 0.001 0.006 0.019 0.028 0.011 0.527 
  34 L _   0.382 0.002 0.002 0.010 0.024 0.030 0.012 0.538 
  35 Q _   0.352 0.004 0.002 0.015 0.027 0.032 0.014 0.555 
  36 C _   0.316 0.005 0.002 0.020 0.028 0.032 0.016 0.581 
  37 F _   0.274 0.006 0.002 0.022 0.027 0.031 0.018 0.620 
  38 C _   0.230 0.005 0.002 0.022 0.023 0.029 0.020 0.668 
  39 H _   0.187 0.005 0.002 0.018 0.018 0.026 0.023 0.722 
  40 L _   0.146 0.003 0.001 0.014 0.013 0.022 0.025 0.776 
  41 C _   0.110 0.002 0.001 0.009 0.009 0.019 0.027 0.824 
  42 T _   0.082 0.001 0.001 0.005 0.006 0.016 0.028 0.862 
  43 K _   0.061 0.000 0.000 0.003 0.004 0.014 0.029 0.888 
  44 D _   0.048 0.000 0.000 0.002 0.003 0.014 0.030 0.903 
  45 N _   0.042 0.000 0.000 0.002 0.003 0.014 0.030 0.909 
  46 F _   0.041 0.000 0.000 0.002 0.003 0.016 0.031 0.908 
  47 T _   0.044 0.000 0.000 0.002 0.004 0.020 0.031 0.899 
  48 C _   0.051 0.001 0.001 0.003 0.007 0.025 0.031 0.882 
  49 V _   0.060 0.002 0.001 0.006 0.011 0.031 0.031 0.857 
  50 T _   0.070 0.007 0.001 0.011 0.018 0.038 0.031 0.824 
  51 D _   0.078 0.014 0.002 0.018 0.025 0.044 0.031 0.787 
  52 G _   0.085 0.023 0.002 0.026 0.032 0.049 0.031 0.753 
  53 L _   0.088 0.030 0.002 0.034 0.037 0.051 0.031 0.726 
  54 C _   0.089 0.035 0.002 0.040 0.040 0.052 0.032 0.711 
  55 F _   0.086 0.038 0.002 0.042 0.040 0.050 0.032 0.710 
  56 V _   0.081 0.037 0.002 0.041 0.037 0.047 0.034 0.721 
  57 S _   0.073 0.035 0.002 0.037 0.031 0.043 0.035 0.743 
  58 V _   0.064 0.029 0.002 0.030 0.025 0.039 0.037 0.774 
  59 T _   0.053 0.022 0.001 0.023 0.018 0.033 0.039 0.810 
  60 E _   0.043 0.015 0.001 0.015 0.013 0.029 0.040 0.844 
  61 T _   0.035 0.009 0.001 0.010 0.008 0.024 0.042 0.872 
  62 T _   0.028 0.005 0.001 0.006 0.006 0.021 0.042 0.891 
  63 D _   0.024 0.003 0.000 0.004 0.004 0.020 0.043 0.902 
  64 K _   0.022 0.003 0.000 0.003 0.004 0.019 0.043 0.906 
  65 V _   0.021 0.003 0.000 0.004 0.004 0.020 0.043 0.904 
  66 I _   0.023 0.005 0.001 0.005 0.006 0.022 0.043 0.895 
  67 H _   0.026 0.010 0.001 0.009 0.009 0.025 0.043 0.878 
  68 N _   0.029 0.018 0.001 0.014 0.013 0.028 0.043 0.854 
  69 S _   0.032 0.031 0.001 0.022 0.017 0.031 0.042 0.824 
  70 M _   0.034 0.044 0.002 0.031 0.020 0.033 0.042 0.795 
  71 C _   0.034 0.054 0.002 0.038 0.022 0.033 0.042 0.774 
  72 I _   0.034 0.060 0.002 0.042 0.023 0.033 0.042 0.764 
  73 A _   0.032 0.063 0.002 0.043 0.022 0.031 0.043 0.764 
  74 E _   0.030 0.062 0.001 0.040 0.019 0.029 0.044 0.773 
  75 I _   0.028 0.059 0.001 0.035 0.017 0.026 0.046 0.788 
  76 D _   0.025 0.054 0.001 0.028 0.013 0.023 0.047 0.809 
  77 L _   0.021 0.046 0.001 0.022 0.010 0.020 0.049 0.831 
  78 I _   0.018 0.038 0.001 0.016 0.008 0.018 0.050 0.851 
  79 P _   0.016 0.032 0.001 0.013 0.006 0.015 0.051 0.866 
  80 R _   0.014 0.027 0.001 0.010 0.005 0.014 0.053 0.877 
  81 D _   0.012 0.024 0.001 0.009 0.004 0.012 0.053 0.884 
  82 R _   0.011 0.022 0.000 0.008 0.004 0.011 0.054 0.889 
  83 P _   0.010 0.021 0.000 0.008 0.004 0.011 0.055 0.892 
  84 F _   0.009 0.020 0.000 0.008 0.003 0.010 0.055 0.894 
  85 V _   0.009 0.020 0.000 0.008 0.003 0.010 0.055 0.895 
  86 C _   0.008 0.021 0.000 0.008 0.003 0.010 0.055 0.895 
  87 A _   0.008 0.022 0.000 0.008 0.003 0.010 0.054 0.894 
  88 P _   0.007 0.024 0.000 0.009 0.004 0.011 0.054 0.891 
  89 S _   0.008 0.028 0.000 0.010 0.004 0.012 0.053 0.886 
  90 S _   0.008 0.033 0.001 0.013 0.005 0.013 0.052 0.876 
  91 K _   0.009 0.040 0.001 0.017 0.007 0.015 0.051 0.861 
  92 T _   0.010 0.049 0.001 0.024 0.008 0.016 0.050 0.842 
  93 G _   0.010 0.059 0.001 0.032 0.010 0.018 0.049 0.821 
  94 S _   0.011 0.068 0.001 0.040 0.011 0.018 0.048 0.803 
  95 V _   0.011 0.073 0.001 0.046 0.012 0.019 0.047 0.790 
  96 T _   0.011 0.075 0.001 0.049 0.012 0.018 0.047 0.786 
  97 T _   0.011 0.073 0.001 0.047 0.011 0.017 0.048 0.792 
  98 T _   0.010 0.068 0.001 0.041 0.010 0.015 0.049 0.807 
  99 Y _   0.009 0.058 0.001 0.033 0.008 0.013 0.050 0.829 
 100 C _   0.008 0.045 0.001 0.023 0.006 0.011 0.051 0.855 
 101 C _   0.007 0.031 0.001 0.015 0.004 0.009 0.052 0.881 
 102 N _   0.006 0.020 0.000 0.009 0.003 0.008 0.052 0.901 
 103 Q _   0.005 0.014 0.000 0.006 0.002 0.007 0.053 0.913 
 104 D _   0.005 0.010 0.000 0.005 0.002 0.006 0.052 0.919 
 105 H _   0.005 0.009 0.000 0.005 0.002 0.007 0.052 0.920 
 106 C _   0.006 0.009 0.000 0.006 0.002 0.008 0.051 0.917 
 107 N _   0.007 0.010 0.000 0.010 0.003 0.009 0.050 0.911 
 108 K _   0.007 0.012 0.000 0.015 0.004 0.010 0.049 0.902 
 109 I _   0.008 0.014 0.001 0.020 0.005 0.012 0.048 0.893 
 110 E _   0.008 0.015 0.001 0.025 0.006 0.012 0.046 0.886 
 111 L _   0.008 0.016 0.001 0.027 0.007 0.012 0.045 0.884 
 112 P _   0.008 0.015 0.001 0.026 0.006 0.011 0.044 0.888 
 113 T _   0.008 0.013 0.001 0.022 0.005 0.010 0.044 0.898 
 114 T _   0.007 0.010 0.001 0.016 0.004 0.009 0.043 0.911 
 115 V _   0.007 0.006 0.000 0.011 0.003 0.007 0.042 0.923 
 116 K _   0.007 0.003 0.000 0.007 0.002 0.006 0.041 0.933 
 117 S _   0.008 0.002 0.000 0.004 0.002 0.005 0.040 0.939 
 118 S _   0.011 0.001 0.000 0.003 0.002 0.005 0.038 0.941 
 119 P _   0.017 0.000 0.000 0.002 0.002 0.005 0.037 0.937 
 120 G _   0.031 0.000 0.000 0.002 0.002 0.006 0.034 0.925 
 121 L _   0.056 0.000 0.000 0.002 0.003 0.007 0.031 0.900 
 122 G _   0.097 0.000 0.001 0.002 0.004 0.009 0.028 0.859 
 123 P _   0.157 0.000 0.001 0.002 0.005 0.010 0.024 0.801 
 124 V _   0.228 0.000 0.001 0.001 0.006 0.011 0.020 0.732 
 125 E _   0.303 0.000 0.001 0.001 0.007 0.011 0.017 0.659 
 126 L _   0.380 0.000 0.001 0.001 0.008 0.011 0.014 0.586 
 127 A _   0.456 0.000 0.001 0.001 0.007 0.009 0.012 0.513 
 128 A H   0.526 0.000 0.001 0.001 0.007 0.008 0.011 0.447 
 129 V H   0.595 0.000 0.001 0.000 0.006 0.007 0.009 0.382 
 130 I H   0.657 0.000 0.001 0.000 0.005 0.005 0.008 0.322 
 131 A H   0.717 0.000 0.001 0.000 0.005 0.004 0.008 0.265 
 132 G H   0.775 0.000 0.001 0.000 0.005 0.004 0.007 0.209 
 133 P H   0.828 0.000 0.001 0.000 0.005 0.003 0.006 0.157 
 134 V H   0.873 0.000 0.001 0.000 0.005 0.003 0.005 0.114 
 135 C H   0.908 0.000 0.001 0.000 0.005 0.002 0.004 0.080 
 136 F H   0.932 0.000 0.001 0.000 0.005 0.002 0.004 0.056 
 137 V H   0.949 0.000 0.001 0.000 0.005 0.002 0.003 0.040 
 138 C H   0.958 0.000 0.001 0.000 0.006 0.002 0.003 0.031 
 139 I H   0.962 0.000 0.001 0.000 0.006 0.002 0.002 0.027 
 140 S H   0.961 0.000 0.001 0.000 0.007 0.002 0.002 0.027 
 141 L H   0.956 0.000 0.001 0.000 0.008 0.002 0.002 0.031 
 142 M H   0.946 0.000 0.001 0.000 0.009 0.003 0.002 0.040 
 143 L H   0.930 0.000 0.001 0.000 0.009 0.003 0.002 0.055 
 144 M H   0.904 0.000 0.001 0.000 0.010 0.003 0.002 0.079 
 145 V H   0.867 0.000 0.001 0.000 0.011 0.004 0.003 0.114 
 146 Y H   0.817 0.000 0.001 0.000 0.011 0.005 0.004 0.161 
 147 I H   0.755 0.000 0.001 0.001 0.011 0.006 0.005 0.221 
 148 C H   0.683 0.000 0.001 0.001 0.011 0.007 0.007 0.290 
 149 H H   0.606 0.000 0.001 0.001 0.011 0.008 0.010 0.364 
 150 N H   0.522 0.000 0.001 0.001 0.011 0.009 0.013 0.443 
 151 R _   0.436 0.000 0.001 0.002 0.010 0.011 0.018 0.522 
 152 T _   0.352 0.000 0.001 0.003 0.010 0.012 0.024 0.597 
 153 V _   0.276 0.000 0.001 0.006 0.010 0.013 0.030 0.664 
 154 I _   0.207 0.001 0.001 0.009 0.009 0.013 0.036 0.724 
 155 H _   0.149 0.001 0.001 0.011 0.008 0.013 0.042 0.775 
 156 H _   0.103 0.001 0.001 0.011 0.006 0.012 0.048 0.818 
 157 R _   0.069 0.001 0.001 0.010 0.005 0.010 0.052 0.852 
 158 V _   0.045 0.001 0.000 0.008 0.004 0.009 0.056 0.878 
 159 P _   0.029 0.001 0.000 0.006 0.003 0.007 0.058 0.896 
 160 N _   0.019 0.001 0.000 0.005 0.002 0.006 0.060 0.908 
 161 E _   0.012 0.001 0.000 0.003 0.001 0.005 0.062 0.915 
 162 E _   0.009 0.001 0.000 0.003 0.001 0.005 0.062 0.919 
 163 D _   0.007 0.002 0.000 0.003 0.001 0.005 0.062 0.920 
 164 P _   0.006 0.003 0.000 0.003 0.001 0.006 0.062 0.919 
 165 S _   0.006 0.006 0.000 0.004 0.002 0.007 0.061 0.913 
 166 L _   0.006 0.014 0.000 0.007 0.003 0.009 0.060 0.901 
 167 D _   0.007 0.029 0.001 0.011 0.004 0.012 0.057 0.879 
 168 R _   0.008 0.056 0.001 0.017 0.006 0.015 0.054 0.843 
 169 P _   0.009 0.093 0.001 0.024 0.008 0.017 0.050 0.797 
 170 F _   0.009 0.134 0.001 0.031 0.010 0.019 0.046 0.750 
 171 I _   0.008 0.171 0.001 0.037 0.011 0.020 0.043 0.710 
 172 S _   0.008 0.199 0.001 0.041 0.012 0.020 0.040 0.679 
 173 E _   0.008 0.219 0.001 0.044 0.013 0.020 0.037 0.658 
 174 G _   0.008 0.232 0.001 0.045 0.013 0.020 0.035 0.646 
 175 T _   0.008 0.239 0.001 0.045 0.013 0.020 0.034 0.640 
 176 T _   0.008 0.242 0.001 0.044 0.013 0.020 0.032 0.639 
 177 L _   0.008 0.242 0.001 0.043 0.013 0.020 0.032 0.641 
 178 K _   0.009 0.238 0.001 0.042 0.013 0.019 0.031 0.647 
 179 D _   0.009 0.230 0.001 0.041 0.012 0.019 0.031 0.657 
 180 L _   0.009 0.219 0.001 0.038 0.012 0.018 0.031 0.672 
 181 I _   0.009 0.202 0.001 0.036 0.011 0.018 0.031 0.692 
 182 Y _   0.010 0.179 0.001 0.032 0.010 0.017 0.032 0.719 
 183 D _   0.010 0.151 0.001 0.028 0.009 0.016 0.032 0.752 
 184 M _   0.010 0.117 0.001 0.023 0.008 0.016 0.033 0.791 
 185 T _   0.010 0.082 0.001 0.018 0.007 0.016 0.034 0.832 
 186 T _   0.011 0.052 0.001 0.013 0.006 0.016 0.034 0.868 
 187 S _   0.011 0.029 0.001 0.009 0.005 0.016 0.034 0.893 
 188 G _   0.013 0.016 0.001 0.007 0.004 0.018 0.034 0.908 
 189 S _   0.016 0.009 0.000 0.005 0.004 0.020 0.034 0.911 
 190 G _   0.022 0.006 0.000 0.005 0.005 0.023 0.034 0.906 
 191 S _   0.030 0.004 0.001 0.005 0.006 0.027 0.033 0.894 
 192 G _   0.043 0.004 0.001 0.006 0.008 0.033 0.033 0.872 
 193 L _   0.059 0.004 0.001 0.008 0.012 0.040 0.032 0.844 
 194 P _   0.077 0.004 0.001 0.010 0.017 0.047 0.031 0.812 
 195 L _   0.097 0.005 0.001 0.012 0.023 0.054 0.030 0.778 
 196 L _   0.116 0.006 0.002 0.013 0.029 0.059 0.029 0.746 
 197 V _   0.134 0.007 0.002 0.014 0.034 0.063 0.028 0.718 
 198 Q _   0.149 0.008 0.002 0.014 0.039 0.066 0.028 0.694 
 199 R _   0.161 0.009 0.002 0.015 0.042 0.067 0.027 0.676 
 200 T _   0.169 0.010 0.002 0.015 0.044 0.067 0.027 0.665 
 201 I _   0.174 0.011 0.002 0.016 0.044 0.066 0.028 0.660 
 202 A _   0.172 0.011 0.002 0.018 0.043 0.063 0.028 0.662 
 203 R _   0.167 0.012 0.002 0.020 0.040 0.059 0.029 0.671 
 204 T _   0.156 0.012 0.002 0.020 0.036 0.054 0.030 0.689 
 205 I _   0.143 0.012 0.002 0.020 0.031 0.048 0.032 0.713 
 206 V _   0.126 0.011 0.002 0.019 0.025 0.042 0.033 0.743 
 207 L _   0.107 0.009 0.001 0.016 0.019 0.036 0.034 0.776 
 208 Q _   0.087 0.007 0.001 0.013 0.014 0.031 0.036 0.811 
 209 E _   0.070 0.005 0.001 0.010 0.011 0.026 0.037 0.841 
 210 S _   0.055 0.004 0.001 0.007 0.008 0.022 0.038 0.866 
 211 I _   0.043 0.003 0.001 0.006 0.006 0.019 0.038 0.884 
 212 G _   0.034 0.003 0.001 0.006 0.005 0.017 0.039 0.897 
 213 K _   0.027 0.003 0.001 0.006 0.005 0.015 0.039 0.905 
 214 G _   0.022 0.003 0.001 0.007 0.004 0.014 0.039 0.909 
 215 R _   0.018 0.004 0.001 0.008 0.005 0.014 0.040 0.911 
 216 F _   0.016 0.005 0.001 0.009 0.005 0.013 0.040 0.912 
 217 G _   0.014 0.006 0.001 0.010 0.005 0.013 0.040 0.912 
 218 E _   0.012 0.007 0.001 0.011 0.005 0.013 0.040 0.912 
 219 V _   0.011 0.009 0.001 0.011 0.005 0.013 0.040 0.912 
 220 W _   0.010 0.010 0.001 0.010 0.005 0.012 0.039 0.912 
 221 R _   0.010 0.011 0.001 0.010 0.005 0.012 0.039 0.913 
 222 G _   0.010 0.012 0.001 0.009 0.005 0.013 0.039 0.912 
 223 K _   0.010 0.014 0.001 0.009 0.005 0.014 0.039 0.909 
 224 W _   0.011 0.016 0.001 0.010 0.006 0.015 0.038 0.903 
 225 R _   0.012 0.019 0.001 0.012 0.007 0.017 0.038 0.895 
 226 G _   0.013 0.023 0.001 0.015 0.008 0.018 0.037 0.884 
 227 E _   0.015 0.029 0.001 0.019 0.010 0.020 0.037 0.870 
 228 E _   0.016 0.034 0.001 0.024 0.012 0.022 0.037 0.855 
 229 V _   0.017 0.039 0.001 0.028 0.013 0.023 0.037 0.842 
 230 A _   0.018 0.041 0.001 0.032 0.014 0.023 0.037 0.834 
 231 V _   0.018 0.043 0.001 0.033 0.014 0.023 0.037 0.832 
 232 K _   0.017 0.042 0.001 0.032 0.013 0.022 0.037 0.835 
 233 I _   0.017 0.038 0.001 0.029 0.012 0.021 0.038 0.844 
 234 F _   0.015 0.033 0.001 0.024 0.010 0.019 0.039 0.858 
 235 S _   0.014 0.026 0.001 0.019 0.008 0.018 0.040 0.874 
 236 S _   0.013 0.018 0.001 0.013 0.006 0.017 0.040 0.891 
 237 R _   0.013 0.011 0.001 0.009 0.005 0.016 0.041 0.904 
 238 E _   0.013 0.007 0.000 0.006 0.004 0.015 0.041 0.912 
 239 E _   0.014 0.004 0.000 0.005 0.004 0.016 0.042 0.916 
 240 R _   0.016 0.003 0.000 0.004 0.004 0.017 0.042 0.914 
 241 S _   0.019 0.003 0.000 0.004 0.005 0.020 0.042 0.908 
 242 W _   0.024 0.003 0.001 0.005 0.006 0.023 0.041 0.897 
 243 F _   0.031 0.003 0.001 0.007 0.008 0.027 0.041 0.882 
 244 R _   0.038 0.005 0.001 0.009 0.011 0.031 0.041 0.864 
 245 E _   0.045 0.007 0.001 0.012 0.014 0.036 0.041 0.844 
 246 A _   0.053 0.008 0.001 0.014 0.018 0.039 0.040 0.826 
 247 E _   0.060 0.010 0.001 0.016 0.020 0.043 0.040 0.810 
 248 I _   0.066 0.012 0.001 0.017 0.022 0.045 0.040 0.797 
 249 Y _   0.071 0.013 0.001 0.016 0.023 0.046 0.041 0.788 
 250 Q _   0.076 0.014 0.002 0.016 0.023 0.047 0.041 0.782 
 251 T _   0.078 0.014 0.001 0.014 0.023 0.047 0.041 0.780 
 252 V _   0.079 0.015 0.001 0.013 0.022 0.047 0.042 0.780 
 253 M _   0.078 0.016 0.001 0.013 0.021 0.046 0.043 0.781 
 254 L _   0.076 0.018 0.001 0.014 0.021 0.045 0.044 0.782 
 255 R _   0.072 0.020 0.001 0.016 0.021 0.044 0.044 0.781 
 256 H _   0.069 0.023 0.001 0.019 0.021 0.042 0.045 0.778 
 257 E _   0.064 0.027 0.002 0.024 0.022 0.040 0.047 0.775 
 258 N _   0.059 0.030 0.002 0.029 0.021 0.037 0.048 0.774 
 259 I _   0.053 0.032 0.001 0.033 0.019 0.034 0.050 0.777 
 260 L _   0.046 0.032 0.001 0.035 0.017 0.030 0.052 0.786 
 261 G _   0.039 0.031 0.001 0.033 0.014 0.026 0.054 0.801 
 262 F _   0.032 0.027 0.001 0.028 0.011 0.021 0.056 0.822 
 263 I _   0.025 0.021 0.001 0.021 0.008 0.017 0.059 0.848 
 264 A _   0.019 0.015 0.001 0.014 0.005 0.013 0.060 0.873 
 265 A _   0.014 0.009 0.000 0.008 0.003 0.010 0.062 0.893 
 266 D _   0.010 0.005 0.000 0.005 0.002 0.008 0.062 0.907 
 267 N _   0.008 0.003 0.000 0.003 0.001 0.007 0.063 0.915 
 268 K _   0.007 0.003 0.000 0.002 0.001 0.007 0.062 0.917 
 269 D _   0.007 0.004 0.000 0.003 0.002 0.008 0.062 0.915 
 270 N _   0.008 0.006 0.000 0.005 0.003 0.010 0.061 0.907 
 271 G _   0.010 0.013 0.001 0.010 0.005 0.014 0.059 0.889 
 272 T _   0.012 0.027 0.001 0.019 0.007 0.017 0.057 0.860 
 273 W _   0.013 0.045 0.001 0.031 0.011 0.020 0.055 0.824 
 274 T _   0.013 0.063 0.001 0.043 0.013 0.022 0.053 0.793 
 275 Q _   0.013 0.074 0.001 0.052 0.014 0.023 0.051 0.773 
 276 L _   0.012 0.079 0.001 0.055 0.015 0.022 0.050 0.766 
 277 W _   0.011 0.080 0.001 0.054 0.014 0.021 0.049 0.770 
 278 L _   0.011 0.077 0.001 0.048 0.012 0.019 0.049 0.783 
 279 V _   0.010 0.069 0.001 0.040 0.011 0.017 0.049 0.803 
 280 S _   0.009 0.058 0.001 0.030 0.009 0.015 0.049 0.828 
 281 D _   0.009 0.045 0.001 0.022 0.007 0.014 0.050 0.853 
 282 Y _   0.008 0.031 0.001 0.015 0.005 0.013 0.051 0.876 
 283 H _   0.008 0.021 0.001 0.011 0.004 0.012 0.051 0.893 
 284 E _   0.008 0.014 0.000 0.008 0.003 0.011 0.051 0.904 
 285 H _   0.008 0.009 0.000 0.007 0.003 0.011 0.051 0.910 
 286 G _   0.008 0.007 0.000 0.006 0.003 0.012 0.051 0.913 
 287 S _   0.009 0.005 0.000 0.006 0.003 0.013 0.050 0.914 
 288 L _   0.010 0.004 0.000 0.006 0.003 0.014 0.049 0.912 
 289 F _   0.012 0.003 0.000 0.007 0.004 0.016 0.048 0.909 
 290 D _   0.016 0.003 0.001 0.007 0.005 0.019 0.047 0.904 
 291 Y _   0.021 0.002 0.001 0.007 0.006 0.023 0.045 0.895 
 292 L _   0.027 0.002 0.001 0.008 0.008 0.027 0.044 0.884 
 293 N _   0.038 0.002 0.001 0.008 0.010 0.033 0.042 0.867 
 294 R _   0.051 0.002 0.001 0.009 0.013 0.039 0.040 0.845 
 295 Y _   0.069 0.002 0.001 0.009 0.018 0.046 0.038 0.817 
 296 T _   0.090 0.003 0.001 0.011 0.023 0.053 0.036 0.783 
 297 V _   0.113 0.004 0.002 0.012 0.030 0.060 0.034 0.746 
 298 T _   0.137 0.005 0.002 0.014 0.036 0.065 0.033 0.709 
 299 V _   0.159 0.006 0.002 0.016 0.042 0.070 0.031 0.675 
 300 E _   0.179 0.007 0.002 0.018 0.047 0.072 0.030 0.645 
 301 G _   0.197 0.007 0.002 0.019 0.050 0.073 0.029 0.622 
 302 M _   0.210 0.007 0.002 0.019 0.051 0.072 0.028 0.610 
 303 I _   0.218 0.007 0.002 0.017 0.049 0.070 0.028 0.608 
 304 K _   0.221 0.006 0.002 0.015 0.045 0.067 0.028 0.615 
 305 L _   0.219 0.005 0.002 0.013 0.040 0.063 0.028 0.630 
 306 A _   0.214 0.003 0.002 0.010 0.034 0.059 0.028 0.649 
 307 L _   0.207 0.002 0.002 0.008 0.028 0.054 0.029 0.670 
 308 S _   0.199 0.001 0.001 0.006 0.023 0.050 0.029 0.691 
 309 T _   0.190 0.001 0.001 0.005 0.019 0.046 0.030 0.709 
 310 A _   0.182 0.001 0.001 0.004 0.016 0.044 0.030 0.722 
 311 S _   0.176 0.000 0.001 0.004 0.015 0.042 0.031 0.731 
 312 G _   0.172 0.001 0.001 0.004 0.015 0.041 0.032 0.735 
 313 L _   0.166 0.001 0.001 0.005 0.016 0.040 0.032 0.738 
 314 A _   0.161 0.002 0.001 0.007 0.018 0.040 0.033 0.738 
 315 H _   0.154 0.004 0.001 0.010 0.020 0.040 0.034 0.737 
 316 L _   0.146 0.005 0.002 0.014 0.021 0.039 0.036 0.737 
 317 H _   0.135 0.007 0.002 0.017 0.022 0.038 0.038 0.742 
 318 M _   0.122 0.009 0.002 0.020 0.021 0.035 0.039 0.751 
 319 E _   0.106 0.010 0.002 0.022 0.019 0.032 0.042 0.768 
 320 I _   0.090 0.010 0.001 0.021 0.017 0.029 0.044 0.787 
 321 V _   0.074 0.010 0.001 0.020 0.014 0.026 0.046 0.809 
 322 G _   0.059 0.009 0.001 0.017 0.011 0.022 0.049 0.831 
 323 T _   0.046 0.008 0.001 0.014 0.009 0.019 0.051 0.852 
 324 Q _   0.035 0.006 0.001 0.012 0.007 0.016 0.053 0.870 
 325 G _   0.027 0.005 0.001 0.010 0.005 0.014 0.055 0.883 
 326 K _   0.020 0.004 0.000 0.009 0.004 0.012 0.057 0.893 
 327 P _   0.016 0.004 0.000 0.008 0.003 0.010 0.059 0.900 
 328 A _   0.012 0.003 0.000 0.007 0.003 0.009 0.060 0.905 
 329 I _   0.010 0.003 0.000 0.007 0.003 0.008 0.061 0.907 
 330 A _   0.009 0.003 0.000 0.007 0.003 0.008 0.062 0.909 
 331 H _   0.008 0.003 0.000 0.006 0.002 0.007 0.062 0.911 
 332 R _   0.007 0.004 0.000 0.006 0.002 0.007 0.062 0.911 
 333 D _   0.006 0.004 0.000 0.006 0.002 0.007 0.062 0.912 
 334 L _   0.006 0.005 0.000 0.006 0.002 0.007 0.062 0.911 
 335 K _   0.005 0.006 0.000 0.006 0.002 0.007 0.062 0.910 
 336 S _   0.006 0.008 0.000 0.007 0.003 0.008 0.061 0.907 
 337 K _   0.006 0.011 0.000 0.008 0.003 0.009 0.061 0.903 
 338 N _   0.006 0.014 0.000 0.008 0.003 0.010 0.060 0.898 
 339 I _   0.007 0.019 0.000 0.009 0.004 0.012 0.058 0.891 
 340 L _   0.008 0.025 0.001 0.010 0.004 0.013 0.057 0.882 
 341 V _   0.009 0.033 0.001 0.012 0.005 0.015 0.056 0.870 
 342 K _   0.010 0.043 0.001 0.013 0.006 0.018 0.054 0.854 
 343 K _   0.012 0.055 0.001 0.015 0.008 0.021 0.052 0.835 
 344 N _   0.014 0.071 0.001 0.018 0.011 0.024 0.050 0.810 
 345 G _   0.017 0.091 0.001 0.022 0.014 0.028 0.048 0.779 
 346 T _   0.019 0.113 0.001 0.028 0.017 0.031 0.046 0.745 
 347 C _   0.022 0.137 0.002 0.034 0.020 0.033 0.044 0.709 
 348 C _   0.024 0.159 0.002 0.041 0.023 0.035 0.043 0.675 
 349 I _   0.025 0.177 0.002 0.048 0.024 0.035 0.041 0.648 
 350 A _   0.026 0.188 0.002 0.053 0.025 0.034 0.041 0.631 
 351 D _   0.026 0.194 0.002 0.056 0.024 0.033 0.041 0.626 
 352 L _   0.025 0.193 0.002 0.055 0.022 0.031 0.041 0.632 
 353 G _   0.024 0.187 0.002 0.051 0.020 0.028 0.041 0.647 
 354 L _   0.023 0.174 0.001 0.044 0.017 0.025 0.042 0.674 
 355 A _   0.020 0.152 0.001 0.036 0.013 0.021 0.044 0.712 
 356 V _   0.018 0.124 0.001 0.027 0.010 0.018 0.045 0.756 
 357 R _   0.016 0.095 0.001 0.019 0.008 0.016 0.046 0.799 
 358 H _   0.013 0.071 0.001 0.013 0.006 0.013 0.047 0.835 
 359 D _   0.011 0.055 0.001 0.009 0.004 0.012 0.048 0.860 
 360 S _   0.010 0.045 0.000 0.007 0.003 0.010 0.048 0.875 
 361 A _   0.008 0.040 0.000 0.006 0.003 0.009 0.048 0.884 
 362 T _   0.008 0.038 0.000 0.006 0.003 0.009 0.048 0.888 
 363 D _   0.007 0.037 0.000 0.007 0.003 0.009 0.048 0.889 
 364 T _   0.007 0.038 0.000 0.008 0.003 0.009 0.047 0.888 
 365 I _   0.007 0.040 0.000 0.009 0.003 0.009 0.046 0.885 
 366 D _   0.007 0.043 0.000 0.010 0.004 0.010 0.045 0.882 
 367 I _   0.007 0.046 0.001 0.011 0.004 0.010 0.044 0.878 
 368 A _   0.007 0.049 0.001 0.012 0.004 0.011 0.042 0.874 
 369 P _   0.007 0.053 0.001 0.013 0.005 0.011 0.041 0.870 
 370 N _   0.007 0.057 0.001 0.014 0.005 0.012 0.040 0.864 
 371 H _   0.008 0.062 0.001 0.015 0.006 0.013 0.038 0.857 
 372 R _   0.008 0.068 0.001 0.017 0.006 0.014 0.037 0.848 
 373 V _   0.009 0.075 0.001 0.019 0.007 0.016 0.035 0.838 
 374 G _   0.009 0.082 0.001 0.022 0.009 0.017 0.034 0.826 
 375 T _   0.010 0.089 0.001 0.026 0.010 0.017 0.033 0.814 
 376 K _   0.010 0.094 0.001 0.030 0.011 0.018 0.032 0.804 
 377 R _   0.010 0.098 0.001 0.033 0.011 0.018 0.031 0.798 
 378 Y _   0.010 0.100 0.001 0.034 0.011 0.017 0.030 0.796 
 379 M _   0.010 0.098 0.001 0.034 0.011 0.017 0.030 0.799 
 380 A _   0.010 0.095 0.001 0.032 0.010 0.016 0.030 0.807 
 381 P _   0.010 0.088 0.001 0.029 0.009 0.015 0.030 0.819 
 382 E _   0.009 0.079 0.001 0.025 0.008 0.014 0.030 0.835 
 383 V _   0.009 0.067 0.001 0.020 0.007 0.012 0.030 0.854 
 384 L _   0.008 0.055 0.001 0.016 0.006 0.012 0.030 0.872 
 385 D _   0.008 0.043 0.001 0.014 0.005 0.011 0.031 0.888 
 386 D _   0.008 0.033 0.001 0.011 0.004 0.011 0.031 0.901 
 387 S _   0.008 0.025 0.001 0.010 0.004 0.010 0.031 0.911 
 388 I _   0.008 0.019 0.000 0.009 0.004 0.011 0.031 0.917 
 389 N _   0.009 0.015 0.000 0.009 0.004 0.011 0.030 0.921 
 390 M _   0.011 0.012 0.000 0.009 0.004 0.012 0.030 0.922 
 391 K _   0.013 0.009 0.001 0.009 0.004 0.012 0.030 0.922 
 392 H _   0.017 0.006 0.001 0.008 0.004 0.013 0.029 0.921 
 393 F _   0.023 0.004 0.001 0.008 0.004 0.014 0.028 0.918 
 394 E _   0.033 0.003 0.001 0.007 0.005 0.015 0.027 0.910 
 395 S _   0.048 0.001 0.001 0.006 0.005 0.016 0.026 0.897 
 396 F _   0.074 0.001 0.001 0.004 0.006 0.018 0.025 0.872 
 397 K _   0.112 0.000 0.001 0.003 0.007 0.021 0.023 0.833 
 398 R _   0.165 0.000 0.001 0.003 0.009 0.023 0.021 0.777 
 399 A _   0.236 0.000 0.001 0.003 0.012 0.027 0.020 0.702 
 400 D _   0.321 0.000 0.001 0.002 0.016 0.030 0.018 0.612 
 401 I _   0.409 0.000 0.001 0.002 0.021 0.033 0.016 0.517 
 402 Y H   0.494 0.000 0.002 0.002 0.026 0.035 0.015 0.426 
 403 A H   0.566 0.000 0.002 0.003 0.031 0.036 0.015 0.348 
 404 M H   0.624 0.000 0.002 0.003 0.035 0.036 0.015 0.286 
 405 G H   0.664 0.000 0.002 0.003 0.038 0.035 0.015 0.244 
 406 L H   0.687 0.000 0.002 0.003 0.039 0.034 0.016 0.219 
 407 V H   0.695 0.000 0.002 0.003 0.040 0.032 0.017 0.210 
 408 F H   0.689 0.000 0.002 0.003 0.039 0.031 0.019 0.217 
 409 W H   0.670 0.000 0.002 0.003 0.037 0.029 0.022 0.236 
 410 E H   0.637 0.000 0.002 0.004 0.035 0.028 0.026 0.268 
 411 I H   0.588 0.000 0.002 0.004 0.031 0.027 0.032 0.316 
 412 A H   0.527 0.000 0.002 0.004 0.027 0.026 0.038 0.375 
 413 R H   0.459 0.000 0.002 0.004 0.023 0.025 0.047 0.440 
 414 R _   0.387 0.000 0.002 0.005 0.019 0.025 0.056 0.506 
 415 C _   0.320 0.000 0.001 0.005 0.016 0.024 0.066 0.567 
 416 S _   0.259 0.000 0.001 0.006 0.014 0.023 0.077 0.620 
 417 I _   0.203 0.001 0.001 0.008 0.012 0.022 0.087 0.667 
 418 G _   0.158 0.001 0.001 0.009 0.011 0.021 0.097 0.703 
 419 G _   0.121 0.001 0.001 0.010 0.010 0.020 0.106 0.731 
 420 I _   0.091 0.001 0.001 0.011 0.009 0.019 0.115 0.752 
 421 H _   0.070 0.002 0.001 0.012 0.008 0.018 0.124 0.766 
 422 E _   0.053 0.002 0.001 0.013 0.007 0.016 0.132 0.776 
 423 D _   0.040 0.002 0.001 0.013 0.007 0.015 0.139 0.783 
 424 Y _   0.030 0.002 0.001 0.013 0.006 0.014 0.147 0.788 
 425 Q _   0.023 0.002 0.001 0.012 0.005 0.012 0.154 0.791 
 426 L _   0.018 0.002 0.001 0.011 0.004 0.011 0.161 0.793 
 427 P _   0.014 0.002 0.000 0.010 0.004 0.009 0.167 0.794 
 428 Y _   0.011 0.002 0.000 0.008 0.003 0.008 0.173 0.795 
 429 Y _   0.009 0.001 0.000 0.007 0.002 0.007 0.178 0.796 
 430 D _   0.007 0.001 0.000 0.005 0.002 0.006 0.182 0.796 
 431 L _   0.006 0.001 0.000 0.004 0.002 0.005 0.185 0.796 
 432 V _   0.005 0.001 0.000 0.003 0.001 0.005 0.188 0.796 
 433 P _   0.005 0.002 0.000 0.003 0.001 0.006 0.190 0.794 
 434 S _   0.005 0.003 0.000 0.003 0.002 0.007 0.191 0.790 
 435 D _   0.006 0.005 0.000 0.004 0.002 0.008 0.191 0.783 
 436 P _   0.007 0.010 0.000 0.006 0.003 0.011 0.191 0.771 
 437 S _   0.009 0.020 0.001 0.010 0.005 0.014 0.190 0.750 
 438 V _   0.011 0.039 0.001 0.017 0.008 0.018 0.189 0.717 
 439 E _   0.012 0.066 0.001 0.026 0.011 0.021 0.187 0.675 
 440 E _   0.013 0.096 0.001 0.036 0.014 0.024 0.185 0.630 
 441 M _   0.013 0.121 0.001 0.046 0.016 0.025 0.184 0.593 
 442 R _   0.013 0.137 0.001 0.054 0.018 0.026 0.184 0.565 
 443 K _   0.013 0.147 0.001 0.060 0.019 0.026 0.185 0.550 
 444 V _   0.013 0.150 0.001 0.061 0.018 0.025 0.188 0.543 
 445 V _   0.013 0.148 0.001 0.059 0.017 0.023 0.191 0.547 
 446 C _   0.013 0.141 0.001 0.054 0.015 0.021 0.196 0.558 
 447 E _   0.012 0.128 0.001 0.045 0.013 0.019 0.203 0.578 
 448 Q _   0.012 0.107 0.001 0.036 0.011 0.017 0.211 0.606 
 449 K _   0.011 0.080 0.001 0.026 0.008 0.014 0.220 0.639 
 450 L _   0.010 0.051 0.001 0.018 0.006 0.012 0.229 0.673 
 451 R _   0.009 0.028 0.001 0.011 0.004 0.010 0.236 0.701 
 452 P _   0.008 0.013 0.000 0.006 0.003 0.009 0.241 0.720 
 453 N _   0.007 0.006 0.000 0.004 0.002 0.008 0.245 0.728 
 454 I _   0.007 0.003 0.000 0.003 0.002 0.008 0.247 0.731 
 455 P _   0.007 0.001 0.000 0.002 0.002 0.009 0.249 0.729 
 456 N _   0.009 0.001 0.000 0.002 0.002 0.011 0.250 0.724 
 457 R _   0.013 0.001 0.000 0.003 0.003 0.015 0.250 0.715 
 458 W _   0.018 0.001 0.000 0.004 0.004 0.020 0.251 0.701 
 459 Q _   0.024 0.002 0.001 0.006 0.007 0.027 0.250 0.682 
 460 S _   0.032 0.004 0.001 0.010 0.011 0.034 0.250 0.658 
 461 C _   0.042 0.006 0.001 0.013 0.017 0.042 0.249 0.630 
 462 E _   0.052 0.009 0.001 0.018 0.023 0.049 0.248 0.600 
 463 A _   0.063 0.011 0.002 0.022 0.029 0.054 0.248 0.571 
 464 L _   0.073 0.013 0.002 0.025 0.034 0.058 0.249 0.546 
 465 R _   0.082 0.014 0.002 0.026 0.038 0.061 0.251 0.526 
 466 V _   0.090 0.015 0.002 0.026 0.039 0.061 0.253 0.514 
 467 M _   0.096 0.014 0.002 0.025 0.039 0.060 0.257 0.508 
 468 A _   0.100 0.012 0.002 0.022 0.037 0.058 0.262 0.508 
 469 K _   0.102 0.010 0.002 0.018 0.033 0.055 0.267 0.512 
 470 I _   0.103 0.007 0.002 0.014 0.028 0.052 0.274 0.520 
 471 M _   0.102 0.005 0.001 0.011 0.023 0.048 0.281 0.529 
 472 R _   0.099 0.003 0.001 0.008 0.019 0.044 0.288 0.537 
 473 E _   0.096 0.002 0.001 0.006 0.015 0.041 0.296 0.543 
 474 C _   0.092 0.001 0.001 0.005 0.013 0.039 0.304 0.546 
 475 W _   0.089 0.001 0.001 0.005 0.011 0.037 0.312 0.545 
 476 Y _   0.085 0.001 0.001 0.005 0.011 0.036 0.319 0.542 
 477 A _   0.083 0.001 0.001 0.005 0.011 0.035 0.328 0.536 
 478 N _   0.081 0.001 0.001 0.006 0.012 0.035 0.336 0.527 
 479 G _   0.080 0.002 0.001 0.008 0.014 0.035 0.345 0.515 
 480 A _   0.078 0.003 0.001 0.010 0.015 0.035 0.355 0.502 
 481 A _   0.075 0.005 0.001 0.013 0.016 0.034 0.366 0.489 
 482 R _   0.071 0.006 0.001 0.015 0.017 0.033 0.378 0.479 
 483 L _   0.065 0.007 0.001 0.017 0.017 0.032 0.392 0.469 
 484 T _   0.058 0.008 0.001 0.018 0.016 0.030 0.406 0.462 
 485 A _   0.051 0.008 0.001 0.018 0.015 0.027 0.422 0.457 
 486 L _   0.044 0.008 0.001 0.017 0.013 0.025 0.439 0.454 
 487 R X   0.037 0.007 0.001 0.015 0.011 0.022 0.456 0.451 
 488 I X   0.031 0.007 0.001 0.013 0.008 0.020 0.472 0.448 
 489 K X   0.025 0.006 0.001 0.011 0.007 0.017 0.488 0.444 
 490 K X   0.021 0.006 0.001 0.009 0.006 0.015 0.503 0.439 
 491 T X   0.018 0.006 0.001 0.008 0.005 0.014 0.517 0.433 
 492 L X   0.016 0.006 0.000 0.007 0.004 0.013 0.530 0.424 
 493 S X   0.014 0.006 0.000 0.008 0.004 0.012 0.542 0.413 
 494 Q X   0.012 0.007 0.000 0.009 0.004 0.011 0.554 0.402 
 495 L X   0.011 0.008 0.000 0.010 0.004 0.010 0.565 0.391 
 496 S X   0.009 0.009 0.000 0.011 0.004 0.009 0.576 0.381 
 497 Q X   0.007 0.010 0.000 0.012 0.004 0.008 0.588 0.371 
 498 Q X   0.005 0.010 0.000 0.012 0.003 0.006 0.599 0.364 
 499 E X   0.003 0.010 0.000 0.011 0.002 0.004 0.611 0.360 
 500 G X   0.001 0.009 0.000 0.007 0.001 0.002 0.620 0.361 
 501 I X   0.000 0.008 0.000 0.005 0.000 0.001 0.623 0.364 
 502 K X   0.000 0.007 0.000 0.005 0.000 0.001 0.620 0.366 
 503 M X   0.003 0.007 0.001 0.012 0.003 0.003 0.608 0.364 
