#TopoPred_TM8: 8-state transmembrane topology prediction results by no_profile mode 
#probabilities are in the order of H E C I L F X _, the 8 transmembrane topology types used in PDBTM 
   1 M X   0.007 0.001 0.002 0.037 0.006 0.006 0.881 0.061 
   2 G X   0.002 0.000 0.000 0.018 0.001 0.002 0.907 0.069 
   3 S X   0.001 0.000 0.000 0.008 0.000 0.001 0.914 0.075 
   4 N X   0.000 0.000 0.000 0.005 0.000 0.001 0.915 0.079 
   5 K X   0.000 0.000 0.000 0.004 0.000 0.001 0.913 0.081 
   6 S X   0.001 0.001 0.000 0.003 0.000 0.002 0.909 0.085 
   7 K X   0.001 0.001 0.000 0.003 0.000 0.002 0.904 0.088 
   8 P X   0.001 0.002 0.000 0.004 0.001 0.002 0.897 0.094 
   9 K X   0.001 0.003 0.000 0.005 0.001 0.003 0.887 0.100 
  10 D X   0.001 0.004 0.000 0.007 0.001 0.004 0.875 0.108 
  11 A X   0.001 0.007 0.000 0.009 0.002 0.004 0.860 0.117 
  12 S X   0.001 0.010 0.000 0.010 0.002 0.005 0.845 0.126 
  13 Q X   0.001 0.013 0.000 0.012 0.002 0.005 0.829 0.137 
  14 R X   0.002 0.016 0.000 0.013 0.002 0.005 0.814 0.148 
  15 R X   0.002 0.019 0.000 0.013 0.002 0.006 0.800 0.159 
  16 R X   0.002 0.021 0.000 0.012 0.002 0.005 0.787 0.170 
  17 S X   0.002 0.023 0.000 0.012 0.002 0.005 0.774 0.181 
  18 L X   0.002 0.025 0.000 0.011 0.002 0.005 0.762 0.192 
  19 E X   0.002 0.028 0.000 0.010 0.002 0.005 0.750 0.203 
  20 P X   0.002 0.030 0.000 0.010 0.002 0.005 0.738 0.213 
  21 A X   0.002 0.032 0.000 0.010 0.002 0.005 0.726 0.222 
  22 E X   0.002 0.035 0.000 0.010 0.002 0.005 0.714 0.231 
  23 N X   0.002 0.039 0.000 0.011 0.003 0.006 0.702 0.238 
  24 V X   0.002 0.043 0.000 0.012 0.003 0.006 0.690 0.244 
  25 H X   0.002 0.048 0.000 0.014 0.003 0.007 0.677 0.249 
  26 G X   0.003 0.053 0.000 0.016 0.004 0.007 0.665 0.252 
  27 A X   0.003 0.057 0.000 0.018 0.004 0.007 0.654 0.255 
  28 G X   0.003 0.061 0.001 0.021 0.004 0.008 0.644 0.258 
  29 G X   0.003 0.064 0.001 0.022 0.004 0.008 0.636 0.262 
  30 G X   0.003 0.065 0.000 0.023 0.004 0.008 0.629 0.266 
  31 A X   0.003 0.065 0.000 0.023 0.004 0.008 0.624 0.273 
  32 F X   0.003 0.064 0.000 0.021 0.004 0.007 0.620 0.281 
  33 P X   0.003 0.061 0.000 0.019 0.003 0.007 0.616 0.290 
  34 A X   0.003 0.057 0.000 0.016 0.003 0.006 0.614 0.301 
  35 S X   0.003 0.051 0.000 0.013 0.002 0.005 0.611 0.313 
  36 Q X   0.003 0.046 0.000 0.010 0.002 0.005 0.609 0.325 
  37 T X   0.003 0.040 0.000 0.008 0.002 0.004 0.607 0.336 
  38 P X   0.003 0.036 0.000 0.006 0.001 0.004 0.604 0.346 
  39 S X   0.002 0.033 0.000 0.005 0.001 0.004 0.600 0.354 
  40 K X   0.002 0.032 0.000 0.004 0.001 0.004 0.595 0.362 
  41 P X   0.002 0.031 0.000 0.004 0.001 0.004 0.589 0.369 
  42 A X   0.002 0.031 0.000 0.004 0.001 0.004 0.582 0.376 
  43 S X   0.002 0.033 0.000 0.005 0.001 0.004 0.572 0.383 
  44 A X   0.002 0.035 0.000 0.006 0.002 0.005 0.560 0.390 
  45 D X   0.003 0.040 0.000 0.007 0.002 0.006 0.545 0.397 
  46 G X   0.003 0.048 0.000 0.010 0.002 0.007 0.528 0.403 
  47 H X   0.003 0.060 0.001 0.013 0.003 0.008 0.507 0.406 
  48 R X   0.003 0.077 0.001 0.017 0.004 0.010 0.482 0.406 
  49 G X   0.004 0.102 0.001 0.021 0.006 0.011 0.454 0.402 
  50 P X   0.004 0.133 0.001 0.026 0.007 0.013 0.424 0.393 
  51 S X   0.004 0.168 0.001 0.032 0.008 0.013 0.393 0.380 
  52 A X   0.004 0.206 0.001 0.036 0.009 0.014 0.365 0.365 
  53 A _   0.004 0.242 0.001 0.040 0.009 0.014 0.340 0.350 
  54 F _   0.004 0.272 0.001 0.042 0.009 0.014 0.318 0.340 
  55 A _   0.004 0.294 0.001 0.044 0.009 0.014 0.301 0.333 
  56 P _   0.003 0.311 0.001 0.045 0.009 0.013 0.288 0.330 
  57 A _   0.003 0.322 0.001 0.045 0.009 0.013 0.277 0.330 
  58 A _   0.004 0.328 0.001 0.044 0.008 0.013 0.269 0.333 
  59 A _   0.004 0.330 0.001 0.043 0.008 0.012 0.263 0.338 
  60 E _   0.004 0.328 0.001 0.042 0.008 0.012 0.259 0.347 
  61 P _   0.005 0.322 0.001 0.040 0.008 0.012 0.256 0.358 
  62 K _   0.005 0.311 0.001 0.037 0.008 0.011 0.254 0.373 
  63 L _   0.005 0.294 0.001 0.034 0.007 0.011 0.253 0.394 
  64 F _   0.006 0.271 0.001 0.031 0.007 0.011 0.254 0.420 
  65 G _   0.006 0.239 0.001 0.028 0.007 0.010 0.255 0.453 
  66 G _   0.007 0.201 0.001 0.024 0.006 0.010 0.257 0.494 
  67 F _   0.007 0.160 0.001 0.020 0.006 0.010 0.260 0.537 
  68 N _   0.007 0.121 0.001 0.016 0.005 0.009 0.262 0.579 
  69 S _   0.007 0.088 0.001 0.013 0.004 0.009 0.264 0.616 
  70 S _   0.006 0.064 0.000 0.009 0.003 0.008 0.265 0.644 
  71 D _   0.005 0.048 0.000 0.007 0.002 0.007 0.265 0.665 
  72 T _   0.005 0.038 0.000 0.005 0.002 0.007 0.264 0.679 
  73 V _   0.004 0.033 0.000 0.005 0.002 0.007 0.262 0.688 
  74 T _   0.004 0.031 0.000 0.004 0.002 0.008 0.259 0.693 
  75 S _   0.004 0.030 0.000 0.004 0.002 0.009 0.254 0.695 
  76 P _   0.005 0.031 0.000 0.005 0.002 0.011 0.249 0.695 
  77 Q _   0.007 0.035 0.000 0.007 0.003 0.014 0.243 0.691 
  78 R _   0.009 0.042 0.001 0.009 0.005 0.019 0.235 0.681 
  79 A _   0.012 0.055 0.001 0.012 0.008 0.025 0.225 0.662 
  80 G _   0.017 0.077 0.001 0.016 0.013 0.032 0.214 0.631 
  81 P _   0.023 0.110 0.002 0.021 0.020 0.039 0.201 0.584 
  82 L _   0.029 0.157 0.002 0.027 0.028 0.046 0.187 0.523 
  83 A _   0.035 0.212 0.003 0.034 0.037 0.051 0.173 0.455 
  84 G _   0.039 0.267 0.003 0.040 0.043 0.054 0.162 0.392 
  85 G _   0.042 0.313 0.003 0.047 0.045 0.054 0.153 0.342 
  86 V E   0.044 0.346 0.002 0.053 0.046 0.053 0.147 0.308 
  87 T E   0.045 0.365 0.002 0.058 0.045 0.051 0.143 0.292 
  88 T E   0.046 0.373 0.002 0.060 0.042 0.047 0.141 0.289 
  89 F E   0.045 0.373 0.002 0.059 0.039 0.044 0.140 0.299 
  90 V E   0.043 0.364 0.002 0.056 0.034 0.040 0.140 0.321 
  91 A _   0.041 0.343 0.002 0.050 0.029 0.035 0.142 0.358 
  92 L _   0.037 0.305 0.002 0.043 0.024 0.031 0.144 0.414 
  93 Y _   0.034 0.252 0.002 0.035 0.019 0.027 0.147 0.484 
  94 D _   0.030 0.192 0.002 0.027 0.015 0.023 0.151 0.561 
  95 Y _   0.026 0.135 0.001 0.020 0.010 0.019 0.155 0.633 
  96 E _   0.021 0.092 0.001 0.014 0.007 0.016 0.158 0.690 
  97 S _   0.017 0.064 0.001 0.010 0.005 0.013 0.160 0.731 
  98 R _   0.013 0.048 0.000 0.007 0.003 0.011 0.161 0.757 
  99 T _   0.010 0.039 0.000 0.005 0.002 0.009 0.161 0.773 
 100 E _   0.008 0.035 0.000 0.005 0.002 0.008 0.160 0.783 
 101 T _   0.007 0.033 0.000 0.004 0.002 0.007 0.158 0.789 
 102 D _   0.006 0.033 0.000 0.005 0.002 0.007 0.155 0.791 
 103 L _   0.006 0.036 0.000 0.006 0.002 0.008 0.152 0.790 
 104 S _   0.006 0.040 0.000 0.007 0.003 0.009 0.148 0.787 
 105 F _   0.006 0.049 0.000 0.010 0.004 0.010 0.143 0.778 
 106 K _   0.006 0.062 0.001 0.014 0.005 0.011 0.137 0.765 
 107 K _   0.006 0.078 0.001 0.018 0.006 0.012 0.131 0.749 
 108 G _   0.006 0.095 0.001 0.021 0.006 0.012 0.125 0.733 
 109 E _   0.006 0.111 0.001 0.024 0.007 0.013 0.120 0.719 
 110 R _   0.006 0.124 0.001 0.024 0.007 0.013 0.115 0.710 
 111 L _   0.006 0.134 0.001 0.024 0.007 0.013 0.111 0.705 
 112 Q _   0.006 0.140 0.001 0.022 0.006 0.012 0.108 0.705 
 113 I _   0.006 0.144 0.001 0.019 0.006 0.012 0.105 0.707 
 114 V _   0.006 0.148 0.001 0.016 0.005 0.012 0.102 0.710 
 115 N _   0.006 0.151 0.001 0.014 0.005 0.012 0.100 0.711 
 116 N _   0.007 0.155 0.001 0.012 0.005 0.013 0.097 0.711 
 117 T _   0.008 0.162 0.001 0.012 0.005 0.014 0.094 0.705 
 118 E _   0.008 0.172 0.001 0.013 0.006 0.015 0.091 0.694 
 119 G _   0.009 0.186 0.001 0.015 0.007 0.017 0.088 0.676 
 120 D _   0.010 0.206 0.001 0.018 0.009 0.018 0.085 0.653 
 121 W _   0.011 0.230 0.001 0.023 0.010 0.019 0.081 0.625 
 122 W _   0.011 0.255 0.001 0.027 0.012 0.020 0.077 0.596 
 123 L _   0.011 0.277 0.001 0.032 0.012 0.020 0.074 0.572 
 124 A _   0.011 0.293 0.001 0.035 0.013 0.020 0.072 0.557 
 125 H _   0.010 0.302 0.001 0.037 0.013 0.019 0.070 0.548 
 126 S _   0.010 0.305 0.001 0.038 0.012 0.018 0.069 0.547 
 127 L _   0.010 0.304 0.001 0.037 0.012 0.017 0.068 0.551 
 128 S _   0.009 0.298 0.001 0.035 0.011 0.016 0.067 0.561 
 129 T _   0.009 0.288 0.001 0.033 0.010 0.016 0.068 0.575 
 130 G _   0.010 0.273 0.001 0.031 0.010 0.015 0.068 0.593 
 131 Q _   0.010 0.253 0.001 0.028 0.009 0.014 0.069 0.616 
 132 T _   0.010 0.229 0.001 0.026 0.008 0.014 0.071 0.641 
 133 G _   0.010 0.202 0.001 0.024 0.008 0.013 0.073 0.669 
 134 Y _   0.010 0.174 0.001 0.022 0.007 0.012 0.075 0.699 
 135 I _   0.010 0.145 0.001 0.019 0.006 0.012 0.078 0.730 
 136 P _   0.010 0.118 0.001 0.016 0.005 0.011 0.080 0.760 
 137 S _   0.009 0.094 0.001 0.013 0.004 0.010 0.082 0.787 
 138 N _   0.008 0.076 0.000 0.010 0.003 0.009 0.083 0.810 
 139 Y _   0.007 0.063 0.000 0.008 0.003 0.008 0.084 0.828 
 140 V _   0.006 0.055 0.000 0.006 0.002 0.008 0.084 0.839 
 141 A _   0.006 0.051 0.000 0.005 0.002 0.008 0.084 0.846 
 142 P _   0.005 0.050 0.000 0.004 0.002 0.008 0.083 0.847 
 143 S _   0.006 0.052 0.000 0.005 0.002 0.010 0.081 0.844 
 144 D _   0.007 0.058 0.000 0.007 0.003 0.012 0.079 0.833 
 145 S _   0.009 0.072 0.001 0.011 0.005 0.015 0.076 0.811 
 146 I _   0.010 0.100 0.001 0.017 0.008 0.018 0.072 0.772 
 147 Q _   0.012 0.142 0.001 0.026 0.012 0.021 0.068 0.719 
 148 A _   0.012 0.188 0.001 0.035 0.014 0.023 0.063 0.663 
 149 E _   0.012 0.228 0.001 0.042 0.015 0.024 0.060 0.617 
 150 E _   0.012 0.254 0.001 0.048 0.016 0.024 0.057 0.588 
 151 W _   0.011 0.269 0.001 0.050 0.016 0.023 0.055 0.575 
 152 Y _   0.011 0.276 0.001 0.049 0.015 0.022 0.054 0.572 
 153 F _   0.011 0.276 0.001 0.045 0.014 0.021 0.053 0.578 
 154 G _   0.011 0.271 0.001 0.040 0.013 0.020 0.053 0.592 
 155 K _   0.011 0.260 0.001 0.034 0.011 0.018 0.053 0.611 
 156 I _   0.011 0.245 0.001 0.028 0.010 0.017 0.054 0.635 
 157 T _   0.011 0.227 0.001 0.023 0.008 0.016 0.055 0.660 
 158 R _   0.010 0.209 0.001 0.019 0.007 0.015 0.056 0.683 
 159 R _   0.010 0.192 0.001 0.017 0.006 0.014 0.057 0.703 
 160 E _   0.010 0.179 0.001 0.016 0.006 0.013 0.058 0.718 
 161 S _   0.009 0.167 0.001 0.015 0.005 0.013 0.059 0.732 
 162 E _   0.009 0.157 0.001 0.015 0.005 0.012 0.059 0.743 
 163 R _   0.009 0.147 0.001 0.014 0.005 0.011 0.060 0.753 
 164 L _   0.009 0.138 0.001 0.013 0.004 0.010 0.061 0.764 
 165 L _   0.008 0.128 0.001 0.012 0.004 0.010 0.061 0.775 
 166 L _   0.008 0.119 0.001 0.011 0.004 0.009 0.062 0.787 
 167 N _   0.007 0.111 0.000 0.009 0.003 0.009 0.062 0.798 
 168 A _   0.007 0.104 0.000 0.008 0.003 0.008 0.062 0.806 
 169 E _   0.007 0.100 0.000 0.007 0.003 0.008 0.062 0.812 
 170 N _   0.007 0.098 0.000 0.007 0.003 0.009 0.062 0.814 
 171 P _   0.007 0.097 0.000 0.008 0.003 0.009 0.062 0.813 
 172 R _   0.008 0.099 0.000 0.009 0.004 0.010 0.062 0.809 
 173 G _   0.008 0.103 0.000 0.010 0.004 0.011 0.061 0.803 
 174 T _   0.008 0.108 0.001 0.012 0.005 0.011 0.060 0.795 
 175 F _   0.009 0.114 0.001 0.014 0.005 0.012 0.059 0.787 
 176 L _   0.009 0.120 0.001 0.015 0.005 0.012 0.059 0.780 
 177 V _   0.008 0.126 0.001 0.015 0.005 0.013 0.058 0.775 
 178 R _   0.008 0.131 0.001 0.015 0.005 0.013 0.057 0.771 
 179 E _   0.008 0.136 0.001 0.014 0.005 0.013 0.056 0.768 
 180 S _   0.008 0.141 0.001 0.014 0.005 0.013 0.055 0.763 
 181 E _   0.008 0.147 0.001 0.015 0.006 0.014 0.054 0.756 
 182 T _   0.008 0.155 0.001 0.016 0.007 0.015 0.053 0.745 
 183 T _   0.009 0.165 0.001 0.020 0.008 0.015 0.052 0.730 
 184 K _   0.009 0.178 0.001 0.024 0.009 0.016 0.051 0.712 
 185 G _   0.010 0.189 0.001 0.030 0.010 0.016 0.050 0.694 
 186 A _   0.010 0.199 0.001 0.035 0.010 0.016 0.050 0.679 
 187 Y _   0.010 0.204 0.001 0.038 0.010 0.016 0.050 0.671 
 188 C _   0.010 0.204 0.001 0.039 0.010 0.015 0.050 0.671 
 189 L _   0.009 0.200 0.001 0.037 0.009 0.014 0.051 0.679 
 190 S _   0.009 0.190 0.001 0.033 0.008 0.012 0.052 0.695 
 191 V _   0.008 0.174 0.001 0.027 0.006 0.011 0.054 0.719 
 192 S _   0.007 0.154 0.001 0.020 0.005 0.009 0.055 0.748 
 193 D _   0.007 0.132 0.001 0.014 0.004 0.008 0.057 0.777 
 194 F _   0.006 0.115 0.000 0.010 0.003 0.007 0.058 0.801 
 195 D _   0.005 0.104 0.000 0.007 0.002 0.006 0.059 0.816 
 196 N _   0.005 0.098 0.000 0.005 0.002 0.006 0.059 0.825 
 197 A _   0.005 0.096 0.000 0.005 0.002 0.006 0.059 0.827 
 198 K _   0.005 0.098 0.000 0.006 0.002 0.007 0.058 0.825 
 199 G _   0.005 0.103 0.000 0.007 0.002 0.008 0.057 0.818 
 200 L _   0.005 0.113 0.000 0.010 0.003 0.009 0.055 0.805 
 201 N _   0.006 0.128 0.001 0.013 0.004 0.010 0.053 0.786 
 202 V _   0.006 0.147 0.001 0.016 0.005 0.011 0.051 0.765 
 203 K _   0.005 0.167 0.001 0.018 0.005 0.011 0.048 0.744 
 204 H _   0.005 0.186 0.001 0.019 0.005 0.011 0.046 0.725 
 205 Y _   0.005 0.204 0.001 0.020 0.005 0.012 0.044 0.709 
 206 K _   0.005 0.219 0.001 0.019 0.006 0.012 0.042 0.697 
 207 I _   0.006 0.232 0.001 0.018 0.006 0.012 0.040 0.685 
 208 R _   0.006 0.245 0.001 0.017 0.006 0.013 0.039 0.674 
 209 K _   0.006 0.259 0.001 0.017 0.006 0.014 0.037 0.660 
 210 L _   0.007 0.274 0.001 0.017 0.007 0.015 0.036 0.644 
 211 D _   0.007 0.292 0.001 0.018 0.008 0.016 0.034 0.624 
 212 S _   0.008 0.311 0.001 0.020 0.009 0.017 0.033 0.602 
 213 G _   0.009 0.330 0.001 0.023 0.010 0.017 0.031 0.579 
 214 G _   0.009 0.347 0.001 0.025 0.010 0.018 0.030 0.559 
 215 F _   0.009 0.360 0.001 0.026 0.010 0.019 0.029 0.545 
 216 Y _   0.010 0.367 0.001 0.027 0.010 0.019 0.029 0.537 
 217 I _   0.010 0.370 0.001 0.025 0.010 0.019 0.028 0.536 
 218 T _   0.010 0.369 0.001 0.023 0.009 0.019 0.028 0.541 
 219 S _   0.010 0.364 0.001 0.019 0.009 0.019 0.028 0.550 
 220 R _   0.010 0.358 0.001 0.016 0.008 0.019 0.028 0.560 
 221 T _   0.011 0.352 0.001 0.013 0.008 0.020 0.028 0.568 
 222 Q _   0.011 0.349 0.001 0.012 0.008 0.020 0.028 0.571 
 223 F _   0.012 0.348 0.001 0.013 0.009 0.021 0.028 0.568 
 224 N _   0.013 0.351 0.001 0.015 0.010 0.022 0.027 0.560 
 225 S _   0.014 0.356 0.001 0.019 0.012 0.023 0.027 0.547 
 226 L _   0.015 0.363 0.001 0.025 0.013 0.024 0.027 0.533 
 227 Q _   0.016 0.367 0.001 0.030 0.014 0.023 0.027 0.521 
 228 Q _   0.016 0.367 0.001 0.034 0.015 0.023 0.027 0.517 
 229 L _   0.016 0.361 0.001 0.035 0.015 0.022 0.028 0.522 
 230 V _   0.015 0.348 0.001 0.035 0.014 0.020 0.029 0.538 
 231 A _   0.015 0.324 0.001 0.031 0.013 0.019 0.030 0.566 
 232 Y _   0.015 0.289 0.001 0.026 0.012 0.018 0.031 0.607 
 233 Y _   0.014 0.246 0.001 0.020 0.010 0.017 0.033 0.657 
 234 S _   0.014 0.205 0.001 0.015 0.008 0.017 0.035 0.704 
 235 K _   0.014 0.175 0.001 0.011 0.007 0.017 0.037 0.739 
 236 H _   0.014 0.156 0.001 0.009 0.005 0.017 0.038 0.761 
 237 A _   0.013 0.147 0.001 0.008 0.005 0.017 0.039 0.770 
 238 D _   0.014 0.144 0.001 0.009 0.005 0.018 0.039 0.770 
 239 G _   0.015 0.145 0.001 0.012 0.006 0.019 0.040 0.762 
 240 L _   0.016 0.149 0.001 0.017 0.008 0.020 0.040 0.750 
 241 C _   0.016 0.154 0.001 0.023 0.010 0.020 0.041 0.735 
 242 H _   0.017 0.158 0.001 0.029 0.011 0.020 0.041 0.722 
 243 R _   0.017 0.159 0.001 0.034 0.012 0.020 0.042 0.715 
 244 L _   0.016 0.157 0.001 0.036 0.012 0.019 0.043 0.714 
 245 T _   0.016 0.150 0.001 0.036 0.011 0.018 0.045 0.723 
 246 T _   0.015 0.137 0.001 0.032 0.010 0.016 0.047 0.741 
 247 V _   0.014 0.118 0.001 0.027 0.008 0.014 0.049 0.767 
 248 C _   0.013 0.095 0.001 0.022 0.007 0.013 0.052 0.799 
 249 P _   0.011 0.070 0.001 0.016 0.005 0.011 0.055 0.831 
 250 T _   0.010 0.049 0.001 0.012 0.004 0.010 0.057 0.858 
 251 S _   0.009 0.034 0.000 0.008 0.003 0.008 0.059 0.879 
 252 K _   0.008 0.024 0.000 0.006 0.002 0.007 0.060 0.892 
 253 P _   0.007 0.019 0.000 0.005 0.002 0.007 0.061 0.900 
 254 Q _   0.006 0.016 0.000 0.005 0.002 0.006 0.061 0.904 
 255 T _   0.006 0.015 0.000 0.005 0.002 0.006 0.060 0.906 
 256 Q _   0.005 0.015 0.000 0.006 0.002 0.006 0.060 0.906 
 257 G _   0.005 0.015 0.000 0.007 0.002 0.007 0.059 0.905 
 258 L _   0.005 0.017 0.000 0.008 0.002 0.007 0.057 0.902 
 259 A _   0.005 0.019 0.000 0.010 0.003 0.008 0.056 0.899 
 260 K _   0.005 0.021 0.000 0.011 0.003 0.008 0.054 0.896 
 261 D _   0.005 0.024 0.000 0.013 0.004 0.009 0.052 0.893 
 262 A _   0.005 0.026 0.000 0.014 0.004 0.009 0.051 0.890 
 263 W _   0.005 0.028 0.001 0.015 0.004 0.010 0.049 0.888 
 264 E _   0.006 0.030 0.001 0.015 0.004 0.010 0.047 0.886 
 265 I _   0.006 0.031 0.001 0.015 0.005 0.011 0.046 0.886 
 266 P _   0.006 0.032 0.001 0.015 0.005 0.012 0.045 0.885 
 267 R _   0.007 0.033 0.001 0.015 0.005 0.012 0.043 0.884 
 268 E _   0.007 0.033 0.001 0.014 0.005 0.013 0.042 0.884 
 269 S _   0.008 0.033 0.001 0.014 0.005 0.014 0.041 0.884 
 270 L _   0.008 0.034 0.001 0.013 0.006 0.016 0.040 0.883 
 271 R _   0.010 0.034 0.001 0.013 0.006 0.017 0.039 0.881 
 272 L _   0.011 0.034 0.001 0.013 0.006 0.019 0.038 0.878 
 273 E _   0.013 0.035 0.001 0.013 0.007 0.020 0.037 0.875 
 274 V _   0.015 0.036 0.001 0.013 0.008 0.023 0.036 0.869 
 275 K _   0.018 0.037 0.001 0.013 0.009 0.025 0.035 0.862 
 276 L _   0.021 0.038 0.001 0.013 0.010 0.028 0.034 0.854 
 277 G _   0.025 0.040 0.001 0.014 0.012 0.031 0.033 0.844 
 278 Q _   0.029 0.042 0.001 0.015 0.015 0.034 0.032 0.831 
 279 G _   0.033 0.044 0.001 0.017 0.017 0.037 0.032 0.818 
 280 C _   0.037 0.047 0.001 0.019 0.020 0.039 0.031 0.805 
 281 F _   0.041 0.050 0.001 0.022 0.022 0.041 0.030 0.792 
 282 G _   0.044 0.052 0.002 0.024 0.024 0.042 0.030 0.782 
 283 E _   0.047 0.054 0.002 0.025 0.024 0.042 0.030 0.777 
 284 V _   0.048 0.054 0.002 0.025 0.023 0.041 0.030 0.778 
 285 W _   0.048 0.052 0.002 0.024 0.022 0.039 0.030 0.784 
 286 M _   0.046 0.049 0.001 0.022 0.020 0.037 0.030 0.795 
 287 G _   0.044 0.046 0.001 0.019 0.017 0.034 0.030 0.809 
 288 T _   0.041 0.042 0.001 0.016 0.015 0.032 0.030 0.823 
 289 W _   0.037 0.038 0.001 0.014 0.013 0.030 0.031 0.836 
 290 N _   0.034 0.036 0.001 0.012 0.011 0.028 0.031 0.847 
 291 G _   0.031 0.034 0.001 0.012 0.010 0.027 0.031 0.854 
 292 T _   0.028 0.034 0.001 0.013 0.010 0.025 0.031 0.858 
 293 T _   0.026 0.034 0.001 0.014 0.010 0.024 0.032 0.860 
 294 R _   0.024 0.034 0.001 0.016 0.010 0.023 0.032 0.860 
 295 V _   0.021 0.035 0.001 0.018 0.010 0.022 0.032 0.861 
 296 A _   0.019 0.035 0.001 0.019 0.010 0.020 0.032 0.864 
 297 I _   0.017 0.034 0.001 0.019 0.009 0.019 0.033 0.868 
 298 K _   0.016 0.032 0.001 0.018 0.008 0.017 0.033 0.875 
 299 T _   0.014 0.030 0.001 0.016 0.007 0.015 0.033 0.885 
 300 L _   0.012 0.027 0.001 0.013 0.006 0.014 0.034 0.895 
 301 K _   0.011 0.024 0.001 0.010 0.005 0.012 0.034 0.904 
 302 P _   0.010 0.021 0.000 0.008 0.004 0.012 0.034 0.911 
 303 G _   0.009 0.020 0.000 0.007 0.004 0.011 0.034 0.915 
 304 T _   0.010 0.019 0.000 0.006 0.004 0.012 0.034 0.915 
 305 M _   0.010 0.020 0.000 0.007 0.004 0.013 0.034 0.911 
 306 S _   0.011 0.022 0.001 0.009 0.005 0.014 0.034 0.904 
 307 P _   0.013 0.026 0.001 0.013 0.006 0.016 0.034 0.892 
 308 E _   0.014 0.032 0.001 0.018 0.008 0.018 0.033 0.877 
 309 A _   0.014 0.037 0.001 0.023 0.010 0.019 0.033 0.862 
 310 F _   0.015 0.042 0.001 0.028 0.011 0.020 0.033 0.851 
 311 L _   0.015 0.044 0.001 0.032 0.012 0.020 0.033 0.844 
 312 Q _   0.014 0.045 0.001 0.033 0.012 0.019 0.033 0.844 
 313 E _   0.014 0.043 0.001 0.031 0.011 0.018 0.033 0.849 
 314 A _   0.013 0.039 0.001 0.027 0.009 0.017 0.034 0.860 
 315 Q _   0.012 0.033 0.001 0.022 0.008 0.016 0.034 0.875 
 316 V _   0.011 0.025 0.001 0.016 0.006 0.014 0.035 0.891 
 317 M _   0.011 0.018 0.001 0.011 0.005 0.013 0.035 0.906 
 318 K _   0.011 0.012 0.000 0.008 0.004 0.013 0.035 0.917 
 319 K _   0.011 0.008 0.000 0.006 0.003 0.013 0.036 0.924 
 320 L _   0.011 0.006 0.000 0.005 0.003 0.013 0.036 0.926 
 321 R _   0.012 0.005 0.000 0.005 0.003 0.014 0.035 0.925 
 322 H _   0.014 0.005 0.000 0.005 0.004 0.016 0.035 0.920 
 323 E _   0.017 0.005 0.001 0.007 0.005 0.019 0.035 0.911 
 324 K _   0.021 0.006 0.001 0.009 0.007 0.022 0.034 0.900 
 325 L _   0.024 0.008 0.001 0.012 0.009 0.025 0.034 0.887 
 326 V _   0.028 0.010 0.001 0.015 0.012 0.028 0.033 0.873 
 327 Q _   0.032 0.012 0.001 0.017 0.014 0.031 0.033 0.862 
 328 L _   0.035 0.013 0.001 0.018 0.015 0.032 0.032 0.853 
 329 Y _   0.038 0.014 0.001 0.018 0.016 0.034 0.032 0.847 
 330 A _   0.041 0.014 0.001 0.017 0.016 0.035 0.032 0.843 
 331 V _   0.044 0.014 0.001 0.016 0.016 0.036 0.032 0.841 
 332 V _   0.046 0.014 0.001 0.014 0.016 0.036 0.031 0.840 
 333 S _   0.048 0.014 0.001 0.013 0.016 0.036 0.032 0.840 
 334 E _   0.050 0.014 0.001 0.013 0.016 0.036 0.032 0.838 
 335 E _   0.050 0.015 0.001 0.013 0.016 0.036 0.032 0.836 
 336 P _   0.050 0.016 0.001 0.015 0.017 0.036 0.032 0.833 
 337 I _   0.048 0.018 0.001 0.017 0.017 0.035 0.033 0.832 
 338 Y _   0.045 0.019 0.001 0.018 0.017 0.034 0.033 0.832 
 339 I _   0.042 0.020 0.001 0.020 0.016 0.032 0.034 0.835 
 340 V _   0.039 0.020 0.001 0.021 0.015 0.030 0.034 0.840 
 341 T _   0.034 0.020 0.001 0.021 0.014 0.028 0.035 0.848 
 342 E _   0.030 0.019 0.001 0.019 0.012 0.025 0.036 0.859 
 343 Y _   0.025 0.018 0.001 0.016 0.010 0.022 0.036 0.872 
 344 M _   0.021 0.016 0.001 0.014 0.008 0.020 0.037 0.884 
 345 S _   0.018 0.014 0.001 0.012 0.007 0.017 0.037 0.894 
 346 K _   0.015 0.013 0.001 0.011 0.006 0.016 0.038 0.900 
 347 G _   0.014 0.012 0.001 0.010 0.005 0.015 0.038 0.905 
 348 S _   0.013 0.011 0.001 0.010 0.005 0.014 0.038 0.907 
 349 L _   0.012 0.011 0.001 0.011 0.005 0.013 0.039 0.907 
 350 L _   0.012 0.011 0.001 0.012 0.005 0.013 0.039 0.907 
 351 D _   0.012 0.010 0.001 0.013 0.005 0.013 0.039 0.907 
 352 F _   0.011 0.010 0.001 0.013 0.005 0.013 0.040 0.908 
 353 L _   0.011 0.009 0.001 0.013 0.005 0.012 0.040 0.910 
 354 K _   0.011 0.008 0.001 0.012 0.005 0.012 0.040 0.912 
 355 G _   0.010 0.007 0.001 0.011 0.005 0.012 0.041 0.915 
 356 E _   0.010 0.005 0.001 0.009 0.004 0.012 0.041 0.918 
 357 T _   0.011 0.004 0.000 0.008 0.004 0.012 0.041 0.920 
 358 G _   0.011 0.003 0.000 0.007 0.004 0.012 0.042 0.921 
 359 K _   0.012 0.002 0.000 0.006 0.004 0.013 0.042 0.921 
 360 Y _   0.014 0.001 0.000 0.005 0.004 0.015 0.042 0.919 
 361 L _   0.017 0.001 0.000 0.005 0.004 0.017 0.041 0.915 
 362 R _   0.021 0.001 0.001 0.005 0.005 0.020 0.041 0.907 
 363 L _   0.027 0.001 0.001 0.005 0.006 0.023 0.041 0.897 
 364 P _   0.036 0.001 0.001 0.006 0.008 0.028 0.040 0.881 
 365 Q _   0.047 0.002 0.001 0.007 0.010 0.034 0.039 0.860 
 366 L _   0.061 0.002 0.001 0.008 0.014 0.041 0.038 0.834 
 367 V _   0.077 0.003 0.001 0.010 0.019 0.047 0.038 0.804 
 368 D _   0.095 0.005 0.002 0.012 0.025 0.053 0.037 0.772 
 369 M _   0.111 0.006 0.002 0.014 0.030 0.058 0.036 0.742 
 370 A _   0.127 0.008 0.002 0.016 0.035 0.061 0.036 0.716 
 371 A _   0.140 0.010 0.002 0.017 0.038 0.063 0.036 0.695 
 372 Q _   0.149 0.011 0.002 0.018 0.040 0.064 0.036 0.680 
 373 I _   0.156 0.012 0.002 0.018 0.042 0.063 0.036 0.671 
 374 A _   0.159 0.012 0.002 0.018 0.041 0.061 0.037 0.670 
 375 S _   0.158 0.012 0.002 0.018 0.039 0.058 0.037 0.675 
 376 G _   0.152 0.012 0.002 0.018 0.036 0.055 0.039 0.686 
 377 M _   0.144 0.011 0.002 0.018 0.033 0.051 0.040 0.700 
 378 A _   0.132 0.011 0.002 0.019 0.029 0.047 0.042 0.720 
 379 Y _   0.116 0.009 0.002 0.018 0.024 0.042 0.044 0.745 
 380 V _   0.099 0.008 0.001 0.017 0.019 0.036 0.046 0.773 
 381 E _   0.082 0.006 0.001 0.014 0.015 0.031 0.048 0.802 
 382 R _   0.066 0.004 0.001 0.011 0.011 0.026 0.050 0.830 
 383 M _   0.052 0.003 0.001 0.008 0.008 0.022 0.052 0.855 
 384 N _   0.040 0.002 0.001 0.006 0.006 0.019 0.053 0.874 
 385 Y _   0.032 0.001 0.000 0.004 0.004 0.016 0.054 0.889 
 386 V _   0.026 0.000 0.000 0.004 0.003 0.015 0.055 0.897 
 387 H _   0.023 0.000 0.000 0.003 0.003 0.014 0.055 0.901 
 388 R _   0.022 0.000 0.000 0.003 0.003 0.015 0.055 0.901 
 389 D _   0.023 0.000 0.000 0.003 0.004 0.016 0.056 0.897 
 390 L _   0.026 0.000 0.001 0.004 0.005 0.018 0.056 0.891 
 391 R _   0.030 0.001 0.001 0.005 0.006 0.021 0.056 0.881 
 392 A _   0.035 0.001 0.001 0.007 0.008 0.024 0.056 0.869 
 393 A _   0.041 0.001 0.001 0.008 0.010 0.027 0.055 0.856 
 394 N _   0.048 0.002 0.001 0.010 0.012 0.031 0.055 0.842 
 395 I _   0.054 0.003 0.001 0.011 0.014 0.034 0.055 0.829 
 396 L _   0.060 0.003 0.001 0.012 0.015 0.036 0.055 0.817 
 397 V _   0.066 0.004 0.001 0.012 0.016 0.038 0.056 0.807 
 398 G _   0.071 0.004 0.001 0.011 0.017 0.040 0.056 0.799 
 399 E _   0.075 0.004 0.001 0.011 0.018 0.041 0.057 0.793 
 400 N _   0.078 0.005 0.001 0.010 0.018 0.042 0.057 0.788 
 401 L _   0.080 0.005 0.001 0.010 0.018 0.043 0.058 0.784 
 402 V _   0.080 0.006 0.001 0.010 0.018 0.043 0.059 0.782 
 403 C _   0.080 0.008 0.001 0.011 0.018 0.042 0.060 0.779 
 404 K _   0.078 0.010 0.001 0.013 0.019 0.042 0.061 0.777 
 405 V _   0.075 0.012 0.001 0.016 0.019 0.041 0.063 0.773 
 406 A _   0.070 0.015 0.001 0.020 0.020 0.039 0.064 0.770 
 407 D _   0.065 0.018 0.001 0.024 0.020 0.037 0.066 0.769 
 408 F _   0.058 0.020 0.001 0.028 0.019 0.034 0.068 0.771 
 409 G _   0.052 0.022 0.001 0.030 0.018 0.031 0.070 0.777 
 410 L _   0.044 0.021 0.001 0.030 0.015 0.027 0.073 0.788 
 411 A _   0.037 0.020 0.001 0.027 0.013 0.024 0.076 0.803 
 412 R _   0.030 0.017 0.001 0.023 0.010 0.020 0.079 0.822 
 413 L _   0.023 0.013 0.001 0.017 0.007 0.016 0.081 0.841 
 414 I _   0.018 0.010 0.001 0.012 0.005 0.013 0.083 0.859 
 415 E _   0.014 0.006 0.000 0.008 0.003 0.010 0.085 0.873 
 416 D _   0.011 0.004 0.000 0.006 0.002 0.008 0.087 0.882 
 417 N _   0.009 0.003 0.000 0.004 0.002 0.007 0.087 0.888 
 418 E _   0.007 0.002 0.000 0.004 0.002 0.006 0.088 0.891 
 419 Y _   0.007 0.002 0.000 0.003 0.002 0.006 0.088 0.892 
 420 T _   0.006 0.002 0.000 0.004 0.002 0.006 0.088 0.891 
 421 A _   0.006 0.003 0.000 0.005 0.002 0.007 0.087 0.889 
 422 R _   0.006 0.004 0.000 0.006 0.003 0.008 0.086 0.885 
 423 Q _   0.007 0.006 0.000 0.008 0.003 0.009 0.085 0.880 
 424 G _   0.007 0.009 0.000 0.011 0.004 0.011 0.084 0.875 
 425 A _   0.008 0.012 0.001 0.013 0.005 0.012 0.082 0.869 
 426 K _   0.008 0.015 0.001 0.014 0.005 0.013 0.081 0.863 
 427 F _   0.008 0.017 0.001 0.016 0.006 0.014 0.079 0.858 
 428 P _   0.009 0.020 0.001 0.016 0.006 0.016 0.078 0.855 
 429 I _   0.009 0.022 0.001 0.017 0.007 0.017 0.077 0.851 
 430 K _   0.010 0.023 0.001 0.017 0.008 0.018 0.076 0.847 
 431 W _   0.011 0.025 0.001 0.018 0.008 0.020 0.075 0.842 
 432 T _   0.012 0.026 0.001 0.020 0.010 0.022 0.074 0.836 
 433 A _   0.014 0.028 0.001 0.021 0.011 0.024 0.073 0.829 
 434 P _   0.015 0.029 0.001 0.023 0.012 0.025 0.072 0.823 
 435 E _   0.017 0.029 0.001 0.025 0.013 0.027 0.072 0.816 
 436 A _   0.019 0.029 0.001 0.026 0.014 0.028 0.072 0.812 
 437 A _   0.021 0.028 0.001 0.026 0.014 0.028 0.072 0.810 
 438 L _   0.024 0.025 0.001 0.024 0.014 0.029 0.072 0.812 
 439 Y _   0.027 0.021 0.001 0.021 0.013 0.029 0.072 0.817 
 440 G _   0.031 0.016 0.001 0.017 0.012 0.029 0.072 0.823 
 441 R _   0.036 0.011 0.001 0.013 0.010 0.029 0.072 0.828 
 442 F _   0.044 0.006 0.001 0.009 0.009 0.029 0.073 0.829 
 443 T _   0.056 0.003 0.001 0.006 0.008 0.030 0.073 0.823 
 444 I _   0.073 0.001 0.001 0.004 0.009 0.033 0.073 0.807 
 445 K _   0.096 0.001 0.001 0.003 0.010 0.036 0.072 0.781 
 446 S _   0.127 0.000 0.001 0.003 0.013 0.041 0.072 0.743 
 447 D _   0.164 0.001 0.001 0.004 0.019 0.047 0.073 0.692 
 448 V _   0.205 0.002 0.002 0.005 0.028 0.053 0.073 0.632 
 449 W _   0.243 0.004 0.002 0.008 0.039 0.059 0.074 0.571 
 450 S _   0.270 0.008 0.002 0.012 0.050 0.062 0.076 0.519 
 451 F _   0.289 0.014 0.003 0.018 0.057 0.063 0.078 0.477 
 452 G _   0.296 0.019 0.003 0.024 0.062 0.063 0.082 0.451 
 453 I _   0.294 0.022 0.003 0.028 0.062 0.060 0.087 0.443 
 454 L _   0.281 0.024 0.003 0.030 0.059 0.056 0.093 0.453 
 455 L _   0.258 0.023 0.003 0.029 0.053 0.051 0.101 0.481 
 456 T _   0.227 0.020 0.003 0.026 0.044 0.045 0.110 0.526 
 457 E _   0.189 0.016 0.002 0.021 0.033 0.038 0.120 0.580 
 458 L _   0.148 0.011 0.002 0.016 0.023 0.031 0.130 0.639 
 459 T _   0.110 0.007 0.001 0.012 0.015 0.025 0.140 0.691 
 460 T _   0.078 0.004 0.001 0.008 0.009 0.020 0.148 0.731 
 461 K _   0.054 0.003 0.001 0.006 0.006 0.016 0.155 0.760 
 462 G _   0.036 0.002 0.000 0.005 0.004 0.013 0.161 0.778 
 463 R _   0.025 0.001 0.000 0.004 0.003 0.011 0.166 0.789 
 464 V _   0.018 0.002 0.000 0.004 0.003 0.009 0.170 0.794 
 465 P _   0.014 0.002 0.000 0.004 0.002 0.009 0.174 0.795 
 466 Y _   0.011 0.003 0.000 0.005 0.003 0.009 0.177 0.793 
 467 P _   0.010 0.004 0.000 0.006 0.003 0.009 0.179 0.788 
 468 G _   0.009 0.007 0.000 0.007 0.003 0.010 0.182 0.781 
 469 M _   0.009 0.010 0.000 0.009 0.004 0.011 0.184 0.772 
 470 V _   0.009 0.015 0.001 0.011 0.005 0.012 0.186 0.760 
 471 N _   0.009 0.021 0.001 0.014 0.006 0.013 0.189 0.747 
 472 R _   0.010 0.027 0.001 0.017 0.007 0.014 0.191 0.733 
 473 E _   0.010 0.033 0.001 0.021 0.008 0.015 0.194 0.719 
 474 V _   0.010 0.039 0.001 0.024 0.009 0.016 0.197 0.706 
 475 L _   0.010 0.043 0.001 0.026 0.009 0.016 0.201 0.694 
 476 D _   0.010 0.046 0.001 0.028 0.009 0.016 0.205 0.685 
 477 Q _   0.010 0.047 0.001 0.029 0.009 0.015 0.210 0.678 
 478 V _   0.010 0.047 0.001 0.029 0.009 0.015 0.216 0.673 
 479 E _   0.009 0.046 0.001 0.028 0.008 0.014 0.223 0.670 
 480 R _   0.009 0.044 0.001 0.026 0.008 0.013 0.231 0.669 
 481 G _   0.009 0.040 0.001 0.023 0.007 0.012 0.239 0.671 
 482 Y _   0.008 0.035 0.001 0.019 0.006 0.010 0.248 0.673 
 483 R _   0.008 0.029 0.001 0.015 0.004 0.009 0.257 0.677 
 484 M _   0.007 0.023 0.000 0.011 0.004 0.008 0.266 0.680 
 485 P _   0.006 0.019 0.000 0.008 0.003 0.007 0.274 0.683 
 486 C _   0.006 0.015 0.000 0.006 0.002 0.006 0.280 0.684 
 487 P _   0.005 0.013 0.000 0.004 0.002 0.006 0.285 0.684 
 488 P _   0.005 0.012 0.000 0.004 0.002 0.006 0.290 0.682 
 489 E _   0.005 0.013 0.000 0.004 0.002 0.006 0.293 0.678 
 490 C _   0.005 0.014 0.000 0.005 0.002 0.007 0.296 0.671 
 491 P _   0.006 0.018 0.000 0.007 0.003 0.009 0.298 0.660 
 492 E _   0.006 0.025 0.000 0.011 0.004 0.011 0.299 0.644 
 493 S _   0.007 0.036 0.001 0.017 0.006 0.013 0.301 0.621 
 494 L _   0.008 0.050 0.001 0.025 0.008 0.015 0.302 0.592 
 495 H _   0.008 0.064 0.001 0.034 0.009 0.016 0.304 0.564 
 496 D _   0.009 0.073 0.001 0.042 0.011 0.017 0.306 0.541 
 497 L _   0.009 0.079 0.001 0.047 0.011 0.017 0.310 0.526 
 498 M _   0.008 0.081 0.001 0.048 0.011 0.017 0.316 0.518 
 499 C _   0.008 0.079 0.001 0.046 0.010 0.015 0.323 0.517 
 500 Q _   0.008 0.074 0.001 0.040 0.009 0.014 0.332 0.523 
 501 C _   0.007 0.064 0.001 0.031 0.007 0.012 0.343 0.535 
 502 W _   0.007 0.051 0.001 0.021 0.005 0.010 0.354 0.550 
 503 R _   0.006 0.037 0.001 0.014 0.004 0.009 0.365 0.565 
 504 K _   0.005 0.026 0.000 0.008 0.003 0.008 0.374 0.576 
 505 E _   0.005 0.020 0.000 0.004 0.002 0.007 0.381 0.581 
 506 P _   0.005 0.017 0.000 0.003 0.001 0.007 0.386 0.581 
 507 E _   0.005 0.016 0.000 0.002 0.001 0.008 0.390 0.577 
 508 E _   0.006 0.018 0.000 0.003 0.002 0.010 0.392 0.568 
 509 R _   0.009 0.024 0.000 0.005 0.004 0.014 0.394 0.551 
 510 P _   0.011 0.041 0.001 0.010 0.007 0.018 0.395 0.517 
 511 T _   0.014 0.080 0.001 0.017 0.012 0.023 0.394 0.459 
 512 F X   0.015 0.143 0.002 0.027 0.017 0.027 0.392 0.376 
 513 E X   0.015 0.215 0.002 0.038 0.020 0.028 0.391 0.291 
 514 Y X   0.013 0.272 0.002 0.047 0.021 0.028 0.392 0.225 
 515 L X   0.012 0.307 0.002 0.054 0.021 0.027 0.395 0.182 
 516 Q X   0.011 0.325 0.001 0.058 0.021 0.026 0.401 0.157 
 517 A X   0.010 0.333 0.001 0.060 0.020 0.024 0.408 0.142 
 518 F X   0.010 0.334 0.001 0.059 0.019 0.023 0.419 0.134 
 519 L X   0.010 0.329 0.001 0.057 0.018 0.021 0.433 0.131 
 520 E X   0.010 0.315 0.002 0.053 0.017 0.020 0.452 0.132 
 521 D X   0.010 0.291 0.002 0.048 0.016 0.018 0.477 0.138 
 522 Y X   0.010 0.255 0.002 0.043 0.015 0.017 0.510 0.148 
 523 F X   0.010 0.209 0.002 0.038 0.014 0.016 0.551 0.160 
 524 T X   0.010 0.159 0.002 0.032 0.012 0.015 0.599 0.171 
 525 S X   0.010 0.112 0.001 0.025 0.009 0.013 0.648 0.180 
 526 T X   0.009 0.074 0.001 0.019 0.007 0.011 0.694 0.185 
 527 E X   0.007 0.046 0.001 0.014 0.005 0.009 0.732 0.186 
 528 P X   0.006 0.029 0.000 0.010 0.003 0.007 0.761 0.184 
 529 Q X   0.004 0.018 0.000 0.007 0.002 0.005 0.782 0.181 
 530 Y X   0.003 0.012 0.000 0.005 0.001 0.004 0.799 0.177 
 531 Q X   0.002 0.007 0.000 0.003 0.001 0.002 0.811 0.173 
 532 P X   0.001 0.004 0.000 0.002 0.000 0.001 0.821 0.170 
 533 G X   0.000 0.003 0.000 0.001 0.000 0.000 0.826 0.169 
 534 E X   0.000 0.002 0.000 0.001 0.000 0.000 0.827 0.170 
 535 N X   0.000 0.002 0.000 0.002 0.000 0.000 0.824 0.172 
 536 L X   0.002 0.002 0.001 0.008 0.002 0.002 0.809 0.175 
