#TopoPred_TM8: 8-state transmembrane topology prediction results by no_profile mode 
#probabilities are in the order of H E C I L F X _, the 8 transmembrane topology types used in PDBTM 
   1 M X   0.017 0.001 0.003 0.067 0.011 0.013 0.621 0.266 
   2 E X   0.007 0.001 0.000 0.044 0.003 0.008 0.638 0.299 
   3 M X   0.003 0.001 0.000 0.028 0.001 0.006 0.640 0.321 
   4 Y X   0.002 0.001 0.000 0.020 0.001 0.006 0.635 0.334 
   5 E X   0.003 0.001 0.000 0.017 0.001 0.007 0.625 0.345 
   6 T X   0.004 0.002 0.000 0.014 0.002 0.009 0.611 0.357 
   7 L X   0.005 0.003 0.000 0.014 0.003 0.011 0.596 0.369 
   8 G X   0.006 0.005 0.000 0.015 0.003 0.012 0.578 0.381 
   9 K X   0.006 0.008 0.001 0.017 0.004 0.013 0.558 0.393 
  10 V X   0.006 0.012 0.001 0.020 0.005 0.014 0.537 0.405 
  11 G X   0.006 0.016 0.001 0.023 0.006 0.014 0.516 0.417 
  12 E X   0.006 0.020 0.001 0.026 0.007 0.015 0.497 0.429 
  13 G X   0.006 0.023 0.001 0.028 0.008 0.015 0.479 0.440 
  14 S X   0.006 0.025 0.001 0.030 0.008 0.015 0.464 0.451 
  15 Y _   0.006 0.027 0.001 0.030 0.008 0.014 0.450 0.463 
  16 G _   0.007 0.028 0.001 0.028 0.008 0.014 0.439 0.476 
  17 T _   0.007 0.027 0.001 0.026 0.007 0.013 0.428 0.492 
  18 V _   0.006 0.026 0.001 0.022 0.006 0.012 0.419 0.509 
  19 M _   0.006 0.024 0.001 0.017 0.005 0.011 0.410 0.527 
  20 K _   0.006 0.022 0.001 0.013 0.004 0.010 0.401 0.545 
  21 C _   0.005 0.020 0.000 0.009 0.003 0.009 0.392 0.561 
  22 K _   0.005 0.018 0.000 0.007 0.003 0.009 0.383 0.575 
  23 H _   0.005 0.018 0.000 0.006 0.003 0.010 0.373 0.585 
  24 K _   0.006 0.019 0.000 0.006 0.003 0.011 0.363 0.592 
  25 N _   0.007 0.022 0.001 0.008 0.004 0.013 0.351 0.594 
  26 T _   0.008 0.029 0.001 0.012 0.006 0.015 0.338 0.591 
  27 G _   0.010 0.040 0.001 0.018 0.009 0.018 0.323 0.580 
  28 Q _   0.011 0.056 0.001 0.028 0.012 0.021 0.307 0.565 
  29 I _   0.012 0.073 0.001 0.038 0.015 0.023 0.291 0.549 
  30 V _   0.012 0.086 0.001 0.047 0.017 0.024 0.277 0.537 
  31 A _   0.012 0.094 0.001 0.053 0.018 0.024 0.266 0.532 
  32 I _   0.013 0.098 0.001 0.055 0.018 0.023 0.256 0.536 
  33 K _   0.012 0.097 0.001 0.053 0.016 0.022 0.249 0.548 
  34 I _   0.012 0.092 0.001 0.047 0.015 0.020 0.244 0.568 
  35 F _   0.012 0.083 0.001 0.039 0.012 0.018 0.239 0.595 
  36 Y _   0.011 0.069 0.001 0.029 0.010 0.016 0.236 0.628 
  37 E _   0.010 0.053 0.001 0.020 0.007 0.015 0.233 0.662 
  38 R _   0.010 0.038 0.001 0.012 0.005 0.013 0.230 0.691 
  39 P _   0.009 0.028 0.000 0.008 0.004 0.012 0.226 0.713 
  40 E _   0.008 0.023 0.000 0.005 0.003 0.012 0.223 0.726 
  41 Q _   0.008 0.021 0.000 0.004 0.003 0.012 0.218 0.733 
  42 S _   0.009 0.021 0.000 0.005 0.003 0.014 0.213 0.734 
  43 V _   0.011 0.023 0.001 0.007 0.005 0.017 0.207 0.729 
  44 N _   0.014 0.030 0.001 0.011 0.007 0.021 0.200 0.716 
  45 K _   0.017 0.041 0.001 0.018 0.011 0.025 0.192 0.695 
  46 I _   0.019 0.057 0.001 0.028 0.015 0.028 0.183 0.669 
  47 A _   0.020 0.071 0.002 0.038 0.019 0.031 0.175 0.644 
  48 M _   0.021 0.080 0.002 0.047 0.021 0.032 0.168 0.629 
  49 R _   0.021 0.085 0.002 0.052 0.022 0.033 0.163 0.623 
  50 E _   0.021 0.086 0.002 0.053 0.022 0.032 0.158 0.627 
  51 I _   0.021 0.082 0.002 0.049 0.020 0.030 0.155 0.640 
  52 K _   0.021 0.074 0.002 0.042 0.018 0.028 0.153 0.663 
  53 F _   0.021 0.061 0.001 0.032 0.015 0.026 0.151 0.694 
  54 L _   0.020 0.043 0.001 0.022 0.011 0.024 0.149 0.729 
  55 K _   0.020 0.027 0.001 0.013 0.008 0.022 0.148 0.761 
  56 Q _   0.019 0.014 0.001 0.008 0.006 0.021 0.146 0.785 
  57 F _   0.019 0.008 0.001 0.005 0.005 0.020 0.144 0.798 
  58 H _   0.021 0.005 0.000 0.004 0.004 0.021 0.142 0.802 
  59 H _   0.024 0.005 0.000 0.004 0.005 0.023 0.140 0.799 
  60 E _   0.029 0.005 0.001 0.005 0.007 0.026 0.137 0.790 
  61 N _   0.035 0.008 0.001 0.009 0.010 0.029 0.134 0.773 
  62 L _   0.041 0.012 0.001 0.015 0.015 0.032 0.131 0.752 
  63 V _   0.046 0.017 0.001 0.023 0.019 0.035 0.128 0.730 
  64 N _   0.050 0.022 0.002 0.030 0.022 0.036 0.126 0.713 
  65 L _   0.052 0.024 0.002 0.035 0.023 0.036 0.124 0.704 
  66 I _   0.051 0.025 0.002 0.037 0.022 0.035 0.123 0.705 
  67 E _   0.050 0.023 0.002 0.034 0.020 0.033 0.122 0.717 
  68 V _   0.047 0.019 0.001 0.027 0.016 0.030 0.121 0.739 
  69 F _   0.043 0.013 0.001 0.018 0.012 0.027 0.121 0.765 
  70 R _   0.039 0.007 0.001 0.011 0.008 0.024 0.120 0.790 
  71 Q _   0.035 0.003 0.001 0.005 0.006 0.022 0.119 0.809 
  72 K _   0.033 0.001 0.000 0.003 0.004 0.021 0.118 0.820 
  73 K _   0.033 0.000 0.000 0.002 0.004 0.021 0.117 0.823 
  74 K _   0.037 0.000 0.000 0.002 0.004 0.023 0.115 0.819 
  75 I _   0.043 0.001 0.001 0.002 0.006 0.026 0.114 0.808 
  76 H _   0.051 0.002 0.001 0.004 0.009 0.031 0.112 0.790 
  77 L _   0.061 0.005 0.001 0.008 0.014 0.036 0.110 0.765 
  78 V _   0.069 0.011 0.001 0.014 0.020 0.041 0.108 0.736 
  79 F _   0.075 0.017 0.002 0.021 0.025 0.044 0.107 0.709 
  80 E _   0.078 0.023 0.002 0.026 0.029 0.046 0.105 0.691 
  81 F _   0.079 0.027 0.002 0.029 0.030 0.047 0.104 0.682 
  82 I _   0.078 0.029 0.002 0.030 0.030 0.046 0.104 0.682 
  83 D _   0.075 0.029 0.002 0.028 0.029 0.044 0.104 0.690 
  84 H _   0.070 0.027 0.002 0.026 0.026 0.041 0.105 0.704 
  85 T _   0.064 0.025 0.001 0.022 0.022 0.038 0.106 0.722 
  86 V _   0.058 0.022 0.001 0.019 0.018 0.034 0.107 0.742 
  87 L _   0.051 0.018 0.001 0.016 0.015 0.030 0.108 0.760 
  88 D _   0.044 0.015 0.001 0.014 0.012 0.027 0.109 0.777 
  89 E _   0.038 0.013 0.001 0.013 0.010 0.024 0.111 0.792 
  90 L _   0.032 0.010 0.001 0.011 0.008 0.021 0.112 0.805 
  91 Q _   0.027 0.008 0.001 0.010 0.007 0.018 0.113 0.817 
  92 H _   0.022 0.006 0.001 0.009 0.005 0.016 0.114 0.827 
  93 Y _   0.019 0.004 0.001 0.008 0.005 0.014 0.114 0.835 
  94 C _   0.016 0.003 0.000 0.007 0.004 0.013 0.114 0.842 
  95 H _   0.014 0.002 0.000 0.006 0.003 0.012 0.114 0.848 
  96 G _   0.013 0.001 0.000 0.005 0.003 0.011 0.114 0.852 
  97 L _   0.013 0.001 0.000 0.004 0.003 0.011 0.113 0.854 
  98 E _   0.014 0.001 0.000 0.003 0.003 0.012 0.112 0.855 
  99 S _   0.016 0.000 0.000 0.003 0.003 0.014 0.111 0.853 
 100 K _   0.020 0.000 0.000 0.003 0.003 0.017 0.110 0.847 
 101 R _   0.026 0.001 0.000 0.003 0.005 0.021 0.108 0.836 
 102 L _   0.036 0.001 0.001 0.004 0.007 0.027 0.105 0.819 
 103 R _   0.048 0.004 0.001 0.006 0.012 0.034 0.102 0.794 
 104 K _   0.062 0.008 0.001 0.010 0.018 0.041 0.099 0.760 
 105 Y _   0.075 0.017 0.002 0.016 0.027 0.048 0.096 0.720 
 106 L _   0.086 0.029 0.002 0.024 0.035 0.054 0.093 0.677 
 107 F _   0.094 0.041 0.002 0.032 0.042 0.057 0.091 0.641 
 108 Q _   0.098 0.051 0.002 0.040 0.045 0.057 0.090 0.616 
 109 I _   0.099 0.057 0.002 0.045 0.046 0.056 0.089 0.606 
 110 L _   0.097 0.059 0.002 0.047 0.043 0.052 0.089 0.610 
 111 R _   0.091 0.058 0.002 0.044 0.038 0.048 0.090 0.628 
 112 A _   0.083 0.054 0.002 0.039 0.032 0.042 0.091 0.657 
 113 I _   0.073 0.046 0.002 0.031 0.025 0.036 0.092 0.694 
 114 D _   0.062 0.036 0.001 0.024 0.018 0.030 0.094 0.735 
 115 Y _   0.050 0.025 0.001 0.017 0.013 0.025 0.096 0.773 
 116 L _   0.039 0.016 0.001 0.012 0.009 0.020 0.097 0.806 
 117 H _   0.030 0.010 0.001 0.009 0.006 0.016 0.098 0.830 
 118 S _   0.023 0.007 0.000 0.007 0.004 0.013 0.099 0.846 
 119 N _   0.018 0.004 0.000 0.006 0.003 0.011 0.099 0.858 
 120 N _   0.014 0.003 0.000 0.005 0.003 0.010 0.099 0.866 
 121 I _   0.011 0.003 0.000 0.005 0.002 0.009 0.099 0.871 
 122 I _   0.010 0.002 0.000 0.005 0.002 0.008 0.098 0.875 
 123 H _   0.009 0.002 0.000 0.005 0.002 0.008 0.096 0.877 
 124 R _   0.008 0.003 0.000 0.005 0.002 0.008 0.095 0.879 
 125 D _   0.008 0.003 0.000 0.005 0.002 0.008 0.093 0.880 
 126 I _   0.008 0.004 0.000 0.005 0.003 0.009 0.091 0.880 
 127 K _   0.008 0.006 0.000 0.006 0.003 0.011 0.088 0.878 
 128 P _   0.009 0.009 0.000 0.007 0.004 0.013 0.086 0.873 
 129 E _   0.010 0.013 0.001 0.009 0.005 0.015 0.082 0.865 
 130 N _   0.012 0.020 0.001 0.011 0.006 0.017 0.079 0.854 
 131 I _   0.013 0.029 0.001 0.014 0.008 0.020 0.075 0.839 
 132 L _   0.015 0.039 0.001 0.017 0.010 0.023 0.072 0.823 
 133 V _   0.016 0.050 0.001 0.019 0.011 0.025 0.068 0.808 
 134 S _   0.017 0.060 0.001 0.021 0.013 0.027 0.065 0.795 
 135 Q _   0.018 0.069 0.001 0.022 0.014 0.029 0.062 0.785 
 136 S _   0.019 0.076 0.001 0.023 0.014 0.030 0.059 0.777 
 137 G _   0.021 0.082 0.001 0.022 0.015 0.032 0.056 0.771 
 138 I _   0.022 0.087 0.001 0.021 0.016 0.033 0.054 0.767 
 139 T _   0.023 0.091 0.001 0.021 0.016 0.033 0.052 0.763 
 140 K _   0.025 0.095 0.001 0.021 0.016 0.034 0.050 0.758 
 141 L _   0.026 0.099 0.001 0.021 0.017 0.035 0.048 0.754 
 142 C _   0.027 0.103 0.001 0.023 0.018 0.035 0.046 0.748 
 143 D _   0.028 0.107 0.001 0.025 0.018 0.034 0.044 0.742 
 144 F _   0.028 0.110 0.001 0.027 0.019 0.034 0.043 0.739 
 145 G _   0.028 0.112 0.001 0.029 0.019 0.032 0.042 0.737 
 146 F _   0.027 0.112 0.001 0.030 0.018 0.031 0.041 0.739 
 147 A _   0.027 0.111 0.001 0.030 0.017 0.029 0.040 0.745 
 148 R _   0.025 0.106 0.001 0.029 0.016 0.027 0.040 0.756 
 149 T _   0.023 0.100 0.001 0.026 0.014 0.024 0.039 0.772 
 150 L _   0.021 0.091 0.001 0.022 0.012 0.022 0.039 0.792 
 151 A _   0.019 0.080 0.001 0.018 0.009 0.020 0.039 0.813 
 152 A _   0.017 0.070 0.001 0.014 0.008 0.018 0.039 0.833 
 153 P _   0.016 0.061 0.001 0.011 0.006 0.016 0.039 0.850 
 154 G _   0.014 0.055 0.001 0.009 0.005 0.015 0.038 0.862 
 155 D _   0.014 0.051 0.001 0.008 0.005 0.015 0.038 0.870 
 156 I _   0.013 0.049 0.001 0.007 0.005 0.015 0.037 0.873 
 157 Y _   0.013 0.049 0.001 0.008 0.005 0.016 0.037 0.872 
 158 T _   0.014 0.051 0.001 0.009 0.006 0.017 0.036 0.867 
 159 D _   0.014 0.055 0.001 0.011 0.007 0.018 0.035 0.859 
 160 Y _   0.015 0.060 0.001 0.014 0.008 0.019 0.034 0.848 
 161 V _   0.016 0.067 0.001 0.018 0.009 0.021 0.032 0.836 
 162 A _   0.017 0.075 0.001 0.022 0.011 0.022 0.031 0.822 
 163 T _   0.017 0.081 0.001 0.025 0.012 0.022 0.030 0.811 
 164 R _   0.017 0.087 0.001 0.029 0.013 0.022 0.029 0.802 
 165 W _   0.016 0.090 0.001 0.032 0.013 0.022 0.028 0.797 
 166 Y _   0.016 0.091 0.001 0.034 0.013 0.021 0.028 0.796 
 167 R _   0.015 0.091 0.001 0.035 0.013 0.020 0.027 0.798 
 168 A _   0.014 0.088 0.001 0.034 0.012 0.019 0.027 0.804 
 169 P _   0.014 0.083 0.001 0.033 0.011 0.017 0.027 0.814 
 170 E _   0.013 0.075 0.001 0.030 0.010 0.016 0.027 0.829 
 171 L _   0.013 0.064 0.001 0.025 0.008 0.014 0.028 0.848 
 172 V _   0.013 0.050 0.001 0.020 0.007 0.012 0.028 0.871 
 173 L _   0.013 0.034 0.001 0.015 0.005 0.010 0.028 0.895 
 174 K _   0.013 0.020 0.001 0.010 0.004 0.008 0.028 0.917 
 175 D _   0.014 0.009 0.000 0.006 0.003 0.007 0.028 0.934 
 176 T _   0.016 0.003 0.000 0.003 0.002 0.006 0.027 0.942 
 177 S _   0.022 0.001 0.000 0.002 0.002 0.005 0.026 0.942 
 178 Y _   0.034 0.000 0.000 0.001 0.002 0.005 0.025 0.933 
 179 G _   0.060 0.000 0.000 0.001 0.002 0.006 0.023 0.907 
 180 K _   0.113 0.000 0.000 0.001 0.003 0.008 0.020 0.855 
 181 P _   0.203 0.000 0.001 0.001 0.005 0.010 0.017 0.763 
 182 V _   0.334 0.000 0.001 0.001 0.007 0.013 0.014 0.630 
 183 D H   0.485 0.000 0.001 0.001 0.011 0.015 0.011 0.477 
 184 I H   0.625 0.000 0.001 0.001 0.015 0.017 0.008 0.333 
 185 W H   0.732 0.000 0.001 0.001 0.020 0.018 0.007 0.222 
 186 A H   0.802 0.000 0.001 0.001 0.023 0.018 0.006 0.149 
 187 L H   0.843 0.000 0.001 0.001 0.026 0.017 0.005 0.106 
 188 G H   0.864 0.000 0.001 0.001 0.028 0.016 0.006 0.084 
 189 C H   0.871 0.000 0.001 0.001 0.029 0.015 0.006 0.075 
 190 M H   0.865 0.000 0.002 0.002 0.031 0.015 0.007 0.079 
 191 I H   0.846 0.000 0.002 0.002 0.032 0.015 0.009 0.095 
 192 I H   0.808 0.000 0.002 0.003 0.032 0.015 0.011 0.128 
 193 E H   0.745 0.000 0.002 0.004 0.031 0.015 0.015 0.188 
 194 M H   0.653 0.000 0.002 0.005 0.027 0.015 0.021 0.276 
 195 A H   0.534 0.000 0.002 0.005 0.021 0.014 0.029 0.394 
 196 T _   0.402 0.000 0.002 0.005 0.015 0.013 0.038 0.525 
 197 G _   0.280 0.000 0.001 0.004 0.009 0.011 0.048 0.645 
 198 N _   0.179 0.000 0.001 0.004 0.006 0.009 0.056 0.744 
 199 P _   0.106 0.000 0.001 0.003 0.004 0.007 0.063 0.816 
 200 Y _   0.059 0.000 0.000 0.002 0.002 0.006 0.067 0.862 
 201 L _   0.032 0.000 0.000 0.002 0.002 0.005 0.070 0.888 
 202 P _   0.018 0.000 0.000 0.002 0.001 0.005 0.072 0.901 
 203 S _   0.012 0.000 0.000 0.002 0.001 0.006 0.074 0.905 
 204 S _   0.010 0.001 0.000 0.002 0.002 0.008 0.074 0.903 
 205 S _   0.011 0.002 0.000 0.003 0.003 0.012 0.075 0.894 
 206 D _   0.015 0.008 0.000 0.006 0.005 0.017 0.074 0.874 
 207 L _   0.020 0.025 0.001 0.012 0.009 0.025 0.073 0.836 
 208 D _   0.025 0.057 0.001 0.021 0.016 0.032 0.071 0.776 
 209 L _   0.029 0.105 0.002 0.034 0.023 0.039 0.069 0.700 
 210 L _   0.030 0.152 0.002 0.046 0.028 0.043 0.067 0.630 
 211 H _   0.031 0.188 0.002 0.057 0.032 0.045 0.066 0.578 
 212 K _   0.032 0.210 0.002 0.064 0.034 0.045 0.066 0.547 
 213 I _   0.032 0.220 0.002 0.067 0.034 0.044 0.067 0.534 
 214 V _   0.031 0.223 0.002 0.065 0.032 0.042 0.068 0.536 
 215 L _   0.030 0.219 0.002 0.060 0.029 0.039 0.070 0.550 
 216 K _   0.028 0.208 0.002 0.051 0.026 0.036 0.073 0.576 
 217 V _   0.027 0.189 0.002 0.040 0.021 0.033 0.077 0.611 
 218 G _   0.025 0.164 0.002 0.030 0.017 0.029 0.080 0.652 
 219 N _   0.022 0.138 0.001 0.022 0.013 0.026 0.084 0.692 
 220 L _   0.020 0.116 0.001 0.017 0.010 0.024 0.088 0.725 
 221 S _   0.018 0.100 0.001 0.012 0.007 0.022 0.091 0.749 
 222 P _   0.016 0.089 0.001 0.010 0.006 0.020 0.094 0.765 
 223 H _   0.014 0.083 0.001 0.008 0.005 0.019 0.096 0.774 
 224 L _   0.014 0.080 0.001 0.008 0.005 0.018 0.098 0.777 
 225 Q _   0.013 0.079 0.001 0.007 0.005 0.019 0.100 0.777 
 226 N _   0.014 0.081 0.001 0.008 0.005 0.019 0.101 0.772 
 227 I _   0.014 0.085 0.001 0.009 0.006 0.021 0.102 0.763 
 228 F _   0.016 0.092 0.001 0.010 0.007 0.023 0.103 0.748 
 229 S _   0.018 0.103 0.001 0.013 0.010 0.025 0.103 0.727 
 230 K _   0.020 0.119 0.001 0.017 0.013 0.028 0.104 0.698 
 231 S _   0.023 0.140 0.001 0.022 0.016 0.031 0.105 0.662 
 232 P _   0.025 0.167 0.002 0.029 0.020 0.033 0.106 0.619 
 233 I _   0.026 0.195 0.002 0.038 0.023 0.033 0.108 0.576 
 234 F _   0.027 0.218 0.002 0.046 0.025 0.034 0.110 0.539 
 235 A _   0.027 0.235 0.002 0.055 0.026 0.033 0.113 0.509 
 236 G _   0.026 0.245 0.002 0.061 0.025 0.032 0.118 0.491 
 237 V _   0.026 0.248 0.002 0.064 0.024 0.029 0.124 0.484 
 238 V _   0.024 0.244 0.002 0.062 0.021 0.027 0.132 0.488 
 239 L _   0.022 0.232 0.002 0.058 0.018 0.024 0.141 0.502 
 240 P _   0.020 0.209 0.002 0.050 0.016 0.021 0.153 0.529 
 241 Q _   0.018 0.174 0.002 0.041 0.013 0.018 0.167 0.567 
 242 V _   0.017 0.130 0.001 0.031 0.010 0.016 0.183 0.613 
 243 Q _   0.014 0.085 0.001 0.021 0.007 0.013 0.198 0.661 
 244 H _   0.012 0.048 0.001 0.014 0.005 0.010 0.212 0.700 
 245 P _   0.009 0.025 0.000 0.009 0.003 0.008 0.222 0.725 
 246 K _   0.007 0.012 0.000 0.005 0.002 0.006 0.229 0.739 
 247 N _   0.005 0.006 0.000 0.003 0.001 0.005 0.233 0.745 
 248 A _   0.004 0.003 0.000 0.003 0.001 0.005 0.236 0.748 
 249 R _   0.004 0.002 0.000 0.002 0.001 0.005 0.238 0.748 
 250 K _   0.004 0.002 0.000 0.002 0.001 0.006 0.238 0.747 
 251 K _   0.005 0.002 0.000 0.002 0.001 0.008 0.238 0.744 
 252 Y _   0.008 0.002 0.000 0.003 0.002 0.011 0.236 0.738 
 253 P _   0.012 0.004 0.000 0.004 0.003 0.017 0.234 0.726 
 254 K _   0.020 0.007 0.001 0.006 0.005 0.025 0.231 0.705 
 255 L _   0.032 0.015 0.001 0.010 0.010 0.035 0.226 0.671 
 256 N _   0.047 0.029 0.001 0.014 0.018 0.047 0.220 0.624 
 257 G _   0.065 0.049 0.002 0.019 0.029 0.058 0.214 0.564 
 258 L _   0.084 0.073 0.002 0.024 0.040 0.068 0.208 0.500 
 259 L _   0.100 0.099 0.003 0.030 0.052 0.074 0.203 0.439 
 260 A _   0.112 0.122 0.003 0.036 0.060 0.077 0.200 0.390 
 261 D _   0.123 0.139 0.003 0.040 0.065 0.078 0.198 0.354 
 262 I _   0.129 0.150 0.003 0.044 0.066 0.075 0.198 0.334 
 263 V _   0.132 0.156 0.003 0.046 0.064 0.071 0.200 0.328 
 264 H _   0.131 0.157 0.003 0.047 0.060 0.066 0.203 0.334 
 265 A _   0.125 0.152 0.003 0.045 0.053 0.059 0.208 0.355 
 266 C _   0.117 0.140 0.003 0.040 0.045 0.052 0.215 0.388 
 267 L _   0.104 0.122 0.002 0.035 0.035 0.045 0.223 0.435 
 268 Q _   0.087 0.095 0.002 0.028 0.026 0.037 0.232 0.493 
 269 I _   0.070 0.066 0.002 0.021 0.018 0.030 0.241 0.553 
 270 D _   0.054 0.041 0.001 0.014 0.011 0.024 0.249 0.605 
 271 P _   0.040 0.024 0.001 0.010 0.007 0.019 0.256 0.644 
 272 A _   0.029 0.014 0.001 0.006 0.004 0.014 0.261 0.670 
 273 D _   0.021 0.009 0.000 0.004 0.003 0.011 0.265 0.686 
 274 R _   0.015 0.006 0.000 0.003 0.002 0.009 0.267 0.696 
 275 I _   0.011 0.006 0.000 0.003 0.002 0.008 0.269 0.701 
 276 S _   0.009 0.006 0.000 0.003 0.002 0.008 0.270 0.702 
 277 S _   0.007 0.006 0.000 0.004 0.002 0.008 0.270 0.702 
 278 S _   0.007 0.008 0.000 0.005 0.002 0.008 0.270 0.698 
 279 D _   0.007 0.011 0.000 0.007 0.003 0.009 0.270 0.693 
 280 L _   0.007 0.016 0.000 0.010 0.004 0.010 0.269 0.685 
 281 L _   0.007 0.021 0.001 0.012 0.005 0.011 0.268 0.677 
 282 H _   0.007 0.026 0.001 0.014 0.005 0.011 0.267 0.669 
 283 H _   0.007 0.031 0.001 0.015 0.006 0.012 0.266 0.662 
 284 E _   0.007 0.036 0.001 0.016 0.006 0.012 0.266 0.656 
 285 Y _   0.007 0.039 0.001 0.016 0.006 0.013 0.266 0.652 
 286 F _   0.008 0.042 0.001 0.016 0.006 0.013 0.266 0.649 
 287 T _   0.008 0.044 0.001 0.015 0.006 0.013 0.267 0.646 
 288 R _   0.008 0.046 0.001 0.015 0.006 0.014 0.268 0.642 
 289 D _   0.009 0.048 0.001 0.015 0.007 0.014 0.270 0.637 
 290 G _   0.009 0.050 0.001 0.015 0.007 0.014 0.272 0.631 
 291 F _   0.010 0.053 0.001 0.016 0.007 0.014 0.275 0.625 
 292 I _   0.010 0.054 0.001 0.016 0.007 0.015 0.277 0.619 
 293 E _   0.010 0.056 0.001 0.017 0.007 0.015 0.281 0.614 
 294 K _   0.010 0.057 0.001 0.017 0.007 0.014 0.284 0.609 
 295 F _   0.010 0.058 0.001 0.016 0.007 0.014 0.288 0.606 
 296 M _   0.010 0.058 0.001 0.016 0.007 0.014 0.292 0.604 
 297 P _   0.009 0.057 0.001 0.015 0.006 0.013 0.296 0.602 
 298 E _   0.009 0.056 0.001 0.014 0.006 0.013 0.301 0.600 
 299 L _   0.009 0.056 0.001 0.014 0.006 0.013 0.305 0.598 
 300 K _   0.009 0.055 0.001 0.013 0.005 0.012 0.310 0.594 
 301 A _   0.009 0.054 0.001 0.014 0.005 0.012 0.316 0.589 
 302 K _   0.009 0.053 0.001 0.014 0.005 0.012 0.321 0.584 
 303 L _   0.009 0.053 0.001 0.015 0.006 0.012 0.327 0.578 
 304 L _   0.009 0.052 0.001 0.016 0.006 0.012 0.333 0.572 
 305 Q _   0.009 0.050 0.001 0.017 0.006 0.012 0.340 0.566 
 306 E _   0.009 0.048 0.001 0.017 0.006 0.011 0.348 0.561 
 307 A _   0.009 0.046 0.001 0.017 0.005 0.011 0.356 0.556 
 308 K _   0.009 0.043 0.001 0.017 0.005 0.010 0.365 0.551 
 309 V _   0.008 0.039 0.001 0.016 0.005 0.010 0.375 0.547 
 310 N _   0.008 0.034 0.001 0.015 0.004 0.009 0.385 0.543 
 311 S _   0.008 0.029 0.001 0.014 0.004 0.008 0.396 0.541 
 312 L _   0.008 0.024 0.000 0.012 0.003 0.007 0.407 0.539 
 313 I _   0.007 0.019 0.000 0.010 0.003 0.007 0.417 0.537 
 314 K _   0.006 0.015 0.000 0.008 0.002 0.006 0.426 0.536 
 315 P _   0.006 0.011 0.000 0.007 0.002 0.005 0.434 0.535 
 316 K _   0.005 0.009 0.000 0.006 0.002 0.005 0.440 0.534 
 317 E _   0.005 0.007 0.000 0.005 0.001 0.004 0.446 0.532 
 318 S _   0.004 0.006 0.000 0.004 0.001 0.004 0.450 0.531 
 319 S _   0.004 0.005 0.000 0.004 0.001 0.004 0.453 0.530 
 320 K _   0.003 0.005 0.000 0.003 0.001 0.003 0.454 0.530 
 321 E _   0.003 0.005 0.000 0.003 0.001 0.003 0.454 0.530 
 322 N _   0.003 0.005 0.000 0.003 0.001 0.004 0.454 0.530 
 323 E _   0.003 0.006 0.000 0.004 0.001 0.004 0.452 0.531 
 324 L _   0.003 0.008 0.000 0.004 0.001 0.004 0.449 0.532 
 325 R _   0.003 0.010 0.000 0.005 0.001 0.005 0.444 0.532 
 326 K _   0.003 0.015 0.000 0.006 0.002 0.006 0.439 0.530 
 327 D _   0.003 0.022 0.000 0.007 0.002 0.008 0.432 0.525 
 328 E _   0.004 0.034 0.000 0.010 0.003 0.010 0.424 0.515 
 329 R _   0.005 0.052 0.001 0.014 0.005 0.012 0.414 0.499 
 330 K _   0.005 0.077 0.001 0.018 0.006 0.014 0.403 0.476 
 331 T _   0.006 0.108 0.001 0.022 0.008 0.016 0.391 0.447 
 332 V _   0.006 0.141 0.001 0.027 0.010 0.017 0.380 0.416 
 333 Y _   0.007 0.173 0.001 0.031 0.011 0.018 0.371 0.388 
 334 T _   0.007 0.198 0.001 0.035 0.012 0.018 0.363 0.366 
 335 N X   0.007 0.217 0.001 0.037 0.012 0.019 0.357 0.350 
 336 T X   0.007 0.230 0.001 0.039 0.013 0.018 0.353 0.339 
 337 L X   0.007 0.238 0.001 0.040 0.012 0.018 0.350 0.333 
 338 L X   0.008 0.241 0.001 0.040 0.012 0.017 0.349 0.332 
 339 S X   0.008 0.241 0.001 0.039 0.012 0.016 0.349 0.335 
 340 S X   0.008 0.237 0.001 0.038 0.011 0.015 0.350 0.340 
 341 S X   0.008 0.229 0.001 0.036 0.010 0.014 0.352 0.349 
 342 V _   0.009 0.217 0.001 0.033 0.009 0.013 0.356 0.363 
 343 L _   0.009 0.198 0.001 0.029 0.008 0.012 0.361 0.382 
 344 G _   0.009 0.173 0.001 0.025 0.007 0.011 0.367 0.406 
 345 K _   0.009 0.144 0.001 0.021 0.006 0.010 0.373 0.435 
 346 E _   0.008 0.113 0.001 0.016 0.005 0.009 0.380 0.467 
 347 I _   0.007 0.085 0.001 0.011 0.004 0.008 0.386 0.498 
 348 E _   0.006 0.065 0.000 0.008 0.003 0.007 0.391 0.521 
 349 K _   0.005 0.052 0.000 0.005 0.002 0.006 0.393 0.537 
 350 E _   0.004 0.046 0.000 0.004 0.001 0.005 0.395 0.545 
 351 K _   0.004 0.043 0.000 0.003 0.001 0.005 0.395 0.549 
 352 K _   0.004 0.044 0.000 0.003 0.001 0.006 0.394 0.549 
 353 P _   0.004 0.047 0.000 0.004 0.002 0.007 0.392 0.545 
 354 K _   0.005 0.054 0.000 0.007 0.003 0.008 0.389 0.534 
 355 E _   0.006 0.070 0.001 0.012 0.004 0.010 0.384 0.513 
 356 I _   0.006 0.096 0.001 0.019 0.006 0.012 0.378 0.483 
 357 K _   0.006 0.129 0.001 0.027 0.008 0.013 0.371 0.445 
 358 V _   0.006 0.159 0.001 0.035 0.009 0.014 0.365 0.410 
 359 R _   0.006 0.182 0.001 0.043 0.010 0.014 0.362 0.383 
 360 V _   0.006 0.196 0.001 0.048 0.010 0.014 0.360 0.365 
 361 I X   0.006 0.203 0.001 0.051 0.010 0.014 0.360 0.355 
 362 K X   0.006 0.204 0.001 0.051 0.010 0.013 0.362 0.352 
 363 V X   0.006 0.201 0.001 0.049 0.009 0.013 0.366 0.355 
 364 K X   0.006 0.192 0.001 0.044 0.009 0.012 0.372 0.364 
 365 G _   0.006 0.175 0.001 0.038 0.008 0.011 0.381 0.381 
 366 G _   0.006 0.151 0.001 0.031 0.007 0.010 0.391 0.403 
 367 R _   0.006 0.121 0.001 0.024 0.005 0.009 0.404 0.430 
 368 G _   0.006 0.090 0.001 0.017 0.004 0.008 0.416 0.458 
 369 D _   0.006 0.064 0.000 0.012 0.003 0.007 0.427 0.482 
 370 I _   0.005 0.045 0.000 0.008 0.002 0.006 0.435 0.498 
 371 S _   0.004 0.034 0.000 0.006 0.002 0.005 0.441 0.509 
 372 E _   0.004 0.027 0.000 0.004 0.001 0.004 0.445 0.515 
 373 P _   0.003 0.024 0.000 0.004 0.001 0.004 0.447 0.518 
 374 K _   0.003 0.022 0.000 0.003 0.001 0.004 0.448 0.519 
 375 K _   0.003 0.021 0.000 0.004 0.001 0.004 0.448 0.519 
 376 K _   0.003 0.022 0.000 0.005 0.001 0.004 0.447 0.518 
 377 E _   0.003 0.023 0.000 0.007 0.001 0.005 0.445 0.516 
 378 Y _   0.003 0.025 0.000 0.009 0.002 0.005 0.443 0.514 
 379 E _   0.003 0.026 0.000 0.011 0.002 0.006 0.440 0.512 
 380 G _   0.003 0.028 0.000 0.013 0.002 0.006 0.437 0.510 
 381 G _   0.003 0.029 0.000 0.014 0.003 0.006 0.435 0.510 
 382 L _   0.003 0.030 0.000 0.014 0.003 0.006 0.433 0.512 
 383 G _   0.003 0.030 0.000 0.014 0.002 0.006 0.431 0.514 
 384 Q _   0.003 0.030 0.000 0.013 0.002 0.005 0.430 0.517 
 385 Q _   0.002 0.029 0.000 0.011 0.002 0.005 0.430 0.521 
 386 D _   0.002 0.027 0.000 0.010 0.002 0.005 0.429 0.524 
 387 A _   0.003 0.026 0.000 0.008 0.002 0.005 0.429 0.528 
 388 N _   0.003 0.025 0.000 0.007 0.002 0.005 0.428 0.530 
 389 E _   0.003 0.024 0.000 0.006 0.002 0.005 0.428 0.532 
 390 N _   0.003 0.024 0.000 0.006 0.001 0.005 0.427 0.534 
 391 V _   0.003 0.025 0.000 0.006 0.002 0.005 0.425 0.535 
 392 H _   0.003 0.025 0.000 0.006 0.002 0.005 0.423 0.535 
 393 P _   0.003 0.027 0.000 0.007 0.002 0.006 0.421 0.534 
 394 M _   0.003 0.029 0.000 0.009 0.002 0.006 0.418 0.532 
 395 S _   0.003 0.033 0.000 0.011 0.003 0.007 0.415 0.528 
 396 P _   0.004 0.037 0.000 0.014 0.003 0.008 0.411 0.522 
 397 D _   0.004 0.041 0.000 0.018 0.004 0.009 0.408 0.516 
 398 T _   0.004 0.045 0.001 0.022 0.005 0.009 0.405 0.509 
 399 K _   0.005 0.048 0.001 0.025 0.005 0.010 0.403 0.504 
 400 L _   0.005 0.049 0.001 0.027 0.005 0.010 0.402 0.502 
 401 V _   0.005 0.049 0.001 0.027 0.005 0.009 0.402 0.502 
 402 T _   0.005 0.048 0.001 0.025 0.005 0.009 0.402 0.507 
 403 I _   0.005 0.045 0.000 0.021 0.004 0.008 0.403 0.514 
 404 E _   0.004 0.040 0.000 0.017 0.003 0.007 0.405 0.523 
 405 P _   0.004 0.035 0.000 0.013 0.003 0.006 0.406 0.534 
 406 P _   0.004 0.029 0.000 0.009 0.002 0.005 0.407 0.544 
 407 N _   0.004 0.025 0.000 0.007 0.001 0.004 0.407 0.551 
 408 P _   0.003 0.022 0.000 0.005 0.001 0.004 0.407 0.557 
 409 I _   0.003 0.021 0.000 0.004 0.001 0.004 0.406 0.561 
 410 N _   0.003 0.021 0.000 0.004 0.001 0.004 0.403 0.564 
 411 P _   0.003 0.021 0.000 0.005 0.001 0.004 0.400 0.566 
 412 S _   0.003 0.023 0.000 0.005 0.001 0.005 0.394 0.568 
 413 T _   0.003 0.026 0.000 0.007 0.002 0.005 0.388 0.569 
 414 N _   0.003 0.030 0.000 0.009 0.002 0.006 0.379 0.571 
 415 C _   0.003 0.037 0.000 0.010 0.002 0.006 0.369 0.572 
 416 N _   0.003 0.045 0.000 0.012 0.003 0.007 0.357 0.573 
 417 G _   0.003 0.054 0.000 0.014 0.003 0.007 0.345 0.574 
 418 L _   0.003 0.066 0.000 0.015 0.003 0.008 0.331 0.574 
 419 K _   0.003 0.078 0.001 0.016 0.004 0.008 0.318 0.573 
 420 E _   0.003 0.092 0.001 0.017 0.004 0.009 0.304 0.571 
 421 N _   0.003 0.108 0.001 0.018 0.004 0.009 0.290 0.567 
 422 P _   0.003 0.127 0.001 0.019 0.005 0.010 0.276 0.560 
 423 H _   0.004 0.148 0.001 0.021 0.006 0.011 0.262 0.549 
 424 C _   0.004 0.172 0.001 0.023 0.006 0.012 0.249 0.534 
 425 G _   0.004 0.197 0.001 0.025 0.007 0.012 0.236 0.516 
 426 G _   0.004 0.222 0.001 0.028 0.008 0.013 0.226 0.499 
 427 S _   0.005 0.243 0.001 0.029 0.008 0.013 0.216 0.485 
 428 V _   0.005 0.259 0.001 0.030 0.008 0.013 0.209 0.475 
 429 T _   0.005 0.271 0.001 0.030 0.008 0.013 0.203 0.471 
 430 M _   0.004 0.279 0.001 0.028 0.007 0.012 0.198 0.471 
 431 P _   0.004 0.283 0.001 0.025 0.007 0.012 0.194 0.474 
 432 P _   0.004 0.285 0.001 0.022 0.006 0.011 0.191 0.481 
 433 I _   0.004 0.285 0.001 0.018 0.005 0.011 0.188 0.488 
 434 N _   0.005 0.284 0.001 0.015 0.005 0.011 0.185 0.495 
 435 L _   0.005 0.285 0.001 0.014 0.005 0.011 0.182 0.498 
 436 T _   0.005 0.286 0.001 0.013 0.005 0.012 0.179 0.499 
 437 N _   0.006 0.289 0.001 0.014 0.006 0.013 0.177 0.496 
 438 S _   0.006 0.294 0.001 0.015 0.006 0.013 0.174 0.490 
 439 N _   0.007 0.300 0.001 0.017 0.007 0.014 0.172 0.482 
 440 L _   0.007 0.305 0.001 0.020 0.008 0.014 0.170 0.474 
 441 M _   0.008 0.309 0.001 0.022 0.008 0.014 0.169 0.469 
 442 A _   0.008 0.309 0.001 0.023 0.008 0.014 0.168 0.468 
 443 A _   0.008 0.306 0.001 0.022 0.008 0.014 0.167 0.472 
 444 N _   0.009 0.299 0.001 0.021 0.008 0.014 0.168 0.481 
 445 L _   0.009 0.288 0.001 0.019 0.007 0.013 0.168 0.494 
 446 S _   0.009 0.274 0.001 0.016 0.007 0.013 0.170 0.511 
 447 S _   0.009 0.258 0.001 0.014 0.007 0.013 0.171 0.528 
 448 N _   0.010 0.242 0.001 0.012 0.006 0.013 0.173 0.544 
 449 L _   0.010 0.230 0.001 0.011 0.006 0.013 0.175 0.556 
 450 F _   0.010 0.220 0.001 0.011 0.005 0.013 0.177 0.563 
 451 H _   0.010 0.214 0.001 0.011 0.005 0.013 0.179 0.567 
 452 P _   0.010 0.210 0.001 0.013 0.006 0.013 0.181 0.567 
 453 S _   0.010 0.206 0.001 0.014 0.006 0.013 0.183 0.566 
 454 V _   0.010 0.203 0.001 0.016 0.006 0.013 0.186 0.564 
 455 R _   0.010 0.198 0.001 0.018 0.007 0.013 0.188 0.565 
 456 L _   0.010 0.192 0.001 0.019 0.007 0.013 0.192 0.568 
 457 T _   0.010 0.182 0.001 0.018 0.006 0.012 0.195 0.575 
 458 E _   0.009 0.170 0.001 0.017 0.006 0.011 0.200 0.586 
 459 R _   0.009 0.156 0.001 0.014 0.005 0.011 0.204 0.601 
 460 A _   0.008 0.141 0.001 0.011 0.004 0.010 0.209 0.616 
 461 K _   0.008 0.128 0.000 0.009 0.004 0.009 0.213 0.629 
 462 K _   0.007 0.120 0.000 0.007 0.003 0.009 0.217 0.637 
 463 R _   0.007 0.115 0.000 0.006 0.003 0.009 0.220 0.639 
 464 R _   0.007 0.113 0.000 0.007 0.003 0.010 0.223 0.637 
 465 T _   0.007 0.114 0.000 0.009 0.003 0.010 0.226 0.630 
 466 S _   0.007 0.118 0.001 0.012 0.004 0.011 0.228 0.618 
 467 S _   0.008 0.124 0.001 0.017 0.005 0.012 0.231 0.603 
 468 Q _   0.008 0.129 0.001 0.023 0.007 0.013 0.233 0.587 
 469 S _   0.008 0.134 0.001 0.029 0.007 0.013 0.237 0.572 
 470 I _   0.008 0.136 0.001 0.033 0.008 0.013 0.241 0.561 
 471 G _   0.008 0.134 0.001 0.034 0.008 0.013 0.247 0.555 
 472 Q _   0.008 0.129 0.001 0.033 0.008 0.012 0.254 0.555 
 473 V _   0.008 0.119 0.001 0.030 0.007 0.011 0.262 0.562 
 474 M _   0.007 0.104 0.001 0.025 0.006 0.010 0.273 0.575 
 475 P _   0.007 0.084 0.001 0.019 0.005 0.008 0.284 0.592 
 476 N _   0.007 0.063 0.001 0.014 0.004 0.007 0.296 0.610 
 477 S _   0.006 0.045 0.000 0.009 0.003 0.006 0.306 0.625 
 478 R _   0.005 0.034 0.000 0.006 0.002 0.005 0.315 0.634 
 479 Q _   0.004 0.027 0.000 0.004 0.001 0.005 0.321 0.638 
 480 E _   0.004 0.025 0.000 0.003 0.001 0.004 0.325 0.638 
 481 D _   0.004 0.024 0.000 0.003 0.001 0.005 0.328 0.636 
 482 P _   0.004 0.026 0.000 0.003 0.001 0.006 0.329 0.630 
 483 G _   0.004 0.031 0.000 0.005 0.002 0.007 0.330 0.620 
 484 P _   0.005 0.042 0.000 0.008 0.003 0.009 0.330 0.602 
 485 I _   0.006 0.063 0.001 0.014 0.005 0.011 0.328 0.572 
 486 Q _   0.006 0.095 0.001 0.022 0.007 0.013 0.325 0.531 
 487 S _   0.006 0.130 0.001 0.030 0.008 0.015 0.323 0.486 
 488 Q _   0.006 0.161 0.001 0.039 0.010 0.016 0.321 0.447 
 489 M _   0.005 0.183 0.001 0.046 0.010 0.016 0.321 0.418 
 490 E _   0.005 0.197 0.001 0.050 0.011 0.016 0.322 0.398 
 491 K _   0.005 0.203 0.001 0.053 0.011 0.015 0.325 0.387 
 492 G _   0.005 0.204 0.001 0.052 0.010 0.015 0.330 0.383 
 493 I _   0.005 0.201 0.001 0.049 0.010 0.014 0.336 0.384 
 494 F _   0.005 0.192 0.001 0.044 0.009 0.013 0.345 0.390 
 495 N _   0.006 0.177 0.001 0.039 0.008 0.012 0.357 0.400 
 496 E _   0.006 0.156 0.001 0.032 0.008 0.011 0.371 0.415 
 497 R _   0.006 0.129 0.001 0.026 0.007 0.010 0.388 0.433 
 498 T _   0.006 0.100 0.001 0.021 0.006 0.009 0.406 0.451 
 499 G _   0.006 0.074 0.001 0.016 0.004 0.009 0.424 0.467 
 500 H _   0.005 0.053 0.001 0.012 0.003 0.008 0.440 0.478 
 501 S _   0.005 0.038 0.000 0.009 0.003 0.007 0.453 0.485 
 502 D _   0.004 0.028 0.000 0.007 0.002 0.006 0.464 0.488 
 503 Q _   0.004 0.022 0.000 0.006 0.002 0.005 0.472 0.489 
 504 M _   0.004 0.017 0.000 0.005 0.002 0.005 0.479 0.488 
 505 A _   0.003 0.014 0.000 0.005 0.001 0.005 0.484 0.487 
 506 N X   0.003 0.013 0.000 0.005 0.001 0.005 0.489 0.484 
 507 E X   0.003 0.012 0.000 0.005 0.001 0.005 0.492 0.481 
 508 N X   0.003 0.011 0.000 0.006 0.002 0.005 0.496 0.478 
 509 K X   0.003 0.010 0.000 0.007 0.002 0.005 0.499 0.474 
 510 R X   0.003 0.010 0.000 0.007 0.002 0.005 0.502 0.471 
 511 K X   0.003 0.010 0.000 0.008 0.002 0.005 0.504 0.467 
 512 L X   0.003 0.010 0.000 0.008 0.002 0.005 0.507 0.465 
 513 N X   0.003 0.009 0.000 0.008 0.002 0.005 0.510 0.463 
 514 F X   0.003 0.009 0.000 0.007 0.002 0.005 0.512 0.461 
 515 S X   0.003 0.008 0.000 0.006 0.002 0.005 0.515 0.461 
 516 R X   0.003 0.008 0.000 0.006 0.002 0.005 0.517 0.460 
 517 S X   0.003 0.008 0.000 0.005 0.002 0.005 0.518 0.460 
 518 D X   0.003 0.008 0.000 0.004 0.001 0.005 0.520 0.459 
 519 R X   0.003 0.008 0.000 0.005 0.002 0.005 0.521 0.457 
 520 K X   0.003 0.009 0.000 0.005 0.002 0.006 0.521 0.453 
 521 E X   0.004 0.011 0.000 0.007 0.002 0.007 0.522 0.448 
 522 F X   0.004 0.013 0.000 0.009 0.003 0.008 0.522 0.441 
 523 H X   0.005 0.017 0.000 0.012 0.004 0.008 0.522 0.432 
 524 F X   0.005 0.020 0.001 0.016 0.005 0.009 0.522 0.422 
 525 P X   0.005 0.023 0.001 0.019 0.006 0.010 0.524 0.413 
 526 E X   0.005 0.025 0.001 0.022 0.006 0.010 0.526 0.406 
 527 L X   0.005 0.026 0.001 0.022 0.006 0.009 0.529 0.402 
 528 P X   0.005 0.025 0.001 0.021 0.005 0.009 0.533 0.401 
 529 V X   0.005 0.024 0.001 0.019 0.005 0.008 0.538 0.402 
 530 T X   0.004 0.021 0.000 0.015 0.004 0.007 0.543 0.405 
 531 I X   0.004 0.018 0.000 0.011 0.003 0.006 0.548 0.409 
 532 Q X   0.004 0.015 0.000 0.007 0.002 0.005 0.553 0.413 
 533 S X   0.003 0.013 0.000 0.005 0.002 0.005 0.558 0.415 
 534 K X   0.003 0.011 0.000 0.003 0.001 0.004 0.561 0.416 
 535 D X   0.003 0.010 0.000 0.003 0.001 0.004 0.564 0.414 
 536 T X   0.003 0.011 0.000 0.003 0.001 0.005 0.566 0.411 
 537 K X   0.003 0.012 0.000 0.004 0.002 0.005 0.568 0.406 
 538 G X   0.003 0.015 0.000 0.006 0.002 0.006 0.569 0.398 
 539 M X   0.004 0.020 0.000 0.010 0.003 0.007 0.569 0.386 
 540 E X   0.004 0.026 0.000 0.015 0.004 0.008 0.570 0.372 
 541 V X   0.004 0.032 0.001 0.020 0.005 0.009 0.571 0.358 
 542 K X   0.004 0.037 0.001 0.024 0.006 0.010 0.573 0.346 
 543 Q X   0.004 0.039 0.001 0.027 0.006 0.010 0.576 0.336 
 544 I X   0.004 0.040 0.001 0.028 0.006 0.010 0.581 0.330 
 545 K X   0.004 0.039 0.001 0.026 0.006 0.009 0.587 0.327 
 546 M X   0.004 0.037 0.001 0.023 0.005 0.008 0.596 0.327 
 547 L X   0.004 0.033 0.001 0.018 0.004 0.007 0.605 0.328 
 548 K X   0.004 0.027 0.000 0.013 0.003 0.006 0.616 0.330 
 549 R X   0.003 0.022 0.000 0.009 0.002 0.005 0.626 0.332 
 550 E X   0.003 0.017 0.000 0.006 0.002 0.005 0.635 0.333 
 551 S X   0.003 0.014 0.000 0.004 0.001 0.004 0.643 0.331 
 552 K X   0.003 0.012 0.000 0.003 0.001 0.004 0.649 0.328 
 553 K X   0.003 0.012 0.000 0.003 0.001 0.004 0.655 0.323 
 554 T X   0.003 0.012 0.000 0.004 0.001 0.005 0.659 0.316 
 555 E X   0.003 0.013 0.000 0.005 0.002 0.005 0.664 0.308 
 556 S X   0.003 0.015 0.000 0.008 0.002 0.006 0.668 0.297 
 557 S X   0.004 0.018 0.000 0.011 0.003 0.007 0.672 0.284 
 558 K X   0.004 0.022 0.000 0.016 0.004 0.008 0.677 0.269 
 559 I X   0.004 0.025 0.001 0.020 0.005 0.008 0.683 0.255 
 560 P X   0.004 0.026 0.001 0.022 0.005 0.008 0.690 0.243 
 561 T X   0.004 0.027 0.001 0.023 0.005 0.008 0.699 0.233 
 562 L X   0.004 0.026 0.001 0.022 0.005 0.008 0.710 0.225 
 563 L X   0.004 0.024 0.000 0.019 0.004 0.007 0.722 0.220 
 564 N X   0.003 0.021 0.000 0.015 0.003 0.006 0.735 0.216 
 565 V X   0.003 0.017 0.000 0.011 0.002 0.005 0.749 0.213 
 566 D X   0.003 0.014 0.000 0.008 0.002 0.004 0.761 0.209 
 567 Q X   0.002 0.011 0.000 0.005 0.001 0.003 0.772 0.205 
 568 N X   0.002 0.009 0.000 0.003 0.001 0.003 0.782 0.200 
 569 Q X   0.002 0.008 0.000 0.003 0.001 0.002 0.789 0.196 
 570 E X   0.002 0.007 0.000 0.002 0.001 0.002 0.795 0.191 
 571 K X   0.001 0.007 0.000 0.002 0.001 0.002 0.800 0.187 
 572 Q X   0.001 0.007 0.000 0.002 0.001 0.002 0.803 0.184 
 573 E X   0.001 0.008 0.000 0.002 0.001 0.002 0.805 0.180 
 574 G X   0.001 0.009 0.000 0.003 0.001 0.002 0.807 0.177 
 575 G X   0.001 0.011 0.000 0.003 0.001 0.002 0.808 0.174 
 576 D X   0.001 0.013 0.000 0.004 0.001 0.002 0.808 0.171 
 577 G X   0.001 0.015 0.000 0.004 0.001 0.003 0.808 0.168 
 578 H X   0.001 0.018 0.000 0.004 0.001 0.003 0.807 0.165 
 579 C X   0.001 0.022 0.000 0.005 0.001 0.003 0.806 0.162 
 580 E X   0.001 0.026 0.000 0.006 0.001 0.003 0.805 0.158 
 581 G X   0.001 0.031 0.000 0.006 0.001 0.004 0.803 0.153 
 582 K X   0.001 0.037 0.000 0.007 0.002 0.004 0.802 0.147 
 583 N X   0.002 0.044 0.000 0.009 0.002 0.004 0.799 0.140 
 584 L X   0.001 0.052 0.000 0.010 0.002 0.004 0.797 0.133 
 585 K X   0.001 0.059 0.000 0.012 0.002 0.004 0.795 0.126 
 586 R X   0.001 0.065 0.000 0.013 0.002 0.004 0.794 0.120 
 587 N X   0.001 0.069 0.000 0.014 0.002 0.003 0.794 0.117 
 588 R X   0.001 0.071 0.000 0.014 0.001 0.002 0.795 0.116 
 589 F X   0.000 0.071 0.000 0.012 0.000 0.001 0.796 0.119 
 590 F X   0.000 0.070 0.000 0.011 0.000 0.000 0.794 0.125 
 591 F X   0.000 0.067 0.000 0.011 0.000 0.001 0.789 0.132 
 592 W X   0.002 0.065 0.001 0.020 0.003 0.003 0.768 0.138 
