#TopoPred_TM8: 8-state transmembrane topology prediction results by no_profile mode 
#probabilities are in the order of H E C I L F X _, the 8 transmembrane topology types used in PDBTM 
   1 M X   0.016 0.002 0.003 0.080 0.012 0.013 0.650 0.225 
   2 A X   0.007 0.001 0.000 0.053 0.003 0.007 0.669 0.260 
   3 G X   0.002 0.001 0.000 0.030 0.001 0.005 0.672 0.289 
   4 F X   0.002 0.001 0.000 0.019 0.001 0.004 0.668 0.306 
   5 K X   0.002 0.001 0.000 0.015 0.001 0.005 0.658 0.318 
   6 R X   0.002 0.001 0.000 0.012 0.001 0.006 0.646 0.331 
   7 G X   0.003 0.002 0.000 0.011 0.002 0.007 0.633 0.343 
   8 Y X   0.003 0.003 0.000 0.012 0.002 0.008 0.616 0.355 
   9 D X   0.004 0.004 0.000 0.015 0.003 0.009 0.598 0.367 
  10 G X   0.004 0.006 0.000 0.018 0.004 0.010 0.578 0.380 
  11 K X   0.004 0.009 0.001 0.021 0.004 0.011 0.557 0.393 
  12 I X   0.004 0.011 0.001 0.023 0.005 0.011 0.537 0.408 
  13 A X   0.004 0.013 0.001 0.024 0.005 0.011 0.519 0.424 
  14 G X   0.004 0.014 0.001 0.022 0.005 0.011 0.502 0.442 
  15 L X   0.004 0.014 0.001 0.020 0.005 0.011 0.486 0.461 
  16 Y _   0.004 0.014 0.001 0.016 0.004 0.011 0.471 0.480 
  17 D _   0.004 0.014 0.000 0.013 0.004 0.011 0.456 0.499 
  18 L _   0.004 0.014 0.000 0.010 0.003 0.011 0.442 0.515 
  19 D _   0.005 0.014 0.000 0.009 0.003 0.012 0.427 0.529 
  20 K _   0.006 0.015 0.000 0.009 0.004 0.014 0.412 0.540 
  21 T _   0.007 0.017 0.001 0.010 0.005 0.017 0.396 0.547 
  22 L _   0.009 0.021 0.001 0.013 0.007 0.021 0.378 0.550 
  23 G _   0.012 0.027 0.001 0.017 0.010 0.026 0.359 0.548 
  24 R _   0.014 0.035 0.001 0.023 0.014 0.030 0.340 0.542 
  25 G _   0.017 0.043 0.001 0.030 0.018 0.034 0.322 0.535 
  26 H _   0.020 0.050 0.002 0.035 0.021 0.038 0.304 0.531 
  27 F _   0.022 0.055 0.002 0.039 0.024 0.040 0.288 0.530 
  28 A _   0.025 0.057 0.002 0.040 0.025 0.041 0.275 0.534 
  29 V _   0.027 0.058 0.002 0.039 0.026 0.042 0.263 0.544 
  30 V _   0.030 0.056 0.002 0.036 0.025 0.041 0.253 0.558 
  31 K _   0.031 0.053 0.002 0.031 0.023 0.040 0.244 0.576 
  32 L _   0.033 0.047 0.002 0.026 0.021 0.039 0.237 0.596 
  33 A _   0.035 0.041 0.001 0.021 0.019 0.037 0.230 0.616 
  34 R _   0.035 0.035 0.001 0.017 0.016 0.035 0.224 0.635 
  35 H _   0.035 0.030 0.001 0.014 0.014 0.033 0.219 0.652 
  36 V _   0.035 0.026 0.001 0.013 0.013 0.032 0.214 0.666 
  37 F _   0.035 0.023 0.001 0.012 0.012 0.031 0.209 0.677 
  38 T _   0.034 0.021 0.001 0.012 0.012 0.029 0.205 0.685 
  39 G _   0.034 0.019 0.001 0.013 0.012 0.028 0.201 0.692 
  40 E _   0.033 0.018 0.001 0.014 0.012 0.027 0.198 0.698 
  41 K _   0.031 0.017 0.001 0.015 0.011 0.025 0.194 0.705 
  42 V _   0.029 0.016 0.001 0.016 0.011 0.024 0.191 0.713 
  43 A _   0.026 0.014 0.001 0.015 0.010 0.022 0.189 0.723 
  44 V _   0.024 0.012 0.001 0.014 0.009 0.020 0.186 0.735 
  45 K _   0.022 0.009 0.001 0.012 0.007 0.018 0.184 0.747 
  46 V _   0.019 0.007 0.001 0.010 0.006 0.016 0.181 0.760 
  47 I _   0.018 0.004 0.001 0.007 0.005 0.015 0.178 0.772 
  48 D _   0.016 0.003 0.000 0.006 0.004 0.014 0.175 0.781 
  49 K _   0.015 0.002 0.000 0.004 0.003 0.014 0.172 0.788 
  50 T _   0.015 0.001 0.000 0.003 0.003 0.015 0.169 0.793 
  51 K _   0.017 0.001 0.000 0.003 0.004 0.017 0.165 0.794 
  52 L _   0.019 0.001 0.000 0.004 0.004 0.019 0.161 0.791 
  53 D _   0.023 0.002 0.001 0.004 0.006 0.023 0.156 0.785 
  54 T _   0.029 0.003 0.001 0.006 0.009 0.028 0.151 0.773 
  55 L _   0.036 0.006 0.001 0.010 0.013 0.033 0.146 0.756 
  56 A _   0.043 0.011 0.001 0.014 0.018 0.038 0.140 0.735 
  57 T _   0.049 0.017 0.002 0.020 0.022 0.042 0.134 0.714 
  58 G _   0.054 0.022 0.002 0.025 0.027 0.046 0.129 0.695 
  59 H _   0.058 0.026 0.002 0.030 0.030 0.047 0.125 0.683 
  60 L _   0.060 0.029 0.002 0.032 0.031 0.048 0.121 0.678 
  61 F _   0.061 0.030 0.002 0.032 0.031 0.047 0.118 0.680 
  62 Q _   0.061 0.029 0.002 0.031 0.029 0.045 0.116 0.688 
  63 E _   0.059 0.027 0.002 0.028 0.027 0.042 0.114 0.702 
  64 V _   0.056 0.023 0.002 0.024 0.023 0.038 0.112 0.722 
  65 R _   0.052 0.019 0.001 0.020 0.019 0.034 0.111 0.743 
  66 C _   0.048 0.014 0.001 0.016 0.015 0.031 0.110 0.765 
  67 M _   0.043 0.010 0.001 0.012 0.011 0.027 0.109 0.785 
  68 K _   0.039 0.007 0.001 0.009 0.009 0.024 0.109 0.802 
  69 L _   0.034 0.005 0.001 0.007 0.007 0.021 0.108 0.817 
  70 V _   0.030 0.003 0.001 0.006 0.006 0.019 0.107 0.828 
  71 Q _   0.027 0.002 0.001 0.005 0.005 0.018 0.106 0.836 
  72 H _   0.025 0.002 0.001 0.005 0.005 0.017 0.104 0.842 
  73 P _   0.024 0.002 0.001 0.005 0.005 0.017 0.103 0.844 
  74 N _   0.024 0.002 0.001 0.005 0.005 0.017 0.101 0.844 
  75 I _   0.025 0.002 0.001 0.007 0.006 0.018 0.100 0.842 
  76 V _   0.025 0.003 0.001 0.008 0.007 0.019 0.098 0.840 
  77 R _   0.025 0.004 0.001 0.009 0.007 0.019 0.097 0.838 
  78 L _   0.025 0.005 0.001 0.010 0.008 0.020 0.095 0.836 
  79 Y _   0.025 0.006 0.001 0.010 0.008 0.021 0.094 0.836 
  80 E _   0.024 0.007 0.001 0.010 0.008 0.021 0.092 0.838 
  81 V _   0.024 0.008 0.001 0.009 0.007 0.021 0.091 0.839 
  82 I _   0.023 0.010 0.001 0.008 0.007 0.022 0.089 0.840 
  83 D _   0.023 0.012 0.001 0.008 0.008 0.023 0.087 0.838 
  84 T _   0.024 0.015 0.001 0.009 0.009 0.024 0.085 0.832 
  85 Q _   0.025 0.021 0.001 0.012 0.011 0.026 0.083 0.821 
  86 T _   0.026 0.029 0.001 0.016 0.013 0.027 0.081 0.807 
  87 K _   0.026 0.040 0.001 0.022 0.015 0.028 0.079 0.789 
  88 L _   0.025 0.050 0.001 0.028 0.017 0.028 0.077 0.773 
  89 Y _   0.024 0.059 0.001 0.034 0.017 0.028 0.076 0.761 
  90 L _   0.023 0.065 0.001 0.037 0.017 0.026 0.075 0.756 
  91 I _   0.021 0.067 0.001 0.038 0.016 0.024 0.075 0.758 
  92 L _   0.019 0.067 0.001 0.035 0.014 0.022 0.075 0.768 
  93 E _   0.017 0.064 0.001 0.029 0.011 0.019 0.075 0.784 
  94 L _   0.014 0.057 0.001 0.023 0.009 0.017 0.075 0.804 
  95 G _   0.012 0.050 0.001 0.017 0.007 0.014 0.075 0.824 
  96 D _   0.011 0.043 0.001 0.012 0.005 0.013 0.076 0.840 
  97 G _   0.010 0.038 0.001 0.010 0.004 0.012 0.076 0.850 
  98 G _   0.009 0.035 0.000 0.009 0.004 0.011 0.076 0.856 
  99 D _   0.009 0.033 0.000 0.009 0.004 0.012 0.076 0.856 
 100 M _   0.010 0.033 0.001 0.011 0.004 0.012 0.076 0.853 
 101 F _   0.010 0.034 0.001 0.015 0.005 0.013 0.076 0.847 
 102 D _   0.010 0.035 0.001 0.019 0.006 0.013 0.076 0.840 
 103 Y _   0.010 0.036 0.001 0.022 0.007 0.013 0.076 0.836 
 104 I _   0.010 0.035 0.001 0.024 0.007 0.013 0.076 0.834 
 105 M _   0.009 0.033 0.001 0.024 0.007 0.012 0.077 0.837 
 106 K _   0.009 0.029 0.001 0.022 0.006 0.011 0.078 0.845 
 107 H _   0.008 0.024 0.001 0.018 0.005 0.010 0.079 0.856 
 108 E _   0.007 0.018 0.001 0.014 0.004 0.009 0.080 0.869 
 109 E _   0.006 0.011 0.000 0.010 0.003 0.008 0.080 0.881 
 110 G _   0.006 0.006 0.000 0.006 0.002 0.007 0.081 0.891 
 111 L _   0.006 0.003 0.000 0.004 0.002 0.007 0.081 0.897 
 112 N _   0.006 0.001 0.000 0.003 0.001 0.007 0.080 0.900 
 113 E _   0.008 0.001 0.000 0.002 0.002 0.009 0.079 0.899 
 114 D _   0.013 0.000 0.000 0.002 0.002 0.012 0.078 0.893 
 115 L _   0.022 0.000 0.000 0.003 0.003 0.017 0.076 0.880 
 116 A _   0.038 0.000 0.000 0.004 0.005 0.024 0.073 0.856 
 117 K _   0.063 0.001 0.001 0.005 0.009 0.034 0.069 0.819 
 118 K _   0.095 0.001 0.001 0.007 0.016 0.046 0.065 0.768 
 119 Y _   0.132 0.003 0.002 0.010 0.026 0.058 0.061 0.708 
 120 F _   0.171 0.005 0.002 0.014 0.038 0.069 0.057 0.643 
 121 A _   0.207 0.008 0.002 0.018 0.050 0.078 0.054 0.584 
 122 Q _   0.237 0.011 0.003 0.020 0.059 0.083 0.051 0.536 
 123 I _   0.262 0.013 0.003 0.022 0.065 0.085 0.049 0.501 
 124 V _   0.278 0.015 0.003 0.022 0.068 0.084 0.048 0.483 
 125 H _   0.287 0.016 0.003 0.021 0.067 0.081 0.047 0.480 
 126 A _   0.288 0.016 0.003 0.019 0.064 0.077 0.047 0.488 
 127 I _   0.280 0.015 0.003 0.018 0.059 0.072 0.047 0.506 
 128 S _   0.265 0.014 0.003 0.017 0.053 0.067 0.047 0.535 
 129 Y _   0.242 0.013 0.002 0.016 0.045 0.061 0.048 0.571 
 130 C _   0.215 0.012 0.002 0.016 0.038 0.055 0.050 0.613 
 131 H _   0.185 0.011 0.002 0.017 0.030 0.048 0.052 0.655 
 132 K _   0.154 0.010 0.002 0.017 0.024 0.042 0.054 0.698 
 133 L _   0.123 0.009 0.001 0.017 0.018 0.035 0.056 0.741 
 134 H _   0.095 0.008 0.001 0.015 0.013 0.029 0.058 0.781 
 135 V _   0.071 0.007 0.001 0.013 0.009 0.024 0.059 0.816 
 136 V _   0.052 0.005 0.001 0.010 0.007 0.020 0.060 0.845 
 137 H _   0.038 0.005 0.001 0.008 0.005 0.016 0.061 0.867 
 138 R _   0.028 0.004 0.000 0.006 0.004 0.014 0.062 0.883 
 139 D _   0.021 0.004 0.000 0.005 0.003 0.012 0.062 0.894 
 140 L _   0.016 0.004 0.000 0.004 0.003 0.012 0.062 0.899 
 141 K _   0.014 0.006 0.000 0.004 0.003 0.012 0.061 0.900 
 142 P _   0.013 0.009 0.000 0.005 0.003 0.013 0.060 0.895 
 143 E _   0.014 0.016 0.001 0.007 0.005 0.015 0.059 0.883 
 144 N _   0.015 0.031 0.001 0.011 0.007 0.017 0.058 0.861 
 145 V _   0.016 0.054 0.001 0.016 0.009 0.020 0.056 0.828 
 146 V _   0.017 0.085 0.001 0.021 0.011 0.021 0.054 0.789 
 147 F _   0.016 0.116 0.001 0.027 0.013 0.022 0.052 0.753 
 148 F _   0.016 0.142 0.001 0.031 0.014 0.023 0.051 0.722 
 149 E _   0.015 0.163 0.001 0.034 0.014 0.023 0.049 0.700 
 150 K _   0.014 0.177 0.001 0.036 0.014 0.023 0.048 0.686 
 151 Q _   0.014 0.187 0.001 0.037 0.014 0.022 0.048 0.678 
 152 G _   0.013 0.192 0.001 0.037 0.013 0.021 0.048 0.675 
 153 L _   0.013 0.194 0.001 0.036 0.013 0.020 0.048 0.675 
 154 V _   0.013 0.194 0.001 0.036 0.012 0.019 0.048 0.678 
 155 K _   0.013 0.191 0.001 0.035 0.011 0.018 0.049 0.683 
 156 L _   0.013 0.184 0.001 0.033 0.010 0.016 0.050 0.693 
 157 T _   0.012 0.173 0.001 0.030 0.009 0.015 0.051 0.708 
 158 D _   0.011 0.159 0.001 0.027 0.008 0.013 0.053 0.728 
 159 F _   0.011 0.140 0.001 0.023 0.007 0.012 0.055 0.752 
 160 G _   0.010 0.120 0.001 0.019 0.005 0.011 0.056 0.778 
 161 F _   0.009 0.098 0.001 0.015 0.004 0.010 0.058 0.806 
 162 S _   0.008 0.080 0.000 0.011 0.003 0.009 0.059 0.830 
 163 N _   0.007 0.066 0.000 0.008 0.003 0.008 0.060 0.848 
 164 K _   0.006 0.057 0.000 0.006 0.002 0.007 0.060 0.861 
 165 F _   0.005 0.053 0.000 0.005 0.002 0.007 0.060 0.868 
 166 Q _   0.005 0.051 0.000 0.005 0.002 0.007 0.060 0.871 
 167 P _   0.005 0.052 0.000 0.005 0.002 0.008 0.059 0.870 
 168 G _   0.005 0.056 0.000 0.007 0.002 0.009 0.057 0.864 
 169 K _   0.006 0.064 0.000 0.009 0.003 0.010 0.055 0.852 
 170 K _   0.006 0.077 0.001 0.012 0.004 0.012 0.052 0.835 
 171 L _   0.007 0.096 0.001 0.016 0.006 0.014 0.049 0.810 
 172 T _   0.008 0.121 0.001 0.021 0.007 0.016 0.045 0.781 
 173 T _   0.008 0.147 0.001 0.026 0.009 0.018 0.042 0.749 
 174 S _   0.008 0.172 0.001 0.031 0.011 0.019 0.038 0.720 
 175 C _   0.009 0.194 0.001 0.035 0.012 0.021 0.035 0.692 
 176 G _   0.010 0.213 0.001 0.039 0.014 0.022 0.033 0.669 
 177 S _   0.011 0.228 0.001 0.043 0.015 0.023 0.030 0.649 
 178 L _   0.012 0.238 0.001 0.046 0.016 0.023 0.028 0.635 
 179 A _   0.013 0.243 0.001 0.049 0.017 0.023 0.027 0.626 
 180 Y _   0.013 0.245 0.001 0.051 0.017 0.023 0.026 0.623 
 181 S _   0.014 0.242 0.001 0.052 0.017 0.022 0.025 0.627 
 182 A _   0.014 0.233 0.001 0.051 0.016 0.021 0.025 0.639 
 183 P _   0.015 0.217 0.001 0.048 0.015 0.020 0.025 0.660 
 184 E _   0.015 0.192 0.001 0.042 0.013 0.018 0.025 0.694 
 185 I _   0.016 0.157 0.001 0.034 0.011 0.016 0.025 0.740 
 186 L _   0.016 0.112 0.001 0.026 0.009 0.014 0.025 0.797 
 187 L _   0.016 0.067 0.001 0.017 0.007 0.012 0.026 0.855 
 188 G _   0.016 0.032 0.001 0.010 0.004 0.009 0.025 0.903 
 189 D _   0.017 0.011 0.000 0.005 0.003 0.007 0.025 0.932 
 190 E _   0.019 0.003 0.000 0.003 0.002 0.006 0.024 0.943 
 191 Y _   0.027 0.001 0.000 0.001 0.002 0.005 0.022 0.942 
 192 D _   0.044 0.000 0.000 0.001 0.002 0.005 0.021 0.927 
 193 A _   0.079 0.000 0.000 0.001 0.002 0.006 0.018 0.893 
 194 P _   0.146 0.000 0.000 0.001 0.003 0.007 0.016 0.826 
 195 A _   0.254 0.000 0.001 0.001 0.005 0.009 0.013 0.718 
 196 V _   0.394 0.000 0.001 0.001 0.007 0.010 0.009 0.579 
 197 D H   0.546 0.000 0.001 0.001 0.009 0.011 0.006 0.426 
 198 I H   0.683 0.000 0.001 0.001 0.011 0.011 0.004 0.288 
 199 W H   0.787 0.000 0.001 0.001 0.013 0.010 0.003 0.186 
 200 S H   0.854 0.000 0.001 0.001 0.014 0.009 0.002 0.120 
 201 L H   0.894 0.000 0.001 0.000 0.014 0.008 0.001 0.081 
 202 G H   0.917 0.000 0.001 0.000 0.015 0.007 0.001 0.059 
 203 V H   0.927 0.000 0.001 0.000 0.015 0.006 0.001 0.049 
 204 I H   0.928 0.000 0.001 0.000 0.015 0.006 0.001 0.048 
 205 L H   0.921 0.000 0.001 0.000 0.016 0.006 0.002 0.055 
 206 F H   0.902 0.000 0.001 0.001 0.017 0.006 0.002 0.071 
 207 M H   0.868 0.000 0.001 0.001 0.018 0.007 0.003 0.103 
 208 L H   0.811 0.000 0.002 0.001 0.018 0.008 0.005 0.156 
 209 V H   0.726 0.000 0.002 0.002 0.017 0.009 0.008 0.236 
 210 C H   0.613 0.000 0.002 0.002 0.015 0.009 0.012 0.346 
 211 G H   0.483 0.000 0.001 0.003 0.012 0.010 0.018 0.473 
 212 Q _   0.355 0.000 0.001 0.003 0.009 0.009 0.024 0.599 
 213 P _   0.242 0.000 0.001 0.003 0.006 0.008 0.030 0.710 
 214 P _   0.152 0.000 0.001 0.003 0.004 0.007 0.035 0.798 
 215 F _   0.089 0.000 0.000 0.002 0.003 0.006 0.039 0.860 
 216 Q _   0.050 0.000 0.000 0.002 0.002 0.006 0.041 0.899 
 217 E _   0.029 0.000 0.000 0.002 0.002 0.006 0.043 0.919 
 218 A _   0.019 0.001 0.000 0.002 0.002 0.007 0.044 0.927 
 219 N _   0.015 0.002 0.000 0.003 0.002 0.009 0.044 0.925 
 220 D _   0.015 0.006 0.000 0.005 0.003 0.013 0.045 0.913 
 221 S _   0.016 0.021 0.001 0.010 0.007 0.018 0.044 0.884 
 222 E _   0.018 0.055 0.001 0.020 0.011 0.023 0.043 0.828 
 223 T _   0.019 0.110 0.002 0.033 0.016 0.027 0.042 0.750 
 224 L _   0.019 0.168 0.002 0.047 0.020 0.029 0.040 0.674 
 225 T _   0.018 0.211 0.002 0.059 0.022 0.030 0.040 0.619 
 226 M _   0.017 0.236 0.002 0.066 0.022 0.029 0.039 0.588 
 227 I _   0.016 0.248 0.002 0.069 0.022 0.028 0.040 0.575 
 228 M _   0.015 0.252 0.002 0.067 0.021 0.027 0.041 0.576 
 229 D _   0.015 0.247 0.001 0.061 0.019 0.025 0.043 0.589 
 230 C _   0.014 0.236 0.001 0.052 0.017 0.023 0.045 0.613 
 231 K _   0.014 0.215 0.001 0.041 0.014 0.021 0.048 0.646 
 232 Y _   0.013 0.188 0.001 0.031 0.011 0.019 0.051 0.686 
 233 T _   0.012 0.158 0.001 0.022 0.009 0.017 0.054 0.727 
 234 V _   0.011 0.134 0.001 0.016 0.006 0.015 0.058 0.760 
 235 P _   0.010 0.116 0.001 0.011 0.005 0.014 0.060 0.784 
 236 S _   0.009 0.106 0.000 0.008 0.004 0.013 0.062 0.798 
 237 H _   0.009 0.101 0.000 0.007 0.003 0.012 0.063 0.805 
 238 V _   0.009 0.099 0.000 0.007 0.003 0.013 0.064 0.805 
 239 S _   0.009 0.101 0.000 0.008 0.004 0.014 0.065 0.799 
 240 K _   0.010 0.107 0.001 0.011 0.005 0.015 0.065 0.787 
 241 E _   0.011 0.116 0.001 0.015 0.007 0.017 0.066 0.769 
 242 C _   0.012 0.129 0.001 0.021 0.009 0.018 0.066 0.743 
 243 K _   0.013 0.144 0.001 0.029 0.011 0.020 0.066 0.716 
 244 D _   0.014 0.157 0.001 0.037 0.012 0.020 0.067 0.691 
 245 L _   0.014 0.165 0.001 0.044 0.013 0.021 0.068 0.673 
 246 I _   0.015 0.169 0.001 0.048 0.014 0.020 0.070 0.664 
 247 T _   0.014 0.167 0.001 0.049 0.013 0.019 0.072 0.665 
 248 R _   0.014 0.159 0.001 0.045 0.012 0.017 0.076 0.676 
 249 M _   0.013 0.144 0.001 0.038 0.010 0.015 0.080 0.698 
 250 L _   0.012 0.121 0.001 0.029 0.008 0.013 0.084 0.732 
 251 Q _   0.011 0.092 0.001 0.020 0.006 0.011 0.089 0.770 
 252 R _   0.009 0.065 0.001 0.013 0.004 0.010 0.093 0.805 
 253 D _   0.008 0.046 0.000 0.008 0.003 0.008 0.097 0.830 
 254 P _   0.007 0.036 0.000 0.005 0.002 0.007 0.099 0.844 
 255 K _   0.006 0.031 0.000 0.004 0.002 0.007 0.100 0.850 
 256 R _   0.006 0.030 0.000 0.004 0.002 0.007 0.101 0.851 
 257 R _   0.006 0.031 0.000 0.005 0.002 0.007 0.101 0.848 
 258 A _   0.006 0.034 0.000 0.008 0.003 0.009 0.101 0.841 
 259 S _   0.006 0.039 0.000 0.011 0.003 0.010 0.100 0.829 
 260 L _   0.006 0.047 0.001 0.016 0.004 0.011 0.099 0.815 
 261 E _   0.007 0.056 0.001 0.022 0.006 0.012 0.098 0.799 
 262 E _   0.007 0.064 0.001 0.027 0.006 0.013 0.097 0.785 
 263 I _   0.007 0.070 0.001 0.032 0.007 0.013 0.096 0.774 
 264 E _   0.007 0.074 0.001 0.035 0.008 0.013 0.096 0.767 
 265 N _   0.007 0.075 0.001 0.036 0.008 0.013 0.096 0.764 
 266 H _   0.007 0.074 0.001 0.035 0.008 0.013 0.097 0.766 
 267 P _   0.007 0.071 0.001 0.033 0.007 0.012 0.099 0.771 
 268 W _   0.007 0.065 0.001 0.029 0.006 0.011 0.101 0.780 
 269 L _   0.007 0.056 0.001 0.024 0.006 0.010 0.104 0.792 
 270 Q _   0.007 0.046 0.001 0.019 0.005 0.009 0.106 0.808 
 271 G _   0.006 0.035 0.000 0.014 0.004 0.008 0.109 0.824 
 272 V _   0.006 0.026 0.000 0.010 0.003 0.007 0.110 0.837 
 273 D _   0.005 0.020 0.000 0.007 0.002 0.006 0.112 0.847 
 274 P _   0.005 0.016 0.000 0.005 0.002 0.006 0.112 0.853 
 275 S _   0.005 0.014 0.000 0.005 0.002 0.006 0.113 0.856 
 276 P _   0.005 0.014 0.000 0.005 0.002 0.007 0.112 0.855 
 277 A _   0.005 0.015 0.000 0.007 0.002 0.008 0.112 0.851 
 278 T _   0.006 0.017 0.000 0.010 0.003 0.009 0.111 0.844 
 279 K _   0.006 0.020 0.000 0.014 0.004 0.011 0.110 0.834 
 280 Y _   0.007 0.025 0.001 0.020 0.006 0.012 0.109 0.822 
 281 N _   0.007 0.029 0.001 0.026 0.007 0.013 0.107 0.810 
 282 I _   0.007 0.031 0.001 0.031 0.007 0.013 0.107 0.802 
 283 P _   0.007 0.033 0.001 0.033 0.008 0.014 0.106 0.799 
 284 L _   0.007 0.032 0.001 0.032 0.008 0.013 0.106 0.801 
 285 V _   0.007 0.030 0.001 0.029 0.007 0.012 0.107 0.807 
 286 S _   0.007 0.026 0.001 0.024 0.006 0.011 0.108 0.818 
 287 Y _   0.006 0.021 0.001 0.018 0.005 0.010 0.109 0.831 
 288 K _   0.006 0.015 0.000 0.012 0.004 0.009 0.110 0.844 
 289 N _   0.006 0.010 0.000 0.008 0.003 0.009 0.110 0.854 
 290 L _   0.006 0.007 0.000 0.005 0.002 0.009 0.111 0.860 
 291 S _   0.006 0.005 0.000 0.004 0.002 0.010 0.111 0.862 
 292 E _   0.008 0.005 0.000 0.003 0.002 0.011 0.110 0.860 
 293 E _   0.010 0.005 0.000 0.004 0.003 0.014 0.109 0.854 
 294 E _   0.015 0.007 0.000 0.005 0.005 0.019 0.108 0.842 
 295 H _   0.020 0.012 0.001 0.009 0.008 0.025 0.106 0.820 
 296 N _   0.027 0.022 0.001 0.015 0.014 0.032 0.103 0.786 
 297 S _   0.034 0.039 0.002 0.025 0.021 0.039 0.100 0.742 
 298 I _   0.039 0.059 0.002 0.037 0.028 0.043 0.097 0.694 
 299 I _   0.042 0.076 0.002 0.050 0.033 0.046 0.095 0.655 
 300 Q _   0.044 0.086 0.002 0.060 0.035 0.047 0.094 0.632 
 301 R _   0.044 0.090 0.002 0.064 0.035 0.045 0.094 0.626 
 302 M _   0.042 0.090 0.002 0.062 0.032 0.042 0.094 0.636 
 303 V _   0.040 0.083 0.002 0.054 0.028 0.038 0.095 0.660 
 304 L _   0.036 0.071 0.002 0.042 0.022 0.034 0.097 0.696 
 305 G _   0.031 0.054 0.002 0.029 0.017 0.029 0.099 0.739 
 306 D _   0.027 0.035 0.001 0.019 0.011 0.025 0.101 0.781 
 307 I _   0.022 0.021 0.001 0.011 0.008 0.022 0.102 0.813 
 308 A _   0.019 0.013 0.001 0.007 0.006 0.019 0.103 0.832 
 309 D _   0.016 0.009 0.000 0.006 0.004 0.018 0.104 0.842 
 310 R _   0.015 0.008 0.000 0.006 0.004 0.017 0.104 0.845 
 311 D _   0.015 0.007 0.001 0.008 0.005 0.018 0.104 0.842 
 312 A _   0.015 0.008 0.001 0.011 0.006 0.018 0.104 0.837 
 313 I _   0.016 0.008 0.001 0.015 0.007 0.019 0.104 0.830 
 314 V _   0.017 0.009 0.001 0.018 0.008 0.019 0.104 0.824 
 315 E _   0.018 0.009 0.001 0.019 0.008 0.019 0.104 0.821 
 316 A _   0.020 0.008 0.001 0.018 0.008 0.019 0.105 0.821 
 317 L _   0.022 0.006 0.001 0.015 0.007 0.019 0.105 0.824 
 318 E _   0.026 0.004 0.001 0.011 0.006 0.018 0.105 0.828 
 319 T _   0.033 0.002 0.001 0.007 0.005 0.018 0.105 0.828 
 320 N _   0.043 0.001 0.001 0.004 0.005 0.019 0.105 0.822 
 321 R _   0.060 0.000 0.001 0.002 0.005 0.021 0.105 0.806 
 322 Y _   0.087 0.000 0.001 0.002 0.006 0.025 0.105 0.776 
 323 N _   0.126 0.000 0.001 0.002 0.009 0.030 0.104 0.729 
 324 H _   0.176 0.000 0.001 0.002 0.014 0.038 0.104 0.666 
 325 I _   0.229 0.001 0.001 0.003 0.023 0.046 0.104 0.593 
 326 T _   0.278 0.003 0.002 0.006 0.034 0.053 0.105 0.519 
 327 A _   0.314 0.007 0.002 0.011 0.046 0.058 0.107 0.454 
 328 T _   0.337 0.014 0.003 0.017 0.054 0.060 0.110 0.405 
 329 Y _   0.345 0.021 0.003 0.024 0.058 0.060 0.115 0.375 
 330 F _   0.339 0.025 0.003 0.029 0.058 0.057 0.121 0.368 
 331 L _   0.321 0.026 0.003 0.032 0.055 0.053 0.129 0.381 
 332 L _   0.292 0.026 0.003 0.032 0.048 0.048 0.138 0.413 
 333 A _   0.256 0.023 0.003 0.028 0.040 0.042 0.149 0.461 
 334 E _   0.213 0.017 0.002 0.022 0.029 0.035 0.160 0.521 
 335 R _   0.169 0.011 0.002 0.015 0.019 0.028 0.172 0.583 
 336 I _   0.127 0.006 0.001 0.010 0.012 0.022 0.183 0.638 
 337 L _   0.091 0.003 0.001 0.007 0.007 0.017 0.193 0.681 
 338 R _   0.063 0.002 0.001 0.005 0.005 0.014 0.200 0.711 
 339 E _   0.043 0.001 0.000 0.004 0.003 0.011 0.207 0.730 
 340 K _   0.030 0.001 0.000 0.004 0.003 0.010 0.212 0.741 
 341 Q _   0.021 0.001 0.000 0.004 0.002 0.009 0.216 0.746 
 342 E _   0.015 0.001 0.000 0.005 0.002 0.008 0.220 0.748 
 343 K _   0.012 0.001 0.000 0.006 0.002 0.007 0.222 0.748 
 344 E _   0.010 0.002 0.000 0.006 0.002 0.007 0.225 0.748 
 345 I _   0.008 0.002 0.000 0.007 0.002 0.007 0.227 0.746 
 346 Q _   0.007 0.003 0.000 0.007 0.002 0.007 0.228 0.746 
 347 T _   0.006 0.003 0.000 0.006 0.002 0.006 0.230 0.745 
 348 R _   0.006 0.004 0.000 0.006 0.002 0.006 0.230 0.745 
 349 S _   0.005 0.005 0.000 0.006 0.002 0.006 0.231 0.745 
 350 A _   0.005 0.006 0.000 0.006 0.002 0.006 0.231 0.744 
 351 S _   0.005 0.007 0.000 0.006 0.002 0.007 0.231 0.741 
 352 P _   0.005 0.010 0.000 0.007 0.003 0.008 0.231 0.736 
 353 S _   0.006 0.015 0.000 0.009 0.003 0.009 0.230 0.728 
 354 N _   0.006 0.021 0.001 0.012 0.004 0.011 0.228 0.716 
 355 I _   0.007 0.030 0.001 0.017 0.005 0.012 0.227 0.701 
 356 K _   0.008 0.039 0.001 0.022 0.007 0.014 0.225 0.684 
 357 A _   0.008 0.048 0.001 0.027 0.008 0.015 0.224 0.669 
 358 Q _   0.008 0.054 0.001 0.032 0.009 0.015 0.224 0.658 
 359 F _   0.009 0.058 0.001 0.034 0.009 0.015 0.224 0.651 
 360 R _   0.009 0.059 0.001 0.034 0.009 0.015 0.225 0.648 
 361 Q _   0.008 0.059 0.001 0.033 0.008 0.014 0.228 0.649 
 362 S _   0.008 0.056 0.001 0.030 0.008 0.013 0.231 0.654 
 363 W _   0.008 0.052 0.001 0.026 0.007 0.012 0.235 0.661 
 364 P _   0.008 0.045 0.001 0.021 0.006 0.011 0.239 0.669 
 365 T _   0.008 0.039 0.001 0.017 0.005 0.009 0.244 0.678 
 366 K _   0.007 0.032 0.000 0.013 0.004 0.008 0.249 0.687 
 367 I _   0.007 0.026 0.000 0.010 0.003 0.007 0.253 0.694 
 368 D _   0.006 0.021 0.000 0.008 0.002 0.006 0.256 0.700 
 369 V _   0.006 0.017 0.000 0.006 0.002 0.006 0.259 0.704 
 370 P _   0.005 0.015 0.000 0.005 0.002 0.005 0.260 0.707 
 371 Q _   0.005 0.014 0.000 0.004 0.001 0.005 0.261 0.709 
 372 D _   0.005 0.014 0.000 0.004 0.001 0.005 0.261 0.710 
 373 L _   0.004 0.015 0.000 0.004 0.001 0.005 0.261 0.709 
 374 E _   0.004 0.017 0.000 0.005 0.002 0.006 0.259 0.708 
 375 D _   0.005 0.020 0.000 0.006 0.002 0.006 0.257 0.704 
 376 D _   0.005 0.027 0.000 0.008 0.003 0.007 0.253 0.697 
 377 L _   0.005 0.037 0.000 0.010 0.003 0.008 0.249 0.687 
 378 T _   0.005 0.050 0.001 0.013 0.004 0.009 0.245 0.673 
 379 A _   0.005 0.067 0.001 0.016 0.005 0.010 0.240 0.657 
 380 T _   0.005 0.083 0.001 0.018 0.005 0.011 0.235 0.642 
 381 P _   0.005 0.098 0.001 0.020 0.006 0.011 0.231 0.628 
 382 L _   0.005 0.111 0.001 0.021 0.006 0.011 0.227 0.618 
 383 S _   0.005 0.121 0.001 0.020 0.005 0.011 0.224 0.612 
 384 H _   0.005 0.129 0.001 0.019 0.005 0.011 0.222 0.609 
 385 A _   0.005 0.135 0.001 0.018 0.005 0.010 0.220 0.607 
 386 T _   0.005 0.140 0.001 0.016 0.005 0.010 0.218 0.606 
 387 V _   0.005 0.145 0.001 0.015 0.004 0.010 0.217 0.604 
 388 P _   0.005 0.150 0.001 0.014 0.004 0.010 0.215 0.601 
 389 Q _   0.005 0.156 0.001 0.014 0.004 0.010 0.214 0.596 
 390 S _   0.005 0.163 0.001 0.015 0.005 0.011 0.212 0.588 
 391 P _   0.005 0.172 0.001 0.016 0.005 0.011 0.211 0.578 
 392 A _   0.006 0.182 0.001 0.018 0.006 0.012 0.210 0.566 
 393 R _   0.006 0.192 0.001 0.021 0.006 0.012 0.209 0.553 
 394 A _   0.006 0.201 0.001 0.023 0.007 0.012 0.208 0.542 
 395 A _   0.006 0.209 0.001 0.026 0.007 0.012 0.208 0.531 
 396 D _   0.006 0.213 0.001 0.028 0.007 0.012 0.209 0.524 
 397 S _   0.006 0.215 0.001 0.029 0.007 0.012 0.210 0.520 
 398 V _   0.006 0.214 0.001 0.029 0.007 0.011 0.212 0.519 
 399 L _   0.006 0.210 0.001 0.029 0.007 0.011 0.215 0.521 
 400 N _   0.006 0.203 0.001 0.028 0.006 0.011 0.219 0.526 
 401 G _   0.006 0.191 0.001 0.027 0.006 0.010 0.224 0.534 
 402 H _   0.007 0.176 0.001 0.025 0.006 0.010 0.230 0.546 
 403 R _   0.007 0.158 0.001 0.022 0.005 0.010 0.237 0.560 
 404 S _   0.007 0.137 0.001 0.020 0.005 0.009 0.245 0.577 
 405 K _   0.007 0.115 0.001 0.017 0.004 0.009 0.253 0.594 
 406 G _   0.007 0.094 0.001 0.014 0.003 0.008 0.261 0.611 
 407 L _   0.006 0.076 0.000 0.012 0.003 0.007 0.268 0.627 
 408 C _   0.006 0.062 0.000 0.009 0.002 0.006 0.274 0.640 
 409 D _   0.005 0.051 0.000 0.007 0.002 0.006 0.278 0.650 
 410 S _   0.005 0.044 0.000 0.006 0.001 0.005 0.281 0.658 
 411 A _   0.004 0.040 0.000 0.005 0.001 0.005 0.283 0.663 
 412 K _   0.004 0.037 0.000 0.004 0.001 0.004 0.283 0.667 
 413 K _   0.003 0.037 0.000 0.004 0.001 0.004 0.283 0.668 
 414 D _   0.003 0.038 0.000 0.004 0.001 0.005 0.281 0.668 
 415 D _   0.003 0.041 0.000 0.005 0.002 0.006 0.278 0.664 
 416 L _   0.004 0.049 0.000 0.008 0.002 0.007 0.274 0.657 
 417 P _   0.004 0.061 0.000 0.011 0.003 0.009 0.269 0.643 
 418 E _   0.005 0.080 0.001 0.016 0.004 0.010 0.262 0.622 
 419 L _   0.005 0.104 0.001 0.022 0.005 0.011 0.255 0.596 
 420 A _   0.005 0.128 0.001 0.028 0.007 0.012 0.248 0.571 
 421 G _   0.005 0.148 0.001 0.032 0.007 0.013 0.243 0.552 
 422 P _   0.005 0.162 0.001 0.035 0.007 0.013 0.239 0.539 
 423 A _   0.005 0.171 0.001 0.036 0.007 0.012 0.236 0.532 
 424 L _   0.005 0.176 0.001 0.035 0.007 0.012 0.234 0.531 
 425 S _   0.005 0.176 0.001 0.032 0.007 0.011 0.234 0.534 
 426 T _   0.005 0.174 0.001 0.029 0.006 0.011 0.234 0.540 
 427 V _   0.005 0.170 0.001 0.025 0.006 0.010 0.235 0.549 
 428 P _   0.005 0.163 0.001 0.021 0.005 0.010 0.237 0.559 
 429 P _   0.005 0.155 0.001 0.018 0.004 0.009 0.239 0.570 
 430 A _   0.005 0.146 0.001 0.014 0.004 0.009 0.241 0.580 
 431 S _   0.005 0.138 0.000 0.012 0.003 0.008 0.243 0.590 
 432 L _   0.005 0.132 0.000 0.010 0.003 0.008 0.245 0.597 
 433 K _   0.005 0.127 0.000 0.009 0.003 0.008 0.246 0.602 
 434 P _   0.005 0.124 0.000 0.008 0.003 0.008 0.247 0.605 
 435 T _   0.005 0.123 0.000 0.009 0.003 0.008 0.248 0.604 
 436 A _   0.005 0.124 0.000 0.011 0.003 0.009 0.248 0.600 
 437 S _   0.005 0.126 0.000 0.013 0.004 0.009 0.248 0.594 
 438 G _   0.006 0.129 0.001 0.017 0.004 0.010 0.249 0.585 
 439 R _   0.006 0.132 0.001 0.021 0.005 0.011 0.249 0.576 
 440 K _   0.006 0.134 0.001 0.025 0.006 0.011 0.251 0.567 
 441 C _   0.007 0.134 0.001 0.028 0.006 0.011 0.252 0.561 
 442 L _   0.007 0.131 0.001 0.030 0.006 0.011 0.255 0.559 
 443 F _   0.007 0.126 0.001 0.029 0.006 0.010 0.259 0.563 
 444 R _   0.006 0.116 0.001 0.027 0.005 0.010 0.264 0.571 
 445 V _   0.006 0.102 0.001 0.023 0.005 0.009 0.269 0.586 
 446 E _   0.006 0.084 0.001 0.018 0.004 0.008 0.275 0.604 
 447 E _   0.006 0.066 0.000 0.013 0.003 0.007 0.281 0.624 
 448 D _   0.005 0.050 0.000 0.009 0.002 0.006 0.285 0.642 
 449 E _   0.005 0.039 0.000 0.006 0.002 0.005 0.289 0.655 
 450 E _   0.004 0.032 0.000 0.004 0.001 0.004 0.290 0.663 
 451 E _   0.004 0.029 0.000 0.003 0.001 0.004 0.291 0.668 
 452 D _   0.003 0.028 0.000 0.003 0.001 0.004 0.290 0.671 
 453 E _   0.003 0.029 0.000 0.003 0.001 0.005 0.287 0.671 
 454 E _   0.004 0.032 0.000 0.004 0.001 0.006 0.284 0.669 
 455 D _   0.005 0.039 0.000 0.006 0.002 0.009 0.277 0.661 
 456 K _   0.006 0.056 0.000 0.010 0.004 0.012 0.269 0.643 
 457 K _   0.007 0.090 0.001 0.016 0.006 0.016 0.256 0.608 
 458 P _   0.009 0.148 0.001 0.024 0.010 0.019 0.239 0.549 
 459 M _   0.009 0.227 0.002 0.032 0.013 0.022 0.221 0.474 
 460 S _   0.009 0.316 0.002 0.039 0.016 0.022 0.203 0.393 
 461 L E   0.008 0.396 0.002 0.044 0.016 0.022 0.189 0.324 
 462 S E   0.007 0.452 0.002 0.046 0.016 0.021 0.180 0.277 
 463 T E   0.007 0.487 0.001 0.047 0.015 0.019 0.173 0.251 
 464 Q E   0.007 0.507 0.001 0.046 0.014 0.018 0.170 0.238 
 465 V E   0.007 0.516 0.001 0.044 0.013 0.017 0.168 0.234 
 466 V E   0.007 0.518 0.001 0.041 0.012 0.016 0.167 0.238 
 467 L E   0.007 0.513 0.001 0.037 0.011 0.015 0.167 0.248 
 468 R E   0.007 0.501 0.001 0.033 0.011 0.014 0.168 0.265 
 469 R E   0.008 0.481 0.001 0.028 0.010 0.013 0.170 0.288 
 470 K E   0.008 0.454 0.001 0.024 0.009 0.013 0.174 0.318 
 471 P E   0.008 0.424 0.001 0.020 0.008 0.012 0.177 0.349 
 472 S E   0.008 0.395 0.001 0.017 0.007 0.012 0.181 0.379 
 473 V _   0.008 0.368 0.001 0.015 0.006 0.011 0.185 0.406 
 474 T _   0.008 0.347 0.001 0.012 0.005 0.011 0.189 0.428 
 475 N _   0.007 0.331 0.001 0.010 0.004 0.010 0.192 0.446 
 476 R _   0.007 0.319 0.000 0.009 0.003 0.010 0.194 0.458 
 477 L _   0.006 0.310 0.000 0.008 0.003 0.010 0.196 0.467 
 478 T _   0.006 0.305 0.000 0.007 0.003 0.009 0.197 0.472 
 479 S _   0.005 0.303 0.000 0.007 0.003 0.010 0.198 0.473 
 480 R _   0.005 0.305 0.000 0.008 0.003 0.010 0.198 0.470 
 481 K _   0.006 0.311 0.000 0.010 0.004 0.011 0.198 0.461 
 482 S _   0.006 0.321 0.001 0.013 0.005 0.012 0.197 0.445 
 483 A _   0.006 0.338 0.001 0.018 0.006 0.013 0.197 0.422 
 484 P _   0.007 0.358 0.001 0.024 0.008 0.014 0.196 0.393 
 485 V E   0.007 0.378 0.001 0.031 0.009 0.014 0.196 0.364 
 486 L E   0.007 0.392 0.001 0.038 0.010 0.014 0.196 0.341 
 487 N E   0.007 0.400 0.001 0.044 0.010 0.014 0.198 0.326 
 488 Q E   0.007 0.401 0.001 0.047 0.011 0.014 0.202 0.319 
 489 I E   0.007 0.394 0.001 0.048 0.010 0.013 0.207 0.320 
 490 F E   0.007 0.379 0.001 0.046 0.010 0.012 0.214 0.332 
 491 E _   0.007 0.349 0.001 0.042 0.010 0.012 0.225 0.355 
 492 E _   0.007 0.304 0.001 0.036 0.009 0.011 0.239 0.392 
 493 G _   0.008 0.246 0.001 0.029 0.008 0.011 0.258 0.439 
 494 E _   0.008 0.187 0.001 0.023 0.006 0.010 0.278 0.488 
 495 S _   0.008 0.137 0.001 0.016 0.005 0.009 0.296 0.528 
 496 D _   0.007 0.102 0.001 0.011 0.003 0.008 0.311 0.556 
 497 D _   0.006 0.081 0.000 0.008 0.002 0.007 0.322 0.573 
 498 E _   0.005 0.068 0.000 0.006 0.002 0.006 0.330 0.582 
 499 F _   0.004 0.061 0.000 0.005 0.001 0.005 0.336 0.587 
 500 D _   0.004 0.058 0.000 0.005 0.001 0.005 0.339 0.588 
 501 M _   0.003 0.056 0.000 0.004 0.001 0.005 0.342 0.589 
 502 D _   0.003 0.056 0.000 0.005 0.001 0.005 0.342 0.587 
 503 E _   0.003 0.058 0.000 0.005 0.001 0.006 0.342 0.584 
 504 N _   0.003 0.062 0.000 0.006 0.002 0.006 0.341 0.580 
 505 L _   0.003 0.068 0.000 0.007 0.002 0.007 0.339 0.572 
 506 P _   0.004 0.078 0.000 0.009 0.003 0.008 0.336 0.561 
 507 P _   0.004 0.093 0.000 0.012 0.003 0.010 0.333 0.544 
 508 K _   0.004 0.113 0.001 0.016 0.005 0.011 0.329 0.522 
 509 L _   0.005 0.136 0.001 0.020 0.006 0.012 0.324 0.497 
 510 S _   0.005 0.160 0.001 0.023 0.007 0.013 0.321 0.471 
 511 R _   0.005 0.181 0.001 0.026 0.007 0.014 0.318 0.448 
 512 L _   0.005 0.199 0.001 0.029 0.008 0.014 0.316 0.428 
 513 K _   0.005 0.213 0.001 0.031 0.008 0.014 0.315 0.413 
 514 M _   0.006 0.221 0.001 0.032 0.009 0.014 0.316 0.402 
 515 N _   0.006 0.226 0.001 0.032 0.009 0.014 0.317 0.396 
 516 I _   0.006 0.228 0.001 0.031 0.009 0.014 0.320 0.392 
 517 A _   0.006 0.226 0.001 0.030 0.008 0.013 0.323 0.392 
 518 S _   0.006 0.221 0.001 0.028 0.008 0.013 0.328 0.395 
 519 P _   0.006 0.214 0.001 0.026 0.007 0.012 0.334 0.399 
 520 G _   0.007 0.204 0.001 0.024 0.007 0.012 0.341 0.405 
 521 T _   0.007 0.190 0.001 0.022 0.007 0.011 0.349 0.413 
 522 V _   0.007 0.175 0.001 0.020 0.006 0.011 0.358 0.422 
 523 H _   0.007 0.158 0.001 0.018 0.006 0.010 0.368 0.433 
 524 K _   0.006 0.142 0.001 0.016 0.005 0.010 0.377 0.443 
 525 R _   0.006 0.126 0.001 0.014 0.004 0.009 0.387 0.453 
 526 Y _   0.005 0.112 0.001 0.013 0.004 0.008 0.396 0.462 
 527 H _   0.005 0.100 0.000 0.011 0.003 0.007 0.404 0.469 
 528 R _   0.004 0.090 0.000 0.010 0.003 0.007 0.412 0.474 
 529 R _   0.004 0.083 0.000 0.009 0.002 0.006 0.418 0.477 
 530 K _   0.004 0.077 0.000 0.008 0.002 0.006 0.424 0.479 
 531 S _   0.003 0.073 0.000 0.008 0.002 0.005 0.429 0.479 
 532 Q _   0.003 0.070 0.000 0.008 0.002 0.005 0.434 0.478 
 533 G _   0.003 0.068 0.000 0.008 0.002 0.005 0.438 0.475 
 534 R _   0.003 0.067 0.000 0.009 0.002 0.005 0.442 0.473 
 535 G _   0.003 0.067 0.000 0.009 0.002 0.005 0.445 0.469 
 536 S _   0.003 0.066 0.000 0.010 0.002 0.005 0.448 0.465 
 537 S _   0.003 0.066 0.000 0.011 0.002 0.005 0.452 0.462 
 538 C _   0.002 0.065 0.000 0.011 0.002 0.005 0.455 0.458 
 539 S X   0.002 0.065 0.000 0.012 0.002 0.005 0.459 0.454 
 540 S X   0.002 0.064 0.000 0.012 0.002 0.005 0.463 0.451 
 541 S X   0.002 0.063 0.000 0.012 0.002 0.005 0.467 0.448 
 542 E X   0.002 0.062 0.000 0.012 0.002 0.005 0.471 0.446 
 543 T X   0.002 0.060 0.000 0.011 0.002 0.005 0.476 0.443 
 544 S X   0.002 0.059 0.000 0.011 0.002 0.005 0.481 0.441 
 545 D X   0.002 0.057 0.000 0.010 0.002 0.005 0.486 0.438 
 546 D X   0.002 0.056 0.000 0.010 0.002 0.005 0.491 0.434 
 547 D X   0.002 0.054 0.000 0.009 0.002 0.005 0.497 0.431 
 548 S X   0.002 0.053 0.000 0.009 0.002 0.005 0.502 0.427 
 549 E X   0.002 0.053 0.000 0.009 0.002 0.005 0.508 0.422 
 550 S X   0.002 0.052 0.000 0.009 0.002 0.005 0.513 0.417 
 551 R X   0.002 0.052 0.000 0.009 0.002 0.005 0.519 0.411 
 552 R X   0.002 0.052 0.000 0.009 0.002 0.006 0.525 0.404 
 553 R X   0.003 0.052 0.000 0.009 0.002 0.006 0.530 0.397 
 554 L X   0.003 0.053 0.000 0.010 0.002 0.006 0.536 0.389 
 555 D X   0.003 0.054 0.000 0.012 0.003 0.007 0.542 0.379 
 556 K X   0.003 0.055 0.000 0.014 0.003 0.008 0.548 0.368 
 557 D X   0.003 0.057 0.000 0.017 0.004 0.008 0.555 0.356 
 558 S X   0.004 0.058 0.000 0.020 0.004 0.009 0.563 0.343 
 559 G X   0.004 0.058 0.001 0.023 0.005 0.009 0.572 0.329 
 560 F X   0.004 0.057 0.001 0.025 0.005 0.009 0.583 0.315 
 561 T X   0.004 0.055 0.001 0.026 0.005 0.009 0.596 0.303 
 562 Y X   0.004 0.052 0.001 0.025 0.005 0.009 0.611 0.294 
 563 S X   0.004 0.046 0.001 0.023 0.005 0.008 0.627 0.287 
 564 W X   0.004 0.039 0.001 0.019 0.004 0.007 0.644 0.283 
 565 H X   0.004 0.030 0.000 0.015 0.003 0.006 0.662 0.280 
 566 R X   0.003 0.022 0.000 0.011 0.002 0.005 0.678 0.278 
 567 R X   0.003 0.015 0.000 0.008 0.002 0.004 0.693 0.275 
 568 D X   0.003 0.009 0.000 0.005 0.001 0.003 0.706 0.272 
 569 S X   0.002 0.006 0.000 0.004 0.001 0.003 0.716 0.268 
 570 S X   0.002 0.004 0.000 0.003 0.001 0.002 0.723 0.264 
 571 E X   0.002 0.003 0.000 0.003 0.001 0.002 0.729 0.261 
 572 G X   0.002 0.003 0.000 0.002 0.001 0.002 0.733 0.258 
 573 P X   0.002 0.002 0.000 0.003 0.001 0.002 0.735 0.256 
 574 P X   0.002 0.002 0.000 0.003 0.001 0.002 0.736 0.254 
 575 G X   0.002 0.002 0.000 0.003 0.001 0.002 0.737 0.253 
 576 S X   0.001 0.002 0.000 0.004 0.001 0.003 0.737 0.253 
 577 E X   0.001 0.002 0.000 0.004 0.001 0.003 0.736 0.253 
 578 G X   0.001 0.002 0.000 0.004 0.001 0.003 0.734 0.254 
 579 D X   0.001 0.003 0.000 0.005 0.001 0.003 0.732 0.255 
 580 G X   0.001 0.003 0.000 0.005 0.001 0.003 0.729 0.258 
 581 G X   0.001 0.003 0.000 0.005 0.001 0.003 0.726 0.261 
 582 G X   0.001 0.003 0.000 0.005 0.001 0.003 0.722 0.264 
 583 Q X   0.001 0.004 0.000 0.005 0.001 0.003 0.718 0.268 
 584 S X   0.001 0.004 0.000 0.005 0.001 0.003 0.713 0.273 
 585 K X   0.001 0.004 0.000 0.006 0.001 0.003 0.707 0.277 
 586 P X   0.001 0.005 0.000 0.007 0.001 0.003 0.700 0.282 
 587 S X   0.001 0.006 0.000 0.008 0.001 0.004 0.693 0.286 
 588 N X   0.001 0.007 0.000 0.009 0.002 0.004 0.686 0.291 
 589 A X   0.002 0.008 0.000 0.011 0.002 0.004 0.678 0.295 
 590 S X   0.002 0.009 0.000 0.012 0.002 0.005 0.670 0.300 
 591 G X   0.002 0.010 0.000 0.014 0.002 0.005 0.663 0.305 
 592 G X   0.002 0.011 0.000 0.014 0.002 0.005 0.656 0.311 
 593 V X   0.002 0.011 0.000 0.014 0.002 0.005 0.649 0.318 
 594 D X   0.002 0.011 0.000 0.013 0.002 0.005 0.642 0.326 
 595 K X   0.002 0.011 0.000 0.011 0.002 0.004 0.636 0.334 
 596 A X   0.002 0.010 0.000 0.010 0.002 0.004 0.629 0.343 
 597 S X   0.002 0.010 0.000 0.009 0.001 0.004 0.622 0.352 
 598 P X   0.002 0.010 0.000 0.008 0.001 0.004 0.615 0.360 
 599 S X   0.002 0.010 0.000 0.007 0.001 0.004 0.607 0.368 
 600 E X   0.002 0.010 0.000 0.008 0.001 0.004 0.599 0.376 
 601 N X   0.002 0.011 0.000 0.008 0.001 0.004 0.589 0.384 
 602 N X   0.002 0.012 0.000 0.009 0.002 0.005 0.577 0.393 
 603 A X   0.002 0.013 0.000 0.011 0.002 0.005 0.565 0.403 
 604 G X   0.002 0.014 0.000 0.012 0.002 0.005 0.551 0.413 
 605 G X   0.002 0.016 0.000 0.013 0.002 0.006 0.537 0.424 
 606 G X   0.002 0.017 0.000 0.015 0.002 0.006 0.522 0.435 
 607 S X   0.002 0.019 0.000 0.015 0.003 0.006 0.508 0.447 
 608 P X   0.002 0.020 0.000 0.015 0.003 0.006 0.493 0.460 
 609 S X   0.002 0.021 0.000 0.015 0.002 0.006 0.479 0.474 
 610 S _   0.002 0.022 0.000 0.014 0.002 0.006 0.465 0.488 
 611 G _   0.002 0.023 0.000 0.013 0.002 0.006 0.451 0.502 
 612 S _   0.002 0.024 0.000 0.013 0.002 0.006 0.436 0.516 
 613 G _   0.002 0.025 0.000 0.012 0.002 0.006 0.421 0.530 
 614 G _   0.002 0.027 0.000 0.013 0.002 0.007 0.405 0.544 
 615 N _   0.003 0.029 0.000 0.013 0.003 0.007 0.389 0.556 
 616 P _   0.003 0.032 0.000 0.015 0.003 0.008 0.371 0.568 
 617 T _   0.003 0.037 0.000 0.018 0.003 0.009 0.352 0.578 
 618 N _   0.003 0.042 0.001 0.022 0.004 0.010 0.333 0.586 
 619 T _   0.003 0.048 0.001 0.027 0.005 0.011 0.314 0.592 
 620 S _   0.003 0.054 0.001 0.032 0.006 0.012 0.296 0.597 
 621 G _   0.004 0.059 0.001 0.037 0.007 0.013 0.279 0.602 
 622 T _   0.004 0.062 0.001 0.040 0.007 0.013 0.264 0.609 
 623 T _   0.004 0.064 0.001 0.041 0.007 0.013 0.251 0.619 
 624 R _   0.004 0.064 0.001 0.040 0.007 0.013 0.240 0.631 
 625 R _   0.004 0.063 0.001 0.037 0.007 0.013 0.230 0.646 
 626 C _   0.004 0.059 0.001 0.032 0.006 0.012 0.222 0.663 
 627 A _   0.004 0.054 0.001 0.028 0.006 0.012 0.215 0.681 
 628 G _   0.004 0.048 0.001 0.023 0.005 0.011 0.209 0.699 
 629 P _   0.004 0.041 0.001 0.019 0.005 0.011 0.203 0.716 
 630 S _   0.005 0.035 0.001 0.016 0.004 0.012 0.198 0.730 
 631 N _   0.005 0.029 0.001 0.014 0.004 0.012 0.192 0.743 
 632 S _   0.006 0.024 0.001 0.012 0.004 0.013 0.187 0.753 
 633 M _   0.007 0.020 0.001 0.011 0.004 0.015 0.182 0.760 
 634 Q _   0.009 0.017 0.001 0.011 0.005 0.017 0.177 0.765 
 635 L _   0.012 0.014 0.001 0.011 0.006 0.020 0.171 0.767 
 636 A _   0.016 0.012 0.001 0.011 0.007 0.023 0.165 0.765 
 637 S _   0.022 0.010 0.001 0.011 0.009 0.028 0.159 0.761 
 638 R _   0.032 0.008 0.001 0.012 0.011 0.032 0.152 0.752 
 639 S _   0.046 0.007 0.001 0.012 0.013 0.037 0.146 0.738 
 640 A _   0.063 0.006 0.001 0.012 0.016 0.042 0.139 0.721 
 641 G _   0.085 0.005 0.001 0.011 0.020 0.047 0.133 0.699 
 642 E _   0.109 0.004 0.001 0.010 0.023 0.051 0.127 0.674 
 643 L _   0.136 0.003 0.002 0.009 0.027 0.055 0.121 0.647 
 644 V _   0.165 0.003 0.002 0.009 0.031 0.058 0.116 0.617 
 645 E _   0.192 0.002 0.002 0.008 0.036 0.060 0.112 0.588 
 646 S _   0.219 0.002 0.002 0.008 0.040 0.060 0.108 0.561 
 647 L _   0.240 0.003 0.002 0.008 0.043 0.060 0.105 0.539 
 648 K _   0.256 0.003 0.002 0.009 0.044 0.059 0.104 0.523 
 649 L _   0.264 0.004 0.002 0.011 0.045 0.056 0.103 0.516 
 650 M _   0.265 0.004 0.002 0.012 0.043 0.053 0.103 0.517 
 651 S _   0.258 0.005 0.002 0.014 0.040 0.049 0.103 0.529 
 652 L _   0.243 0.005 0.002 0.014 0.036 0.045 0.104 0.551 
 653 C _   0.222 0.005 0.002 0.014 0.030 0.040 0.106 0.581 
 654 L _   0.195 0.004 0.002 0.013 0.024 0.035 0.108 0.619 
 655 G _   0.164 0.003 0.001 0.011 0.019 0.030 0.110 0.661 
 656 S _   0.134 0.002 0.001 0.009 0.014 0.025 0.113 0.702 
 657 Q _   0.105 0.002 0.001 0.008 0.010 0.021 0.115 0.739 
 658 L _   0.080 0.001 0.001 0.006 0.007 0.018 0.117 0.770 
 659 H _   0.059 0.001 0.001 0.006 0.005 0.015 0.119 0.795 
 660 G _   0.043 0.001 0.001 0.005 0.004 0.013 0.120 0.813 
 661 S _   0.032 0.001 0.000 0.005 0.004 0.011 0.121 0.826 
 662 T _   0.024 0.001 0.000 0.006 0.003 0.010 0.122 0.834 
 663 K _   0.018 0.001 0.000 0.006 0.003 0.009 0.122 0.840 
