#TopoPred_TM8: 8-state transmembrane topology prediction results by no_profile mode 
#probabilities are in the order of H E C I L F X _, the 8 transmembrane topology types used in PDBTM 
   1 M X   0.004 0.000 0.001 0.029 0.006 0.005 0.928 0.026 
   2 S X   0.001 0.000 0.000 0.013 0.001 0.002 0.956 0.027 
   3 D X   0.000 0.000 0.000 0.006 0.000 0.001 0.965 0.029 
   4 N X   0.000 0.000 0.000 0.003 0.000 0.001 0.966 0.030 
   5 G X   0.000 0.000 0.000 0.002 0.000 0.001 0.966 0.031 
   6 E X   0.000 0.000 0.000 0.001 0.000 0.001 0.965 0.033 
   7 L X   0.000 0.000 0.000 0.001 0.000 0.001 0.962 0.035 
   8 E X   0.000 0.000 0.000 0.001 0.000 0.001 0.958 0.039 
   9 D X   0.001 0.000 0.000 0.001 0.000 0.001 0.952 0.044 
  10 K X   0.001 0.001 0.000 0.002 0.000 0.002 0.943 0.051 
  11 P X   0.001 0.002 0.000 0.003 0.001 0.003 0.931 0.059 
  12 P X   0.001 0.005 0.000 0.005 0.002 0.005 0.914 0.067 
  13 A X   0.002 0.013 0.000 0.008 0.003 0.008 0.890 0.074 
  14 P X   0.003 0.031 0.001 0.014 0.007 0.012 0.856 0.076 
  15 P X   0.004 0.062 0.001 0.023 0.010 0.014 0.813 0.072 
  16 V X   0.004 0.106 0.002 0.031 0.013 0.015 0.768 0.061 
  17 R X   0.003 0.147 0.002 0.039 0.013 0.015 0.732 0.050 
  18 M X   0.003 0.176 0.001 0.044 0.012 0.014 0.707 0.043 
  19 S X   0.003 0.193 0.001 0.047 0.011 0.012 0.693 0.041 
  20 S X   0.002 0.201 0.001 0.049 0.010 0.011 0.685 0.042 
  21 T X   0.002 0.204 0.001 0.048 0.009 0.010 0.680 0.046 
  22 I X   0.002 0.202 0.001 0.046 0.008 0.010 0.679 0.053 
  23 F X   0.003 0.196 0.001 0.041 0.008 0.009 0.679 0.064 
  24 S X   0.003 0.182 0.001 0.035 0.007 0.008 0.682 0.082 
  25 T X   0.003 0.157 0.001 0.028 0.006 0.007 0.688 0.108 
  26 G X   0.004 0.124 0.001 0.022 0.005 0.007 0.697 0.141 
  27 G X   0.004 0.088 0.001 0.015 0.004 0.006 0.707 0.175 
  28 K X   0.004 0.058 0.000 0.010 0.003 0.005 0.716 0.203 
  29 D X   0.003 0.037 0.000 0.007 0.002 0.005 0.724 0.222 
  30 P X   0.003 0.025 0.000 0.005 0.001 0.004 0.728 0.233 
  31 L X   0.003 0.018 0.000 0.004 0.001 0.004 0.731 0.239 
  32 S X   0.002 0.015 0.000 0.003 0.001 0.003 0.733 0.243 
  33 A X   0.002 0.013 0.000 0.003 0.001 0.003 0.733 0.244 
  34 N X   0.002 0.011 0.000 0.004 0.001 0.003 0.733 0.246 
  35 H X   0.002 0.011 0.000 0.004 0.001 0.003 0.732 0.247 
  36 S X   0.002 0.010 0.000 0.005 0.001 0.003 0.731 0.248 
  37 L X   0.002 0.009 0.000 0.005 0.001 0.003 0.729 0.250 
  38 K X   0.002 0.009 0.000 0.005 0.001 0.003 0.727 0.252 
  39 P X   0.002 0.008 0.000 0.005 0.001 0.003 0.725 0.255 
  40 L X   0.002 0.008 0.000 0.005 0.001 0.003 0.722 0.259 
  41 P X   0.002 0.007 0.000 0.004 0.001 0.003 0.719 0.263 
  42 S X   0.002 0.007 0.000 0.004 0.001 0.003 0.716 0.268 
  43 V X   0.002 0.007 0.000 0.003 0.001 0.003 0.711 0.273 
  44 P X   0.002 0.007 0.000 0.003 0.001 0.003 0.706 0.279 
  45 E X   0.002 0.007 0.000 0.003 0.001 0.003 0.699 0.285 
  46 E X   0.002 0.008 0.000 0.003 0.001 0.004 0.691 0.290 
  47 K X   0.002 0.011 0.000 0.004 0.002 0.005 0.681 0.295 
  48 K X   0.003 0.016 0.000 0.007 0.002 0.007 0.668 0.296 
  49 P X   0.004 0.026 0.001 0.011 0.004 0.010 0.652 0.293 
  50 R X   0.005 0.046 0.001 0.018 0.007 0.013 0.631 0.281 
  51 H X   0.005 0.074 0.001 0.027 0.009 0.015 0.607 0.261 
  52 K X   0.006 0.106 0.001 0.038 0.012 0.016 0.584 0.237 
  53 I X   0.006 0.133 0.001 0.047 0.013 0.017 0.565 0.217 
  54 I X   0.006 0.151 0.001 0.055 0.013 0.017 0.552 0.205 
  55 S X   0.006 0.160 0.001 0.059 0.013 0.017 0.544 0.200 
  56 I X   0.006 0.163 0.001 0.060 0.012 0.016 0.539 0.203 
  57 F X   0.007 0.161 0.001 0.057 0.011 0.015 0.536 0.213 
  58 S X   0.007 0.154 0.001 0.050 0.010 0.013 0.535 0.230 
  59 G X   0.007 0.139 0.001 0.041 0.008 0.012 0.536 0.256 
  60 T X   0.007 0.115 0.001 0.031 0.007 0.010 0.538 0.292 
  61 E X   0.007 0.085 0.001 0.021 0.005 0.009 0.541 0.332 
  62 K X   0.006 0.057 0.001 0.013 0.004 0.007 0.544 0.369 
  63 G X   0.006 0.037 0.000 0.008 0.002 0.006 0.545 0.396 
  64 S X   0.005 0.026 0.000 0.005 0.002 0.005 0.545 0.413 
  65 K X   0.004 0.020 0.000 0.004 0.001 0.004 0.544 0.423 
  66 K X   0.004 0.017 0.000 0.003 0.001 0.004 0.541 0.430 
  67 K X   0.003 0.016 0.000 0.003 0.001 0.004 0.538 0.434 
  68 E X   0.003 0.016 0.000 0.004 0.001 0.004 0.533 0.438 
  69 K X   0.003 0.016 0.000 0.005 0.001 0.005 0.527 0.443 
  70 E X   0.003 0.017 0.000 0.006 0.002 0.005 0.519 0.447 
  71 R X   0.003 0.019 0.000 0.007 0.002 0.006 0.510 0.453 
  72 P X   0.003 0.021 0.000 0.008 0.002 0.006 0.501 0.459 
  73 E X   0.003 0.024 0.000 0.008 0.002 0.006 0.490 0.466 
  74 I X   0.003 0.026 0.000 0.008 0.002 0.007 0.479 0.474 
  75 S _   0.003 0.030 0.000 0.008 0.002 0.008 0.467 0.481 
  76 P _   0.004 0.034 0.000 0.008 0.003 0.009 0.454 0.487 
  77 P _   0.004 0.042 0.000 0.010 0.004 0.011 0.439 0.491 
  78 S _   0.005 0.054 0.001 0.012 0.005 0.014 0.421 0.489 
  79 D _   0.006 0.074 0.001 0.015 0.007 0.017 0.401 0.478 
  80 F _   0.008 0.106 0.001 0.021 0.011 0.020 0.376 0.456 
  81 E _   0.009 0.155 0.002 0.027 0.015 0.023 0.348 0.421 
  82 H _   0.010 0.218 0.002 0.032 0.018 0.025 0.319 0.377 
  83 T _   0.010 0.285 0.002 0.036 0.020 0.025 0.292 0.331 
  84 I E   0.009 0.348 0.002 0.039 0.020 0.024 0.269 0.290 
  85 H E   0.008 0.396 0.002 0.040 0.019 0.023 0.252 0.260 
  86 V E   0.008 0.431 0.002 0.039 0.017 0.022 0.240 0.243 
  87 G E   0.008 0.452 0.001 0.037 0.016 0.020 0.231 0.234 
  88 F E   0.008 0.465 0.001 0.034 0.015 0.019 0.225 0.233 
  89 D E   0.008 0.471 0.001 0.031 0.014 0.019 0.220 0.236 
  90 A E   0.008 0.472 0.001 0.028 0.012 0.018 0.217 0.243 
  91 V E   0.008 0.469 0.001 0.024 0.011 0.017 0.215 0.254 
  92 T E   0.008 0.463 0.001 0.021 0.010 0.017 0.213 0.267 
  93 G E   0.009 0.454 0.001 0.017 0.009 0.016 0.212 0.282 
  94 E E   0.009 0.445 0.001 0.014 0.008 0.016 0.212 0.296 
  95 F E   0.009 0.436 0.001 0.012 0.007 0.016 0.211 0.309 
  96 T E   0.009 0.429 0.001 0.011 0.006 0.016 0.211 0.318 
  97 G E   0.009 0.424 0.001 0.010 0.006 0.016 0.210 0.324 
  98 M E   0.009 0.421 0.001 0.011 0.006 0.016 0.210 0.326 
  99 P E   0.009 0.420 0.001 0.012 0.007 0.016 0.209 0.326 
 100 E E   0.010 0.420 0.001 0.014 0.007 0.016 0.209 0.323 
 101 Q E   0.010 0.421 0.001 0.016 0.008 0.016 0.209 0.320 
 102 W E   0.010 0.420 0.001 0.019 0.009 0.016 0.209 0.317 
 103 A E   0.010 0.417 0.001 0.021 0.009 0.015 0.210 0.316 
 104 R E   0.010 0.411 0.001 0.023 0.009 0.014 0.212 0.320 
 105 L E   0.009 0.400 0.001 0.025 0.009 0.014 0.214 0.328 
 106 L E   0.009 0.382 0.001 0.026 0.009 0.013 0.218 0.341 
 107 Q _   0.009 0.355 0.001 0.026 0.009 0.013 0.224 0.363 
 108 T _   0.010 0.316 0.001 0.025 0.009 0.012 0.231 0.395 
 109 S _   0.010 0.269 0.001 0.024 0.009 0.012 0.240 0.435 
 110 N _   0.010 0.216 0.001 0.022 0.008 0.012 0.251 0.480 
 111 I _   0.010 0.163 0.001 0.018 0.007 0.011 0.263 0.527 
 112 T _   0.009 0.119 0.001 0.014 0.005 0.010 0.273 0.569 
 113 K _   0.008 0.085 0.001 0.010 0.004 0.009 0.282 0.602 
 114 L _   0.007 0.062 0.000 0.007 0.003 0.008 0.288 0.624 
 115 E _   0.006 0.050 0.000 0.005 0.002 0.007 0.292 0.638 
 116 Q _   0.005 0.044 0.000 0.004 0.002 0.007 0.295 0.644 
 117 K _   0.005 0.041 0.000 0.003 0.001 0.007 0.296 0.645 
 118 K _   0.005 0.042 0.000 0.004 0.002 0.008 0.297 0.641 
 119 N _   0.006 0.046 0.000 0.006 0.003 0.010 0.297 0.632 
 120 P _   0.007 0.054 0.000 0.010 0.004 0.012 0.296 0.615 
 121 Q _   0.008 0.071 0.001 0.017 0.006 0.015 0.295 0.588 
 122 A _   0.009 0.091 0.001 0.025 0.009 0.017 0.293 0.555 
 123 V _   0.010 0.111 0.001 0.034 0.010 0.018 0.292 0.524 
 124 L _   0.010 0.125 0.001 0.041 0.012 0.019 0.292 0.502 
 125 D _   0.009 0.132 0.001 0.045 0.012 0.019 0.293 0.489 
 126 V _   0.009 0.134 0.001 0.046 0.012 0.018 0.296 0.484 
 127 L _   0.009 0.132 0.001 0.043 0.011 0.017 0.300 0.488 
 128 K _   0.009 0.126 0.001 0.037 0.010 0.015 0.305 0.498 
 129 F _   0.008 0.114 0.001 0.030 0.008 0.014 0.311 0.513 
 130 Y _   0.008 0.099 0.001 0.023 0.007 0.013 0.318 0.532 
 131 D _   0.008 0.083 0.001 0.017 0.005 0.011 0.326 0.549 
 132 S _   0.007 0.069 0.001 0.013 0.004 0.011 0.333 0.562 
 133 N _   0.007 0.060 0.000 0.010 0.004 0.010 0.340 0.569 
 134 T _   0.007 0.054 0.000 0.009 0.003 0.009 0.346 0.572 
 135 V _   0.007 0.050 0.000 0.009 0.003 0.009 0.351 0.570 
 136 K _   0.007 0.047 0.000 0.010 0.003 0.009 0.356 0.566 
 137 Q _   0.007 0.046 0.000 0.012 0.004 0.009 0.360 0.561 
 138 K _   0.007 0.044 0.000 0.014 0.004 0.009 0.365 0.555 
 139 Y _   0.007 0.043 0.001 0.016 0.004 0.009 0.370 0.551 
 140 L _   0.007 0.040 0.001 0.016 0.004 0.009 0.376 0.548 
 141 S _   0.006 0.036 0.000 0.015 0.004 0.008 0.382 0.548 
 142 F _   0.006 0.032 0.000 0.014 0.003 0.007 0.388 0.550 
 143 T _   0.005 0.027 0.000 0.011 0.003 0.006 0.394 0.553 
 144 P _   0.005 0.022 0.000 0.009 0.002 0.006 0.399 0.557 
 145 P _   0.004 0.017 0.000 0.007 0.002 0.005 0.404 0.561 
 146 E _   0.004 0.014 0.000 0.005 0.001 0.004 0.408 0.564 
 147 K _   0.004 0.012 0.000 0.004 0.001 0.004 0.410 0.565 
 148 D _   0.003 0.011 0.000 0.003 0.001 0.004 0.412 0.566 
 149 G _   0.003 0.011 0.000 0.003 0.001 0.004 0.413 0.566 
 150 F _   0.003 0.011 0.000 0.004 0.001 0.004 0.412 0.565 
 151 P _   0.003 0.013 0.000 0.004 0.001 0.004 0.411 0.563 
 152 S _   0.003 0.015 0.000 0.005 0.001 0.005 0.409 0.562 
 153 G _   0.003 0.019 0.000 0.007 0.002 0.005 0.405 0.559 
 154 T _   0.003 0.024 0.000 0.008 0.002 0.006 0.401 0.556 
 155 P _   0.003 0.030 0.000 0.010 0.002 0.006 0.395 0.553 
 156 A _   0.003 0.038 0.000 0.011 0.003 0.007 0.389 0.549 
 157 L _   0.003 0.047 0.000 0.013 0.003 0.008 0.382 0.543 
 158 N _   0.003 0.058 0.000 0.015 0.004 0.009 0.375 0.536 
 159 A _   0.003 0.071 0.001 0.019 0.004 0.009 0.367 0.526 
 160 K _   0.004 0.085 0.001 0.022 0.005 0.010 0.360 0.513 
 161 G _   0.004 0.099 0.001 0.027 0.006 0.011 0.353 0.499 
 162 T _   0.004 0.112 0.001 0.032 0.007 0.012 0.347 0.485 
 163 E _   0.004 0.123 0.001 0.038 0.007 0.012 0.342 0.472 
 164 A _   0.005 0.131 0.001 0.042 0.008 0.012 0.339 0.462 
 165 P _   0.005 0.134 0.001 0.045 0.008 0.012 0.338 0.456 
 166 A _   0.005 0.134 0.001 0.046 0.008 0.012 0.338 0.456 
 167 V _   0.006 0.131 0.001 0.044 0.008 0.012 0.340 0.461 
 168 V _   0.006 0.122 0.001 0.039 0.007 0.011 0.343 0.473 
 169 T _   0.006 0.108 0.001 0.031 0.006 0.009 0.347 0.493 
 170 E _   0.006 0.087 0.001 0.024 0.005 0.008 0.352 0.518 
 171 E _   0.005 0.064 0.001 0.016 0.004 0.007 0.357 0.546 
 172 E _   0.005 0.045 0.000 0.010 0.002 0.006 0.361 0.571 
 173 D _   0.004 0.031 0.000 0.006 0.002 0.005 0.364 0.588 
 174 D _   0.004 0.024 0.000 0.004 0.001 0.004 0.365 0.598 
 175 D _   0.003 0.020 0.000 0.003 0.001 0.004 0.365 0.603 
 176 E _   0.003 0.019 0.000 0.003 0.001 0.004 0.364 0.605 
 177 E _   0.003 0.019 0.000 0.004 0.001 0.005 0.362 0.605 
 178 T _   0.003 0.021 0.000 0.006 0.002 0.005 0.360 0.603 
 179 A _   0.004 0.025 0.000 0.008 0.002 0.006 0.356 0.599 
 180 P _   0.004 0.030 0.000 0.011 0.003 0.007 0.351 0.594 
 181 P _   0.004 0.035 0.000 0.014 0.003 0.008 0.346 0.589 
 182 V _   0.004 0.041 0.000 0.016 0.004 0.008 0.341 0.585 
 183 I _   0.004 0.045 0.000 0.017 0.004 0.008 0.336 0.585 
 184 A _   0.004 0.048 0.000 0.017 0.004 0.008 0.332 0.586 
 185 P _   0.004 0.050 0.000 0.015 0.004 0.008 0.329 0.589 
 186 R _   0.004 0.052 0.000 0.014 0.003 0.008 0.326 0.593 
 187 P _   0.004 0.053 0.000 0.012 0.003 0.008 0.323 0.596 
 188 D _   0.004 0.054 0.000 0.011 0.003 0.009 0.321 0.598 
 189 H _   0.004 0.056 0.000 0.011 0.003 0.009 0.318 0.597 
 190 T _   0.005 0.059 0.000 0.012 0.004 0.010 0.315 0.594 
 191 K _   0.005 0.063 0.001 0.014 0.005 0.011 0.313 0.589 
 192 S _   0.006 0.069 0.001 0.018 0.005 0.011 0.310 0.581 
 193 I _   0.006 0.074 0.001 0.022 0.006 0.012 0.308 0.571 
 194 Y _   0.006 0.079 0.001 0.026 0.007 0.013 0.306 0.563 
 195 T _   0.006 0.081 0.001 0.029 0.008 0.013 0.305 0.557 
 196 R _   0.006 0.082 0.001 0.031 0.008 0.012 0.305 0.554 
 197 S _   0.006 0.081 0.001 0.031 0.008 0.012 0.306 0.556 
 198 V _   0.006 0.077 0.001 0.029 0.007 0.011 0.308 0.561 
 199 I _   0.006 0.071 0.001 0.025 0.006 0.010 0.310 0.570 
 200 D _   0.006 0.062 0.001 0.021 0.005 0.009 0.314 0.582 
 201 P _   0.006 0.052 0.001 0.017 0.004 0.008 0.318 0.595 
 202 V _   0.006 0.041 0.000 0.012 0.004 0.007 0.322 0.608 
 203 P _   0.005 0.031 0.000 0.009 0.003 0.007 0.326 0.619 
 204 A _   0.005 0.024 0.000 0.007 0.002 0.006 0.329 0.627 
 205 P _   0.005 0.020 0.000 0.006 0.002 0.006 0.331 0.631 
 206 V _   0.005 0.017 0.000 0.005 0.002 0.006 0.333 0.633 
 207 G _   0.005 0.016 0.000 0.006 0.002 0.006 0.334 0.632 
 208 D _   0.005 0.015 0.000 0.006 0.002 0.006 0.334 0.631 
 209 S _   0.005 0.015 0.000 0.008 0.002 0.007 0.335 0.628 
 210 H _   0.005 0.016 0.000 0.010 0.003 0.007 0.335 0.625 
 211 V _   0.005 0.017 0.000 0.011 0.003 0.007 0.335 0.622 
 212 D _   0.005 0.017 0.000 0.013 0.003 0.007 0.335 0.619 
 213 G _   0.005 0.017 0.000 0.014 0.003 0.007 0.335 0.618 
 214 A _   0.005 0.017 0.000 0.014 0.003 0.007 0.336 0.618 
 215 A _   0.005 0.016 0.000 0.013 0.003 0.007 0.336 0.620 
 216 K _   0.005 0.014 0.000 0.011 0.003 0.006 0.337 0.623 
 217 S _   0.004 0.013 0.000 0.009 0.002 0.006 0.338 0.627 
 218 L _   0.004 0.011 0.000 0.008 0.002 0.005 0.338 0.632 
 219 D _   0.004 0.010 0.000 0.006 0.002 0.005 0.338 0.635 
 220 K _   0.004 0.009 0.000 0.005 0.001 0.005 0.337 0.639 
 221 Q _   0.003 0.009 0.000 0.004 0.001 0.005 0.336 0.642 
 222 K _   0.003 0.009 0.000 0.004 0.001 0.005 0.334 0.644 
 223 K _   0.003 0.010 0.000 0.004 0.001 0.005 0.331 0.645 
 224 K _   0.004 0.012 0.000 0.004 0.002 0.006 0.327 0.646 
 225 T _   0.004 0.015 0.000 0.006 0.002 0.008 0.321 0.644 
 226 K _   0.005 0.022 0.000 0.008 0.003 0.010 0.314 0.638 
 227 M _   0.006 0.033 0.001 0.011 0.004 0.013 0.306 0.627 
 228 T _   0.007 0.051 0.001 0.015 0.006 0.016 0.296 0.609 
 229 D _   0.008 0.076 0.001 0.020 0.008 0.019 0.284 0.582 
 230 E _   0.010 0.109 0.001 0.027 0.012 0.023 0.271 0.547 
 231 E _   0.011 0.147 0.001 0.034 0.015 0.025 0.258 0.508 
 232 I _   0.012 0.183 0.002 0.041 0.018 0.027 0.247 0.469 
 233 M _   0.013 0.213 0.002 0.049 0.020 0.028 0.238 0.438 
 234 E _   0.014 0.234 0.002 0.055 0.021 0.028 0.230 0.415 
 235 K _   0.015 0.247 0.001 0.059 0.021 0.028 0.226 0.403 
 236 L _   0.016 0.252 0.001 0.061 0.021 0.027 0.222 0.400 
 237 R _   0.016 0.252 0.001 0.060 0.020 0.025 0.221 0.405 
 238 T _   0.016 0.245 0.001 0.057 0.018 0.023 0.221 0.418 
 239 I _   0.016 0.231 0.001 0.051 0.016 0.021 0.222 0.442 
 240 V _   0.016 0.206 0.001 0.043 0.014 0.019 0.224 0.478 
 241 S _   0.015 0.171 0.001 0.034 0.011 0.017 0.227 0.524 
 242 I _   0.015 0.129 0.001 0.026 0.009 0.015 0.231 0.576 
 243 G _   0.013 0.087 0.001 0.018 0.006 0.013 0.234 0.628 
 244 D _   0.012 0.054 0.001 0.012 0.004 0.011 0.236 0.670 
 245 P _   0.010 0.033 0.000 0.008 0.003 0.009 0.237 0.700 
 246 K _   0.008 0.021 0.000 0.005 0.002 0.008 0.237 0.718 
 247 K _   0.007 0.015 0.000 0.004 0.002 0.007 0.236 0.729 
 248 K _   0.006 0.012 0.000 0.003 0.002 0.006 0.235 0.736 
 249 Y _   0.005 0.011 0.000 0.003 0.002 0.007 0.232 0.740 
 250 T _   0.005 0.012 0.000 0.004 0.002 0.007 0.229 0.741 
 251 R _   0.005 0.014 0.000 0.005 0.002 0.008 0.224 0.741 
 252 Y _   0.006 0.017 0.000 0.007 0.003 0.010 0.219 0.739 
 253 E _   0.006 0.023 0.000 0.009 0.004 0.012 0.212 0.735 
 254 K _   0.007 0.031 0.001 0.011 0.005 0.014 0.205 0.727 
 255 I _   0.008 0.041 0.001 0.014 0.006 0.017 0.196 0.717 
 256 G _   0.009 0.054 0.001 0.017 0.008 0.020 0.188 0.704 
 257 Q _   0.010 0.067 0.001 0.021 0.010 0.023 0.179 0.689 
 258 G _   0.011 0.081 0.001 0.024 0.012 0.026 0.171 0.672 
 259 A _   0.013 0.093 0.001 0.027 0.015 0.030 0.164 0.656 
 260 S _   0.016 0.104 0.001 0.030 0.018 0.033 0.158 0.641 
 261 G _   0.018 0.112 0.001 0.032 0.020 0.035 0.152 0.630 
 262 T _   0.021 0.118 0.001 0.032 0.021 0.037 0.147 0.621 
 263 V _   0.024 0.122 0.001 0.032 0.022 0.038 0.144 0.617 
 264 F _   0.026 0.123 0.001 0.031 0.022 0.039 0.141 0.616 
 265 T _   0.028 0.123 0.001 0.029 0.022 0.039 0.138 0.619 
 266 A _   0.030 0.121 0.001 0.026 0.021 0.039 0.136 0.624 
 267 T _   0.032 0.118 0.001 0.024 0.020 0.038 0.135 0.632 
 268 D _   0.033 0.115 0.001 0.022 0.019 0.037 0.133 0.640 
 269 V _   0.034 0.111 0.001 0.020 0.018 0.036 0.133 0.647 
 270 A _   0.035 0.108 0.001 0.020 0.017 0.034 0.132 0.654 
 271 L _   0.034 0.104 0.001 0.021 0.016 0.032 0.132 0.660 
 272 G _   0.034 0.101 0.001 0.022 0.015 0.030 0.132 0.665 
 273 Q _   0.032 0.097 0.001 0.023 0.014 0.028 0.132 0.671 
 274 E _   0.030 0.093 0.001 0.025 0.014 0.026 0.133 0.679 
 275 V _   0.028 0.087 0.001 0.025 0.013 0.024 0.134 0.689 
 276 A _   0.025 0.079 0.001 0.024 0.011 0.021 0.135 0.703 
 277 I _   0.022 0.068 0.001 0.022 0.009 0.019 0.137 0.721 
 278 K _   0.020 0.056 0.001 0.019 0.008 0.016 0.139 0.742 
 279 Q _   0.017 0.041 0.001 0.015 0.006 0.014 0.140 0.765 
 280 I _   0.014 0.028 0.001 0.012 0.005 0.012 0.142 0.789 
 281 N _   0.011 0.016 0.000 0.008 0.003 0.010 0.143 0.808 
 282 L _   0.009 0.009 0.000 0.005 0.002 0.008 0.143 0.823 
 283 Q _   0.008 0.004 0.000 0.003 0.002 0.007 0.142 0.833 
 284 K _   0.007 0.002 0.000 0.002 0.001 0.007 0.141 0.838 
 285 Q _   0.007 0.002 0.000 0.002 0.001 0.008 0.139 0.840 
 286 P _   0.009 0.002 0.000 0.002 0.002 0.010 0.137 0.838 
 287 K _   0.012 0.002 0.000 0.003 0.003 0.014 0.134 0.832 
 288 K _   0.017 0.005 0.000 0.005 0.005 0.019 0.131 0.818 
 289 E _   0.023 0.013 0.001 0.010 0.009 0.026 0.126 0.792 
 290 L _   0.029 0.030 0.001 0.018 0.016 0.034 0.120 0.753 
 291 I _   0.035 0.055 0.002 0.029 0.023 0.040 0.113 0.703 
 292 I _   0.039 0.082 0.002 0.043 0.029 0.044 0.107 0.654 
 293 N _   0.041 0.104 0.002 0.055 0.033 0.046 0.101 0.617 
 294 E _   0.042 0.116 0.002 0.064 0.035 0.046 0.097 0.597 
 295 I _   0.042 0.122 0.002 0.068 0.035 0.045 0.095 0.592 
 296 L _   0.040 0.122 0.002 0.066 0.032 0.042 0.093 0.603 
 297 V _   0.038 0.115 0.002 0.059 0.029 0.038 0.091 0.627 
 298 M _   0.035 0.102 0.002 0.049 0.024 0.034 0.091 0.664 
 299 K _   0.031 0.081 0.002 0.036 0.019 0.029 0.090 0.712 
 300 E _   0.027 0.056 0.001 0.025 0.014 0.025 0.090 0.763 
 301 L _   0.022 0.033 0.001 0.016 0.009 0.021 0.090 0.809 
 302 K _   0.018 0.017 0.001 0.010 0.006 0.017 0.090 0.842 
 303 N _   0.015 0.008 0.000 0.006 0.004 0.015 0.089 0.863 
 304 P _   0.013 0.004 0.000 0.004 0.003 0.013 0.087 0.875 
 305 N _   0.012 0.002 0.000 0.004 0.003 0.013 0.086 0.880 
 306 I _   0.012 0.002 0.000 0.004 0.003 0.013 0.084 0.882 
 307 V _   0.013 0.001 0.000 0.005 0.003 0.014 0.082 0.881 
 308 N _   0.014 0.001 0.000 0.006 0.004 0.016 0.079 0.879 
 309 F _   0.016 0.001 0.001 0.007 0.005 0.018 0.076 0.875 
 310 L _   0.019 0.001 0.001 0.008 0.006 0.021 0.074 0.870 
 311 D _   0.024 0.001 0.001 0.009 0.007 0.024 0.070 0.864 
 312 S _   0.030 0.001 0.001 0.009 0.009 0.027 0.067 0.856 
 313 Y _   0.037 0.001 0.001 0.009 0.010 0.031 0.064 0.847 
 314 L _   0.047 0.001 0.001 0.008 0.012 0.035 0.061 0.835 
 315 V _   0.060 0.001 0.001 0.008 0.014 0.039 0.057 0.819 
 316 G _   0.075 0.001 0.001 0.008 0.017 0.044 0.054 0.799 
 317 D _   0.093 0.002 0.001 0.008 0.021 0.049 0.051 0.776 
 318 E _   0.112 0.002 0.002 0.009 0.027 0.053 0.047 0.748 
 319 L _   0.130 0.003 0.002 0.011 0.032 0.057 0.045 0.721 
 320 F _   0.145 0.003 0.002 0.013 0.037 0.060 0.042 0.697 
 321 V _   0.157 0.004 0.002 0.015 0.041 0.061 0.040 0.679 
 322 V _   0.165 0.005 0.002 0.017 0.042 0.060 0.039 0.669 
 323 M _   0.168 0.005 0.002 0.018 0.040 0.058 0.038 0.670 
 324 E _   0.165 0.005 0.002 0.017 0.037 0.055 0.037 0.681 
 325 Y _   0.159 0.004 0.002 0.015 0.032 0.051 0.036 0.701 
 326 L _   0.148 0.003 0.002 0.012 0.026 0.046 0.036 0.726 
 327 A _   0.136 0.002 0.001 0.009 0.021 0.042 0.035 0.753 
 328 G _   0.122 0.001 0.001 0.007 0.016 0.038 0.035 0.779 
 329 G _   0.110 0.001 0.001 0.006 0.013 0.034 0.034 0.801 
 330 S _   0.100 0.000 0.001 0.005 0.011 0.032 0.034 0.817 
 331 L _   0.093 0.000 0.001 0.005 0.009 0.030 0.033 0.828 
 332 T _   0.089 0.000 0.001 0.005 0.009 0.029 0.033 0.834 
 333 D _   0.087 0.000 0.001 0.006 0.009 0.028 0.032 0.836 
 334 V _   0.087 0.000 0.001 0.006 0.009 0.028 0.032 0.837 
 335 V _   0.088 0.000 0.001 0.007 0.009 0.027 0.031 0.836 
 336 T _   0.092 0.000 0.001 0.006 0.009 0.027 0.031 0.834 
 337 E _   0.096 0.000 0.001 0.006 0.009 0.027 0.030 0.830 
 338 T _   0.103 0.000 0.001 0.005 0.009 0.027 0.029 0.825 
 339 C _   0.113 0.000 0.001 0.004 0.009 0.028 0.029 0.816 
 340 M _   0.125 0.000 0.001 0.003 0.009 0.029 0.028 0.805 
 341 D _   0.142 0.000 0.001 0.003 0.009 0.031 0.027 0.787 
 342 E _   0.163 0.000 0.001 0.003 0.010 0.033 0.026 0.764 
 343 A _   0.188 0.000 0.001 0.003 0.012 0.035 0.025 0.735 
 344 Q _   0.216 0.000 0.001 0.003 0.015 0.038 0.024 0.703 
 345 I _   0.243 0.000 0.001 0.003 0.018 0.041 0.024 0.669 
 346 A _   0.269 0.000 0.001 0.004 0.022 0.044 0.023 0.636 
 347 A _   0.292 0.000 0.002 0.005 0.027 0.046 0.023 0.605 
 348 V _   0.309 0.001 0.002 0.006 0.030 0.048 0.023 0.582 
 349 C _   0.319 0.001 0.002 0.006 0.033 0.048 0.023 0.567 
 350 R _   0.322 0.001 0.002 0.007 0.035 0.048 0.024 0.560 
 351 E _   0.318 0.001 0.002 0.008 0.036 0.048 0.025 0.562 
 352 C _   0.309 0.001 0.002 0.009 0.035 0.046 0.026 0.573 
 353 L _   0.293 0.001 0.002 0.009 0.032 0.044 0.027 0.592 
 354 Q _   0.272 0.001 0.002 0.009 0.029 0.042 0.028 0.617 
 355 A _   0.246 0.001 0.002 0.009 0.025 0.039 0.030 0.648 
 356 L _   0.216 0.001 0.001 0.009 0.021 0.036 0.032 0.683 
 357 E _   0.186 0.001 0.001 0.009 0.018 0.032 0.034 0.718 
 358 F _   0.157 0.002 0.001 0.009 0.015 0.029 0.036 0.751 
 359 L _   0.129 0.002 0.001 0.010 0.013 0.026 0.038 0.782 
 360 H _   0.104 0.002 0.001 0.010 0.011 0.024 0.040 0.809 
 361 A _   0.082 0.002 0.001 0.011 0.009 0.021 0.041 0.832 
 362 N _   0.064 0.002 0.001 0.011 0.008 0.019 0.043 0.852 
 363 Q _   0.049 0.002 0.001 0.010 0.007 0.016 0.045 0.870 
 364 V _   0.037 0.002 0.001 0.010 0.005 0.014 0.046 0.885 
 365 I _   0.028 0.002 0.001 0.008 0.004 0.012 0.047 0.898 
 366 H _   0.021 0.002 0.000 0.007 0.004 0.011 0.048 0.908 
 367 R _   0.016 0.002 0.000 0.006 0.003 0.009 0.049 0.915 
 368 D _   0.012 0.002 0.000 0.005 0.002 0.009 0.049 0.921 
 369 I _   0.010 0.003 0.000 0.004 0.002 0.009 0.049 0.923 
 370 K _   0.009 0.004 0.000 0.004 0.002 0.009 0.049 0.922 
 371 S _   0.009 0.007 0.000 0.005 0.003 0.010 0.048 0.917 
 372 D _   0.009 0.013 0.000 0.007 0.004 0.012 0.047 0.907 
 373 N _   0.010 0.023 0.001 0.010 0.005 0.014 0.046 0.890 
 374 V _   0.011 0.039 0.001 0.015 0.007 0.016 0.045 0.866 
 375 L _   0.012 0.058 0.001 0.020 0.009 0.018 0.044 0.839 
 376 L _   0.012 0.076 0.001 0.024 0.010 0.019 0.042 0.815 
 377 G _   0.013 0.091 0.001 0.026 0.011 0.020 0.041 0.796 
 378 M _   0.013 0.102 0.001 0.027 0.011 0.021 0.041 0.784 
 379 E _   0.013 0.109 0.001 0.027 0.011 0.022 0.040 0.776 
 380 G _   0.014 0.114 0.001 0.025 0.011 0.022 0.040 0.773 
 381 S _   0.014 0.117 0.001 0.023 0.011 0.023 0.039 0.772 
 382 V _   0.015 0.119 0.001 0.021 0.011 0.023 0.039 0.770 
 383 K _   0.016 0.121 0.001 0.020 0.011 0.024 0.039 0.767 
 384 L _   0.017 0.123 0.001 0.021 0.011 0.024 0.040 0.763 
 385 T _   0.018 0.125 0.001 0.022 0.012 0.024 0.040 0.758 
 386 D _   0.019 0.127 0.001 0.025 0.013 0.024 0.040 0.751 
 387 F _   0.019 0.128 0.001 0.028 0.013 0.024 0.041 0.745 
 388 G _   0.019 0.128 0.001 0.031 0.013 0.023 0.042 0.743 
 389 F _   0.019 0.124 0.001 0.032 0.013 0.022 0.043 0.746 
 390 C _   0.018 0.118 0.001 0.032 0.012 0.021 0.044 0.754 
 391 A _   0.017 0.107 0.001 0.029 0.011 0.019 0.046 0.769 
 392 Q _   0.016 0.092 0.001 0.025 0.009 0.017 0.047 0.793 
 393 I _   0.014 0.072 0.001 0.019 0.008 0.016 0.049 0.821 
 394 T _   0.013 0.052 0.001 0.014 0.006 0.014 0.051 0.850 
 395 P _   0.012 0.036 0.001 0.009 0.005 0.013 0.053 0.872 
 396 E _   0.011 0.026 0.000 0.006 0.004 0.012 0.054 0.887 
 397 Q _   0.010 0.020 0.000 0.005 0.003 0.012 0.055 0.895 
 398 S _   0.010 0.018 0.000 0.004 0.003 0.013 0.055 0.896 
 399 K _   0.011 0.018 0.000 0.005 0.004 0.014 0.055 0.893 
 400 R _   0.012 0.019 0.000 0.006 0.005 0.017 0.056 0.885 
 401 S _   0.015 0.023 0.001 0.009 0.006 0.020 0.055 0.871 
 402 T _   0.017 0.029 0.001 0.014 0.009 0.023 0.055 0.852 
 403 M _   0.019 0.037 0.001 0.019 0.012 0.026 0.055 0.830 
 404 V _   0.021 0.046 0.001 0.025 0.015 0.028 0.055 0.809 
 405 G _   0.023 0.053 0.001 0.030 0.017 0.030 0.055 0.791 
 406 T _   0.024 0.058 0.001 0.033 0.019 0.032 0.055 0.777 
 407 P _   0.025 0.061 0.001 0.035 0.021 0.032 0.055 0.768 
 408 Y _   0.026 0.062 0.001 0.036 0.021 0.032 0.056 0.765 
 409 W _   0.026 0.061 0.001 0.035 0.021 0.032 0.058 0.767 
 410 M _   0.025 0.058 0.001 0.033 0.020 0.031 0.059 0.773 
 411 A _   0.025 0.053 0.001 0.030 0.018 0.029 0.061 0.783 
 412 P _   0.024 0.047 0.001 0.027 0.015 0.027 0.064 0.795 
 413 E _   0.022 0.041 0.001 0.024 0.013 0.025 0.066 0.808 
 414 V _   0.021 0.033 0.001 0.020 0.011 0.023 0.068 0.822 
 415 V _   0.020 0.025 0.001 0.016 0.009 0.021 0.071 0.837 
 416 T _   0.019 0.018 0.001 0.013 0.007 0.019 0.073 0.850 
 417 R _   0.019 0.011 0.001 0.010 0.006 0.018 0.075 0.862 
 418 K _   0.019 0.006 0.001 0.007 0.005 0.017 0.076 0.869 
 419 A _   0.020 0.003 0.000 0.005 0.004 0.017 0.077 0.872 
 420 Y _   0.024 0.001 0.000 0.004 0.004 0.018 0.078 0.871 
 421 G _   0.031 0.001 0.000 0.003 0.004 0.020 0.079 0.863 
 422 P _   0.043 0.000 0.000 0.003 0.005 0.023 0.079 0.847 
 423 K _   0.063 0.000 0.001 0.003 0.006 0.028 0.080 0.820 
 424 V _   0.088 0.000 0.001 0.003 0.010 0.035 0.080 0.782 
 425 D _   0.121 0.001 0.001 0.004 0.017 0.044 0.080 0.731 
 426 I _   0.158 0.004 0.002 0.006 0.027 0.054 0.080 0.669 
 427 W _   0.191 0.010 0.002 0.010 0.040 0.062 0.081 0.604 
 428 S _   0.217 0.022 0.003 0.015 0.054 0.069 0.082 0.538 
 429 L _   0.235 0.037 0.003 0.023 0.064 0.072 0.084 0.480 
 430 G _   0.244 0.053 0.003 0.031 0.070 0.073 0.088 0.438 
 431 I _   0.246 0.064 0.003 0.039 0.072 0.071 0.092 0.413 
 432 M _   0.239 0.072 0.003 0.045 0.069 0.067 0.099 0.407 
 433 A _   0.224 0.075 0.003 0.048 0.064 0.061 0.107 0.418 
 434 I _   0.203 0.073 0.003 0.048 0.055 0.055 0.116 0.446 
 435 E _   0.174 0.068 0.003 0.045 0.044 0.047 0.128 0.491 
 436 M _   0.142 0.057 0.003 0.038 0.032 0.039 0.141 0.548 
 437 V _   0.110 0.043 0.002 0.029 0.021 0.031 0.154 0.610 
 438 E _   0.080 0.027 0.001 0.020 0.013 0.023 0.167 0.669 
 439 G _   0.055 0.015 0.001 0.012 0.007 0.017 0.177 0.716 
 440 E _   0.036 0.007 0.001 0.007 0.004 0.012 0.185 0.749 
 441 P _   0.022 0.003 0.000 0.004 0.002 0.009 0.190 0.769 
 442 P _   0.014 0.002 0.000 0.002 0.001 0.007 0.193 0.781 
 443 Y _   0.009 0.001 0.000 0.002 0.001 0.006 0.195 0.786 
 444 L _   0.007 0.001 0.000 0.002 0.001 0.006 0.196 0.787 
 445 N _   0.007 0.002 0.000 0.002 0.001 0.008 0.196 0.784 
 446 E _   0.008 0.005 0.000 0.004 0.002 0.011 0.195 0.774 
 447 N _   0.011 0.015 0.001 0.008 0.005 0.016 0.193 0.752 
 448 P _   0.014 0.042 0.001 0.017 0.010 0.022 0.190 0.705 
 449 L _   0.016 0.095 0.002 0.031 0.015 0.026 0.184 0.629 
 450 R _   0.017 0.161 0.002 0.048 0.020 0.029 0.179 0.544 
 451 A _   0.016 0.213 0.002 0.064 0.022 0.030 0.175 0.479 
 452 L _   0.015 0.244 0.002 0.075 0.022 0.029 0.173 0.440 
 453 Y _   0.014 0.259 0.002 0.081 0.021 0.028 0.173 0.423 
 454 L _   0.013 0.263 0.001 0.081 0.020 0.026 0.175 0.421 
 455 I _   0.013 0.260 0.001 0.076 0.018 0.023 0.178 0.431 
 456 A _   0.012 0.247 0.001 0.066 0.016 0.021 0.182 0.454 
 457 T _   0.012 0.221 0.001 0.054 0.014 0.018 0.189 0.492 
 458 N _   0.012 0.182 0.001 0.040 0.011 0.016 0.197 0.541 
 459 G _   0.011 0.135 0.001 0.028 0.008 0.014 0.206 0.598 
 460 T _   0.010 0.091 0.001 0.017 0.006 0.011 0.214 0.649 
 461 P _   0.009 0.060 0.001 0.010 0.004 0.010 0.220 0.686 
 462 E _   0.007 0.043 0.000 0.006 0.002 0.008 0.225 0.708 
 463 L _   0.006 0.035 0.000 0.004 0.002 0.007 0.227 0.718 
 464 Q _   0.005 0.032 0.000 0.003 0.001 0.007 0.228 0.722 
 465 N _   0.005 0.032 0.000 0.003 0.002 0.008 0.228 0.721 
 466 P _   0.006 0.035 0.000 0.004 0.002 0.009 0.228 0.715 
 467 E _   0.007 0.043 0.000 0.007 0.003 0.011 0.226 0.702 
 468 K _   0.008 0.059 0.001 0.011 0.005 0.014 0.223 0.678 
 469 L _   0.009 0.088 0.001 0.016 0.007 0.017 0.220 0.642 
 470 S _   0.010 0.126 0.001 0.023 0.010 0.019 0.215 0.595 
 471 P _   0.010 0.168 0.001 0.030 0.012 0.021 0.210 0.547 
 472 I _   0.010 0.205 0.001 0.036 0.014 0.022 0.207 0.505 
 473 F _   0.010 0.234 0.001 0.041 0.015 0.022 0.204 0.473 
 474 R _   0.010 0.253 0.001 0.044 0.015 0.022 0.203 0.452 
 475 D _   0.010 0.264 0.001 0.047 0.016 0.022 0.202 0.438 
 476 F _   0.010 0.269 0.001 0.047 0.016 0.022 0.203 0.432 
 477 L _   0.010 0.270 0.001 0.047 0.015 0.021 0.205 0.430 
 478 N _   0.010 0.266 0.001 0.046 0.015 0.020 0.208 0.435 
 479 R _   0.011 0.256 0.001 0.043 0.014 0.019 0.212 0.445 
 480 C _   0.011 0.240 0.001 0.039 0.012 0.017 0.218 0.462 
 481 L _   0.011 0.217 0.001 0.034 0.011 0.016 0.225 0.485 
 482 E _   0.011 0.187 0.001 0.029 0.009 0.014 0.233 0.516 
 483 M _   0.010 0.152 0.001 0.023 0.008 0.013 0.242 0.551 
 484 D _   0.010 0.118 0.001 0.017 0.006 0.012 0.251 0.585 
 485 V _   0.009 0.088 0.001 0.012 0.005 0.011 0.259 0.615 
 486 E _   0.008 0.067 0.001 0.009 0.003 0.010 0.265 0.637 
 487 K _   0.007 0.054 0.000 0.006 0.003 0.009 0.270 0.650 
 488 R _   0.007 0.047 0.000 0.005 0.002 0.009 0.274 0.657 
 489 G _   0.006 0.044 0.000 0.005 0.002 0.009 0.277 0.658 
 490 S _   0.006 0.043 0.000 0.005 0.002 0.009 0.279 0.655 
 491 A _   0.007 0.044 0.000 0.007 0.003 0.010 0.281 0.648 
 492 K _   0.007 0.048 0.000 0.010 0.004 0.012 0.282 0.637 
 493 E _   0.008 0.053 0.001 0.013 0.005 0.013 0.283 0.624 
 494 L _   0.009 0.058 0.001 0.018 0.006 0.014 0.285 0.609 
 495 L _   0.009 0.064 0.001 0.022 0.007 0.015 0.287 0.596 
 496 Q _   0.009 0.067 0.001 0.025 0.008 0.016 0.289 0.585 
 497 H _   0.009 0.069 0.001 0.027 0.009 0.016 0.292 0.578 
 498 P _   0.009 0.069 0.001 0.027 0.009 0.016 0.297 0.574 
 499 F _   0.009 0.067 0.001 0.024 0.008 0.015 0.302 0.575 
 500 L _   0.009 0.062 0.001 0.021 0.007 0.015 0.307 0.578 
 501 K _   0.009 0.057 0.001 0.016 0.006 0.014 0.314 0.584 
 502 L _   0.009 0.050 0.001 0.012 0.005 0.014 0.320 0.589 
 503 A _   0.009 0.045 0.001 0.008 0.004 0.014 0.326 0.592 
 504 K _   0.010 0.042 0.000 0.006 0.004 0.015 0.331 0.592 
 505 P _   0.011 0.041 0.000 0.005 0.004 0.016 0.336 0.587 
 506 L _   0.013 0.042 0.000 0.006 0.005 0.018 0.340 0.576 
 507 S _   0.016 0.047 0.001 0.008 0.007 0.022 0.343 0.556 
 508 S _   0.020 0.059 0.001 0.012 0.010 0.026 0.347 0.525 
 509 L _   0.023 0.081 0.001 0.020 0.015 0.030 0.351 0.479 
 510 T _   0.025 0.112 0.002 0.032 0.020 0.032 0.354 0.424 
 511 P _   0.025 0.144 0.002 0.045 0.023 0.034 0.359 0.368 
 512 L X   0.025 0.168 0.002 0.057 0.024 0.033 0.365 0.326 
 513 I X   0.024 0.182 0.002 0.065 0.024 0.032 0.374 0.297 
 514 M X   0.022 0.187 0.002 0.069 0.023 0.030 0.386 0.281 
 515 A X   0.020 0.187 0.002 0.068 0.021 0.027 0.400 0.276 
 516 A X   0.017 0.180 0.002 0.062 0.018 0.024 0.417 0.280 
 517 K X   0.014 0.166 0.001 0.053 0.015 0.020 0.437 0.294 
 518 E X   0.011 0.143 0.001 0.041 0.011 0.015 0.462 0.315 
 519 A X   0.008 0.110 0.001 0.028 0.008 0.010 0.491 0.344 
 520 M X   0.004 0.071 0.001 0.016 0.004 0.005 0.522 0.377 
 521 K X   0.001 0.033 0.000 0.007 0.001 0.002 0.545 0.412 
 522 S X   0.000 0.014 0.000 0.002 0.000 0.000 0.552 0.431 
 523 N X   0.000 0.010 0.000 0.002 0.000 0.000 0.551 0.436 
 524 R X   0.002 0.009 0.001 0.007 0.002 0.002 0.543 0.434 
