#TopoPred_TM8: 8-state transmembrane topology prediction results by no_profile mode 
#probabilities are in the order of H E C I L F X _, the 8 transmembrane topology types used in PDBTM 
   1 M X   0.017 0.001 0.002 0.042 0.010 0.011 0.597 0.320 
   2 R X   0.006 0.000 0.000 0.021 0.002 0.006 0.609 0.355 
   3 L X   0.002 0.000 0.000 0.011 0.001 0.005 0.610 0.372 
   4 P X   0.003 0.000 0.000 0.007 0.001 0.006 0.603 0.379 
   5 G X   0.009 0.000 0.000 0.007 0.002 0.011 0.589 0.382 
   6 A X   0.022 0.000 0.000 0.007 0.003 0.018 0.567 0.382 
   7 M X   0.042 0.000 0.001 0.007 0.005 0.025 0.542 0.377 
   8 P X   0.069 0.000 0.001 0.009 0.008 0.033 0.510 0.370 
   9 A X   0.099 0.000 0.001 0.010 0.012 0.040 0.475 0.363 
  10 L X   0.131 0.001 0.002 0.011 0.017 0.046 0.438 0.355 
  11 A X   0.165 0.001 0.002 0.011 0.023 0.051 0.399 0.348 
  12 L X   0.202 0.001 0.002 0.010 0.030 0.055 0.363 0.338 
  13 K X   0.243 0.000 0.002 0.008 0.035 0.057 0.332 0.323 
  14 G _   0.283 0.000 0.002 0.006 0.039 0.057 0.306 0.306 
  15 E H   0.321 0.000 0.002 0.005 0.041 0.056 0.285 0.290 
  16 L H   0.353 0.000 0.002 0.004 0.042 0.054 0.269 0.276 
  17 L H   0.377 0.000 0.002 0.004 0.042 0.051 0.257 0.267 
  18 L H   0.393 0.000 0.002 0.005 0.041 0.047 0.249 0.263 
  19 L H   0.402 0.001 0.002 0.005 0.039 0.043 0.242 0.267 
  20 S H   0.400 0.001 0.002 0.006 0.035 0.040 0.237 0.279 
  21 L H   0.389 0.001 0.002 0.006 0.031 0.036 0.234 0.302 
  22 L H   0.367 0.001 0.002 0.006 0.027 0.032 0.232 0.334 
  23 L _   0.336 0.000 0.002 0.005 0.022 0.028 0.231 0.376 
  24 L _   0.298 0.000 0.001 0.005 0.017 0.024 0.230 0.424 
  25 L _   0.257 0.000 0.001 0.004 0.013 0.021 0.231 0.473 
  26 E _   0.213 0.000 0.001 0.004 0.010 0.019 0.231 0.523 
  27 P _   0.172 0.000 0.001 0.004 0.007 0.016 0.231 0.568 
  28 Q _   0.135 0.000 0.001 0.004 0.006 0.015 0.232 0.607 
  29 I _   0.105 0.000 0.001 0.004 0.005 0.013 0.232 0.639 
  30 S _   0.081 0.000 0.001 0.005 0.005 0.012 0.232 0.665 
  31 Q _   0.061 0.000 0.001 0.005 0.004 0.011 0.232 0.685 
  32 G _   0.046 0.000 0.001 0.005 0.004 0.011 0.232 0.701 
  33 L _   0.035 0.000 0.000 0.005 0.004 0.010 0.231 0.715 
  34 V _   0.027 0.000 0.000 0.005 0.003 0.009 0.229 0.726 
  35 V _   0.021 0.000 0.000 0.004 0.003 0.009 0.227 0.735 
  36 T _   0.016 0.000 0.000 0.004 0.002 0.009 0.225 0.743 
  37 P _   0.014 0.000 0.000 0.003 0.002 0.009 0.222 0.749 
  38 P _   0.014 0.000 0.000 0.003 0.002 0.010 0.218 0.753 
  39 G _   0.015 0.000 0.000 0.002 0.002 0.012 0.214 0.754 
  40 P _   0.019 0.000 0.000 0.002 0.003 0.015 0.209 0.752 
  41 E _   0.025 0.000 0.000 0.003 0.004 0.019 0.204 0.745 
  42 L _   0.034 0.001 0.001 0.003 0.006 0.026 0.197 0.732 
  43 V _   0.047 0.002 0.001 0.004 0.010 0.034 0.190 0.712 
  44 L _   0.062 0.004 0.001 0.007 0.017 0.043 0.182 0.684 
  45 N _   0.077 0.011 0.002 0.010 0.026 0.053 0.173 0.649 
  46 V _   0.092 0.022 0.002 0.015 0.037 0.062 0.164 0.606 
  47 S _   0.104 0.037 0.003 0.022 0.047 0.068 0.156 0.564 
  48 S _   0.113 0.054 0.003 0.028 0.055 0.072 0.149 0.526 
  49 T _   0.119 0.068 0.003 0.033 0.059 0.073 0.143 0.502 
  50 F _   0.122 0.078 0.003 0.036 0.059 0.071 0.139 0.492 
  51 V _   0.121 0.083 0.003 0.037 0.057 0.069 0.136 0.494 
  52 L _   0.116 0.085 0.003 0.035 0.052 0.065 0.134 0.510 
  53 T _   0.109 0.084 0.002 0.032 0.046 0.060 0.133 0.535 
  54 C _   0.099 0.081 0.002 0.027 0.039 0.054 0.131 0.567 
  55 S _   0.088 0.076 0.002 0.023 0.031 0.049 0.131 0.599 
  56 G _   0.078 0.072 0.002 0.020 0.025 0.044 0.131 0.629 
  57 S _   0.067 0.068 0.001 0.018 0.020 0.039 0.131 0.655 
  58 A _   0.057 0.065 0.001 0.018 0.016 0.035 0.131 0.676 
  59 P _   0.048 0.062 0.001 0.018 0.013 0.030 0.132 0.694 
  60 V _   0.040 0.060 0.001 0.019 0.011 0.026 0.133 0.710 
  61 V _   0.033 0.058 0.001 0.019 0.009 0.023 0.133 0.725 
  62 W _   0.027 0.054 0.001 0.018 0.008 0.019 0.134 0.740 
  63 E _   0.021 0.050 0.001 0.015 0.006 0.016 0.134 0.756 
  64 R _   0.016 0.046 0.001 0.013 0.005 0.013 0.135 0.772 
  65 M _   0.013 0.042 0.000 0.010 0.004 0.011 0.135 0.786 
  66 S _   0.010 0.038 0.000 0.008 0.003 0.009 0.134 0.798 
  67 Q _   0.008 0.036 0.000 0.006 0.002 0.008 0.133 0.806 
  68 E _   0.006 0.036 0.000 0.005 0.002 0.007 0.132 0.810 
  69 P _   0.006 0.037 0.000 0.005 0.002 0.007 0.130 0.812 
  70 P _   0.006 0.041 0.000 0.006 0.002 0.008 0.128 0.810 
  71 Q _   0.006 0.047 0.000 0.007 0.003 0.009 0.125 0.804 
  72 E _   0.006 0.057 0.000 0.009 0.003 0.010 0.122 0.793 
  73 M _   0.006 0.071 0.001 0.011 0.004 0.011 0.117 0.778 
  74 A _   0.006 0.091 0.001 0.013 0.005 0.012 0.113 0.759 
  75 K _   0.007 0.115 0.001 0.015 0.006 0.014 0.107 0.735 
  76 A _   0.008 0.144 0.001 0.017 0.007 0.016 0.101 0.706 
  77 Q _   0.009 0.179 0.001 0.020 0.009 0.019 0.094 0.670 
  78 D _   0.010 0.221 0.001 0.022 0.011 0.021 0.088 0.625 
  79 G _   0.012 0.272 0.002 0.025 0.014 0.024 0.081 0.571 
  80 T _   0.013 0.331 0.002 0.028 0.018 0.026 0.074 0.509 
  81 F _   0.014 0.392 0.002 0.032 0.020 0.026 0.068 0.446 
  82 S E   0.014 0.448 0.002 0.035 0.021 0.026 0.063 0.390 
  83 S E   0.014 0.494 0.002 0.038 0.021 0.026 0.059 0.346 
  84 V E   0.014 0.525 0.002 0.040 0.020 0.025 0.057 0.318 
  85 L E   0.014 0.542 0.001 0.041 0.019 0.024 0.055 0.304 
  86 T E   0.014 0.550 0.001 0.040 0.018 0.023 0.054 0.300 
  87 L E   0.014 0.550 0.001 0.038 0.017 0.021 0.054 0.305 
  88 T E   0.014 0.543 0.001 0.035 0.015 0.020 0.054 0.317 
  89 N E   0.014 0.529 0.001 0.031 0.014 0.019 0.055 0.336 
  90 L E   0.014 0.507 0.001 0.028 0.013 0.018 0.056 0.363 
  91 T E   0.014 0.480 0.001 0.026 0.012 0.018 0.058 0.393 
  92 G E   0.014 0.450 0.001 0.024 0.011 0.017 0.060 0.423 
  93 L _   0.014 0.420 0.001 0.024 0.010 0.017 0.062 0.453 
  94 D _   0.013 0.390 0.001 0.024 0.009 0.016 0.065 0.481 
  95 T _   0.013 0.359 0.001 0.025 0.009 0.016 0.067 0.511 
  96 G _   0.013 0.327 0.001 0.025 0.008 0.015 0.071 0.541 
  97 E _   0.012 0.292 0.001 0.025 0.008 0.014 0.074 0.574 
  98 Y _   0.012 0.252 0.001 0.024 0.007 0.014 0.078 0.612 
  99 F _   0.011 0.210 0.001 0.023 0.007 0.013 0.082 0.654 
 100 C _   0.011 0.166 0.001 0.020 0.006 0.012 0.086 0.698 
 101 T _   0.010 0.125 0.001 0.017 0.005 0.011 0.090 0.742 
 102 H _   0.009 0.091 0.001 0.014 0.004 0.010 0.093 0.780 
 103 N _   0.008 0.065 0.000 0.011 0.003 0.009 0.096 0.809 
 104 D _   0.007 0.047 0.000 0.008 0.002 0.008 0.097 0.831 
 105 S _   0.006 0.035 0.000 0.006 0.002 0.007 0.098 0.846 
 106 R _   0.005 0.028 0.000 0.005 0.002 0.006 0.098 0.855 
 107 G _   0.005 0.024 0.000 0.005 0.001 0.006 0.098 0.861 
 108 L _   0.004 0.023 0.000 0.005 0.001 0.006 0.096 0.864 
 109 E _   0.004 0.022 0.000 0.005 0.002 0.007 0.095 0.865 
 110 T _   0.005 0.024 0.000 0.006 0.002 0.008 0.092 0.863 
 111 D _   0.005 0.027 0.000 0.008 0.003 0.010 0.089 0.858 
 112 E _   0.006 0.032 0.000 0.011 0.004 0.012 0.085 0.848 
 113 R _   0.007 0.040 0.001 0.015 0.005 0.015 0.081 0.835 
 114 K _   0.009 0.051 0.001 0.021 0.007 0.017 0.077 0.818 
 115 R _   0.009 0.062 0.001 0.028 0.009 0.020 0.072 0.799 
 116 L _   0.010 0.072 0.001 0.034 0.011 0.021 0.068 0.781 
 117 Y _   0.011 0.080 0.001 0.040 0.013 0.022 0.064 0.767 
 118 I _   0.012 0.085 0.001 0.044 0.014 0.023 0.061 0.759 
 119 F _   0.012 0.086 0.001 0.046 0.015 0.023 0.059 0.757 
 120 V _   0.013 0.085 0.001 0.046 0.015 0.022 0.057 0.761 
 121 P _   0.013 0.080 0.001 0.042 0.014 0.021 0.056 0.772 
 122 D _   0.014 0.072 0.001 0.037 0.012 0.020 0.055 0.789 
 123 P _   0.015 0.060 0.001 0.030 0.011 0.019 0.054 0.811 
 124 T _   0.015 0.044 0.001 0.022 0.009 0.017 0.054 0.837 
 125 V _   0.017 0.029 0.001 0.016 0.007 0.016 0.053 0.863 
 126 G _   0.018 0.015 0.001 0.010 0.005 0.014 0.053 0.883 
 127 F _   0.022 0.007 0.000 0.006 0.004 0.013 0.052 0.896 
 128 L _   0.027 0.002 0.000 0.004 0.003 0.013 0.050 0.900 
 129 P _   0.037 0.001 0.000 0.002 0.003 0.014 0.048 0.894 
 130 N _   0.055 0.000 0.000 0.002 0.003 0.016 0.046 0.877 
 131 D _   0.086 0.000 0.001 0.002 0.005 0.020 0.043 0.844 
 132 A _   0.134 0.000 0.001 0.002 0.007 0.026 0.039 0.790 
 133 E _   0.198 0.000 0.001 0.002 0.012 0.034 0.035 0.718 
 134 E _   0.270 0.000 0.001 0.003 0.020 0.042 0.031 0.633 
 135 L _   0.342 0.000 0.002 0.004 0.029 0.049 0.028 0.547 
 136 F _   0.403 0.000 0.002 0.006 0.040 0.055 0.025 0.471 
 137 I H   0.452 0.001 0.002 0.007 0.049 0.058 0.022 0.409 
 138 F H   0.489 0.001 0.002 0.008 0.055 0.059 0.021 0.365 
 139 L H   0.511 0.001 0.002 0.008 0.058 0.058 0.020 0.341 
 140 T H   0.523 0.001 0.002 0.009 0.058 0.056 0.019 0.331 
 141 E H   0.522 0.001 0.002 0.008 0.057 0.053 0.019 0.337 
 142 I H   0.509 0.001 0.002 0.008 0.053 0.050 0.019 0.357 
 143 T H   0.488 0.001 0.002 0.007 0.046 0.046 0.020 0.389 
 144 E H   0.455 0.001 0.002 0.007 0.039 0.043 0.021 0.432 
 145 I _   0.414 0.001 0.002 0.006 0.032 0.039 0.022 0.484 
 146 T _   0.367 0.000 0.002 0.006 0.025 0.036 0.024 0.541 
 147 I _   0.316 0.000 0.001 0.005 0.019 0.033 0.025 0.600 
 148 P _   0.265 0.000 0.001 0.005 0.015 0.030 0.027 0.656 
 149 C _   0.217 0.000 0.001 0.005 0.012 0.028 0.029 0.709 
 150 R _   0.175 0.000 0.001 0.005 0.010 0.026 0.030 0.752 
 151 V _   0.139 0.001 0.001 0.005 0.009 0.025 0.032 0.789 
 152 T _   0.110 0.001 0.001 0.006 0.009 0.024 0.033 0.816 
 153 D _   0.087 0.002 0.001 0.008 0.009 0.023 0.034 0.836 
 154 P _   0.070 0.003 0.001 0.010 0.009 0.023 0.035 0.849 
 155 Q _   0.057 0.005 0.001 0.013 0.009 0.022 0.036 0.858 
 156 L _   0.046 0.006 0.001 0.015 0.009 0.021 0.037 0.864 
 157 V _   0.038 0.008 0.001 0.016 0.009 0.020 0.038 0.870 
 158 V _   0.031 0.009 0.001 0.017 0.009 0.018 0.038 0.877 
 159 T _   0.025 0.010 0.001 0.016 0.008 0.017 0.039 0.885 
 160 L _   0.020 0.010 0.001 0.015 0.007 0.015 0.040 0.893 
 161 H _   0.017 0.010 0.001 0.013 0.006 0.013 0.041 0.901 
 162 E _   0.014 0.010 0.001 0.011 0.005 0.012 0.041 0.907 
 163 K _   0.012 0.010 0.000 0.009 0.004 0.011 0.042 0.912 
 164 K _   0.011 0.010 0.000 0.008 0.004 0.010 0.042 0.915 
 165 G _   0.010 0.010 0.000 0.008 0.003 0.010 0.042 0.916 
 166 D _   0.009 0.011 0.000 0.008 0.004 0.009 0.043 0.915 
 167 V _   0.009 0.013 0.000 0.009 0.004 0.009 0.043 0.913 
 168 A _   0.009 0.014 0.000 0.010 0.004 0.009 0.043 0.910 
 169 L _   0.009 0.016 0.000 0.011 0.004 0.009 0.043 0.908 
 170 P _   0.008 0.018 0.000 0.011 0.004 0.009 0.043 0.906 
 171 V _   0.008 0.020 0.000 0.011 0.004 0.009 0.042 0.906 
 172 P _   0.007 0.022 0.000 0.010 0.004 0.009 0.042 0.906 
 173 Y _   0.007 0.023 0.000 0.010 0.004 0.009 0.042 0.905 
 174 D _   0.007 0.026 0.000 0.009 0.004 0.009 0.041 0.904 
 175 H _   0.007 0.029 0.000 0.009 0.004 0.009 0.041 0.901 
 176 Q _   0.007 0.033 0.000 0.010 0.004 0.010 0.040 0.896 
 177 R _   0.007 0.038 0.001 0.011 0.004 0.011 0.039 0.889 
 178 G _   0.007 0.045 0.001 0.013 0.005 0.011 0.038 0.879 
 179 F _   0.007 0.054 0.001 0.015 0.005 0.012 0.037 0.868 
 180 S _   0.008 0.063 0.001 0.017 0.006 0.013 0.036 0.857 
 181 G _   0.008 0.072 0.001 0.019 0.006 0.013 0.035 0.846 
 182 I _   0.008 0.081 0.001 0.020 0.007 0.014 0.034 0.836 
 183 F _   0.008 0.088 0.001 0.021 0.007 0.015 0.033 0.828 
 184 E _   0.008 0.095 0.001 0.022 0.007 0.015 0.032 0.820 
 185 D _   0.008 0.101 0.001 0.023 0.008 0.016 0.031 0.813 
 186 R _   0.008 0.106 0.001 0.024 0.009 0.016 0.030 0.806 
 187 S _   0.009 0.111 0.001 0.027 0.009 0.017 0.029 0.798 
 188 Y _   0.009 0.115 0.001 0.030 0.010 0.017 0.029 0.790 
 189 I _   0.010 0.118 0.001 0.033 0.011 0.017 0.028 0.783 
 190 C _   0.010 0.119 0.001 0.036 0.011 0.017 0.028 0.778 
 191 K _   0.010 0.118 0.001 0.038 0.011 0.017 0.028 0.777 
 192 T _   0.010 0.114 0.001 0.037 0.011 0.016 0.029 0.782 
 193 T _   0.010 0.106 0.001 0.035 0.010 0.015 0.029 0.795 
 194 I _   0.010 0.093 0.001 0.030 0.009 0.014 0.030 0.814 
 195 G _   0.009 0.076 0.001 0.024 0.007 0.012 0.031 0.840 
 196 D _   0.009 0.055 0.001 0.018 0.006 0.011 0.032 0.869 
 197 R _   0.008 0.036 0.001 0.012 0.004 0.010 0.033 0.897 
 198 E _   0.007 0.021 0.000 0.008 0.003 0.009 0.033 0.918 
 199 V _   0.007 0.013 0.000 0.005 0.002 0.009 0.033 0.930 
 200 D _   0.007 0.009 0.000 0.004 0.002 0.009 0.033 0.935 
 201 S _   0.007 0.008 0.000 0.004 0.002 0.011 0.033 0.935 
 202 D _   0.009 0.008 0.000 0.005 0.003 0.013 0.032 0.929 
 203 A _   0.011 0.009 0.000 0.008 0.005 0.017 0.031 0.918 
 204 Y _   0.013 0.012 0.001 0.013 0.007 0.020 0.030 0.904 
 205 Y _   0.015 0.015 0.001 0.020 0.010 0.024 0.029 0.886 
 206 V _   0.017 0.018 0.001 0.026 0.013 0.028 0.028 0.870 
 207 Y _   0.018 0.020 0.001 0.030 0.015 0.030 0.026 0.859 
 208 R _   0.020 0.020 0.001 0.032 0.016 0.031 0.025 0.854 
 209 L _   0.021 0.019 0.001 0.030 0.016 0.032 0.025 0.855 
 210 Q _   0.024 0.017 0.001 0.026 0.016 0.033 0.024 0.860 
 211 V _   0.027 0.014 0.001 0.020 0.015 0.033 0.023 0.867 
 212 S _   0.031 0.010 0.001 0.015 0.013 0.034 0.023 0.873 
 213 S _   0.036 0.007 0.001 0.011 0.013 0.034 0.022 0.875 
 214 I _   0.044 0.005 0.001 0.009 0.012 0.036 0.022 0.872 
 215 N _   0.054 0.004 0.001 0.008 0.013 0.037 0.021 0.862 
 216 V _   0.065 0.003 0.001 0.008 0.014 0.039 0.021 0.848 
 217 S _   0.078 0.003 0.001 0.009 0.017 0.041 0.020 0.831 
 218 V _   0.091 0.003 0.001 0.012 0.019 0.043 0.020 0.811 
 219 N _   0.105 0.003 0.001 0.014 0.021 0.044 0.019 0.792 
 220 A _   0.118 0.003 0.002 0.015 0.022 0.044 0.019 0.777 
 221 V _   0.131 0.003 0.002 0.015 0.022 0.043 0.018 0.766 
 222 Q _   0.143 0.003 0.001 0.013 0.020 0.041 0.018 0.761 
 223 T _   0.154 0.002 0.001 0.010 0.017 0.039 0.018 0.759 
 224 V _   0.167 0.001 0.001 0.007 0.014 0.036 0.017 0.756 
 225 V _   0.183 0.000 0.001 0.004 0.011 0.034 0.017 0.750 
 226 R _   0.202 0.000 0.001 0.003 0.009 0.032 0.016 0.736 
 227 Q _   0.227 0.000 0.001 0.002 0.009 0.032 0.016 0.714 
 228 G _   0.261 0.000 0.001 0.001 0.010 0.033 0.015 0.679 
 229 E _   0.306 0.000 0.001 0.001 0.012 0.035 0.014 0.630 
 230 N _   0.357 0.000 0.001 0.002 0.017 0.038 0.014 0.572 
 231 I _   0.409 0.000 0.001 0.002 0.023 0.041 0.014 0.510 
 232 T H   0.457 0.000 0.002 0.003 0.030 0.044 0.014 0.451 
 233 L H   0.493 0.000 0.002 0.004 0.037 0.046 0.014 0.403 
 234 M H   0.518 0.001 0.002 0.006 0.042 0.046 0.015 0.369 
 235 C H   0.530 0.001 0.002 0.007 0.046 0.046 0.016 0.351 
 236 I H   0.528 0.002 0.002 0.009 0.047 0.045 0.018 0.350 
 237 V H   0.514 0.002 0.002 0.009 0.047 0.044 0.020 0.362 
 238 I H   0.489 0.002 0.002 0.010 0.045 0.042 0.022 0.388 
 239 G H   0.453 0.002 0.002 0.010 0.041 0.040 0.025 0.426 
 240 N _   0.409 0.002 0.002 0.011 0.036 0.038 0.029 0.473 
 241 E _   0.355 0.003 0.002 0.012 0.031 0.035 0.033 0.529 
 242 V _   0.298 0.003 0.002 0.013 0.025 0.033 0.038 0.589 
 243 V _   0.239 0.003 0.002 0.014 0.020 0.029 0.044 0.650 
 244 N _   0.183 0.002 0.001 0.015 0.016 0.026 0.049 0.708 
 245 F _   0.135 0.002 0.001 0.014 0.011 0.022 0.054 0.761 
 246 E _   0.095 0.002 0.001 0.012 0.008 0.018 0.058 0.807 
 247 W _   0.064 0.001 0.001 0.009 0.006 0.014 0.062 0.843 
 248 T _   0.041 0.001 0.000 0.007 0.004 0.011 0.065 0.871 
 249 Y _   0.027 0.001 0.000 0.005 0.003 0.009 0.066 0.889 
 250 P _   0.017 0.001 0.000 0.003 0.002 0.008 0.068 0.901 
 251 R _   0.012 0.001 0.000 0.003 0.002 0.007 0.069 0.907 
 252 K _   0.009 0.001 0.000 0.003 0.002 0.008 0.069 0.908 
 253 E _   0.009 0.002 0.000 0.003 0.002 0.009 0.069 0.906 
 254 S _   0.009 0.004 0.000 0.005 0.003 0.010 0.069 0.900 
 255 G _   0.010 0.008 0.000 0.007 0.004 0.013 0.069 0.889 
 256 R _   0.011 0.016 0.001 0.011 0.006 0.016 0.068 0.872 
 257 L _   0.012 0.027 0.001 0.016 0.008 0.019 0.067 0.850 
 258 V _   0.013 0.039 0.001 0.021 0.010 0.022 0.066 0.828 
 259 E _   0.015 0.049 0.001 0.026 0.012 0.025 0.065 0.808 
 260 P _   0.015 0.057 0.001 0.029 0.014 0.027 0.064 0.793 
 261 V _   0.017 0.062 0.001 0.030 0.015 0.028 0.064 0.783 
 262 T _   0.018 0.065 0.001 0.030 0.016 0.030 0.064 0.777 
 263 D _   0.019 0.067 0.001 0.028 0.016 0.031 0.064 0.774 
 264 F _   0.021 0.066 0.001 0.025 0.016 0.031 0.065 0.774 
 265 L _   0.023 0.065 0.001 0.022 0.015 0.032 0.066 0.777 
 266 L _   0.024 0.063 0.001 0.019 0.014 0.032 0.067 0.780 
 267 D _   0.026 0.061 0.001 0.017 0.014 0.032 0.068 0.783 
 268 M _   0.027 0.060 0.001 0.015 0.013 0.032 0.069 0.784 
 269 P _   0.028 0.059 0.001 0.015 0.013 0.032 0.070 0.783 
 270 Y _   0.028 0.059 0.001 0.015 0.013 0.031 0.071 0.780 
 271 H _   0.028 0.060 0.001 0.017 0.014 0.031 0.072 0.775 
 272 I _   0.028 0.062 0.001 0.020 0.015 0.031 0.074 0.769 
 273 R _   0.028 0.064 0.001 0.024 0.015 0.030 0.075 0.763 
 274 S _   0.027 0.066 0.001 0.027 0.015 0.028 0.077 0.759 
 275 I _   0.026 0.066 0.001 0.030 0.015 0.026 0.079 0.757 
 276 L _   0.023 0.064 0.001 0.031 0.014 0.024 0.081 0.761 
 277 H _   0.021 0.061 0.001 0.030 0.013 0.022 0.084 0.769 
 278 I _   0.019 0.055 0.001 0.027 0.011 0.019 0.086 0.781 
 279 P _   0.016 0.048 0.001 0.023 0.009 0.017 0.089 0.797 
 280 S _   0.014 0.039 0.001 0.019 0.007 0.014 0.092 0.815 
 281 A _   0.012 0.029 0.001 0.014 0.005 0.012 0.095 0.832 
 282 E _   0.010 0.021 0.001 0.010 0.004 0.010 0.097 0.848 
 283 L _   0.009 0.015 0.000 0.007 0.003 0.009 0.099 0.859 
 284 E _   0.008 0.011 0.000 0.006 0.002 0.008 0.100 0.865 
 285 D _   0.007 0.009 0.000 0.005 0.002 0.007 0.101 0.869 
 286 S _   0.006 0.008 0.000 0.006 0.002 0.007 0.101 0.868 
 287 G _   0.006 0.009 0.000 0.007 0.003 0.008 0.101 0.866 
 288 T _   0.007 0.009 0.000 0.010 0.003 0.009 0.101 0.860 
 289 Y _   0.007 0.011 0.000 0.014 0.004 0.009 0.101 0.854 
 290 T _   0.007 0.012 0.001 0.018 0.005 0.010 0.101 0.847 
 291 C _   0.007 0.013 0.001 0.021 0.005 0.010 0.101 0.842 
 292 N _   0.007 0.013 0.001 0.022 0.005 0.010 0.101 0.841 
 293 V _   0.007 0.012 0.001 0.021 0.005 0.010 0.102 0.843 
 294 T _   0.006 0.011 0.001 0.019 0.004 0.009 0.102 0.849 
 295 E _   0.006 0.008 0.000 0.015 0.004 0.008 0.103 0.857 
 296 S _   0.005 0.006 0.000 0.010 0.003 0.007 0.103 0.866 
 297 V _   0.004 0.004 0.000 0.007 0.002 0.006 0.103 0.873 
 298 N _   0.004 0.002 0.000 0.005 0.002 0.006 0.103 0.879 
 299 D _   0.004 0.001 0.000 0.003 0.001 0.006 0.102 0.882 
 300 H _   0.004 0.001 0.000 0.003 0.001 0.007 0.101 0.882 
 301 Q _   0.006 0.001 0.000 0.003 0.002 0.009 0.099 0.880 
 302 D _   0.008 0.001 0.000 0.004 0.002 0.012 0.097 0.875 
 303 E _   0.012 0.002 0.000 0.005 0.004 0.018 0.095 0.864 
 304 K _   0.016 0.004 0.001 0.009 0.006 0.024 0.091 0.848 
 305 A _   0.023 0.008 0.001 0.013 0.010 0.033 0.087 0.824 
 306 I _   0.031 0.014 0.001 0.019 0.016 0.041 0.083 0.795 
 307 N _   0.039 0.020 0.001 0.025 0.022 0.049 0.078 0.766 
 308 I _   0.047 0.025 0.002 0.030 0.027 0.055 0.074 0.740 
 309 T _   0.054 0.029 0.002 0.032 0.032 0.061 0.071 0.719 
 310 V _   0.062 0.031 0.002 0.033 0.035 0.064 0.068 0.706 
 311 V _   0.069 0.031 0.002 0.030 0.037 0.067 0.065 0.699 
 312 E _   0.075 0.031 0.002 0.027 0.038 0.068 0.063 0.697 
 313 S _   0.080 0.029 0.002 0.024 0.037 0.068 0.061 0.699 
 314 G _   0.084 0.027 0.002 0.020 0.035 0.067 0.060 0.705 
 315 Y _   0.087 0.025 0.002 0.018 0.032 0.066 0.059 0.711 
 316 V _   0.089 0.024 0.002 0.016 0.030 0.064 0.058 0.718 
 317 R _   0.088 0.022 0.002 0.015 0.027 0.061 0.058 0.726 
 318 L _   0.086 0.021 0.001 0.015 0.025 0.059 0.058 0.735 
 319 L _   0.083 0.021 0.001 0.015 0.024 0.056 0.057 0.742 
 320 G _   0.079 0.021 0.001 0.016 0.023 0.053 0.057 0.750 
 321 E _   0.074 0.021 0.001 0.017 0.022 0.050 0.057 0.758 
 322 V _   0.068 0.020 0.001 0.018 0.020 0.047 0.058 0.767 
 323 G _   0.062 0.020 0.001 0.019 0.019 0.044 0.058 0.777 
 324 T _   0.057 0.019 0.001 0.019 0.017 0.040 0.058 0.789 
 325 L _   0.051 0.017 0.001 0.018 0.015 0.037 0.059 0.803 
 326 Q _   0.045 0.014 0.001 0.016 0.012 0.033 0.060 0.819 
 327 F _   0.039 0.012 0.001 0.013 0.010 0.030 0.060 0.836 
 328 A _   0.034 0.009 0.001 0.010 0.008 0.027 0.061 0.851 
 329 E _   0.031 0.007 0.001 0.007 0.007 0.025 0.061 0.862 
 330 L _   0.028 0.006 0.001 0.006 0.006 0.023 0.061 0.869 
 331 H _   0.027 0.006 0.001 0.005 0.006 0.023 0.061 0.871 
 332 R _   0.028 0.007 0.001 0.006 0.006 0.024 0.061 0.868 
 333 S _   0.029 0.009 0.001 0.007 0.008 0.026 0.060 0.860 
 334 R _   0.031 0.012 0.001 0.011 0.010 0.027 0.060 0.847 
 335 T _   0.033 0.018 0.001 0.016 0.013 0.029 0.060 0.831 
 336 L _   0.035 0.025 0.001 0.021 0.015 0.030 0.059 0.814 
 337 Q _   0.035 0.030 0.001 0.026 0.017 0.030 0.059 0.801 
 338 V _   0.035 0.034 0.001 0.028 0.017 0.029 0.060 0.795 
 339 V _   0.033 0.036 0.001 0.028 0.016 0.028 0.060 0.796 
 340 F _   0.032 0.037 0.001 0.026 0.015 0.027 0.061 0.802 
 341 E _   0.029 0.036 0.001 0.023 0.013 0.025 0.062 0.812 
 342 A _   0.026 0.034 0.001 0.019 0.011 0.023 0.062 0.824 
 343 Y _   0.024 0.031 0.001 0.016 0.010 0.021 0.063 0.834 
 344 P _   0.021 0.030 0.001 0.015 0.008 0.020 0.064 0.841 
 345 P _   0.020 0.028 0.001 0.014 0.008 0.019 0.065 0.845 
 346 P _   0.018 0.028 0.001 0.015 0.008 0.018 0.066 0.846 
 347 T _   0.018 0.028 0.001 0.017 0.007 0.017 0.067 0.845 
 348 V _   0.016 0.027 0.001 0.019 0.007 0.016 0.068 0.845 
 349 L _   0.015 0.026 0.001 0.020 0.007 0.014 0.069 0.848 
 350 W _   0.013 0.025 0.001 0.019 0.006 0.013 0.071 0.853 
 351 F _   0.011 0.022 0.001 0.017 0.005 0.011 0.072 0.862 
 352 K _   0.009 0.018 0.001 0.014 0.004 0.009 0.073 0.872 
 353 D _   0.008 0.015 0.000 0.010 0.003 0.008 0.073 0.883 
 354 N _   0.006 0.011 0.000 0.007 0.002 0.007 0.074 0.892 
 355 R _   0.006 0.009 0.000 0.005 0.002 0.006 0.074 0.899 
 356 T _   0.005 0.008 0.000 0.004 0.002 0.005 0.073 0.903 
 357 L _   0.005 0.008 0.000 0.003 0.001 0.006 0.073 0.904 
 358 G _   0.005 0.009 0.000 0.004 0.002 0.007 0.072 0.901 
 359 D _   0.006 0.012 0.000 0.006 0.002 0.008 0.070 0.895 
 360 S _   0.007 0.018 0.000 0.010 0.004 0.011 0.068 0.882 
 361 S _   0.008 0.029 0.001 0.016 0.006 0.013 0.066 0.862 
 362 A _   0.009 0.043 0.001 0.024 0.008 0.016 0.063 0.836 
 363 G _   0.010 0.058 0.001 0.033 0.010 0.018 0.060 0.810 
 364 E _   0.010 0.069 0.001 0.040 0.012 0.020 0.057 0.789 
 365 I _   0.011 0.076 0.001 0.045 0.013 0.021 0.055 0.777 
 366 A _   0.010 0.079 0.001 0.047 0.013 0.021 0.054 0.774 
 367 L _   0.010 0.078 0.001 0.044 0.013 0.021 0.053 0.779 
 368 S _   0.010 0.074 0.001 0.039 0.012 0.020 0.052 0.792 
 369 T _   0.010 0.067 0.001 0.032 0.010 0.019 0.052 0.809 
 370 R _   0.010 0.056 0.001 0.024 0.008 0.018 0.052 0.831 
 371 N _   0.010 0.044 0.001 0.017 0.007 0.017 0.052 0.851 
 372 V _   0.010 0.034 0.001 0.012 0.006 0.017 0.052 0.868 
 373 S _   0.011 0.027 0.001 0.008 0.005 0.017 0.052 0.879 
 374 E _   0.012 0.023 0.000 0.006 0.004 0.018 0.052 0.884 
 375 T _   0.014 0.021 0.000 0.006 0.005 0.020 0.051 0.882 
 376 R _   0.017 0.021 0.001 0.006 0.006 0.023 0.050 0.875 
 377 Y _   0.021 0.023 0.001 0.008 0.008 0.027 0.049 0.863 
 378 V _   0.026 0.028 0.001 0.010 0.011 0.031 0.048 0.845 
 379 S _   0.031 0.035 0.001 0.013 0.014 0.035 0.047 0.824 
 380 E _   0.035 0.045 0.001 0.017 0.018 0.039 0.046 0.799 
 381 L _   0.039 0.055 0.002 0.021 0.021 0.042 0.045 0.774 
 382 T _   0.043 0.066 0.002 0.024 0.024 0.045 0.044 0.753 
 383 L _   0.045 0.074 0.002 0.027 0.026 0.046 0.043 0.737 
 384 V _   0.047 0.081 0.002 0.028 0.027 0.046 0.042 0.727 
 385 R _   0.047 0.086 0.002 0.028 0.027 0.046 0.042 0.722 
 386 V _   0.047 0.090 0.002 0.028 0.026 0.045 0.042 0.721 
 387 K _   0.046 0.092 0.002 0.027 0.025 0.043 0.042 0.723 
 388 V _   0.044 0.093 0.002 0.026 0.023 0.041 0.042 0.729 
 389 A _   0.042 0.092 0.001 0.025 0.021 0.039 0.043 0.736 
 390 E _   0.038 0.091 0.001 0.025 0.019 0.036 0.043 0.746 
 391 A _   0.035 0.089 0.001 0.024 0.017 0.034 0.044 0.756 
 392 G _   0.031 0.086 0.001 0.024 0.015 0.031 0.045 0.767 
 393 H _   0.028 0.082 0.001 0.023 0.014 0.028 0.046 0.779 
 394 Y _   0.025 0.077 0.001 0.022 0.012 0.025 0.047 0.792 
 395 T _   0.022 0.070 0.001 0.020 0.010 0.022 0.048 0.807 
 396 M _   0.019 0.063 0.001 0.018 0.009 0.020 0.049 0.822 
 397 R _   0.017 0.054 0.001 0.015 0.007 0.017 0.051 0.838 
 398 A _   0.014 0.046 0.001 0.013 0.006 0.016 0.052 0.853 
 399 F _   0.013 0.039 0.001 0.010 0.005 0.014 0.053 0.866 
 400 H _   0.012 0.033 0.001 0.008 0.004 0.013 0.054 0.875 
 401 E _   0.011 0.029 0.000 0.007 0.004 0.012 0.055 0.881 
 402 D _   0.011 0.027 0.000 0.006 0.004 0.012 0.055 0.884 
 403 A _   0.011 0.026 0.000 0.006 0.004 0.013 0.055 0.883 
 404 E _   0.012 0.027 0.000 0.007 0.004 0.014 0.056 0.880 
 405 V _   0.013 0.029 0.001 0.008 0.005 0.015 0.056 0.874 
 406 Q _   0.014 0.032 0.001 0.009 0.006 0.017 0.056 0.866 
 407 L _   0.016 0.036 0.001 0.011 0.007 0.018 0.056 0.856 
 408 S _   0.017 0.041 0.001 0.013 0.008 0.020 0.056 0.844 
 409 F _   0.019 0.048 0.001 0.015 0.009 0.022 0.056 0.831 
 410 Q _   0.020 0.054 0.001 0.017 0.010 0.023 0.056 0.819 
 411 L _   0.021 0.062 0.001 0.019 0.012 0.025 0.056 0.805 
 412 Q _   0.022 0.070 0.001 0.021 0.013 0.026 0.056 0.791 
 413 I _   0.023 0.078 0.001 0.024 0.014 0.027 0.056 0.777 
 414 N _   0.024 0.086 0.001 0.028 0.015 0.027 0.056 0.762 
 415 V _   0.025 0.093 0.001 0.033 0.016 0.027 0.057 0.748 
 416 P _   0.025 0.098 0.001 0.037 0.016 0.026 0.058 0.738 
 417 V _   0.025 0.101 0.001 0.040 0.016 0.025 0.059 0.732 
 418 R _   0.024 0.101 0.001 0.041 0.015 0.023 0.061 0.734 
 419 V _   0.023 0.097 0.001 0.039 0.013 0.021 0.063 0.743 
 420 L _   0.020 0.090 0.001 0.034 0.011 0.019 0.065 0.761 
 421 E _   0.017 0.078 0.001 0.027 0.008 0.016 0.068 0.785 
 422 L _   0.015 0.063 0.001 0.020 0.006 0.013 0.070 0.812 
 423 S _   0.012 0.049 0.001 0.013 0.004 0.010 0.072 0.838 
 424 E _   0.010 0.038 0.000 0.008 0.003 0.008 0.074 0.859 
 425 S _   0.008 0.031 0.000 0.005 0.002 0.007 0.075 0.873 
 426 H _   0.006 0.028 0.000 0.003 0.001 0.006 0.075 0.879 
 427 P _   0.006 0.028 0.000 0.003 0.001 0.006 0.074 0.881 
 428 D _   0.006 0.030 0.000 0.004 0.002 0.007 0.074 0.877 
 429 S _   0.006 0.037 0.000 0.006 0.003 0.009 0.072 0.867 
 430 G _   0.007 0.053 0.001 0.010 0.004 0.011 0.070 0.845 
 431 E _   0.008 0.082 0.001 0.016 0.006 0.013 0.066 0.810 
 432 Q _   0.008 0.123 0.001 0.022 0.007 0.014 0.063 0.763 
 433 T _   0.007 0.167 0.001 0.028 0.009 0.015 0.059 0.715 
 434 V _   0.006 0.207 0.001 0.032 0.009 0.015 0.055 0.675 
 435 R _   0.006 0.235 0.001 0.034 0.009 0.015 0.052 0.648 
 436 C _   0.006 0.255 0.001 0.033 0.009 0.014 0.050 0.633 
 437 R _   0.005 0.268 0.001 0.031 0.008 0.014 0.049 0.624 
 438 G _   0.005 0.275 0.001 0.029 0.008 0.014 0.048 0.621 
 439 R _   0.005 0.280 0.001 0.025 0.007 0.014 0.047 0.621 
 440 G _   0.006 0.282 0.001 0.022 0.007 0.014 0.047 0.621 
 441 M _   0.006 0.284 0.001 0.020 0.007 0.014 0.047 0.622 
 442 P _   0.007 0.285 0.001 0.020 0.007 0.015 0.047 0.620 
 443 Q _   0.007 0.288 0.001 0.020 0.007 0.015 0.047 0.615 
 444 P _   0.008 0.291 0.001 0.021 0.008 0.016 0.047 0.608 
 445 N _   0.009 0.294 0.001 0.024 0.009 0.017 0.047 0.598 
 446 I _   0.010 0.297 0.001 0.028 0.010 0.017 0.048 0.589 
 447 I _   0.011 0.297 0.001 0.031 0.011 0.018 0.049 0.583 
 448 W _   0.011 0.293 0.001 0.034 0.011 0.017 0.050 0.582 
 449 S _   0.012 0.286 0.001 0.035 0.011 0.017 0.052 0.587 
 450 A _   0.012 0.271 0.001 0.034 0.011 0.016 0.054 0.601 
 451 C _   0.012 0.249 0.001 0.032 0.010 0.015 0.057 0.625 
 452 R _   0.012 0.216 0.001 0.027 0.009 0.014 0.060 0.660 
 453 D _   0.012 0.178 0.001 0.022 0.008 0.013 0.064 0.702 
 454 L _   0.011 0.140 0.001 0.018 0.007 0.013 0.067 0.744 
 455 K _   0.011 0.108 0.001 0.014 0.005 0.012 0.071 0.779 
 456 R _   0.010 0.084 0.001 0.011 0.004 0.011 0.074 0.805 
 457 C _   0.009 0.068 0.000 0.010 0.004 0.010 0.076 0.822 
 458 P _   0.009 0.058 0.000 0.009 0.003 0.010 0.078 0.832 
 459 R _   0.009 0.052 0.000 0.010 0.003 0.010 0.080 0.837 
 460 E _   0.008 0.047 0.000 0.011 0.003 0.009 0.081 0.840 
 461 L _   0.008 0.043 0.000 0.011 0.003 0.009 0.082 0.842 
 462 P _   0.008 0.040 0.000 0.012 0.003 0.009 0.083 0.845 
 463 P _   0.007 0.037 0.000 0.011 0.003 0.008 0.084 0.849 
 464 T _   0.007 0.033 0.000 0.010 0.003 0.008 0.084 0.854 
 465 L _   0.006 0.030 0.000 0.009 0.003 0.007 0.084 0.860 
 466 L _   0.005 0.027 0.000 0.008 0.002 0.006 0.084 0.867 
 467 G _   0.005 0.024 0.000 0.007 0.002 0.006 0.084 0.872 
 468 N _   0.005 0.023 0.000 0.006 0.002 0.006 0.083 0.875 
 469 S _   0.004 0.023 0.000 0.005 0.002 0.006 0.082 0.877 
 470 S _   0.005 0.023 0.000 0.006 0.002 0.007 0.080 0.877 
 471 E _   0.005 0.025 0.000 0.007 0.002 0.007 0.079 0.875 
 472 E _   0.005 0.029 0.000 0.008 0.003 0.008 0.076 0.870 
 473 E _   0.006 0.035 0.000 0.011 0.003 0.010 0.074 0.862 
 474 S _   0.006 0.043 0.001 0.014 0.004 0.011 0.071 0.851 
 475 Q _   0.006 0.052 0.001 0.017 0.005 0.012 0.067 0.839 
 476 L _   0.006 0.062 0.001 0.020 0.006 0.013 0.064 0.828 
 477 E _   0.007 0.070 0.001 0.022 0.007 0.014 0.062 0.819 
 478 T _   0.007 0.076 0.001 0.023 0.007 0.014 0.059 0.813 
 479 N _   0.007 0.080 0.001 0.023 0.007 0.015 0.057 0.811 
 480 V _   0.007 0.083 0.001 0.022 0.007 0.015 0.055 0.811 
 481 T _   0.008 0.084 0.001 0.020 0.007 0.015 0.053 0.813 
 482 Y _   0.008 0.085 0.001 0.018 0.006 0.016 0.052 0.815 
 483 W _   0.009 0.085 0.001 0.016 0.006 0.017 0.050 0.816 
 484 E _   0.010 0.086 0.001 0.014 0.006 0.018 0.049 0.817 
 485 E _   0.011 0.087 0.001 0.014 0.007 0.019 0.047 0.815 
 486 E _   0.012 0.089 0.001 0.014 0.008 0.021 0.046 0.809 
 487 Q _   0.014 0.094 0.001 0.016 0.009 0.022 0.044 0.800 
 488 E _   0.016 0.099 0.001 0.018 0.011 0.024 0.043 0.788 
 489 F _   0.017 0.106 0.001 0.022 0.013 0.026 0.041 0.774 
 490 E _   0.019 0.112 0.001 0.027 0.014 0.027 0.040 0.761 
 491 V _   0.019 0.117 0.001 0.032 0.016 0.027 0.039 0.749 
 492 V _   0.020 0.119 0.001 0.036 0.017 0.027 0.038 0.742 
 493 S _   0.020 0.118 0.001 0.037 0.017 0.026 0.037 0.743 
 494 T _   0.020 0.114 0.001 0.036 0.016 0.025 0.036 0.751 
 495 L _   0.020 0.105 0.001 0.033 0.015 0.024 0.036 0.766 
 496 R _   0.019 0.091 0.001 0.027 0.013 0.022 0.036 0.791 
 497 L _   0.018 0.073 0.001 0.021 0.010 0.020 0.037 0.820 
 498 Q _   0.017 0.053 0.001 0.015 0.008 0.018 0.037 0.851 
 499 H _   0.015 0.037 0.001 0.011 0.006 0.017 0.037 0.876 
 500 V _   0.014 0.027 0.001 0.007 0.005 0.016 0.037 0.893 
 501 D _   0.014 0.022 0.000 0.006 0.004 0.016 0.036 0.902 
 502 R _   0.014 0.019 0.000 0.006 0.004 0.016 0.036 0.904 
 503 P _   0.016 0.019 0.001 0.007 0.005 0.017 0.035 0.901 
 504 L _   0.017 0.020 0.001 0.009 0.006 0.019 0.034 0.895 
 505 S _   0.017 0.021 0.001 0.013 0.008 0.020 0.033 0.886 
 506 V _   0.018 0.024 0.001 0.018 0.010 0.021 0.032 0.875 
 507 R _   0.018 0.026 0.001 0.023 0.012 0.022 0.031 0.867 
 508 C _   0.018 0.028 0.001 0.026 0.013 0.022 0.030 0.862 
 509 T _   0.018 0.028 0.001 0.027 0.013 0.022 0.029 0.862 
 510 L _   0.018 0.026 0.001 0.026 0.012 0.021 0.029 0.867 
 511 R _   0.017 0.024 0.001 0.023 0.011 0.019 0.028 0.876 
 512 N _   0.016 0.020 0.001 0.019 0.010 0.018 0.028 0.888 
 513 A _   0.016 0.015 0.001 0.015 0.008 0.016 0.027 0.901 
 514 V _   0.016 0.011 0.001 0.012 0.007 0.015 0.027 0.912 
 515 G _   0.017 0.007 0.001 0.009 0.006 0.014 0.026 0.921 
 516 Q _   0.018 0.004 0.001 0.007 0.005 0.013 0.026 0.926 
 517 D _   0.020 0.003 0.001 0.006 0.005 0.013 0.025 0.929 
 518 T _   0.024 0.001 0.001 0.005 0.005 0.013 0.025 0.928 
 519 Q _   0.029 0.001 0.001 0.004 0.005 0.013 0.024 0.924 
 520 E _   0.036 0.001 0.001 0.004 0.005 0.013 0.023 0.918 
 521 V _   0.046 0.000 0.001 0.004 0.006 0.013 0.022 0.909 
 522 I _   0.058 0.000 0.001 0.003 0.006 0.013 0.021 0.898 
 523 V _   0.073 0.000 0.001 0.003 0.006 0.013 0.020 0.884 
 524 V _   0.093 0.000 0.001 0.002 0.006 0.012 0.019 0.867 
 525 P _   0.115 0.000 0.001 0.002 0.006 0.011 0.018 0.847 
 526 H _   0.140 0.000 0.001 0.001 0.006 0.010 0.018 0.825 
 527 S _   0.166 0.000 0.001 0.001 0.006 0.009 0.017 0.800 
 528 L _   0.194 0.000 0.001 0.001 0.005 0.008 0.016 0.775 
 529 P _   0.226 0.000 0.001 0.000 0.005 0.007 0.016 0.746 
 530 F _   0.263 0.000 0.001 0.000 0.004 0.006 0.016 0.710 
 531 K _   0.308 0.000 0.001 0.000 0.004 0.005 0.016 0.666 
 532 V _   0.364 0.000 0.001 0.000 0.004 0.005 0.016 0.611 
 533 V _   0.435 0.000 0.001 0.000 0.004 0.004 0.015 0.541 
 534 V H   0.516 0.000 0.001 0.000 0.004 0.004 0.015 0.460 
 535 I H   0.603 0.000 0.001 0.000 0.004 0.004 0.014 0.374 
 536 S H   0.689 0.000 0.001 0.000 0.005 0.004 0.013 0.289 
 537 A H   0.765 0.000 0.001 0.000 0.005 0.003 0.012 0.214 
 538 I H   0.829 0.000 0.001 0.000 0.005 0.003 0.010 0.152 
 539 L H   0.876 0.000 0.001 0.000 0.005 0.003 0.009 0.106 
 540 A H   0.909 0.000 0.001 0.000 0.005 0.002 0.008 0.076 
 541 L H   0.931 0.000 0.001 0.000 0.005 0.002 0.006 0.055 
 542 V H   0.946 0.000 0.001 0.000 0.005 0.002 0.005 0.041 
 543 V H   0.955 0.000 0.001 0.000 0.005 0.002 0.004 0.033 
 544 L H   0.958 0.000 0.001 0.000 0.006 0.002 0.004 0.030 
 545 T H   0.959 0.000 0.001 0.000 0.006 0.002 0.003 0.029 
 546 I H   0.955 0.000 0.001 0.000 0.007 0.002 0.003 0.032 
 547 I H   0.947 0.000 0.001 0.000 0.007 0.002 0.002 0.040 
 548 S H   0.933 0.000 0.001 0.000 0.008 0.003 0.002 0.053 
 549 L H   0.911 0.000 0.001 0.000 0.009 0.003 0.002 0.073 
 550 I H   0.881 0.000 0.001 0.000 0.010 0.004 0.002 0.102 
 551 I H   0.838 0.000 0.001 0.000 0.011 0.004 0.002 0.143 
 552 L H   0.777 0.000 0.001 0.001 0.012 0.005 0.003 0.202 
 553 I H   0.696 0.000 0.001 0.001 0.012 0.006 0.004 0.280 
 554 M H   0.595 0.000 0.001 0.001 0.011 0.006 0.005 0.381 
 555 L _   0.479 0.000 0.001 0.001 0.009 0.007 0.007 0.496 
 556 W _   0.355 0.000 0.001 0.001 0.007 0.007 0.010 0.620 
 557 Q _   0.241 0.000 0.001 0.001 0.005 0.006 0.012 0.734 
 558 K _   0.152 0.000 0.001 0.001 0.004 0.006 0.014 0.823 
 559 K _   0.093 0.000 0.000 0.001 0.003 0.006 0.016 0.881 
 560 P _   0.058 0.000 0.000 0.001 0.002 0.006 0.017 0.915 
 561 R _   0.038 0.000 0.000 0.002 0.002 0.007 0.019 0.932 
 562 Y _   0.027 0.001 0.000 0.003 0.003 0.008 0.019 0.938 
 563 E _   0.021 0.003 0.000 0.006 0.003 0.009 0.020 0.936 
 564 I _   0.017 0.007 0.001 0.010 0.005 0.011 0.021 0.928 
 565 R _   0.015 0.013 0.001 0.016 0.006 0.012 0.021 0.917 
 566 W _   0.013 0.019 0.001 0.021 0.007 0.013 0.021 0.906 
 567 K _   0.012 0.023 0.001 0.024 0.008 0.013 0.022 0.898 
 568 V _   0.010 0.026 0.001 0.025 0.008 0.013 0.022 0.895 
 569 I _   0.009 0.028 0.001 0.024 0.007 0.012 0.023 0.897 
 570 E _   0.008 0.028 0.001 0.021 0.006 0.011 0.024 0.902 
 571 S _   0.008 0.027 0.001 0.017 0.005 0.010 0.024 0.908 
 572 V _   0.007 0.025 0.001 0.013 0.004 0.010 0.025 0.914 
 573 S _   0.007 0.024 0.000 0.011 0.004 0.009 0.026 0.919 
 574 S _   0.007 0.023 0.000 0.009 0.003 0.009 0.027 0.921 
 575 D _   0.007 0.024 0.000 0.008 0.003 0.010 0.027 0.921 
 576 G _   0.007 0.025 0.000 0.009 0.004 0.010 0.027 0.917 
 577 H _   0.008 0.027 0.000 0.011 0.004 0.011 0.028 0.910 
 578 E _   0.009 0.031 0.001 0.014 0.005 0.013 0.028 0.900 
 579 Y _   0.009 0.036 0.001 0.018 0.006 0.014 0.028 0.888 
 580 I _   0.010 0.041 0.001 0.022 0.008 0.015 0.028 0.876 
 581 Y _   0.010 0.045 0.001 0.026 0.008 0.015 0.029 0.867 
 582 V _   0.010 0.047 0.001 0.028 0.009 0.015 0.029 0.860 
 583 D _   0.010 0.048 0.001 0.029 0.009 0.015 0.030 0.859 
 584 P _   0.010 0.047 0.001 0.028 0.008 0.014 0.031 0.861 
 585 M _   0.009 0.045 0.001 0.025 0.007 0.013 0.032 0.868 
 586 Q _   0.009 0.041 0.001 0.021 0.006 0.012 0.033 0.878 
 587 L _   0.008 0.035 0.001 0.017 0.005 0.011 0.034 0.890 
 588 P _   0.008 0.029 0.001 0.013 0.004 0.010 0.035 0.901 
 589 Y _   0.007 0.024 0.000 0.010 0.003 0.009 0.036 0.910 
 590 D _   0.007 0.021 0.000 0.008 0.003 0.008 0.037 0.917 
 591 S _   0.006 0.018 0.000 0.006 0.002 0.008 0.037 0.921 
 592 T _   0.006 0.017 0.000 0.005 0.002 0.008 0.037 0.923 
 593 W _   0.007 0.017 0.000 0.005 0.002 0.009 0.037 0.922 
 594 E _   0.007 0.018 0.000 0.006 0.003 0.010 0.037 0.919 
 595 L _   0.007 0.021 0.000 0.007 0.003 0.011 0.037 0.913 
 596 P _   0.008 0.025 0.001 0.009 0.004 0.013 0.036 0.904 
 597 R _   0.009 0.031 0.001 0.012 0.006 0.016 0.035 0.891 
 598 D _   0.010 0.039 0.001 0.015 0.007 0.018 0.034 0.876 
 599 Q _   0.011 0.047 0.001 0.018 0.009 0.021 0.033 0.860 
 600 L _   0.013 0.056 0.001 0.021 0.010 0.023 0.032 0.844 
 601 V _   0.014 0.063 0.001 0.023 0.012 0.026 0.031 0.830 
 602 L _   0.016 0.069 0.001 0.024 0.013 0.028 0.030 0.819 
 603 G _   0.017 0.073 0.001 0.024 0.014 0.030 0.030 0.811 
 604 R _   0.019 0.076 0.001 0.023 0.014 0.032 0.029 0.805 
 605 T _   0.022 0.078 0.001 0.022 0.015 0.034 0.029 0.800 
 606 L _   0.024 0.079 0.001 0.020 0.016 0.036 0.028 0.795 
 607 G _   0.028 0.079 0.001 0.019 0.017 0.038 0.028 0.789 
 608 S _   0.031 0.080 0.001 0.019 0.018 0.040 0.028 0.782 
 609 G _   0.035 0.082 0.001 0.020 0.020 0.042 0.028 0.772 
 610 A _   0.039 0.084 0.001 0.023 0.022 0.043 0.028 0.761 
 611 F _   0.042 0.086 0.002 0.026 0.024 0.044 0.028 0.750 
 612 G _   0.045 0.087 0.002 0.029 0.025 0.044 0.028 0.742 
 613 Q _   0.045 0.086 0.002 0.031 0.025 0.043 0.029 0.739 
 614 V _   0.045 0.084 0.002 0.032 0.024 0.041 0.029 0.744 
 615 V _   0.043 0.079 0.002 0.031 0.022 0.039 0.030 0.755 
 616 E _   0.040 0.070 0.002 0.028 0.020 0.036 0.031 0.773 
 617 A _   0.037 0.059 0.001 0.024 0.017 0.033 0.032 0.798 
 618 T _   0.033 0.045 0.001 0.019 0.013 0.030 0.033 0.825 
 619 A _   0.030 0.032 0.001 0.013 0.010 0.027 0.034 0.852 
 620 H _   0.027 0.021 0.001 0.009 0.008 0.025 0.035 0.874 
 621 G _   0.025 0.014 0.001 0.007 0.006 0.024 0.036 0.888 
 622 L _   0.025 0.010 0.001 0.005 0.005 0.024 0.036 0.894 
 623 S _   0.026 0.009 0.001 0.005 0.006 0.024 0.036 0.894 
 624 H _   0.029 0.009 0.001 0.005 0.006 0.026 0.036 0.888 
 625 S _   0.033 0.010 0.001 0.007 0.009 0.029 0.036 0.876 
 626 Q _   0.038 0.014 0.001 0.010 0.012 0.033 0.036 0.857 
 627 A _   0.043 0.019 0.001 0.015 0.016 0.036 0.036 0.833 
 628 T _   0.049 0.026 0.001 0.021 0.021 0.039 0.036 0.807 
 629 M _   0.053 0.033 0.002 0.028 0.024 0.040 0.036 0.783 
 630 K _   0.055 0.039 0.002 0.034 0.026 0.041 0.036 0.766 
 631 V _   0.056 0.042 0.002 0.038 0.027 0.040 0.037 0.758 
 632 A _   0.055 0.043 0.002 0.039 0.026 0.038 0.038 0.760 
 633 V _   0.052 0.041 0.002 0.036 0.023 0.035 0.039 0.773 
 634 K _   0.048 0.037 0.002 0.031 0.019 0.031 0.040 0.793 
 635 M _   0.042 0.030 0.001 0.024 0.015 0.027 0.042 0.820 
 636 L _   0.036 0.021 0.001 0.017 0.011 0.023 0.043 0.847 
 637 K _   0.030 0.013 0.001 0.012 0.008 0.020 0.045 0.872 
 638 S _   0.025 0.007 0.001 0.007 0.005 0.017 0.046 0.893 
 639 T _   0.020 0.004 0.000 0.005 0.004 0.015 0.046 0.906 
 640 A _   0.017 0.002 0.000 0.004 0.003 0.013 0.047 0.914 
 641 R _   0.016 0.001 0.000 0.003 0.003 0.013 0.047 0.917 
 642 S _   0.016 0.001 0.000 0.003 0.003 0.014 0.047 0.917 
 643 S _   0.018 0.001 0.000 0.003 0.003 0.015 0.046 0.913 
 644 E _   0.020 0.001 0.000 0.004 0.004 0.017 0.046 0.907 
 645 K _   0.023 0.002 0.001 0.006 0.006 0.020 0.045 0.897 
 646 Q _   0.027 0.003 0.001 0.008 0.008 0.023 0.044 0.885 
 647 A _   0.032 0.004 0.001 0.011 0.011 0.027 0.044 0.871 
 648 L _   0.036 0.005 0.001 0.014 0.013 0.030 0.043 0.857 
 649 M _   0.041 0.007 0.001 0.017 0.016 0.032 0.042 0.844 
 650 S _   0.045 0.008 0.001 0.019 0.018 0.034 0.041 0.833 
 651 E _   0.049 0.008 0.001 0.020 0.019 0.035 0.041 0.826 
 652 L _   0.051 0.008 0.001 0.020 0.019 0.035 0.041 0.824 
 653 K _   0.053 0.007 0.001 0.018 0.018 0.034 0.041 0.826 
 654 I _   0.054 0.006 0.001 0.016 0.017 0.033 0.041 0.832 
 655 M _   0.053 0.005 0.001 0.013 0.015 0.031 0.041 0.840 
 656 S _   0.053 0.003 0.001 0.010 0.012 0.029 0.042 0.849 
 657 H _   0.051 0.002 0.001 0.008 0.010 0.027 0.042 0.858 
 658 L _   0.050 0.001 0.001 0.006 0.008 0.026 0.042 0.865 
 659 G _   0.049 0.001 0.001 0.005 0.007 0.026 0.043 0.869 
 660 P _   0.049 0.001 0.001 0.004 0.007 0.025 0.043 0.871 
 661 H _   0.050 0.001 0.001 0.004 0.007 0.026 0.043 0.869 
 662 L _   0.051 0.001 0.001 0.005 0.008 0.027 0.043 0.864 
 663 N _   0.054 0.001 0.001 0.006 0.010 0.029 0.044 0.856 
