#TopoPred_TM8: 8-state transmembrane topology prediction results by no_profile mode 
#probabilities are in the order of H E C I L F X _, the 8 transmembrane topology types used in PDBTM 
   1 M X   0.004 0.000 0.001 0.028 0.005 0.004 0.941 0.016 
   2 S X   0.001 0.000 0.000 0.012 0.001 0.001 0.969 0.016 
   3 D X   0.000 0.000 0.000 0.004 0.000 0.000 0.979 0.016 
   4 G X   0.000 0.000 0.000 0.002 0.000 0.000 0.981 0.017 
   5 L X   0.000 0.000 0.000 0.001 0.000 0.000 0.981 0.017 
   6 D X   0.000 0.000 0.000 0.001 0.000 0.000 0.981 0.018 
   7 N X   0.000 0.000 0.000 0.001 0.000 0.000 0.980 0.019 
   8 E X   0.000 0.000 0.000 0.001 0.000 0.001 0.978 0.020 
   9 E X   0.000 0.000 0.000 0.001 0.000 0.001 0.975 0.023 
  10 K X   0.000 0.000 0.000 0.001 0.000 0.001 0.971 0.025 
  11 P X   0.000 0.001 0.000 0.002 0.000 0.001 0.967 0.029 
  12 P X   0.000 0.001 0.000 0.003 0.001 0.002 0.961 0.032 
  13 A X   0.000 0.002 0.000 0.005 0.001 0.002 0.955 0.036 
  14 P X   0.001 0.002 0.000 0.006 0.001 0.002 0.948 0.040 
  15 P X   0.001 0.003 0.000 0.007 0.001 0.002 0.942 0.044 
  16 L X   0.001 0.003 0.000 0.007 0.001 0.002 0.937 0.048 
  17 R X   0.001 0.003 0.000 0.007 0.001 0.002 0.932 0.053 
  18 M X   0.001 0.003 0.000 0.007 0.001 0.002 0.928 0.058 
  19 N X   0.001 0.003 0.000 0.006 0.001 0.002 0.925 0.062 
  20 S X   0.001 0.003 0.000 0.005 0.001 0.002 0.922 0.067 
  21 N X   0.001 0.003 0.000 0.004 0.001 0.002 0.919 0.071 
  22 N X   0.001 0.003 0.000 0.003 0.001 0.002 0.916 0.075 
  23 R X   0.001 0.003 0.000 0.003 0.001 0.002 0.913 0.078 
  24 D X   0.001 0.002 0.000 0.003 0.001 0.002 0.911 0.082 
  25 S X   0.001 0.002 0.000 0.002 0.001 0.002 0.907 0.085 
  26 S X   0.001 0.002 0.000 0.003 0.001 0.002 0.904 0.089 
  27 A X   0.001 0.002 0.000 0.003 0.001 0.002 0.899 0.092 
  28 L X   0.001 0.002 0.000 0.003 0.001 0.002 0.895 0.096 
  29 N X   0.001 0.003 0.000 0.003 0.001 0.002 0.890 0.101 
  30 H X   0.001 0.003 0.000 0.004 0.001 0.002 0.884 0.106 
  31 S X   0.001 0.003 0.000 0.004 0.001 0.002 0.879 0.111 
  32 S X   0.001 0.003 0.000 0.004 0.001 0.002 0.873 0.116 
  33 K X   0.001 0.004 0.000 0.004 0.001 0.002 0.867 0.121 
  34 P X   0.001 0.004 0.000 0.005 0.001 0.002 0.861 0.126 
  35 L X   0.001 0.004 0.000 0.005 0.001 0.003 0.855 0.131 
  36 P X   0.001 0.005 0.000 0.005 0.001 0.003 0.849 0.137 
  37 M X   0.001 0.005 0.000 0.005 0.001 0.003 0.843 0.143 
  38 A X   0.001 0.005 0.000 0.004 0.001 0.003 0.836 0.149 
  39 P X   0.001 0.006 0.000 0.004 0.001 0.003 0.829 0.156 
  40 E X   0.001 0.006 0.000 0.004 0.001 0.003 0.822 0.163 
  41 E X   0.001 0.007 0.000 0.004 0.001 0.003 0.813 0.171 
  42 K X   0.001 0.008 0.000 0.004 0.001 0.003 0.804 0.178 
  43 N X   0.002 0.010 0.000 0.005 0.001 0.004 0.793 0.185 
  44 K X   0.002 0.014 0.000 0.006 0.002 0.005 0.781 0.190 
  45 K X   0.002 0.020 0.000 0.009 0.003 0.006 0.767 0.192 
  46 A X   0.002 0.029 0.001 0.014 0.004 0.007 0.751 0.192 
  47 R X   0.003 0.039 0.001 0.020 0.005 0.008 0.735 0.189 
  48 L X   0.003 0.050 0.001 0.025 0.006 0.009 0.721 0.186 
  49 R X   0.003 0.057 0.001 0.030 0.006 0.009 0.709 0.184 
  50 S X   0.003 0.062 0.001 0.033 0.006 0.009 0.701 0.185 
  51 I X   0.003 0.064 0.001 0.034 0.006 0.009 0.695 0.188 
  52 F X   0.003 0.063 0.001 0.032 0.006 0.008 0.692 0.195 
  53 P X   0.003 0.061 0.001 0.028 0.005 0.007 0.690 0.205 
  54 G X   0.003 0.055 0.000 0.023 0.004 0.007 0.689 0.218 
  55 G X   0.003 0.047 0.000 0.017 0.003 0.006 0.689 0.234 
  56 G X   0.003 0.037 0.000 0.012 0.002 0.005 0.690 0.251 
  57 D X   0.003 0.028 0.000 0.007 0.002 0.004 0.690 0.266 
  58 K X   0.003 0.021 0.000 0.005 0.001 0.003 0.689 0.277 
  59 T X   0.002 0.017 0.000 0.003 0.001 0.003 0.688 0.286 
  60 N X   0.002 0.015 0.000 0.002 0.001 0.003 0.685 0.293 
  61 K X   0.002 0.014 0.000 0.002 0.001 0.003 0.681 0.298 
  62 K X   0.002 0.014 0.000 0.002 0.001 0.003 0.676 0.302 
  63 K X   0.002 0.015 0.000 0.003 0.001 0.003 0.669 0.307 
  64 E X   0.002 0.017 0.000 0.004 0.001 0.004 0.660 0.311 
  65 K X   0.002 0.020 0.000 0.006 0.002 0.005 0.649 0.315 
  66 E X   0.002 0.025 0.000 0.008 0.002 0.006 0.637 0.319 
  67 R X   0.003 0.032 0.000 0.010 0.003 0.006 0.623 0.323 
  68 P X   0.003 0.039 0.000 0.012 0.003 0.007 0.609 0.327 
  69 E X   0.003 0.046 0.000 0.013 0.003 0.008 0.596 0.332 
  70 I X   0.003 0.052 0.000 0.013 0.003 0.008 0.583 0.337 
  71 S X   0.003 0.059 0.000 0.012 0.003 0.009 0.571 0.343 
  72 L X   0.003 0.065 0.000 0.012 0.004 0.010 0.559 0.347 
  73 P X   0.004 0.073 0.001 0.012 0.004 0.011 0.546 0.349 
  74 S X   0.004 0.082 0.001 0.013 0.005 0.013 0.533 0.349 
  75 D X   0.005 0.095 0.001 0.014 0.006 0.015 0.520 0.344 
  76 F X   0.006 0.112 0.001 0.016 0.008 0.017 0.505 0.334 
  77 E X   0.007 0.135 0.001 0.020 0.010 0.019 0.490 0.318 
  78 H X   0.008 0.164 0.001 0.023 0.013 0.020 0.473 0.297 
  79 T X   0.008 0.196 0.001 0.028 0.015 0.021 0.458 0.273 
  80 I X   0.008 0.227 0.001 0.032 0.016 0.021 0.444 0.250 
  81 H X   0.008 0.252 0.001 0.036 0.016 0.021 0.433 0.232 
  82 V X   0.008 0.270 0.001 0.039 0.016 0.020 0.425 0.220 
  83 G X   0.008 0.281 0.001 0.040 0.016 0.020 0.419 0.214 
  84 F X   0.009 0.286 0.001 0.041 0.015 0.019 0.416 0.214 
  85 D X   0.009 0.287 0.001 0.040 0.014 0.018 0.414 0.218 
  86 A X   0.008 0.282 0.001 0.038 0.013 0.017 0.413 0.227 
  87 V X   0.008 0.272 0.001 0.035 0.012 0.016 0.414 0.242 
  88 T X   0.008 0.256 0.001 0.031 0.011 0.014 0.417 0.262 
  89 G X   0.009 0.233 0.001 0.027 0.010 0.013 0.420 0.288 
  90 E X   0.008 0.204 0.001 0.023 0.008 0.012 0.425 0.317 
  91 F X   0.008 0.174 0.001 0.019 0.007 0.011 0.431 0.348 
  92 T X   0.008 0.145 0.001 0.016 0.006 0.010 0.437 0.377 
  93 P X   0.007 0.121 0.001 0.013 0.005 0.009 0.443 0.401 
  94 D X   0.007 0.102 0.001 0.011 0.004 0.009 0.448 0.419 
  95 L X   0.006 0.088 0.000 0.009 0.003 0.008 0.452 0.433 
  96 Y X   0.006 0.077 0.000 0.008 0.003 0.007 0.456 0.443 
  97 G X   0.005 0.069 0.000 0.007 0.002 0.006 0.459 0.451 
  98 S X   0.005 0.063 0.000 0.007 0.002 0.006 0.461 0.456 
  99 Q X   0.004 0.058 0.000 0.006 0.002 0.005 0.463 0.461 
 100 M _   0.004 0.055 0.000 0.006 0.002 0.005 0.464 0.465 
 101 C _   0.004 0.053 0.000 0.005 0.002 0.005 0.464 0.468 
 102 P _   0.003 0.051 0.000 0.005 0.001 0.005 0.464 0.470 
 103 G _   0.003 0.051 0.000 0.004 0.001 0.005 0.463 0.472 
 104 K _   0.003 0.052 0.000 0.004 0.001 0.006 0.461 0.472 
 105 L _   0.003 0.055 0.000 0.005 0.002 0.007 0.459 0.470 
 106 P _   0.004 0.061 0.000 0.006 0.002 0.008 0.455 0.464 
 107 E _   0.005 0.072 0.000 0.008 0.004 0.010 0.450 0.451 
 108 G X   0.006 0.092 0.001 0.012 0.006 0.013 0.444 0.427 
 109 I X   0.007 0.124 0.001 0.018 0.008 0.015 0.436 0.391 
 110 P X   0.008 0.168 0.001 0.025 0.011 0.017 0.427 0.344 
 111 E X   0.008 0.212 0.001 0.031 0.012 0.018 0.419 0.297 
 112 Q X   0.008 0.247 0.001 0.038 0.013 0.018 0.414 0.261 
 113 W X   0.007 0.269 0.001 0.042 0.013 0.018 0.411 0.238 
 114 A X   0.007 0.280 0.001 0.045 0.013 0.017 0.411 0.226 
 115 R X   0.007 0.284 0.001 0.046 0.012 0.016 0.412 0.222 
 116 L X   0.006 0.283 0.001 0.044 0.012 0.015 0.414 0.224 
 117 L X   0.006 0.276 0.001 0.041 0.011 0.014 0.419 0.231 
 118 Q X   0.007 0.262 0.001 0.037 0.010 0.013 0.426 0.244 
 119 T X   0.007 0.238 0.001 0.033 0.009 0.012 0.436 0.264 
 120 S X   0.007 0.205 0.001 0.028 0.008 0.011 0.449 0.291 
 121 N X   0.007 0.165 0.001 0.023 0.007 0.010 0.464 0.321 
 122 I X   0.007 0.124 0.001 0.018 0.006 0.010 0.481 0.353 
 123 T X   0.007 0.089 0.001 0.013 0.005 0.008 0.496 0.381 
 124 K X   0.006 0.063 0.001 0.009 0.003 0.007 0.509 0.402 
 125 L X   0.005 0.047 0.000 0.006 0.002 0.006 0.518 0.415 
 126 E X   0.004 0.038 0.000 0.004 0.002 0.006 0.525 0.422 
 127 Q X   0.004 0.033 0.000 0.003 0.001 0.005 0.529 0.424 
 128 K X   0.004 0.032 0.000 0.003 0.001 0.006 0.532 0.422 
 129 K X   0.004 0.033 0.000 0.003 0.001 0.007 0.534 0.417 
 130 N X   0.005 0.036 0.000 0.005 0.002 0.008 0.536 0.408 
 131 P X   0.005 0.043 0.000 0.009 0.004 0.010 0.536 0.392 
 132 Q X   0.006 0.058 0.001 0.015 0.005 0.012 0.536 0.367 
 133 A X   0.007 0.076 0.001 0.023 0.008 0.014 0.535 0.337 
 134 V X   0.007 0.094 0.001 0.031 0.009 0.015 0.535 0.308 
 135 L X   0.007 0.107 0.001 0.038 0.010 0.015 0.536 0.285 
 136 D X   0.006 0.113 0.001 0.043 0.011 0.015 0.539 0.271 
 137 V X   0.006 0.115 0.001 0.045 0.011 0.015 0.545 0.263 
 138 L X   0.006 0.114 0.001 0.043 0.010 0.014 0.552 0.261 
 139 K X   0.006 0.109 0.001 0.039 0.009 0.012 0.561 0.263 
 140 F X   0.005 0.098 0.001 0.032 0.008 0.011 0.574 0.270 
 141 Y X   0.005 0.083 0.001 0.025 0.007 0.010 0.588 0.280 
 142 D X   0.005 0.066 0.001 0.019 0.005 0.009 0.604 0.291 
 143 S X   0.005 0.049 0.001 0.013 0.004 0.008 0.621 0.301 
 144 K X   0.004 0.036 0.000 0.009 0.003 0.007 0.635 0.306 
 145 E X   0.004 0.028 0.000 0.007 0.002 0.006 0.647 0.306 
 146 T X   0.003 0.023 0.000 0.006 0.002 0.005 0.657 0.303 
 147 V X   0.003 0.021 0.000 0.005 0.002 0.005 0.666 0.298 
 148 N X   0.003 0.019 0.000 0.006 0.002 0.005 0.673 0.292 
 149 N X   0.003 0.018 0.000 0.007 0.002 0.005 0.680 0.285 
 150 Q X   0.003 0.018 0.000 0.008 0.002 0.005 0.687 0.277 
 151 K X   0.003 0.017 0.000 0.009 0.002 0.005 0.694 0.269 
 152 Y X   0.003 0.017 0.000 0.009 0.002 0.005 0.702 0.263 
 153 M X   0.002 0.016 0.000 0.009 0.002 0.004 0.709 0.257 
 154 S X   0.002 0.014 0.000 0.008 0.002 0.004 0.717 0.253 
 155 F X   0.002 0.013 0.000 0.006 0.002 0.004 0.724 0.249 
 156 T X   0.002 0.012 0.000 0.005 0.001 0.003 0.731 0.246 
 157 S X   0.002 0.011 0.000 0.004 0.001 0.003 0.736 0.243 
 158 G X   0.001 0.011 0.000 0.003 0.001 0.003 0.741 0.239 
 159 D X   0.001 0.011 0.000 0.003 0.001 0.003 0.746 0.234 
 160 K X   0.002 0.011 0.000 0.004 0.001 0.004 0.750 0.228 
 161 S X   0.002 0.013 0.000 0.006 0.002 0.005 0.754 0.219 
 162 A X   0.002 0.015 0.000 0.010 0.002 0.006 0.757 0.207 
 163 H X   0.003 0.019 0.000 0.014 0.003 0.007 0.761 0.194 
 164 G X   0.003 0.022 0.000 0.019 0.004 0.007 0.765 0.179 
 165 Y X   0.003 0.024 0.000 0.024 0.005 0.008 0.771 0.165 
 166 I X   0.003 0.025 0.001 0.027 0.005 0.008 0.779 0.153 
 167 A X   0.003 0.025 0.001 0.027 0.005 0.008 0.789 0.143 
 168 A X   0.003 0.024 0.001 0.025 0.005 0.007 0.801 0.135 
 169 H X   0.003 0.021 0.001 0.021 0.004 0.006 0.815 0.129 
 170 P X   0.002 0.017 0.000 0.016 0.004 0.006 0.831 0.124 
 171 S X   0.002 0.013 0.000 0.012 0.003 0.005 0.848 0.118 
 172 S X   0.002 0.009 0.000 0.008 0.002 0.004 0.864 0.111 
 173 T X   0.002 0.005 0.000 0.005 0.001 0.003 0.879 0.104 
 174 K X   0.002 0.003 0.000 0.003 0.001 0.003 0.891 0.096 
 175 T X   0.001 0.002 0.000 0.003 0.001 0.002 0.902 0.089 
 176 A X   0.001 0.001 0.000 0.002 0.001 0.002 0.911 0.081 
 177 S X   0.001 0.001 0.000 0.002 0.001 0.002 0.919 0.074 
 178 E X   0.001 0.001 0.000 0.002 0.001 0.002 0.926 0.068 
 179 P X   0.001 0.001 0.000 0.002 0.001 0.002 0.932 0.062 
 180 P X   0.001 0.001 0.000 0.002 0.001 0.001 0.937 0.057 
 181 L X   0.001 0.001 0.000 0.002 0.001 0.001 0.942 0.053 
 182 A X   0.001 0.000 0.000 0.002 0.001 0.001 0.946 0.049 
 183 P X   0.001 0.000 0.000 0.002 0.000 0.001 0.950 0.046 
 184 P X   0.001 0.000 0.000 0.002 0.000 0.001 0.953 0.043 
 185 V X   0.001 0.000 0.000 0.002 0.000 0.001 0.956 0.040 
 186 S X   0.000 0.000 0.000 0.001 0.000 0.001 0.959 0.038 
 187 E X   0.000 0.000 0.000 0.001 0.000 0.001 0.961 0.036 
 188 E X   0.000 0.000 0.000 0.001 0.000 0.001 0.963 0.034 
 189 E X   0.000 0.000 0.000 0.001 0.000 0.001 0.965 0.032 
 190 D X   0.000 0.000 0.000 0.001 0.000 0.001 0.966 0.031 
 191 E X   0.000 0.000 0.000 0.001 0.000 0.001 0.967 0.030 
 192 E X   0.000 0.000 0.000 0.001 0.000 0.001 0.968 0.030 
 193 E X   0.000 0.000 0.000 0.001 0.000 0.001 0.968 0.029 
 194 E X   0.000 0.000 0.000 0.001 0.000 0.001 0.969 0.029 
 195 E X   0.000 0.000 0.000 0.001 0.000 0.001 0.969 0.029 
 196 E X   0.000 0.000 0.000 0.001 0.000 0.001 0.968 0.030 
 197 E X   0.000 0.000 0.000 0.001 0.000 0.001 0.967 0.031 
 198 D X   0.000 0.000 0.000 0.001 0.000 0.001 0.966 0.032 
 199 E X   0.000 0.000 0.000 0.001 0.000 0.001 0.965 0.033 
 200 N X   0.000 0.000 0.000 0.001 0.000 0.001 0.963 0.036 
 201 E X   0.000 0.000 0.000 0.001 0.000 0.001 0.960 0.038 
 202 P X   0.000 0.000 0.000 0.001 0.000 0.001 0.956 0.042 
 203 P X   0.001 0.000 0.000 0.001 0.000 0.001 0.951 0.047 
 204 P X   0.001 0.000 0.000 0.001 0.000 0.001 0.944 0.052 
 205 V X   0.001 0.001 0.000 0.002 0.001 0.002 0.935 0.059 
 206 I X   0.001 0.002 0.000 0.003 0.001 0.003 0.924 0.067 
 207 A X   0.001 0.004 0.000 0.004 0.001 0.004 0.910 0.076 
 208 P X   0.001 0.007 0.000 0.006 0.002 0.005 0.893 0.085 
 209 R X   0.002 0.013 0.000 0.008 0.002 0.006 0.873 0.095 
 210 P X   0.002 0.020 0.000 0.010 0.003 0.008 0.851 0.105 
 211 E X   0.002 0.029 0.001 0.012 0.004 0.009 0.828 0.114 
 212 H X   0.003 0.040 0.001 0.014 0.005 0.011 0.805 0.121 
 213 T X   0.003 0.054 0.001 0.016 0.006 0.012 0.781 0.127 
 214 K X   0.003 0.069 0.001 0.019 0.007 0.014 0.757 0.131 
 215 S X   0.004 0.085 0.001 0.021 0.009 0.015 0.734 0.132 
 216 I X   0.004 0.103 0.001 0.023 0.010 0.016 0.712 0.130 
 217 Y X   0.004 0.121 0.001 0.026 0.011 0.017 0.693 0.126 
 218 T X   0.004 0.137 0.001 0.029 0.012 0.017 0.676 0.123 
 219 R X   0.005 0.150 0.001 0.031 0.013 0.017 0.663 0.121 
 220 S X   0.005 0.159 0.001 0.033 0.013 0.017 0.653 0.120 
 221 V X   0.005 0.164 0.001 0.035 0.013 0.016 0.645 0.121 
 222 V X   0.006 0.167 0.001 0.035 0.012 0.015 0.640 0.124 
 223 E X   0.006 0.166 0.001 0.034 0.012 0.015 0.636 0.130 
 224 S X   0.006 0.163 0.001 0.032 0.011 0.014 0.635 0.139 
 225 I X   0.007 0.156 0.001 0.029 0.010 0.013 0.634 0.151 
 226 A X   0.007 0.145 0.001 0.026 0.009 0.011 0.636 0.167 
 227 S X   0.007 0.128 0.001 0.022 0.007 0.010 0.638 0.186 
 228 P X   0.007 0.108 0.001 0.018 0.006 0.009 0.642 0.208 
 229 A X   0.007 0.087 0.001 0.015 0.005 0.009 0.646 0.231 
 230 V X   0.006 0.067 0.001 0.012 0.004 0.008 0.650 0.252 
 231 P X   0.006 0.050 0.000 0.009 0.003 0.007 0.654 0.270 
 232 N X   0.005 0.036 0.000 0.008 0.002 0.006 0.658 0.285 
 233 K X   0.005 0.026 0.000 0.006 0.002 0.005 0.660 0.296 
 234 E X   0.004 0.019 0.000 0.005 0.002 0.004 0.661 0.304 
 235 V X   0.004 0.015 0.000 0.004 0.001 0.004 0.661 0.311 
 236 T X   0.003 0.011 0.000 0.003 0.001 0.003 0.661 0.317 
 237 P X   0.003 0.009 0.000 0.003 0.001 0.003 0.659 0.321 
 238 P X   0.002 0.008 0.000 0.003 0.001 0.003 0.657 0.326 
 239 S X   0.002 0.007 0.000 0.003 0.001 0.003 0.653 0.330 
 240 A X   0.002 0.007 0.000 0.003 0.001 0.003 0.649 0.334 
 241 E X   0.002 0.007 0.000 0.004 0.001 0.003 0.644 0.338 
 242 N X   0.002 0.008 0.000 0.005 0.001 0.004 0.638 0.342 
 243 A X   0.002 0.009 0.000 0.006 0.002 0.004 0.631 0.345 
 244 N X   0.002 0.010 0.000 0.009 0.002 0.005 0.623 0.348 
 245 S X   0.003 0.012 0.000 0.011 0.002 0.006 0.616 0.351 
 246 S X   0.003 0.013 0.000 0.013 0.003 0.006 0.608 0.354 
 247 T X   0.003 0.014 0.000 0.015 0.003 0.006 0.601 0.357 
 248 L X   0.003 0.015 0.000 0.016 0.003 0.006 0.596 0.361 
 249 Y X   0.003 0.015 0.000 0.015 0.003 0.006 0.591 0.367 
 250 R X   0.003 0.014 0.000 0.014 0.003 0.006 0.586 0.374 
 251 N X   0.003 0.013 0.000 0.012 0.002 0.005 0.582 0.382 
 252 T X   0.003 0.012 0.000 0.009 0.002 0.005 0.578 0.390 
 253 D X   0.003 0.010 0.000 0.007 0.002 0.005 0.575 0.399 
 254 R X   0.003 0.009 0.000 0.006 0.001 0.004 0.571 0.406 
 255 Q X   0.003 0.008 0.000 0.004 0.001 0.004 0.566 0.414 
 256 R X   0.002 0.008 0.000 0.004 0.001 0.004 0.561 0.420 
 257 K X   0.002 0.008 0.000 0.003 0.001 0.004 0.554 0.427 
 258 K X   0.003 0.009 0.000 0.004 0.001 0.005 0.546 0.433 
 259 S X   0.003 0.011 0.000 0.004 0.002 0.006 0.536 0.438 
 260 K X   0.003 0.015 0.000 0.006 0.002 0.008 0.524 0.441 
 261 M X   0.004 0.022 0.000 0.009 0.004 0.010 0.510 0.440 
 262 T X   0.005 0.035 0.001 0.013 0.005 0.013 0.492 0.435 
 263 D X   0.007 0.055 0.001 0.019 0.008 0.017 0.471 0.423 
 264 E X   0.008 0.080 0.001 0.026 0.011 0.020 0.448 0.406 
 265 E X   0.009 0.109 0.001 0.034 0.013 0.022 0.426 0.386 
 266 I X   0.009 0.136 0.002 0.041 0.016 0.024 0.405 0.367 
 267 L X   0.010 0.156 0.001 0.048 0.017 0.025 0.389 0.353 
 268 E X   0.011 0.171 0.001 0.053 0.019 0.025 0.375 0.345 
 269 K X   0.012 0.180 0.001 0.056 0.019 0.025 0.365 0.342 
 270 L X   0.012 0.183 0.001 0.057 0.018 0.024 0.358 0.346 
 271 R _   0.013 0.182 0.001 0.056 0.017 0.022 0.353 0.356 
 272 S _   0.013 0.176 0.001 0.051 0.016 0.021 0.349 0.373 
 273 I _   0.013 0.163 0.001 0.045 0.013 0.019 0.347 0.398 
 274 V _   0.013 0.143 0.001 0.037 0.011 0.016 0.346 0.432 
 275 S _   0.013 0.116 0.001 0.028 0.009 0.014 0.346 0.473 
 276 V _   0.012 0.085 0.001 0.020 0.007 0.012 0.346 0.517 
 277 G _   0.011 0.056 0.001 0.014 0.005 0.010 0.345 0.558 
 278 D _   0.009 0.035 0.000 0.009 0.003 0.009 0.344 0.591 
 279 P _   0.008 0.022 0.000 0.005 0.002 0.007 0.342 0.613 
 280 K _   0.007 0.016 0.000 0.004 0.002 0.006 0.338 0.627 
 281 K _   0.006 0.013 0.000 0.003 0.002 0.006 0.334 0.636 
 282 K _   0.005 0.012 0.000 0.003 0.002 0.006 0.329 0.642 
 283 Y _   0.005 0.013 0.000 0.004 0.002 0.007 0.323 0.646 
 284 T _   0.005 0.014 0.000 0.005 0.002 0.008 0.316 0.649 
 285 R _   0.005 0.018 0.000 0.007 0.003 0.009 0.307 0.650 
 286 F _   0.006 0.023 0.000 0.010 0.004 0.010 0.297 0.649 
 287 E _   0.006 0.031 0.001 0.012 0.005 0.012 0.286 0.648 
 288 K _   0.006 0.039 0.001 0.015 0.005 0.013 0.275 0.646 
 289 I _   0.006 0.047 0.001 0.016 0.006 0.015 0.264 0.644 
 290 G _   0.007 0.055 0.001 0.018 0.007 0.016 0.254 0.643 
 291 Q _   0.007 0.063 0.001 0.019 0.008 0.018 0.244 0.641 
 292 G _   0.008 0.070 0.001 0.020 0.009 0.020 0.234 0.638 
 293 A _   0.010 0.077 0.001 0.020 0.010 0.022 0.226 0.634 
 294 S _   0.011 0.084 0.001 0.021 0.011 0.024 0.218 0.630 
 295 G _   0.013 0.090 0.001 0.021 0.012 0.026 0.211 0.625 
 296 T _   0.016 0.096 0.001 0.021 0.014 0.028 0.205 0.620 
 297 V _   0.018 0.101 0.001 0.022 0.015 0.029 0.199 0.615 
 298 Y _   0.020 0.106 0.001 0.022 0.015 0.031 0.194 0.611 
 299 T _   0.022 0.110 0.001 0.022 0.016 0.031 0.189 0.609 
 300 A _   0.024 0.114 0.001 0.021 0.016 0.032 0.185 0.607 
 301 L _   0.025 0.116 0.001 0.021 0.016 0.032 0.181 0.607 
 302 D _   0.026 0.119 0.001 0.020 0.016 0.032 0.178 0.609 
 303 I _   0.026 0.121 0.001 0.021 0.016 0.031 0.175 0.610 
 304 A _   0.026 0.123 0.001 0.022 0.016 0.030 0.172 0.611 
 305 T _   0.025 0.124 0.001 0.023 0.015 0.029 0.170 0.612 
 306 G _   0.024 0.125 0.001 0.026 0.015 0.028 0.168 0.613 
 307 Q _   0.023 0.125 0.001 0.028 0.014 0.026 0.167 0.615 
 308 E _   0.021 0.124 0.001 0.030 0.014 0.024 0.166 0.620 
 309 V _   0.019 0.120 0.001 0.031 0.013 0.022 0.166 0.628 
 310 A _   0.018 0.114 0.001 0.030 0.011 0.020 0.166 0.640 
 311 I _   0.016 0.104 0.001 0.028 0.010 0.018 0.166 0.657 
 312 K _   0.014 0.091 0.001 0.024 0.008 0.015 0.167 0.679 
 313 Q _   0.013 0.073 0.001 0.020 0.007 0.013 0.169 0.705 
 314 M _   0.011 0.054 0.001 0.015 0.005 0.011 0.170 0.734 
 315 N _   0.009 0.036 0.001 0.011 0.004 0.010 0.171 0.760 
 316 L _   0.008 0.023 0.000 0.007 0.003 0.008 0.171 0.780 
 317 Q _   0.007 0.015 0.000 0.005 0.002 0.007 0.170 0.794 
 318 Q _   0.006 0.011 0.000 0.003 0.002 0.007 0.169 0.802 
 319 Q _   0.006 0.010 0.000 0.003 0.002 0.008 0.167 0.805 
 320 P _   0.007 0.010 0.000 0.003 0.002 0.010 0.165 0.804 
 321 K _   0.009 0.012 0.000 0.004 0.003 0.013 0.161 0.797 
 322 K _   0.012 0.019 0.001 0.008 0.005 0.017 0.157 0.781 
 323 E _   0.016 0.036 0.001 0.015 0.010 0.023 0.151 0.747 
 324 L _   0.019 0.069 0.002 0.027 0.016 0.029 0.143 0.696 
 325 I _   0.021 0.111 0.002 0.043 0.022 0.033 0.134 0.635 
 326 I _   0.023 0.149 0.002 0.058 0.025 0.035 0.127 0.581 
 327 N _   0.023 0.174 0.002 0.071 0.027 0.035 0.122 0.546 
 328 E _   0.023 0.187 0.002 0.079 0.027 0.034 0.118 0.530 
 329 I _   0.022 0.192 0.002 0.081 0.026 0.032 0.116 0.530 
 330 L _   0.021 0.188 0.002 0.077 0.024 0.030 0.114 0.544 
 331 V _   0.020 0.176 0.002 0.067 0.021 0.026 0.114 0.574 
 332 M _   0.018 0.153 0.002 0.053 0.017 0.023 0.114 0.619 
 333 R _   0.016 0.117 0.002 0.039 0.013 0.020 0.115 0.679 
 334 E _   0.014 0.076 0.001 0.025 0.009 0.016 0.116 0.741 
 335 N _   0.012 0.041 0.001 0.015 0.006 0.013 0.117 0.794 
 336 K _   0.010 0.020 0.001 0.009 0.004 0.011 0.117 0.829 
 337 N _   0.008 0.009 0.000 0.005 0.003 0.009 0.117 0.849 
 338 P _   0.007 0.004 0.000 0.004 0.002 0.009 0.116 0.858 
 339 N _   0.007 0.002 0.000 0.004 0.002 0.009 0.114 0.863 
 340 I _   0.007 0.002 0.000 0.004 0.002 0.009 0.112 0.864 
 341 V _   0.008 0.001 0.000 0.005 0.003 0.011 0.109 0.863 
 342 N _   0.010 0.001 0.000 0.006 0.003 0.013 0.106 0.861 
 343 Y _   0.012 0.001 0.000 0.007 0.004 0.016 0.102 0.857 
 344 L _   0.015 0.001 0.001 0.008 0.005 0.019 0.099 0.851 
 345 D _   0.021 0.001 0.001 0.009 0.007 0.023 0.094 0.844 
 346 S _   0.029 0.001 0.001 0.009 0.008 0.028 0.090 0.834 
 347 Y _   0.041 0.001 0.001 0.009 0.010 0.033 0.085 0.820 
 348 L _   0.057 0.001 0.001 0.008 0.013 0.038 0.080 0.801 
 349 V _   0.078 0.001 0.001 0.008 0.016 0.045 0.075 0.776 
 350 G _   0.104 0.001 0.001 0.007 0.021 0.051 0.070 0.744 
 351 D _   0.134 0.001 0.002 0.007 0.028 0.057 0.065 0.705 
 352 E _   0.168 0.001 0.002 0.008 0.035 0.063 0.061 0.662 
 353 L _   0.199 0.002 0.002 0.009 0.044 0.067 0.057 0.620 
 354 W _   0.226 0.003 0.002 0.011 0.051 0.070 0.054 0.583 
 355 V _   0.247 0.004 0.002 0.014 0.056 0.071 0.052 0.555 
 356 V _   0.261 0.004 0.003 0.016 0.057 0.069 0.050 0.540 
 357 M _   0.265 0.005 0.003 0.017 0.056 0.066 0.049 0.539 
 358 E _   0.262 0.005 0.003 0.016 0.051 0.062 0.049 0.553 
 359 Y _   0.250 0.004 0.002 0.014 0.044 0.057 0.049 0.580 
 360 L _   0.231 0.003 0.002 0.012 0.036 0.051 0.049 0.617 
 361 A _   0.206 0.002 0.002 0.009 0.028 0.045 0.049 0.659 
 362 G _   0.179 0.001 0.001 0.007 0.021 0.040 0.049 0.702 
 363 G _   0.152 0.001 0.001 0.005 0.016 0.035 0.049 0.740 
 364 S _   0.129 0.000 0.001 0.005 0.012 0.032 0.050 0.772 
 365 L _   0.109 0.000 0.001 0.005 0.010 0.029 0.050 0.796 
 366 T _   0.093 0.000 0.001 0.005 0.009 0.027 0.050 0.814 
 367 D _   0.080 0.000 0.001 0.006 0.008 0.026 0.051 0.827 
 368 V _   0.070 0.001 0.001 0.007 0.008 0.025 0.051 0.838 
 369 V _   0.062 0.001 0.001 0.007 0.008 0.024 0.051 0.846 
 370 T _   0.055 0.001 0.001 0.007 0.008 0.024 0.051 0.854 
 371 E _   0.050 0.001 0.001 0.007 0.007 0.023 0.051 0.860 
 372 T _   0.047 0.001 0.001 0.006 0.007 0.023 0.051 0.864 
 373 C _   0.046 0.000 0.001 0.005 0.006 0.024 0.051 0.867 
 374 M _   0.046 0.000 0.001 0.004 0.006 0.025 0.050 0.866 
 375 D _   0.049 0.000 0.001 0.004 0.007 0.028 0.050 0.862 
 376 E _   0.055 0.001 0.001 0.004 0.008 0.031 0.049 0.852 
 377 G _   0.064 0.001 0.001 0.004 0.010 0.035 0.049 0.836 
 378 Q _   0.074 0.002 0.001 0.006 0.014 0.040 0.048 0.816 
 379 I _   0.085 0.004 0.001 0.008 0.019 0.045 0.047 0.790 
 380 A _   0.096 0.009 0.002 0.012 0.025 0.050 0.046 0.761 
 381 A _   0.105 0.014 0.002 0.017 0.031 0.054 0.046 0.731 
 382 V _   0.111 0.020 0.002 0.022 0.036 0.056 0.046 0.708 
 383 C _   0.113 0.025 0.002 0.027 0.038 0.056 0.046 0.693 
 384 R _   0.112 0.028 0.002 0.030 0.039 0.055 0.046 0.688 
 385 E _   0.107 0.030 0.002 0.031 0.037 0.052 0.047 0.694 
 386 C _   0.100 0.030 0.002 0.030 0.034 0.049 0.048 0.708 
 387 L _   0.090 0.028 0.002 0.027 0.029 0.044 0.049 0.731 
 388 Q _   0.080 0.025 0.002 0.023 0.024 0.039 0.050 0.758 
 389 A _   0.069 0.021 0.001 0.019 0.018 0.034 0.052 0.786 
 390 L _   0.058 0.017 0.001 0.015 0.014 0.029 0.053 0.813 
 391 D _   0.047 0.013 0.001 0.012 0.010 0.025 0.055 0.836 
 392 F _   0.039 0.011 0.001 0.010 0.008 0.021 0.056 0.854 
 393 L _   0.031 0.009 0.001 0.009 0.006 0.018 0.057 0.868 
 394 H _   0.026 0.008 0.001 0.008 0.005 0.016 0.058 0.879 
 395 S _   0.021 0.007 0.001 0.008 0.005 0.014 0.059 0.886 
 396 N _   0.017 0.006 0.001 0.008 0.004 0.012 0.059 0.892 
 397 Q _   0.015 0.006 0.000 0.008 0.004 0.011 0.060 0.896 
 398 V _   0.013 0.006 0.000 0.007 0.004 0.010 0.060 0.900 
 399 I _   0.011 0.006 0.000 0.007 0.003 0.010 0.060 0.903 
 400 H _   0.010 0.006 0.000 0.006 0.003 0.009 0.059 0.906 
 401 R _   0.009 0.006 0.000 0.006 0.003 0.009 0.059 0.907 
 402 D _   0.008 0.007 0.000 0.006 0.003 0.009 0.058 0.907 
 403 I _   0.008 0.009 0.000 0.006 0.003 0.010 0.058 0.905 
 404 K _   0.008 0.013 0.000 0.007 0.004 0.011 0.057 0.900 
 405 S _   0.009 0.018 0.001 0.009 0.005 0.012 0.056 0.890 
 406 D _   0.010 0.026 0.001 0.012 0.006 0.014 0.054 0.877 
 407 N _   0.011 0.037 0.001 0.016 0.007 0.016 0.053 0.860 
 408 I _   0.012 0.049 0.001 0.020 0.009 0.017 0.052 0.842 
 409 L _   0.012 0.059 0.001 0.023 0.010 0.018 0.050 0.826 
 410 L _   0.012 0.068 0.001 0.025 0.010 0.019 0.050 0.816 
 411 G _   0.012 0.073 0.001 0.025 0.010 0.019 0.049 0.811 
 412 M _   0.012 0.076 0.001 0.024 0.010 0.019 0.048 0.810 
 413 D _   0.012 0.078 0.001 0.021 0.009 0.019 0.048 0.812 
 414 G _   0.012 0.078 0.001 0.018 0.008 0.019 0.047 0.816 
 415 S _   0.013 0.078 0.001 0.016 0.008 0.019 0.047 0.820 
 416 V _   0.013 0.078 0.001 0.014 0.007 0.020 0.047 0.820 
 417 K _   0.014 0.079 0.001 0.014 0.008 0.020 0.047 0.817 
 418 L _   0.015 0.082 0.001 0.015 0.009 0.021 0.047 0.811 
 419 T _   0.016 0.085 0.001 0.018 0.010 0.022 0.046 0.801 
 420 D _   0.017 0.090 0.001 0.023 0.011 0.023 0.046 0.789 
 421 F _   0.018 0.095 0.001 0.028 0.013 0.023 0.046 0.777 
 422 G _   0.018 0.097 0.001 0.033 0.013 0.023 0.046 0.769 
 423 F _   0.017 0.097 0.001 0.035 0.013 0.022 0.047 0.767 
 424 C _   0.017 0.094 0.001 0.035 0.013 0.021 0.048 0.772 
 425 A _   0.016 0.087 0.001 0.032 0.011 0.019 0.049 0.784 
 426 Q _   0.015 0.076 0.001 0.027 0.010 0.017 0.051 0.804 
 427 I _   0.014 0.061 0.001 0.021 0.008 0.015 0.052 0.829 
 428 T _   0.012 0.045 0.001 0.014 0.006 0.014 0.053 0.854 
 429 P _   0.011 0.032 0.001 0.010 0.005 0.013 0.055 0.875 
 430 E _   0.010 0.023 0.000 0.007 0.004 0.012 0.056 0.889 
 431 Q _   0.010 0.018 0.000 0.005 0.003 0.012 0.056 0.896 
 432 S _   0.010 0.016 0.000 0.004 0.003 0.013 0.057 0.898 
 433 K _   0.011 0.016 0.000 0.005 0.003 0.014 0.057 0.894 
 434 R _   0.012 0.017 0.000 0.006 0.005 0.016 0.057 0.886 
 435 S _   0.015 0.021 0.001 0.009 0.006 0.019 0.056 0.873 
 436 T _   0.017 0.027 0.001 0.014 0.009 0.023 0.056 0.854 
 437 M _   0.019 0.035 0.001 0.019 0.012 0.026 0.055 0.832 
 438 V _   0.021 0.044 0.001 0.025 0.015 0.028 0.055 0.811 
 439 G _   0.023 0.051 0.001 0.030 0.017 0.030 0.054 0.793 
 440 T _   0.024 0.056 0.001 0.033 0.019 0.032 0.054 0.780 
 441 P _   0.025 0.059 0.001 0.035 0.021 0.032 0.055 0.771 
 442 Y _   0.026 0.060 0.001 0.036 0.021 0.032 0.055 0.769 
 443 W _   0.026 0.059 0.001 0.035 0.021 0.032 0.056 0.770 
 444 M _   0.026 0.056 0.001 0.033 0.020 0.031 0.058 0.776 
 445 A _   0.025 0.052 0.001 0.030 0.018 0.029 0.060 0.786 
 446 P _   0.024 0.046 0.001 0.027 0.015 0.027 0.062 0.798 
 447 E _   0.022 0.039 0.001 0.023 0.013 0.025 0.064 0.812 
 448 V _   0.021 0.032 0.001 0.020 0.011 0.023 0.066 0.826 
 449 V _   0.020 0.024 0.001 0.016 0.009 0.021 0.068 0.841 
 450 T _   0.019 0.017 0.001 0.013 0.007 0.019 0.070 0.854 
 451 R _   0.019 0.011 0.001 0.009 0.006 0.018 0.071 0.865 
 452 K _   0.020 0.006 0.001 0.007 0.005 0.017 0.073 0.873 
 453 A _   0.021 0.003 0.000 0.005 0.004 0.017 0.074 0.876 
 454 Y _   0.025 0.001 0.000 0.004 0.004 0.018 0.074 0.874 
 455 G _   0.032 0.001 0.000 0.003 0.004 0.020 0.075 0.866 
 456 P _   0.045 0.000 0.000 0.002 0.005 0.023 0.075 0.849 
 457 K _   0.066 0.000 0.001 0.003 0.006 0.028 0.075 0.821 
 458 V _   0.093 0.000 0.001 0.003 0.010 0.035 0.075 0.782 
 459 D _   0.128 0.001 0.001 0.004 0.017 0.044 0.075 0.730 
 460 I _   0.167 0.003 0.002 0.006 0.027 0.053 0.075 0.667 
 461 W _   0.202 0.009 0.002 0.009 0.040 0.062 0.075 0.601 
 462 S _   0.230 0.019 0.003 0.015 0.054 0.068 0.076 0.536 
 463 L _   0.249 0.034 0.003 0.022 0.064 0.072 0.078 0.478 
 464 G _   0.259 0.048 0.003 0.030 0.070 0.072 0.081 0.437 
 465 I _   0.261 0.060 0.003 0.037 0.072 0.070 0.085 0.412 
 466 M _   0.254 0.067 0.003 0.043 0.070 0.066 0.091 0.407 
 467 A _   0.239 0.069 0.003 0.046 0.064 0.061 0.098 0.420 
 468 I _   0.217 0.068 0.003 0.047 0.055 0.054 0.107 0.449 
 469 E _   0.186 0.063 0.003 0.044 0.044 0.047 0.117 0.496 
 470 M _   0.152 0.053 0.003 0.037 0.033 0.039 0.129 0.554 
 471 V _   0.117 0.040 0.002 0.028 0.022 0.031 0.142 0.619 
 472 E _   0.085 0.025 0.001 0.019 0.013 0.023 0.153 0.680 
 473 G _   0.058 0.014 0.001 0.012 0.007 0.017 0.162 0.729 
 474 E _   0.038 0.007 0.001 0.007 0.004 0.012 0.169 0.763 
 475 P _   0.024 0.003 0.000 0.004 0.002 0.009 0.174 0.785 
 476 P _   0.015 0.001 0.000 0.002 0.001 0.007 0.176 0.797 
 477 Y _   0.010 0.001 0.000 0.002 0.001 0.006 0.178 0.803 
 478 L _   0.007 0.001 0.000 0.001 0.001 0.006 0.179 0.804 
 479 N _   0.007 0.002 0.000 0.002 0.001 0.008 0.179 0.801 
 480 E _   0.008 0.004 0.000 0.004 0.002 0.011 0.178 0.792 
 481 N _   0.011 0.013 0.001 0.008 0.005 0.016 0.176 0.771 
 482 P _   0.014 0.038 0.001 0.017 0.009 0.021 0.172 0.727 
 483 L _   0.017 0.086 0.002 0.031 0.015 0.026 0.167 0.656 
 484 R _   0.017 0.146 0.002 0.048 0.020 0.029 0.161 0.576 
 485 A _   0.016 0.193 0.002 0.064 0.022 0.030 0.157 0.515 
 486 L _   0.016 0.221 0.002 0.076 0.022 0.030 0.155 0.479 
 487 Y _   0.015 0.234 0.002 0.081 0.022 0.028 0.155 0.464 
 488 L _   0.014 0.237 0.001 0.081 0.020 0.026 0.156 0.464 
 489 I _   0.013 0.233 0.001 0.075 0.018 0.024 0.158 0.477 
 490 A _   0.012 0.219 0.002 0.064 0.016 0.021 0.162 0.505 
 491 T _   0.012 0.192 0.001 0.050 0.013 0.018 0.167 0.546 
 492 N _   0.011 0.153 0.001 0.036 0.010 0.016 0.173 0.598 
 493 G _   0.011 0.109 0.001 0.024 0.008 0.014 0.180 0.654 
 494 T _   0.010 0.072 0.001 0.014 0.005 0.012 0.185 0.701 
 495 P _   0.008 0.049 0.000 0.008 0.003 0.010 0.189 0.731 
 496 E _   0.007 0.038 0.000 0.005 0.002 0.010 0.192 0.747 
 497 L _   0.007 0.033 0.000 0.003 0.002 0.010 0.193 0.752 
 498 Q _   0.007 0.032 0.000 0.003 0.002 0.011 0.193 0.751 
 499 N _   0.008 0.035 0.000 0.004 0.003 0.013 0.193 0.744 
 500 P _   0.010 0.043 0.000 0.007 0.004 0.016 0.192 0.727 
 501 E _   0.013 0.063 0.001 0.012 0.008 0.021 0.189 0.694 
 502 R _   0.015 0.101 0.001 0.019 0.012 0.025 0.185 0.642 
 503 L _   0.016 0.154 0.002 0.027 0.016 0.028 0.181 0.576 
 504 S _   0.017 0.209 0.002 0.035 0.019 0.030 0.177 0.511 
 505 A _   0.016 0.255 0.002 0.042 0.021 0.031 0.174 0.460 
 506 V _   0.016 0.286 0.002 0.046 0.022 0.031 0.173 0.425 
 507 F _   0.016 0.306 0.002 0.049 0.022 0.031 0.172 0.403 
 508 R _   0.016 0.316 0.001 0.050 0.022 0.030 0.173 0.391 
 509 D _   0.017 0.320 0.001 0.050 0.022 0.029 0.175 0.387 
 510 F _   0.017 0.319 0.001 0.048 0.021 0.028 0.178 0.388 
 511 L _   0.017 0.311 0.001 0.046 0.020 0.026 0.182 0.395 
 512 N _   0.017 0.298 0.002 0.044 0.019 0.024 0.187 0.408 
 513 R _   0.017 0.277 0.002 0.041 0.017 0.022 0.195 0.430 
 514 C _   0.017 0.247 0.002 0.037 0.015 0.020 0.204 0.459 
 515 L _   0.017 0.209 0.002 0.032 0.013 0.019 0.215 0.495 
 516 E _   0.016 0.164 0.001 0.026 0.011 0.017 0.227 0.539 
 517 M _   0.015 0.118 0.001 0.020 0.008 0.015 0.238 0.584 
 518 D _   0.013 0.079 0.001 0.014 0.006 0.013 0.249 0.624 
 519 V _   0.011 0.051 0.001 0.010 0.004 0.011 0.258 0.654 
 520 D _   0.010 0.033 0.000 0.006 0.003 0.009 0.265 0.674 
 521 R _   0.008 0.024 0.000 0.005 0.002 0.009 0.269 0.683 
 522 R _   0.007 0.020 0.000 0.004 0.002 0.008 0.273 0.686 
 523 G _   0.007 0.018 0.000 0.004 0.002 0.009 0.276 0.685 
 524 S _   0.007 0.018 0.000 0.005 0.002 0.009 0.278 0.680 
 525 A _   0.008 0.020 0.000 0.007 0.003 0.011 0.280 0.672 
 526 K _   0.008 0.024 0.000 0.010 0.004 0.013 0.281 0.659 
 527 E _   0.009 0.030 0.001 0.014 0.006 0.014 0.282 0.644 
 528 L _   0.010 0.036 0.001 0.019 0.007 0.016 0.283 0.629 
 529 L _   0.010 0.041 0.001 0.024 0.008 0.017 0.285 0.614 
 530 Q _   0.010 0.045 0.001 0.027 0.009 0.017 0.287 0.604 
 531 H _   0.010 0.047 0.001 0.028 0.009 0.017 0.290 0.597 
 532 P _   0.009 0.047 0.001 0.028 0.009 0.017 0.294 0.595 
 533 F _   0.009 0.045 0.001 0.025 0.009 0.016 0.299 0.595 
 534 L _   0.009 0.042 0.001 0.021 0.007 0.016 0.305 0.599 
 535 K _   0.009 0.038 0.001 0.016 0.006 0.015 0.310 0.605 
 536 L _   0.010 0.033 0.001 0.011 0.005 0.015 0.316 0.610 
 537 A _   0.010 0.029 0.000 0.008 0.004 0.015 0.321 0.613 
 538 K _   0.011 0.026 0.000 0.006 0.004 0.016 0.326 0.612 
 539 P _   0.012 0.026 0.000 0.005 0.004 0.017 0.330 0.606 
 540 L _   0.015 0.027 0.000 0.005 0.005 0.020 0.333 0.594 
 541 S _   0.019 0.032 0.001 0.007 0.007 0.024 0.336 0.573 
 542 S _   0.024 0.044 0.001 0.012 0.012 0.029 0.339 0.540 
 543 L _   0.028 0.068 0.002 0.020 0.017 0.034 0.342 0.490 
 544 T _   0.030 0.102 0.002 0.031 0.023 0.037 0.345 0.429 
 545 P _   0.030 0.139 0.002 0.045 0.027 0.039 0.349 0.368 
 546 L X   0.030 0.169 0.002 0.058 0.030 0.039 0.355 0.318 
 547 I X   0.029 0.187 0.002 0.068 0.030 0.037 0.363 0.283 
 548 I X   0.028 0.196 0.002 0.074 0.029 0.035 0.374 0.263 
 549 A X   0.025 0.197 0.002 0.075 0.026 0.033 0.389 0.254 
 550 A X   0.022 0.193 0.002 0.071 0.023 0.029 0.406 0.254 
 551 K X   0.019 0.180 0.002 0.062 0.020 0.025 0.428 0.264 
 552 E X   0.015 0.159 0.002 0.051 0.016 0.020 0.454 0.283 
 553 A X   0.012 0.130 0.001 0.038 0.011 0.015 0.485 0.307 
 554 I X   0.008 0.093 0.001 0.025 0.007 0.010 0.519 0.337 
 555 K X   0.004 0.054 0.001 0.013 0.003 0.005 0.552 0.368 
 556 N X   0.001 0.023 0.000 0.005 0.001 0.002 0.574 0.395 
 557 S X   0.000 0.009 0.000 0.002 0.000 0.000 0.580 0.408 
 558 S X   0.000 0.006 0.000 0.002 0.000 0.000 0.579 0.412 
 559 R X   0.002 0.006 0.001 0.007 0.002 0.002 0.570 0.410 
