#TopoPred_TM8: 8-state transmembrane topology prediction results by no_profile mode 
#probabilities are in the order of H E C I L F X _, the 8 transmembrane topology types used in PDBTM 
   1 M X   0.008 0.001 0.002 0.041 0.008 0.008 0.843 0.090 
   2 A X   0.003 0.000 0.000 0.023 0.002 0.004 0.868 0.100 
   3 R X   0.001 0.000 0.000 0.012 0.001 0.003 0.875 0.109 
   4 T X   0.001 0.000 0.000 0.008 0.000 0.003 0.875 0.113 
   5 T X   0.001 0.000 0.000 0.006 0.001 0.003 0.872 0.117 
   6 S X   0.001 0.001 0.000 0.005 0.001 0.004 0.867 0.120 
   7 Q X   0.002 0.001 0.000 0.005 0.001 0.005 0.862 0.123 
   8 L X   0.003 0.002 0.000 0.005 0.001 0.006 0.856 0.126 
   9 Y X   0.003 0.004 0.000 0.006 0.002 0.007 0.849 0.129 
  10 D X   0.003 0.007 0.000 0.007 0.003 0.008 0.841 0.131 
  11 A X   0.004 0.010 0.000 0.008 0.003 0.009 0.833 0.133 
  12 V X   0.004 0.014 0.000 0.009 0.004 0.010 0.824 0.134 
  13 P X   0.004 0.017 0.000 0.010 0.005 0.011 0.817 0.135 
  14 I X   0.005 0.021 0.001 0.011 0.006 0.011 0.810 0.134 
  15 Q X   0.005 0.025 0.001 0.012 0.007 0.012 0.804 0.134 
  16 S X   0.006 0.028 0.001 0.013 0.007 0.012 0.800 0.134 
  17 S X   0.006 0.030 0.001 0.013 0.007 0.012 0.796 0.134 
  18 V X   0.006 0.032 0.001 0.013 0.007 0.012 0.793 0.135 
  19 V X   0.006 0.033 0.001 0.013 0.007 0.012 0.791 0.137 
  20 L X   0.006 0.034 0.001 0.012 0.006 0.011 0.790 0.140 
  21 C X   0.006 0.034 0.000 0.011 0.006 0.011 0.789 0.143 
  22 S X   0.006 0.033 0.000 0.010 0.005 0.010 0.789 0.146 
  23 C X   0.006 0.032 0.000 0.009 0.005 0.010 0.789 0.149 
  24 P X   0.006 0.032 0.000 0.008 0.004 0.009 0.790 0.151 
  25 S X   0.005 0.031 0.000 0.008 0.004 0.009 0.790 0.152 
  26 P X   0.005 0.030 0.000 0.008 0.004 0.008 0.791 0.152 
  27 S X   0.005 0.029 0.000 0.009 0.004 0.008 0.793 0.152 
  28 M X   0.005 0.029 0.000 0.009 0.004 0.007 0.795 0.151 
  29 V X   0.005 0.027 0.000 0.010 0.004 0.007 0.797 0.150 
  30 R X   0.004 0.025 0.000 0.010 0.003 0.006 0.800 0.151 
  31 T X   0.004 0.023 0.000 0.009 0.003 0.005 0.804 0.152 
  32 Q X   0.004 0.019 0.000 0.008 0.002 0.005 0.807 0.154 
  33 T X   0.003 0.015 0.000 0.006 0.002 0.004 0.812 0.158 
  34 E X   0.003 0.011 0.000 0.005 0.002 0.003 0.816 0.161 
  35 S X   0.002 0.008 0.000 0.004 0.001 0.003 0.819 0.163 
  36 S X   0.002 0.005 0.000 0.003 0.001 0.002 0.822 0.165 
  37 T X   0.002 0.004 0.000 0.002 0.001 0.002 0.824 0.166 
  38 P X   0.001 0.003 0.000 0.002 0.001 0.002 0.825 0.167 
  39 P X   0.001 0.002 0.000 0.002 0.000 0.002 0.826 0.167 
  40 G X   0.001 0.002 0.000 0.002 0.001 0.002 0.825 0.168 
  41 I X   0.001 0.002 0.000 0.002 0.001 0.002 0.825 0.168 
  42 P X   0.001 0.002 0.000 0.002 0.001 0.002 0.823 0.169 
  43 G X   0.001 0.002 0.000 0.003 0.001 0.002 0.821 0.170 
  44 G X   0.001 0.003 0.000 0.003 0.001 0.002 0.819 0.171 
  45 S X   0.001 0.003 0.000 0.004 0.001 0.002 0.816 0.173 
  46 R X   0.001 0.003 0.000 0.004 0.001 0.002 0.813 0.174 
  47 Q X   0.001 0.004 0.000 0.005 0.001 0.002 0.810 0.177 
  48 G X   0.001 0.004 0.000 0.005 0.001 0.002 0.807 0.179 
  49 P X   0.001 0.004 0.000 0.005 0.001 0.003 0.804 0.181 
  50 A X   0.001 0.005 0.000 0.005 0.001 0.003 0.802 0.183 
  51 M X   0.001 0.005 0.000 0.005 0.001 0.003 0.799 0.186 
  52 D X   0.001 0.005 0.000 0.005 0.001 0.003 0.797 0.188 
  53 G X   0.001 0.005 0.000 0.005 0.001 0.003 0.795 0.189 
  54 T X   0.001 0.006 0.000 0.005 0.001 0.003 0.792 0.191 
  55 A X   0.001 0.006 0.000 0.005 0.001 0.003 0.790 0.193 
  56 A X   0.001 0.006 0.000 0.005 0.001 0.003 0.789 0.195 
  57 E X   0.001 0.006 0.000 0.005 0.001 0.003 0.787 0.197 
  58 P X   0.001 0.006 0.000 0.005 0.001 0.003 0.785 0.198 
  59 R X   0.002 0.006 0.000 0.005 0.001 0.003 0.783 0.199 
  60 P X   0.002 0.006 0.000 0.006 0.001 0.003 0.782 0.200 
  61 G X   0.002 0.006 0.000 0.006 0.001 0.003 0.780 0.201 
  62 A X   0.002 0.006 0.000 0.007 0.001 0.003 0.779 0.201 
  63 G X   0.002 0.006 0.000 0.007 0.001 0.003 0.778 0.202 
  64 S X   0.002 0.006 0.000 0.007 0.001 0.003 0.777 0.203 
  65 L X   0.002 0.005 0.000 0.007 0.001 0.003 0.776 0.205 
  66 Q X   0.002 0.005 0.000 0.006 0.001 0.003 0.776 0.207 
  67 H X   0.002 0.004 0.000 0.005 0.001 0.003 0.775 0.210 
  68 A X   0.002 0.003 0.000 0.004 0.001 0.003 0.774 0.213 
  69 Q X   0.002 0.002 0.000 0.004 0.001 0.002 0.772 0.217 
  70 P X   0.002 0.002 0.000 0.003 0.001 0.002 0.770 0.221 
  71 P X   0.002 0.001 0.000 0.002 0.001 0.002 0.766 0.226 
  72 P X   0.002 0.001 0.000 0.002 0.001 0.002 0.762 0.231 
  73 Q X   0.001 0.001 0.000 0.002 0.001 0.002 0.756 0.238 
  74 P X   0.001 0.001 0.000 0.002 0.001 0.002 0.748 0.245 
  75 R X   0.002 0.001 0.000 0.002 0.001 0.002 0.738 0.254 
  76 K X   0.002 0.001 0.000 0.003 0.001 0.003 0.725 0.265 
  77 K X   0.002 0.002 0.000 0.004 0.001 0.004 0.709 0.278 
  78 R X   0.002 0.004 0.000 0.005 0.002 0.006 0.689 0.291 
  79 P X   0.003 0.008 0.000 0.008 0.003 0.009 0.664 0.306 
  80 E X   0.003 0.013 0.001 0.012 0.004 0.012 0.635 0.319 
  81 D X   0.004 0.021 0.001 0.017 0.006 0.016 0.603 0.332 
  82 F X   0.005 0.032 0.001 0.023 0.007 0.020 0.569 0.343 
  83 K X   0.006 0.042 0.001 0.029 0.010 0.024 0.536 0.353 
  84 F X   0.007 0.051 0.001 0.033 0.012 0.028 0.504 0.364 
  85 G X   0.008 0.059 0.001 0.035 0.014 0.032 0.475 0.375 
  86 K X   0.010 0.064 0.001 0.036 0.015 0.037 0.449 0.387 
  87 I X   0.012 0.068 0.001 0.034 0.017 0.041 0.425 0.400 
  88 L _   0.016 0.070 0.001 0.032 0.019 0.045 0.403 0.413 
  89 G _   0.021 0.071 0.002 0.028 0.022 0.050 0.383 0.424 
  90 E _   0.027 0.071 0.002 0.025 0.025 0.054 0.363 0.432 
  91 G _   0.035 0.071 0.002 0.023 0.029 0.059 0.345 0.436 
  92 S _   0.043 0.072 0.002 0.022 0.033 0.062 0.328 0.437 
  93 F _   0.051 0.073 0.002 0.023 0.037 0.065 0.313 0.435 
  94 S _   0.059 0.075 0.002 0.026 0.040 0.066 0.300 0.433 
  95 T _   0.066 0.076 0.002 0.029 0.042 0.066 0.288 0.432 
  96 V _   0.071 0.076 0.002 0.032 0.042 0.064 0.278 0.435 
  97 V _   0.074 0.075 0.002 0.035 0.040 0.060 0.269 0.445 
  98 L _   0.074 0.071 0.002 0.034 0.037 0.056 0.262 0.464 
  99 A _   0.073 0.063 0.002 0.031 0.032 0.051 0.256 0.494 
 100 R _   0.069 0.051 0.002 0.025 0.026 0.045 0.251 0.532 
 101 E _   0.063 0.036 0.002 0.018 0.020 0.040 0.246 0.576 
 102 L _   0.056 0.021 0.001 0.012 0.015 0.035 0.241 0.618 
 103 A _   0.048 0.011 0.001 0.008 0.011 0.030 0.237 0.654 
 104 T _   0.042 0.006 0.001 0.005 0.008 0.027 0.233 0.680 
 105 S _   0.037 0.003 0.001 0.004 0.006 0.025 0.228 0.696 
 106 R _   0.034 0.003 0.001 0.004 0.006 0.024 0.224 0.706 
 107 E _   0.032 0.003 0.001 0.005 0.006 0.023 0.220 0.711 
 108 Y _   0.031 0.003 0.001 0.007 0.007 0.023 0.216 0.713 
 109 A _   0.030 0.005 0.001 0.010 0.008 0.023 0.211 0.712 
 110 I _   0.030 0.006 0.001 0.013 0.010 0.024 0.206 0.711 
 111 K _   0.029 0.008 0.001 0.016 0.011 0.023 0.201 0.710 
 112 I _   0.028 0.009 0.001 0.018 0.011 0.023 0.197 0.712 
 113 L _   0.026 0.010 0.001 0.019 0.011 0.022 0.193 0.717 
 114 E _   0.025 0.010 0.001 0.018 0.011 0.020 0.190 0.725 
 115 K _   0.023 0.010 0.001 0.017 0.009 0.019 0.187 0.735 
 116 R _   0.020 0.009 0.001 0.014 0.008 0.017 0.184 0.746 
 117 H _   0.018 0.008 0.001 0.012 0.007 0.015 0.182 0.757 
 118 I _   0.016 0.007 0.001 0.010 0.006 0.014 0.179 0.767 
 119 I _   0.015 0.006 0.001 0.008 0.005 0.013 0.177 0.775 
 120 K _   0.014 0.006 0.000 0.007 0.004 0.012 0.175 0.782 
 121 E _   0.013 0.005 0.000 0.007 0.004 0.012 0.173 0.786 
 122 N _   0.012 0.006 0.000 0.007 0.004 0.011 0.170 0.789 
 123 K _   0.012 0.006 0.001 0.008 0.004 0.012 0.168 0.790 
 124 V _   0.012 0.007 0.001 0.009 0.005 0.012 0.165 0.790 
 125 P _   0.011 0.008 0.001 0.011 0.005 0.012 0.163 0.789 
 126 Y _   0.011 0.009 0.001 0.012 0.006 0.012 0.160 0.788 
 127 V _   0.011 0.010 0.001 0.014 0.006 0.013 0.158 0.788 
 128 T _   0.011 0.011 0.001 0.015 0.006 0.012 0.156 0.789 
 129 R _   0.010 0.011 0.001 0.015 0.006 0.012 0.154 0.792 
 130 E _   0.010 0.011 0.001 0.013 0.005 0.012 0.152 0.796 
 131 R _   0.009 0.011 0.001 0.012 0.005 0.011 0.151 0.802 
 132 D _   0.008 0.010 0.000 0.010 0.004 0.011 0.149 0.808 
 133 V _   0.008 0.010 0.000 0.008 0.003 0.011 0.147 0.813 
 134 M _   0.008 0.010 0.000 0.006 0.003 0.011 0.145 0.817 
 135 S _   0.009 0.010 0.000 0.005 0.003 0.012 0.142 0.817 
 136 R _   0.011 0.012 0.000 0.006 0.004 0.014 0.139 0.814 
 137 L _   0.013 0.016 0.001 0.007 0.005 0.017 0.136 0.805 
 138 D _   0.016 0.023 0.001 0.011 0.008 0.021 0.132 0.788 
 139 H _   0.019 0.038 0.001 0.018 0.012 0.025 0.128 0.759 
 140 P _   0.021 0.059 0.001 0.028 0.017 0.029 0.123 0.722 
 141 F _   0.023 0.081 0.002 0.040 0.021 0.031 0.118 0.684 
 142 F _   0.025 0.099 0.002 0.050 0.023 0.032 0.114 0.656 
 143 V _   0.025 0.109 0.002 0.058 0.023 0.032 0.112 0.640 
 144 K _   0.024 0.113 0.002 0.061 0.022 0.030 0.110 0.638 
 145 L _   0.022 0.111 0.002 0.059 0.020 0.027 0.109 0.649 
 146 Y _   0.020 0.104 0.001 0.051 0.017 0.024 0.109 0.674 
 147 F _   0.018 0.090 0.001 0.040 0.013 0.020 0.109 0.708 
 148 T _   0.015 0.070 0.001 0.028 0.010 0.017 0.109 0.749 
 149 F _   0.013 0.048 0.001 0.018 0.007 0.014 0.110 0.789 
 150 Q _   0.011 0.030 0.001 0.011 0.005 0.012 0.110 0.821 
 151 D _   0.009 0.019 0.000 0.007 0.003 0.010 0.110 0.841 
 152 D _   0.008 0.014 0.000 0.005 0.002 0.009 0.109 0.853 
 153 E _   0.007 0.011 0.000 0.005 0.002 0.008 0.108 0.858 
 154 K _   0.007 0.010 0.000 0.005 0.002 0.008 0.106 0.860 
 155 L _   0.007 0.010 0.000 0.006 0.003 0.009 0.105 0.859 
 156 Y _   0.007 0.011 0.000 0.008 0.003 0.009 0.102 0.858 
 157 F _   0.007 0.012 0.000 0.010 0.004 0.010 0.100 0.855 
 158 G _   0.007 0.014 0.001 0.012 0.004 0.011 0.097 0.854 
 159 L _   0.007 0.015 0.001 0.013 0.005 0.011 0.095 0.853 
 160 S _   0.007 0.015 0.001 0.013 0.005 0.012 0.092 0.855 
 161 Y _   0.008 0.016 0.001 0.013 0.005 0.012 0.089 0.857 
 162 A _   0.008 0.016 0.001 0.012 0.005 0.013 0.087 0.859 
 163 K _   0.008 0.016 0.001 0.011 0.005 0.014 0.084 0.861 
 164 N _   0.009 0.017 0.001 0.011 0.005 0.015 0.082 0.860 
 165 G _   0.010 0.019 0.001 0.012 0.006 0.017 0.079 0.856 
 166 E _   0.012 0.021 0.001 0.014 0.008 0.019 0.077 0.849 
 167 L _   0.014 0.024 0.001 0.018 0.009 0.021 0.074 0.839 
 168 L _   0.016 0.027 0.001 0.022 0.011 0.024 0.071 0.828 
 169 K _   0.017 0.029 0.001 0.026 0.013 0.025 0.069 0.818 
 170 Y _   0.019 0.031 0.001 0.030 0.015 0.027 0.067 0.811 
 171 I _   0.020 0.031 0.001 0.031 0.015 0.027 0.066 0.810 
 172 R _   0.020 0.029 0.001 0.029 0.015 0.027 0.064 0.814 
 173 K _   0.021 0.027 0.001 0.027 0.014 0.026 0.063 0.821 
 174 I _   0.022 0.022 0.001 0.022 0.012 0.026 0.063 0.832 
 175 G _   0.023 0.017 0.001 0.017 0.010 0.025 0.062 0.845 
 176 S _   0.024 0.011 0.001 0.013 0.008 0.025 0.061 0.856 
 177 F _   0.027 0.007 0.001 0.009 0.007 0.025 0.061 0.864 
 178 D _   0.031 0.004 0.001 0.006 0.006 0.025 0.060 0.867 
 179 E _   0.037 0.002 0.001 0.005 0.006 0.027 0.059 0.864 
 180 T _   0.045 0.001 0.001 0.004 0.007 0.029 0.058 0.855 
 181 C _   0.058 0.001 0.001 0.004 0.008 0.033 0.057 0.840 
 182 T _   0.073 0.001 0.001 0.004 0.011 0.038 0.055 0.818 
 183 R _   0.092 0.001 0.001 0.005 0.015 0.044 0.054 0.788 
 184 F _   0.114 0.001 0.001 0.007 0.021 0.050 0.053 0.754 
 185 Y _   0.134 0.003 0.002 0.009 0.027 0.055 0.052 0.719 
 186 T _   0.153 0.004 0.002 0.011 0.034 0.060 0.051 0.685 
 187 A _   0.168 0.006 0.002 0.014 0.039 0.063 0.050 0.657 
 188 E _   0.180 0.008 0.002 0.017 0.044 0.064 0.050 0.635 
 189 I _   0.189 0.010 0.002 0.019 0.047 0.064 0.050 0.619 
 190 V _   0.193 0.011 0.002 0.019 0.047 0.063 0.050 0.614 
 191 S _   0.192 0.012 0.002 0.019 0.045 0.060 0.051 0.617 
 192 A _   0.186 0.012 0.002 0.018 0.042 0.057 0.053 0.630 
 193 L _   0.173 0.012 0.002 0.018 0.038 0.053 0.054 0.650 
 194 E _   0.157 0.011 0.002 0.017 0.033 0.049 0.056 0.676 
 195 Y _   0.137 0.011 0.002 0.017 0.027 0.044 0.059 0.704 
 196 L _   0.116 0.010 0.002 0.016 0.022 0.039 0.061 0.734 
 197 H _   0.096 0.009 0.001 0.016 0.018 0.034 0.064 0.762 
 198 G _   0.078 0.009 0.001 0.015 0.014 0.030 0.066 0.787 
 199 K _   0.061 0.008 0.001 0.015 0.011 0.025 0.069 0.809 
 200 G _   0.048 0.007 0.001 0.014 0.009 0.021 0.071 0.829 
 201 I _   0.036 0.006 0.001 0.013 0.007 0.018 0.073 0.847 
 202 I _   0.027 0.006 0.001 0.011 0.005 0.015 0.074 0.861 
 203 H _   0.020 0.005 0.001 0.009 0.004 0.012 0.076 0.873 
 204 R _   0.015 0.004 0.000 0.008 0.003 0.010 0.077 0.883 
 205 D _   0.012 0.004 0.000 0.006 0.003 0.009 0.077 0.890 
 206 L _   0.009 0.003 0.000 0.005 0.002 0.008 0.078 0.894 
 207 K _   0.008 0.004 0.000 0.005 0.002 0.007 0.078 0.897 
 208 P _   0.007 0.004 0.000 0.004 0.002 0.007 0.078 0.898 
 209 E _   0.006 0.006 0.000 0.005 0.002 0.008 0.077 0.896 
 210 N _   0.007 0.008 0.000 0.006 0.002 0.008 0.076 0.892 
 211 I _   0.007 0.013 0.000 0.007 0.003 0.010 0.075 0.885 
 212 L _   0.008 0.020 0.000 0.009 0.004 0.011 0.073 0.875 
 213 L _   0.009 0.029 0.001 0.011 0.005 0.013 0.071 0.860 
 214 N _   0.010 0.043 0.001 0.014 0.006 0.016 0.069 0.842 
 215 E _   0.011 0.058 0.001 0.018 0.008 0.018 0.067 0.820 
 216 D _   0.012 0.075 0.001 0.021 0.010 0.020 0.064 0.797 
 217 M _   0.013 0.092 0.001 0.025 0.011 0.022 0.062 0.774 
 218 H _   0.014 0.108 0.001 0.029 0.013 0.023 0.060 0.751 
 219 I _   0.015 0.123 0.001 0.033 0.015 0.024 0.059 0.730 
 220 Q _   0.016 0.135 0.001 0.038 0.016 0.025 0.057 0.712 
 221 I _   0.017 0.143 0.001 0.041 0.016 0.025 0.056 0.700 
 222 T _   0.018 0.148 0.001 0.043 0.016 0.024 0.056 0.693 
 223 D _   0.017 0.148 0.001 0.044 0.016 0.023 0.056 0.694 
 224 F _   0.017 0.146 0.001 0.043 0.014 0.022 0.056 0.701 
 225 G _   0.016 0.139 0.001 0.039 0.013 0.020 0.057 0.714 
 226 T _   0.015 0.128 0.001 0.034 0.011 0.018 0.058 0.735 
 227 A _   0.014 0.111 0.001 0.028 0.009 0.016 0.060 0.761 
 228 K _   0.012 0.092 0.001 0.021 0.007 0.014 0.061 0.791 
 229 V _   0.011 0.072 0.001 0.016 0.005 0.012 0.062 0.821 
 230 L _   0.009 0.056 0.001 0.011 0.004 0.010 0.063 0.846 
 231 S _   0.008 0.045 0.000 0.007 0.003 0.009 0.064 0.864 
 232 P _   0.007 0.038 0.000 0.005 0.002 0.008 0.063 0.876 
 233 E _   0.006 0.035 0.000 0.004 0.002 0.008 0.063 0.881 
 234 S _   0.006 0.035 0.000 0.004 0.002 0.008 0.062 0.883 
 235 K _   0.007 0.036 0.000 0.005 0.002 0.010 0.061 0.879 
 236 Q _   0.008 0.041 0.000 0.007 0.003 0.011 0.059 0.870 
 237 A _   0.009 0.051 0.001 0.011 0.005 0.014 0.056 0.853 
 238 R _   0.010 0.067 0.001 0.016 0.007 0.017 0.054 0.828 
 239 A _   0.012 0.088 0.001 0.022 0.010 0.019 0.051 0.797 
 240 N _   0.013 0.110 0.001 0.029 0.012 0.022 0.048 0.765 
 241 S _   0.014 0.129 0.001 0.035 0.014 0.023 0.045 0.738 
 242 F _   0.015 0.143 0.001 0.040 0.016 0.024 0.043 0.718 
 243 V _   0.016 0.152 0.001 0.044 0.017 0.025 0.041 0.705 
 244 G _   0.017 0.156 0.001 0.045 0.017 0.025 0.040 0.700 
 245 T _   0.017 0.155 0.001 0.044 0.017 0.025 0.039 0.702 
 246 A _   0.017 0.152 0.001 0.041 0.016 0.024 0.039 0.711 
 247 Q _   0.017 0.144 0.001 0.037 0.014 0.022 0.038 0.725 
 248 Y _   0.017 0.133 0.001 0.033 0.013 0.021 0.038 0.744 
 249 V _   0.016 0.119 0.001 0.030 0.011 0.019 0.038 0.765 
 250 S _   0.015 0.103 0.001 0.026 0.010 0.018 0.039 0.789 
 251 P _   0.014 0.085 0.001 0.022 0.008 0.016 0.039 0.814 
 252 E _   0.013 0.068 0.001 0.019 0.007 0.015 0.039 0.838 
 253 L _   0.013 0.052 0.001 0.016 0.006 0.013 0.039 0.861 
 254 L _   0.012 0.036 0.001 0.013 0.005 0.012 0.039 0.883 
 255 T _   0.012 0.023 0.001 0.010 0.004 0.010 0.039 0.902 
 256 E _   0.013 0.013 0.000 0.007 0.003 0.009 0.038 0.916 
 257 K _   0.015 0.006 0.000 0.005 0.003 0.008 0.037 0.926 
 258 S _   0.020 0.002 0.000 0.003 0.002 0.008 0.036 0.928 
 259 A _   0.031 0.001 0.000 0.002 0.002 0.008 0.034 0.921 
 260 C _   0.053 0.000 0.000 0.002 0.002 0.009 0.031 0.902 
 261 K _   0.093 0.000 0.000 0.002 0.003 0.011 0.028 0.863 
 262 S _   0.159 0.000 0.001 0.002 0.005 0.014 0.025 0.795 
 263 S _   0.257 0.000 0.001 0.002 0.008 0.018 0.020 0.695 
 264 D _   0.377 0.000 0.001 0.002 0.012 0.022 0.016 0.571 
 265 L H   0.498 0.000 0.001 0.002 0.018 0.025 0.013 0.443 
 266 W H   0.602 0.000 0.002 0.002 0.023 0.027 0.010 0.334 
 267 A H   0.679 0.000 0.002 0.002 0.028 0.028 0.008 0.253 
 268 L H   0.732 0.000 0.002 0.002 0.031 0.027 0.008 0.199 
 269 G H   0.764 0.000 0.002 0.002 0.032 0.026 0.007 0.166 
 270 C H   0.780 0.000 0.002 0.003 0.033 0.024 0.007 0.152 
 271 I H   0.780 0.000 0.002 0.003 0.033 0.023 0.007 0.152 
 272 I H   0.765 0.000 0.002 0.003 0.033 0.022 0.008 0.167 
 273 Y H   0.733 0.000 0.002 0.003 0.031 0.021 0.009 0.200 
 274 Q H   0.679 0.000 0.002 0.004 0.029 0.020 0.011 0.254 
 275 L H   0.605 0.000 0.002 0.004 0.025 0.020 0.013 0.331 
 276 V H   0.514 0.000 0.002 0.004 0.020 0.018 0.016 0.425 
 277 A _   0.412 0.000 0.002 0.004 0.015 0.017 0.019 0.531 
 278 G _   0.310 0.000 0.001 0.004 0.011 0.016 0.022 0.635 
 279 L _   0.221 0.000 0.001 0.004 0.008 0.015 0.025 0.727 
 280 P _   0.153 0.000 0.001 0.003 0.005 0.014 0.028 0.796 
 281 P _   0.105 0.000 0.001 0.003 0.004 0.013 0.030 0.845 
 282 F _   0.073 0.000 0.000 0.003 0.004 0.014 0.031 0.875 
 283 R _   0.054 0.001 0.000 0.003 0.004 0.015 0.032 0.891 
 284 A _   0.043 0.002 0.000 0.004 0.004 0.017 0.033 0.895 
 285 G _   0.037 0.006 0.001 0.007 0.006 0.020 0.034 0.889 
 286 N _   0.035 0.015 0.001 0.011 0.009 0.023 0.034 0.872 
 287 E _   0.034 0.030 0.001 0.018 0.013 0.027 0.034 0.844 
 288 Y _   0.033 0.051 0.001 0.026 0.017 0.029 0.035 0.808 
 289 L _   0.032 0.072 0.002 0.036 0.020 0.031 0.035 0.773 
 290 I _   0.031 0.088 0.002 0.044 0.022 0.032 0.036 0.747 
 291 F _   0.029 0.098 0.002 0.050 0.022 0.031 0.037 0.731 
 292 Q _   0.028 0.103 0.002 0.052 0.022 0.030 0.038 0.726 
 293 K _   0.026 0.103 0.002 0.051 0.020 0.028 0.040 0.731 
 294 I _   0.024 0.100 0.001 0.047 0.018 0.025 0.042 0.743 
 295 I _   0.021 0.092 0.001 0.040 0.015 0.022 0.045 0.764 
 296 K _   0.019 0.080 0.001 0.032 0.012 0.019 0.048 0.789 
 297 L _   0.017 0.065 0.001 0.024 0.009 0.017 0.051 0.816 
 298 E _   0.015 0.049 0.001 0.018 0.007 0.014 0.054 0.843 
 299 Y _   0.012 0.036 0.001 0.013 0.005 0.012 0.056 0.865 
 300 D _   0.010 0.026 0.000 0.009 0.004 0.010 0.059 0.881 
 301 F _   0.009 0.019 0.000 0.007 0.003 0.009 0.060 0.892 
 302 P _   0.008 0.015 0.000 0.005 0.002 0.008 0.062 0.899 
 303 E _   0.007 0.013 0.000 0.005 0.002 0.008 0.062 0.902 
 304 K _   0.007 0.012 0.000 0.004 0.002 0.008 0.063 0.903 
 305 F _   0.007 0.013 0.000 0.004 0.002 0.009 0.063 0.902 
 306 F _   0.008 0.014 0.000 0.005 0.002 0.010 0.063 0.899 
 307 P _   0.009 0.016 0.000 0.006 0.003 0.012 0.062 0.892 
 308 K _   0.010 0.022 0.000 0.008 0.004 0.014 0.062 0.881 
 309 A _   0.012 0.030 0.001 0.010 0.006 0.017 0.061 0.864 
 310 R _   0.014 0.044 0.001 0.014 0.008 0.020 0.059 0.839 
 311 D _   0.016 0.063 0.001 0.020 0.011 0.024 0.058 0.807 
 312 L _   0.018 0.085 0.001 0.026 0.015 0.027 0.056 0.772 
 313 V _   0.020 0.107 0.001 0.034 0.017 0.028 0.055 0.738 
 314 E _   0.020 0.125 0.001 0.041 0.019 0.029 0.054 0.711 
 315 K _   0.021 0.136 0.001 0.046 0.019 0.029 0.054 0.694 
 316 L _   0.021 0.142 0.001 0.047 0.019 0.028 0.054 0.688 
 317 L _   0.020 0.143 0.001 0.046 0.018 0.027 0.054 0.692 
 318 V _   0.019 0.139 0.001 0.041 0.015 0.024 0.055 0.704 
 319 L _   0.018 0.132 0.001 0.035 0.013 0.022 0.056 0.723 
 320 D _   0.017 0.121 0.001 0.029 0.011 0.020 0.058 0.745 
 321 A _   0.015 0.107 0.001 0.022 0.009 0.017 0.059 0.769 
 322 T _   0.014 0.094 0.001 0.017 0.007 0.016 0.060 0.791 
 323 K _   0.013 0.082 0.001 0.014 0.006 0.014 0.062 0.808 
 324 R _   0.012 0.074 0.001 0.012 0.005 0.013 0.063 0.821 
 325 L _   0.011 0.068 0.001 0.011 0.004 0.012 0.064 0.829 
 326 G _   0.011 0.064 0.001 0.011 0.004 0.011 0.065 0.834 
 327 C _   0.010 0.061 0.001 0.011 0.004 0.011 0.066 0.836 
 328 E _   0.010 0.058 0.001 0.012 0.004 0.010 0.066 0.839 
 329 E _   0.009 0.056 0.001 0.012 0.004 0.010 0.067 0.842 
 330 M _   0.008 0.053 0.000 0.011 0.004 0.009 0.068 0.847 
 331 E _   0.008 0.050 0.000 0.010 0.003 0.009 0.068 0.851 
 332 G _   0.007 0.048 0.000 0.008 0.003 0.008 0.068 0.856 
 333 Y _   0.007 0.047 0.000 0.007 0.003 0.008 0.068 0.860 
 334 G _   0.006 0.046 0.000 0.006 0.003 0.009 0.068 0.861 
 335 P _   0.007 0.047 0.000 0.006 0.003 0.009 0.068 0.860 
 336 L _   0.007 0.050 0.000 0.007 0.003 0.011 0.067 0.854 
 337 K _   0.008 0.057 0.000 0.009 0.004 0.012 0.066 0.843 
 338 A _   0.009 0.067 0.001 0.012 0.006 0.015 0.065 0.826 
 339 H _   0.010 0.083 0.001 0.017 0.008 0.017 0.063 0.801 
 340 P _   0.011 0.104 0.001 0.023 0.010 0.019 0.062 0.771 
 341 F _   0.012 0.126 0.001 0.029 0.012 0.020 0.060 0.740 
 342 F _   0.012 0.145 0.001 0.036 0.013 0.021 0.059 0.713 
 343 E _   0.012 0.158 0.001 0.041 0.014 0.021 0.058 0.694 
 344 S _   0.012 0.166 0.001 0.044 0.014 0.021 0.058 0.683 
 345 V _   0.012 0.168 0.001 0.045 0.014 0.020 0.058 0.681 
 346 T _   0.012 0.167 0.001 0.043 0.013 0.019 0.059 0.686 
 347 W _   0.012 0.160 0.001 0.038 0.012 0.018 0.060 0.699 
 348 E _   0.012 0.149 0.001 0.032 0.010 0.016 0.062 0.718 
 349 N _   0.012 0.133 0.001 0.025 0.008 0.015 0.064 0.742 
 350 L _   0.011 0.115 0.001 0.019 0.006 0.013 0.066 0.769 
 351 H _   0.011 0.097 0.001 0.013 0.005 0.012 0.068 0.794 
 352 Q _   0.010 0.084 0.000 0.009 0.004 0.011 0.070 0.813 
 353 Q _   0.009 0.075 0.000 0.007 0.003 0.010 0.071 0.824 
 354 T _   0.008 0.072 0.000 0.006 0.003 0.010 0.071 0.829 
 355 P _   0.008 0.071 0.000 0.007 0.003 0.010 0.072 0.828 
 356 P _   0.009 0.073 0.000 0.009 0.004 0.011 0.072 0.823 
 357 K _   0.009 0.078 0.001 0.012 0.005 0.012 0.072 0.812 
 358 L _   0.009 0.086 0.001 0.017 0.006 0.013 0.072 0.797 
 359 T _   0.009 0.093 0.001 0.023 0.007 0.013 0.071 0.783 
 360 A _   0.009 0.099 0.001 0.027 0.007 0.013 0.071 0.771 
 361 Y _   0.009 0.103 0.001 0.030 0.007 0.013 0.072 0.766 
 362 L _   0.008 0.103 0.001 0.030 0.007 0.012 0.072 0.767 
 363 P _   0.007 0.101 0.001 0.028 0.006 0.011 0.074 0.772 
 364 A _   0.007 0.097 0.001 0.024 0.005 0.010 0.075 0.781 
 365 M _   0.006 0.090 0.001 0.020 0.004 0.009 0.076 0.794 
 366 S _   0.006 0.082 0.000 0.015 0.003 0.008 0.078 0.808 
 367 E _   0.005 0.074 0.000 0.011 0.003 0.007 0.079 0.821 
 368 D _   0.005 0.068 0.000 0.008 0.002 0.006 0.080 0.831 
 369 D _   0.004 0.064 0.000 0.006 0.002 0.006 0.080 0.837 
 370 E _   0.004 0.062 0.000 0.005 0.002 0.006 0.080 0.840 
 371 D _   0.004 0.063 0.000 0.005 0.002 0.007 0.079 0.840 
 372 C _   0.005 0.067 0.000 0.006 0.002 0.008 0.078 0.836 
 373 Y _   0.005 0.074 0.000 0.007 0.003 0.010 0.076 0.825 
 374 G _   0.007 0.090 0.001 0.010 0.004 0.013 0.073 0.803 
 375 N _   0.008 0.121 0.001 0.015 0.006 0.016 0.068 0.764 
 376 Y _   0.011 0.175 0.001 0.021 0.010 0.021 0.062 0.699 
 377 D _   0.012 0.262 0.002 0.028 0.016 0.024 0.054 0.602 
 378 N _   0.013 0.379 0.003 0.036 0.020 0.026 0.046 0.478 
 379 L E   0.012 0.504 0.003 0.041 0.023 0.025 0.038 0.355 
 380 L E   0.010 0.608 0.002 0.044 0.022 0.023 0.032 0.259 
 381 S E   0.008 0.677 0.002 0.045 0.019 0.020 0.028 0.200 
 382 Q E   0.007 0.714 0.001 0.046 0.017 0.018 0.026 0.171 
 383 F E   0.007 0.732 0.001 0.046 0.015 0.016 0.025 0.158 
 384 G E   0.006 0.738 0.001 0.044 0.014 0.015 0.025 0.157 
 385 C E   0.007 0.735 0.001 0.042 0.013 0.014 0.025 0.165 
 386 M E   0.007 0.721 0.001 0.038 0.012 0.013 0.025 0.183 
 387 Q E   0.007 0.693 0.001 0.033 0.011 0.012 0.026 0.216 
 388 V E   0.008 0.646 0.001 0.028 0.010 0.012 0.028 0.267 
 389 S E   0.008 0.587 0.001 0.023 0.009 0.012 0.030 0.330 
 390 S E   0.008 0.526 0.001 0.018 0.008 0.011 0.033 0.394 
 391 S E   0.008 0.478 0.001 0.015 0.006 0.011 0.035 0.446 
 392 S _   0.007 0.445 0.001 0.013 0.005 0.010 0.037 0.482 
 393 S _   0.007 0.424 0.001 0.012 0.004 0.010 0.038 0.504 
 394 S _   0.006 0.411 0.000 0.012 0.004 0.010 0.040 0.518 
 395 H _   0.006 0.400 0.000 0.013 0.004 0.009 0.041 0.527 
 396 S _   0.005 0.392 0.000 0.015 0.004 0.009 0.041 0.533 
 397 L _   0.005 0.383 0.001 0.016 0.004 0.009 0.042 0.540 
 398 S _   0.005 0.373 0.001 0.017 0.004 0.008 0.044 0.548 
 399 A _   0.005 0.360 0.001 0.017 0.004 0.008 0.045 0.560 
 400 S _   0.005 0.344 0.001 0.017 0.004 0.008 0.046 0.576 
 401 D _   0.004 0.326 0.001 0.015 0.004 0.007 0.048 0.595 
 402 T _   0.004 0.307 0.000 0.013 0.003 0.007 0.050 0.615 
 403 G _   0.004 0.289 0.000 0.011 0.003 0.007 0.051 0.634 
 404 L _   0.004 0.274 0.000 0.010 0.003 0.007 0.053 0.650 
 405 P _   0.004 0.263 0.000 0.008 0.002 0.007 0.054 0.662 
 406 Q _   0.004 0.257 0.000 0.008 0.002 0.007 0.055 0.668 
 407 R _   0.004 0.254 0.000 0.009 0.002 0.007 0.055 0.668 
 408 S _   0.004 0.256 0.000 0.011 0.003 0.008 0.056 0.662 
 409 G _   0.004 0.260 0.000 0.015 0.004 0.009 0.056 0.651 
 410 S _   0.005 0.268 0.001 0.020 0.005 0.010 0.056 0.636 
 411 N _   0.005 0.275 0.001 0.027 0.006 0.011 0.056 0.619 
 412 I _   0.005 0.281 0.001 0.033 0.007 0.012 0.057 0.604 
 413 E _   0.006 0.283 0.001 0.038 0.008 0.012 0.058 0.595 
 414 Q _   0.006 0.280 0.001 0.040 0.008 0.012 0.060 0.594 
 415 Y _   0.006 0.271 0.001 0.039 0.008 0.012 0.062 0.603 
 416 I _   0.006 0.253 0.001 0.035 0.007 0.011 0.065 0.622 
 417 H _   0.006 0.227 0.001 0.030 0.007 0.010 0.069 0.651 
 418 D _   0.006 0.193 0.001 0.024 0.006 0.010 0.074 0.687 
 419 L _   0.006 0.157 0.001 0.018 0.005 0.010 0.079 0.724 
 420 D _   0.006 0.126 0.001 0.014 0.004 0.009 0.084 0.755 
 421 S _   0.006 0.104 0.000 0.011 0.003 0.009 0.089 0.777 
 422 N _   0.006 0.089 0.000 0.010 0.003 0.009 0.093 0.789 
 423 S _   0.006 0.080 0.000 0.010 0.003 0.009 0.096 0.795 
 424 F _   0.006 0.074 0.000 0.011 0.003 0.009 0.099 0.797 
 425 E _   0.007 0.069 0.000 0.012 0.003 0.009 0.102 0.797 
 426 L _   0.007 0.065 0.000 0.013 0.003 0.009 0.105 0.797 
 427 D _   0.007 0.061 0.000 0.014 0.003 0.009 0.107 0.798 
 428 L _   0.006 0.057 0.000 0.014 0.003 0.009 0.109 0.801 
 429 Q _   0.006 0.052 0.000 0.013 0.003 0.008 0.112 0.806 
 430 F _   0.005 0.047 0.000 0.011 0.003 0.008 0.114 0.812 
 431 S _   0.005 0.042 0.000 0.010 0.003 0.007 0.115 0.818 
 432 E _   0.005 0.038 0.000 0.009 0.002 0.007 0.117 0.821 
 433 D _   0.005 0.035 0.000 0.008 0.002 0.007 0.119 0.824 
 434 E _   0.005 0.033 0.000 0.008 0.002 0.007 0.120 0.825 
 435 K _   0.005 0.033 0.000 0.009 0.002 0.007 0.121 0.823 
 436 R _   0.005 0.032 0.000 0.009 0.003 0.008 0.121 0.821 
 437 L _   0.005 0.033 0.000 0.011 0.003 0.008 0.122 0.818 
 438 L _   0.006 0.033 0.000 0.012 0.003 0.008 0.122 0.816 
 439 L _   0.006 0.034 0.000 0.012 0.003 0.008 0.123 0.815 
 440 E _   0.005 0.034 0.000 0.012 0.003 0.008 0.123 0.814 
 441 K _   0.005 0.034 0.000 0.011 0.003 0.008 0.123 0.815 
 442 Q _   0.005 0.033 0.000 0.010 0.003 0.008 0.123 0.817 
 443 A _   0.005 0.033 0.000 0.009 0.003 0.008 0.124 0.819 
 444 G _   0.005 0.033 0.000 0.008 0.003 0.008 0.124 0.820 
 445 G _   0.005 0.034 0.000 0.008 0.003 0.008 0.123 0.819 
 446 N _   0.005 0.035 0.000 0.007 0.003 0.009 0.123 0.817 
 447 P _   0.006 0.038 0.000 0.008 0.003 0.010 0.123 0.812 
 448 W _   0.007 0.043 0.000 0.009 0.004 0.011 0.122 0.805 
 449 H _   0.007 0.049 0.001 0.011 0.005 0.012 0.121 0.794 
 450 Q _   0.008 0.059 0.001 0.015 0.006 0.014 0.119 0.779 
 451 F _   0.009 0.071 0.001 0.019 0.007 0.015 0.118 0.760 
 452 V _   0.009 0.085 0.001 0.025 0.009 0.017 0.117 0.738 
 453 E _   0.010 0.097 0.001 0.031 0.010 0.018 0.115 0.717 
 454 N _   0.010 0.108 0.001 0.037 0.012 0.018 0.115 0.700 
 455 N _   0.011 0.114 0.001 0.041 0.012 0.018 0.115 0.687 
 456 L _   0.011 0.117 0.001 0.042 0.012 0.018 0.116 0.682 
 457 I _   0.011 0.116 0.001 0.041 0.011 0.017 0.118 0.685 
 458 L _   0.011 0.110 0.001 0.036 0.010 0.015 0.121 0.696 
 459 K _   0.010 0.100 0.001 0.030 0.008 0.014 0.124 0.713 
 460 M _   0.009 0.086 0.001 0.022 0.006 0.012 0.127 0.736 
 461 G _   0.009 0.071 0.001 0.015 0.005 0.010 0.130 0.759 
 462 P _   0.008 0.057 0.000 0.010 0.004 0.009 0.133 0.779 
 463 V _   0.007 0.048 0.000 0.006 0.003 0.009 0.136 0.791 
 464 D _   0.007 0.043 0.000 0.005 0.002 0.008 0.137 0.797 
 465 K _   0.007 0.042 0.000 0.004 0.002 0.009 0.138 0.798 
 466 R _   0.008 0.043 0.000 0.005 0.002 0.010 0.139 0.793 
 467 K _   0.008 0.047 0.000 0.007 0.003 0.012 0.139 0.783 
 468 G _   0.009 0.057 0.001 0.010 0.005 0.014 0.139 0.765 
 469 L _   0.010 0.072 0.001 0.016 0.007 0.016 0.138 0.741 
 470 F _   0.011 0.090 0.001 0.022 0.009 0.018 0.137 0.713 
 471 A _   0.011 0.108 0.001 0.028 0.010 0.019 0.136 0.687 
 472 R _   0.011 0.122 0.001 0.033 0.011 0.020 0.136 0.667 
 473 R _   0.011 0.131 0.001 0.036 0.012 0.020 0.136 0.654 
 474 R _   0.011 0.136 0.001 0.037 0.012 0.020 0.137 0.646 
 475 Q _   0.011 0.137 0.001 0.037 0.012 0.019 0.139 0.644 
 476 L _   0.011 0.136 0.001 0.035 0.012 0.019 0.141 0.647 
 477 L _   0.011 0.131 0.001 0.032 0.011 0.018 0.144 0.653 
 478 L _   0.011 0.123 0.001 0.029 0.010 0.017 0.147 0.662 
 479 T _   0.011 0.114 0.001 0.025 0.009 0.015 0.152 0.673 
 480 E _   0.011 0.102 0.001 0.022 0.008 0.014 0.156 0.684 
 481 G _   0.011 0.090 0.001 0.020 0.007 0.013 0.162 0.696 
 482 P _   0.011 0.077 0.001 0.017 0.006 0.012 0.167 0.708 
 483 H _   0.011 0.064 0.001 0.014 0.006 0.011 0.173 0.720 
 484 L _   0.010 0.053 0.001 0.012 0.005 0.010 0.178 0.731 
 485 Y _   0.010 0.043 0.001 0.010 0.004 0.009 0.183 0.741 
 486 Y _   0.009 0.035 0.000 0.008 0.003 0.009 0.187 0.748 
 487 V _   0.008 0.030 0.000 0.007 0.003 0.008 0.191 0.753 
 488 D _   0.007 0.027 0.000 0.006 0.002 0.007 0.194 0.756 
 489 P _   0.007 0.025 0.000 0.005 0.002 0.007 0.196 0.756 
 490 V _   0.007 0.025 0.000 0.005 0.002 0.007 0.198 0.754 
 491 N _   0.007 0.026 0.000 0.006 0.003 0.008 0.200 0.750 
 492 K _   0.007 0.028 0.000 0.007 0.003 0.008 0.202 0.744 
 493 V _   0.008 0.031 0.000 0.009 0.003 0.009 0.203 0.737 
 494 L _   0.008 0.036 0.000 0.011 0.004 0.009 0.204 0.728 
 495 K _   0.008 0.041 0.001 0.013 0.005 0.010 0.205 0.718 
 496 G _   0.007 0.045 0.001 0.015 0.005 0.010 0.207 0.710 
 497 E _   0.007 0.049 0.001 0.016 0.005 0.010 0.208 0.703 
 498 I _   0.007 0.052 0.001 0.016 0.005 0.010 0.210 0.699 
 499 P _   0.007 0.054 0.001 0.016 0.004 0.009 0.213 0.696 
 500 W _   0.006 0.056 0.000 0.014 0.004 0.009 0.215 0.696 
 501 S _   0.006 0.056 0.000 0.012 0.003 0.008 0.217 0.696 
 502 Q _   0.005 0.056 0.000 0.010 0.003 0.008 0.220 0.697 
 503 E _   0.005 0.057 0.000 0.009 0.003 0.008 0.222 0.697 
 504 L _   0.005 0.058 0.000 0.008 0.002 0.008 0.223 0.696 
 505 R _   0.005 0.060 0.000 0.007 0.002 0.008 0.225 0.693 
 506 P _   0.005 0.064 0.000 0.008 0.003 0.009 0.226 0.686 
 507 E _   0.005 0.072 0.000 0.009 0.003 0.010 0.226 0.674 
 508 A _   0.006 0.084 0.001 0.011 0.004 0.011 0.226 0.656 
 509 K _   0.007 0.101 0.001 0.015 0.006 0.013 0.226 0.631 
 510 N _   0.007 0.124 0.001 0.021 0.008 0.015 0.226 0.599 
 511 F _   0.008 0.148 0.001 0.027 0.009 0.016 0.226 0.565 
 512 K _   0.008 0.170 0.001 0.033 0.011 0.017 0.227 0.535 
 513 T _   0.008 0.186 0.001 0.038 0.012 0.017 0.228 0.510 
 514 F _   0.008 0.196 0.001 0.041 0.012 0.018 0.231 0.493 
 515 F _   0.008 0.202 0.001 0.043 0.012 0.017 0.235 0.481 
 516 V _   0.008 0.204 0.001 0.043 0.012 0.017 0.240 0.475 
 517 H _   0.008 0.202 0.001 0.042 0.012 0.016 0.246 0.473 
 518 T _   0.008 0.196 0.001 0.039 0.011 0.015 0.254 0.475 
 519 P _   0.009 0.186 0.001 0.036 0.010 0.015 0.264 0.480 
 520 N _   0.009 0.172 0.001 0.032 0.009 0.014 0.276 0.488 
 521 R _   0.009 0.154 0.001 0.028 0.008 0.013 0.289 0.498 
 522 T _   0.008 0.134 0.001 0.024 0.007 0.012 0.304 0.510 
 523 Y _   0.008 0.113 0.001 0.019 0.006 0.011 0.319 0.524 
 524 Y _   0.007 0.094 0.001 0.015 0.005 0.009 0.333 0.536 
 525 L _   0.006 0.079 0.001 0.011 0.004 0.008 0.345 0.547 
 526 M _   0.005 0.067 0.000 0.008 0.003 0.007 0.355 0.554 
 527 D _   0.005 0.059 0.000 0.006 0.002 0.007 0.363 0.558 
 528 P _   0.004 0.055 0.000 0.004 0.002 0.006 0.369 0.559 
 529 S _   0.004 0.054 0.000 0.004 0.002 0.007 0.374 0.556 
 530 G _   0.004 0.055 0.000 0.004 0.002 0.007 0.377 0.550 
 531 N _   0.005 0.059 0.000 0.005 0.002 0.009 0.380 0.539 
 532 A _   0.006 0.068 0.000 0.008 0.003 0.011 0.382 0.521 
 533 H _   0.007 0.087 0.001 0.012 0.005 0.014 0.383 0.491 
 534 K _   0.008 0.117 0.001 0.019 0.008 0.017 0.383 0.446 
 535 W _   0.009 0.159 0.001 0.028 0.011 0.019 0.383 0.389 
 536 C X   0.009 0.204 0.001 0.037 0.014 0.021 0.384 0.330 
 537 R X   0.009 0.244 0.001 0.047 0.015 0.022 0.385 0.278 
 538 K X   0.008 0.271 0.001 0.055 0.016 0.022 0.389 0.238 
 539 I X   0.008 0.287 0.001 0.061 0.017 0.021 0.394 0.211 
 540 Q X   0.008 0.293 0.001 0.065 0.017 0.021 0.403 0.192 
 541 E X   0.008 0.294 0.001 0.066 0.016 0.020 0.414 0.181 
 542 V X   0.008 0.288 0.001 0.065 0.015 0.019 0.429 0.176 
 543 W X   0.008 0.274 0.001 0.060 0.015 0.017 0.449 0.176 
 544 R X   0.008 0.248 0.002 0.053 0.014 0.016 0.476 0.183 
 545 Q X   0.008 0.210 0.002 0.045 0.012 0.015 0.512 0.195 
 546 R X   0.008 0.162 0.002 0.036 0.011 0.014 0.555 0.213 
 547 Y X   0.008 0.113 0.001 0.027 0.008 0.012 0.601 0.230 
 548 Q X   0.007 0.073 0.001 0.019 0.006 0.010 0.642 0.242 
 549 S X   0.005 0.046 0.001 0.013 0.004 0.008 0.675 0.249 
 550 H X   0.004 0.029 0.000 0.009 0.003 0.005 0.700 0.249 
 551 P X   0.002 0.019 0.000 0.006 0.002 0.003 0.720 0.248 
 552 D X   0.001 0.011 0.000 0.004 0.001 0.002 0.735 0.247 
 553 A X   0.000 0.007 0.000 0.002 0.000 0.001 0.743 0.247 
 554 A X   0.000 0.005 0.000 0.001 0.000 0.000 0.745 0.248 
 555 V X   0.000 0.004 0.000 0.002 0.000 0.000 0.743 0.250 
 556 Q X   0.002 0.005 0.001 0.010 0.003 0.002 0.729 0.249 
