#TopoPred_TM8: 8-state transmembrane topology prediction results by no_profile mode 
#probabilities are in the order of H E C I L F X _, the 8 transmembrane topology types used in PDBTM 
   1 M X   0.014 0.001 0.002 0.046 0.008 0.009 0.650 0.270 
   2 A X   0.004 0.001 0.000 0.022 0.001 0.003 0.665 0.304 
   3 N X   0.001 0.000 0.000 0.010 0.000 0.002 0.666 0.321 
   4 D X   0.001 0.001 0.000 0.007 0.000 0.002 0.661 0.328 
   5 S X   0.001 0.001 0.000 0.008 0.001 0.004 0.652 0.332 
   6 P X   0.002 0.003 0.000 0.012 0.002 0.007 0.638 0.336 
   7 A X   0.004 0.007 0.000 0.018 0.003 0.010 0.621 0.338 
   8 K X   0.005 0.013 0.001 0.027 0.004 0.013 0.598 0.339 
   9 S X   0.005 0.020 0.001 0.037 0.006 0.016 0.573 0.342 
  10 L X   0.005 0.027 0.001 0.047 0.008 0.017 0.548 0.348 
  11 V X   0.005 0.031 0.001 0.053 0.009 0.018 0.525 0.359 
  12 D X   0.005 0.033 0.001 0.053 0.009 0.017 0.506 0.376 
  13 I X   0.005 0.033 0.001 0.048 0.009 0.016 0.490 0.397 
  14 D X   0.005 0.031 0.001 0.040 0.008 0.015 0.478 0.423 
  15 L X   0.005 0.027 0.001 0.030 0.006 0.014 0.467 0.450 
  16 S _   0.005 0.022 0.001 0.020 0.005 0.013 0.457 0.476 
  17 S _   0.005 0.017 0.001 0.013 0.004 0.013 0.449 0.498 
  18 L _   0.005 0.014 0.000 0.009 0.003 0.013 0.440 0.515 
  19 R _   0.006 0.012 0.000 0.006 0.003 0.014 0.431 0.527 
  20 D _   0.008 0.011 0.000 0.005 0.003 0.016 0.422 0.534 
  21 P _   0.011 0.012 0.000 0.006 0.005 0.019 0.411 0.536 
  22 A _   0.015 0.014 0.001 0.008 0.007 0.023 0.399 0.533 
  23 G _   0.019 0.020 0.001 0.013 0.011 0.028 0.385 0.522 
  24 I _   0.024 0.028 0.001 0.019 0.016 0.033 0.370 0.508 
  25 F _   0.028 0.038 0.002 0.026 0.021 0.037 0.355 0.493 
  26 E _   0.032 0.047 0.002 0.033 0.025 0.039 0.343 0.480 
  27 L _   0.034 0.053 0.002 0.037 0.027 0.040 0.332 0.475 
  28 V _   0.035 0.057 0.002 0.040 0.028 0.040 0.323 0.476 
  29 E _   0.035 0.058 0.002 0.039 0.027 0.038 0.315 0.484 
  30 V _   0.035 0.057 0.002 0.036 0.025 0.036 0.309 0.499 
  31 V _   0.034 0.054 0.002 0.032 0.022 0.033 0.304 0.520 
  32 G _   0.032 0.048 0.001 0.027 0.018 0.030 0.300 0.543 
  33 N _   0.029 0.041 0.001 0.023 0.015 0.026 0.297 0.567 
  34 G _   0.026 0.034 0.001 0.018 0.012 0.023 0.294 0.592 
  35 T _   0.023 0.026 0.001 0.014 0.009 0.020 0.292 0.616 
  36 Y _   0.019 0.019 0.001 0.011 0.007 0.017 0.289 0.636 
  37 G _   0.016 0.014 0.001 0.008 0.005 0.015 0.286 0.654 
  38 Q _   0.013 0.011 0.000 0.007 0.004 0.013 0.283 0.668 
  39 V _   0.011 0.008 0.000 0.005 0.003 0.012 0.280 0.680 
  40 Y _   0.010 0.007 0.000 0.004 0.003 0.011 0.275 0.688 
  41 K _   0.009 0.007 0.000 0.004 0.003 0.012 0.271 0.694 
  42 G _   0.010 0.008 0.000 0.004 0.003 0.012 0.266 0.697 
  43 R _   0.010 0.010 0.000 0.005 0.004 0.014 0.260 0.697 
  44 H _   0.012 0.014 0.001 0.007 0.005 0.016 0.253 0.692 
  45 V _   0.014 0.022 0.001 0.011 0.008 0.020 0.245 0.680 
  46 K _   0.016 0.036 0.001 0.017 0.011 0.023 0.236 0.661 
  47 T _   0.017 0.056 0.001 0.024 0.015 0.026 0.226 0.634 
  48 G _   0.018 0.078 0.002 0.034 0.018 0.028 0.217 0.606 
  49 Q _   0.019 0.096 0.002 0.043 0.020 0.028 0.210 0.582 
  50 L _   0.019 0.109 0.002 0.050 0.021 0.028 0.204 0.567 
  51 A _   0.019 0.116 0.002 0.055 0.020 0.027 0.199 0.561 
  52 A _   0.019 0.118 0.001 0.055 0.019 0.025 0.196 0.565 
  53 I _   0.018 0.116 0.001 0.051 0.017 0.023 0.194 0.579 
  54 K _   0.016 0.109 0.001 0.044 0.014 0.020 0.193 0.602 
  55 V _   0.015 0.096 0.001 0.035 0.011 0.017 0.193 0.633 
  56 M _   0.013 0.078 0.001 0.025 0.008 0.014 0.193 0.668 
  57 D _   0.012 0.058 0.001 0.017 0.006 0.012 0.193 0.702 
  58 V _   0.010 0.042 0.001 0.010 0.004 0.010 0.193 0.731 
  59 T _   0.008 0.031 0.000 0.006 0.003 0.009 0.192 0.751 
  60 E _   0.007 0.026 0.000 0.004 0.002 0.008 0.190 0.764 
  61 D _   0.006 0.024 0.000 0.004 0.002 0.007 0.187 0.770 
  62 E _   0.006 0.024 0.000 0.004 0.002 0.008 0.184 0.772 
  63 E _   0.006 0.026 0.000 0.006 0.003 0.009 0.180 0.769 
  64 E _   0.007 0.033 0.000 0.009 0.004 0.011 0.175 0.761 
  65 E _   0.008 0.044 0.001 0.015 0.006 0.014 0.169 0.745 
  66 I _   0.008 0.061 0.001 0.023 0.008 0.016 0.162 0.722 
  67 K _   0.009 0.078 0.001 0.032 0.010 0.017 0.155 0.699 
  68 L _   0.009 0.092 0.001 0.040 0.011 0.018 0.149 0.681 
  69 E _   0.009 0.100 0.001 0.045 0.012 0.019 0.144 0.670 
  70 I _   0.009 0.104 0.001 0.047 0.012 0.019 0.141 0.668 
  71 N _   0.009 0.104 0.001 0.044 0.011 0.018 0.138 0.675 
  72 M _   0.009 0.100 0.001 0.038 0.010 0.017 0.136 0.688 
  73 L _   0.009 0.092 0.001 0.030 0.009 0.016 0.135 0.708 
  74 K _   0.009 0.081 0.001 0.021 0.007 0.015 0.135 0.731 
  75 K _   0.009 0.070 0.001 0.014 0.005 0.014 0.134 0.753 
  76 Y _   0.009 0.061 0.001 0.009 0.004 0.014 0.133 0.769 
  77 S _   0.009 0.055 0.000 0.007 0.004 0.015 0.132 0.777 
  78 H _   0.011 0.054 0.000 0.006 0.004 0.016 0.131 0.778 
  79 H _   0.013 0.057 0.001 0.008 0.005 0.019 0.129 0.770 
  80 R _   0.016 0.065 0.001 0.012 0.008 0.022 0.126 0.751 
  81 N _   0.019 0.081 0.001 0.020 0.012 0.025 0.123 0.718 
  82 I _   0.022 0.108 0.002 0.032 0.016 0.028 0.119 0.673 
  83 A _   0.023 0.134 0.002 0.047 0.020 0.030 0.116 0.629 
  84 T _   0.023 0.153 0.002 0.060 0.022 0.030 0.113 0.598 
  85 Y _   0.022 0.164 0.002 0.069 0.022 0.029 0.112 0.582 
  86 Y _   0.021 0.167 0.002 0.072 0.021 0.027 0.112 0.579 
  87 G _   0.020 0.163 0.002 0.069 0.019 0.025 0.112 0.591 
  88 A _   0.018 0.152 0.001 0.061 0.016 0.022 0.114 0.616 
  89 F _   0.016 0.129 0.001 0.048 0.013 0.018 0.117 0.656 
  90 I _   0.015 0.096 0.001 0.034 0.009 0.015 0.120 0.710 
  91 K _   0.013 0.057 0.001 0.021 0.006 0.012 0.123 0.766 
  92 K _   0.011 0.027 0.001 0.011 0.004 0.009 0.126 0.813 
  93 S _   0.009 0.009 0.000 0.005 0.002 0.007 0.126 0.841 
  94 P _   0.008 0.002 0.000 0.002 0.001 0.006 0.126 0.854 
  95 P _   0.009 0.001 0.000 0.001 0.001 0.006 0.125 0.857 
  96 G _   0.015 0.000 0.000 0.001 0.001 0.007 0.123 0.853 
  97 H _   0.029 0.000 0.000 0.001 0.002 0.011 0.120 0.838 
  98 D _   0.059 0.000 0.000 0.001 0.003 0.018 0.115 0.803 
  99 D _   0.111 0.000 0.001 0.002 0.007 0.030 0.109 0.740 
 100 Q _   0.183 0.000 0.001 0.003 0.016 0.046 0.102 0.648 
 101 L _   0.259 0.002 0.002 0.006 0.032 0.062 0.094 0.544 
 102 W _   0.325 0.006 0.003 0.010 0.051 0.076 0.087 0.444 
 103 L H   0.374 0.012 0.003 0.015 0.068 0.084 0.081 0.363 
 104 V H   0.405 0.019 0.003 0.019 0.079 0.087 0.077 0.310 
 105 M H   0.422 0.025 0.003 0.023 0.086 0.086 0.075 0.279 
 106 E H   0.428 0.028 0.003 0.025 0.089 0.083 0.074 0.268 
 107 F H   0.425 0.030 0.003 0.026 0.089 0.079 0.074 0.276 
 108 C H   0.413 0.029 0.003 0.024 0.084 0.073 0.075 0.299 
 109 G H   0.391 0.027 0.003 0.022 0.075 0.066 0.076 0.339 
 110 A _   0.356 0.024 0.003 0.021 0.064 0.059 0.079 0.394 
 111 G _   0.312 0.019 0.003 0.019 0.051 0.052 0.082 0.463 
 112 S _   0.264 0.015 0.002 0.017 0.037 0.044 0.086 0.535 
 113 I _   0.213 0.011 0.002 0.015 0.026 0.036 0.091 0.607 
 114 T _   0.164 0.007 0.001 0.013 0.017 0.030 0.095 0.673 
 115 D _   0.120 0.005 0.001 0.011 0.011 0.024 0.098 0.731 
 116 L _   0.084 0.003 0.001 0.009 0.007 0.019 0.101 0.777 
 117 V _   0.056 0.002 0.001 0.007 0.005 0.015 0.103 0.812 
 118 K _   0.037 0.001 0.000 0.005 0.003 0.012 0.104 0.837 
 119 N _   0.024 0.001 0.000 0.004 0.002 0.009 0.105 0.855 
 120 T _   0.016 0.000 0.000 0.003 0.002 0.008 0.105 0.866 
 121 K _   0.012 0.000 0.000 0.003 0.002 0.008 0.104 0.872 
 122 G _   0.009 0.000 0.000 0.003 0.002 0.008 0.103 0.875 
 123 N _   0.009 0.000 0.000 0.003 0.002 0.009 0.102 0.876 
 124 T _   0.010 0.000 0.000 0.003 0.002 0.011 0.100 0.873 
 125 L _   0.013 0.000 0.000 0.004 0.003 0.014 0.098 0.868 
 126 K _   0.017 0.001 0.000 0.005 0.004 0.019 0.095 0.859 
 127 E _   0.023 0.001 0.001 0.007 0.006 0.024 0.092 0.846 
 128 D _   0.031 0.001 0.001 0.009 0.009 0.031 0.089 0.829 
 129 W _   0.042 0.002 0.001 0.011 0.013 0.037 0.085 0.808 
 130 I _   0.054 0.003 0.001 0.013 0.017 0.044 0.082 0.785 
 131 A _   0.069 0.003 0.001 0.015 0.022 0.051 0.078 0.760 
 132 Y _   0.085 0.004 0.002 0.015 0.026 0.057 0.075 0.735 
 133 I _   0.102 0.004 0.002 0.015 0.031 0.063 0.072 0.711 
 134 S _   0.118 0.005 0.002 0.015 0.035 0.067 0.070 0.690 
 135 R _   0.133 0.005 0.002 0.015 0.037 0.069 0.068 0.672 
 136 E _   0.145 0.005 0.002 0.014 0.039 0.071 0.066 0.659 
 137 I _   0.155 0.005 0.002 0.013 0.040 0.071 0.065 0.650 
 138 L _   0.161 0.005 0.002 0.013 0.039 0.070 0.065 0.646 
 139 R _   0.163 0.005 0.002 0.012 0.038 0.068 0.064 0.648 
 140 G _   0.163 0.005 0.002 0.012 0.036 0.065 0.064 0.654 
 141 L _   0.159 0.005 0.002 0.012 0.034 0.062 0.065 0.663 
 142 A _   0.151 0.005 0.002 0.012 0.032 0.058 0.065 0.675 
 143 H _   0.140 0.005 0.002 0.013 0.029 0.054 0.066 0.691 
 144 L _   0.128 0.005 0.002 0.014 0.027 0.049 0.067 0.709 
 145 H _   0.114 0.005 0.002 0.015 0.024 0.045 0.069 0.727 
 146 I _   0.099 0.006 0.002 0.016 0.021 0.040 0.070 0.746 
 147 H _   0.085 0.006 0.001 0.016 0.018 0.035 0.072 0.767 
 148 H _   0.071 0.005 0.001 0.016 0.015 0.030 0.074 0.788 
 149 V _   0.058 0.005 0.001 0.014 0.012 0.026 0.076 0.808 
 150 I _   0.047 0.004 0.001 0.012 0.009 0.022 0.077 0.827 
 151 H _   0.037 0.003 0.001 0.010 0.007 0.019 0.079 0.844 
 152 R _   0.029 0.002 0.001 0.008 0.005 0.016 0.080 0.859 
 153 D _   0.022 0.002 0.001 0.006 0.004 0.014 0.081 0.870 
 154 I _   0.018 0.001 0.000 0.005 0.003 0.012 0.082 0.877 
 155 K _   0.015 0.001 0.000 0.005 0.003 0.011 0.082 0.882 
 156 G _   0.013 0.001 0.000 0.004 0.003 0.011 0.083 0.884 
 157 Q _   0.012 0.002 0.000 0.005 0.003 0.012 0.083 0.884 
 158 N _   0.012 0.003 0.000 0.006 0.004 0.012 0.083 0.880 
 159 V _   0.012 0.005 0.001 0.007 0.004 0.014 0.082 0.875 
 160 L _   0.012 0.008 0.001 0.010 0.005 0.015 0.082 0.867 
 161 L _   0.013 0.011 0.001 0.012 0.007 0.017 0.081 0.859 
 162 T _   0.014 0.015 0.001 0.014 0.008 0.018 0.081 0.850 
 163 E _   0.015 0.018 0.001 0.016 0.009 0.020 0.080 0.841 
 164 N _   0.016 0.022 0.001 0.018 0.010 0.021 0.080 0.833 
 165 A _   0.017 0.025 0.001 0.019 0.011 0.022 0.080 0.826 
 166 E _   0.018 0.027 0.001 0.019 0.011 0.023 0.080 0.821 
 167 V _   0.020 0.030 0.001 0.019 0.012 0.024 0.080 0.815 
 168 K _   0.021 0.031 0.001 0.020 0.012 0.024 0.081 0.810 
 169 L _   0.022 0.033 0.001 0.020 0.012 0.025 0.081 0.806 
 170 V _   0.023 0.034 0.001 0.020 0.013 0.025 0.083 0.802 
 171 D _   0.023 0.034 0.001 0.021 0.012 0.024 0.084 0.800 
 172 F _   0.023 0.034 0.001 0.020 0.012 0.024 0.085 0.800 
 173 G _   0.023 0.034 0.001 0.020 0.011 0.023 0.087 0.802 
 174 V _   0.022 0.033 0.001 0.019 0.011 0.022 0.089 0.805 
 175 S _   0.021 0.031 0.001 0.017 0.010 0.021 0.091 0.809 
 176 A _   0.020 0.029 0.001 0.015 0.009 0.019 0.093 0.814 
 177 Q _   0.018 0.026 0.001 0.013 0.007 0.018 0.095 0.820 
 178 L _   0.017 0.024 0.001 0.011 0.006 0.017 0.098 0.827 
 179 D _   0.016 0.022 0.001 0.009 0.006 0.016 0.100 0.830 
 180 R _   0.016 0.021 0.001 0.008 0.005 0.016 0.102 0.832 
 181 T _   0.015 0.020 0.001 0.007 0.005 0.016 0.103 0.833 
 182 V _   0.015 0.020 0.001 0.007 0.005 0.016 0.105 0.831 
 183 G _   0.015 0.021 0.001 0.007 0.005 0.017 0.107 0.827 
 184 R _   0.015 0.024 0.001 0.008 0.006 0.018 0.108 0.820 
 185 R _   0.016 0.028 0.001 0.009 0.007 0.020 0.109 0.810 
 186 N _   0.017 0.033 0.001 0.011 0.008 0.021 0.111 0.798 
 187 T _   0.018 0.041 0.001 0.013 0.010 0.023 0.112 0.782 
 188 F _   0.020 0.051 0.001 0.016 0.011 0.025 0.113 0.762 
 189 I _   0.021 0.063 0.001 0.019 0.013 0.027 0.115 0.740 
 190 G _   0.022 0.077 0.001 0.023 0.016 0.029 0.116 0.717 
 191 T _   0.023 0.091 0.001 0.027 0.018 0.030 0.118 0.692 
 192 P _   0.023 0.104 0.002 0.032 0.019 0.031 0.120 0.669 
 193 Y _   0.023 0.114 0.002 0.037 0.021 0.031 0.123 0.650 
 194 W _   0.023 0.122 0.002 0.041 0.021 0.030 0.127 0.635 
 195 M _   0.022 0.127 0.002 0.044 0.021 0.029 0.131 0.624 
 196 A _   0.020 0.129 0.001 0.046 0.020 0.027 0.137 0.619 
 197 P _   0.019 0.128 0.001 0.046 0.018 0.025 0.143 0.619 
 198 E _   0.017 0.124 0.001 0.044 0.016 0.023 0.150 0.624 
 199 V _   0.016 0.116 0.001 0.040 0.014 0.020 0.158 0.634 
 200 I _   0.014 0.104 0.001 0.035 0.011 0.018 0.167 0.648 
 201 A _   0.013 0.088 0.001 0.030 0.009 0.015 0.177 0.666 
 202 C _   0.011 0.069 0.001 0.024 0.007 0.013 0.188 0.686 
 203 D _   0.010 0.050 0.001 0.018 0.005 0.011 0.198 0.707 
 204 E _   0.008 0.033 0.001 0.013 0.004 0.009 0.207 0.725 
 205 N _   0.007 0.020 0.000 0.009 0.003 0.008 0.214 0.739 
 206 P _   0.006 0.012 0.000 0.006 0.002 0.007 0.220 0.747 
 207 D _   0.005 0.007 0.000 0.005 0.002 0.006 0.224 0.752 
 208 A _   0.004 0.004 0.000 0.003 0.001 0.006 0.228 0.754 
 209 T _   0.004 0.002 0.000 0.003 0.001 0.006 0.230 0.754 
 210 Y _   0.005 0.002 0.000 0.002 0.001 0.007 0.231 0.752 
 211 D _   0.006 0.002 0.000 0.002 0.001 0.009 0.232 0.748 
 212 Y _   0.008 0.002 0.000 0.003 0.002 0.012 0.232 0.741 
 213 R _   0.012 0.003 0.000 0.004 0.003 0.017 0.231 0.729 
 214 S _   0.019 0.007 0.001 0.006 0.006 0.024 0.229 0.709 
 215 D _   0.030 0.015 0.001 0.009 0.011 0.033 0.227 0.675 
 216 L _   0.042 0.031 0.001 0.014 0.020 0.043 0.224 0.624 
 217 W _   0.055 0.060 0.002 0.021 0.032 0.053 0.221 0.557 
 218 S _   0.065 0.098 0.003 0.030 0.043 0.060 0.218 0.484 
 219 C _   0.073 0.137 0.003 0.041 0.051 0.063 0.216 0.415 
 220 G _   0.078 0.170 0.003 0.050 0.056 0.064 0.216 0.363 
 221 I _   0.080 0.191 0.003 0.059 0.057 0.063 0.217 0.330 
 222 T _   0.080 0.202 0.003 0.063 0.056 0.059 0.221 0.317 
 223 A _   0.078 0.204 0.003 0.064 0.053 0.055 0.227 0.316 
 224 I _   0.074 0.200 0.003 0.060 0.047 0.050 0.235 0.331 
 225 E _   0.069 0.187 0.003 0.053 0.040 0.045 0.245 0.360 
 226 M _   0.061 0.162 0.002 0.043 0.032 0.038 0.257 0.403 
 227 A _   0.052 0.128 0.002 0.033 0.024 0.032 0.271 0.458 
 228 E _   0.042 0.088 0.002 0.023 0.016 0.027 0.286 0.517 
 229 G _   0.033 0.056 0.001 0.014 0.010 0.021 0.300 0.565 
 230 A _   0.024 0.035 0.001 0.009 0.006 0.017 0.310 0.598 
 231 P _   0.017 0.024 0.000 0.005 0.004 0.014 0.318 0.616 
 232 P _   0.013 0.020 0.000 0.004 0.003 0.013 0.324 0.624 
 233 L _   0.011 0.019 0.000 0.004 0.002 0.012 0.328 0.624 
 234 C _   0.010 0.019 0.000 0.004 0.003 0.012 0.331 0.620 
 235 D _   0.010 0.022 0.000 0.007 0.004 0.013 0.334 0.610 
 236 M _   0.010 0.029 0.001 0.011 0.005 0.015 0.336 0.593 
 237 H _   0.011 0.040 0.001 0.018 0.007 0.017 0.338 0.568 
 238 P _   0.011 0.053 0.001 0.028 0.010 0.018 0.340 0.538 
 239 M _   0.012 0.066 0.001 0.038 0.012 0.019 0.344 0.509 
 240 R _   0.012 0.074 0.001 0.046 0.013 0.019 0.348 0.486 
 241 A _   0.012 0.078 0.001 0.051 0.013 0.019 0.355 0.472 
 242 L _   0.011 0.078 0.001 0.051 0.013 0.017 0.364 0.465 
 243 F _   0.010 0.075 0.001 0.047 0.011 0.016 0.374 0.466 
 244 L _   0.009 0.068 0.001 0.040 0.009 0.014 0.387 0.472 
 245 I _   0.008 0.056 0.001 0.031 0.007 0.011 0.402 0.483 
 246 P _   0.007 0.041 0.001 0.021 0.005 0.009 0.418 0.497 
 247 R _   0.007 0.026 0.001 0.013 0.004 0.008 0.433 0.509 
 248 N _   0.006 0.015 0.000 0.008 0.002 0.006 0.446 0.517 
 249 P _   0.005 0.008 0.000 0.005 0.002 0.005 0.455 0.521 
 250 P _   0.004 0.004 0.000 0.003 0.001 0.004 0.463 0.521 
 251 P _   0.003 0.002 0.000 0.002 0.001 0.004 0.468 0.520 
 252 R _   0.003 0.001 0.000 0.002 0.001 0.004 0.471 0.518 
 253 L _   0.003 0.001 0.000 0.002 0.001 0.004 0.473 0.515 
 254 K _   0.003 0.001 0.000 0.002 0.001 0.005 0.474 0.513 
 255 S _   0.004 0.002 0.000 0.002 0.001 0.007 0.474 0.510 
 256 K _   0.006 0.003 0.000 0.003 0.002 0.010 0.473 0.504 
 257 K _   0.009 0.005 0.000 0.004 0.003 0.014 0.470 0.495 
 258 W _   0.013 0.011 0.001 0.006 0.006 0.020 0.466 0.478 
 259 S X   0.020 0.023 0.001 0.009 0.010 0.027 0.461 0.449 
 260 K X   0.027 0.046 0.001 0.014 0.018 0.035 0.454 0.405 
 261 K X   0.034 0.079 0.002 0.021 0.027 0.042 0.446 0.348 
 262 F X   0.040 0.117 0.002 0.029 0.035 0.047 0.440 0.291 
 263 F X   0.044 0.150 0.002 0.035 0.041 0.049 0.435 0.243 
 264 S X   0.046 0.173 0.002 0.041 0.043 0.049 0.434 0.211 
 265 F X   0.048 0.187 0.002 0.045 0.044 0.048 0.434 0.192 
 266 I X   0.049 0.193 0.002 0.047 0.043 0.046 0.437 0.183 
 267 E X   0.049 0.194 0.002 0.046 0.041 0.043 0.442 0.184 
 268 G X   0.048 0.189 0.002 0.043 0.037 0.039 0.449 0.192 
 269 C X   0.047 0.177 0.002 0.038 0.033 0.036 0.459 0.208 
 270 L X   0.044 0.157 0.002 0.032 0.028 0.032 0.472 0.232 
 271 V X   0.041 0.128 0.002 0.026 0.023 0.028 0.489 0.264 
 272 K X   0.035 0.095 0.002 0.021 0.017 0.024 0.507 0.298 
 273 N X   0.030 0.065 0.001 0.015 0.012 0.021 0.526 0.330 
 274 Y X   0.024 0.042 0.001 0.011 0.008 0.017 0.543 0.353 
 275 M X   0.019 0.028 0.001 0.008 0.005 0.014 0.557 0.368 
 276 Q X   0.015 0.019 0.000 0.006 0.004 0.012 0.568 0.376 
 277 R X   0.011 0.015 0.000 0.005 0.003 0.010 0.577 0.379 
 278 P X   0.009 0.013 0.000 0.004 0.002 0.009 0.585 0.378 
 279 S X   0.007 0.012 0.000 0.005 0.002 0.008 0.591 0.374 
 280 T X   0.006 0.011 0.000 0.006 0.003 0.008 0.597 0.369 
 281 E X   0.006 0.011 0.000 0.007 0.003 0.008 0.603 0.361 
 282 Q X   0.006 0.012 0.000 0.009 0.003 0.008 0.609 0.353 
 283 L X   0.005 0.012 0.000 0.011 0.003 0.007 0.615 0.345 
 284 L X   0.005 0.012 0.000 0.012 0.004 0.007 0.622 0.338 
 285 K X   0.005 0.011 0.000 0.012 0.003 0.006 0.630 0.332 
 286 H X   0.004 0.011 0.000 0.011 0.003 0.006 0.638 0.327 
 287 P X   0.003 0.009 0.000 0.009 0.003 0.005 0.646 0.324 
 288 F X   0.003 0.008 0.000 0.007 0.002 0.004 0.654 0.322 
 289 I X   0.003 0.006 0.000 0.005 0.002 0.004 0.661 0.319 
 290 R X   0.002 0.005 0.000 0.004 0.001 0.003 0.668 0.317 
 291 D X   0.002 0.004 0.000 0.003 0.001 0.003 0.673 0.313 
 292 Q X   0.002 0.004 0.000 0.002 0.001 0.003 0.678 0.310 
 293 P X   0.002 0.004 0.000 0.002 0.001 0.003 0.682 0.305 
 294 N X   0.002 0.005 0.000 0.003 0.001 0.004 0.685 0.300 
 295 E X   0.003 0.007 0.000 0.004 0.002 0.005 0.688 0.292 
 296 R X   0.003 0.010 0.000 0.007 0.002 0.006 0.690 0.282 
 297 Q X   0.003 0.014 0.000 0.011 0.003 0.007 0.693 0.269 
 298 V X   0.004 0.019 0.000 0.015 0.004 0.008 0.695 0.255 
 299 R X   0.004 0.023 0.000 0.019 0.005 0.008 0.699 0.242 
 300 I X   0.004 0.026 0.001 0.023 0.005 0.008 0.703 0.231 
 301 Q X   0.004 0.027 0.001 0.024 0.005 0.008 0.709 0.222 
 302 L X   0.004 0.027 0.001 0.024 0.005 0.008 0.717 0.214 
 303 K X   0.003 0.026 0.001 0.022 0.005 0.008 0.727 0.209 
 304 D X   0.003 0.024 0.000 0.019 0.004 0.007 0.738 0.204 
 305 H X   0.003 0.020 0.000 0.016 0.004 0.006 0.751 0.200 
 306 I X   0.003 0.016 0.000 0.012 0.003 0.005 0.765 0.195 
 307 D X   0.003 0.012 0.000 0.009 0.002 0.004 0.779 0.190 
 308 R X   0.003 0.009 0.000 0.006 0.002 0.004 0.791 0.185 
 309 T X   0.002 0.006 0.000 0.005 0.001 0.003 0.802 0.181 
 310 R X   0.002 0.004 0.000 0.003 0.001 0.003 0.811 0.176 
 311 K X   0.002 0.003 0.000 0.003 0.001 0.002 0.818 0.172 
 312 K X   0.002 0.002 0.000 0.002 0.001 0.002 0.824 0.168 
 313 R X   0.001 0.002 0.000 0.002 0.001 0.002 0.828 0.164 
 314 G X   0.001 0.001 0.000 0.002 0.001 0.002 0.832 0.161 
 315 E X   0.001 0.001 0.000 0.002 0.001 0.002 0.834 0.159 
 316 K X   0.001 0.001 0.000 0.002 0.001 0.002 0.836 0.157 
 317 D X   0.001 0.001 0.000 0.002 0.001 0.002 0.838 0.155 
 318 E X   0.001 0.001 0.000 0.002 0.001 0.002 0.839 0.154 
 319 T X   0.001 0.001 0.000 0.003 0.001 0.002 0.839 0.153 
 320 E X   0.001 0.001 0.000 0.003 0.001 0.002 0.839 0.153 
 321 Y X   0.001 0.001 0.000 0.003 0.001 0.002 0.839 0.154 
 322 E X   0.001 0.001 0.000 0.003 0.001 0.002 0.838 0.155 
 323 Y X   0.001 0.002 0.000 0.003 0.001 0.002 0.836 0.156 
 324 S X   0.001 0.002 0.000 0.003 0.001 0.002 0.834 0.158 
 325 G X   0.001 0.002 0.000 0.003 0.001 0.002 0.831 0.161 
 326 S X   0.001 0.002 0.000 0.003 0.001 0.002 0.828 0.164 
 327 E X   0.001 0.003 0.000 0.003 0.001 0.002 0.823 0.167 
 328 E X   0.001 0.004 0.000 0.003 0.001 0.002 0.818 0.171 
 329 E X   0.001 0.005 0.000 0.004 0.001 0.002 0.812 0.175 
 330 E X   0.001 0.006 0.000 0.005 0.001 0.003 0.804 0.180 
 331 E X   0.001 0.008 0.000 0.005 0.001 0.003 0.796 0.185 
 332 E X   0.001 0.011 0.000 0.006 0.001 0.003 0.787 0.190 
 333 V X   0.001 0.014 0.000 0.007 0.001 0.003 0.777 0.196 
 334 P X   0.001 0.017 0.000 0.007 0.002 0.004 0.768 0.201 
 335 E X   0.001 0.020 0.000 0.008 0.002 0.004 0.758 0.207 
 336 Q X   0.001 0.024 0.000 0.008 0.002 0.004 0.748 0.213 
 337 E X   0.002 0.029 0.000 0.008 0.002 0.004 0.738 0.218 
 338 G X   0.002 0.033 0.000 0.008 0.002 0.005 0.728 0.222 
 339 E X   0.002 0.039 0.000 0.008 0.002 0.005 0.718 0.225 
 340 P X   0.002 0.045 0.000 0.009 0.002 0.006 0.709 0.227 
 341 S X   0.002 0.053 0.000 0.010 0.003 0.006 0.699 0.227 
 342 S X   0.002 0.063 0.000 0.011 0.003 0.007 0.689 0.225 
 343 I X   0.003 0.074 0.000 0.012 0.004 0.008 0.679 0.220 
 344 V X   0.003 0.086 0.001 0.014 0.004 0.008 0.669 0.215 
 345 N X   0.003 0.098 0.001 0.015 0.005 0.009 0.661 0.209 
 346 V X   0.003 0.110 0.001 0.017 0.005 0.009 0.653 0.203 
 347 P X   0.003 0.119 0.001 0.018 0.005 0.009 0.646 0.199 
 348 G X   0.003 0.127 0.001 0.019 0.005 0.009 0.641 0.195 
 349 E X   0.003 0.132 0.001 0.019 0.006 0.010 0.637 0.192 
 350 S X   0.003 0.136 0.001 0.020 0.006 0.010 0.634 0.191 
 351 T X   0.003 0.138 0.001 0.021 0.006 0.009 0.632 0.191 
 352 L X   0.003 0.138 0.001 0.021 0.006 0.009 0.631 0.191 
 353 R X   0.004 0.137 0.001 0.021 0.006 0.009 0.631 0.192 
 354 R X   0.004 0.135 0.001 0.021 0.005 0.009 0.632 0.194 
 355 D X   0.004 0.130 0.001 0.021 0.005 0.008 0.635 0.197 
 356 F X   0.004 0.122 0.001 0.020 0.005 0.008 0.638 0.202 
 357 L X   0.004 0.111 0.001 0.018 0.005 0.007 0.644 0.211 
 358 R X   0.004 0.095 0.001 0.016 0.004 0.006 0.651 0.223 
 359 L X   0.004 0.076 0.001 0.013 0.004 0.006 0.659 0.238 
 360 Q X   0.004 0.056 0.000 0.010 0.003 0.005 0.668 0.254 
 361 Q X   0.004 0.039 0.000 0.007 0.002 0.005 0.676 0.268 
 362 E X   0.003 0.026 0.000 0.005 0.002 0.004 0.682 0.278 
 363 N X   0.003 0.018 0.000 0.003 0.001 0.003 0.687 0.284 
 364 K X   0.002 0.014 0.000 0.002 0.001 0.003 0.690 0.287 
 365 E X   0.002 0.012 0.000 0.002 0.001 0.003 0.692 0.287 
 366 R X   0.002 0.012 0.000 0.002 0.001 0.003 0.694 0.286 
 367 S X   0.002 0.012 0.000 0.003 0.001 0.004 0.694 0.284 
 368 E X   0.002 0.012 0.000 0.004 0.001 0.004 0.695 0.281 
 369 A X   0.003 0.013 0.000 0.006 0.002 0.004 0.695 0.277 
 370 L X   0.003 0.014 0.000 0.008 0.002 0.005 0.695 0.274 
 371 R X   0.003 0.015 0.000 0.009 0.002 0.005 0.695 0.271 
 372 R X   0.003 0.016 0.000 0.010 0.002 0.005 0.695 0.268 
 373 Q X   0.003 0.016 0.000 0.011 0.002 0.005 0.696 0.267 
 374 Q X   0.002 0.015 0.000 0.010 0.002 0.005 0.698 0.266 
 375 L X   0.002 0.015 0.000 0.009 0.002 0.005 0.701 0.266 
 376 L X   0.002 0.013 0.000 0.008 0.002 0.004 0.703 0.266 
 377 Q X   0.002 0.012 0.000 0.007 0.002 0.004 0.706 0.267 
 378 E X   0.002 0.011 0.000 0.006 0.002 0.004 0.709 0.267 
 379 Q X   0.002 0.009 0.000 0.005 0.001 0.003 0.713 0.266 
 380 Q X   0.002 0.008 0.000 0.004 0.001 0.003 0.716 0.266 
 381 L X   0.002 0.007 0.000 0.004 0.001 0.003 0.718 0.265 
 382 R X   0.002 0.007 0.000 0.003 0.001 0.003 0.720 0.264 
 383 E X   0.002 0.006 0.000 0.003 0.001 0.003 0.722 0.262 
 384 Q X   0.002 0.006 0.000 0.003 0.001 0.003 0.724 0.261 
 385 E X   0.002 0.006 0.000 0.004 0.001 0.003 0.725 0.259 
 386 E X   0.002 0.007 0.000 0.004 0.001 0.003 0.727 0.256 
 387 Y X   0.002 0.007 0.000 0.005 0.001 0.003 0.728 0.254 
 388 K X   0.002 0.008 0.000 0.005 0.002 0.004 0.729 0.250 
 389 R X   0.002 0.008 0.000 0.006 0.002 0.004 0.731 0.247 
 390 Q X   0.002 0.009 0.000 0.007 0.002 0.004 0.732 0.243 
 391 L X   0.002 0.009 0.000 0.008 0.002 0.004 0.734 0.240 
 392 L X   0.002 0.009 0.000 0.009 0.002 0.004 0.737 0.236 
 393 A X   0.002 0.009 0.000 0.009 0.002 0.004 0.741 0.233 
 394 E X   0.002 0.009 0.000 0.008 0.002 0.004 0.744 0.230 
 395 R X   0.002 0.008 0.000 0.007 0.002 0.004 0.749 0.227 
 396 Q X   0.002 0.007 0.000 0.007 0.002 0.004 0.754 0.224 
 397 K X   0.002 0.006 0.000 0.006 0.002 0.003 0.760 0.221 
 398 R X   0.002 0.005 0.000 0.005 0.001 0.003 0.765 0.218 
 399 I X   0.002 0.004 0.000 0.004 0.001 0.003 0.771 0.214 
 400 E X   0.002 0.004 0.000 0.004 0.001 0.003 0.776 0.211 
 401 Q X   0.002 0.003 0.000 0.003 0.001 0.003 0.781 0.207 
 402 Q X   0.002 0.002 0.000 0.003 0.001 0.002 0.786 0.204 
 403 K X   0.002 0.002 0.000 0.003 0.001 0.002 0.790 0.200 
 404 E X   0.002 0.002 0.000 0.003 0.001 0.002 0.794 0.197 
 405 Q X   0.002 0.002 0.000 0.003 0.001 0.002 0.797 0.194 
 406 R X   0.002 0.001 0.000 0.003 0.001 0.002 0.800 0.191 
 407 R X   0.002 0.001 0.000 0.003 0.001 0.002 0.803 0.189 
 408 R X   0.002 0.001 0.000 0.003 0.001 0.002 0.805 0.186 
 409 L X   0.001 0.001 0.000 0.003 0.001 0.002 0.808 0.184 
 410 E X   0.001 0.001 0.000 0.003 0.001 0.002 0.810 0.182 
 411 E X   0.001 0.001 0.000 0.003 0.001 0.002 0.811 0.180 
 412 Q X   0.001 0.001 0.000 0.003 0.001 0.002 0.813 0.179 
 413 Q X   0.001 0.001 0.000 0.003 0.001 0.002 0.815 0.177 
 414 R X   0.001 0.001 0.000 0.003 0.001 0.002 0.816 0.176 
 415 R X   0.001 0.001 0.000 0.003 0.001 0.002 0.817 0.175 
 416 E X   0.001 0.001 0.000 0.003 0.001 0.002 0.818 0.173 
 417 R X   0.001 0.001 0.000 0.003 0.001 0.002 0.820 0.172 
 418 E X   0.001 0.001 0.000 0.003 0.001 0.002 0.821 0.170 
 419 A X   0.001 0.001 0.000 0.003 0.001 0.002 0.822 0.169 
 420 R X   0.001 0.001 0.000 0.003 0.001 0.002 0.823 0.167 
 421 R X   0.001 0.001 0.000 0.003 0.001 0.002 0.824 0.166 
 422 Q X   0.001 0.001 0.000 0.003 0.001 0.002 0.826 0.166 
 423 Q X   0.001 0.001 0.000 0.003 0.001 0.002 0.827 0.165 
 424 E X   0.001 0.001 0.000 0.003 0.001 0.002 0.828 0.164 
 425 R X   0.001 0.001 0.000 0.003 0.001 0.002 0.829 0.163 
 426 E X   0.001 0.001 0.000 0.002 0.001 0.002 0.830 0.163 
 427 Q X   0.001 0.001 0.000 0.002 0.001 0.002 0.831 0.163 
 428 R X   0.001 0.001 0.000 0.002 0.001 0.002 0.831 0.163 
 429 R X   0.001 0.001 0.000 0.002 0.001 0.002 0.831 0.163 
 430 R X   0.001 0.001 0.000 0.002 0.001 0.002 0.831 0.163 
 431 E X   0.001 0.001 0.000 0.002 0.001 0.002 0.830 0.164 
 432 Q X   0.001 0.001 0.000 0.002 0.001 0.002 0.829 0.164 
 433 E X   0.001 0.001 0.000 0.002 0.001 0.002 0.828 0.165 
 434 E X   0.001 0.001 0.000 0.003 0.001 0.002 0.827 0.166 
 435 K X   0.001 0.001 0.000 0.003 0.001 0.002 0.825 0.167 
 436 R X   0.001 0.001 0.000 0.003 0.001 0.002 0.824 0.167 
 437 R X   0.001 0.002 0.000 0.004 0.001 0.002 0.822 0.168 
 438 L X   0.001 0.002 0.000 0.004 0.001 0.002 0.820 0.169 
 439 E X   0.001 0.002 0.000 0.005 0.001 0.002 0.819 0.170 
 440 E X   0.001 0.002 0.000 0.005 0.001 0.002 0.817 0.171 
 441 L X   0.001 0.002 0.000 0.004 0.001 0.002 0.816 0.173 
 442 E X   0.001 0.002 0.000 0.004 0.001 0.002 0.815 0.175 
 443 R X   0.001 0.002 0.000 0.003 0.001 0.002 0.814 0.177 
 444 R X   0.001 0.001 0.000 0.003 0.001 0.002 0.813 0.179 
 445 R X   0.001 0.001 0.000 0.003 0.001 0.002 0.811 0.181 
 446 K X   0.001 0.001 0.000 0.002 0.001 0.002 0.809 0.183 
 447 E X   0.001 0.001 0.000 0.002 0.001 0.002 0.807 0.186 
 448 E X   0.001 0.001 0.000 0.002 0.001 0.002 0.805 0.188 
 449 E X   0.001 0.001 0.000 0.002 0.001 0.002 0.801 0.191 
 450 E X   0.001 0.001 0.000 0.002 0.001 0.002 0.797 0.195 
 451 R X   0.001 0.001 0.000 0.003 0.001 0.002 0.793 0.199 
 452 R X   0.001 0.002 0.000 0.003 0.001 0.002 0.788 0.203 
 453 R X   0.001 0.002 0.000 0.003 0.001 0.002 0.782 0.209 
 454 A X   0.001 0.002 0.000 0.004 0.001 0.002 0.775 0.214 
 455 E X   0.001 0.003 0.000 0.004 0.001 0.003 0.768 0.221 
 456 E X   0.001 0.003 0.000 0.004 0.001 0.003 0.760 0.228 
 457 E X   0.002 0.004 0.000 0.004 0.001 0.003 0.751 0.235 
 458 K X   0.002 0.005 0.000 0.004 0.001 0.003 0.742 0.242 
 459 R X   0.002 0.006 0.000 0.005 0.001 0.004 0.733 0.249 
 460 R X   0.002 0.007 0.000 0.005 0.002 0.004 0.724 0.256 
 461 V X   0.002 0.009 0.000 0.006 0.002 0.004 0.714 0.263 
 462 E X   0.002 0.011 0.000 0.007 0.002 0.005 0.704 0.268 
 463 R X   0.002 0.014 0.000 0.008 0.002 0.005 0.694 0.274 
 464 E X   0.002 0.017 0.000 0.009 0.003 0.006 0.685 0.278 
 465 Q X   0.003 0.019 0.000 0.011 0.003 0.006 0.676 0.282 
 466 E X   0.003 0.022 0.000 0.012 0.003 0.006 0.668 0.286 
 467 Y X   0.003 0.024 0.000 0.012 0.003 0.007 0.661 0.290 
 468 I X   0.003 0.025 0.000 0.012 0.003 0.007 0.655 0.295 
 469 R X   0.003 0.026 0.000 0.011 0.003 0.006 0.649 0.300 
 470 R X   0.003 0.026 0.000 0.010 0.003 0.006 0.645 0.306 
 471 Q X   0.003 0.026 0.000 0.009 0.003 0.006 0.640 0.313 
 472 L X   0.003 0.026 0.000 0.007 0.002 0.006 0.637 0.319 
 473 E X   0.003 0.025 0.000 0.006 0.002 0.006 0.633 0.324 
 474 E X   0.003 0.025 0.000 0.005 0.002 0.006 0.630 0.329 
 475 E X   0.003 0.025 0.000 0.005 0.002 0.006 0.626 0.332 
 476 Q X   0.004 0.026 0.000 0.005 0.002 0.007 0.623 0.333 
 477 R X   0.004 0.028 0.000 0.006 0.003 0.007 0.620 0.333 
 478 H X   0.005 0.030 0.000 0.007 0.003 0.008 0.617 0.331 
 479 L X   0.005 0.032 0.000 0.008 0.004 0.008 0.613 0.329 
 480 E X   0.005 0.035 0.000 0.009 0.004 0.009 0.610 0.327 
 481 V X   0.006 0.038 0.000 0.010 0.004 0.009 0.608 0.325 
 482 L X   0.006 0.040 0.000 0.010 0.005 0.009 0.606 0.324 
 483 Q X   0.006 0.041 0.000 0.010 0.005 0.010 0.604 0.325 
 484 Q X   0.006 0.041 0.000 0.010 0.004 0.010 0.603 0.326 
 485 Q X   0.006 0.042 0.000 0.009 0.004 0.010 0.602 0.327 
 486 L X   0.006 0.042 0.000 0.008 0.004 0.010 0.601 0.328 
 487 L X   0.006 0.042 0.000 0.008 0.004 0.010 0.601 0.329 
 488 Q X   0.006 0.042 0.000 0.008 0.004 0.010 0.601 0.328 
 489 E X   0.007 0.043 0.000 0.008 0.005 0.010 0.601 0.325 
 490 Q X   0.007 0.045 0.000 0.009 0.005 0.011 0.601 0.322 
 491 A X   0.007 0.046 0.001 0.011 0.005 0.011 0.602 0.318 
 492 M X   0.008 0.047 0.001 0.012 0.006 0.011 0.603 0.313 
 493 L X   0.008 0.048 0.001 0.013 0.006 0.011 0.605 0.310 
 494 L X   0.008 0.048 0.001 0.014 0.006 0.010 0.607 0.307 
 495 E X   0.007 0.047 0.001 0.014 0.006 0.010 0.610 0.305 
 496 C X   0.007 0.046 0.001 0.014 0.005 0.009 0.614 0.304 
 497 R X   0.007 0.043 0.001 0.013 0.005 0.009 0.619 0.304 
 498 W X   0.006 0.040 0.000 0.011 0.004 0.008 0.625 0.305 
 499 R X   0.006 0.036 0.000 0.010 0.004 0.007 0.631 0.306 
 500 E X   0.006 0.032 0.000 0.008 0.003 0.006 0.637 0.307 
 501 M X   0.005 0.029 0.000 0.007 0.003 0.006 0.643 0.307 
 502 E X   0.005 0.025 0.000 0.006 0.002 0.005 0.650 0.306 
 503 E X   0.004 0.023 0.000 0.005 0.002 0.005 0.656 0.304 
 504 H X   0.004 0.021 0.000 0.005 0.002 0.005 0.662 0.302 
 505 R X   0.004 0.020 0.000 0.004 0.002 0.004 0.667 0.298 
 506 Q X   0.004 0.020 0.000 0.004 0.002 0.004 0.672 0.294 
 507 A X   0.003 0.020 0.000 0.004 0.002 0.004 0.677 0.290 
 508 E X   0.003 0.020 0.000 0.004 0.002 0.004 0.681 0.285 
 509 R X   0.003 0.020 0.000 0.004 0.002 0.004 0.686 0.281 
 510 L X   0.003 0.021 0.000 0.004 0.002 0.004 0.689 0.277 
 511 Q X   0.003 0.022 0.000 0.004 0.002 0.005 0.693 0.272 
 512 R X   0.003 0.023 0.000 0.005 0.002 0.005 0.696 0.266 
 513 Q X   0.003 0.026 0.000 0.006 0.002 0.006 0.698 0.260 
 514 L X   0.003 0.028 0.000 0.007 0.002 0.006 0.701 0.251 
 515 Q X   0.003 0.032 0.000 0.009 0.003 0.007 0.704 0.241 
 516 Q X   0.004 0.037 0.000 0.012 0.004 0.008 0.707 0.228 
 517 E X   0.004 0.042 0.000 0.016 0.005 0.009 0.711 0.213 
 518 Q X   0.004 0.046 0.001 0.020 0.006 0.009 0.716 0.198 
 519 A X   0.004 0.049 0.001 0.024 0.006 0.010 0.722 0.185 
 520 Y X   0.004 0.051 0.001 0.026 0.006 0.010 0.730 0.172 
 521 L X   0.004 0.051 0.001 0.027 0.006 0.009 0.739 0.162 
 522 L X   0.004 0.049 0.001 0.026 0.006 0.009 0.752 0.154 
 523 S X   0.004 0.045 0.001 0.024 0.006 0.008 0.766 0.147 
 524 L X   0.004 0.039 0.001 0.020 0.005 0.007 0.784 0.140 
 525 Q X   0.004 0.032 0.001 0.016 0.004 0.006 0.803 0.134 
 526 H X   0.004 0.024 0.000 0.012 0.003 0.005 0.824 0.127 
 527 D X   0.003 0.016 0.000 0.009 0.003 0.005 0.845 0.120 
 528 H X   0.003 0.010 0.000 0.006 0.002 0.004 0.865 0.111 
 529 R X   0.003 0.006 0.000 0.004 0.001 0.003 0.881 0.102 
 530 R X   0.002 0.003 0.000 0.003 0.001 0.002 0.894 0.094 
 531 P X   0.002 0.002 0.000 0.002 0.001 0.002 0.905 0.087 
 532 H X   0.001 0.001 0.000 0.002 0.001 0.001 0.913 0.081 
 533 P X   0.001 0.001 0.000 0.001 0.000 0.001 0.919 0.076 
 534 Q X   0.001 0.000 0.000 0.001 0.000 0.001 0.924 0.072 
 535 H X   0.001 0.000 0.000 0.001 0.000 0.001 0.928 0.069 
 536 S X   0.001 0.000 0.000 0.001 0.000 0.001 0.930 0.067 
 537 Q X   0.001 0.000 0.000 0.001 0.000 0.001 0.932 0.065 
 538 Q X   0.001 0.000 0.000 0.001 0.000 0.001 0.933 0.064 
 539 P X   0.001 0.000 0.000 0.001 0.000 0.001 0.934 0.064 
 540 P X   0.001 0.000 0.000 0.001 0.000 0.001 0.934 0.064 
 541 P X   0.001 0.000 0.000 0.001 0.000 0.001 0.934 0.064 
 542 P X   0.001 0.000 0.000 0.001 0.000 0.001 0.933 0.064 
 543 Q X   0.001 0.000 0.000 0.001 0.000 0.001 0.932 0.065 
 544 Q X   0.001 0.000 0.000 0.001 0.000 0.001 0.930 0.066 
 545 E X   0.001 0.000 0.000 0.002 0.000 0.001 0.929 0.067 
 546 R X   0.001 0.000 0.000 0.002 0.000 0.001 0.927 0.069 
 547 S X   0.001 0.000 0.000 0.002 0.000 0.001 0.924 0.071 
 548 K X   0.001 0.001 0.000 0.002 0.000 0.001 0.922 0.073 
 549 P X   0.001 0.001 0.000 0.002 0.000 0.001 0.919 0.076 
 550 S X   0.001 0.001 0.000 0.002 0.000 0.001 0.916 0.079 
 551 F X   0.001 0.001 0.000 0.002 0.001 0.001 0.912 0.082 
 552 H X   0.001 0.001 0.000 0.002 0.001 0.001 0.909 0.085 
 553 A X   0.001 0.001 0.000 0.002 0.001 0.002 0.904 0.089 
 554 P X   0.001 0.001 0.000 0.002 0.001 0.002 0.899 0.094 
 555 E X   0.001 0.002 0.000 0.003 0.001 0.002 0.894 0.099 
 556 P X   0.001 0.002 0.000 0.003 0.001 0.002 0.888 0.104 
 557 K X   0.001 0.003 0.000 0.003 0.001 0.002 0.881 0.110 
 558 A X   0.001 0.003 0.000 0.003 0.001 0.002 0.873 0.117 
 559 H X   0.001 0.004 0.000 0.004 0.001 0.002 0.864 0.124 
 560 Y X   0.001 0.006 0.000 0.004 0.001 0.003 0.854 0.131 
 561 E X   0.001 0.008 0.000 0.005 0.001 0.003 0.843 0.138 
 562 P X   0.001 0.011 0.000 0.007 0.002 0.004 0.830 0.145 
 563 A X   0.001 0.016 0.000 0.009 0.002 0.005 0.816 0.151 
 564 D X   0.002 0.022 0.000 0.011 0.003 0.005 0.801 0.156 
 565 R X   0.002 0.029 0.000 0.015 0.003 0.006 0.786 0.159 
 566 A X   0.002 0.035 0.000 0.018 0.004 0.007 0.772 0.162 
 567 R X   0.002 0.041 0.000 0.021 0.004 0.007 0.760 0.165 
 568 E X   0.002 0.045 0.000 0.024 0.004 0.007 0.750 0.168 
 569 V X   0.002 0.047 0.000 0.025 0.004 0.007 0.742 0.171 
 570 E X   0.002 0.048 0.000 0.025 0.004 0.007 0.737 0.176 
 571 D X   0.002 0.048 0.000 0.024 0.004 0.007 0.733 0.182 
 572 R X   0.002 0.046 0.000 0.021 0.004 0.006 0.730 0.189 
 573 F X   0.003 0.043 0.000 0.018 0.003 0.006 0.729 0.198 
 574 R X   0.003 0.038 0.000 0.014 0.003 0.005 0.729 0.207 
 575 K X   0.003 0.032 0.000 0.011 0.002 0.004 0.730 0.218 
 576 T X   0.002 0.026 0.000 0.008 0.002 0.004 0.730 0.227 
 577 N X   0.002 0.020 0.000 0.006 0.001 0.003 0.731 0.236 
 578 H X   0.002 0.016 0.000 0.004 0.001 0.003 0.730 0.243 
 579 S X   0.002 0.013 0.000 0.003 0.001 0.003 0.729 0.249 
 580 S X   0.002 0.011 0.000 0.003 0.001 0.003 0.727 0.254 
 581 P X   0.002 0.010 0.000 0.002 0.001 0.003 0.725 0.258 
 582 E X   0.002 0.010 0.000 0.003 0.001 0.003 0.721 0.261 
 583 A X   0.002 0.010 0.000 0.003 0.001 0.003 0.717 0.264 
 584 Q X   0.002 0.011 0.000 0.004 0.001 0.004 0.712 0.266 
 585 S X   0.002 0.012 0.000 0.006 0.002 0.004 0.706 0.268 
 586 K X   0.002 0.014 0.000 0.008 0.002 0.005 0.700 0.269 
 587 Q X   0.002 0.016 0.000 0.010 0.003 0.005 0.694 0.269 
 588 T X   0.003 0.017 0.000 0.013 0.003 0.006 0.688 0.270 
 589 G X   0.003 0.019 0.000 0.014 0.003 0.006 0.684 0.272 
 590 R X   0.003 0.019 0.000 0.014 0.003 0.006 0.680 0.275 
 591 V X   0.003 0.019 0.000 0.014 0.003 0.005 0.677 0.278 
 592 L X   0.003 0.019 0.000 0.013 0.003 0.005 0.675 0.283 
 593 E X   0.003 0.018 0.000 0.011 0.002 0.005 0.673 0.288 
 594 P X   0.002 0.016 0.000 0.010 0.002 0.004 0.672 0.293 
 595 P X   0.002 0.015 0.000 0.008 0.002 0.004 0.671 0.299 
 596 V X   0.002 0.013 0.000 0.007 0.002 0.004 0.669 0.303 
 597 P X   0.002 0.012 0.000 0.005 0.001 0.003 0.668 0.308 
 598 S X   0.002 0.011 0.000 0.005 0.001 0.003 0.666 0.312 
 599 R X   0.002 0.010 0.000 0.004 0.001 0.003 0.664 0.315 
 600 S X   0.002 0.009 0.000 0.004 0.001 0.003 0.661 0.319 
 601 E X   0.002 0.009 0.000 0.004 0.001 0.003 0.657 0.323 
 602 S X   0.002 0.009 0.000 0.004 0.001 0.003 0.653 0.327 
 603 F X   0.002 0.010 0.000 0.004 0.001 0.003 0.649 0.331 
 604 S X   0.002 0.010 0.000 0.004 0.001 0.003 0.643 0.336 
 605 N X   0.002 0.011 0.000 0.005 0.001 0.003 0.637 0.340 
 606 G X   0.002 0.013 0.000 0.006 0.001 0.004 0.630 0.344 
 607 N X   0.002 0.015 0.000 0.006 0.002 0.004 0.623 0.347 
 608 S X   0.002 0.018 0.000 0.007 0.002 0.005 0.616 0.350 
 609 E X   0.002 0.021 0.000 0.008 0.002 0.005 0.608 0.352 
 610 S X   0.002 0.025 0.000 0.009 0.002 0.005 0.600 0.355 
 611 V X   0.002 0.029 0.000 0.010 0.003 0.006 0.593 0.356 
 612 H X   0.003 0.034 0.000 0.011 0.003 0.006 0.585 0.358 
 613 P X   0.003 0.038 0.000 0.012 0.003 0.006 0.578 0.360 
 614 A X   0.003 0.042 0.000 0.012 0.003 0.007 0.572 0.361 
 615 L X   0.003 0.046 0.000 0.012 0.003 0.007 0.566 0.363 
 616 Q X   0.003 0.049 0.000 0.012 0.003 0.007 0.560 0.365 
 617 R X   0.003 0.053 0.000 0.012 0.003 0.007 0.555 0.366 
 618 P X   0.003 0.056 0.000 0.012 0.003 0.007 0.551 0.368 
 619 A X   0.003 0.059 0.000 0.012 0.004 0.008 0.547 0.368 
 620 E X   0.003 0.062 0.000 0.013 0.004 0.008 0.543 0.367 
 621 P X   0.004 0.065 0.000 0.013 0.004 0.008 0.540 0.366 
 622 Q X   0.004 0.067 0.000 0.014 0.004 0.009 0.537 0.364 
 623 V X   0.004 0.070 0.000 0.015 0.004 0.009 0.535 0.363 
 624 P X   0.004 0.071 0.000 0.016 0.005 0.009 0.533 0.361 
 625 V X   0.005 0.072 0.000 0.016 0.005 0.009 0.532 0.360 
 626 R X   0.005 0.072 0.001 0.017 0.005 0.009 0.532 0.360 
 627 T X   0.005 0.071 0.001 0.017 0.005 0.009 0.533 0.361 
 628 T X   0.005 0.069 0.001 0.016 0.005 0.008 0.534 0.363 
 629 S X   0.004 0.066 0.001 0.016 0.005 0.008 0.536 0.365 
 630 R X   0.004 0.062 0.000 0.015 0.004 0.008 0.538 0.368 
 631 S X   0.004 0.057 0.000 0.013 0.004 0.007 0.542 0.372 
 632 P X   0.004 0.052 0.000 0.012 0.003 0.007 0.545 0.376 
 633 V X   0.004 0.047 0.000 0.011 0.003 0.006 0.549 0.380 
 634 L X   0.004 0.042 0.000 0.010 0.003 0.006 0.552 0.383 
 635 S X   0.004 0.037 0.000 0.009 0.002 0.006 0.556 0.386 
 636 R X   0.004 0.032 0.000 0.008 0.002 0.005 0.560 0.389 
 637 R X   0.004 0.028 0.000 0.007 0.002 0.005 0.563 0.391 
 638 D X   0.003 0.024 0.000 0.006 0.002 0.005 0.566 0.393 
 639 S X   0.003 0.022 0.000 0.006 0.002 0.004 0.569 0.394 
 640 P X   0.003 0.019 0.000 0.005 0.002 0.004 0.571 0.394 
 641 L X   0.003 0.018 0.000 0.005 0.001 0.004 0.573 0.395 
 642 Q X   0.003 0.017 0.000 0.005 0.001 0.004 0.575 0.395 
 643 G X   0.003 0.016 0.000 0.005 0.001 0.004 0.576 0.395 
 644 S X   0.003 0.015 0.000 0.005 0.001 0.004 0.576 0.395 
 645 G X   0.003 0.015 0.000 0.005 0.001 0.004 0.576 0.395 
 646 Q X   0.003 0.015 0.000 0.006 0.001 0.004 0.576 0.396 
 647 Q X   0.002 0.014 0.000 0.006 0.001 0.004 0.576 0.396 
 648 N X   0.002 0.015 0.000 0.006 0.001 0.004 0.575 0.397 
 649 S X   0.002 0.015 0.000 0.005 0.001 0.004 0.575 0.398 
 650 Q X   0.002 0.015 0.000 0.005 0.001 0.004 0.573 0.399 
 651 A X   0.002 0.016 0.000 0.005 0.001 0.004 0.572 0.400 
 652 G X   0.002 0.017 0.000 0.005 0.001 0.004 0.570 0.401 
 653 Q X   0.002 0.018 0.000 0.005 0.001 0.005 0.567 0.401 
 654 R X   0.003 0.021 0.000 0.005 0.002 0.006 0.564 0.400 
 655 N X   0.003 0.024 0.000 0.006 0.002 0.007 0.560 0.398 
 656 S X   0.003 0.030 0.000 0.007 0.003 0.008 0.555 0.393 
 657 T X   0.004 0.040 0.000 0.009 0.004 0.010 0.550 0.383 
 658 S X   0.005 0.055 0.001 0.012 0.005 0.012 0.543 0.367 
 659 I X   0.006 0.077 0.001 0.016 0.007 0.014 0.536 0.344 
 660 E X   0.007 0.103 0.001 0.021 0.009 0.015 0.528 0.316 
 661 P X   0.007 0.131 0.001 0.026 0.011 0.016 0.521 0.287 
 662 R X   0.007 0.157 0.001 0.031 0.012 0.017 0.515 0.261 
 663 L X   0.007 0.176 0.001 0.036 0.012 0.017 0.511 0.241 
