#TopoPred_TM8: 8-state transmembrane topology prediction results by no_profile mode 
#probabilities are in the order of H E C I L F X _, the 8 transmembrane topology types used in PDBTM 
   1 M X   0.005 0.000 0.001 0.032 0.006 0.005 0.900 0.049 
   2 R X   0.002 0.000 0.000 0.016 0.001 0.002 0.926 0.053 
   3 S X   0.000 0.000 0.000 0.008 0.000 0.001 0.934 0.056 
   4 G X   0.000 0.000 0.000 0.006 0.000 0.001 0.935 0.057 
   5 A X   0.000 0.000 0.000 0.005 0.000 0.002 0.934 0.058 
   6 E X   0.001 0.000 0.000 0.005 0.000 0.002 0.932 0.060 
   7 R X   0.001 0.001 0.000 0.006 0.001 0.002 0.929 0.061 
   8 R X   0.001 0.001 0.000 0.006 0.001 0.003 0.926 0.062 
   9 G X   0.001 0.001 0.000 0.007 0.001 0.003 0.923 0.064 
  10 S X   0.001 0.002 0.000 0.008 0.001 0.003 0.919 0.066 
  11 S X   0.001 0.002 0.000 0.008 0.001 0.003 0.917 0.068 
  12 A X   0.001 0.002 0.000 0.008 0.001 0.003 0.914 0.071 
  13 A X   0.001 0.002 0.000 0.006 0.001 0.002 0.913 0.074 
  14 A X   0.001 0.002 0.000 0.005 0.001 0.002 0.912 0.078 
  15 S X   0.001 0.001 0.000 0.004 0.001 0.002 0.910 0.081 
  16 P X   0.001 0.001 0.000 0.003 0.001 0.001 0.909 0.084 
  17 G X   0.001 0.001 0.000 0.002 0.000 0.001 0.907 0.087 
  18 S X   0.001 0.001 0.000 0.001 0.000 0.001 0.905 0.090 
  19 P X   0.001 0.001 0.000 0.001 0.000 0.001 0.902 0.093 
  20 P X   0.001 0.001 0.000 0.001 0.000 0.001 0.899 0.097 
  21 P X   0.001 0.001 0.000 0.002 0.000 0.001 0.894 0.101 
  22 G X   0.001 0.001 0.000 0.002 0.001 0.002 0.889 0.105 
  23 R X   0.001 0.001 0.000 0.003 0.001 0.002 0.883 0.109 
  24 A X   0.001 0.001 0.000 0.004 0.001 0.002 0.875 0.115 
  25 R X   0.001 0.002 0.000 0.005 0.001 0.003 0.867 0.121 
  26 P X   0.001 0.002 0.000 0.006 0.001 0.003 0.859 0.128 
  27 A X   0.001 0.003 0.000 0.006 0.001 0.003 0.850 0.136 
  28 G X   0.001 0.003 0.000 0.006 0.001 0.003 0.841 0.144 
  29 S X   0.001 0.003 0.000 0.006 0.001 0.003 0.832 0.153 
  30 D X   0.001 0.003 0.000 0.006 0.001 0.003 0.822 0.163 
  31 A X   0.001 0.004 0.000 0.005 0.001 0.003 0.813 0.173 
  32 P X   0.001 0.004 0.000 0.005 0.001 0.003 0.802 0.183 
  33 S X   0.001 0.004 0.000 0.005 0.001 0.003 0.791 0.194 
  34 A X   0.002 0.005 0.000 0.005 0.001 0.003 0.778 0.205 
  35 L X   0.002 0.006 0.000 0.006 0.001 0.004 0.765 0.217 
  36 P X   0.002 0.007 0.000 0.007 0.002 0.004 0.749 0.229 
  37 P X   0.002 0.009 0.000 0.008 0.002 0.005 0.733 0.241 
  38 P X   0.002 0.012 0.000 0.010 0.002 0.005 0.715 0.253 
  39 A X   0.002 0.015 0.000 0.012 0.003 0.006 0.696 0.265 
  40 A X   0.002 0.018 0.000 0.014 0.003 0.007 0.677 0.278 
  41 G X   0.003 0.021 0.000 0.016 0.003 0.007 0.660 0.290 
  42 Q X   0.003 0.024 0.000 0.016 0.003 0.007 0.643 0.303 
  43 P X   0.003 0.026 0.000 0.016 0.003 0.007 0.628 0.316 
  44 R X   0.003 0.027 0.000 0.015 0.003 0.007 0.615 0.330 
  45 A X   0.003 0.028 0.000 0.013 0.003 0.007 0.602 0.345 
  46 R X   0.003 0.029 0.000 0.011 0.002 0.006 0.589 0.359 
  47 D X   0.003 0.029 0.000 0.009 0.002 0.006 0.576 0.374 
  48 S X   0.003 0.030 0.000 0.008 0.002 0.006 0.563 0.388 
  49 G X   0.003 0.031 0.000 0.007 0.002 0.006 0.549 0.401 
  50 D X   0.003 0.034 0.000 0.007 0.002 0.007 0.533 0.413 
  51 V X   0.004 0.039 0.000 0.008 0.003 0.008 0.515 0.423 
  52 R X   0.004 0.048 0.001 0.010 0.004 0.010 0.494 0.430 
  53 S X   0.005 0.063 0.001 0.014 0.005 0.012 0.469 0.432 
  54 Q X   0.006 0.087 0.001 0.019 0.007 0.014 0.440 0.427 
  55 P _   0.006 0.120 0.001 0.024 0.009 0.016 0.408 0.416 
  56 R _   0.006 0.159 0.001 0.030 0.010 0.017 0.375 0.401 
  57 P _   0.006 0.198 0.001 0.033 0.011 0.017 0.346 0.388 
  58 L _   0.006 0.229 0.001 0.035 0.011 0.017 0.321 0.380 
  59 F _   0.005 0.253 0.001 0.035 0.010 0.016 0.300 0.378 
  60 Q _   0.005 0.270 0.001 0.034 0.010 0.016 0.284 0.380 
  61 W _   0.005 0.281 0.001 0.032 0.009 0.015 0.270 0.387 
  62 S _   0.005 0.289 0.001 0.029 0.008 0.014 0.259 0.395 
  63 K _   0.005 0.293 0.001 0.026 0.008 0.014 0.249 0.405 
  64 W _   0.005 0.295 0.001 0.023 0.007 0.013 0.240 0.415 
  65 K _   0.005 0.297 0.001 0.020 0.007 0.013 0.233 0.425 
  66 K _   0.006 0.297 0.001 0.018 0.006 0.013 0.226 0.433 
  67 R _   0.006 0.298 0.001 0.017 0.006 0.013 0.220 0.440 
  68 M _   0.006 0.298 0.001 0.017 0.006 0.013 0.214 0.445 
  69 G _   0.007 0.299 0.001 0.018 0.006 0.013 0.208 0.449 
  70 S _   0.007 0.299 0.001 0.019 0.007 0.013 0.202 0.451 
  71 S _   0.008 0.300 0.001 0.021 0.007 0.014 0.197 0.453 
  72 M _   0.008 0.299 0.001 0.024 0.008 0.014 0.192 0.454 
  73 S _   0.009 0.296 0.001 0.026 0.008 0.014 0.188 0.457 
  74 A _   0.009 0.291 0.001 0.029 0.009 0.014 0.185 0.462 
  75 A _   0.009 0.283 0.001 0.030 0.009 0.014 0.182 0.471 
  76 T _   0.010 0.269 0.001 0.030 0.009 0.013 0.181 0.487 
  77 A _   0.010 0.247 0.001 0.030 0.009 0.013 0.180 0.511 
  78 R _   0.010 0.216 0.001 0.027 0.008 0.012 0.180 0.545 
  79 R _   0.010 0.177 0.001 0.024 0.007 0.012 0.180 0.589 
  80 P _   0.010 0.131 0.001 0.019 0.006 0.011 0.181 0.641 
  81 V _   0.009 0.088 0.001 0.015 0.005 0.010 0.182 0.691 
  82 F _   0.008 0.055 0.001 0.010 0.004 0.009 0.182 0.732 
  83 D _   0.007 0.033 0.000 0.007 0.003 0.008 0.181 0.762 
  84 D _   0.006 0.021 0.000 0.004 0.002 0.007 0.179 0.780 
  85 K _   0.005 0.016 0.000 0.003 0.002 0.008 0.177 0.789 
  86 E _   0.006 0.015 0.000 0.003 0.002 0.009 0.174 0.793 
  87 D _   0.007 0.015 0.000 0.003 0.002 0.011 0.169 0.792 
  88 V _   0.009 0.018 0.000 0.005 0.004 0.015 0.164 0.784 
  89 N _   0.013 0.026 0.001 0.009 0.006 0.021 0.157 0.767 
  90 F _   0.017 0.044 0.001 0.016 0.011 0.028 0.148 0.735 
  91 D _   0.021 0.073 0.002 0.027 0.017 0.035 0.137 0.689 
  92 H _   0.024 0.106 0.002 0.039 0.023 0.040 0.126 0.640 
  93 F _   0.025 0.134 0.002 0.050 0.028 0.044 0.116 0.601 
  94 Q _   0.027 0.152 0.002 0.058 0.031 0.045 0.108 0.577 
  95 I _   0.028 0.162 0.002 0.061 0.032 0.046 0.102 0.568 
  96 L _   0.029 0.165 0.002 0.059 0.031 0.045 0.097 0.571 
  97 R _   0.030 0.163 0.002 0.053 0.030 0.044 0.094 0.584 
  98 A _   0.031 0.156 0.002 0.044 0.027 0.042 0.090 0.607 
  99 I _   0.032 0.144 0.002 0.035 0.024 0.040 0.088 0.637 
 100 G _   0.032 0.128 0.002 0.026 0.020 0.037 0.086 0.668 
 101 K _   0.032 0.113 0.001 0.020 0.017 0.036 0.084 0.696 
 102 G _   0.032 0.101 0.001 0.016 0.015 0.034 0.082 0.718 
 103 S _   0.032 0.092 0.001 0.015 0.013 0.032 0.081 0.733 
 104 F _   0.031 0.087 0.001 0.015 0.013 0.031 0.080 0.744 
 105 G _   0.030 0.083 0.001 0.016 0.012 0.029 0.079 0.750 
 106 K _   0.028 0.079 0.001 0.018 0.012 0.027 0.078 0.757 
 107 V _   0.027 0.076 0.001 0.019 0.011 0.026 0.076 0.764 
 108 C _   0.025 0.072 0.001 0.020 0.011 0.023 0.076 0.773 
 109 I _   0.022 0.066 0.001 0.019 0.010 0.021 0.075 0.786 
 110 V _   0.020 0.059 0.001 0.017 0.008 0.019 0.074 0.802 
 111 Q _   0.018 0.051 0.001 0.014 0.007 0.017 0.073 0.819 
 112 K _   0.015 0.044 0.001 0.012 0.006 0.015 0.073 0.834 
 113 R _   0.013 0.037 0.001 0.010 0.005 0.014 0.072 0.847 
 114 D _   0.012 0.032 0.001 0.009 0.005 0.013 0.071 0.857 
 115 T _   0.011 0.029 0.001 0.009 0.004 0.013 0.070 0.864 
 116 E _   0.011 0.027 0.001 0.010 0.004 0.012 0.069 0.867 
 117 K _   0.010 0.026 0.001 0.011 0.005 0.012 0.068 0.867 
 118 M _   0.010 0.025 0.001 0.013 0.005 0.012 0.067 0.867 
 119 Y _   0.010 0.024 0.001 0.014 0.005 0.012 0.066 0.867 
 120 A _   0.010 0.023 0.001 0.015 0.005 0.012 0.065 0.869 
 121 M _   0.009 0.022 0.001 0.015 0.005 0.012 0.064 0.873 
 122 K _   0.009 0.020 0.001 0.014 0.005 0.011 0.063 0.877 
 123 Y _   0.008 0.017 0.001 0.013 0.005 0.011 0.062 0.883 
 124 M _   0.008 0.014 0.001 0.012 0.004 0.010 0.061 0.889 
 125 N _   0.008 0.012 0.000 0.010 0.004 0.010 0.061 0.895 
 126 K _   0.008 0.009 0.000 0.009 0.004 0.010 0.060 0.900 
 127 Q _   0.008 0.007 0.000 0.008 0.004 0.010 0.059 0.903 
 128 Q _   0.008 0.006 0.000 0.008 0.004 0.011 0.058 0.906 
 129 C _   0.009 0.005 0.000 0.007 0.004 0.011 0.057 0.907 
 130 I _   0.009 0.004 0.000 0.007 0.004 0.012 0.056 0.907 
 131 E _   0.010 0.003 0.000 0.008 0.004 0.014 0.054 0.906 
 132 R _   0.012 0.003 0.001 0.008 0.005 0.015 0.053 0.904 
 133 D _   0.014 0.003 0.001 0.008 0.005 0.018 0.051 0.899 
 134 E _   0.018 0.003 0.001 0.009 0.006 0.020 0.050 0.893 
 135 V _   0.022 0.003 0.001 0.010 0.008 0.023 0.048 0.886 
 136 R _   0.028 0.003 0.001 0.011 0.009 0.027 0.046 0.876 
 137 N _   0.035 0.003 0.001 0.012 0.011 0.030 0.044 0.864 
 138 V _   0.044 0.003 0.001 0.012 0.013 0.034 0.043 0.850 
 139 F _   0.056 0.003 0.001 0.013 0.015 0.037 0.041 0.835 
 140 R _   0.069 0.002 0.001 0.012 0.016 0.040 0.039 0.820 
 141 E _   0.083 0.002 0.001 0.011 0.017 0.042 0.038 0.805 
 142 L _   0.098 0.001 0.001 0.010 0.017 0.044 0.037 0.791 
 143 E _   0.116 0.001 0.001 0.008 0.018 0.046 0.035 0.775 
 144 I _   0.136 0.001 0.001 0.006 0.018 0.047 0.034 0.757 
 145 L _   0.156 0.000 0.001 0.005 0.018 0.048 0.033 0.738 
 146 Q _   0.178 0.000 0.001 0.004 0.020 0.050 0.032 0.715 
 147 E _   0.199 0.000 0.001 0.004 0.022 0.051 0.031 0.690 
 148 I _   0.219 0.001 0.001 0.005 0.026 0.053 0.031 0.665 
 149 E _   0.234 0.001 0.002 0.006 0.030 0.054 0.030 0.642 
 150 H _   0.244 0.002 0.002 0.008 0.034 0.055 0.030 0.625 
 151 V _   0.249 0.003 0.002 0.012 0.036 0.054 0.030 0.613 
 152 F _   0.247 0.005 0.002 0.016 0.037 0.052 0.031 0.610 
 153 L _   0.237 0.006 0.002 0.019 0.036 0.049 0.032 0.619 
 154 V _   0.220 0.007 0.002 0.021 0.033 0.045 0.033 0.639 
 155 N _   0.198 0.006 0.002 0.020 0.028 0.040 0.034 0.672 
 156 L _   0.172 0.005 0.002 0.016 0.021 0.035 0.036 0.714 
 157 W _   0.144 0.003 0.001 0.012 0.015 0.029 0.037 0.759 
 158 Y _   0.118 0.002 0.001 0.007 0.009 0.024 0.038 0.802 
 159 S _   0.095 0.001 0.001 0.004 0.006 0.020 0.038 0.836 
 160 F _   0.078 0.000 0.000 0.002 0.004 0.017 0.038 0.859 
 161 Q _   0.069 0.000 0.000 0.001 0.003 0.016 0.038 0.872 
 162 D _   0.068 0.000 0.000 0.001 0.003 0.017 0.038 0.873 
 163 E _   0.074 0.000 0.000 0.001 0.003 0.020 0.037 0.864 
 164 E _   0.088 0.000 0.001 0.002 0.005 0.025 0.036 0.843 
 165 D _   0.110 0.000 0.001 0.003 0.009 0.031 0.036 0.810 
 166 M _   0.134 0.002 0.001 0.005 0.016 0.039 0.035 0.769 
 167 F _   0.157 0.005 0.002 0.010 0.025 0.047 0.034 0.722 
 168 M _   0.175 0.012 0.002 0.017 0.034 0.053 0.033 0.675 
 169 V _   0.187 0.019 0.002 0.024 0.041 0.056 0.033 0.638 
 170 V _   0.192 0.024 0.002 0.030 0.044 0.057 0.033 0.616 
 171 D _   0.190 0.027 0.002 0.034 0.045 0.056 0.033 0.613 
 172 L _   0.180 0.028 0.002 0.034 0.042 0.053 0.034 0.627 
 173 L _   0.166 0.026 0.002 0.031 0.037 0.049 0.035 0.654 
 174 L _   0.148 0.022 0.002 0.025 0.030 0.044 0.036 0.692 
 175 G _   0.127 0.017 0.002 0.020 0.023 0.038 0.037 0.736 
 176 G _   0.106 0.012 0.001 0.014 0.017 0.033 0.038 0.780 
 177 D _   0.085 0.007 0.001 0.010 0.012 0.028 0.039 0.818 
 178 L _   0.068 0.005 0.001 0.008 0.008 0.023 0.040 0.847 
 179 R _   0.054 0.003 0.001 0.007 0.006 0.020 0.040 0.869 
 180 Y _   0.043 0.002 0.001 0.006 0.005 0.017 0.040 0.885 
 181 H _   0.035 0.002 0.001 0.006 0.004 0.015 0.041 0.896 
 182 L _   0.029 0.001 0.001 0.006 0.004 0.013 0.040 0.905 
 183 Q _   0.027 0.001 0.000 0.006 0.004 0.012 0.040 0.910 
 184 Q _   0.027 0.001 0.000 0.006 0.003 0.011 0.039 0.913 
 185 N _   0.029 0.000 0.000 0.005 0.003 0.011 0.039 0.913 
 186 V _   0.034 0.000 0.000 0.004 0.003 0.010 0.037 0.910 
 187 Q _   0.045 0.000 0.000 0.003 0.003 0.010 0.036 0.902 
 188 F _   0.063 0.000 0.000 0.002 0.003 0.011 0.034 0.886 
 189 S _   0.093 0.000 0.000 0.002 0.004 0.013 0.032 0.855 
 190 E _   0.141 0.000 0.001 0.002 0.005 0.016 0.029 0.805 
 191 D _   0.212 0.000 0.001 0.002 0.008 0.020 0.027 0.731 
 192 T _   0.301 0.000 0.001 0.002 0.012 0.025 0.024 0.635 
 193 V _   0.401 0.000 0.001 0.002 0.019 0.030 0.021 0.526 
 194 R H   0.494 0.000 0.002 0.002 0.026 0.034 0.019 0.422 
 195 L H   0.569 0.000 0.002 0.003 0.034 0.037 0.017 0.338 
 196 Y H   0.622 0.000 0.002 0.004 0.039 0.038 0.017 0.278 
 197 I H   0.655 0.001 0.002 0.005 0.043 0.037 0.017 0.240 
 198 C H   0.671 0.001 0.002 0.006 0.044 0.036 0.017 0.222 
 199 E H   0.672 0.001 0.002 0.007 0.044 0.034 0.018 0.222 
 200 M H   0.657 0.001 0.002 0.007 0.042 0.032 0.020 0.238 
 201 A H   0.627 0.001 0.002 0.006 0.038 0.030 0.022 0.273 
 202 L H   0.581 0.001 0.002 0.006 0.033 0.028 0.024 0.325 
 203 A H   0.519 0.000 0.002 0.005 0.027 0.026 0.027 0.394 
 204 L _   0.445 0.000 0.002 0.004 0.021 0.024 0.031 0.474 
 205 D _   0.367 0.000 0.001 0.004 0.015 0.022 0.036 0.554 
 206 Y _   0.296 0.000 0.001 0.004 0.012 0.020 0.040 0.626 
 207 L _   0.231 0.000 0.001 0.005 0.010 0.019 0.045 0.689 
 208 R _   0.177 0.000 0.001 0.007 0.008 0.018 0.049 0.739 
 209 G _   0.133 0.001 0.001 0.008 0.008 0.017 0.053 0.780 
 210 Q _   0.097 0.001 0.001 0.010 0.007 0.016 0.057 0.812 
 211 H _   0.070 0.001 0.001 0.011 0.006 0.014 0.060 0.837 
 212 I _   0.050 0.001 0.001 0.011 0.005 0.013 0.063 0.856 
 213 I _   0.035 0.001 0.001 0.010 0.004 0.011 0.065 0.872 
 214 H _   0.025 0.001 0.000 0.009 0.004 0.009 0.067 0.884 
 215 R _   0.018 0.001 0.000 0.007 0.003 0.008 0.069 0.894 
 216 D _   0.013 0.001 0.000 0.006 0.002 0.007 0.070 0.901 
 217 V _   0.010 0.001 0.000 0.005 0.002 0.006 0.071 0.905 
 218 K _   0.007 0.001 0.000 0.005 0.002 0.006 0.071 0.908 
 219 P _   0.006 0.001 0.000 0.005 0.002 0.006 0.071 0.909 
 220 D _   0.006 0.002 0.000 0.005 0.002 0.006 0.071 0.908 
 221 N _   0.006 0.003 0.000 0.006 0.002 0.006 0.071 0.907 
 222 I _   0.006 0.004 0.000 0.007 0.002 0.007 0.070 0.904 
 223 L _   0.006 0.006 0.000 0.008 0.003 0.007 0.069 0.901 
 224 L _   0.006 0.008 0.000 0.010 0.003 0.008 0.068 0.898 
 225 D _   0.005 0.010 0.000 0.011 0.003 0.008 0.066 0.895 
 226 E _   0.005 0.013 0.000 0.012 0.004 0.009 0.065 0.893 
 227 R _   0.005 0.015 0.000 0.012 0.004 0.009 0.063 0.891 
 228 G _   0.006 0.017 0.000 0.012 0.004 0.010 0.061 0.889 
 229 H _   0.006 0.020 0.000 0.012 0.004 0.011 0.060 0.887 
 230 A _   0.007 0.023 0.001 0.013 0.005 0.012 0.058 0.883 
 231 H _   0.007 0.026 0.001 0.014 0.005 0.013 0.056 0.877 
 232 L _   0.008 0.030 0.001 0.016 0.006 0.014 0.055 0.869 
 233 T _   0.009 0.035 0.001 0.019 0.008 0.016 0.053 0.860 
 234 D _   0.010 0.039 0.001 0.022 0.009 0.017 0.051 0.850 
 235 F _   0.011 0.043 0.001 0.025 0.010 0.018 0.050 0.841 
 236 N _   0.012 0.046 0.001 0.028 0.011 0.019 0.049 0.835 
 237 I _   0.013 0.048 0.001 0.029 0.011 0.019 0.048 0.832 
 238 A _   0.013 0.047 0.001 0.028 0.011 0.018 0.048 0.833 
 239 T _   0.013 0.046 0.001 0.026 0.010 0.018 0.047 0.839 
 240 I _   0.013 0.043 0.001 0.023 0.009 0.017 0.047 0.847 
 241 I _   0.013 0.039 0.001 0.019 0.008 0.016 0.047 0.857 
 242 K _   0.012 0.035 0.001 0.016 0.007 0.015 0.047 0.867 
 243 D _   0.012 0.031 0.001 0.014 0.006 0.015 0.047 0.875 
 244 G _   0.011 0.027 0.001 0.013 0.006 0.014 0.047 0.881 
 245 E _   0.011 0.025 0.001 0.012 0.005 0.014 0.047 0.885 
 246 R _   0.011 0.023 0.001 0.012 0.005 0.014 0.047 0.888 
 247 A _   0.011 0.021 0.001 0.012 0.005 0.014 0.046 0.890 
 248 T _   0.011 0.020 0.001 0.012 0.005 0.014 0.046 0.891 
 249 A _   0.010 0.018 0.001 0.012 0.005 0.014 0.046 0.893 
 250 L _   0.010 0.017 0.001 0.012 0.005 0.014 0.046 0.896 
 251 A _   0.010 0.016 0.001 0.011 0.005 0.015 0.045 0.898 
 252 G _   0.011 0.014 0.001 0.010 0.005 0.015 0.045 0.900 
 253 T _   0.012 0.013 0.001 0.009 0.005 0.017 0.044 0.900 
 254 K _   0.013 0.012 0.001 0.008 0.006 0.019 0.043 0.898 
 255 P _   0.016 0.012 0.001 0.008 0.007 0.021 0.043 0.893 
 256 Y _   0.019 0.013 0.001 0.009 0.008 0.024 0.042 0.884 
 257 M _   0.023 0.014 0.001 0.011 0.010 0.028 0.042 0.871 
 258 A _   0.027 0.016 0.001 0.014 0.014 0.031 0.041 0.855 
 259 P _   0.032 0.020 0.001 0.018 0.017 0.035 0.041 0.837 
 260 E _   0.035 0.023 0.001 0.023 0.020 0.037 0.040 0.820 
 261 I _   0.038 0.026 0.002 0.027 0.023 0.039 0.040 0.806 
 262 F _   0.040 0.028 0.002 0.030 0.024 0.040 0.040 0.796 
 263 H _   0.041 0.028 0.002 0.032 0.024 0.039 0.040 0.793 
 264 S _   0.041 0.027 0.002 0.031 0.023 0.038 0.041 0.797 
 265 F _   0.041 0.025 0.002 0.029 0.021 0.036 0.042 0.806 
 266 V _   0.040 0.021 0.001 0.024 0.018 0.034 0.042 0.820 
 267 N _   0.039 0.016 0.001 0.019 0.014 0.032 0.043 0.835 
 268 G _   0.040 0.010 0.001 0.014 0.011 0.030 0.044 0.850 
 269 G _   0.041 0.006 0.001 0.009 0.009 0.028 0.045 0.861 
 270 T _   0.044 0.003 0.001 0.006 0.007 0.027 0.045 0.867 
 271 G _   0.049 0.001 0.001 0.004 0.006 0.027 0.045 0.867 
 272 Y _   0.056 0.000 0.001 0.003 0.006 0.028 0.045 0.860 
 273 S _   0.069 0.000 0.001 0.003 0.006 0.031 0.045 0.846 
 274 F _   0.086 0.000 0.001 0.003 0.008 0.035 0.045 0.823 
 275 E _   0.108 0.000 0.001 0.003 0.011 0.041 0.045 0.791 
 276 V _   0.135 0.000 0.001 0.004 0.016 0.047 0.045 0.751 
 277 D _   0.164 0.001 0.001 0.005 0.024 0.055 0.044 0.705 
 278 W _   0.194 0.003 0.002 0.007 0.034 0.062 0.044 0.654 
 279 W _   0.219 0.006 0.002 0.011 0.045 0.067 0.045 0.605 
 280 S _   0.239 0.011 0.003 0.015 0.054 0.071 0.046 0.563 
 281 V _   0.253 0.017 0.003 0.019 0.061 0.072 0.047 0.529 
 282 G _   0.258 0.021 0.003 0.023 0.065 0.072 0.049 0.509 
 283 V _   0.257 0.025 0.003 0.026 0.066 0.070 0.052 0.501 
 284 M _   0.249 0.028 0.003 0.029 0.064 0.067 0.055 0.506 
 285 A _   0.233 0.029 0.003 0.030 0.059 0.062 0.059 0.526 
 286 Y _   0.212 0.028 0.003 0.030 0.051 0.056 0.064 0.557 
 287 E _   0.185 0.026 0.002 0.029 0.042 0.050 0.069 0.597 
 288 L _   0.154 0.022 0.002 0.026 0.032 0.043 0.076 0.645 
 289 L _   0.123 0.018 0.002 0.023 0.024 0.036 0.082 0.693 
 290 R _   0.094 0.013 0.001 0.019 0.016 0.029 0.088 0.740 
 291 G _   0.068 0.009 0.001 0.014 0.011 0.023 0.093 0.780 
 292 W _   0.048 0.006 0.001 0.010 0.007 0.018 0.098 0.812 
 293 R _   0.034 0.003 0.001 0.007 0.004 0.014 0.101 0.836 
 294 P _   0.023 0.001 0.000 0.005 0.003 0.011 0.104 0.853 
 295 Y _   0.017 0.001 0.000 0.003 0.002 0.009 0.105 0.862 
 296 D _   0.015 0.000 0.000 0.002 0.002 0.009 0.106 0.866 
 297 I _   0.015 0.000 0.000 0.002 0.002 0.010 0.106 0.866 
 298 H _   0.019 0.000 0.000 0.002 0.002 0.012 0.106 0.859 
 299 S _   0.028 0.000 0.000 0.002 0.003 0.016 0.106 0.845 
 300 S _   0.044 0.000 0.000 0.003 0.005 0.023 0.105 0.820 
 301 N _   0.068 0.000 0.001 0.004 0.009 0.032 0.104 0.782 
 302 A _   0.099 0.001 0.001 0.006 0.017 0.044 0.102 0.730 
 303 V _   0.132 0.003 0.002 0.010 0.027 0.055 0.100 0.671 
 304 E _   0.164 0.005 0.002 0.015 0.039 0.065 0.099 0.611 
 305 S _   0.191 0.008 0.002 0.019 0.050 0.072 0.098 0.559 
 306 L _   0.213 0.010 0.003 0.023 0.058 0.075 0.098 0.521 
 307 V _   0.227 0.011 0.003 0.024 0.062 0.076 0.098 0.498 
 308 Q _   0.236 0.011 0.003 0.024 0.063 0.075 0.100 0.489 
 309 L _   0.239 0.011 0.003 0.021 0.060 0.072 0.103 0.492 
 310 F _   0.236 0.009 0.003 0.018 0.054 0.067 0.106 0.506 
 311 S _   0.229 0.007 0.002 0.015 0.047 0.062 0.110 0.529 
 312 T _   0.216 0.005 0.002 0.012 0.038 0.056 0.115 0.557 
 313 V _   0.200 0.003 0.002 0.009 0.029 0.050 0.120 0.587 
 314 S _   0.182 0.002 0.001 0.007 0.022 0.045 0.126 0.615 
 315 V _   0.164 0.001 0.001 0.005 0.016 0.041 0.131 0.641 
 316 Q _   0.147 0.000 0.001 0.004 0.012 0.037 0.137 0.663 
 317 Y _   0.131 0.000 0.001 0.003 0.009 0.034 0.141 0.680 
 318 V _   0.118 0.000 0.001 0.003 0.008 0.033 0.146 0.691 
 319 P _   0.108 0.000 0.001 0.003 0.008 0.033 0.150 0.697 
 320 T _   0.101 0.000 0.001 0.003 0.008 0.034 0.155 0.699 
 321 W _   0.097 0.000 0.001 0.004 0.010 0.035 0.159 0.694 
 322 S _   0.094 0.001 0.001 0.005 0.012 0.037 0.164 0.686 
 323 K _   0.092 0.003 0.001 0.008 0.015 0.039 0.169 0.672 
 324 E _   0.089 0.006 0.001 0.012 0.019 0.041 0.175 0.657 
 325 M _   0.086 0.009 0.002 0.018 0.022 0.041 0.181 0.642 
 326 V _   0.082 0.013 0.002 0.023 0.024 0.041 0.188 0.628 
 327 A _   0.076 0.016 0.002 0.027 0.025 0.040 0.195 0.619 
 328 L _   0.070 0.018 0.002 0.029 0.025 0.038 0.204 0.615 
 329 L _   0.062 0.018 0.002 0.029 0.022 0.035 0.214 0.618 
 330 R _   0.054 0.017 0.002 0.027 0.020 0.031 0.225 0.625 
 331 K _   0.046 0.016 0.001 0.024 0.016 0.027 0.236 0.634 
 332 L _   0.038 0.013 0.001 0.020 0.012 0.023 0.248 0.645 
 333 L _   0.030 0.010 0.001 0.015 0.009 0.019 0.260 0.655 
 334 T _   0.024 0.007 0.001 0.012 0.007 0.016 0.271 0.662 
 335 V _   0.019 0.005 0.001 0.009 0.005 0.013 0.281 0.668 
 336 N _   0.015 0.003 0.000 0.007 0.004 0.011 0.290 0.670 
 337 P _   0.012 0.002 0.000 0.005 0.003 0.009 0.297 0.670 
 338 E _   0.010 0.001 0.000 0.004 0.002 0.008 0.304 0.669 
 339 H _   0.009 0.001 0.000 0.004 0.002 0.007 0.310 0.667 
 340 R _   0.008 0.001 0.000 0.003 0.002 0.007 0.315 0.664 
 341 L _   0.007 0.001 0.000 0.003 0.002 0.007 0.319 0.661 
 342 S _   0.007 0.001 0.000 0.003 0.002 0.008 0.322 0.657 
 343 S _   0.008 0.001 0.000 0.003 0.002 0.010 0.325 0.650 
 344 L _   0.010 0.001 0.000 0.003 0.003 0.012 0.328 0.642 
 345 Q _   0.013 0.002 0.000 0.004 0.004 0.015 0.330 0.631 
 346 D _   0.018 0.003 0.001 0.005 0.006 0.020 0.332 0.616 
 347 V _   0.024 0.007 0.001 0.008 0.009 0.025 0.334 0.594 
 348 Q _   0.030 0.012 0.001 0.011 0.013 0.031 0.335 0.566 
 349 A _   0.037 0.021 0.001 0.016 0.019 0.036 0.337 0.532 
 350 A _   0.044 0.031 0.002 0.023 0.025 0.041 0.340 0.495 
 351 P _   0.049 0.041 0.002 0.029 0.030 0.044 0.345 0.460 
 352 A _   0.053 0.049 0.002 0.036 0.034 0.045 0.351 0.431 
 353 L _   0.055 0.055 0.002 0.041 0.035 0.044 0.358 0.410 
 354 A _   0.055 0.057 0.002 0.043 0.034 0.042 0.368 0.398 
 355 G _   0.053 0.057 0.002 0.042 0.031 0.039 0.380 0.395 
 356 V _   0.050 0.054 0.002 0.038 0.027 0.035 0.395 0.400 
 357 L X   0.045 0.048 0.002 0.032 0.022 0.031 0.410 0.410 
 358 W X   0.039 0.039 0.001 0.025 0.017 0.026 0.427 0.425 
 359 D X   0.033 0.029 0.001 0.018 0.012 0.022 0.445 0.440 
 360 H X   0.027 0.020 0.001 0.013 0.009 0.018 0.461 0.451 
 361 L X   0.022 0.013 0.001 0.010 0.006 0.015 0.476 0.458 
 362 S X   0.018 0.009 0.001 0.007 0.004 0.012 0.490 0.460 
 363 E X   0.014 0.006 0.000 0.006 0.003 0.010 0.502 0.459 
 364 K X   0.011 0.004 0.000 0.005 0.003 0.008 0.512 0.455 
 365 R X   0.010 0.003 0.000 0.005 0.002 0.007 0.522 0.450 
 366 V X   0.008 0.003 0.000 0.005 0.002 0.006 0.531 0.445 
 367 E X   0.007 0.003 0.000 0.005 0.002 0.006 0.538 0.439 
 368 P X   0.006 0.003 0.000 0.005 0.002 0.005 0.546 0.433 
 369 G X   0.005 0.002 0.000 0.005 0.002 0.005 0.552 0.428 
 370 F X   0.004 0.002 0.000 0.005 0.002 0.005 0.558 0.424 
 371 V X   0.004 0.002 0.000 0.004 0.002 0.004 0.563 0.420 
 372 P X   0.003 0.002 0.000 0.004 0.001 0.004 0.568 0.417 
 373 N X   0.003 0.003 0.000 0.004 0.001 0.004 0.572 0.413 
 374 K X   0.003 0.003 0.000 0.003 0.001 0.004 0.575 0.410 
 375 G X   0.003 0.004 0.000 0.003 0.001 0.004 0.578 0.407 
 376 R X   0.003 0.005 0.000 0.003 0.001 0.005 0.580 0.402 
 377 L X   0.003 0.007 0.000 0.004 0.002 0.006 0.582 0.397 
 378 H X   0.004 0.011 0.000 0.005 0.002 0.007 0.582 0.388 
 379 C X   0.004 0.018 0.000 0.008 0.003 0.009 0.582 0.376 
 380 D X   0.005 0.029 0.001 0.011 0.005 0.011 0.582 0.356 
 381 P X   0.006 0.046 0.001 0.017 0.007 0.013 0.581 0.330 
 382 T X   0.006 0.066 0.001 0.024 0.009 0.014 0.580 0.299 
 383 F X   0.007 0.084 0.001 0.032 0.010 0.015 0.581 0.270 
 384 E X   0.007 0.097 0.001 0.038 0.012 0.016 0.583 0.247 
 385 L X   0.007 0.105 0.001 0.043 0.012 0.016 0.586 0.230 
 386 E X   0.007 0.108 0.001 0.046 0.012 0.015 0.592 0.219 
 387 E X   0.006 0.108 0.001 0.045 0.011 0.014 0.600 0.214 
 388 M X   0.006 0.105 0.001 0.041 0.010 0.013 0.611 0.212 
 389 I X   0.006 0.098 0.001 0.036 0.009 0.012 0.625 0.214 
 390 L X   0.006 0.086 0.001 0.029 0.007 0.010 0.641 0.219 
 391 E X   0.006 0.069 0.001 0.022 0.006 0.009 0.660 0.227 
 392 S X   0.005 0.051 0.001 0.016 0.005 0.008 0.680 0.234 
 393 R X   0.005 0.035 0.001 0.011 0.003 0.007 0.699 0.240 
 394 P X   0.004 0.024 0.000 0.008 0.002 0.005 0.714 0.242 
 395 L X   0.003 0.016 0.000 0.005 0.002 0.005 0.727 0.241 
 396 H X   0.003 0.012 0.000 0.004 0.001 0.004 0.737 0.239 
 397 K X   0.003 0.009 0.000 0.004 0.001 0.003 0.745 0.235 
 398 K X   0.002 0.008 0.000 0.003 0.001 0.003 0.751 0.231 
 399 K X   0.002 0.007 0.000 0.003 0.001 0.003 0.756 0.227 
 400 K X   0.002 0.007 0.000 0.004 0.001 0.003 0.760 0.224 
 401 R X   0.002 0.006 0.000 0.004 0.001 0.003 0.764 0.220 
 402 L X   0.002 0.006 0.000 0.004 0.001 0.003 0.767 0.217 
 403 A X   0.002 0.006 0.000 0.005 0.001 0.003 0.769 0.214 
 404 K X   0.002 0.006 0.000 0.005 0.001 0.003 0.772 0.212 
 405 N X   0.002 0.006 0.000 0.004 0.001 0.003 0.774 0.210 
 406 K X   0.001 0.006 0.000 0.004 0.001 0.002 0.776 0.209 
 407 S X   0.001 0.006 0.000 0.004 0.001 0.002 0.778 0.208 
 408 R X   0.001 0.006 0.000 0.003 0.001 0.002 0.779 0.207 
 409 D X   0.001 0.006 0.000 0.003 0.001 0.002 0.780 0.207 
 410 N X   0.001 0.006 0.000 0.003 0.001 0.002 0.781 0.207 
 411 S X   0.001 0.006 0.000 0.003 0.001 0.002 0.780 0.206 
 412 R X   0.001 0.007 0.000 0.003 0.001 0.002 0.780 0.206 
 413 D X   0.001 0.008 0.000 0.003 0.001 0.002 0.778 0.207 
 414 S X   0.001 0.009 0.000 0.003 0.001 0.002 0.776 0.207 
 415 S X   0.001 0.011 0.000 0.003 0.001 0.003 0.774 0.207 
 416 Q X   0.001 0.014 0.000 0.004 0.001 0.003 0.770 0.206 
 417 S X   0.001 0.018 0.000 0.005 0.001 0.004 0.766 0.205 
 418 E X   0.001 0.023 0.000 0.006 0.001 0.004 0.761 0.203 
 419 N X   0.001 0.030 0.000 0.007 0.002 0.005 0.756 0.199 
 420 D X   0.002 0.039 0.000 0.008 0.002 0.006 0.750 0.193 
 421 Y X   0.002 0.050 0.000 0.009 0.003 0.006 0.744 0.185 
 422 L X   0.002 0.063 0.000 0.011 0.003 0.007 0.738 0.175 
 423 Q X   0.002 0.076 0.000 0.013 0.004 0.008 0.732 0.164 
 424 D X   0.003 0.089 0.001 0.014 0.005 0.009 0.727 0.153 
 425 C X   0.003 0.101 0.001 0.016 0.005 0.010 0.724 0.142 
 426 L X   0.003 0.111 0.001 0.017 0.006 0.010 0.721 0.132 
 427 D X   0.003 0.118 0.001 0.018 0.006 0.011 0.720 0.123 
 428 A X   0.004 0.123 0.001 0.019 0.007 0.011 0.720 0.116 
 429 I X   0.004 0.127 0.001 0.020 0.007 0.011 0.721 0.109 
 430 Q X   0.004 0.128 0.001 0.021 0.007 0.011 0.724 0.104 
 431 Q X   0.005 0.128 0.001 0.021 0.007 0.011 0.727 0.100 
 432 D X   0.005 0.127 0.001 0.021 0.007 0.011 0.733 0.096 
 433 F X   0.005 0.123 0.001 0.021 0.007 0.010 0.740 0.093 
 434 V X   0.005 0.117 0.001 0.021 0.007 0.010 0.749 0.091 
 435 I X   0.005 0.109 0.001 0.020 0.007 0.009 0.760 0.090 
 436 F X   0.005 0.097 0.001 0.018 0.006 0.008 0.774 0.091 
 437 N X   0.005 0.082 0.001 0.017 0.006 0.008 0.791 0.092 
 438 R X   0.005 0.065 0.001 0.014 0.005 0.007 0.811 0.094 
 439 E X   0.004 0.047 0.001 0.011 0.004 0.006 0.831 0.096 
 440 K X   0.004 0.031 0.000 0.008 0.003 0.005 0.851 0.097 
 441 L X   0.003 0.019 0.000 0.006 0.002 0.004 0.869 0.097 
 442 K X   0.003 0.011 0.000 0.004 0.001 0.003 0.883 0.095 
 443 R X   0.002 0.006 0.000 0.003 0.001 0.002 0.894 0.092 
 444 S X   0.002 0.004 0.000 0.002 0.001 0.002 0.902 0.088 
 445 Q X   0.001 0.003 0.000 0.002 0.001 0.002 0.908 0.084 
 446 D X   0.001 0.002 0.000 0.001 0.000 0.001 0.913 0.081 
 447 L X   0.001 0.001 0.000 0.001 0.000 0.001 0.917 0.078 
 448 P X   0.001 0.001 0.000 0.001 0.000 0.001 0.919 0.076 
 449 R X   0.001 0.001 0.000 0.001 0.000 0.001 0.922 0.073 
 450 E X   0.001 0.001 0.000 0.001 0.000 0.001 0.923 0.072 
 451 P X   0.001 0.001 0.000 0.001 0.000 0.001 0.925 0.071 
 452 L X   0.001 0.001 0.000 0.001 0.000 0.001 0.926 0.070 
 453 P X   0.001 0.001 0.000 0.001 0.000 0.001 0.926 0.069 
 454 A X   0.001 0.001 0.000 0.001 0.000 0.001 0.926 0.069 
 455 P X   0.001 0.001 0.000 0.001 0.000 0.001 0.926 0.069 
 456 E X   0.001 0.001 0.000 0.001 0.000 0.001 0.926 0.070 
 457 S X   0.001 0.001 0.000 0.001 0.000 0.001 0.925 0.070 
 458 R X   0.001 0.002 0.000 0.001 0.000 0.001 0.924 0.071 
 459 D X   0.001 0.002 0.000 0.002 0.000 0.001 0.922 0.072 
 460 A X   0.001 0.002 0.000 0.002 0.000 0.001 0.921 0.073 
 461 A X   0.001 0.003 0.000 0.002 0.000 0.001 0.918 0.075 
 462 E X   0.001 0.003 0.000 0.002 0.000 0.001 0.915 0.077 
 463 P X   0.001 0.004 0.000 0.002 0.001 0.002 0.912 0.079 
 464 V X   0.001 0.006 0.000 0.003 0.001 0.002 0.908 0.081 
 465 E X   0.001 0.008 0.000 0.003 0.001 0.002 0.903 0.082 
 466 D X   0.001 0.010 0.000 0.004 0.001 0.003 0.898 0.084 
 467 E X   0.001 0.013 0.000 0.005 0.001 0.003 0.892 0.085 
 468 A X   0.001 0.018 0.000 0.006 0.002 0.004 0.885 0.085 
 469 E X   0.001 0.024 0.000 0.008 0.002 0.004 0.878 0.083 
 470 R X   0.001 0.031 0.000 0.010 0.003 0.005 0.870 0.080 
 471 S X   0.001 0.038 0.000 0.013 0.003 0.005 0.863 0.076 
 472 A X   0.001 0.046 0.000 0.016 0.004 0.006 0.856 0.071 
 473 L X   0.001 0.051 0.000 0.018 0.004 0.006 0.852 0.067 
 474 P X   0.001 0.055 0.000 0.020 0.004 0.006 0.849 0.065 
 475 M X   0.002 0.057 0.000 0.021 0.004 0.006 0.847 0.063 
 476 C X   0.002 0.058 0.000 0.021 0.004 0.005 0.847 0.063 
 477 G X   0.002 0.057 0.000 0.020 0.004 0.005 0.848 0.064 
 478 P X   0.002 0.055 0.000 0.018 0.003 0.005 0.850 0.067 
 479 I X   0.001 0.052 0.000 0.015 0.003 0.004 0.853 0.071 
 480 C X   0.001 0.047 0.000 0.013 0.002 0.003 0.858 0.075 
 481 P X   0.001 0.041 0.000 0.010 0.002 0.002 0.863 0.081 
 482 S X   0.001 0.032 0.000 0.007 0.001 0.001 0.869 0.089 
 483 A X   0.000 0.022 0.000 0.003 0.000 0.001 0.874 0.099 
 484 G X   0.000 0.015 0.000 0.002 0.000 0.000 0.874 0.108 
 485 S X   0.000 0.013 0.000 0.002 0.000 0.000 0.870 0.114 
 486 G X   0.001 0.012 0.001 0.008 0.002 0.002 0.854 0.120 
