#TopoPred_TM8: 8-state transmembrane topology prediction results by no_profile mode 
#probabilities are in the order of H E C I L F X _, the 8 transmembrane topology types used in PDBTM 
   1 M X   0.016 0.002 0.002 0.052 0.009 0.010 0.587 0.322 
   2 E X   0.004 0.001 0.000 0.027 0.002 0.004 0.600 0.361 
   3 P X   0.001 0.001 0.000 0.015 0.000 0.003 0.600 0.380 
   4 G X   0.001 0.002 0.000 0.012 0.001 0.003 0.593 0.387 
   5 R X   0.002 0.006 0.000 0.015 0.001 0.006 0.579 0.390 
   6 G X   0.004 0.015 0.000 0.020 0.003 0.012 0.557 0.388 
   7 G X   0.006 0.034 0.001 0.029 0.006 0.017 0.529 0.379 
   8 T X   0.007 0.063 0.001 0.042 0.008 0.021 0.492 0.366 
   9 E X   0.007 0.099 0.001 0.054 0.011 0.023 0.452 0.353 
  10 T X   0.007 0.131 0.001 0.063 0.012 0.024 0.414 0.348 
  11 V X   0.006 0.153 0.001 0.067 0.013 0.024 0.384 0.353 
  12 G _   0.005 0.165 0.001 0.065 0.013 0.023 0.362 0.365 
  13 K _   0.005 0.171 0.001 0.059 0.012 0.022 0.345 0.384 
  14 F _   0.005 0.173 0.001 0.050 0.011 0.021 0.331 0.408 
  15 E _   0.005 0.171 0.001 0.039 0.009 0.021 0.320 0.434 
  16 F _   0.006 0.167 0.001 0.029 0.008 0.021 0.310 0.458 
  17 S _   0.007 0.163 0.001 0.021 0.007 0.022 0.301 0.479 
  18 R _   0.008 0.160 0.001 0.016 0.007 0.023 0.292 0.494 
  19 K _   0.010 0.160 0.001 0.013 0.007 0.025 0.282 0.502 
  20 D _   0.012 0.163 0.001 0.013 0.009 0.027 0.272 0.502 
  21 L _   0.016 0.172 0.001 0.015 0.012 0.031 0.261 0.493 
  22 I _   0.019 0.188 0.001 0.021 0.016 0.034 0.248 0.473 
  23 G _   0.023 0.210 0.002 0.029 0.022 0.036 0.234 0.445 
  24 H _   0.025 0.234 0.002 0.039 0.026 0.038 0.221 0.415 
  25 G _   0.027 0.254 0.002 0.049 0.028 0.038 0.210 0.392 
  26 A _   0.027 0.266 0.002 0.057 0.029 0.037 0.202 0.380 
  27 F _   0.027 0.271 0.002 0.062 0.028 0.035 0.196 0.380 
  28 A _   0.027 0.268 0.002 0.062 0.026 0.032 0.191 0.391 
  29 V _   0.025 0.257 0.002 0.059 0.023 0.029 0.188 0.416 
  30 V _   0.024 0.234 0.002 0.051 0.020 0.026 0.186 0.458 
  31 F _   0.022 0.195 0.002 0.040 0.016 0.022 0.185 0.518 
  32 K _   0.019 0.144 0.002 0.029 0.012 0.019 0.185 0.590 
  33 G _   0.017 0.092 0.001 0.019 0.008 0.016 0.184 0.663 
  34 R _   0.014 0.053 0.001 0.011 0.005 0.013 0.183 0.719 
  35 H _   0.011 0.032 0.000 0.006 0.003 0.011 0.181 0.754 
  36 R _   0.009 0.023 0.000 0.004 0.002 0.010 0.179 0.773 
  37 E _   0.008 0.020 0.000 0.004 0.002 0.010 0.176 0.781 
  38 K _   0.008 0.020 0.000 0.004 0.002 0.010 0.172 0.783 
  39 H _   0.008 0.022 0.000 0.007 0.003 0.011 0.168 0.780 
  40 D _   0.009 0.026 0.001 0.012 0.005 0.013 0.163 0.772 
  41 L _   0.010 0.034 0.001 0.019 0.007 0.015 0.157 0.758 
  42 E _   0.011 0.042 0.001 0.027 0.009 0.017 0.151 0.743 
  43 V _   0.011 0.049 0.001 0.034 0.010 0.017 0.145 0.732 
  44 A _   0.011 0.053 0.001 0.038 0.011 0.017 0.141 0.728 
  45 V _   0.011 0.054 0.001 0.039 0.011 0.017 0.137 0.730 
  46 K _   0.010 0.052 0.001 0.037 0.010 0.016 0.134 0.740 
  47 C _   0.010 0.048 0.001 0.031 0.009 0.014 0.132 0.755 
  48 I _   0.009 0.041 0.001 0.024 0.007 0.013 0.130 0.775 
  49 N _   0.009 0.032 0.001 0.017 0.005 0.011 0.129 0.796 
  50 K _   0.008 0.023 0.001 0.012 0.004 0.010 0.128 0.815 
  51 K _   0.007 0.017 0.000 0.008 0.003 0.009 0.126 0.829 
  52 N _   0.007 0.013 0.000 0.006 0.003 0.008 0.124 0.839 
  53 L _   0.007 0.010 0.000 0.005 0.002 0.008 0.122 0.845 
  54 A _   0.007 0.010 0.000 0.005 0.002 0.009 0.120 0.847 
  55 K _   0.007 0.010 0.000 0.006 0.003 0.009 0.117 0.847 
  56 S _   0.008 0.011 0.000 0.007 0.003 0.011 0.114 0.845 
  57 Q _   0.009 0.012 0.001 0.010 0.004 0.012 0.111 0.841 
  58 T _   0.010 0.015 0.001 0.013 0.005 0.014 0.107 0.836 
  59 L _   0.010 0.017 0.001 0.016 0.007 0.015 0.103 0.831 
  60 L _   0.011 0.019 0.001 0.019 0.008 0.016 0.100 0.826 
  61 G _   0.011 0.021 0.001 0.022 0.009 0.017 0.097 0.823 
  62 K _   0.012 0.022 0.001 0.023 0.009 0.018 0.094 0.822 
  63 E _   0.012 0.022 0.001 0.023 0.009 0.018 0.091 0.824 
  64 I _   0.013 0.020 0.001 0.022 0.009 0.018 0.089 0.829 
  65 K _   0.013 0.019 0.001 0.019 0.008 0.017 0.087 0.836 
  66 I _   0.013 0.016 0.001 0.016 0.007 0.017 0.086 0.844 
  67 L _   0.014 0.013 0.001 0.013 0.006 0.017 0.084 0.853 
  68 K _   0.014 0.010 0.001 0.010 0.006 0.016 0.082 0.860 
  69 E _   0.015 0.008 0.001 0.008 0.005 0.017 0.081 0.865 
  70 L _   0.016 0.007 0.001 0.007 0.005 0.017 0.079 0.868 
  71 K _   0.017 0.006 0.001 0.007 0.006 0.018 0.078 0.868 
  72 H _   0.019 0.005 0.001 0.007 0.006 0.020 0.076 0.866 
  73 E _   0.021 0.006 0.001 0.009 0.007 0.022 0.074 0.860 
  74 N _   0.024 0.006 0.001 0.011 0.009 0.024 0.072 0.852 
  75 I _   0.026 0.007 0.001 0.014 0.011 0.026 0.071 0.844 
  76 V _   0.029 0.008 0.001 0.016 0.012 0.027 0.069 0.837 
  77 A _   0.030 0.008 0.001 0.018 0.013 0.028 0.068 0.834 
  78 L _   0.031 0.008 0.001 0.018 0.012 0.028 0.066 0.835 
  79 Y _   0.032 0.007 0.001 0.016 0.012 0.028 0.065 0.839 
  80 D _   0.032 0.006 0.001 0.013 0.011 0.028 0.063 0.846 
  81 F _   0.033 0.005 0.001 0.010 0.010 0.027 0.062 0.852 
  82 Q _   0.034 0.004 0.001 0.007 0.009 0.028 0.061 0.857 
  83 E _   0.037 0.003 0.001 0.006 0.008 0.028 0.060 0.857 
  84 M _   0.039 0.003 0.001 0.006 0.009 0.030 0.058 0.854 
  85 A _   0.043 0.004 0.001 0.007 0.011 0.032 0.057 0.846 
  86 N _   0.047 0.006 0.001 0.010 0.014 0.034 0.056 0.833 
  87 S _   0.051 0.010 0.001 0.015 0.017 0.036 0.054 0.816 
  88 V _   0.053 0.015 0.002 0.022 0.020 0.037 0.053 0.798 
  89 Y _   0.054 0.020 0.002 0.029 0.023 0.037 0.052 0.784 
  90 L _   0.052 0.023 0.002 0.034 0.023 0.036 0.052 0.778 
  91 V _   0.049 0.024 0.002 0.035 0.022 0.033 0.051 0.783 
  92 M _   0.044 0.023 0.002 0.033 0.019 0.030 0.051 0.797 
  93 E _   0.038 0.020 0.001 0.027 0.015 0.027 0.051 0.820 
  94 Y _   0.031 0.016 0.001 0.020 0.011 0.023 0.052 0.847 
  95 C _   0.025 0.011 0.001 0.013 0.008 0.019 0.051 0.872 
  96 N _   0.020 0.006 0.001 0.008 0.005 0.016 0.051 0.892 
  97 G _   0.017 0.004 0.000 0.006 0.004 0.015 0.051 0.904 
  98 G _   0.015 0.003 0.000 0.004 0.003 0.014 0.050 0.911 
  99 D _   0.014 0.002 0.000 0.004 0.003 0.014 0.049 0.913 
 100 L _   0.015 0.002 0.000 0.005 0.004 0.015 0.048 0.910 
 101 A _   0.016 0.003 0.001 0.007 0.005 0.017 0.047 0.904 
 102 D _   0.018 0.004 0.001 0.010 0.007 0.019 0.046 0.895 
 103 Y _   0.021 0.005 0.001 0.014 0.009 0.022 0.044 0.885 
 104 L _   0.023 0.006 0.001 0.018 0.010 0.023 0.043 0.875 
 105 H _   0.027 0.006 0.001 0.020 0.012 0.025 0.041 0.868 
 106 A _   0.032 0.006 0.001 0.020 0.012 0.026 0.040 0.863 
 107 M _   0.037 0.006 0.001 0.018 0.012 0.026 0.039 0.861 
 108 R _   0.045 0.004 0.001 0.014 0.011 0.026 0.038 0.860 
 109 T _   0.056 0.003 0.001 0.010 0.010 0.026 0.037 0.858 
 110 L _   0.069 0.001 0.001 0.007 0.008 0.027 0.036 0.851 
 111 S _   0.088 0.001 0.001 0.004 0.008 0.027 0.034 0.836 
 112 E _   0.114 0.000 0.001 0.003 0.008 0.029 0.033 0.812 
 113 D _   0.148 0.000 0.001 0.002 0.009 0.031 0.032 0.777 
 114 T _   0.189 0.000 0.001 0.002 0.012 0.034 0.031 0.731 
 115 I _   0.236 0.000 0.001 0.003 0.015 0.038 0.029 0.677 
 116 R _   0.286 0.000 0.001 0.003 0.020 0.042 0.029 0.618 
 117 L _   0.331 0.000 0.002 0.004 0.026 0.046 0.028 0.563 
 118 F _   0.369 0.000 0.002 0.005 0.032 0.048 0.028 0.516 
 119 L _   0.397 0.001 0.002 0.006 0.037 0.050 0.028 0.480 
 120 Q _   0.413 0.001 0.002 0.008 0.040 0.050 0.029 0.458 
 121 Q _   0.421 0.001 0.002 0.009 0.041 0.049 0.029 0.449 
 122 I _   0.419 0.002 0.002 0.009 0.040 0.047 0.031 0.451 
 123 A _   0.408 0.002 0.002 0.009 0.038 0.045 0.033 0.464 
 124 G _   0.389 0.001 0.002 0.009 0.034 0.042 0.035 0.489 
 125 A _   0.361 0.001 0.002 0.008 0.029 0.039 0.037 0.523 
 126 M _   0.325 0.001 0.002 0.007 0.024 0.035 0.040 0.566 
 127 R _   0.283 0.001 0.001 0.007 0.020 0.032 0.043 0.612 
 128 L _   0.240 0.001 0.001 0.007 0.017 0.030 0.047 0.659 
 129 L _   0.197 0.001 0.001 0.007 0.014 0.027 0.050 0.702 
 130 H _   0.160 0.001 0.001 0.007 0.012 0.025 0.054 0.740 
 131 S _   0.127 0.001 0.001 0.008 0.010 0.023 0.058 0.772 
 132 K _   0.100 0.001 0.001 0.009 0.009 0.021 0.061 0.799 
 133 G _   0.079 0.001 0.001 0.010 0.008 0.019 0.064 0.819 
 134 I _   0.061 0.001 0.001 0.010 0.007 0.017 0.067 0.837 
 135 I _   0.047 0.002 0.001 0.010 0.006 0.015 0.069 0.851 
 136 H _   0.036 0.002 0.001 0.009 0.005 0.013 0.072 0.863 
 137 R _   0.027 0.002 0.001 0.008 0.004 0.012 0.074 0.873 
 138 D _   0.021 0.001 0.000 0.007 0.004 0.010 0.075 0.880 
 139 L _   0.017 0.001 0.000 0.007 0.003 0.009 0.077 0.885 
 140 K _   0.013 0.001 0.000 0.006 0.003 0.009 0.078 0.888 
 141 P _   0.011 0.002 0.000 0.007 0.003 0.008 0.079 0.890 
 142 Q _   0.010 0.002 0.000 0.007 0.003 0.008 0.080 0.890 
 143 N _   0.009 0.002 0.000 0.008 0.003 0.008 0.081 0.888 
 144 I _   0.009 0.003 0.000 0.009 0.003 0.008 0.082 0.886 
 145 L _   0.008 0.003 0.000 0.010 0.003 0.008 0.082 0.885 
 146 L _   0.008 0.003 0.000 0.011 0.003 0.008 0.082 0.884 
 147 S _   0.007 0.003 0.000 0.011 0.003 0.008 0.083 0.884 
 148 N _   0.007 0.003 0.000 0.011 0.003 0.007 0.083 0.885 
 149 P _   0.006 0.003 0.000 0.010 0.003 0.007 0.083 0.888 
 150 A _   0.006 0.003 0.000 0.009 0.003 0.006 0.083 0.891 
 151 G _   0.005 0.003 0.000 0.007 0.002 0.006 0.082 0.894 
 152 R _   0.005 0.002 0.000 0.006 0.002 0.006 0.082 0.897 
 153 R _   0.005 0.002 0.000 0.005 0.002 0.006 0.081 0.900 
 154 A _   0.005 0.002 0.000 0.004 0.002 0.006 0.080 0.901 
 155 N _   0.005 0.002 0.000 0.004 0.002 0.007 0.078 0.902 
 156 P _   0.005 0.003 0.000 0.005 0.002 0.009 0.076 0.900 
 157 N _   0.006 0.004 0.000 0.006 0.003 0.011 0.074 0.895 
 158 S _   0.008 0.007 0.000 0.009 0.004 0.014 0.071 0.887 
 159 I _   0.010 0.011 0.001 0.013 0.006 0.018 0.068 0.874 
 160 R _   0.012 0.016 0.001 0.019 0.009 0.023 0.064 0.855 
 161 V _   0.015 0.022 0.001 0.026 0.012 0.028 0.061 0.835 
 162 K _   0.018 0.027 0.001 0.033 0.016 0.033 0.057 0.815 
 163 I _   0.021 0.031 0.001 0.039 0.019 0.037 0.053 0.798 
 164 A _   0.026 0.033 0.002 0.042 0.021 0.040 0.050 0.786 
 165 D _   0.032 0.032 0.002 0.042 0.023 0.043 0.048 0.780 
 166 F _   0.039 0.030 0.002 0.038 0.023 0.044 0.045 0.779 
 167 G _   0.049 0.025 0.002 0.031 0.022 0.045 0.043 0.783 
 168 F _   0.061 0.018 0.002 0.023 0.020 0.046 0.042 0.788 
 169 A _   0.077 0.011 0.001 0.016 0.018 0.046 0.040 0.791 
 170 R _   0.097 0.006 0.001 0.010 0.016 0.046 0.038 0.786 
 171 Y _   0.121 0.002 0.001 0.006 0.015 0.046 0.036 0.772 
 172 L _   0.151 0.001 0.001 0.004 0.015 0.047 0.035 0.747 
 173 Q _   0.187 0.000 0.001 0.003 0.017 0.048 0.033 0.710 
 174 S _   0.228 0.000 0.001 0.003 0.021 0.050 0.032 0.665 
 175 N _   0.270 0.000 0.001 0.004 0.025 0.052 0.030 0.617 
 176 M _   0.308 0.000 0.002 0.005 0.031 0.053 0.030 0.571 
 177 M _   0.339 0.001 0.002 0.007 0.035 0.053 0.029 0.534 
 178 A _   0.359 0.001 0.002 0.008 0.038 0.053 0.030 0.509 
 179 A _   0.370 0.001 0.002 0.009 0.039 0.051 0.030 0.498 
 180 T _   0.369 0.001 0.002 0.009 0.037 0.048 0.031 0.502 
 181 L _   0.358 0.001 0.002 0.009 0.034 0.045 0.032 0.519 
 182 C _   0.339 0.001 0.002 0.007 0.029 0.042 0.033 0.547 
 183 G _   0.314 0.001 0.002 0.005 0.024 0.039 0.035 0.580 
 184 S _   0.286 0.000 0.001 0.004 0.020 0.037 0.036 0.614 
 185 P _   0.256 0.000 0.001 0.004 0.017 0.035 0.038 0.648 
 186 M _   0.224 0.000 0.001 0.005 0.016 0.033 0.040 0.681 
 187 Y _   0.193 0.001 0.001 0.006 0.015 0.032 0.043 0.710 
 188 M _   0.163 0.001 0.001 0.009 0.015 0.032 0.045 0.734 
 189 A _   0.135 0.002 0.001 0.013 0.015 0.030 0.048 0.756 
 190 P _   0.109 0.003 0.001 0.017 0.015 0.029 0.050 0.776 
 191 E _   0.086 0.004 0.001 0.020 0.014 0.026 0.053 0.796 
 192 V _   0.067 0.004 0.001 0.021 0.012 0.023 0.055 0.816 
 193 I _   0.051 0.004 0.001 0.019 0.010 0.020 0.058 0.837 
 194 M _   0.038 0.003 0.001 0.016 0.008 0.017 0.060 0.857 
 195 S _   0.028 0.002 0.001 0.011 0.005 0.014 0.062 0.875 
 196 Q _   0.021 0.001 0.000 0.008 0.004 0.012 0.064 0.889 
 197 H _   0.017 0.001 0.000 0.005 0.003 0.010 0.065 0.899 
 198 Y _   0.015 0.000 0.000 0.003 0.002 0.010 0.066 0.904 
 199 D _   0.016 0.000 0.000 0.002 0.002 0.011 0.066 0.904 
 200 G _   0.021 0.000 0.000 0.002 0.002 0.013 0.066 0.897 
 201 K _   0.032 0.000 0.000 0.002 0.003 0.017 0.065 0.880 
 202 A _   0.052 0.000 0.000 0.002 0.006 0.024 0.065 0.850 
 203 D _   0.081 0.001 0.001 0.004 0.011 0.035 0.064 0.804 
 204 L _   0.117 0.006 0.001 0.007 0.021 0.047 0.063 0.739 
 205 W _   0.151 0.016 0.002 0.013 0.036 0.059 0.061 0.662 
 206 S _   0.180 0.034 0.003 0.020 0.050 0.069 0.060 0.584 
 207 I _   0.201 0.056 0.003 0.030 0.061 0.074 0.060 0.515 
 208 G _   0.213 0.074 0.003 0.038 0.068 0.076 0.060 0.467 
 209 T _   0.219 0.087 0.003 0.043 0.071 0.075 0.061 0.440 
 210 I _   0.217 0.093 0.003 0.046 0.070 0.072 0.063 0.435 
 211 V _   0.210 0.094 0.003 0.045 0.066 0.068 0.066 0.448 
 212 Y _   0.196 0.091 0.003 0.042 0.058 0.062 0.070 0.478 
 213 Q _   0.175 0.084 0.003 0.038 0.049 0.055 0.074 0.522 
 214 C _   0.151 0.072 0.003 0.032 0.038 0.048 0.079 0.577 
 215 L _   0.124 0.057 0.002 0.026 0.028 0.041 0.085 0.637 
 216 T _   0.098 0.042 0.002 0.020 0.019 0.033 0.090 0.695 
 217 G _   0.074 0.029 0.001 0.016 0.013 0.027 0.095 0.745 
 218 K _   0.054 0.020 0.001 0.012 0.008 0.022 0.100 0.784 
 219 A _   0.039 0.013 0.001 0.009 0.006 0.017 0.103 0.813 
 220 P _   0.027 0.009 0.000 0.007 0.004 0.014 0.106 0.833 
 221 F _   0.019 0.006 0.000 0.006 0.003 0.011 0.108 0.846 
 222 Q _   0.014 0.005 0.000 0.005 0.003 0.009 0.109 0.855 
 223 A _   0.011 0.004 0.000 0.005 0.002 0.008 0.110 0.859 
 224 S _   0.009 0.004 0.000 0.005 0.002 0.008 0.111 0.861 
 225 S _   0.008 0.004 0.000 0.006 0.002 0.008 0.111 0.861 
 226 P _   0.007 0.005 0.000 0.007 0.003 0.008 0.111 0.858 
 227 Q _   0.007 0.006 0.000 0.009 0.003 0.009 0.111 0.855 
 228 D _   0.007 0.007 0.000 0.011 0.004 0.009 0.111 0.850 
 229 L _   0.008 0.008 0.001 0.013 0.004 0.010 0.110 0.846 
 230 R _   0.008 0.009 0.001 0.014 0.005 0.010 0.110 0.844 
 231 L _   0.008 0.010 0.001 0.014 0.005 0.010 0.110 0.843 
 232 F _   0.007 0.010 0.001 0.014 0.005 0.010 0.110 0.844 
 233 Y _   0.007 0.010 0.001 0.013 0.004 0.010 0.110 0.846 
 234 E _   0.007 0.010 0.000 0.012 0.004 0.010 0.110 0.847 
 235 K _   0.007 0.009 0.000 0.011 0.004 0.010 0.110 0.849 
 236 N _   0.007 0.009 0.000 0.010 0.004 0.010 0.110 0.849 
 237 K _   0.008 0.009 0.000 0.010 0.004 0.010 0.110 0.849 
 238 T _   0.008 0.009 0.000 0.010 0.004 0.011 0.110 0.847 
 239 L _   0.009 0.010 0.001 0.010 0.004 0.011 0.111 0.845 
 240 V _   0.009 0.010 0.001 0.010 0.004 0.012 0.111 0.842 
 241 P _   0.010 0.010 0.001 0.011 0.005 0.013 0.111 0.840 
 242 T _   0.010 0.011 0.001 0.010 0.005 0.014 0.111 0.839 
 243 I _   0.011 0.011 0.001 0.009 0.004 0.015 0.111 0.838 
 244 P _   0.012 0.011 0.000 0.008 0.004 0.016 0.111 0.837 
 245 R _   0.014 0.012 0.001 0.007 0.005 0.018 0.111 0.833 
 246 E _   0.016 0.014 0.001 0.006 0.005 0.021 0.111 0.827 
 247 T _   0.020 0.017 0.001 0.007 0.007 0.025 0.110 0.815 
 248 S _   0.024 0.024 0.001 0.009 0.010 0.030 0.109 0.794 
 249 A _   0.030 0.038 0.001 0.013 0.015 0.035 0.107 0.760 
 250 P _   0.036 0.066 0.002 0.020 0.022 0.040 0.105 0.709 
 251 L _   0.040 0.106 0.002 0.031 0.028 0.044 0.103 0.646 
 252 R _   0.042 0.149 0.002 0.043 0.032 0.045 0.102 0.585 
 253 Q _   0.041 0.182 0.002 0.055 0.033 0.044 0.102 0.540 
 254 L _   0.040 0.201 0.002 0.064 0.033 0.042 0.102 0.515 
 255 L _   0.037 0.210 0.002 0.069 0.031 0.039 0.104 0.508 
 256 L _   0.034 0.211 0.002 0.068 0.028 0.036 0.106 0.516 
 257 A _   0.031 0.203 0.002 0.062 0.024 0.031 0.110 0.537 
 258 L _   0.028 0.186 0.002 0.052 0.020 0.027 0.114 0.572 
 259 L _   0.025 0.156 0.002 0.040 0.015 0.023 0.119 0.620 
 260 Q _   0.022 0.116 0.001 0.028 0.011 0.019 0.125 0.678 
 261 R _   0.019 0.077 0.001 0.018 0.007 0.015 0.131 0.732 
 262 N _   0.015 0.049 0.001 0.011 0.005 0.012 0.135 0.772 
 263 H _   0.012 0.032 0.000 0.007 0.003 0.010 0.139 0.797 
 264 K _   0.010 0.023 0.000 0.005 0.002 0.009 0.141 0.810 
 265 D _   0.009 0.020 0.000 0.004 0.002 0.008 0.142 0.815 
 266 R _   0.008 0.019 0.000 0.004 0.002 0.008 0.143 0.817 
 267 M _   0.008 0.019 0.000 0.005 0.002 0.008 0.143 0.815 
 268 D _   0.008 0.021 0.000 0.007 0.003 0.009 0.143 0.810 
 269 F _   0.008 0.024 0.000 0.010 0.003 0.010 0.142 0.802 
 270 D _   0.008 0.028 0.001 0.014 0.004 0.011 0.141 0.793 
 271 E _   0.008 0.033 0.001 0.018 0.005 0.012 0.140 0.784 
 272 F _   0.008 0.037 0.001 0.021 0.006 0.012 0.139 0.776 
 273 F _   0.008 0.040 0.001 0.023 0.006 0.012 0.139 0.772 
 274 H _   0.008 0.041 0.001 0.024 0.006 0.012 0.139 0.770 
 275 H _   0.007 0.042 0.001 0.024 0.006 0.011 0.139 0.770 
 276 P _   0.007 0.041 0.001 0.022 0.006 0.011 0.140 0.773 
 277 F _   0.007 0.039 0.001 0.020 0.005 0.010 0.141 0.776 
 278 L _   0.007 0.036 0.001 0.018 0.005 0.010 0.142 0.782 
 279 D _   0.007 0.033 0.000 0.015 0.004 0.009 0.144 0.787 
 280 A _   0.007 0.030 0.000 0.013 0.003 0.008 0.145 0.793 
 281 S _   0.007 0.026 0.000 0.011 0.003 0.008 0.146 0.799 
 282 P _   0.006 0.024 0.000 0.009 0.003 0.007 0.147 0.804 
 283 S _   0.006 0.022 0.000 0.008 0.002 0.007 0.148 0.808 
 284 V _   0.006 0.021 0.000 0.007 0.002 0.006 0.148 0.810 
 285 R _   0.006 0.020 0.000 0.006 0.002 0.006 0.147 0.812 
 286 K _   0.005 0.020 0.000 0.006 0.002 0.006 0.147 0.813 
 287 S _   0.005 0.022 0.000 0.007 0.002 0.006 0.145 0.812 
 288 P _   0.005 0.024 0.000 0.008 0.002 0.007 0.144 0.810 
 289 P _   0.005 0.028 0.000 0.009 0.003 0.007 0.142 0.806 
 290 V _   0.005 0.033 0.000 0.011 0.003 0.008 0.139 0.802 
 291 P _   0.005 0.039 0.000 0.013 0.003 0.008 0.136 0.796 
 292 V _   0.005 0.046 0.000 0.014 0.003 0.008 0.133 0.790 
 293 P _   0.005 0.054 0.000 0.015 0.003 0.008 0.129 0.785 
 294 S _   0.004 0.062 0.000 0.015 0.003 0.008 0.126 0.781 
 295 Y _   0.004 0.071 0.000 0.015 0.003 0.008 0.122 0.777 
 296 P _   0.004 0.081 0.000 0.014 0.003 0.009 0.117 0.771 
 297 S _   0.004 0.094 0.000 0.015 0.003 0.009 0.112 0.763 
 298 S _   0.004 0.110 0.001 0.015 0.004 0.009 0.106 0.750 
 299 G _   0.005 0.133 0.001 0.017 0.004 0.010 0.099 0.730 
 300 S _   0.005 0.167 0.001 0.020 0.005 0.012 0.091 0.700 
 301 G _   0.005 0.215 0.001 0.024 0.007 0.013 0.081 0.654 
 302 S _   0.006 0.282 0.001 0.028 0.008 0.014 0.069 0.591 
 303 S _   0.006 0.365 0.001 0.032 0.010 0.014 0.057 0.516 
 304 S E   0.005 0.453 0.002 0.034 0.010 0.013 0.046 0.438 
 305 S E   0.004 0.534 0.001 0.034 0.010 0.011 0.036 0.370 
 306 S E   0.003 0.597 0.001 0.032 0.008 0.010 0.030 0.319 
 307 S E   0.003 0.641 0.001 0.029 0.007 0.008 0.025 0.286 
 308 S E   0.002 0.670 0.001 0.026 0.006 0.007 0.023 0.267 
 309 T E   0.002 0.687 0.001 0.022 0.005 0.006 0.021 0.257 
 310 S E   0.002 0.696 0.000 0.019 0.004 0.006 0.019 0.254 
 311 H E   0.002 0.701 0.000 0.015 0.003 0.005 0.019 0.254 
 312 L E   0.002 0.703 0.000 0.013 0.003 0.005 0.018 0.256 
 313 A E   0.002 0.704 0.000 0.010 0.003 0.005 0.017 0.259 
 314 S E   0.002 0.704 0.000 0.009 0.002 0.005 0.017 0.261 
 315 P E   0.002 0.705 0.000 0.008 0.002 0.005 0.017 0.261 
 316 P E   0.002 0.708 0.000 0.008 0.002 0.005 0.016 0.258 
 317 S E   0.003 0.713 0.000 0.008 0.003 0.006 0.016 0.252 
 318 L E   0.003 0.719 0.000 0.009 0.003 0.006 0.015 0.245 
 319 G E   0.003 0.727 0.000 0.010 0.003 0.006 0.015 0.236 
 320 E E   0.003 0.734 0.000 0.011 0.003 0.006 0.015 0.228 
 321 M E   0.003 0.738 0.000 0.011 0.003 0.006 0.014 0.224 
 322 Q E   0.003 0.740 0.000 0.012 0.003 0.006 0.014 0.222 
 323 Q E   0.003 0.738 0.000 0.012 0.003 0.006 0.014 0.224 
 324 L E   0.003 0.733 0.000 0.011 0.003 0.005 0.015 0.230 
 325 Q E   0.003 0.725 0.000 0.010 0.003 0.005 0.015 0.238 
 326 K E   0.003 0.714 0.000 0.009 0.003 0.005 0.015 0.250 
 327 T E   0.003 0.702 0.000 0.009 0.003 0.006 0.016 0.261 
 328 L E   0.003 0.692 0.000 0.008 0.003 0.006 0.016 0.271 
 329 A E   0.003 0.685 0.000 0.008 0.003 0.006 0.017 0.278 
 330 S E   0.003 0.679 0.000 0.009 0.003 0.006 0.017 0.282 
 331 P E   0.003 0.676 0.000 0.010 0.003 0.007 0.018 0.283 
 332 A E   0.003 0.674 0.000 0.012 0.004 0.007 0.018 0.282 
 333 D E   0.004 0.673 0.000 0.014 0.004 0.007 0.018 0.280 
 334 T E   0.004 0.669 0.000 0.017 0.004 0.007 0.019 0.280 
 335 A E   0.004 0.663 0.001 0.019 0.005 0.007 0.020 0.282 
 336 G E   0.004 0.652 0.001 0.022 0.005 0.007 0.021 0.290 
 337 F E   0.004 0.633 0.001 0.023 0.005 0.007 0.022 0.304 
 338 L E   0.004 0.605 0.001 0.025 0.006 0.008 0.024 0.328 
 339 H E   0.005 0.563 0.001 0.025 0.006 0.008 0.027 0.364 
 340 S E   0.005 0.509 0.001 0.024 0.006 0.008 0.031 0.415 
 341 S _   0.006 0.447 0.001 0.022 0.006 0.009 0.035 0.474 
 342 R _   0.006 0.385 0.001 0.020 0.005 0.009 0.040 0.534 
 343 D _   0.006 0.332 0.001 0.016 0.004 0.008 0.044 0.589 
 344 S _   0.005 0.293 0.001 0.012 0.003 0.007 0.048 0.631 
 345 G _   0.004 0.267 0.000 0.010 0.002 0.007 0.050 0.659 
 346 G _   0.004 0.251 0.000 0.008 0.002 0.006 0.052 0.677 
 347 S _   0.004 0.241 0.000 0.007 0.002 0.006 0.053 0.687 
 348 K _   0.003 0.237 0.000 0.006 0.002 0.006 0.054 0.692 
 349 D _   0.003 0.237 0.000 0.007 0.002 0.007 0.054 0.691 
 350 S _   0.004 0.241 0.000 0.008 0.002 0.007 0.053 0.685 
 351 S _   0.004 0.249 0.000 0.009 0.003 0.009 0.053 0.674 
 352 C _   0.004 0.263 0.000 0.012 0.003 0.010 0.052 0.655 
 353 D _   0.005 0.283 0.001 0.016 0.005 0.012 0.050 0.628 
 354 T _   0.005 0.308 0.001 0.021 0.006 0.013 0.049 0.596 
 355 D _   0.006 0.335 0.001 0.027 0.008 0.014 0.048 0.562 
 356 D _   0.006 0.359 0.001 0.032 0.009 0.015 0.047 0.533 
 357 F _   0.006 0.375 0.001 0.036 0.009 0.015 0.046 0.511 
 358 V _   0.006 0.386 0.001 0.039 0.010 0.015 0.046 0.497 
 359 M _   0.006 0.390 0.001 0.040 0.010 0.015 0.046 0.492 
 360 V _   0.006 0.388 0.001 0.040 0.010 0.015 0.047 0.494 
 361 P _   0.007 0.381 0.001 0.038 0.009 0.014 0.049 0.502 
 362 A _   0.007 0.367 0.001 0.035 0.009 0.014 0.051 0.518 
 363 Q _   0.007 0.346 0.001 0.032 0.009 0.013 0.053 0.539 
 364 F _   0.007 0.320 0.001 0.029 0.008 0.013 0.056 0.566 
 365 P _   0.008 0.291 0.001 0.026 0.008 0.013 0.060 0.594 
 366 G _   0.008 0.262 0.001 0.025 0.007 0.013 0.063 0.621 
 367 D _   0.009 0.233 0.001 0.024 0.007 0.013 0.067 0.647 
 368 L _   0.009 0.204 0.001 0.023 0.006 0.012 0.072 0.674 
 369 V _   0.009 0.176 0.001 0.021 0.006 0.012 0.076 0.701 
 370 A _   0.008 0.148 0.001 0.019 0.005 0.011 0.080 0.728 
 371 E _   0.008 0.121 0.001 0.016 0.004 0.010 0.083 0.756 
 372 A _   0.007 0.096 0.001 0.013 0.004 0.009 0.086 0.784 
 373 P _   0.006 0.075 0.000 0.010 0.003 0.008 0.088 0.809 
 374 S _   0.006 0.059 0.000 0.007 0.002 0.008 0.090 0.828 
 375 A _   0.005 0.050 0.000 0.005 0.002 0.007 0.091 0.840 
 376 K _   0.005 0.045 0.000 0.004 0.002 0.008 0.090 0.847 
 377 P _   0.005 0.043 0.000 0.004 0.002 0.009 0.090 0.848 
 378 P _   0.006 0.045 0.000 0.004 0.002 0.011 0.089 0.842 
 379 P _   0.009 0.052 0.000 0.006 0.004 0.016 0.087 0.827 
 380 D _   0.014 0.070 0.001 0.010 0.007 0.022 0.083 0.794 
 381 S _   0.019 0.115 0.001 0.016 0.014 0.029 0.078 0.728 
 382 L _   0.024 0.200 0.002 0.025 0.023 0.035 0.071 0.619 
 383 M _   0.026 0.324 0.003 0.033 0.031 0.038 0.063 0.482 
 384 C E   0.024 0.456 0.003 0.039 0.034 0.037 0.056 0.351 
 385 S E   0.021 0.567 0.003 0.042 0.033 0.034 0.051 0.249 
 386 G E   0.018 0.645 0.002 0.043 0.030 0.030 0.048 0.183 
 387 S E   0.017 0.691 0.002 0.042 0.027 0.027 0.046 0.149 
 388 S E   0.016 0.714 0.001 0.042 0.024 0.025 0.045 0.133 
 389 L E   0.016 0.724 0.001 0.041 0.022 0.022 0.046 0.127 
 390 V E   0.015 0.726 0.001 0.041 0.020 0.021 0.047 0.129 
 391 A E   0.015 0.718 0.001 0.040 0.019 0.019 0.049 0.139 
 392 S E   0.016 0.698 0.001 0.039 0.018 0.018 0.051 0.159 
 393 A E   0.016 0.661 0.002 0.037 0.017 0.017 0.056 0.194 
 394 G E   0.017 0.600 0.002 0.036 0.016 0.017 0.063 0.248 
 395 L E   0.019 0.515 0.002 0.035 0.015 0.017 0.072 0.325 
 396 E _   0.019 0.413 0.002 0.032 0.014 0.017 0.085 0.418 
 397 S _   0.019 0.311 0.002 0.028 0.012 0.017 0.098 0.513 
 398 H _   0.018 0.225 0.001 0.023 0.009 0.016 0.111 0.598 
 399 G _   0.016 0.163 0.001 0.018 0.006 0.014 0.121 0.661 
 400 R _   0.013 0.120 0.001 0.014 0.005 0.012 0.129 0.706 
 401 T _   0.011 0.093 0.000 0.011 0.003 0.011 0.135 0.735 
 402 P _   0.009 0.077 0.000 0.009 0.003 0.009 0.140 0.753 
 403 S _   0.008 0.067 0.000 0.008 0.002 0.008 0.143 0.764 
 404 P _   0.007 0.061 0.000 0.007 0.002 0.008 0.144 0.771 
 405 S _   0.006 0.057 0.000 0.006 0.002 0.007 0.145 0.776 
 406 P _   0.005 0.056 0.000 0.006 0.002 0.007 0.145 0.779 
 407 P _   0.005 0.056 0.000 0.006 0.002 0.006 0.144 0.780 
 408 C _   0.004 0.058 0.000 0.007 0.002 0.007 0.142 0.780 
 409 S _   0.004 0.062 0.000 0.008 0.002 0.007 0.139 0.778 
 410 S _   0.004 0.068 0.000 0.009 0.002 0.008 0.135 0.774 
 411 S _   0.004 0.079 0.000 0.011 0.003 0.008 0.130 0.764 
 412 P _   0.004 0.096 0.000 0.015 0.003 0.009 0.124 0.749 
 413 S _   0.004 0.120 0.001 0.019 0.004 0.010 0.116 0.727 
 414 P _   0.004 0.151 0.001 0.023 0.005 0.011 0.107 0.698 
 415 S _   0.004 0.187 0.001 0.026 0.006 0.012 0.098 0.666 
 416 G _   0.004 0.225 0.001 0.029 0.006 0.011 0.089 0.634 
 417 R _   0.004 0.260 0.001 0.030 0.006 0.011 0.081 0.607 
 418 A _   0.004 0.290 0.001 0.030 0.006 0.011 0.074 0.585 
 419 G _   0.003 0.315 0.001 0.028 0.006 0.010 0.068 0.568 
 420 P _   0.003 0.336 0.001 0.027 0.006 0.010 0.064 0.555 
 421 F _   0.003 0.352 0.001 0.024 0.005 0.010 0.060 0.545 
 422 S _   0.003 0.366 0.001 0.022 0.005 0.010 0.056 0.537 
 423 S _   0.003 0.378 0.001 0.021 0.005 0.010 0.053 0.529 
 424 S _   0.004 0.390 0.001 0.019 0.005 0.010 0.051 0.521 
 425 R _   0.004 0.401 0.001 0.019 0.005 0.010 0.048 0.512 
 426 C _   0.004 0.411 0.001 0.018 0.005 0.010 0.046 0.504 
 427 G _   0.005 0.421 0.001 0.017 0.005 0.011 0.045 0.496 
 428 A _   0.005 0.430 0.001 0.017 0.006 0.011 0.043 0.487 
 429 S _   0.005 0.439 0.001 0.017 0.006 0.012 0.041 0.480 
 430 V _   0.006 0.446 0.001 0.017 0.006 0.012 0.040 0.473 
 431 P _   0.006 0.452 0.001 0.016 0.006 0.012 0.039 0.467 
 432 I _   0.006 0.458 0.001 0.016 0.007 0.013 0.038 0.461 
 433 P E   0.007 0.463 0.001 0.017 0.007 0.013 0.037 0.456 
 434 V E   0.007 0.467 0.001 0.017 0.007 0.013 0.037 0.451 
 435 P E   0.008 0.469 0.001 0.018 0.008 0.013 0.036 0.447 
 436 T E   0.008 0.471 0.001 0.019 0.008 0.013 0.036 0.444 
 437 Q E   0.008 0.470 0.001 0.020 0.008 0.013 0.036 0.444 
 438 V E   0.009 0.467 0.001 0.020 0.008 0.013 0.036 0.446 
 439 Q E   0.009 0.462 0.001 0.021 0.008 0.013 0.036 0.451 
 440 N _   0.009 0.452 0.001 0.021 0.008 0.012 0.037 0.460 
 441 Y _   0.009 0.439 0.001 0.020 0.007 0.012 0.038 0.474 
 442 Q _   0.008 0.422 0.001 0.019 0.007 0.011 0.039 0.492 
 443 R _   0.008 0.401 0.001 0.018 0.007 0.011 0.041 0.514 
 444 I _   0.008 0.378 0.001 0.016 0.006 0.011 0.042 0.538 
 445 E _   0.008 0.353 0.001 0.015 0.005 0.010 0.044 0.564 
 446 R _   0.008 0.329 0.001 0.013 0.005 0.010 0.046 0.590 
 447 N _   0.007 0.309 0.001 0.011 0.004 0.009 0.047 0.611 
 448 L _   0.007 0.293 0.000 0.010 0.004 0.009 0.049 0.628 
 449 Q _   0.007 0.281 0.000 0.010 0.003 0.009 0.050 0.640 
 450 S _   0.006 0.273 0.000 0.009 0.003 0.008 0.051 0.649 
 451 P _   0.006 0.267 0.000 0.009 0.003 0.008 0.052 0.655 
 452 T _   0.006 0.263 0.000 0.009 0.003 0.008 0.052 0.659 
 453 Q _   0.006 0.260 0.000 0.009 0.003 0.008 0.053 0.661 
 454 F _   0.005 0.259 0.000 0.010 0.003 0.008 0.053 0.661 
 455 Q _   0.005 0.260 0.000 0.010 0.003 0.008 0.053 0.661 
 456 T _   0.005 0.261 0.000 0.010 0.003 0.008 0.053 0.660 
 457 P _   0.005 0.263 0.000 0.011 0.003 0.008 0.053 0.657 
 458 R _   0.005 0.266 0.000 0.012 0.004 0.008 0.053 0.653 
 459 S _   0.005 0.270 0.000 0.012 0.004 0.009 0.053 0.648 
 460 S _   0.005 0.274 0.000 0.013 0.004 0.009 0.052 0.642 
 461 A _   0.005 0.280 0.001 0.014 0.004 0.009 0.052 0.635 
 462 I _   0.005 0.285 0.001 0.015 0.004 0.009 0.052 0.629 
 463 R _   0.005 0.289 0.001 0.016 0.004 0.009 0.052 0.624 
 464 R _   0.005 0.293 0.001 0.016 0.005 0.009 0.052 0.619 
 465 S _   0.005 0.297 0.001 0.017 0.005 0.009 0.052 0.614 
 466 G _   0.005 0.300 0.001 0.018 0.005 0.010 0.053 0.609 
 467 S _   0.005 0.302 0.001 0.020 0.005 0.010 0.053 0.604 
 468 T _   0.006 0.303 0.001 0.022 0.006 0.010 0.054 0.599 
 469 S _   0.006 0.303 0.001 0.024 0.006 0.010 0.055 0.595 
 470 P _   0.006 0.301 0.001 0.026 0.006 0.011 0.056 0.593 
 471 L _   0.007 0.296 0.001 0.027 0.006 0.011 0.058 0.595 
 472 G _   0.007 0.288 0.001 0.027 0.006 0.010 0.060 0.602 
 473 F _   0.007 0.274 0.001 0.025 0.006 0.010 0.062 0.615 
 474 A _   0.007 0.254 0.001 0.022 0.005 0.009 0.065 0.636 
 475 R _   0.007 0.229 0.001 0.018 0.005 0.009 0.069 0.664 
 476 A _   0.006 0.202 0.001 0.014 0.004 0.008 0.072 0.694 
 477 S _   0.006 0.179 0.000 0.010 0.003 0.007 0.074 0.721 
 478 P _   0.005 0.164 0.000 0.007 0.002 0.007 0.076 0.739 
 479 S _   0.004 0.156 0.000 0.005 0.002 0.006 0.077 0.749 
 480 P _   0.004 0.154 0.000 0.004 0.002 0.007 0.078 0.751 
 481 P _   0.005 0.157 0.000 0.005 0.002 0.008 0.078 0.745 
 482 A _   0.006 0.168 0.000 0.008 0.003 0.010 0.077 0.728 
 483 H _   0.007 0.192 0.001 0.013 0.005 0.012 0.075 0.695 
 484 A _   0.007 0.236 0.001 0.020 0.007 0.014 0.073 0.641 
 485 E _   0.007 0.298 0.001 0.029 0.010 0.016 0.069 0.570 
 486 H _   0.007 0.363 0.001 0.036 0.011 0.016 0.066 0.500 
 487 G _   0.006 0.416 0.001 0.042 0.011 0.015 0.064 0.444 
 488 G E   0.005 0.452 0.001 0.046 0.011 0.014 0.063 0.407 
 489 V E   0.005 0.473 0.001 0.048 0.010 0.014 0.063 0.387 
 490 L E   0.005 0.483 0.001 0.048 0.010 0.013 0.063 0.377 
 491 A E   0.005 0.485 0.001 0.047 0.010 0.013 0.064 0.376 
 492 R E   0.005 0.479 0.001 0.045 0.009 0.012 0.066 0.382 
 493 K E   0.005 0.466 0.001 0.041 0.009 0.012 0.069 0.396 
 494 M E   0.005 0.444 0.001 0.038 0.009 0.011 0.074 0.417 
 495 S _   0.006 0.413 0.001 0.034 0.009 0.011 0.080 0.447 
 496 L _   0.007 0.373 0.001 0.031 0.008 0.011 0.087 0.483 
 497 G _   0.007 0.327 0.001 0.027 0.008 0.011 0.096 0.523 
 498 G _   0.008 0.280 0.001 0.023 0.007 0.011 0.105 0.565 
 499 G _   0.008 0.237 0.001 0.019 0.006 0.010 0.115 0.604 
 500 R _   0.008 0.199 0.001 0.016 0.005 0.010 0.124 0.638 
 501 P _   0.007 0.170 0.001 0.013 0.004 0.009 0.131 0.665 
 502 Y _   0.006 0.149 0.000 0.010 0.003 0.009 0.138 0.685 
 503 T _   0.006 0.135 0.000 0.009 0.003 0.008 0.143 0.697 
 504 P _   0.005 0.127 0.000 0.008 0.002 0.008 0.147 0.703 
 505 S _   0.005 0.122 0.000 0.008 0.002 0.008 0.150 0.704 
 506 P _   0.005 0.120 0.000 0.009 0.003 0.008 0.153 0.701 
 507 Q _   0.005 0.121 0.000 0.012 0.003 0.009 0.156 0.696 
 508 V _   0.005 0.122 0.000 0.014 0.004 0.009 0.158 0.687 
 509 G _   0.005 0.124 0.000 0.018 0.004 0.010 0.160 0.678 
 510 T _   0.005 0.126 0.001 0.021 0.005 0.010 0.163 0.669 
 511 I _   0.005 0.127 0.001 0.024 0.005 0.010 0.166 0.662 
 512 P _   0.005 0.126 0.001 0.026 0.006 0.010 0.170 0.657 
 513 E _   0.005 0.122 0.001 0.026 0.005 0.010 0.174 0.656 
 514 R _   0.005 0.116 0.001 0.024 0.005 0.009 0.180 0.659 
 515 P _   0.005 0.108 0.001 0.021 0.005 0.009 0.186 0.666 
 516 G _   0.005 0.097 0.001 0.017 0.004 0.008 0.192 0.676 
 517 W _   0.005 0.086 0.000 0.013 0.003 0.007 0.199 0.686 
 518 S _   0.005 0.076 0.000 0.010 0.003 0.006 0.205 0.695 
 519 G _   0.004 0.069 0.000 0.008 0.002 0.006 0.210 0.701 
 520 T _   0.004 0.065 0.000 0.007 0.002 0.006 0.214 0.704 
 521 P _   0.004 0.062 0.000 0.006 0.002 0.006 0.217 0.703 
 522 S _   0.004 0.062 0.000 0.007 0.002 0.006 0.219 0.700 
 523 P _   0.004 0.063 0.000 0.009 0.002 0.007 0.221 0.694 
 524 Q _   0.004 0.066 0.000 0.012 0.003 0.007 0.222 0.686 
 525 G _   0.004 0.070 0.000 0.015 0.003 0.008 0.223 0.675 
 526 A _   0.004 0.075 0.000 0.019 0.004 0.008 0.224 0.665 
 527 E _   0.004 0.078 0.000 0.023 0.004 0.009 0.226 0.655 
 528 M _   0.004 0.080 0.001 0.025 0.004 0.009 0.228 0.648 
 529 R _   0.004 0.081 0.001 0.026 0.004 0.009 0.230 0.645 
 530 G _   0.004 0.079 0.000 0.024 0.004 0.008 0.234 0.646 
 531 G _   0.004 0.075 0.000 0.022 0.004 0.008 0.238 0.649 
 532 R _   0.004 0.070 0.000 0.018 0.003 0.007 0.242 0.654 
 533 S _   0.004 0.065 0.000 0.014 0.003 0.006 0.247 0.661 
 534 P _   0.004 0.059 0.000 0.011 0.002 0.006 0.251 0.667 
 535 R _   0.004 0.054 0.000 0.008 0.002 0.005 0.255 0.672 
 536 P _   0.004 0.050 0.000 0.007 0.001 0.005 0.258 0.675 
 537 G _   0.003 0.048 0.000 0.006 0.001 0.005 0.260 0.676 
 538 S _   0.003 0.048 0.000 0.005 0.001 0.005 0.261 0.677 
 539 S _   0.003 0.049 0.000 0.005 0.001 0.005 0.260 0.676 
 540 A _   0.003 0.052 0.000 0.006 0.001 0.006 0.259 0.673 
 541 P _   0.003 0.057 0.000 0.007 0.002 0.007 0.257 0.666 
 542 E _   0.004 0.068 0.000 0.009 0.003 0.008 0.254 0.654 
 543 H _   0.004 0.085 0.000 0.013 0.004 0.010 0.249 0.634 
 544 S _   0.005 0.114 0.001 0.018 0.005 0.012 0.242 0.602 
 545 P _   0.005 0.156 0.001 0.026 0.008 0.014 0.235 0.554 
 546 R _   0.005 0.208 0.001 0.035 0.010 0.016 0.227 0.498 
 547 T _   0.005 0.258 0.001 0.044 0.011 0.017 0.220 0.444 
 548 S _   0.005 0.296 0.001 0.052 0.012 0.017 0.215 0.402 
 549 G _   0.005 0.322 0.001 0.058 0.012 0.017 0.212 0.373 
 550 L _   0.005 0.335 0.001 0.062 0.012 0.016 0.211 0.357 
 551 G _   0.005 0.340 0.001 0.063 0.012 0.016 0.211 0.352 
 552 C _   0.005 0.337 0.001 0.060 0.012 0.015 0.214 0.356 
 553 R _   0.006 0.327 0.001 0.054 0.011 0.014 0.218 0.370 
 554 L _   0.006 0.305 0.001 0.046 0.010 0.013 0.224 0.395 
 555 H _   0.006 0.270 0.001 0.037 0.009 0.012 0.232 0.432 
 556 S _   0.007 0.225 0.001 0.028 0.008 0.012 0.242 0.476 
 557 A _   0.007 0.181 0.001 0.021 0.007 0.011 0.253 0.519 
 558 P _   0.007 0.145 0.001 0.016 0.005 0.011 0.263 0.552 
 559 N _   0.007 0.121 0.001 0.013 0.004 0.010 0.272 0.572 
 560 L _   0.007 0.105 0.000 0.011 0.004 0.010 0.280 0.582 
 561 S _   0.007 0.096 0.000 0.012 0.003 0.010 0.287 0.585 
 562 D _   0.007 0.089 0.000 0.013 0.004 0.010 0.293 0.584 
 563 L _   0.007 0.083 0.000 0.015 0.004 0.010 0.299 0.581 
 564 H _   0.007 0.078 0.001 0.017 0.004 0.010 0.305 0.578 
 565 V _   0.007 0.072 0.001 0.018 0.004 0.010 0.312 0.576 
 566 V _   0.007 0.065 0.001 0.018 0.004 0.009 0.319 0.578 
 567 R _   0.007 0.056 0.001 0.016 0.004 0.008 0.326 0.583 
 568 P _   0.006 0.044 0.000 0.013 0.003 0.007 0.333 0.591 
 569 K _   0.006 0.033 0.000 0.010 0.003 0.006 0.340 0.601 
 570 L _   0.005 0.023 0.000 0.007 0.002 0.005 0.346 0.611 
 571 P _   0.004 0.016 0.000 0.005 0.001 0.005 0.350 0.618 
 572 K _   0.004 0.012 0.000 0.003 0.001 0.004 0.353 0.623 
 573 P _   0.004 0.010 0.000 0.003 0.001 0.004 0.355 0.624 
 574 P _   0.003 0.009 0.000 0.003 0.001 0.004 0.356 0.623 
 575 T _   0.004 0.009 0.000 0.004 0.001 0.005 0.356 0.621 
 576 D _   0.004 0.011 0.000 0.006 0.002 0.006 0.355 0.617 
 577 P _   0.004 0.014 0.000 0.009 0.002 0.007 0.354 0.609 
 578 L _   0.005 0.018 0.000 0.014 0.003 0.008 0.352 0.600 
 579 G _   0.005 0.022 0.000 0.019 0.004 0.009 0.350 0.590 
 580 A _   0.006 0.026 0.001 0.023 0.005 0.010 0.348 0.582 
 581 V _   0.005 0.028 0.001 0.026 0.005 0.010 0.347 0.578 
 582 F _   0.005 0.028 0.001 0.026 0.005 0.009 0.347 0.579 
 583 S _   0.005 0.027 0.000 0.023 0.004 0.008 0.348 0.584 
 584 P _   0.004 0.025 0.000 0.019 0.004 0.007 0.349 0.592 
 585 P _   0.004 0.021 0.000 0.014 0.003 0.006 0.350 0.601 
 586 Q _   0.004 0.018 0.000 0.009 0.002 0.005 0.352 0.610 
 587 A _   0.003 0.014 0.000 0.006 0.002 0.005 0.352 0.617 
 588 S _   0.003 0.013 0.000 0.004 0.001 0.004 0.353 0.622 
 589 P _   0.003 0.012 0.000 0.003 0.001 0.004 0.352 0.625 
 590 P _   0.003 0.012 0.000 0.003 0.001 0.004 0.351 0.625 
 591 Q _   0.003 0.013 0.000 0.004 0.001 0.005 0.349 0.624 
 592 P _   0.003 0.016 0.000 0.006 0.002 0.006 0.346 0.620 
 593 S _   0.004 0.021 0.000 0.010 0.003 0.007 0.342 0.613 
 594 H _   0.004 0.029 0.000 0.014 0.004 0.009 0.337 0.603 
 595 G _   0.004 0.037 0.001 0.020 0.005 0.010 0.332 0.592 
 596 L _   0.005 0.044 0.001 0.025 0.005 0.011 0.327 0.582 
 597 Q _   0.004 0.050 0.001 0.029 0.006 0.011 0.324 0.576 
 598 S _   0.005 0.053 0.001 0.031 0.006 0.011 0.321 0.573 
 599 C _   0.005 0.054 0.001 0.031 0.006 0.011 0.319 0.574 
 600 R _   0.005 0.054 0.001 0.028 0.006 0.010 0.318 0.579 
 601 N _   0.005 0.052 0.001 0.025 0.005 0.009 0.318 0.586 
 602 L _   0.004 0.048 0.001 0.021 0.004 0.009 0.319 0.594 
 603 R _   0.004 0.043 0.000 0.017 0.004 0.008 0.320 0.603 
 604 G _   0.005 0.037 0.000 0.014 0.003 0.007 0.322 0.612 
 605 S _   0.005 0.031 0.000 0.011 0.003 0.007 0.324 0.619 
 606 P _   0.005 0.026 0.000 0.009 0.002 0.006 0.326 0.625 
 607 K _   0.005 0.023 0.000 0.008 0.002 0.006 0.327 0.629 
 608 L _   0.005 0.020 0.000 0.007 0.002 0.006 0.328 0.632 
 609 P _   0.005 0.018 0.000 0.007 0.002 0.006 0.328 0.634 
 610 D _   0.005 0.017 0.000 0.007 0.002 0.006 0.329 0.635 
 611 F _   0.005 0.015 0.000 0.007 0.002 0.006 0.328 0.637 
 612 L _   0.005 0.015 0.000 0.007 0.002 0.006 0.328 0.638 
 613 Q _   0.004 0.014 0.000 0.007 0.002 0.006 0.327 0.640 
 614 R _   0.004 0.014 0.000 0.007 0.002 0.006 0.326 0.641 
 615 N _   0.004 0.014 0.000 0.007 0.002 0.006 0.325 0.643 
 616 P _   0.004 0.014 0.000 0.007 0.002 0.006 0.323 0.644 
 617 L _   0.004 0.014 0.000 0.007 0.002 0.006 0.321 0.645 
 618 P _   0.004 0.015 0.000 0.007 0.002 0.006 0.319 0.645 
 619 P _   0.004 0.017 0.000 0.008 0.002 0.007 0.317 0.645 
 620 I _   0.005 0.018 0.000 0.009 0.003 0.007 0.314 0.644 
 621 L _   0.005 0.020 0.000 0.010 0.003 0.008 0.311 0.642 
 622 G _   0.005 0.023 0.000 0.012 0.004 0.009 0.308 0.639 
 623 S _   0.005 0.026 0.000 0.014 0.004 0.009 0.306 0.635 
 624 P _   0.005 0.029 0.001 0.017 0.005 0.010 0.303 0.631 
 625 T _   0.006 0.031 0.001 0.020 0.005 0.010 0.301 0.627 
 626 K _   0.006 0.033 0.001 0.022 0.006 0.011 0.299 0.623 
 627 A _   0.006 0.034 0.001 0.023 0.006 0.011 0.298 0.621 
 628 V _   0.006 0.034 0.001 0.024 0.006 0.011 0.298 0.622 
 629 P _   0.006 0.032 0.001 0.022 0.005 0.010 0.298 0.625 
 630 S _   0.006 0.030 0.001 0.020 0.005 0.009 0.299 0.631 
 631 F _   0.006 0.026 0.001 0.016 0.004 0.008 0.300 0.640 
 632 D _   0.005 0.021 0.000 0.012 0.003 0.007 0.301 0.650 
 633 F _   0.005 0.017 0.000 0.008 0.002 0.007 0.301 0.659 
 634 P _   0.004 0.013 0.000 0.006 0.002 0.006 0.301 0.667 
 635 K _   0.004 0.011 0.000 0.004 0.001 0.006 0.301 0.672 
 636 T _   0.004 0.010 0.000 0.003 0.001 0.007 0.300 0.674 
 637 P _   0.005 0.011 0.000 0.003 0.002 0.009 0.298 0.672 
 638 S _   0.007 0.013 0.000 0.004 0.003 0.012 0.295 0.665 
 639 S _   0.011 0.021 0.001 0.007 0.005 0.017 0.290 0.648 
 640 Q _   0.015 0.043 0.001 0.012 0.010 0.024 0.284 0.612 
 641 N _   0.019 0.088 0.002 0.021 0.016 0.030 0.275 0.550 
 642 L _   0.022 0.157 0.002 0.031 0.023 0.034 0.264 0.467 
 643 L _   0.022 0.232 0.002 0.041 0.027 0.035 0.255 0.386 
 644 A _   0.021 0.291 0.002 0.050 0.028 0.035 0.247 0.325 
 645 L E   0.020 0.327 0.002 0.055 0.029 0.034 0.243 0.289 
 646 L E   0.020 0.347 0.002 0.058 0.028 0.033 0.241 0.271 
 647 A E   0.020 0.356 0.002 0.059 0.027 0.031 0.241 0.264 
 648 R E   0.020 0.358 0.002 0.058 0.026 0.029 0.242 0.266 
 649 Q E   0.020 0.352 0.002 0.055 0.024 0.027 0.245 0.276 
 650 G E   0.019 0.339 0.002 0.050 0.021 0.024 0.250 0.295 
 651 V _   0.019 0.315 0.002 0.045 0.018 0.022 0.256 0.322 
 652 V _   0.019 0.279 0.002 0.039 0.016 0.020 0.266 0.361 
 653 M _   0.018 0.231 0.002 0.033 0.013 0.018 0.277 0.409 
 654 T _   0.017 0.176 0.001 0.026 0.011 0.016 0.289 0.463 
 655 P _   0.016 0.123 0.001 0.020 0.008 0.014 0.302 0.517 
 656 P _   0.013 0.080 0.001 0.014 0.006 0.012 0.313 0.561 
 657 R _   0.011 0.051 0.001 0.009 0.004 0.010 0.322 0.592 
 658 N _   0.009 0.034 0.000 0.006 0.003 0.008 0.328 0.612 
 659 R _   0.007 0.025 0.000 0.005 0.002 0.007 0.332 0.622 
 660 T _   0.006 0.021 0.000 0.004 0.002 0.006 0.335 0.626 
 661 L _   0.005 0.020 0.000 0.004 0.001 0.006 0.337 0.627 
 662 P _   0.005 0.020 0.000 0.004 0.002 0.006 0.338 0.625 
 663 D _   0.005 0.021 0.000 0.006 0.002 0.007 0.339 0.620 
