#TopoPred_TM8: 8-state transmembrane topology prediction results by no_profile mode 
#probabilities are in the order of H E C I L F X _, the 8 transmembrane topology types used in PDBTM 
   1 R X   0.008 0.001 0.002 0.035 0.007 0.007 0.862 0.080 
   2 L X   0.003 0.000 0.000 0.020 0.001 0.004 0.885 0.087 
   3 S X   0.001 0.000 0.000 0.013 0.000 0.002 0.892 0.091 
   4 L X   0.001 0.000 0.000 0.010 0.000 0.003 0.892 0.094 
   5 L X   0.001 0.000 0.000 0.009 0.001 0.003 0.890 0.096 
   6 D X   0.002 0.001 0.000 0.009 0.001 0.004 0.885 0.098 
   7 L X   0.002 0.001 0.000 0.009 0.001 0.004 0.881 0.102 
   8 Q X   0.002 0.001 0.000 0.009 0.001 0.004 0.875 0.106 
   9 L X   0.002 0.001 0.000 0.009 0.001 0.004 0.870 0.112 
  10 G X   0.002 0.001 0.000 0.008 0.001 0.004 0.864 0.119 
  11 P X   0.002 0.002 0.000 0.007 0.001 0.004 0.857 0.127 
  12 L X   0.002 0.001 0.000 0.006 0.001 0.003 0.852 0.135 
  13 G X   0.002 0.001 0.000 0.004 0.001 0.003 0.846 0.143 
  14 R X   0.002 0.001 0.000 0.004 0.001 0.003 0.840 0.150 
  15 D X   0.002 0.001 0.000 0.003 0.001 0.003 0.834 0.156 
  16 P X   0.002 0.002 0.000 0.003 0.001 0.003 0.827 0.163 
  17 P X   0.002 0.002 0.000 0.004 0.001 0.003 0.819 0.169 
  18 Q X   0.002 0.002 0.000 0.005 0.001 0.003 0.810 0.176 
  19 E X   0.002 0.003 0.000 0.006 0.001 0.004 0.801 0.183 
  20 C X   0.002 0.004 0.000 0.008 0.002 0.004 0.790 0.191 
  21 S X   0.002 0.005 0.000 0.009 0.002 0.004 0.779 0.199 
  22 T X   0.002 0.005 0.000 0.009 0.002 0.004 0.768 0.210 
  23 F X   0.002 0.006 0.000 0.009 0.002 0.004 0.756 0.221 
  24 S X   0.002 0.006 0.000 0.008 0.002 0.004 0.744 0.233 
  25 P X   0.002 0.007 0.000 0.007 0.002 0.004 0.732 0.246 
  26 T X   0.002 0.007 0.000 0.006 0.001 0.004 0.719 0.260 
  27 D X   0.002 0.008 0.000 0.006 0.001 0.004 0.705 0.274 
  28 S X   0.002 0.009 0.000 0.005 0.001 0.004 0.690 0.288 
  29 G X   0.002 0.012 0.000 0.006 0.002 0.005 0.671 0.303 
  30 E X   0.002 0.015 0.000 0.007 0.002 0.006 0.650 0.317 
  31 E X   0.003 0.023 0.000 0.009 0.003 0.007 0.624 0.331 
  32 P X   0.003 0.035 0.001 0.013 0.004 0.009 0.593 0.342 
  33 G X   0.004 0.055 0.001 0.019 0.006 0.012 0.557 0.347 
  34 Q X   0.004 0.085 0.001 0.026 0.008 0.014 0.515 0.347 
  35 L X   0.005 0.123 0.001 0.034 0.009 0.015 0.472 0.341 
  36 S X   0.005 0.163 0.001 0.040 0.011 0.016 0.431 0.334 
  37 P X   0.004 0.197 0.001 0.046 0.011 0.016 0.397 0.327 
  38 G X   0.004 0.222 0.001 0.048 0.011 0.016 0.371 0.326 
  39 V X   0.004 0.239 0.001 0.049 0.010 0.015 0.351 0.330 
  40 Q _   0.004 0.248 0.001 0.047 0.010 0.015 0.336 0.340 
  41 F _   0.004 0.252 0.001 0.043 0.009 0.014 0.324 0.354 
  42 Q _   0.004 0.252 0.001 0.038 0.008 0.013 0.314 0.371 
  43 R _   0.004 0.247 0.001 0.032 0.007 0.012 0.306 0.391 
  44 R _   0.004 0.240 0.001 0.026 0.006 0.011 0.300 0.412 
  45 Q _   0.004 0.231 0.001 0.021 0.005 0.010 0.294 0.433 
  46 N _   0.004 0.222 0.001 0.017 0.005 0.010 0.289 0.452 
  47 Q _   0.005 0.213 0.001 0.015 0.004 0.010 0.285 0.469 
  48 R _   0.005 0.206 0.000 0.013 0.004 0.009 0.280 0.482 
  49 R _   0.005 0.199 0.000 0.013 0.004 0.009 0.276 0.493 
  50 F _   0.005 0.193 0.000 0.013 0.004 0.009 0.272 0.503 
  51 S _   0.005 0.188 0.000 0.013 0.004 0.009 0.269 0.512 
  52 M _   0.005 0.183 0.001 0.013 0.004 0.009 0.265 0.521 
  53 E _   0.005 0.178 0.001 0.013 0.004 0.009 0.261 0.530 
  54 D _   0.006 0.172 0.001 0.012 0.004 0.009 0.257 0.538 
  55 V _   0.006 0.166 0.001 0.012 0.004 0.010 0.254 0.548 
  56 S _   0.006 0.161 0.001 0.011 0.004 0.010 0.251 0.557 
  57 K _   0.007 0.156 0.001 0.010 0.004 0.010 0.248 0.564 
  58 R _   0.007 0.151 0.001 0.010 0.004 0.010 0.245 0.571 
  59 L _   0.007 0.147 0.001 0.010 0.004 0.011 0.243 0.576 
  60 S _   0.008 0.144 0.001 0.010 0.005 0.011 0.241 0.580 
  61 L _   0.008 0.142 0.001 0.011 0.005 0.012 0.238 0.583 
  62 P _   0.009 0.141 0.001 0.012 0.005 0.012 0.236 0.585 
  63 M _   0.010 0.140 0.001 0.012 0.005 0.013 0.234 0.586 
  64 D _   0.010 0.139 0.001 0.013 0.006 0.013 0.232 0.586 
  65 I _   0.010 0.138 0.001 0.015 0.006 0.013 0.230 0.587 
  66 R _   0.010 0.137 0.001 0.016 0.006 0.013 0.229 0.588 
  67 L _   0.010 0.135 0.001 0.017 0.006 0.013 0.227 0.590 
  68 P _   0.010 0.132 0.001 0.018 0.007 0.013 0.226 0.593 
  69 Q _   0.010 0.129 0.001 0.019 0.007 0.013 0.226 0.595 
  70 E _   0.010 0.124 0.001 0.020 0.007 0.013 0.226 0.600 
  71 F _   0.010 0.118 0.001 0.020 0.006 0.012 0.226 0.607 
  72 L _   0.010 0.109 0.001 0.020 0.006 0.011 0.226 0.617 
  73 Q _   0.010 0.098 0.001 0.019 0.005 0.010 0.227 0.629 
  74 K _   0.009 0.085 0.001 0.017 0.005 0.010 0.229 0.646 
  75 L _   0.009 0.070 0.001 0.014 0.004 0.009 0.230 0.664 
  76 Q _   0.008 0.054 0.000 0.011 0.003 0.008 0.231 0.684 
  77 M _   0.007 0.041 0.000 0.008 0.003 0.007 0.231 0.703 
  78 E _   0.006 0.031 0.000 0.006 0.002 0.006 0.231 0.718 
  79 S _   0.005 0.024 0.000 0.005 0.002 0.005 0.230 0.729 
  80 P _   0.005 0.020 0.000 0.004 0.001 0.005 0.229 0.736 
  81 D _   0.004 0.019 0.000 0.003 0.001 0.005 0.226 0.741 
  82 L _   0.004 0.019 0.000 0.004 0.001 0.005 0.223 0.743 
  83 P _   0.005 0.020 0.000 0.005 0.002 0.006 0.218 0.743 
  84 K _   0.005 0.024 0.000 0.007 0.002 0.008 0.213 0.741 
  85 P _   0.006 0.030 0.000 0.010 0.003 0.009 0.207 0.735 
  86 L _   0.006 0.038 0.001 0.014 0.004 0.011 0.199 0.727 
  87 S _   0.006 0.047 0.001 0.018 0.005 0.012 0.192 0.719 
  88 R _   0.006 0.056 0.001 0.021 0.006 0.013 0.184 0.713 
  89 M _   0.006 0.063 0.001 0.022 0.006 0.013 0.177 0.711 
  90 S _   0.006 0.068 0.001 0.023 0.006 0.013 0.171 0.712 
  91 R _   0.006 0.072 0.001 0.022 0.006 0.013 0.166 0.715 
  92 R _   0.006 0.074 0.001 0.020 0.006 0.013 0.161 0.719 
  93 A _   0.006 0.076 0.001 0.019 0.006 0.013 0.156 0.723 
  94 S _   0.007 0.077 0.001 0.018 0.006 0.014 0.152 0.726 
  95 L _   0.007 0.079 0.001 0.018 0.006 0.014 0.148 0.727 
  96 S _   0.008 0.081 0.001 0.019 0.007 0.015 0.145 0.726 
  97 D _   0.009 0.083 0.001 0.021 0.008 0.016 0.141 0.723 
  98 I _   0.010 0.085 0.001 0.024 0.008 0.016 0.138 0.718 
  99 G _   0.011 0.086 0.001 0.027 0.009 0.017 0.135 0.713 
 100 F _   0.012 0.087 0.001 0.029 0.010 0.017 0.133 0.712 
 101 G _   0.013 0.085 0.001 0.030 0.010 0.017 0.131 0.714 
 102 K _   0.013 0.080 0.001 0.029 0.010 0.016 0.130 0.722 
 103 L _   0.012 0.073 0.001 0.026 0.009 0.015 0.129 0.736 
 104 E _   0.012 0.063 0.001 0.022 0.007 0.014 0.128 0.754 
 105 T _   0.011 0.051 0.001 0.017 0.006 0.012 0.128 0.775 
 106 Y _   0.010 0.040 0.001 0.012 0.005 0.011 0.127 0.796 
 107 V _   0.009 0.031 0.000 0.008 0.004 0.010 0.126 0.812 
 108 K _   0.008 0.025 0.000 0.006 0.003 0.009 0.125 0.824 
 109 L _   0.007 0.022 0.000 0.005 0.003 0.009 0.123 0.831 
 110 D _   0.007 0.021 0.000 0.005 0.003 0.009 0.121 0.834 
 111 K _   0.008 0.021 0.000 0.006 0.003 0.010 0.119 0.833 
 112 L _   0.008 0.023 0.000 0.008 0.004 0.011 0.116 0.829 
 113 G _   0.009 0.026 0.001 0.012 0.005 0.013 0.113 0.822 
 114 E _   0.010 0.031 0.001 0.016 0.007 0.014 0.110 0.811 
 115 G _   0.010 0.037 0.001 0.022 0.008 0.015 0.106 0.801 
 116 T _   0.011 0.041 0.001 0.026 0.009 0.016 0.103 0.793 
 117 Y _   0.011 0.043 0.001 0.029 0.009 0.016 0.101 0.790 
 118 A _   0.010 0.044 0.001 0.029 0.009 0.016 0.099 0.792 
 119 T _   0.010 0.043 0.001 0.027 0.008 0.015 0.097 0.799 
 120 V _   0.009 0.040 0.001 0.023 0.007 0.014 0.096 0.811 
 121 F _   0.008 0.036 0.001 0.018 0.006 0.012 0.094 0.825 
 122 K _   0.008 0.031 0.001 0.013 0.005 0.012 0.093 0.838 
 123 G _   0.007 0.027 0.000 0.009 0.004 0.011 0.092 0.850 
 124 R _   0.007 0.024 0.000 0.007 0.003 0.011 0.090 0.857 
 125 S _   0.007 0.023 0.000 0.007 0.003 0.011 0.089 0.860 
 126 K _   0.008 0.023 0.000 0.007 0.004 0.012 0.087 0.859 
 127 L _   0.009 0.025 0.000 0.009 0.004 0.014 0.085 0.854 
 128 T _   0.011 0.028 0.001 0.012 0.006 0.016 0.083 0.844 
 129 E _   0.012 0.034 0.001 0.017 0.008 0.018 0.080 0.830 
 130 N _   0.013 0.041 0.001 0.024 0.010 0.019 0.078 0.814 
 131 L _   0.014 0.047 0.001 0.030 0.012 0.021 0.075 0.800 
 132 V _   0.015 0.051 0.001 0.035 0.013 0.021 0.073 0.791 
 133 A _   0.015 0.053 0.001 0.038 0.013 0.021 0.072 0.787 
 134 L _   0.015 0.052 0.001 0.037 0.013 0.020 0.071 0.791 
 135 K _   0.015 0.048 0.001 0.034 0.012 0.019 0.070 0.801 
 136 E _   0.014 0.042 0.001 0.028 0.010 0.018 0.070 0.817 
 137 I _   0.014 0.034 0.001 0.021 0.008 0.016 0.070 0.837 
 138 R _   0.013 0.024 0.001 0.015 0.006 0.015 0.070 0.857 
 139 L _   0.012 0.016 0.001 0.010 0.005 0.014 0.069 0.874 
 140 E _   0.012 0.010 0.000 0.007 0.004 0.013 0.069 0.885 
 141 H _   0.012 0.007 0.000 0.005 0.003 0.013 0.068 0.892 
 142 E _   0.013 0.005 0.000 0.004 0.003 0.014 0.067 0.894 
 143 E _   0.014 0.005 0.000 0.004 0.003 0.015 0.066 0.892 
 144 G _   0.017 0.005 0.000 0.005 0.005 0.018 0.065 0.885 
 145 A _   0.021 0.007 0.001 0.007 0.007 0.022 0.063 0.872 
 146 P _   0.025 0.011 0.001 0.011 0.010 0.026 0.061 0.854 
 147 C _   0.030 0.017 0.001 0.017 0.014 0.031 0.059 0.832 
 148 T _   0.034 0.023 0.001 0.024 0.019 0.034 0.057 0.808 
 149 A _   0.037 0.029 0.002 0.031 0.022 0.037 0.055 0.788 
 150 I _   0.039 0.033 0.002 0.036 0.024 0.038 0.054 0.774 
 151 R _   0.040 0.034 0.002 0.038 0.024 0.038 0.053 0.770 
 152 E _   0.040 0.034 0.002 0.036 0.023 0.037 0.052 0.776 
 153 V _   0.038 0.031 0.002 0.032 0.020 0.035 0.052 0.789 
 154 S _   0.037 0.027 0.001 0.025 0.017 0.032 0.052 0.809 
 155 L _   0.035 0.021 0.001 0.019 0.014 0.030 0.052 0.830 
 156 L _   0.033 0.015 0.001 0.013 0.011 0.027 0.051 0.850 
 157 K _   0.031 0.010 0.001 0.009 0.008 0.025 0.051 0.865 
 158 N _   0.029 0.007 0.001 0.006 0.007 0.024 0.051 0.875 
 159 L _   0.029 0.006 0.001 0.005 0.006 0.024 0.050 0.879 
 160 K _   0.030 0.006 0.001 0.006 0.007 0.024 0.050 0.877 
 161 H _   0.032 0.006 0.001 0.007 0.008 0.025 0.049 0.872 
 162 A _   0.033 0.008 0.001 0.010 0.010 0.026 0.049 0.863 
 163 N _   0.035 0.010 0.001 0.014 0.012 0.027 0.048 0.853 
 164 I _   0.035 0.013 0.001 0.019 0.013 0.028 0.048 0.843 
 165 V _   0.035 0.015 0.001 0.023 0.014 0.027 0.048 0.838 
 166 T _   0.033 0.016 0.001 0.024 0.014 0.026 0.048 0.838 
 167 L _   0.031 0.015 0.001 0.023 0.013 0.025 0.048 0.844 
 168 H _   0.028 0.014 0.001 0.020 0.011 0.022 0.048 0.857 
 169 D _   0.025 0.011 0.001 0.015 0.008 0.020 0.048 0.872 
 170 L _   0.022 0.009 0.001 0.010 0.006 0.018 0.048 0.887 
 171 I _   0.019 0.007 0.001 0.007 0.005 0.016 0.047 0.899 
 172 H _   0.018 0.005 0.000 0.005 0.004 0.016 0.047 0.905 
 173 T _   0.017 0.005 0.000 0.004 0.004 0.016 0.046 0.907 
 174 D _   0.018 0.006 0.000 0.005 0.005 0.017 0.045 0.903 
 175 R _   0.019 0.009 0.001 0.008 0.007 0.020 0.044 0.892 
 176 S _   0.022 0.015 0.001 0.014 0.009 0.022 0.043 0.875 
 177 L _   0.023 0.023 0.001 0.022 0.012 0.024 0.042 0.853 
 178 T _   0.023 0.031 0.001 0.030 0.015 0.025 0.041 0.834 
 179 L _   0.023 0.036 0.001 0.037 0.016 0.025 0.040 0.821 
 180 V _   0.022 0.039 0.001 0.040 0.016 0.024 0.039 0.818 
 181 F _   0.021 0.039 0.001 0.039 0.014 0.022 0.039 0.824 
 182 E _   0.018 0.036 0.001 0.034 0.012 0.020 0.039 0.839 
 183 Y _   0.016 0.031 0.001 0.027 0.010 0.017 0.039 0.859 
 184 L _   0.014 0.024 0.001 0.019 0.007 0.015 0.039 0.881 
 185 D _   0.012 0.016 0.001 0.013 0.005 0.013 0.039 0.901 
 186 S _   0.011 0.010 0.000 0.009 0.004 0.012 0.039 0.916 
 187 D _   0.010 0.006 0.000 0.006 0.003 0.011 0.039 0.925 
 188 L _   0.010 0.003 0.000 0.005 0.003 0.010 0.038 0.930 
 189 K _   0.011 0.002 0.000 0.005 0.003 0.010 0.038 0.931 
 190 Q _   0.012 0.002 0.000 0.005 0.003 0.011 0.037 0.930 
 191 Y _   0.015 0.001 0.000 0.006 0.003 0.012 0.036 0.926 
 192 L _   0.019 0.001 0.000 0.007 0.004 0.014 0.035 0.920 
 193 D _   0.025 0.001 0.001 0.007 0.005 0.016 0.033 0.912 
 194 H _   0.035 0.001 0.001 0.008 0.006 0.018 0.032 0.900 
 195 C _   0.050 0.001 0.001 0.008 0.007 0.020 0.030 0.883 
 196 G _   0.072 0.001 0.001 0.007 0.008 0.023 0.028 0.860 
 197 N _   0.102 0.001 0.001 0.006 0.010 0.026 0.026 0.829 
 198 L _   0.140 0.000 0.001 0.005 0.011 0.028 0.024 0.790 
 199 M _   0.187 0.000 0.001 0.004 0.013 0.031 0.022 0.742 
 200 S _   0.243 0.000 0.001 0.004 0.015 0.033 0.020 0.684 
 201 M _   0.304 0.000 0.001 0.003 0.017 0.036 0.018 0.619 
 202 H _   0.369 0.000 0.001 0.003 0.020 0.038 0.017 0.552 
 203 N _   0.432 0.000 0.002 0.003 0.024 0.040 0.015 0.485 
 204 V H   0.490 0.000 0.002 0.003 0.028 0.041 0.014 0.423 
 205 K H   0.539 0.000 0.002 0.003 0.032 0.041 0.014 0.370 
 206 I H   0.576 0.000 0.002 0.003 0.035 0.041 0.014 0.329 
 207 F H   0.600 0.000 0.002 0.004 0.038 0.040 0.014 0.302 
 208 M H   0.610 0.000 0.002 0.004 0.040 0.039 0.014 0.290 
 209 F H   0.606 0.001 0.002 0.005 0.041 0.038 0.015 0.292 
 210 Q H   0.590 0.001 0.002 0.006 0.041 0.037 0.017 0.308 
 211 L H   0.561 0.001 0.002 0.006 0.039 0.035 0.018 0.337 
 212 L H   0.518 0.001 0.002 0.007 0.036 0.034 0.021 0.381 
 213 R H   0.466 0.001 0.002 0.007 0.032 0.032 0.023 0.437 
 214 G _   0.407 0.001 0.002 0.007 0.026 0.030 0.027 0.501 
 215 L _   0.343 0.001 0.002 0.007 0.021 0.028 0.030 0.568 
 216 A _   0.278 0.001 0.001 0.008 0.017 0.026 0.034 0.635 
 217 Y _   0.217 0.001 0.001 0.008 0.014 0.023 0.038 0.697 
 218 C _   0.164 0.001 0.001 0.009 0.011 0.021 0.042 0.751 
 219 H _   0.120 0.001 0.001 0.010 0.009 0.019 0.045 0.794 
 220 H _   0.087 0.001 0.001 0.010 0.007 0.017 0.049 0.828 
 221 R _   0.063 0.002 0.001 0.010 0.006 0.015 0.051 0.853 
 222 K _   0.045 0.002 0.001 0.010 0.005 0.013 0.054 0.871 
 223 I _   0.032 0.002 0.001 0.009 0.004 0.011 0.056 0.885 
 224 L _   0.023 0.002 0.000 0.008 0.004 0.010 0.057 0.895 
 225 H _   0.017 0.002 0.000 0.007 0.003 0.009 0.059 0.903 
 226 R _   0.013 0.002 0.000 0.007 0.003 0.008 0.060 0.908 
 227 D _   0.011 0.002 0.000 0.006 0.002 0.007 0.061 0.911 
 228 L _   0.009 0.002 0.000 0.006 0.002 0.007 0.061 0.912 
 229 K _   0.008 0.003 0.000 0.006 0.002 0.007 0.062 0.913 
 230 P _   0.007 0.003 0.000 0.006 0.002 0.007 0.062 0.912 
 231 Q _   0.007 0.004 0.000 0.006 0.002 0.007 0.062 0.911 
 232 N _   0.007 0.006 0.000 0.007 0.002 0.007 0.062 0.908 
 233 L _   0.007 0.008 0.000 0.008 0.003 0.008 0.061 0.905 
 234 L _   0.007 0.011 0.000 0.009 0.003 0.008 0.061 0.901 
 235 I _   0.007 0.014 0.000 0.010 0.003 0.008 0.060 0.897 
 236 N _   0.007 0.018 0.000 0.010 0.003 0.009 0.059 0.893 
 237 E _   0.007 0.022 0.000 0.011 0.004 0.009 0.058 0.889 
 238 R _   0.007 0.026 0.000 0.012 0.004 0.010 0.057 0.885 
 239 G _   0.007 0.031 0.000 0.012 0.004 0.010 0.056 0.880 
 240 E _   0.007 0.036 0.000 0.013 0.004 0.011 0.054 0.875 
 241 L _   0.007 0.042 0.001 0.014 0.005 0.011 0.053 0.868 
 242 K _   0.007 0.048 0.001 0.016 0.005 0.012 0.052 0.859 
 243 L _   0.007 0.055 0.001 0.019 0.006 0.013 0.050 0.850 
 244 A _   0.008 0.061 0.001 0.022 0.007 0.014 0.049 0.839 
 245 D _   0.008 0.067 0.001 0.025 0.007 0.014 0.048 0.829 
 246 F _   0.009 0.072 0.001 0.028 0.008 0.015 0.047 0.820 
 247 G _   0.009 0.075 0.001 0.030 0.009 0.015 0.046 0.815 
 248 L _   0.009 0.076 0.001 0.031 0.009 0.015 0.046 0.813 
 249 A _   0.009 0.075 0.001 0.030 0.008 0.015 0.046 0.816 
 250 R _   0.010 0.071 0.001 0.028 0.008 0.014 0.046 0.823 
 251 A _   0.009 0.065 0.001 0.024 0.007 0.013 0.046 0.835 
 252 K _   0.009 0.057 0.001 0.019 0.006 0.012 0.047 0.850 
 253 S _   0.009 0.048 0.001 0.015 0.005 0.011 0.047 0.865 
 254 V _   0.009 0.040 0.001 0.011 0.004 0.010 0.048 0.878 
 255 P _   0.008 0.034 0.000 0.008 0.003 0.010 0.048 0.888 
 256 T _   0.008 0.031 0.000 0.006 0.003 0.010 0.048 0.894 
 257 K _   0.009 0.029 0.000 0.006 0.003 0.011 0.048 0.895 
 258 T _   0.009 0.029 0.000 0.006 0.004 0.012 0.047 0.892 
 259 Y _   0.010 0.032 0.001 0.008 0.005 0.014 0.046 0.884 
 260 S _   0.011 0.037 0.001 0.012 0.006 0.016 0.046 0.871 
 261 N _   0.012 0.045 0.001 0.017 0.008 0.019 0.045 0.853 
 262 E _   0.014 0.054 0.001 0.023 0.011 0.020 0.044 0.833 
 263 V _   0.015 0.063 0.001 0.029 0.012 0.022 0.043 0.816 
 264 V _   0.015 0.069 0.001 0.033 0.013 0.022 0.042 0.804 
 265 T _   0.015 0.072 0.001 0.035 0.014 0.022 0.041 0.799 
 266 L _   0.015 0.072 0.001 0.034 0.013 0.022 0.041 0.801 
 267 W _   0.014 0.070 0.001 0.031 0.012 0.021 0.041 0.809 
 268 Y _   0.013 0.066 0.001 0.027 0.011 0.019 0.041 0.821 
 269 R _   0.012 0.060 0.001 0.023 0.010 0.018 0.042 0.835 
 270 P _   0.011 0.054 0.001 0.019 0.008 0.017 0.042 0.847 
 271 P _   0.011 0.049 0.001 0.016 0.007 0.017 0.043 0.857 
 272 D _   0.011 0.045 0.001 0.015 0.007 0.016 0.043 0.863 
 273 V _   0.011 0.041 0.001 0.015 0.006 0.016 0.043 0.867 
 274 L _   0.010 0.038 0.001 0.015 0.006 0.015 0.044 0.870 
 275 L _   0.010 0.036 0.001 0.015 0.006 0.015 0.044 0.872 
 276 G _   0.010 0.033 0.001 0.015 0.006 0.015 0.044 0.876 
 277 S _   0.010 0.029 0.001 0.014 0.006 0.015 0.044 0.881 
 278 T _   0.010 0.025 0.001 0.012 0.005 0.015 0.045 0.887 
 279 E _   0.010 0.022 0.001 0.010 0.005 0.015 0.045 0.893 
 280 Y _   0.010 0.019 0.001 0.008 0.005 0.016 0.045 0.897 
 281 S _   0.012 0.017 0.001 0.007 0.005 0.018 0.045 0.897 
 282 T _   0.014 0.016 0.001 0.006 0.005 0.020 0.044 0.893 
 283 P _   0.018 0.017 0.001 0.006 0.006 0.024 0.044 0.884 
 284 I _   0.024 0.020 0.001 0.008 0.009 0.029 0.043 0.867 
 285 D _   0.031 0.026 0.001 0.011 0.013 0.035 0.043 0.842 
 286 M _   0.038 0.036 0.001 0.015 0.019 0.041 0.042 0.808 
 287 W _   0.046 0.050 0.002 0.021 0.025 0.046 0.041 0.768 
 288 G _   0.051 0.066 0.002 0.028 0.032 0.051 0.041 0.730 
 289 V _   0.055 0.080 0.002 0.036 0.037 0.053 0.040 0.696 
 290 G _   0.057 0.092 0.002 0.042 0.040 0.054 0.040 0.673 
 291 C _   0.058 0.099 0.002 0.046 0.041 0.053 0.041 0.661 
 292 I _   0.058 0.102 0.002 0.048 0.040 0.051 0.041 0.658 
 293 H _   0.056 0.102 0.002 0.047 0.037 0.048 0.042 0.665 
 294 Y _   0.052 0.099 0.002 0.045 0.033 0.045 0.044 0.681 
 295 E _   0.047 0.092 0.002 0.040 0.028 0.040 0.046 0.705 
 296 M _   0.042 0.081 0.002 0.035 0.023 0.036 0.048 0.734 
 297 A _   0.036 0.067 0.002 0.029 0.018 0.031 0.050 0.769 
 298 T _   0.030 0.050 0.001 0.022 0.013 0.026 0.053 0.804 
 299 G _   0.025 0.035 0.001 0.017 0.009 0.022 0.055 0.836 
 300 R _   0.021 0.022 0.001 0.012 0.007 0.019 0.057 0.862 
 301 P _   0.018 0.012 0.001 0.008 0.005 0.017 0.058 0.882 
 302 L _   0.016 0.006 0.000 0.006 0.004 0.015 0.059 0.894 
 303 F _   0.016 0.003 0.000 0.004 0.003 0.015 0.059 0.900 
 304 P _   0.017 0.001 0.000 0.003 0.003 0.015 0.059 0.901 
 305 G _   0.021 0.001 0.000 0.003 0.003 0.017 0.059 0.896 
 306 S _   0.028 0.000 0.000 0.003 0.004 0.020 0.059 0.886 
 307 T _   0.041 0.000 0.001 0.003 0.005 0.025 0.058 0.867 
 308 V _   0.058 0.001 0.001 0.003 0.008 0.032 0.057 0.840 
 309 K _   0.081 0.001 0.001 0.005 0.014 0.041 0.056 0.801 
 310 E _   0.106 0.004 0.001 0.007 0.022 0.051 0.055 0.754 
 311 E _   0.132 0.008 0.002 0.011 0.033 0.060 0.054 0.702 
 312 L _   0.153 0.015 0.002 0.017 0.044 0.067 0.053 0.648 
 313 H _   0.170 0.025 0.003 0.024 0.053 0.071 0.052 0.602 
 314 L _   0.179 0.033 0.003 0.032 0.059 0.073 0.053 0.569 
 315 I _   0.183 0.039 0.003 0.038 0.061 0.071 0.054 0.551 
 316 F _   0.180 0.042 0.003 0.041 0.059 0.068 0.055 0.552 
 317 R _   0.170 0.042 0.003 0.041 0.054 0.063 0.057 0.571 
 318 L _   0.154 0.039 0.003 0.037 0.045 0.056 0.060 0.607 
 319 L _   0.134 0.032 0.002 0.030 0.035 0.049 0.063 0.655 
 320 G _   0.111 0.024 0.002 0.022 0.025 0.041 0.066 0.709 
 321 T _   0.089 0.015 0.001 0.014 0.017 0.034 0.068 0.761 
 322 P _   0.069 0.008 0.001 0.009 0.010 0.028 0.070 0.803 
 323 T _   0.053 0.005 0.001 0.005 0.007 0.024 0.072 0.833 
 324 E _   0.042 0.003 0.001 0.004 0.005 0.022 0.073 0.851 
 325 E _   0.034 0.003 0.000 0.003 0.004 0.020 0.074 0.861 
 326 T _   0.029 0.004 0.000 0.004 0.004 0.020 0.075 0.864 
 327 W _   0.026 0.006 0.001 0.006 0.005 0.022 0.075 0.860 
 328 P _   0.025 0.011 0.001 0.009 0.007 0.023 0.075 0.849 
 329 G _   0.024 0.020 0.001 0.014 0.010 0.025 0.075 0.831 
 330 V _   0.024 0.032 0.001 0.020 0.012 0.027 0.075 0.809 
 331 T _   0.024 0.044 0.001 0.026 0.015 0.028 0.075 0.787 
 332 A _   0.023 0.055 0.001 0.031 0.016 0.029 0.075 0.770 
 333 F _   0.022 0.061 0.001 0.034 0.017 0.028 0.076 0.761 
 334 S _   0.021 0.065 0.001 0.034 0.017 0.027 0.077 0.758 
 335 E _   0.020 0.067 0.001 0.033 0.016 0.026 0.078 0.760 
 336 F _   0.018 0.066 0.001 0.029 0.014 0.025 0.079 0.767 
 337 R _   0.017 0.063 0.001 0.026 0.013 0.023 0.081 0.776 
 338 T _   0.016 0.060 0.001 0.022 0.011 0.021 0.083 0.785 
 339 Y _   0.016 0.056 0.001 0.019 0.010 0.020 0.085 0.794 
 340 S _   0.015 0.052 0.001 0.017 0.009 0.019 0.088 0.800 
 341 F _   0.014 0.049 0.001 0.016 0.008 0.018 0.090 0.804 
 342 P _   0.014 0.046 0.001 0.015 0.007 0.017 0.093 0.807 
 343 C _   0.013 0.043 0.001 0.015 0.007 0.016 0.095 0.809 
 344 Y _   0.013 0.041 0.001 0.016 0.007 0.015 0.098 0.810 
 345 L _   0.012 0.038 0.001 0.016 0.007 0.015 0.100 0.811 
 346 P _   0.011 0.035 0.001 0.016 0.007 0.014 0.103 0.813 
 347 Q _   0.011 0.032 0.001 0.016 0.006 0.013 0.106 0.815 
 348 P _   0.010 0.028 0.001 0.016 0.006 0.012 0.109 0.818 
 349 L _   0.009 0.024 0.001 0.014 0.005 0.012 0.112 0.822 
 350 I _   0.009 0.020 0.001 0.012 0.005 0.011 0.115 0.828 
 351 N _   0.008 0.016 0.001 0.010 0.004 0.010 0.118 0.833 
 352 H _   0.008 0.012 0.000 0.008 0.003 0.010 0.121 0.837 
 353 A _   0.008 0.009 0.000 0.006 0.003 0.010 0.123 0.840 
 354 P _   0.008 0.007 0.000 0.005 0.003 0.011 0.125 0.841 
 355 R _   0.009 0.006 0.000 0.004 0.003 0.012 0.126 0.839 
 356 L _   0.012 0.005 0.000 0.004 0.003 0.015 0.128 0.834 
 357 D _   0.016 0.006 0.000 0.004 0.004 0.018 0.129 0.823 
 358 T _   0.022 0.008 0.001 0.005 0.006 0.024 0.129 0.805 
 359 D _   0.031 0.013 0.001 0.007 0.010 0.032 0.129 0.777 
 360 G _   0.042 0.024 0.001 0.012 0.017 0.040 0.129 0.735 
 361 I _   0.053 0.044 0.002 0.018 0.026 0.048 0.129 0.680 
 362 H _   0.062 0.070 0.002 0.027 0.035 0.054 0.129 0.621 
 363 L _   0.068 0.096 0.003 0.038 0.042 0.058 0.129 0.566 
 364 L _   0.072 0.114 0.003 0.047 0.046 0.059 0.131 0.528 
 365 S _   0.073 0.125 0.002 0.054 0.048 0.058 0.134 0.506 
 366 S _   0.072 0.129 0.002 0.057 0.046 0.056 0.138 0.500 
 367 L _   0.069 0.127 0.002 0.056 0.042 0.052 0.143 0.509 
 368 L _   0.064 0.118 0.002 0.049 0.036 0.047 0.149 0.534 
 369 L _   0.058 0.102 0.002 0.040 0.029 0.041 0.157 0.571 
 370 Y _   0.051 0.077 0.002 0.029 0.022 0.035 0.165 0.619 
 371 E _   0.044 0.051 0.002 0.019 0.015 0.030 0.174 0.666 
 372 S _   0.037 0.029 0.001 0.011 0.010 0.025 0.181 0.705 
 373 K _   0.031 0.017 0.001 0.007 0.007 0.022 0.187 0.729 
 374 S _   0.026 0.011 0.001 0.005 0.005 0.020 0.192 0.741 
 375 R _   0.023 0.009 0.000 0.004 0.004 0.018 0.196 0.745 
 376 M _   0.021 0.008 0.000 0.005 0.004 0.018 0.200 0.744 
 377 S _   0.020 0.008 0.001 0.006 0.005 0.018 0.204 0.740 
 378 A _   0.019 0.009 0.001 0.008 0.006 0.018 0.207 0.732 
 379 E _   0.019 0.011 0.001 0.010 0.007 0.018 0.211 0.724 
 380 A _   0.018 0.013 0.001 0.012 0.007 0.019 0.214 0.715 
 381 A _   0.018 0.015 0.001 0.014 0.008 0.019 0.218 0.707 
 382 L _   0.017 0.017 0.001 0.015 0.008 0.019 0.222 0.702 
 383 S _   0.017 0.018 0.001 0.014 0.008 0.019 0.226 0.697 
 384 H _   0.016 0.018 0.001 0.014 0.008 0.018 0.230 0.694 
 385 S _   0.016 0.019 0.001 0.013 0.008 0.018 0.235 0.690 
 386 Y _   0.016 0.019 0.001 0.013 0.008 0.018 0.240 0.685 
 387 F _   0.015 0.020 0.001 0.013 0.008 0.018 0.246 0.679 
 388 R _   0.015 0.021 0.001 0.013 0.008 0.019 0.251 0.672 
 389 S _   0.015 0.021 0.001 0.014 0.008 0.019 0.258 0.663 
 390 L _   0.015 0.022 0.001 0.015 0.008 0.019 0.265 0.654 
 391 G _   0.015 0.023 0.001 0.016 0.008 0.019 0.272 0.646 
 392 E _   0.015 0.024 0.001 0.016 0.008 0.019 0.280 0.638 
 393 R _   0.015 0.024 0.001 0.015 0.008 0.018 0.288 0.632 
 394 V _   0.014 0.024 0.001 0.014 0.008 0.018 0.296 0.626 
 395 H _   0.014 0.023 0.001 0.012 0.007 0.018 0.304 0.620 
 396 Q _   0.014 0.023 0.001 0.011 0.007 0.018 0.313 0.614 
 397 L _   0.015 0.023 0.001 0.010 0.007 0.019 0.321 0.606 
 398 E _   0.015 0.023 0.001 0.010 0.007 0.019 0.330 0.595 
 399 D _   0.016 0.025 0.001 0.011 0.008 0.020 0.339 0.581 
 400 T _   0.018 0.027 0.001 0.013 0.009 0.022 0.348 0.562 
 401 A _   0.019 0.031 0.001 0.018 0.011 0.023 0.358 0.539 
 402 S _   0.020 0.035 0.001 0.024 0.013 0.024 0.369 0.513 
 403 I _   0.020 0.040 0.001 0.030 0.015 0.024 0.382 0.487 
 404 F _   0.020 0.043 0.001 0.036 0.016 0.024 0.397 0.463 
 405 S _   0.019 0.044 0.001 0.039 0.016 0.023 0.413 0.444 
 406 L X   0.018 0.043 0.001 0.039 0.014 0.021 0.433 0.430 
 407 K X   0.016 0.040 0.001 0.036 0.012 0.018 0.455 0.422 
 408 E X   0.013 0.035 0.001 0.030 0.010 0.015 0.478 0.418 
 409 I X   0.011 0.027 0.001 0.022 0.007 0.012 0.502 0.417 
 410 Q X   0.009 0.019 0.001 0.014 0.005 0.010 0.525 0.417 
 411 L X   0.007 0.012 0.000 0.009 0.003 0.008 0.546 0.415 
 412 Q X   0.006 0.008 0.000 0.005 0.002 0.006 0.562 0.410 
 413 K X   0.005 0.006 0.000 0.003 0.002 0.005 0.576 0.403 
 414 D X   0.004 0.005 0.000 0.003 0.001 0.005 0.587 0.394 
 415 P X   0.004 0.005 0.000 0.003 0.001 0.005 0.597 0.384 
 416 G X   0.004 0.006 0.000 0.005 0.002 0.005 0.606 0.372 
 417 Y X   0.004 0.007 0.000 0.007 0.002 0.006 0.615 0.358 
 418 R X   0.004 0.009 0.000 0.011 0.003 0.007 0.623 0.341 
 419 G X   0.004 0.012 0.000 0.015 0.004 0.008 0.632 0.325 
 420 L X   0.004 0.013 0.000 0.019 0.004 0.008 0.642 0.309 
 421 A X   0.004 0.014 0.000 0.020 0.004 0.008 0.652 0.296 
 422 F X   0.004 0.015 0.000 0.020 0.004 0.008 0.664 0.286 
 423 Q X   0.003 0.014 0.000 0.018 0.004 0.007 0.677 0.277 
 424 Q X   0.003 0.013 0.000 0.015 0.003 0.006 0.690 0.270 
 425 P X   0.003 0.011 0.000 0.012 0.002 0.005 0.703 0.263 
 426 G X   0.003 0.010 0.000 0.009 0.002 0.005 0.716 0.256 
 427 R X   0.002 0.008 0.000 0.007 0.002 0.004 0.728 0.248 
 428 G X   0.002 0.007 0.000 0.006 0.001 0.003 0.738 0.241 
 429 K X   0.002 0.007 0.000 0.005 0.001 0.003 0.747 0.235 
 430 N X   0.002 0.007 0.000 0.005 0.001 0.003 0.755 0.228 
 431 R X   0.001 0.006 0.000 0.005 0.001 0.002 0.762 0.223 
 432 R X   0.001 0.006 0.000 0.004 0.001 0.001 0.768 0.219 
 433 Q X   0.000 0.006 0.000 0.004 0.000 0.001 0.772 0.218 
 434 S X   0.000 0.005 0.000 0.003 0.000 0.000 0.772 0.219 
 435 I X   0.000 0.005 0.000 0.005 0.000 0.000 0.768 0.221 
 436 F X   0.002 0.006 0.001 0.013 0.003 0.002 0.751 0.221 
