#TopoPred_TM8: 8-state transmembrane topology prediction results by no_profile mode 
#probabilities are in the order of H E C I L F X _, the 8 transmembrane topology types used in PDBTM 
   1 M X   0.017 0.001 0.002 0.054 0.011 0.015 0.703 0.196 
   2 A X   0.008 0.001 0.000 0.037 0.003 0.011 0.722 0.219 
   3 S X   0.005 0.001 0.000 0.026 0.001 0.009 0.725 0.234 
   4 Q X   0.005 0.001 0.000 0.021 0.001 0.010 0.721 0.241 
   5 V X   0.006 0.001 0.000 0.019 0.002 0.013 0.712 0.246 
   6 L X   0.009 0.002 0.000 0.018 0.004 0.015 0.698 0.254 
   7 V X   0.011 0.003 0.001 0.018 0.005 0.017 0.683 0.262 
   8 Y X   0.013 0.005 0.001 0.019 0.006 0.018 0.667 0.273 
   9 P X   0.013 0.006 0.001 0.019 0.006 0.018 0.650 0.287 
  10 P X   0.013 0.008 0.001 0.019 0.007 0.017 0.633 0.303 
  11 Y X   0.011 0.009 0.001 0.018 0.007 0.016 0.617 0.320 
  12 V X   0.010 0.009 0.001 0.017 0.007 0.015 0.603 0.338 
  13 Y X   0.009 0.010 0.001 0.014 0.006 0.014 0.590 0.356 
  14 Q X   0.008 0.010 0.001 0.012 0.005 0.013 0.578 0.373 
  15 T X   0.008 0.010 0.001 0.011 0.005 0.012 0.567 0.388 
  16 Q X   0.007 0.011 0.001 0.010 0.004 0.011 0.556 0.401 
  17 S X   0.006 0.011 0.000 0.009 0.004 0.010 0.545 0.413 
  18 S X   0.006 0.012 0.000 0.010 0.004 0.010 0.534 0.423 
  19 A X   0.006 0.014 0.001 0.011 0.004 0.010 0.523 0.433 
  20 F X   0.006 0.015 0.001 0.012 0.004 0.010 0.511 0.442 
  21 C X   0.006 0.017 0.001 0.013 0.005 0.010 0.500 0.450 
  22 S X   0.006 0.018 0.001 0.013 0.005 0.010 0.489 0.458 
  23 V X   0.006 0.019 0.001 0.013 0.005 0.010 0.479 0.467 
  24 K _   0.006 0.020 0.001 0.013 0.005 0.009 0.470 0.477 
  25 K _   0.006 0.021 0.001 0.012 0.004 0.009 0.461 0.487 
  26 L _   0.006 0.021 0.001 0.011 0.004 0.009 0.453 0.496 
  27 K _   0.006 0.022 0.000 0.010 0.004 0.009 0.445 0.504 
  28 V _   0.006 0.023 0.000 0.009 0.004 0.009 0.437 0.511 
  29 E _   0.006 0.024 0.000 0.010 0.004 0.010 0.430 0.516 
  30 P _   0.007 0.026 0.001 0.010 0.004 0.010 0.422 0.520 
  31 S _   0.007 0.028 0.001 0.012 0.005 0.011 0.415 0.522 
  32 S _   0.008 0.031 0.001 0.014 0.005 0.011 0.408 0.523 
  33 C _   0.008 0.034 0.001 0.015 0.006 0.011 0.401 0.525 
  34 V _   0.008 0.036 0.001 0.017 0.006 0.011 0.394 0.527 
  35 F _   0.007 0.037 0.001 0.017 0.006 0.011 0.388 0.532 
  36 Q _   0.007 0.038 0.001 0.017 0.006 0.011 0.383 0.537 
  37 E _   0.007 0.038 0.001 0.017 0.005 0.010 0.378 0.544 
  38 R _   0.006 0.038 0.001 0.016 0.005 0.010 0.373 0.551 
  39 N _   0.006 0.037 0.001 0.015 0.005 0.009 0.369 0.558 
  40 Y _   0.006 0.036 0.001 0.014 0.004 0.009 0.365 0.565 
  41 P _   0.006 0.035 0.000 0.014 0.004 0.009 0.362 0.570 
  42 R _   0.006 0.034 0.000 0.014 0.004 0.008 0.359 0.574 
  43 T _   0.006 0.033 0.000 0.015 0.004 0.008 0.356 0.578 
  44 Y _   0.006 0.032 0.000 0.015 0.004 0.008 0.354 0.582 
  45 V _   0.005 0.030 0.000 0.015 0.004 0.007 0.351 0.587 
  46 N _   0.005 0.028 0.000 0.014 0.003 0.007 0.349 0.593 
  47 G _   0.005 0.025 0.000 0.013 0.003 0.007 0.347 0.600 
  48 R _   0.005 0.022 0.000 0.011 0.003 0.006 0.346 0.607 
  49 N _   0.005 0.019 0.000 0.009 0.002 0.005 0.344 0.615 
  50 F _   0.004 0.016 0.000 0.008 0.002 0.005 0.342 0.624 
  51 G _   0.004 0.013 0.000 0.006 0.002 0.004 0.339 0.632 
  52 N _   0.004 0.011 0.000 0.005 0.001 0.004 0.335 0.639 
  53 S _   0.003 0.010 0.000 0.004 0.001 0.004 0.331 0.646 
  54 H _   0.003 0.010 0.000 0.004 0.001 0.004 0.326 0.651 
  55 P _   0.003 0.011 0.000 0.004 0.001 0.005 0.319 0.656 
  56 P _   0.004 0.013 0.000 0.006 0.002 0.006 0.311 0.659 
  57 T _   0.004 0.016 0.000 0.008 0.002 0.007 0.302 0.659 
  58 K _   0.004 0.023 0.000 0.013 0.004 0.009 0.291 0.656 
  59 G _   0.005 0.032 0.001 0.020 0.005 0.011 0.278 0.648 
  60 S _   0.005 0.043 0.001 0.028 0.007 0.013 0.266 0.639 
  61 A _   0.005 0.052 0.001 0.035 0.008 0.014 0.254 0.630 
  62 F _   0.006 0.060 0.001 0.041 0.009 0.014 0.244 0.626 
  63 Q _   0.006 0.063 0.001 0.043 0.009 0.014 0.235 0.628 
  64 T _   0.005 0.065 0.001 0.043 0.009 0.014 0.229 0.635 
  65 K _   0.005 0.063 0.001 0.040 0.008 0.013 0.223 0.647 
  66 I _   0.005 0.060 0.001 0.034 0.007 0.012 0.218 0.664 
  67 P _   0.005 0.053 0.001 0.027 0.006 0.011 0.215 0.683 
  68 F _   0.005 0.045 0.001 0.020 0.005 0.010 0.212 0.704 
  69 N _   0.005 0.037 0.001 0.015 0.004 0.009 0.209 0.721 
  70 R _   0.005 0.030 0.000 0.011 0.003 0.009 0.206 0.737 
  71 P _   0.005 0.025 0.000 0.008 0.003 0.008 0.203 0.748 
  72 R _   0.005 0.022 0.000 0.007 0.003 0.009 0.200 0.755 
  73 G _   0.005 0.020 0.000 0.006 0.003 0.010 0.196 0.759 
  74 H _   0.006 0.020 0.000 0.007 0.003 0.011 0.192 0.760 
  75 N _   0.007 0.021 0.000 0.009 0.004 0.014 0.187 0.757 
  76 F _   0.009 0.022 0.001 0.012 0.006 0.016 0.182 0.752 
  77 S _   0.010 0.025 0.001 0.016 0.008 0.019 0.177 0.744 
  78 L _   0.012 0.028 0.001 0.020 0.010 0.022 0.172 0.736 
  79 Q _   0.013 0.030 0.001 0.024 0.012 0.024 0.167 0.729 
  80 T _   0.015 0.032 0.001 0.027 0.013 0.026 0.162 0.724 
  81 S _   0.016 0.032 0.001 0.028 0.014 0.027 0.158 0.724 
  82 A _   0.018 0.031 0.001 0.027 0.014 0.027 0.155 0.727 
  83 V _   0.020 0.029 0.001 0.024 0.013 0.028 0.152 0.735 
  84 V _   0.022 0.025 0.001 0.019 0.012 0.028 0.149 0.744 
  85 L _   0.024 0.021 0.001 0.015 0.011 0.028 0.147 0.753 
  86 K _   0.026 0.017 0.001 0.011 0.010 0.028 0.145 0.761 
  87 N _   0.029 0.015 0.001 0.009 0.010 0.029 0.143 0.766 
  88 T _   0.032 0.013 0.001 0.007 0.010 0.030 0.141 0.766 
  89 A _   0.035 0.013 0.001 0.007 0.010 0.031 0.140 0.762 
  90 G _   0.039 0.013 0.001 0.009 0.012 0.033 0.138 0.755 
  91 A _   0.043 0.015 0.001 0.011 0.014 0.035 0.137 0.745 
  92 T _   0.045 0.019 0.001 0.015 0.016 0.035 0.135 0.733 
  93 K _   0.046 0.022 0.001 0.019 0.017 0.036 0.134 0.724 
  94 V _   0.046 0.025 0.001 0.022 0.018 0.035 0.133 0.718 
  95 I _   0.045 0.028 0.001 0.025 0.018 0.034 0.133 0.717 
  96 A _   0.042 0.028 0.001 0.025 0.017 0.031 0.133 0.723 
  97 A _   0.038 0.028 0.001 0.023 0.015 0.029 0.133 0.733 
  98 Q _   0.033 0.026 0.001 0.020 0.013 0.026 0.133 0.747 
  99 A _   0.029 0.024 0.001 0.016 0.010 0.023 0.134 0.763 
 100 Q _   0.025 0.021 0.001 0.013 0.008 0.020 0.134 0.777 
 101 Q _   0.022 0.019 0.001 0.010 0.007 0.018 0.135 0.789 
 102 A _   0.019 0.017 0.001 0.008 0.005 0.017 0.135 0.798 
 103 H _   0.017 0.017 0.001 0.007 0.005 0.016 0.136 0.803 
 104 V _   0.015 0.017 0.001 0.007 0.005 0.015 0.136 0.805 
 105 Q _   0.015 0.018 0.001 0.008 0.005 0.015 0.136 0.804 
 106 A _   0.014 0.019 0.001 0.009 0.005 0.015 0.136 0.801 
 107 P _   0.014 0.022 0.001 0.010 0.006 0.015 0.136 0.795 
 108 Q _   0.014 0.025 0.001 0.012 0.006 0.016 0.137 0.789 
 109 I _   0.015 0.028 0.001 0.014 0.007 0.016 0.137 0.783 
 110 G _   0.015 0.031 0.001 0.015 0.008 0.017 0.137 0.776 
 111 A _   0.015 0.034 0.001 0.017 0.008 0.017 0.138 0.770 
 112 W _   0.015 0.037 0.001 0.018 0.009 0.018 0.138 0.765 
 113 R _   0.016 0.039 0.001 0.019 0.009 0.018 0.140 0.760 
 114 N _   0.015 0.040 0.001 0.020 0.009 0.017 0.141 0.757 
 115 R _   0.015 0.041 0.001 0.021 0.009 0.017 0.143 0.754 
 116 L _   0.015 0.040 0.001 0.021 0.009 0.016 0.145 0.752 
 117 H _   0.014 0.040 0.001 0.022 0.008 0.016 0.148 0.752 
 118 F _   0.013 0.038 0.001 0.021 0.007 0.015 0.151 0.754 
 119 L _   0.012 0.036 0.001 0.020 0.007 0.013 0.154 0.756 
 120 E _   0.011 0.033 0.001 0.019 0.006 0.012 0.157 0.760 
 121 G _   0.011 0.029 0.001 0.017 0.005 0.011 0.161 0.766 
 122 P _   0.010 0.025 0.001 0.015 0.004 0.010 0.164 0.772 
 123 Q _   0.009 0.020 0.000 0.013 0.004 0.009 0.167 0.778 
 124 R _   0.008 0.016 0.000 0.011 0.003 0.008 0.170 0.784 
 125 C _   0.007 0.012 0.000 0.009 0.003 0.007 0.173 0.789 
 126 G _   0.007 0.009 0.000 0.008 0.002 0.007 0.175 0.793 
 127 L _   0.006 0.006 0.000 0.007 0.002 0.006 0.176 0.796 
 128 K _   0.005 0.004 0.000 0.006 0.002 0.006 0.177 0.799 
 129 R _   0.005 0.003 0.000 0.005 0.002 0.005 0.178 0.802 
 130 K _   0.005 0.002 0.000 0.005 0.002 0.005 0.178 0.804 
 131 S _   0.004 0.001 0.000 0.004 0.001 0.005 0.177 0.806 
 132 E _   0.004 0.001 0.000 0.004 0.001 0.006 0.176 0.808 
 133 E _   0.004 0.001 0.000 0.003 0.001 0.006 0.174 0.810 
 134 L _   0.005 0.001 0.000 0.003 0.002 0.008 0.171 0.810 
 135 D _   0.007 0.001 0.000 0.003 0.002 0.011 0.168 0.808 
 136 N _   0.011 0.001 0.000 0.004 0.003 0.015 0.164 0.802 
 137 H _   0.017 0.001 0.000 0.005 0.004 0.021 0.159 0.791 
 138 S _   0.027 0.003 0.001 0.007 0.008 0.029 0.154 0.772 
 139 S _   0.041 0.005 0.001 0.010 0.013 0.039 0.147 0.744 
 140 A _   0.058 0.008 0.001 0.014 0.020 0.050 0.141 0.709 
 141 M _   0.076 0.012 0.002 0.018 0.028 0.059 0.135 0.670 
 142 Q _   0.095 0.016 0.002 0.022 0.036 0.067 0.128 0.634 
 143 I _   0.111 0.021 0.002 0.025 0.042 0.072 0.123 0.604 
 144 V _   0.125 0.024 0.002 0.027 0.048 0.075 0.119 0.581 
 145 D _   0.135 0.026 0.002 0.027 0.051 0.075 0.115 0.568 
 146 E _   0.142 0.027 0.002 0.028 0.052 0.074 0.113 0.563 
 147 L _   0.144 0.026 0.002 0.027 0.051 0.071 0.111 0.567 
 148 S _   0.142 0.025 0.002 0.026 0.048 0.067 0.110 0.580 
 149 I _   0.135 0.023 0.002 0.025 0.042 0.062 0.110 0.600 
 150 L _   0.125 0.020 0.002 0.023 0.036 0.056 0.110 0.628 
 151 P _   0.113 0.017 0.002 0.020 0.028 0.049 0.111 0.660 
 152 A _   0.097 0.013 0.002 0.017 0.021 0.042 0.112 0.697 
 153 M _   0.081 0.009 0.001 0.013 0.015 0.036 0.113 0.733 
 154 L _   0.066 0.005 0.001 0.009 0.010 0.030 0.113 0.765 
 155 Q _   0.052 0.003 0.001 0.006 0.007 0.026 0.113 0.793 
 156 T _   0.042 0.002 0.001 0.004 0.005 0.023 0.112 0.812 
 157 N _   0.034 0.002 0.000 0.003 0.004 0.021 0.111 0.823 
 158 M _   0.030 0.002 0.000 0.003 0.004 0.021 0.110 0.829 
 159 G _   0.028 0.003 0.001 0.005 0.005 0.022 0.109 0.827 
 160 N _   0.028 0.006 0.001 0.008 0.008 0.024 0.107 0.818 
 161 P _   0.029 0.014 0.001 0.014 0.011 0.027 0.105 0.799 
 162 V _   0.030 0.026 0.001 0.023 0.015 0.029 0.103 0.773 
 163 T _   0.030 0.039 0.002 0.034 0.018 0.030 0.101 0.747 
 164 V _   0.028 0.050 0.002 0.044 0.020 0.030 0.100 0.727 
 165 V _   0.026 0.056 0.002 0.051 0.021 0.029 0.099 0.717 
 166 T _   0.024 0.059 0.002 0.053 0.020 0.027 0.099 0.718 
 167 A _   0.021 0.058 0.001 0.050 0.017 0.024 0.099 0.729 
 168 T _   0.018 0.054 0.001 0.043 0.014 0.021 0.100 0.748 
 169 T _   0.015 0.047 0.001 0.034 0.011 0.018 0.101 0.773 
 170 G _   0.013 0.037 0.001 0.025 0.008 0.015 0.102 0.799 
 171 S _   0.011 0.027 0.001 0.017 0.005 0.012 0.104 0.823 
 172 K _   0.009 0.018 0.000 0.011 0.004 0.010 0.105 0.843 
 173 Q _   0.007 0.012 0.000 0.007 0.003 0.008 0.105 0.857 
 174 N _   0.006 0.008 0.000 0.005 0.002 0.007 0.105 0.866 
 175 C _   0.005 0.006 0.000 0.004 0.002 0.007 0.105 0.871 
 176 T _   0.005 0.005 0.000 0.004 0.002 0.007 0.104 0.873 
 177 T _   0.005 0.005 0.000 0.004 0.002 0.007 0.102 0.874 
 178 G _   0.005 0.006 0.000 0.004 0.002 0.009 0.101 0.873 
 179 E _   0.006 0.007 0.000 0.006 0.003 0.011 0.098 0.869 
 180 G _   0.008 0.010 0.000 0.008 0.004 0.013 0.095 0.862 
 181 D _   0.009 0.014 0.001 0.010 0.005 0.017 0.092 0.851 
 182 Y _   0.011 0.021 0.001 0.015 0.008 0.021 0.089 0.835 
 183 Q _   0.014 0.030 0.001 0.020 0.011 0.025 0.085 0.814 
 184 L _   0.016 0.039 0.001 0.026 0.014 0.029 0.081 0.793 
 185 V _   0.018 0.048 0.001 0.033 0.018 0.033 0.078 0.773 
 186 Q _   0.020 0.054 0.001 0.038 0.020 0.035 0.075 0.757 
 187 H _   0.021 0.058 0.001 0.041 0.022 0.036 0.072 0.749 
 188 E _   0.023 0.059 0.001 0.041 0.022 0.036 0.070 0.747 
 189 V _   0.024 0.058 0.002 0.039 0.021 0.036 0.069 0.752 
 190 L _   0.025 0.054 0.001 0.035 0.020 0.035 0.067 0.763 
 191 C _   0.026 0.048 0.001 0.028 0.018 0.034 0.067 0.779 
 192 S _   0.026 0.039 0.001 0.022 0.015 0.032 0.066 0.798 
 193 M _   0.026 0.030 0.001 0.017 0.013 0.030 0.065 0.817 
 194 K _   0.027 0.023 0.001 0.013 0.011 0.029 0.065 0.832 
 195 N _   0.027 0.017 0.001 0.010 0.010 0.028 0.065 0.842 
 196 T _   0.028 0.013 0.001 0.008 0.009 0.028 0.064 0.848 
 197 Y _   0.030 0.011 0.001 0.008 0.008 0.028 0.064 0.851 
 198 E _   0.032 0.010 0.001 0.008 0.009 0.028 0.063 0.850 
 199 V _   0.034 0.009 0.001 0.008 0.009 0.029 0.063 0.846 
 200 L _   0.037 0.009 0.001 0.009 0.010 0.030 0.062 0.841 
 201 D _   0.039 0.010 0.001 0.010 0.011 0.031 0.062 0.835 
 202 F _   0.041 0.011 0.001 0.011 0.013 0.032 0.061 0.830 
 203 L _   0.043 0.011 0.001 0.013 0.014 0.033 0.061 0.825 
 204 G _   0.044 0.012 0.001 0.014 0.015 0.033 0.060 0.820 
 205 R _   0.044 0.013 0.001 0.015 0.016 0.033 0.060 0.817 
 206 G _   0.044 0.014 0.001 0.016 0.016 0.033 0.060 0.816 
 207 T _   0.042 0.014 0.001 0.017 0.016 0.032 0.060 0.817 
 208 F _   0.040 0.015 0.001 0.018 0.016 0.031 0.061 0.819 
 209 G _   0.037 0.015 0.001 0.018 0.015 0.029 0.061 0.823 
 210 Q _   0.035 0.015 0.001 0.018 0.013 0.027 0.062 0.829 
 211 V _   0.032 0.014 0.001 0.017 0.012 0.025 0.063 0.837 
 212 V _   0.028 0.013 0.001 0.015 0.010 0.023 0.063 0.847 
 213 K _   0.025 0.012 0.001 0.012 0.008 0.021 0.064 0.857 
 214 C _   0.022 0.011 0.001 0.010 0.007 0.019 0.064 0.867 
 215 W _   0.020 0.010 0.001 0.008 0.006 0.018 0.065 0.874 
 216 K _   0.018 0.010 0.001 0.007 0.005 0.017 0.065 0.878 
 217 R _   0.017 0.010 0.001 0.007 0.005 0.017 0.065 0.879 
 218 G _   0.016 0.012 0.001 0.008 0.006 0.018 0.064 0.875 
 219 T _   0.017 0.015 0.001 0.010 0.007 0.019 0.064 0.867 
 220 N _   0.017 0.021 0.001 0.015 0.009 0.021 0.064 0.852 
 221 E _   0.018 0.028 0.001 0.021 0.011 0.022 0.063 0.834 
 222 I _   0.019 0.037 0.001 0.029 0.013 0.023 0.063 0.816 
 223 V _   0.019 0.043 0.001 0.035 0.014 0.023 0.063 0.801 
 224 A _   0.019 0.047 0.001 0.040 0.014 0.022 0.064 0.793 
 225 I _   0.018 0.048 0.001 0.040 0.014 0.021 0.065 0.794 
 226 K _   0.016 0.046 0.001 0.037 0.012 0.019 0.066 0.802 
 227 I _   0.015 0.042 0.001 0.031 0.010 0.017 0.067 0.817 
 228 L _   0.013 0.035 0.001 0.024 0.008 0.014 0.069 0.836 
 229 K _   0.012 0.027 0.001 0.016 0.005 0.012 0.071 0.857 
 230 N _   0.010 0.019 0.000 0.010 0.004 0.010 0.072 0.874 
 231 H _   0.009 0.014 0.000 0.006 0.003 0.009 0.073 0.886 
 232 P _   0.008 0.011 0.000 0.004 0.002 0.009 0.074 0.892 
 233 S _   0.008 0.010 0.000 0.003 0.002 0.009 0.074 0.894 
 234 Y _   0.009 0.011 0.000 0.003 0.002 0.011 0.073 0.890 
 235 A _   0.011 0.014 0.000 0.005 0.003 0.013 0.073 0.881 
 236 R _   0.013 0.023 0.001 0.007 0.005 0.017 0.071 0.862 
 237 Q _   0.017 0.043 0.001 0.013 0.009 0.022 0.069 0.826 
 238 G _   0.019 0.081 0.001 0.021 0.014 0.027 0.066 0.770 
 239 Q _   0.021 0.137 0.002 0.032 0.019 0.030 0.063 0.696 
 240 I _   0.021 0.197 0.002 0.044 0.023 0.032 0.059 0.621 
 241 E _   0.021 0.247 0.002 0.055 0.025 0.032 0.057 0.561 
 242 V _   0.020 0.280 0.002 0.064 0.026 0.032 0.055 0.521 
 243 S _   0.020 0.297 0.002 0.070 0.026 0.031 0.054 0.500 
 244 I _   0.019 0.304 0.002 0.072 0.024 0.029 0.054 0.495 
 245 L _   0.018 0.302 0.002 0.071 0.022 0.027 0.055 0.503 
 246 A _   0.017 0.290 0.002 0.064 0.020 0.024 0.057 0.526 
 247 R _   0.016 0.264 0.002 0.055 0.017 0.021 0.059 0.566 
 248 L _   0.015 0.221 0.002 0.043 0.014 0.019 0.062 0.625 
 249 S _   0.014 0.164 0.001 0.030 0.010 0.016 0.066 0.698 
 250 T _   0.012 0.107 0.001 0.019 0.007 0.014 0.069 0.770 
 251 E _   0.011 0.067 0.001 0.011 0.005 0.012 0.072 0.823 
 252 N _   0.009 0.046 0.000 0.006 0.003 0.010 0.073 0.852 
 253 A _   0.007 0.037 0.000 0.004 0.002 0.010 0.074 0.866 
 254 D _   0.007 0.034 0.000 0.004 0.002 0.010 0.074 0.869 
 255 E _   0.007 0.035 0.000 0.005 0.002 0.011 0.074 0.865 
 256 Y _   0.009 0.039 0.000 0.008 0.004 0.014 0.073 0.854 
 257 N _   0.010 0.049 0.001 0.014 0.006 0.017 0.072 0.832 
 258 F _   0.011 0.063 0.001 0.022 0.009 0.020 0.070 0.804 
 259 V _   0.012 0.078 0.001 0.032 0.011 0.023 0.068 0.775 
 260 R _   0.013 0.089 0.001 0.039 0.013 0.024 0.067 0.754 
 261 A _   0.013 0.096 0.001 0.042 0.014 0.025 0.066 0.743 
 262 Y _   0.013 0.097 0.001 0.041 0.013 0.025 0.066 0.743 
 263 E _   0.013 0.096 0.001 0.036 0.012 0.025 0.066 0.751 
 264 C _   0.013 0.090 0.001 0.028 0.011 0.025 0.066 0.766 
 265 F _   0.014 0.083 0.001 0.020 0.009 0.025 0.066 0.783 
 266 Q _   0.015 0.075 0.001 0.013 0.008 0.026 0.067 0.796 
 267 H _   0.017 0.070 0.001 0.009 0.007 0.027 0.067 0.802 
 268 R _   0.020 0.069 0.001 0.008 0.008 0.029 0.067 0.799 
 269 N _   0.025 0.071 0.001 0.008 0.010 0.033 0.067 0.785 
 270 H _   0.030 0.080 0.001 0.012 0.015 0.037 0.067 0.759 
 271 T _   0.036 0.098 0.002 0.019 0.020 0.040 0.066 0.719 
 272 C _   0.041 0.124 0.002 0.030 0.025 0.042 0.066 0.670 
 273 L _   0.044 0.149 0.002 0.042 0.029 0.043 0.066 0.627 
 274 V _   0.045 0.167 0.002 0.051 0.030 0.042 0.066 0.597 
 275 F _   0.044 0.176 0.002 0.056 0.030 0.040 0.068 0.584 
 276 E _   0.042 0.177 0.002 0.057 0.028 0.037 0.070 0.587 
 277 M _   0.039 0.173 0.002 0.054 0.025 0.034 0.072 0.602 
 278 L _   0.036 0.160 0.002 0.047 0.021 0.030 0.075 0.629 
 279 E _   0.032 0.139 0.002 0.038 0.017 0.026 0.079 0.667 
 280 Q _   0.028 0.110 0.001 0.029 0.013 0.022 0.084 0.712 
 281 N _   0.025 0.079 0.001 0.021 0.010 0.019 0.089 0.756 
 282 L _   0.021 0.052 0.001 0.016 0.007 0.016 0.093 0.795 
 283 Y _   0.017 0.032 0.001 0.011 0.005 0.013 0.097 0.824 
 284 D _   0.014 0.019 0.000 0.008 0.004 0.011 0.100 0.844 
 285 F _   0.012 0.011 0.000 0.006 0.003 0.009 0.102 0.857 
 286 L _   0.010 0.006 0.000 0.005 0.002 0.008 0.103 0.865 
 287 K _   0.009 0.003 0.000 0.004 0.002 0.007 0.104 0.871 
 288 Q _   0.008 0.002 0.000 0.003 0.002 0.007 0.104 0.874 
 289 N _   0.007 0.001 0.000 0.003 0.002 0.007 0.104 0.876 
 290 K _   0.008 0.001 0.000 0.003 0.002 0.008 0.103 0.876 
 291 F _   0.009 0.001 0.000 0.003 0.002 0.009 0.102 0.875 
 292 S _   0.011 0.001 0.000 0.003 0.002 0.012 0.100 0.871 
 293 P _   0.015 0.001 0.000 0.004 0.003 0.015 0.098 0.864 
 294 L _   0.020 0.001 0.000 0.005 0.004 0.019 0.096 0.854 
 295 P _   0.028 0.002 0.001 0.006 0.006 0.025 0.093 0.840 
 296 L _   0.037 0.003 0.001 0.007 0.009 0.031 0.090 0.822 
 297 K _   0.048 0.006 0.001 0.009 0.013 0.038 0.086 0.799 
 298 V _   0.061 0.009 0.001 0.011 0.018 0.045 0.083 0.771 
 299 I _   0.073 0.014 0.002 0.014 0.024 0.051 0.080 0.742 
 300 R _   0.085 0.019 0.002 0.017 0.030 0.056 0.077 0.714 
 301 P _   0.094 0.026 0.002 0.022 0.036 0.059 0.074 0.687 
 302 I _   0.100 0.032 0.002 0.026 0.039 0.061 0.072 0.666 
 303 L _   0.103 0.038 0.002 0.031 0.041 0.061 0.071 0.654 
 304 Q _   0.101 0.041 0.002 0.034 0.040 0.059 0.070 0.653 
 305 Q _   0.096 0.042 0.002 0.035 0.037 0.055 0.070 0.663 
 306 V _   0.089 0.041 0.002 0.034 0.033 0.050 0.070 0.683 
 307 A _   0.080 0.037 0.002 0.030 0.027 0.044 0.070 0.711 
 308 T _   0.069 0.032 0.002 0.024 0.021 0.038 0.070 0.744 
 309 A _   0.058 0.025 0.001 0.018 0.015 0.032 0.070 0.779 
 310 L _   0.048 0.018 0.001 0.013 0.011 0.027 0.070 0.812 
 311 K _   0.038 0.013 0.001 0.009 0.008 0.023 0.070 0.838 
 312 K _   0.031 0.009 0.001 0.007 0.006 0.019 0.070 0.857 
 313 L _   0.025 0.007 0.001 0.006 0.005 0.017 0.070 0.869 
 314 K _   0.021 0.006 0.001 0.006 0.005 0.016 0.070 0.876 
 315 S _   0.019 0.006 0.001 0.007 0.004 0.015 0.069 0.880 
 316 L _   0.017 0.006 0.001 0.009 0.005 0.014 0.069 0.881 
 317 G _   0.016 0.006 0.001 0.010 0.005 0.013 0.068 0.882 
 318 L _   0.014 0.006 0.001 0.011 0.005 0.013 0.067 0.883 
 319 I _   0.013 0.006 0.001 0.012 0.005 0.012 0.066 0.884 
 320 H _   0.013 0.006 0.001 0.011 0.005 0.012 0.066 0.887 
 321 A _   0.012 0.006 0.001 0.010 0.005 0.011 0.065 0.891 
 322 D _   0.011 0.005 0.001 0.009 0.004 0.010 0.064 0.895 
 323 L _   0.011 0.004 0.000 0.008 0.004 0.010 0.064 0.899 
 324 K _   0.011 0.004 0.000 0.007 0.004 0.010 0.063 0.901 
 325 P _   0.011 0.004 0.000 0.007 0.004 0.010 0.062 0.902 
 326 E _   0.012 0.004 0.000 0.007 0.004 0.011 0.061 0.901 
 327 N _   0.012 0.004 0.001 0.008 0.004 0.011 0.061 0.899 
 328 I _   0.013 0.005 0.001 0.009 0.005 0.012 0.060 0.896 
 329 M _   0.013 0.006 0.001 0.010 0.005 0.012 0.059 0.894 
 330 L _   0.013 0.006 0.001 0.011 0.005 0.012 0.058 0.892 
 331 V _   0.013 0.007 0.001 0.012 0.006 0.013 0.057 0.892 
 332 D _   0.013 0.007 0.001 0.012 0.006 0.013 0.056 0.893 
 333 P _   0.012 0.007 0.001 0.011 0.005 0.012 0.055 0.895 
 334 V _   0.012 0.008 0.001 0.010 0.005 0.012 0.054 0.898 
 335 R _   0.011 0.008 0.001 0.009 0.005 0.012 0.053 0.901 
 336 Q _   0.011 0.008 0.001 0.009 0.005 0.012 0.052 0.903 
 337 P _   0.011 0.008 0.001 0.008 0.005 0.012 0.051 0.904 
 338 Y _   0.011 0.009 0.001 0.008 0.005 0.013 0.050 0.904 
 339 R _   0.011 0.010 0.001 0.009 0.005 0.013 0.049 0.902 
 340 V _   0.011 0.012 0.001 0.010 0.005 0.014 0.047 0.899 
 341 K _   0.011 0.015 0.001 0.011 0.006 0.015 0.046 0.896 
 342 V _   0.011 0.018 0.001 0.012 0.006 0.016 0.045 0.892 
 343 I _   0.012 0.021 0.001 0.013 0.007 0.017 0.043 0.887 
 344 D _   0.012 0.025 0.001 0.013 0.007 0.018 0.041 0.883 
 345 F _   0.013 0.028 0.001 0.013 0.007 0.019 0.040 0.879 
 346 G _   0.013 0.032 0.001 0.014 0.008 0.021 0.038 0.873 
 347 S _   0.014 0.036 0.001 0.014 0.009 0.023 0.036 0.866 
 348 A _   0.016 0.041 0.001 0.015 0.010 0.025 0.034 0.858 
 349 S _   0.017 0.046 0.001 0.016 0.012 0.027 0.033 0.848 
 350 H _   0.019 0.053 0.001 0.018 0.014 0.029 0.031 0.835 
 351 V _   0.022 0.061 0.001 0.022 0.016 0.031 0.029 0.818 
 352 S _   0.024 0.068 0.001 0.026 0.018 0.033 0.028 0.801 
 353 K _   0.026 0.075 0.001 0.030 0.020 0.034 0.026 0.786 
 354 T _   0.027 0.080 0.001 0.034 0.022 0.035 0.025 0.776 
 355 V _   0.028 0.083 0.002 0.038 0.022 0.034 0.024 0.770 
 356 C _   0.028 0.083 0.002 0.039 0.022 0.033 0.023 0.771 
 357 S _   0.028 0.080 0.002 0.038 0.021 0.032 0.022 0.779 
 358 T _   0.027 0.074 0.001 0.034 0.019 0.029 0.022 0.794 
 359 Y _   0.026 0.064 0.001 0.029 0.016 0.027 0.021 0.815 
 360 L _   0.026 0.051 0.001 0.023 0.014 0.025 0.021 0.840 
 361 Q _   0.025 0.036 0.001 0.018 0.011 0.023 0.021 0.866 
 362 S _   0.024 0.023 0.001 0.013 0.009 0.021 0.020 0.889 
 363 R _   0.024 0.013 0.001 0.009 0.007 0.019 0.020 0.906 
 364 Y _   0.025 0.007 0.001 0.007 0.006 0.018 0.019 0.916 
 365 Y _   0.028 0.004 0.001 0.005 0.005 0.018 0.019 0.920 
 366 R _   0.033 0.002 0.001 0.005 0.005 0.018 0.018 0.918 
 367 A _   0.041 0.001 0.001 0.005 0.006 0.019 0.017 0.910 
 368 P _   0.054 0.001 0.001 0.005 0.007 0.020 0.016 0.896 
 369 E _   0.071 0.001 0.001 0.006 0.008 0.022 0.015 0.877 
 370 I _   0.093 0.001 0.001 0.006 0.010 0.023 0.014 0.852 
 371 I _   0.123 0.000 0.001 0.006 0.011 0.025 0.012 0.820 
 372 L _   0.158 0.000 0.001 0.006 0.013 0.025 0.011 0.785 
 373 G _   0.198 0.000 0.001 0.005 0.014 0.025 0.010 0.746 
 374 L _   0.243 0.000 0.001 0.004 0.014 0.025 0.008 0.704 
 375 P _   0.292 0.000 0.001 0.003 0.014 0.024 0.007 0.659 
 376 F _   0.343 0.000 0.001 0.002 0.013 0.022 0.006 0.612 
 377 C _   0.397 0.000 0.001 0.001 0.012 0.020 0.005 0.564 
 378 E _   0.455 0.000 0.001 0.001 0.011 0.018 0.004 0.510 
 379 A H   0.517 0.000 0.001 0.001 0.011 0.015 0.003 0.452 
 380 I H   0.582 0.000 0.001 0.001 0.010 0.014 0.003 0.390 
 381 D H   0.647 0.000 0.001 0.001 0.010 0.012 0.002 0.327 
 382 M H   0.712 0.000 0.001 0.001 0.010 0.011 0.002 0.264 
 383 W H   0.767 0.000 0.001 0.001 0.011 0.009 0.001 0.210 
 384 S H   0.813 0.000 0.001 0.000 0.011 0.008 0.001 0.165 
 385 L H   0.844 0.000 0.001 0.000 0.012 0.008 0.001 0.134 
 386 G H   0.863 0.000 0.001 0.000 0.013 0.007 0.001 0.115 
 387 C H   0.872 0.000 0.001 0.000 0.013 0.007 0.001 0.105 
 388 V H   0.873 0.000 0.001 0.001 0.014 0.007 0.001 0.104 
 389 I H   0.864 0.000 0.001 0.001 0.015 0.007 0.001 0.112 
 390 A H   0.844 0.000 0.001 0.001 0.016 0.007 0.002 0.130 
 391 E H   0.810 0.000 0.001 0.001 0.016 0.008 0.002 0.161 
 392 L H   0.759 0.000 0.001 0.001 0.016 0.009 0.003 0.210 
 393 F H   0.687 0.000 0.001 0.002 0.016 0.010 0.005 0.279 
 394 L H   0.598 0.000 0.001 0.002 0.014 0.011 0.007 0.367 
 395 G H   0.495 0.000 0.001 0.002 0.012 0.011 0.009 0.469 
 396 W _   0.392 0.000 0.001 0.002 0.010 0.012 0.012 0.571 
 397 P _   0.299 0.000 0.001 0.003 0.008 0.012 0.015 0.662 
 398 L _   0.221 0.000 0.001 0.003 0.007 0.012 0.018 0.738 
 399 Y _   0.159 0.000 0.001 0.003 0.006 0.012 0.021 0.798 
 400 P _   0.115 0.000 0.001 0.004 0.005 0.012 0.023 0.841 
 401 G _   0.082 0.001 0.001 0.005 0.005 0.012 0.025 0.871 
 402 A _   0.060 0.001 0.001 0.005 0.005 0.012 0.026 0.890 
 403 L _   0.045 0.003 0.001 0.006 0.005 0.012 0.027 0.902 
 404 E _   0.034 0.004 0.001 0.008 0.005 0.013 0.028 0.908 
 405 Y _   0.027 0.007 0.001 0.009 0.005 0.013 0.029 0.910 
 406 D _   0.022 0.010 0.001 0.010 0.006 0.013 0.030 0.909 
 407 Q _   0.018 0.014 0.001 0.012 0.006 0.013 0.031 0.906 
 408 I _   0.016 0.017 0.001 0.013 0.006 0.013 0.031 0.902 
 409 R _   0.014 0.021 0.001 0.014 0.006 0.013 0.032 0.900 
 410 Y _   0.013 0.025 0.001 0.014 0.006 0.012 0.033 0.897 
 411 I _   0.011 0.028 0.001 0.014 0.005 0.012 0.033 0.896 
 412 S _   0.010 0.030 0.001 0.013 0.005 0.011 0.034 0.895 
 413 Q _   0.010 0.033 0.001 0.012 0.005 0.011 0.035 0.895 
 414 T _   0.009 0.035 0.001 0.011 0.004 0.011 0.035 0.894 
 415 Q _   0.008 0.038 0.001 0.011 0.004 0.011 0.036 0.891 
 416 G _   0.008 0.042 0.001 0.010 0.004 0.011 0.037 0.888 
 417 L _   0.008 0.047 0.001 0.011 0.004 0.011 0.037 0.881 
 418 P _   0.008 0.053 0.001 0.012 0.005 0.012 0.037 0.873 
 419 G _   0.009 0.061 0.001 0.013 0.005 0.012 0.038 0.861 
 420 E _   0.009 0.070 0.001 0.015 0.006 0.013 0.038 0.849 
 421 Q _   0.009 0.080 0.001 0.017 0.006 0.013 0.038 0.836 
 422 L _   0.009 0.089 0.001 0.019 0.007 0.014 0.038 0.823 
 423 L _   0.009 0.098 0.001 0.020 0.007 0.014 0.039 0.813 
 424 N _   0.009 0.105 0.001 0.022 0.007 0.014 0.039 0.804 
 425 V _   0.009 0.110 0.001 0.022 0.008 0.015 0.040 0.796 
 426 G _   0.009 0.115 0.001 0.023 0.008 0.015 0.040 0.789 
 427 T _   0.009 0.119 0.001 0.024 0.008 0.015 0.041 0.783 
 428 K _   0.010 0.121 0.001 0.025 0.008 0.015 0.042 0.778 
 429 S _   0.010 0.121 0.001 0.026 0.008 0.015 0.043 0.775 
 430 T _   0.010 0.120 0.001 0.027 0.008 0.015 0.045 0.774 
 431 R _   0.010 0.117 0.001 0.027 0.008 0.015 0.046 0.776 
 432 F _   0.010 0.112 0.001 0.026 0.008 0.014 0.048 0.781 
 433 F _   0.010 0.104 0.001 0.024 0.007 0.013 0.050 0.790 
 434 C _   0.009 0.095 0.001 0.021 0.006 0.012 0.053 0.802 
 435 K _   0.009 0.084 0.001 0.018 0.006 0.011 0.055 0.816 
 436 E _   0.009 0.072 0.001 0.015 0.005 0.010 0.058 0.831 
 437 T _   0.008 0.060 0.001 0.012 0.004 0.009 0.060 0.846 
 438 D _   0.008 0.050 0.000 0.010 0.003 0.009 0.063 0.857 
 439 M _   0.007 0.043 0.000 0.008 0.003 0.008 0.065 0.866 
 440 S _   0.007 0.037 0.000 0.008 0.003 0.008 0.066 0.871 
 441 H _   0.007 0.034 0.000 0.007 0.003 0.008 0.068 0.874 
 442 S _   0.006 0.032 0.000 0.008 0.003 0.008 0.069 0.874 
 443 G _   0.007 0.031 0.000 0.009 0.003 0.008 0.070 0.873 
 444 W _   0.007 0.031 0.000 0.010 0.003 0.008 0.071 0.870 
 445 R _   0.007 0.031 0.000 0.011 0.003 0.009 0.071 0.868 
 446 L _   0.007 0.031 0.000 0.013 0.004 0.009 0.072 0.865 
 447 K _   0.007 0.031 0.000 0.014 0.004 0.009 0.072 0.863 
 448 T _   0.006 0.031 0.000 0.014 0.004 0.009 0.073 0.862 
 449 L _   0.006 0.031 0.000 0.015 0.004 0.009 0.073 0.861 
 450 E _   0.006 0.030 0.000 0.014 0.004 0.009 0.074 0.862 
 451 E _   0.006 0.029 0.000 0.013 0.004 0.008 0.075 0.864 
 452 H _   0.006 0.028 0.000 0.012 0.003 0.008 0.076 0.868 
 453 E _   0.006 0.026 0.000 0.010 0.003 0.007 0.076 0.871 
 454 A _   0.005 0.025 0.000 0.009 0.002 0.007 0.077 0.874 
 455 E _   0.005 0.024 0.000 0.008 0.002 0.007 0.077 0.877 
 456 T _   0.005 0.024 0.000 0.007 0.002 0.007 0.077 0.878 
 457 G _   0.005 0.024 0.000 0.007 0.002 0.007 0.076 0.878 
 458 M _   0.005 0.026 0.000 0.007 0.002 0.008 0.076 0.876 
 459 K _   0.005 0.028 0.000 0.009 0.003 0.008 0.075 0.871 
 460 S _   0.006 0.032 0.000 0.011 0.004 0.009 0.074 0.864 
 461 K _   0.006 0.038 0.001 0.014 0.004 0.011 0.073 0.854 
 462 E _   0.006 0.044 0.001 0.017 0.005 0.012 0.072 0.844 
 463 A _   0.007 0.050 0.001 0.019 0.006 0.012 0.071 0.835 
 464 R _   0.007 0.055 0.001 0.021 0.006 0.013 0.070 0.827 
 465 K _   0.007 0.058 0.001 0.022 0.007 0.013 0.069 0.823 
 466 Y _   0.007 0.060 0.001 0.021 0.006 0.013 0.069 0.822 
 467 I _   0.007 0.061 0.001 0.020 0.006 0.013 0.069 0.824 
 468 F _   0.007 0.061 0.001 0.017 0.006 0.013 0.069 0.826 
 469 N _   0.008 0.060 0.001 0.015 0.006 0.014 0.069 0.829 
 470 S _   0.009 0.059 0.001 0.013 0.005 0.014 0.069 0.830 
 471 L _   0.010 0.059 0.001 0.011 0.006 0.015 0.069 0.829 
 472 D _   0.011 0.061 0.001 0.011 0.006 0.017 0.070 0.824 
 473 D _   0.013 0.063 0.001 0.013 0.007 0.018 0.070 0.815 
 474 V _   0.015 0.068 0.001 0.015 0.009 0.020 0.070 0.801 
 475 A _   0.017 0.075 0.001 0.020 0.011 0.022 0.071 0.784 
 476 H _   0.019 0.082 0.001 0.025 0.013 0.023 0.071 0.766 
 477 V _   0.021 0.088 0.001 0.031 0.014 0.024 0.072 0.749 
 478 N _   0.021 0.092 0.001 0.036 0.015 0.024 0.073 0.738 
 479 T _   0.021 0.093 0.001 0.038 0.015 0.023 0.075 0.734 
 480 V _   0.021 0.091 0.001 0.038 0.014 0.022 0.077 0.737 
 481 M _   0.020 0.085 0.001 0.035 0.012 0.020 0.080 0.747 
 482 D _   0.018 0.076 0.001 0.030 0.010 0.018 0.083 0.765 
 483 L _   0.016 0.062 0.001 0.024 0.008 0.015 0.086 0.788 
 484 E _   0.014 0.046 0.001 0.018 0.006 0.013 0.090 0.812 
 485 G _   0.012 0.032 0.001 0.013 0.005 0.011 0.093 0.835 
 486 S _   0.011 0.020 0.000 0.009 0.003 0.010 0.095 0.852 
 487 D _   0.009 0.012 0.000 0.006 0.003 0.008 0.097 0.864 
 488 L _   0.008 0.008 0.000 0.005 0.002 0.007 0.098 0.872 
 489 L _   0.007 0.005 0.000 0.004 0.002 0.007 0.099 0.876 
 490 A _   0.007 0.004 0.000 0.003 0.002 0.007 0.099 0.878 
 491 E _   0.007 0.004 0.000 0.003 0.002 0.008 0.099 0.878 
 492 K _   0.007 0.004 0.000 0.003 0.002 0.009 0.098 0.876 
 493 A _   0.008 0.005 0.000 0.004 0.002 0.011 0.097 0.872 
 494 D _   0.010 0.007 0.000 0.005 0.003 0.014 0.095 0.864 
 495 R _   0.013 0.011 0.001 0.008 0.005 0.018 0.093 0.852 
 496 R _   0.016 0.018 0.001 0.011 0.008 0.023 0.091 0.833 
 497 E _   0.020 0.028 0.001 0.016 0.011 0.027 0.088 0.809 
 498 F _   0.023 0.041 0.001 0.022 0.015 0.032 0.085 0.781 
 499 V _   0.026 0.055 0.001 0.029 0.019 0.035 0.082 0.753 
 500 S _   0.029 0.066 0.002 0.035 0.022 0.038 0.080 0.728 
 501 L _   0.032 0.074 0.002 0.040 0.024 0.039 0.078 0.711 
 502 L _   0.033 0.079 0.002 0.043 0.025 0.039 0.077 0.703 
 503 K _   0.034 0.080 0.002 0.042 0.025 0.038 0.076 0.704 
 504 K _   0.035 0.077 0.002 0.039 0.023 0.036 0.076 0.713 
 505 M _   0.034 0.072 0.002 0.034 0.020 0.033 0.076 0.728 
 506 L _   0.033 0.064 0.001 0.028 0.017 0.030 0.077 0.749 
 507 L _   0.032 0.054 0.001 0.022 0.014 0.027 0.078 0.772 
 508 I _   0.030 0.044 0.001 0.017 0.011 0.025 0.079 0.793 
 509 D _   0.029 0.035 0.001 0.014 0.009 0.022 0.080 0.810 
 510 A _   0.027 0.028 0.001 0.011 0.008 0.020 0.081 0.824 
 511 D _   0.025 0.023 0.001 0.010 0.007 0.019 0.081 0.834 
 512 L _   0.024 0.020 0.001 0.009 0.006 0.018 0.082 0.841 
 513 R _   0.022 0.017 0.001 0.009 0.006 0.016 0.083 0.846 
 514 I _   0.021 0.015 0.001 0.009 0.005 0.016 0.083 0.850 
 515 T _   0.019 0.014 0.001 0.009 0.005 0.015 0.084 0.854 
 516 P _   0.017 0.013 0.001 0.009 0.005 0.014 0.084 0.858 
 517 A _   0.016 0.012 0.001 0.008 0.005 0.014 0.084 0.861 
 518 E _   0.015 0.012 0.001 0.008 0.004 0.013 0.084 0.863 
 519 T _   0.014 0.012 0.001 0.008 0.004 0.013 0.084 0.865 
 520 L _   0.013 0.013 0.001 0.008 0.004 0.014 0.083 0.865 
 521 N _   0.012 0.014 0.001 0.009 0.005 0.014 0.083 0.862 
 522 H _   0.013 0.016 0.001 0.011 0.006 0.015 0.082 0.857 
 523 P _   0.013 0.019 0.001 0.014 0.007 0.016 0.081 0.849 
 524 F _   0.013 0.022 0.001 0.019 0.008 0.017 0.081 0.839 
 525 V _   0.013 0.026 0.001 0.023 0.009 0.018 0.080 0.830 
 526 N _   0.013 0.028 0.001 0.028 0.010 0.018 0.079 0.823 
 527 M _   0.013 0.030 0.001 0.030 0.010 0.018 0.079 0.819 
 528 K _   0.012 0.029 0.001 0.030 0.010 0.017 0.079 0.821 
 529 H _   0.011 0.027 0.001 0.028 0.009 0.015 0.080 0.829 
 530 L _   0.010 0.024 0.001 0.023 0.007 0.014 0.080 0.840 
 531 L _   0.010 0.018 0.001 0.018 0.006 0.012 0.081 0.855 
 532 D _   0.009 0.013 0.001 0.012 0.004 0.011 0.081 0.870 
 533 F _   0.008 0.008 0.000 0.007 0.003 0.010 0.081 0.882 
 534 P _   0.008 0.005 0.000 0.004 0.002 0.010 0.081 0.889 
 535 H _   0.009 0.003 0.000 0.003 0.002 0.011 0.081 0.892 
 536 S _   0.011 0.003 0.000 0.002 0.002 0.013 0.079 0.889 
 537 N _   0.016 0.003 0.000 0.003 0.003 0.017 0.078 0.879 
 538 H _   0.025 0.006 0.001 0.004 0.007 0.024 0.076 0.857 
 539 V _   0.037 0.018 0.001 0.008 0.014 0.034 0.073 0.815 
 540 K _   0.049 0.055 0.002 0.016 0.026 0.045 0.068 0.738 
 541 S _   0.058 0.131 0.004 0.029 0.040 0.052 0.063 0.624 
 542 C _   0.061 0.234 0.004 0.043 0.049 0.055 0.058 0.497 
 543 F _   0.059 0.325 0.004 0.055 0.050 0.053 0.054 0.401 
 544 H E   0.055 0.385 0.003 0.064 0.047 0.050 0.051 0.345 
 545 I E   0.051 0.416 0.002 0.070 0.044 0.046 0.050 0.321 
 546 M E   0.047 0.429 0.002 0.072 0.040 0.042 0.050 0.317 
 547 D E   0.043 0.431 0.002 0.071 0.036 0.038 0.050 0.328 
 548 I E   0.038 0.422 0.002 0.066 0.031 0.034 0.052 0.355 
 549 C E   0.033 0.399 0.002 0.058 0.026 0.030 0.053 0.398 
 550 K _   0.029 0.358 0.002 0.049 0.021 0.026 0.056 0.458 
 551 S _   0.025 0.301 0.002 0.040 0.016 0.022 0.060 0.534 
 552 H _   0.021 0.235 0.002 0.031 0.012 0.019 0.064 0.617 
 553 L _   0.018 0.175 0.001 0.023 0.008 0.016 0.067 0.692 
 554 N _   0.014 0.128 0.001 0.016 0.006 0.013 0.070 0.752 
 555 S _   0.011 0.097 0.001 0.011 0.004 0.010 0.072 0.795 
 556 C _   0.008 0.077 0.000 0.008 0.002 0.008 0.073 0.823 
 557 D _   0.006 0.067 0.000 0.006 0.002 0.007 0.073 0.839 
 558 T _   0.005 0.062 0.000 0.005 0.001 0.006 0.072 0.849 
 559 N _   0.004 0.060 0.000 0.004 0.001 0.006 0.071 0.852 
 560 N _   0.004 0.061 0.000 0.005 0.002 0.007 0.069 0.852 
 561 H _   0.004 0.066 0.000 0.007 0.002 0.008 0.067 0.846 
 562 N _   0.005 0.075 0.000 0.010 0.003 0.010 0.064 0.832 
 563 K _   0.006 0.092 0.001 0.015 0.005 0.012 0.060 0.810 
 564 T _   0.006 0.115 0.001 0.021 0.006 0.015 0.056 0.780 
 565 S _   0.007 0.140 0.001 0.027 0.008 0.017 0.051 0.749 
 566 L _   0.007 0.163 0.001 0.032 0.009 0.018 0.047 0.722 
 567 L _   0.007 0.180 0.001 0.036 0.010 0.019 0.044 0.703 
 568 R _   0.008 0.191 0.001 0.036 0.010 0.020 0.041 0.693 
 569 P _   0.008 0.197 0.001 0.034 0.010 0.021 0.039 0.691 
 570 V _   0.008 0.199 0.001 0.031 0.010 0.021 0.037 0.693 
 571 A _   0.009 0.199 0.001 0.027 0.010 0.022 0.035 0.697 
 572 S _   0.010 0.196 0.001 0.023 0.010 0.024 0.034 0.702 
 573 S _   0.012 0.193 0.001 0.020 0.010 0.025 0.033 0.706 
 574 S _   0.014 0.191 0.001 0.018 0.011 0.027 0.032 0.707 
 575 T _   0.017 0.189 0.001 0.017 0.012 0.029 0.030 0.704 
 576 A _   0.020 0.189 0.001 0.018 0.013 0.030 0.030 0.699 
 577 T _   0.023 0.190 0.001 0.019 0.015 0.032 0.029 0.692 
 578 L _   0.025 0.190 0.001 0.021 0.016 0.033 0.028 0.685 
 579 T _   0.027 0.190 0.001 0.023 0.017 0.034 0.027 0.680 
 580 A _   0.029 0.189 0.001 0.025 0.018 0.035 0.026 0.678 
 581 N _   0.030 0.185 0.001 0.025 0.018 0.035 0.026 0.680 
 582 F _   0.031 0.178 0.001 0.025 0.018 0.034 0.025 0.687 
 583 T _   0.031 0.169 0.001 0.024 0.018 0.033 0.025 0.698 
 584 K _   0.031 0.158 0.001 0.022 0.017 0.033 0.025 0.713 
 585 I _   0.030 0.144 0.001 0.020 0.016 0.032 0.025 0.732 
 586 G _   0.029 0.130 0.001 0.019 0.015 0.031 0.025 0.750 
 587 T _   0.029 0.116 0.001 0.017 0.013 0.030 0.025 0.769 
 588 L _   0.027 0.104 0.001 0.016 0.012 0.029 0.025 0.786 
 589 R _   0.026 0.092 0.001 0.015 0.011 0.027 0.025 0.802 
 590 S _   0.025 0.082 0.001 0.014 0.011 0.026 0.025 0.816 
 591 Q _   0.024 0.074 0.001 0.013 0.010 0.025 0.025 0.828 
 592 A _   0.023 0.067 0.001 0.012 0.009 0.024 0.024 0.838 
 593 L _   0.023 0.062 0.001 0.011 0.009 0.024 0.024 0.846 
 594 T _   0.023 0.057 0.001 0.011 0.009 0.023 0.024 0.852 
 595 T _   0.023 0.054 0.001 0.011 0.009 0.023 0.024 0.856 
 596 S _   0.023 0.052 0.001 0.011 0.009 0.023 0.024 0.859 
 597 A _   0.023 0.050 0.001 0.011 0.009 0.023 0.023 0.859 
 598 H _   0.024 0.049 0.001 0.011 0.009 0.023 0.023 0.859 
 599 S _   0.025 0.049 0.001 0.012 0.010 0.024 0.023 0.858 
 600 V _   0.025 0.049 0.001 0.013 0.010 0.025 0.022 0.855 
 601 V _   0.026 0.049 0.001 0.014 0.011 0.025 0.022 0.852 
 602 H _   0.027 0.050 0.001 0.015 0.011 0.026 0.022 0.849 
 603 H _   0.027 0.051 0.001 0.016 0.012 0.026 0.022 0.845 
 604 G _   0.028 0.052 0.001 0.017 0.012 0.027 0.022 0.842 
 605 I _   0.028 0.053 0.001 0.018 0.013 0.027 0.021 0.840 
 606 P _   0.027 0.053 0.001 0.018 0.013 0.027 0.021 0.840 
 607 L _   0.026 0.052 0.001 0.019 0.013 0.027 0.021 0.841 
 608 Q _   0.025 0.051 0.001 0.019 0.012 0.026 0.022 0.844 
 609 A _   0.024 0.050 0.001 0.019 0.012 0.025 0.022 0.848 
 610 G _   0.022 0.048 0.001 0.018 0.011 0.025 0.022 0.853 
 611 T _   0.021 0.045 0.001 0.017 0.010 0.024 0.022 0.860 
 612 A _   0.020 0.042 0.001 0.015 0.009 0.023 0.022 0.868 
 613 Q _   0.019 0.039 0.001 0.014 0.009 0.022 0.022 0.875 
 614 F _   0.018 0.036 0.001 0.012 0.008 0.022 0.023 0.880 
 615 G _   0.018 0.034 0.001 0.011 0.008 0.022 0.023 0.884 
 616 C _   0.018 0.032 0.001 0.010 0.008 0.022 0.023 0.886 
 617 G _   0.020 0.031 0.001 0.010 0.008 0.023 0.023 0.885 
 618 D _   0.022 0.031 0.001 0.010 0.009 0.025 0.023 0.880 
 619 A _   0.024 0.031 0.001 0.011 0.010 0.026 0.023 0.874 
 620 F _   0.027 0.032 0.001 0.012 0.011 0.028 0.023 0.865 
 621 Q _   0.030 0.034 0.001 0.013 0.012 0.029 0.023 0.856 
 622 Q _   0.033 0.036 0.001 0.014 0.014 0.031 0.023 0.848 
 623 T _   0.036 0.038 0.001 0.016 0.015 0.032 0.023 0.839 
 624 L _   0.038 0.040 0.001 0.017 0.016 0.033 0.024 0.831 
 625 I _   0.039 0.043 0.001 0.018 0.017 0.033 0.024 0.824 
 626 I _   0.040 0.046 0.001 0.019 0.018 0.033 0.024 0.819 
 627 C _   0.040 0.048 0.001 0.021 0.018 0.033 0.025 0.815 
 628 P _   0.039 0.050 0.001 0.022 0.018 0.032 0.025 0.812 
 629 P _   0.038 0.051 0.001 0.024 0.018 0.031 0.026 0.811 
 630 A _   0.036 0.052 0.001 0.025 0.017 0.029 0.027 0.812 
 631 I _   0.034 0.052 0.001 0.026 0.016 0.027 0.027 0.817 
 632 Q _   0.031 0.050 0.001 0.026 0.014 0.025 0.028 0.825 
 633 G _   0.027 0.047 0.001 0.024 0.012 0.023 0.029 0.836 
 634 I _   0.023 0.043 0.001 0.022 0.010 0.020 0.030 0.850 
 635 P _   0.020 0.038 0.001 0.018 0.008 0.017 0.031 0.866 
 636 A _   0.016 0.033 0.001 0.015 0.006 0.015 0.032 0.882 
 637 T _   0.014 0.028 0.001 0.012 0.005 0.013 0.033 0.896 
 638 H _   0.011 0.024 0.000 0.009 0.004 0.011 0.033 0.908 
 639 G _   0.009 0.021 0.000 0.007 0.003 0.010 0.033 0.916 
 640 K _   0.008 0.019 0.000 0.006 0.003 0.009 0.033 0.921 
 641 P _   0.007 0.019 0.000 0.006 0.003 0.008 0.033 0.923 
 642 T _   0.007 0.019 0.000 0.006 0.003 0.008 0.033 0.924 
 643 S _   0.007 0.020 0.000 0.006 0.003 0.008 0.033 0.922 
 644 Y _   0.007 0.022 0.000 0.007 0.003 0.009 0.032 0.919 
 645 S _   0.007 0.026 0.000 0.008 0.004 0.010 0.032 0.914 
 646 I _   0.007 0.030 0.001 0.010 0.004 0.010 0.031 0.907 
 647 R _   0.008 0.036 0.001 0.011 0.005 0.011 0.030 0.899 
 648 V _   0.008 0.043 0.001 0.012 0.005 0.012 0.029 0.889 
 649 D _   0.009 0.051 0.001 0.014 0.006 0.013 0.029 0.878 
 650 N _   0.009 0.060 0.001 0.016 0.007 0.014 0.028 0.867 
 651 T _   0.010 0.069 0.001 0.017 0.007 0.015 0.027 0.855 
 652 V _   0.011 0.077 0.001 0.019 0.008 0.015 0.026 0.843 
 653 P _   0.011 0.085 0.001 0.020 0.008 0.016 0.026 0.833 
 654 L _   0.011 0.092 0.001 0.021 0.009 0.016 0.025 0.825 
 655 V _   0.011 0.098 0.001 0.021 0.009 0.016 0.025 0.819 
 656 T _   0.011 0.102 0.001 0.021 0.008 0.016 0.024 0.817 
 657 Q _   0.011 0.104 0.001 0.020 0.008 0.015 0.024 0.817 
 658 A _   0.011 0.106 0.001 0.018 0.007 0.014 0.024 0.819 
 659 P _   0.010 0.106 0.001 0.016 0.006 0.014 0.024 0.823 
 660 A _   0.010 0.107 0.001 0.014 0.006 0.013 0.024 0.826 
 661 V _   0.010 0.107 0.001 0.012 0.005 0.013 0.023 0.829 
 662 Q _   0.009 0.108 0.001 0.011 0.005 0.013 0.023 0.830 
 663 P _   0.010 0.110 0.001 0.011 0.005 0.013 0.023 0.829 
