#TopoPred_TM8: 8-state transmembrane topology prediction results by no_profile mode 
#probabilities are in the order of H E C I L F X _, the 8 transmembrane topology types used in PDBTM 
   1 M X   0.016 0.002 0.002 0.057 0.010 0.011 0.626 0.276 
   2 A X   0.005 0.001 0.000 0.033 0.002 0.006 0.641 0.312 
   3 T X   0.001 0.001 0.000 0.018 0.001 0.004 0.642 0.332 
   4 S X   0.001 0.002 0.000 0.013 0.001 0.005 0.636 0.341 
   5 R X   0.002 0.004 0.000 0.014 0.001 0.009 0.624 0.346 
   6 Y X   0.004 0.010 0.000 0.016 0.003 0.014 0.605 0.347 
   7 E X   0.008 0.023 0.001 0.021 0.006 0.021 0.580 0.341 
   8 P X   0.011 0.049 0.001 0.029 0.010 0.027 0.545 0.327 
   9 V X   0.013 0.096 0.002 0.040 0.015 0.032 0.501 0.300 
  10 A X   0.013 0.163 0.003 0.051 0.021 0.034 0.452 0.264 
  11 E X   0.012 0.230 0.003 0.061 0.025 0.034 0.407 0.229 
  12 I X   0.011 0.285 0.002 0.068 0.026 0.033 0.372 0.202 
  13 G X   0.011 0.322 0.002 0.073 0.027 0.031 0.349 0.185 
  14 V E   0.011 0.343 0.002 0.077 0.026 0.030 0.333 0.178 
  15 G E   0.011 0.353 0.002 0.079 0.025 0.028 0.323 0.179 
  16 A E   0.011 0.356 0.001 0.077 0.024 0.026 0.316 0.188 
  17 Y E   0.011 0.351 0.002 0.074 0.022 0.024 0.312 0.205 
  18 G E   0.012 0.336 0.002 0.067 0.020 0.022 0.310 0.233 
  19 T X   0.012 0.306 0.002 0.057 0.017 0.020 0.309 0.277 
  20 V _   0.012 0.257 0.002 0.045 0.014 0.018 0.310 0.342 
  21 Y _   0.012 0.191 0.002 0.032 0.011 0.016 0.312 0.424 
  22 K _   0.011 0.125 0.001 0.021 0.008 0.014 0.315 0.506 
  23 A _   0.010 0.075 0.001 0.012 0.005 0.012 0.316 0.569 
  24 R _   0.008 0.049 0.000 0.007 0.003 0.010 0.316 0.607 
  25 D _   0.006 0.038 0.000 0.004 0.002 0.009 0.314 0.626 
  26 P _   0.006 0.034 0.000 0.004 0.002 0.009 0.312 0.633 
  27 H _   0.006 0.034 0.000 0.005 0.002 0.011 0.308 0.633 
  28 S _   0.008 0.037 0.000 0.008 0.004 0.013 0.304 0.626 
  29 G _   0.009 0.046 0.001 0.015 0.006 0.015 0.298 0.611 
  30 H _   0.010 0.059 0.001 0.025 0.009 0.017 0.291 0.588 
  31 F _   0.011 0.073 0.001 0.037 0.011 0.019 0.284 0.565 
  32 V _   0.011 0.083 0.001 0.047 0.013 0.019 0.278 0.548 
  33 A _   0.010 0.089 0.001 0.053 0.014 0.019 0.274 0.540 
  34 L _   0.010 0.090 0.001 0.055 0.013 0.018 0.272 0.542 
  35 K _   0.009 0.087 0.001 0.051 0.012 0.016 0.271 0.552 
  36 S _   0.009 0.080 0.001 0.044 0.010 0.014 0.271 0.571 
  37 V _   0.008 0.067 0.001 0.034 0.008 0.012 0.272 0.597 
  38 R _   0.007 0.051 0.001 0.024 0.006 0.010 0.273 0.627 
  39 V _   0.007 0.033 0.001 0.015 0.004 0.009 0.275 0.657 
  40 P _   0.006 0.019 0.000 0.009 0.003 0.007 0.275 0.680 
  41 N _   0.005 0.011 0.000 0.005 0.002 0.006 0.275 0.695 
  42 G _   0.005 0.007 0.000 0.003 0.001 0.006 0.273 0.704 
  43 G _   0.004 0.005 0.000 0.002 0.001 0.006 0.271 0.709 
  44 G _   0.005 0.005 0.000 0.002 0.001 0.008 0.268 0.711 
  45 G _   0.006 0.005 0.000 0.003 0.002 0.010 0.264 0.709 
  46 G _   0.009 0.007 0.000 0.004 0.003 0.014 0.259 0.703 
  47 G _   0.012 0.013 0.001 0.007 0.005 0.020 0.252 0.690 
  48 G _   0.017 0.025 0.001 0.011 0.009 0.027 0.243 0.666 
  49 L _   0.021 0.047 0.001 0.017 0.014 0.034 0.233 0.631 
  50 P _   0.025 0.076 0.002 0.025 0.021 0.041 0.222 0.589 
  51 I _   0.028 0.107 0.002 0.033 0.026 0.046 0.212 0.546 
  52 S _   0.030 0.133 0.002 0.040 0.031 0.050 0.203 0.511 
  53 T _   0.031 0.154 0.002 0.046 0.034 0.052 0.195 0.486 
  54 V _   0.032 0.168 0.002 0.050 0.036 0.052 0.190 0.470 
  55 R _   0.033 0.176 0.002 0.053 0.037 0.051 0.185 0.462 
  56 E _   0.034 0.179 0.002 0.053 0.036 0.050 0.182 0.464 
  57 V _   0.034 0.178 0.002 0.052 0.034 0.047 0.181 0.474 
  58 A _   0.033 0.171 0.002 0.048 0.031 0.043 0.180 0.492 
  59 L _   0.031 0.159 0.002 0.043 0.027 0.040 0.180 0.519 
  60 L _   0.030 0.140 0.002 0.036 0.023 0.036 0.181 0.554 
  61 R _   0.028 0.116 0.002 0.029 0.018 0.032 0.182 0.594 
  62 R _   0.026 0.089 0.001 0.022 0.014 0.028 0.184 0.635 
  63 L _   0.023 0.065 0.001 0.017 0.011 0.025 0.185 0.674 
  64 E _   0.021 0.045 0.001 0.012 0.008 0.022 0.186 0.705 
  65 A _   0.018 0.031 0.001 0.008 0.006 0.020 0.187 0.729 
  66 F _   0.017 0.023 0.001 0.006 0.005 0.018 0.187 0.743 
  67 E _   0.016 0.019 0.000 0.005 0.004 0.017 0.187 0.750 
  68 H _   0.015 0.018 0.000 0.005 0.004 0.017 0.187 0.753 
  69 P _   0.016 0.018 0.001 0.006 0.005 0.018 0.186 0.750 
  70 N _   0.017 0.019 0.001 0.009 0.006 0.020 0.185 0.743 
  71 V _   0.019 0.022 0.001 0.013 0.009 0.021 0.184 0.732 
  72 V _   0.020 0.026 0.001 0.018 0.011 0.023 0.183 0.718 
  73 R _   0.021 0.030 0.001 0.024 0.013 0.024 0.182 0.705 
  74 L _   0.021 0.033 0.001 0.028 0.014 0.024 0.182 0.696 
  75 M _   0.021 0.034 0.001 0.031 0.015 0.024 0.182 0.693 
  76 D _   0.020 0.033 0.001 0.031 0.014 0.022 0.183 0.696 
  77 V _   0.018 0.031 0.001 0.028 0.012 0.021 0.184 0.705 
  78 C _   0.017 0.027 0.001 0.023 0.010 0.019 0.186 0.718 
  79 A _   0.016 0.022 0.001 0.017 0.008 0.017 0.188 0.733 
  80 T _   0.014 0.016 0.001 0.011 0.006 0.015 0.190 0.747 
  81 S _   0.013 0.012 0.001 0.007 0.004 0.014 0.191 0.758 
  82 R _   0.012 0.009 0.000 0.005 0.003 0.014 0.192 0.764 
  83 T _   0.012 0.008 0.000 0.004 0.003 0.014 0.193 0.766 
  84 D _   0.013 0.008 0.000 0.004 0.003 0.015 0.193 0.762 
  85 R _   0.016 0.011 0.000 0.005 0.005 0.018 0.193 0.753 
  86 E _   0.019 0.016 0.001 0.008 0.007 0.021 0.192 0.736 
  87 I _   0.022 0.028 0.001 0.013 0.011 0.025 0.192 0.709 
  88 K _   0.025 0.047 0.001 0.021 0.014 0.028 0.191 0.673 
  89 V _   0.026 0.069 0.002 0.030 0.018 0.030 0.190 0.635 
  90 T _   0.027 0.087 0.002 0.039 0.020 0.030 0.190 0.604 
  91 L _   0.027 0.100 0.002 0.045 0.021 0.030 0.192 0.584 
  92 V _   0.026 0.106 0.001 0.049 0.020 0.029 0.194 0.575 
  93 F _   0.024 0.108 0.001 0.048 0.019 0.027 0.197 0.576 
  94 E _   0.022 0.106 0.001 0.045 0.016 0.024 0.201 0.584 
  95 H _   0.020 0.099 0.001 0.040 0.014 0.022 0.206 0.598 
  96 V _   0.018 0.089 0.001 0.033 0.011 0.019 0.212 0.616 
  97 D _   0.017 0.076 0.001 0.027 0.009 0.016 0.219 0.636 
  98 Q _   0.015 0.061 0.001 0.021 0.007 0.014 0.226 0.656 
  99 D _   0.014 0.046 0.001 0.016 0.005 0.012 0.233 0.674 
 100 L _   0.013 0.033 0.001 0.012 0.004 0.010 0.239 0.689 
 101 R _   0.011 0.023 0.000 0.009 0.003 0.009 0.244 0.701 
 102 T _   0.010 0.015 0.000 0.007 0.002 0.007 0.247 0.711 
 103 Y _   0.008 0.010 0.000 0.005 0.002 0.006 0.250 0.719 
 104 L _   0.007 0.007 0.000 0.004 0.001 0.005 0.251 0.725 
 105 D _   0.006 0.005 0.000 0.003 0.001 0.004 0.251 0.729 
 106 K _   0.005 0.004 0.000 0.003 0.001 0.004 0.250 0.733 
 107 A _   0.004 0.004 0.000 0.002 0.001 0.004 0.248 0.736 
 108 P _   0.004 0.004 0.000 0.003 0.001 0.005 0.244 0.739 
 109 P _   0.004 0.006 0.000 0.003 0.001 0.006 0.240 0.740 
 110 P _   0.005 0.009 0.000 0.005 0.002 0.008 0.233 0.739 
 111 G _   0.006 0.016 0.000 0.007 0.003 0.011 0.224 0.732 
 112 L _   0.007 0.031 0.001 0.011 0.005 0.015 0.213 0.717 
 113 P _   0.009 0.058 0.001 0.017 0.007 0.019 0.199 0.691 
 114 A _   0.010 0.096 0.001 0.025 0.010 0.023 0.182 0.653 
 115 E _   0.011 0.140 0.002 0.032 0.014 0.027 0.164 0.611 
 116 T _   0.011 0.184 0.002 0.038 0.016 0.029 0.148 0.572 
 117 I _   0.012 0.223 0.002 0.044 0.018 0.031 0.133 0.537 
 118 K _   0.012 0.253 0.002 0.049 0.020 0.033 0.121 0.511 
 119 D _   0.012 0.273 0.002 0.053 0.021 0.034 0.111 0.495 
 120 L _   0.013 0.285 0.002 0.055 0.022 0.034 0.103 0.487 
 121 M _   0.014 0.290 0.002 0.055 0.022 0.034 0.097 0.487 
 122 R _   0.015 0.289 0.002 0.053 0.022 0.033 0.092 0.494 
 123 Q _   0.016 0.282 0.002 0.050 0.021 0.032 0.088 0.510 
 124 F _   0.017 0.268 0.002 0.044 0.020 0.031 0.084 0.535 
 125 L _   0.017 0.245 0.002 0.037 0.018 0.030 0.082 0.568 
 126 R _   0.019 0.217 0.002 0.031 0.017 0.029 0.079 0.607 
 127 G _   0.020 0.187 0.001 0.025 0.015 0.028 0.078 0.646 
 128 L _   0.021 0.159 0.001 0.020 0.013 0.028 0.076 0.682 
 129 D _   0.021 0.136 0.001 0.017 0.012 0.027 0.074 0.711 
 130 F _   0.022 0.120 0.001 0.016 0.011 0.026 0.073 0.731 
 131 L _   0.023 0.108 0.001 0.016 0.011 0.026 0.071 0.745 
 132 H _   0.023 0.098 0.001 0.017 0.011 0.025 0.070 0.755 
 133 A _   0.023 0.090 0.001 0.019 0.011 0.024 0.068 0.765 
 134 N _   0.022 0.081 0.001 0.020 0.011 0.023 0.067 0.776 
 135 C _   0.022 0.071 0.001 0.020 0.010 0.022 0.066 0.789 
 136 I _   0.021 0.060 0.001 0.019 0.009 0.020 0.065 0.805 
 137 V _   0.020 0.046 0.001 0.016 0.008 0.019 0.064 0.825 
 138 H _   0.019 0.033 0.001 0.013 0.007 0.017 0.063 0.847 
 139 R _   0.018 0.020 0.001 0.010 0.006 0.016 0.062 0.868 
 140 D _   0.017 0.011 0.001 0.007 0.005 0.016 0.061 0.884 
 141 L _   0.017 0.006 0.000 0.005 0.004 0.016 0.059 0.894 
 142 K _   0.017 0.003 0.000 0.004 0.004 0.016 0.058 0.898 
 143 P _   0.019 0.002 0.000 0.004 0.004 0.018 0.056 0.897 
 144 E _   0.023 0.002 0.001 0.004 0.005 0.021 0.054 0.891 
 145 N _   0.028 0.002 0.001 0.006 0.007 0.024 0.052 0.881 
 146 I _   0.034 0.003 0.001 0.008 0.010 0.028 0.049 0.867 
 147 L _   0.040 0.005 0.001 0.012 0.013 0.033 0.047 0.850 
 148 V _   0.045 0.006 0.001 0.017 0.016 0.037 0.045 0.833 
 149 T _   0.049 0.008 0.001 0.020 0.019 0.040 0.042 0.821 
 150 S _   0.052 0.009 0.001 0.022 0.021 0.042 0.040 0.812 
 151 G _   0.055 0.009 0.002 0.023 0.022 0.043 0.038 0.808 
 152 G _   0.059 0.009 0.001 0.022 0.021 0.044 0.036 0.808 
 153 T _   0.063 0.007 0.001 0.019 0.020 0.044 0.034 0.812 
 154 V _   0.066 0.006 0.001 0.015 0.019 0.043 0.033 0.816 
 155 K _   0.071 0.004 0.001 0.012 0.017 0.043 0.031 0.820 
 156 L _   0.076 0.003 0.001 0.010 0.015 0.042 0.030 0.822 
 157 A _   0.083 0.002 0.001 0.008 0.014 0.042 0.028 0.821 
 158 D _   0.092 0.001 0.001 0.007 0.014 0.042 0.027 0.816 
 159 F _   0.103 0.001 0.001 0.007 0.014 0.042 0.025 0.807 
 160 G _   0.116 0.001 0.001 0.007 0.015 0.042 0.024 0.794 
 161 L _   0.133 0.001 0.001 0.007 0.015 0.042 0.023 0.778 
 162 A _   0.152 0.001 0.001 0.006 0.016 0.043 0.021 0.759 
 163 R _   0.174 0.000 0.001 0.006 0.017 0.043 0.020 0.739 
 164 I _   0.197 0.000 0.001 0.006 0.018 0.043 0.019 0.716 
 165 Y _   0.223 0.000 0.001 0.005 0.019 0.043 0.017 0.692 
 166 S _   0.251 0.000 0.001 0.004 0.020 0.043 0.016 0.665 
 167 Y _   0.281 0.000 0.001 0.004 0.021 0.043 0.015 0.636 
 168 Q _   0.311 0.000 0.001 0.004 0.022 0.042 0.014 0.606 
 169 M _   0.340 0.000 0.001 0.003 0.023 0.042 0.014 0.577 
 170 A _   0.364 0.000 0.001 0.003 0.024 0.042 0.013 0.552 
 171 L _   0.383 0.000 0.001 0.003 0.025 0.041 0.013 0.533 
 172 T _   0.395 0.000 0.001 0.004 0.026 0.041 0.013 0.519 
 173 P _   0.400 0.000 0.002 0.004 0.027 0.040 0.013 0.513 
 174 V _   0.399 0.000 0.002 0.005 0.027 0.040 0.014 0.513 
 175 V _   0.391 0.000 0.002 0.005 0.027 0.039 0.015 0.522 
 176 V _   0.374 0.001 0.002 0.006 0.026 0.038 0.015 0.539 
 177 T _   0.350 0.001 0.002 0.006 0.025 0.036 0.016 0.564 
 178 L _   0.320 0.001 0.002 0.006 0.023 0.035 0.018 0.595 
 179 W _   0.286 0.001 0.002 0.006 0.021 0.034 0.019 0.633 
 180 Y _   0.250 0.000 0.001 0.006 0.018 0.032 0.020 0.672 
 181 R _   0.213 0.000 0.001 0.006 0.016 0.030 0.021 0.712 
 182 A _   0.179 0.000 0.001 0.007 0.014 0.029 0.023 0.748 
 183 P _   0.151 0.001 0.001 0.007 0.012 0.027 0.024 0.778 
 184 E _   0.129 0.001 0.001 0.007 0.011 0.025 0.025 0.802 
 185 V _   0.111 0.001 0.001 0.007 0.009 0.024 0.026 0.821 
 186 L _   0.099 0.001 0.001 0.008 0.008 0.022 0.027 0.835 
 187 L _   0.090 0.001 0.001 0.007 0.008 0.021 0.027 0.845 
 188 Q _   0.086 0.001 0.001 0.007 0.007 0.019 0.028 0.852 
 189 S _   0.085 0.000 0.001 0.006 0.006 0.018 0.028 0.855 
 190 T _   0.091 0.000 0.001 0.004 0.006 0.018 0.029 0.852 
 191 Y _   0.102 0.000 0.001 0.003 0.005 0.017 0.029 0.842 
 192 A _   0.122 0.000 0.001 0.002 0.005 0.018 0.029 0.823 
 193 T _   0.153 0.000 0.001 0.002 0.006 0.019 0.029 0.791 
 194 P _   0.199 0.000 0.001 0.002 0.007 0.021 0.028 0.743 
 195 V _   0.261 0.000 0.001 0.002 0.010 0.024 0.028 0.675 
 196 D _   0.337 0.000 0.001 0.002 0.014 0.028 0.028 0.590 
 197 M _   0.418 0.000 0.001 0.002 0.021 0.032 0.028 0.498 
 198 W H   0.491 0.000 0.002 0.002 0.029 0.036 0.029 0.411 
 199 S H   0.548 0.000 0.002 0.003 0.038 0.039 0.030 0.339 
 200 V H   0.587 0.001 0.002 0.005 0.046 0.041 0.032 0.286 
 201 G H   0.608 0.002 0.002 0.007 0.053 0.042 0.036 0.250 
 202 C H   0.614 0.004 0.003 0.009 0.057 0.041 0.040 0.232 
 203 I H   0.605 0.005 0.003 0.012 0.058 0.040 0.047 0.231 
 204 F H   0.581 0.006 0.003 0.014 0.056 0.038 0.055 0.247 
 205 A H   0.538 0.006 0.003 0.015 0.052 0.036 0.065 0.283 
 206 E H   0.476 0.005 0.003 0.016 0.046 0.034 0.079 0.341 
 207 M _   0.399 0.004 0.003 0.015 0.036 0.030 0.095 0.417 
 208 F _   0.313 0.003 0.002 0.013 0.026 0.026 0.112 0.504 
 209 R _   0.230 0.002 0.002 0.011 0.017 0.021 0.131 0.587 
 210 R _   0.159 0.001 0.001 0.009 0.011 0.017 0.148 0.655 
 211 K _   0.103 0.001 0.001 0.007 0.007 0.014 0.162 0.706 
 212 P _   0.065 0.001 0.001 0.005 0.004 0.011 0.174 0.740 
 213 L _   0.039 0.001 0.000 0.004 0.003 0.009 0.183 0.760 
 214 F _   0.024 0.001 0.000 0.004 0.002 0.007 0.190 0.772 
 215 C _   0.015 0.001 0.000 0.003 0.002 0.007 0.196 0.777 
 216 G _   0.010 0.001 0.000 0.003 0.002 0.007 0.199 0.777 
 217 N _   0.008 0.003 0.000 0.004 0.002 0.007 0.202 0.774 
 218 S _   0.007 0.005 0.000 0.005 0.002 0.008 0.205 0.767 
 219 E _   0.008 0.011 0.000 0.007 0.003 0.011 0.206 0.754 
 220 A _   0.009 0.023 0.001 0.010 0.005 0.013 0.207 0.733 
 221 D _   0.011 0.044 0.001 0.016 0.007 0.017 0.208 0.697 
 222 Q _   0.012 0.078 0.001 0.025 0.011 0.020 0.207 0.645 
 223 L _   0.013 0.122 0.001 0.037 0.014 0.023 0.207 0.582 
 224 G _   0.013 0.165 0.002 0.051 0.017 0.025 0.208 0.519 
 225 K _   0.013 0.198 0.002 0.064 0.019 0.026 0.210 0.469 
 226 I _   0.013 0.218 0.002 0.074 0.020 0.026 0.213 0.435 
 227 F _   0.013 0.227 0.002 0.079 0.020 0.025 0.219 0.415 
 228 D _   0.013 0.228 0.001 0.079 0.019 0.023 0.227 0.409 
 229 L _   0.013 0.222 0.001 0.074 0.017 0.022 0.238 0.413 
 230 I _   0.012 0.207 0.002 0.064 0.015 0.019 0.252 0.429 
 231 G _   0.012 0.179 0.002 0.052 0.013 0.017 0.270 0.458 
 232 L _   0.011 0.137 0.001 0.038 0.010 0.014 0.291 0.497 
 233 P _   0.010 0.092 0.001 0.025 0.007 0.012 0.313 0.540 
 234 P _   0.009 0.053 0.001 0.015 0.005 0.009 0.333 0.575 
 235 E _   0.007 0.028 0.000 0.008 0.003 0.007 0.348 0.597 
 236 D _   0.006 0.016 0.000 0.005 0.002 0.006 0.359 0.607 
 237 D _   0.005 0.010 0.000 0.003 0.001 0.005 0.366 0.609 
 238 W _   0.004 0.008 0.000 0.003 0.001 0.004 0.371 0.608 
 239 P _   0.004 0.008 0.000 0.003 0.001 0.005 0.375 0.604 
 240 R _   0.004 0.008 0.000 0.004 0.001 0.005 0.378 0.599 
 241 D _   0.004 0.009 0.000 0.006 0.002 0.006 0.380 0.591 
 242 V _   0.005 0.012 0.000 0.010 0.003 0.007 0.382 0.582 
 243 S _   0.005 0.014 0.000 0.014 0.003 0.008 0.383 0.572 
 244 L _   0.005 0.017 0.000 0.018 0.004 0.009 0.384 0.562 
 245 P _   0.005 0.019 0.001 0.021 0.005 0.009 0.386 0.554 
 246 R _   0.005 0.020 0.001 0.023 0.005 0.009 0.389 0.549 
 247 G _   0.005 0.020 0.001 0.022 0.005 0.009 0.392 0.547 
 248 A _   0.005 0.019 0.001 0.020 0.004 0.008 0.397 0.547 
 249 F _   0.004 0.017 0.000 0.016 0.004 0.007 0.401 0.550 
 250 P _   0.004 0.014 0.000 0.012 0.003 0.006 0.406 0.554 
 251 P _   0.004 0.011 0.000 0.009 0.002 0.006 0.411 0.557 
 252 R _   0.004 0.008 0.000 0.006 0.002 0.005 0.416 0.560 
 253 G _   0.004 0.007 0.000 0.004 0.001 0.005 0.419 0.560 
 254 P _   0.003 0.006 0.000 0.004 0.001 0.005 0.422 0.559 
 255 R _   0.003 0.005 0.000 0.003 0.001 0.005 0.424 0.558 
 256 P _   0.004 0.006 0.000 0.004 0.001 0.005 0.426 0.554 
 257 V _   0.004 0.006 0.000 0.004 0.002 0.006 0.427 0.551 
 258 Q _   0.004 0.008 0.000 0.005 0.002 0.007 0.427 0.546 
 259 S _   0.004 0.010 0.000 0.007 0.003 0.009 0.427 0.540 
 260 V _   0.005 0.013 0.000 0.008 0.003 0.010 0.427 0.534 
 261 V _   0.005 0.016 0.000 0.009 0.003 0.012 0.426 0.528 
 262 P _   0.006 0.019 0.000 0.009 0.004 0.014 0.426 0.521 
 263 E _   0.007 0.023 0.001 0.010 0.005 0.017 0.425 0.513 
 264 M _   0.008 0.027 0.001 0.011 0.006 0.020 0.424 0.504 
 265 E _   0.011 0.032 0.001 0.011 0.008 0.024 0.423 0.490 
 266 E _   0.014 0.039 0.001 0.013 0.011 0.028 0.422 0.472 
 267 S _   0.017 0.048 0.001 0.016 0.015 0.033 0.421 0.449 
 268 G X   0.022 0.059 0.001 0.021 0.020 0.038 0.420 0.420 
 269 A X   0.026 0.072 0.002 0.027 0.025 0.041 0.420 0.387 
 270 Q X   0.029 0.085 0.002 0.034 0.029 0.043 0.421 0.357 
 271 L X   0.032 0.093 0.002 0.041 0.031 0.044 0.424 0.334 
 272 L X   0.033 0.098 0.002 0.046 0.031 0.043 0.429 0.320 
 273 L X   0.033 0.098 0.002 0.046 0.029 0.041 0.435 0.316 
 274 E X   0.032 0.094 0.002 0.043 0.026 0.038 0.444 0.321 
 275 M X   0.031 0.085 0.002 0.036 0.022 0.035 0.455 0.334 
 276 L X   0.030 0.070 0.002 0.027 0.018 0.032 0.467 0.355 
 277 T X   0.028 0.050 0.001 0.018 0.013 0.029 0.480 0.379 
 278 F X   0.027 0.033 0.001 0.011 0.009 0.027 0.492 0.400 
 279 N X   0.025 0.022 0.001 0.006 0.007 0.026 0.503 0.411 
 280 P X   0.024 0.017 0.000 0.004 0.005 0.026 0.511 0.412 
 281 H X   0.025 0.016 0.000 0.003 0.005 0.027 0.519 0.405 
 282 K X   0.027 0.018 0.001 0.005 0.007 0.028 0.526 0.390 
 283 R X   0.029 0.022 0.001 0.009 0.010 0.031 0.532 0.366 
 284 I X   0.030 0.034 0.001 0.016 0.014 0.033 0.540 0.331 
 285 S X   0.030 0.052 0.002 0.028 0.019 0.034 0.548 0.288 
 286 A X   0.028 0.069 0.002 0.042 0.022 0.034 0.557 0.246 
 287 F X   0.026 0.081 0.002 0.053 0.023 0.032 0.569 0.214 
 288 R X   0.023 0.087 0.002 0.060 0.022 0.030 0.585 0.191 
 289 A X   0.020 0.089 0.002 0.062 0.021 0.027 0.604 0.176 
 290 L X   0.016 0.086 0.001 0.059 0.018 0.024 0.628 0.167 
 291 Q X   0.014 0.079 0.001 0.052 0.015 0.020 0.656 0.163 
 292 H X   0.012 0.067 0.001 0.042 0.012 0.017 0.691 0.160 
 293 S X   0.009 0.050 0.001 0.030 0.008 0.013 0.729 0.160 
 294 Y X   0.008 0.032 0.001 0.020 0.005 0.010 0.766 0.158 
 295 L X   0.006 0.018 0.001 0.012 0.003 0.007 0.799 0.155 
 296 H X   0.004 0.009 0.000 0.006 0.002 0.005 0.824 0.150 
 297 K X   0.003 0.005 0.000 0.003 0.001 0.003 0.843 0.142 
 298 D X   0.002 0.002 0.000 0.002 0.001 0.001 0.857 0.136 
 299 E X   0.001 0.001 0.000 0.001 0.000 0.001 0.866 0.131 
 300 G X   0.000 0.000 0.000 0.000 0.000 0.000 0.871 0.128 
 301 N X   0.000 0.000 0.000 0.000 0.000 0.000 0.872 0.127 
 302 P X   0.000 0.000 0.000 0.001 0.000 0.000 0.869 0.129 
 303 E X   0.001 0.000 0.001 0.006 0.002 0.002 0.855 0.133 
