#TopoPred_TM8: 8-state transmembrane topology prediction results by no_profile mode 
#probabilities are in the order of H E C I L F X _, the 8 transmembrane topology types used in PDBTM 
   1 M X   0.004 0.000 0.001 0.021 0.005 0.004 0.933 0.032 
   2 A X   0.001 0.000 0.000 0.009 0.001 0.002 0.956 0.031 
   3 T X   0.000 0.000 0.000 0.005 0.000 0.001 0.963 0.031 
   4 E X   0.000 0.000 0.000 0.005 0.000 0.001 0.964 0.030 
   5 N X   0.000 0.001 0.000 0.005 0.000 0.002 0.964 0.028 
   6 G X   0.001 0.001 0.000 0.007 0.001 0.002 0.962 0.026 
   7 A X   0.001 0.002 0.000 0.008 0.001 0.003 0.961 0.024 
   8 V X   0.001 0.003 0.000 0.010 0.001 0.003 0.960 0.022 
   9 E X   0.001 0.003 0.000 0.011 0.002 0.003 0.959 0.021 
  10 L X   0.001 0.003 0.000 0.011 0.002 0.003 0.959 0.020 
  11 G X   0.001 0.003 0.000 0.011 0.002 0.003 0.961 0.020 
  12 I X   0.001 0.003 0.000 0.009 0.001 0.002 0.963 0.019 
  13 Q X   0.001 0.003 0.000 0.007 0.001 0.002 0.967 0.019 
  14 N X   0.001 0.002 0.000 0.005 0.001 0.002 0.971 0.019 
  15 P X   0.001 0.001 0.000 0.003 0.001 0.001 0.975 0.019 
  16 S X   0.000 0.001 0.000 0.002 0.000 0.001 0.978 0.018 
  17 T X   0.000 0.000 0.000 0.001 0.000 0.001 0.981 0.017 
  18 D X   0.000 0.000 0.000 0.000 0.000 0.000 0.982 0.016 
  19 K X   0.000 0.000 0.000 0.000 0.000 0.000 0.983 0.015 
  20 A X   0.000 0.000 0.000 0.000 0.000 0.000 0.984 0.015 
  21 P X   0.000 0.000 0.000 0.000 0.000 0.000 0.985 0.014 
  22 K X   0.000 0.000 0.000 0.000 0.000 0.000 0.985 0.014 
  23 G X   0.000 0.000 0.000 0.001 0.000 0.000 0.984 0.014 
  24 P X   0.000 0.000 0.000 0.001 0.000 0.001 0.984 0.014 
  25 T X   0.000 0.000 0.000 0.002 0.000 0.001 0.983 0.013 
  26 G X   0.000 0.001 0.000 0.002 0.000 0.001 0.983 0.013 
  27 E X   0.000 0.001 0.000 0.003 0.001 0.001 0.982 0.012 
  28 R X   0.000 0.001 0.000 0.003 0.001 0.001 0.982 0.011 
  29 P X   0.000 0.001 0.000 0.004 0.001 0.001 0.983 0.010 
  30 L X   0.000 0.001 0.000 0.004 0.001 0.001 0.984 0.010 
  31 A X   0.000 0.001 0.000 0.003 0.001 0.001 0.985 0.009 
  32 A X   0.000 0.001 0.000 0.003 0.000 0.001 0.987 0.008 
  33 G X   0.000 0.001 0.000 0.002 0.000 0.001 0.989 0.007 
  34 K X   0.000 0.000 0.000 0.001 0.000 0.001 0.991 0.006 
  35 D X   0.000 0.000 0.000 0.001 0.000 0.000 0.993 0.005 
  36 P X   0.000 0.000 0.000 0.001 0.000 0.000 0.994 0.005 
  37 G X   0.000 0.000 0.000 0.000 0.000 0.000 0.995 0.004 
  38 P X   0.000 0.000 0.000 0.000 0.000 0.000 0.996 0.003 
  39 P X   0.000 0.000 0.000 0.000 0.000 0.000 0.997 0.003 
  40 D X   0.000 0.000 0.000 0.000 0.000 0.000 0.997 0.003 
  41 P X   0.000 0.000 0.000 0.000 0.000 0.000 0.997 0.003 
  42 K X   0.000 0.000 0.000 0.000 0.000 0.000 0.997 0.002 
  43 K X   0.000 0.000 0.000 0.000 0.000 0.000 0.997 0.002 
  44 A X   0.000 0.000 0.000 0.000 0.000 0.000 0.997 0.003 
  45 P X   0.000 0.000 0.000 0.000 0.000 0.000 0.997 0.003 
  46 D X   0.000 0.000 0.000 0.000 0.000 0.000 0.996 0.003 
  47 P X   0.000 0.000 0.000 0.000 0.000 0.000 0.996 0.003 
  48 P X   0.000 0.000 0.000 0.000 0.000 0.000 0.996 0.004 
  49 T X   0.000 0.000 0.000 0.000 0.000 0.000 0.995 0.004 
  50 L X   0.000 0.000 0.000 0.000 0.000 0.000 0.994 0.005 
  51 K X   0.000 0.000 0.000 0.000 0.000 0.000 0.994 0.005 
  52 K X   0.000 0.000 0.000 0.000 0.000 0.000 0.993 0.006 
  53 D X   0.000 0.000 0.000 0.001 0.000 0.000 0.992 0.007 
  54 A X   0.000 0.000 0.000 0.001 0.000 0.000 0.991 0.008 
  55 K X   0.000 0.000 0.000 0.001 0.000 0.000 0.989 0.009 
  56 A X   0.000 0.000 0.000 0.001 0.000 0.000 0.988 0.011 
  57 P X   0.000 0.000 0.000 0.001 0.000 0.000 0.986 0.012 
  58 A X   0.000 0.000 0.000 0.001 0.000 0.001 0.984 0.014 
  59 S X   0.000 0.001 0.000 0.001 0.000 0.001 0.982 0.016 
  60 E X   0.000 0.001 0.000 0.002 0.000 0.001 0.979 0.017 
  61 K X   0.000 0.001 0.000 0.002 0.000 0.001 0.976 0.019 
  62 G X   0.000 0.001 0.000 0.003 0.001 0.001 0.974 0.020 
  63 D X   0.000 0.002 0.000 0.003 0.001 0.001 0.971 0.021 
  64 G X   0.000 0.002 0.000 0.004 0.001 0.001 0.969 0.022 
  65 T X   0.000 0.002 0.000 0.005 0.001 0.002 0.967 0.023 
  66 L X   0.000 0.003 0.000 0.005 0.001 0.002 0.966 0.024 
  67 A X   0.000 0.003 0.000 0.005 0.001 0.002 0.965 0.024 
  68 Q X   0.000 0.002 0.000 0.004 0.001 0.001 0.965 0.025 
  69 P X   0.000 0.002 0.000 0.004 0.001 0.001 0.965 0.026 
  70 S X   0.000 0.002 0.000 0.003 0.001 0.001 0.966 0.027 
  71 T X   0.000 0.002 0.000 0.003 0.000 0.001 0.967 0.027 
  72 S X   0.000 0.001 0.000 0.002 0.000 0.001 0.967 0.028 
  73 S X   0.000 0.001 0.000 0.001 0.000 0.001 0.968 0.028 
  74 Q X   0.000 0.001 0.000 0.001 0.000 0.001 0.968 0.028 
  75 G X   0.000 0.001 0.000 0.001 0.000 0.001 0.968 0.029 
  76 P X   0.000 0.000 0.000 0.001 0.000 0.001 0.968 0.029 
  77 K X   0.000 0.000 0.000 0.001 0.000 0.000 0.968 0.030 
  78 G X   0.000 0.000 0.000 0.001 0.000 0.000 0.967 0.031 
  79 E X   0.000 0.000 0.000 0.001 0.000 0.000 0.965 0.033 
  80 G X   0.000 0.000 0.000 0.001 0.000 0.001 0.964 0.034 
  81 D X   0.000 0.000 0.000 0.001 0.000 0.001 0.961 0.036 
  82 R X   0.000 0.000 0.000 0.001 0.000 0.001 0.959 0.039 
  83 G X   0.000 0.001 0.000 0.001 0.000 0.001 0.955 0.041 
  84 G X   0.000 0.001 0.000 0.002 0.000 0.001 0.951 0.045 
  85 G X   0.000 0.001 0.000 0.002 0.000 0.001 0.947 0.048 
  86 P X   0.000 0.001 0.000 0.002 0.001 0.001 0.942 0.052 
  87 A X   0.001 0.002 0.000 0.002 0.001 0.001 0.936 0.057 
  88 E X   0.001 0.002 0.000 0.003 0.001 0.002 0.930 0.062 
  89 G X   0.001 0.003 0.000 0.003 0.001 0.002 0.924 0.067 
  90 S X   0.001 0.004 0.000 0.003 0.001 0.002 0.918 0.071 
  91 A X   0.001 0.005 0.000 0.004 0.001 0.002 0.911 0.076 
  92 G X   0.001 0.006 0.000 0.005 0.001 0.003 0.904 0.081 
  93 P X   0.001 0.007 0.000 0.006 0.001 0.003 0.897 0.085 
  94 P X   0.001 0.009 0.000 0.007 0.001 0.003 0.890 0.088 
  95 A X   0.001 0.011 0.000 0.008 0.002 0.004 0.884 0.091 
  96 A X   0.001 0.012 0.000 0.010 0.002 0.004 0.878 0.094 
  97 L X   0.001 0.013 0.000 0.011 0.002 0.004 0.873 0.096 
  98 P X   0.001 0.014 0.000 0.012 0.002 0.004 0.869 0.098 
  99 Q X   0.001 0.014 0.000 0.012 0.002 0.004 0.866 0.101 
 100 Q X   0.001 0.014 0.000 0.011 0.002 0.004 0.864 0.104 
 101 T X   0.001 0.013 0.000 0.010 0.002 0.003 0.863 0.107 
 102 A X   0.001 0.012 0.000 0.009 0.002 0.003 0.862 0.111 
 103 T X   0.001 0.010 0.000 0.007 0.001 0.003 0.862 0.115 
 104 P X   0.001 0.008 0.000 0.005 0.001 0.002 0.863 0.119 
 105 E X   0.001 0.006 0.000 0.004 0.001 0.002 0.863 0.123 
 106 T X   0.001 0.005 0.000 0.003 0.001 0.002 0.862 0.127 
 107 S X   0.001 0.004 0.000 0.002 0.001 0.002 0.861 0.129 
 108 V X   0.001 0.003 0.000 0.002 0.000 0.002 0.860 0.132 
 109 K X   0.001 0.003 0.000 0.002 0.000 0.002 0.858 0.134 
 110 K X   0.001 0.003 0.000 0.002 0.001 0.002 0.855 0.136 
 111 P X   0.001 0.003 0.000 0.003 0.001 0.002 0.852 0.138 
 112 K X   0.001 0.003 0.000 0.003 0.001 0.002 0.849 0.141 
 113 A X   0.001 0.003 0.000 0.004 0.001 0.002 0.845 0.143 
 114 E X   0.001 0.003 0.000 0.005 0.001 0.003 0.840 0.146 
 115 Q X   0.002 0.004 0.000 0.005 0.001 0.003 0.836 0.149 
 116 G X   0.002 0.004 0.000 0.006 0.001 0.003 0.832 0.153 
 117 A X   0.002 0.004 0.000 0.005 0.001 0.003 0.827 0.158 
 118 S X   0.002 0.003 0.000 0.005 0.001 0.002 0.823 0.164 
 119 G X   0.001 0.003 0.000 0.004 0.001 0.002 0.818 0.170 
 120 S X   0.001 0.003 0.000 0.003 0.001 0.002 0.813 0.176 
 121 Q X   0.001 0.003 0.000 0.003 0.001 0.002 0.807 0.183 
 122 D X   0.001 0.003 0.000 0.002 0.001 0.002 0.800 0.190 
 123 P X   0.001 0.003 0.000 0.002 0.001 0.002 0.791 0.198 
 124 G X   0.002 0.004 0.000 0.003 0.001 0.003 0.780 0.208 
 125 K X   0.002 0.006 0.000 0.004 0.001 0.003 0.766 0.218 
 126 P X   0.002 0.009 0.000 0.005 0.001 0.004 0.748 0.230 
 127 R X   0.002 0.015 0.000 0.008 0.002 0.006 0.725 0.242 
 128 V X   0.003 0.025 0.001 0.011 0.003 0.008 0.696 0.254 
 129 G X   0.003 0.042 0.001 0.017 0.005 0.010 0.661 0.263 
 130 K X   0.003 0.067 0.001 0.023 0.006 0.012 0.619 0.269 
 131 K X   0.004 0.100 0.001 0.030 0.008 0.013 0.574 0.271 
 132 A X   0.004 0.137 0.001 0.036 0.009 0.014 0.529 0.270 
 133 A X   0.004 0.173 0.001 0.042 0.010 0.015 0.488 0.268 
 134 E X   0.003 0.205 0.001 0.046 0.010 0.015 0.455 0.266 
 135 G X   0.003 0.228 0.001 0.049 0.010 0.014 0.428 0.267 
 136 Q X   0.003 0.245 0.001 0.050 0.009 0.014 0.407 0.270 
 137 A X   0.003 0.255 0.001 0.050 0.009 0.014 0.391 0.277 
 138 A X   0.003 0.260 0.001 0.049 0.009 0.013 0.380 0.286 
 139 A X   0.003 0.260 0.001 0.046 0.008 0.012 0.371 0.299 
 140 R X   0.004 0.256 0.001 0.041 0.008 0.012 0.364 0.315 
 141 R X   0.004 0.248 0.001 0.036 0.007 0.011 0.359 0.334 
 142 G _   0.004 0.235 0.001 0.031 0.007 0.011 0.355 0.357 
 143 S _   0.005 0.217 0.001 0.025 0.006 0.010 0.352 0.384 
 144 P _   0.005 0.197 0.001 0.020 0.005 0.010 0.350 0.412 
 145 A _   0.005 0.176 0.001 0.016 0.005 0.009 0.349 0.440 
 146 F _   0.006 0.157 0.001 0.012 0.004 0.009 0.348 0.464 
 147 L _   0.006 0.143 0.000 0.009 0.003 0.009 0.346 0.483 
 148 H _   0.006 0.134 0.000 0.008 0.003 0.009 0.344 0.496 
 149 S _   0.006 0.128 0.000 0.007 0.003 0.010 0.342 0.504 
 150 P _   0.006 0.125 0.000 0.008 0.003 0.010 0.339 0.508 
 151 S _   0.006 0.125 0.000 0.009 0.004 0.011 0.336 0.509 
 152 C _   0.007 0.127 0.001 0.012 0.005 0.011 0.332 0.506 
 153 P _   0.007 0.130 0.001 0.015 0.005 0.012 0.329 0.501 
 154 A _   0.008 0.133 0.001 0.019 0.006 0.012 0.325 0.497 
 155 I _   0.008 0.134 0.001 0.022 0.007 0.013 0.322 0.494 
 156 I _   0.008 0.135 0.001 0.024 0.007 0.013 0.320 0.493 
 157 S _   0.008 0.133 0.001 0.025 0.007 0.012 0.318 0.496 
 158 S _   0.007 0.128 0.001 0.025 0.007 0.011 0.317 0.504 
 159 S _   0.007 0.121 0.001 0.022 0.006 0.011 0.317 0.515 
 160 E _   0.007 0.110 0.001 0.020 0.005 0.010 0.317 0.530 
 161 K _   0.006 0.098 0.001 0.016 0.004 0.009 0.318 0.547 
 162 L _   0.006 0.085 0.000 0.013 0.003 0.008 0.319 0.565 
 163 L _   0.006 0.073 0.000 0.010 0.003 0.007 0.319 0.582 
 164 A _   0.005 0.064 0.000 0.007 0.002 0.007 0.319 0.596 
 165 K _   0.005 0.058 0.000 0.005 0.002 0.006 0.318 0.606 
 166 K _   0.004 0.055 0.000 0.004 0.001 0.006 0.316 0.614 
 167 P _   0.004 0.054 0.000 0.004 0.001 0.007 0.313 0.617 
 168 P _   0.005 0.056 0.000 0.004 0.002 0.008 0.308 0.617 
 169 S _   0.006 0.062 0.000 0.006 0.003 0.010 0.302 0.611 
 170 E _   0.007 0.076 0.001 0.010 0.005 0.013 0.294 0.594 
 171 A _   0.009 0.107 0.001 0.017 0.008 0.017 0.283 0.558 
 172 S _   0.010 0.159 0.001 0.028 0.012 0.020 0.268 0.500 
 173 E _   0.010 0.227 0.002 0.040 0.015 0.022 0.254 0.430 
 174 L _   0.010 0.288 0.002 0.052 0.017 0.022 0.242 0.368 
 175 T E   0.009 0.331 0.002 0.061 0.017 0.022 0.233 0.326 
 176 F E   0.009 0.355 0.001 0.068 0.016 0.021 0.228 0.303 
 177 E E   0.008 0.365 0.001 0.071 0.015 0.020 0.226 0.294 
 178 G E   0.008 0.367 0.001 0.070 0.014 0.018 0.225 0.296 
 179 V E   0.008 0.360 0.001 0.065 0.013 0.017 0.226 0.310 
 180 P E   0.009 0.340 0.001 0.057 0.012 0.015 0.229 0.336 
 181 M _   0.009 0.304 0.001 0.048 0.011 0.014 0.234 0.379 
 182 T _   0.009 0.249 0.001 0.037 0.009 0.013 0.241 0.441 
 183 H _   0.010 0.182 0.001 0.026 0.007 0.011 0.250 0.512 
 184 S _   0.009 0.124 0.001 0.017 0.005 0.010 0.258 0.576 
 185 P _   0.008 0.085 0.001 0.011 0.003 0.008 0.263 0.621 
 186 T _   0.006 0.063 0.000 0.007 0.002 0.007 0.267 0.647 
 187 D _   0.005 0.053 0.000 0.005 0.001 0.006 0.268 0.662 
 188 P _   0.004 0.048 0.000 0.004 0.001 0.005 0.268 0.669 
 189 R _   0.004 0.046 0.000 0.004 0.001 0.005 0.267 0.673 
 190 P _   0.004 0.046 0.000 0.005 0.001 0.005 0.264 0.675 
 191 A _   0.004 0.048 0.000 0.006 0.002 0.006 0.260 0.675 
 192 K _   0.004 0.053 0.000 0.008 0.002 0.006 0.254 0.672 
 193 A _   0.004 0.060 0.000 0.011 0.002 0.007 0.248 0.668 
 194 E _   0.004 0.069 0.000 0.014 0.003 0.008 0.240 0.663 
 195 E _   0.004 0.079 0.000 0.017 0.003 0.008 0.231 0.657 
 196 G _   0.004 0.090 0.000 0.020 0.004 0.009 0.223 0.651 
 197 K _   0.004 0.099 0.001 0.021 0.004 0.009 0.215 0.647 
 198 N _   0.004 0.107 0.001 0.022 0.004 0.009 0.209 0.646 
 199 I _   0.004 0.113 0.000 0.022 0.004 0.009 0.203 0.645 
 200 L _   0.004 0.117 0.000 0.022 0.004 0.008 0.198 0.646 
 201 A _   0.004 0.120 0.000 0.021 0.004 0.008 0.194 0.649 
 202 E _   0.004 0.122 0.000 0.019 0.004 0.008 0.190 0.653 
 203 S _   0.004 0.122 0.000 0.017 0.003 0.008 0.187 0.659 
 204 Q _   0.004 0.121 0.000 0.015 0.003 0.007 0.184 0.665 
 205 K _   0.004 0.120 0.000 0.013 0.003 0.007 0.181 0.672 
 206 E _   0.004 0.119 0.000 0.011 0.002 0.006 0.179 0.678 
 207 V _   0.004 0.119 0.000 0.010 0.002 0.006 0.176 0.683 
 208 G _   0.004 0.119 0.000 0.009 0.002 0.006 0.173 0.687 
 209 E _   0.004 0.120 0.000 0.008 0.002 0.006 0.169 0.690 
 210 K _   0.004 0.123 0.000 0.008 0.002 0.006 0.165 0.691 
 211 T _   0.004 0.127 0.000 0.009 0.002 0.006 0.161 0.690 
 212 P _   0.004 0.133 0.000 0.010 0.003 0.007 0.156 0.687 
 213 G _   0.004 0.141 0.000 0.012 0.003 0.007 0.151 0.681 
 214 Q _   0.004 0.151 0.000 0.014 0.003 0.008 0.146 0.674 
 215 A _   0.004 0.160 0.000 0.015 0.004 0.008 0.141 0.667 
 216 G _   0.004 0.169 0.000 0.016 0.004 0.008 0.137 0.662 
 217 Q _   0.004 0.177 0.000 0.016 0.004 0.008 0.132 0.659 
 218 A _   0.004 0.183 0.000 0.015 0.003 0.008 0.128 0.658 
 219 K _   0.004 0.188 0.000 0.014 0.003 0.008 0.124 0.659 
 220 M _   0.004 0.192 0.000 0.013 0.003 0.008 0.121 0.660 
 221 Q _   0.003 0.196 0.000 0.012 0.003 0.008 0.117 0.660 
 222 G _   0.004 0.202 0.000 0.012 0.003 0.008 0.113 0.657 
 223 D _   0.004 0.210 0.000 0.013 0.004 0.009 0.110 0.651 
 224 T _   0.004 0.220 0.001 0.015 0.004 0.010 0.106 0.640 
 225 S _   0.005 0.233 0.001 0.018 0.005 0.011 0.103 0.626 
 226 R _   0.005 0.247 0.001 0.021 0.006 0.011 0.099 0.609 
 227 G _   0.006 0.261 0.001 0.025 0.007 0.012 0.096 0.592 
 228 I _   0.006 0.272 0.001 0.028 0.007 0.012 0.094 0.581 
 229 E _   0.006 0.277 0.001 0.028 0.007 0.012 0.092 0.576 
 230 F _   0.006 0.279 0.001 0.027 0.007 0.012 0.090 0.578 
 231 Q _   0.006 0.277 0.001 0.023 0.006 0.011 0.090 0.586 
 232 A _   0.006 0.271 0.001 0.019 0.005 0.011 0.089 0.599 
 233 V _   0.006 0.263 0.001 0.014 0.004 0.011 0.088 0.613 
 234 P _   0.006 0.255 0.000 0.011 0.004 0.011 0.088 0.626 
 235 S _   0.006 0.249 0.000 0.008 0.003 0.012 0.087 0.634 
 236 E _   0.007 0.248 0.000 0.007 0.003 0.013 0.086 0.635 
 237 K _   0.008 0.253 0.000 0.007 0.004 0.015 0.085 0.626 
 238 S _   0.010 0.266 0.001 0.010 0.006 0.018 0.083 0.606 
 239 E _   0.013 0.294 0.001 0.014 0.010 0.021 0.081 0.567 
 240 V _   0.014 0.343 0.001 0.020 0.013 0.023 0.077 0.507 
 241 G _   0.014 0.407 0.002 0.026 0.016 0.024 0.074 0.436 
 242 Q E   0.014 0.469 0.002 0.031 0.017 0.024 0.071 0.372 
 243 A E   0.013 0.516 0.001 0.034 0.016 0.023 0.069 0.328 
 244 L E   0.013 0.544 0.001 0.035 0.016 0.022 0.068 0.302 
 245 C E   0.012 0.561 0.001 0.035 0.015 0.021 0.067 0.288 
 246 L E   0.012 0.568 0.001 0.035 0.014 0.020 0.068 0.283 
 247 T E   0.011 0.570 0.001 0.034 0.013 0.019 0.068 0.284 
 248 A E   0.012 0.566 0.001 0.033 0.013 0.018 0.070 0.288 
 249 R E   0.012 0.557 0.001 0.032 0.012 0.017 0.072 0.296 
 250 E E   0.012 0.543 0.001 0.032 0.012 0.017 0.075 0.309 
 251 E E   0.013 0.522 0.001 0.033 0.011 0.016 0.079 0.326 
 252 D E   0.013 0.492 0.001 0.033 0.011 0.015 0.084 0.350 
 253 C E   0.014 0.451 0.001 0.033 0.011 0.015 0.091 0.384 
 254 F _   0.014 0.396 0.001 0.033 0.010 0.015 0.099 0.430 
 255 Q _   0.015 0.326 0.002 0.031 0.010 0.014 0.110 0.492 
 256 I _   0.015 0.246 0.001 0.027 0.009 0.013 0.122 0.567 
 257 L _   0.015 0.166 0.001 0.021 0.007 0.012 0.134 0.644 
 258 D _   0.014 0.100 0.001 0.015 0.005 0.011 0.144 0.711 
 259 D _   0.011 0.056 0.001 0.009 0.003 0.008 0.151 0.761 
 260 C _   0.009 0.031 0.000 0.005 0.002 0.007 0.155 0.791 
 261 P _   0.006 0.020 0.000 0.003 0.001 0.006 0.158 0.805 
 262 P _   0.005 0.016 0.000 0.002 0.001 0.005 0.158 0.812 
 263 P _   0.005 0.015 0.000 0.002 0.001 0.006 0.157 0.813 
 264 P _   0.005 0.017 0.000 0.003 0.001 0.008 0.156 0.810 
 265 A _   0.007 0.024 0.000 0.006 0.003 0.011 0.152 0.797 
 266 P _   0.009 0.044 0.001 0.012 0.006 0.017 0.146 0.766 
 267 F _   0.012 0.091 0.001 0.023 0.010 0.022 0.136 0.705 
 268 P _   0.012 0.173 0.002 0.039 0.015 0.026 0.124 0.609 
 269 H _   0.011 0.270 0.002 0.054 0.019 0.026 0.111 0.507 
 270 R _   0.009 0.347 0.002 0.066 0.019 0.026 0.100 0.430 
 271 M E   0.008 0.394 0.002 0.074 0.018 0.024 0.094 0.386 
 272 V E   0.007 0.418 0.001 0.077 0.017 0.022 0.089 0.367 
 273 E E   0.007 0.428 0.001 0.076 0.016 0.021 0.087 0.365 
 274 L E   0.006 0.427 0.001 0.073 0.015 0.019 0.086 0.373 
 275 R E   0.006 0.418 0.001 0.066 0.014 0.017 0.085 0.392 
 276 T _   0.006 0.397 0.001 0.058 0.013 0.016 0.086 0.422 
 277 G _   0.007 0.363 0.001 0.050 0.012 0.015 0.087 0.464 
 278 N _   0.008 0.316 0.001 0.042 0.011 0.014 0.090 0.518 
 279 V _   0.008 0.258 0.001 0.034 0.010 0.014 0.093 0.581 
 280 S _   0.009 0.199 0.001 0.028 0.008 0.013 0.097 0.645 
 281 S _   0.009 0.147 0.001 0.022 0.007 0.013 0.100 0.701 
 282 E _   0.008 0.104 0.001 0.017 0.005 0.012 0.103 0.749 
 283 F _   0.007 0.072 0.001 0.013 0.004 0.011 0.105 0.786 
 284 S _   0.007 0.050 0.000 0.010 0.003 0.010 0.107 0.812 
 285 M _   0.006 0.036 0.000 0.008 0.003 0.010 0.107 0.830 
 286 N _   0.005 0.027 0.000 0.007 0.002 0.010 0.107 0.841 
 287 S _   0.006 0.022 0.000 0.006 0.002 0.010 0.107 0.847 
 288 K _   0.006 0.019 0.000 0.006 0.002 0.011 0.106 0.850 
 289 E _   0.007 0.018 0.000 0.006 0.003 0.013 0.105 0.849 
 290 A _   0.009 0.018 0.000 0.006 0.003 0.015 0.103 0.845 
 291 L _   0.012 0.019 0.000 0.007 0.004 0.019 0.101 0.837 
 292 G _   0.016 0.021 0.001 0.009 0.006 0.024 0.099 0.825 
 293 G _   0.023 0.024 0.001 0.011 0.009 0.030 0.096 0.806 
 294 G _   0.031 0.030 0.001 0.014 0.014 0.037 0.093 0.780 
 295 K _   0.041 0.038 0.001 0.018 0.020 0.044 0.091 0.748 
 296 F _   0.050 0.046 0.002 0.022 0.027 0.050 0.088 0.715 
 297 G _   0.060 0.055 0.002 0.028 0.033 0.054 0.086 0.683 
 298 A _   0.067 0.063 0.002 0.033 0.037 0.057 0.084 0.657 
 299 V _   0.072 0.068 0.002 0.037 0.039 0.058 0.083 0.640 
 300 C _   0.075 0.072 0.002 0.040 0.040 0.057 0.083 0.632 
 301 T _   0.075 0.072 0.002 0.040 0.038 0.055 0.083 0.636 
 302 C _   0.073 0.069 0.002 0.036 0.034 0.051 0.084 0.651 
 303 M _   0.070 0.063 0.002 0.031 0.029 0.047 0.085 0.674 
 304 E _   0.064 0.054 0.002 0.025 0.023 0.042 0.086 0.704 
 305 K _   0.057 0.045 0.001 0.019 0.018 0.037 0.088 0.734 
 306 A _   0.050 0.036 0.001 0.014 0.014 0.033 0.089 0.762 
 307 T _   0.043 0.030 0.001 0.011 0.011 0.029 0.090 0.784 
 308 G _   0.038 0.026 0.001 0.011 0.009 0.026 0.091 0.798 
 309 L _   0.033 0.024 0.001 0.011 0.008 0.024 0.092 0.806 
 310 K _   0.030 0.023 0.001 0.013 0.008 0.022 0.093 0.811 
 311 L _   0.027 0.022 0.001 0.015 0.008 0.021 0.094 0.813 
 312 A _   0.024 0.022 0.001 0.017 0.008 0.019 0.095 0.815 
 313 A _   0.021 0.021 0.001 0.019 0.007 0.017 0.097 0.818 
 314 K _   0.019 0.019 0.001 0.018 0.007 0.015 0.098 0.824 
 315 V _   0.016 0.016 0.001 0.016 0.006 0.013 0.099 0.833 
 316 I _   0.014 0.012 0.001 0.013 0.004 0.011 0.101 0.845 
 317 K _   0.012 0.008 0.000 0.009 0.003 0.009 0.101 0.857 
 318 K _   0.010 0.005 0.000 0.006 0.002 0.008 0.102 0.867 
 319 Q _   0.008 0.003 0.000 0.004 0.002 0.007 0.102 0.875 
 320 T _   0.007 0.001 0.000 0.002 0.001 0.006 0.101 0.880 
 321 P _   0.006 0.001 0.000 0.002 0.001 0.007 0.100 0.882 
 322 K _   0.007 0.001 0.000 0.002 0.001 0.008 0.099 0.881 
 323 D _   0.009 0.002 0.000 0.003 0.002 0.012 0.097 0.876 
 324 K _   0.013 0.004 0.000 0.005 0.004 0.017 0.094 0.863 
 325 E _   0.018 0.012 0.001 0.010 0.008 0.023 0.090 0.837 
 326 M _   0.023 0.031 0.001 0.020 0.014 0.030 0.085 0.795 
 327 V _   0.027 0.058 0.002 0.035 0.020 0.036 0.079 0.743 
 328 L _   0.029 0.083 0.002 0.051 0.026 0.040 0.074 0.695 
 329 L _   0.030 0.100 0.002 0.064 0.029 0.043 0.070 0.664 
 330 E _   0.031 0.108 0.002 0.071 0.030 0.043 0.066 0.649 
 331 I _   0.031 0.110 0.002 0.071 0.030 0.042 0.064 0.651 
 332 E _   0.031 0.106 0.002 0.065 0.028 0.040 0.063 0.667 
 333 V _   0.031 0.095 0.002 0.053 0.024 0.037 0.062 0.697 
 334 M _   0.030 0.076 0.002 0.039 0.019 0.033 0.062 0.739 
 335 N _   0.030 0.051 0.001 0.025 0.014 0.030 0.061 0.787 
 336 Q _   0.029 0.027 0.001 0.015 0.010 0.027 0.061 0.830 
 337 L _   0.028 0.011 0.001 0.008 0.007 0.025 0.060 0.860 
 338 N _   0.027 0.004 0.001 0.004 0.005 0.024 0.060 0.875 
 339 H _   0.029 0.002 0.000 0.003 0.004 0.025 0.058 0.879 
 340 R _   0.033 0.001 0.000 0.003 0.005 0.026 0.057 0.874 
 341 N _   0.040 0.001 0.001 0.004 0.007 0.030 0.056 0.862 
 342 L _   0.048 0.002 0.001 0.006 0.010 0.033 0.054 0.846 
 343 I _   0.056 0.003 0.001 0.010 0.014 0.038 0.052 0.826 
 344 Q _   0.063 0.005 0.001 0.016 0.018 0.041 0.050 0.805 
 345 L _   0.068 0.007 0.002 0.020 0.022 0.043 0.049 0.790 
 346 Y _   0.071 0.008 0.002 0.023 0.023 0.044 0.047 0.782 
 347 A _   0.072 0.008 0.002 0.023 0.023 0.043 0.046 0.782 
 348 A _   0.072 0.008 0.002 0.020 0.022 0.042 0.045 0.789 
 349 I _   0.071 0.006 0.001 0.016 0.019 0.040 0.044 0.801 
 350 E _   0.070 0.005 0.001 0.012 0.017 0.038 0.044 0.814 
 351 T _   0.067 0.003 0.001 0.009 0.014 0.036 0.043 0.827 
 352 P _   0.064 0.003 0.001 0.007 0.012 0.034 0.043 0.836 
 353 H _   0.063 0.002 0.001 0.006 0.011 0.033 0.042 0.842 
 354 E _   0.061 0.002 0.001 0.006 0.011 0.033 0.042 0.844 
 355 I _   0.059 0.003 0.001 0.007 0.011 0.032 0.042 0.845 
 356 V _   0.058 0.004 0.001 0.008 0.012 0.032 0.041 0.844 
 357 L _   0.055 0.005 0.001 0.010 0.013 0.032 0.041 0.843 
 358 F _   0.052 0.007 0.001 0.012 0.013 0.032 0.041 0.842 
 359 M _   0.049 0.008 0.001 0.014 0.014 0.031 0.040 0.842 
 360 E _   0.045 0.010 0.001 0.015 0.014 0.030 0.040 0.845 
 361 Y _   0.040 0.011 0.001 0.016 0.014 0.029 0.040 0.848 
 362 I _   0.036 0.013 0.001 0.017 0.013 0.028 0.040 0.853 
 363 E _   0.032 0.014 0.001 0.018 0.012 0.026 0.039 0.857 
 364 G _   0.029 0.014 0.001 0.019 0.012 0.025 0.039 0.861 
 365 G _   0.026 0.015 0.001 0.020 0.011 0.023 0.039 0.865 
 366 E _   0.023 0.015 0.001 0.020 0.011 0.021 0.040 0.869 
 367 L _   0.021 0.014 0.001 0.020 0.010 0.020 0.040 0.876 
 368 F _   0.018 0.013 0.001 0.018 0.008 0.018 0.040 0.884 
 369 E _   0.015 0.011 0.001 0.016 0.007 0.016 0.041 0.893 
 370 R _   0.013 0.009 0.001 0.014 0.006 0.014 0.041 0.903 
 371 I _   0.011 0.006 0.001 0.011 0.005 0.012 0.041 0.913 
 372 V _   0.010 0.004 0.000 0.008 0.004 0.011 0.041 0.921 
 373 D _   0.010 0.003 0.000 0.006 0.003 0.011 0.041 0.926 
 374 E _   0.010 0.002 0.000 0.005 0.003 0.011 0.041 0.929 
 375 D _   0.011 0.001 0.000 0.004 0.003 0.011 0.040 0.929 
 376 Y _   0.013 0.001 0.000 0.004 0.003 0.013 0.040 0.926 
 377 H _   0.018 0.000 0.000 0.004 0.003 0.015 0.039 0.919 
 378 L _   0.025 0.000 0.000 0.005 0.005 0.019 0.038 0.908 
 379 T _   0.036 0.000 0.001 0.005 0.007 0.024 0.037 0.890 
 380 E _   0.051 0.001 0.001 0.007 0.009 0.030 0.036 0.866 
 381 V _   0.071 0.001 0.001 0.008 0.013 0.036 0.034 0.835 
 382 D _   0.095 0.001 0.001 0.010 0.018 0.043 0.033 0.800 
 383 T _   0.122 0.001 0.001 0.011 0.022 0.049 0.031 0.762 
 384 M _   0.149 0.001 0.002 0.011 0.027 0.054 0.030 0.725 
 385 V _   0.177 0.001 0.002 0.011 0.031 0.058 0.029 0.690 
 386 F _   0.203 0.001 0.002 0.010 0.034 0.061 0.028 0.661 
 387 V _   0.224 0.001 0.002 0.009 0.035 0.062 0.028 0.638 
 388 R _   0.242 0.001 0.002 0.008 0.035 0.063 0.027 0.621 
 389 Q _   0.258 0.001 0.002 0.007 0.035 0.063 0.027 0.608 
 390 I _   0.269 0.001 0.002 0.006 0.035 0.062 0.028 0.598 
 391 C _   0.276 0.001 0.002 0.006 0.034 0.062 0.028 0.592 
 392 D _   0.277 0.001 0.002 0.006 0.034 0.061 0.029 0.591 
 393 G _   0.275 0.001 0.002 0.007 0.035 0.059 0.030 0.592 
 394 I _   0.267 0.002 0.002 0.008 0.035 0.058 0.031 0.597 
 395 L _   0.254 0.003 0.002 0.011 0.036 0.056 0.032 0.606 
 396 F _   0.235 0.004 0.002 0.014 0.035 0.053 0.034 0.623 
 397 M _   0.211 0.005 0.002 0.017 0.033 0.050 0.036 0.645 
 398 H _   0.184 0.006 0.002 0.020 0.030 0.045 0.039 0.674 
 399 K _   0.155 0.006 0.002 0.021 0.026 0.040 0.042 0.708 
 400 M _   0.125 0.006 0.002 0.020 0.021 0.035 0.045 0.747 
 401 R _   0.098 0.005 0.001 0.017 0.016 0.029 0.047 0.786 
 402 V _   0.075 0.004 0.001 0.014 0.011 0.024 0.050 0.822 
 403 L _   0.055 0.002 0.001 0.010 0.008 0.020 0.052 0.852 
 404 H _   0.041 0.001 0.001 0.007 0.005 0.016 0.054 0.875 
 405 L _   0.029 0.001 0.000 0.005 0.004 0.013 0.055 0.892 
 406 D _   0.022 0.000 0.000 0.004 0.003 0.012 0.056 0.903 
 407 L _   0.017 0.000 0.000 0.003 0.002 0.011 0.056 0.909 
 408 K _   0.015 0.000 0.000 0.003 0.002 0.011 0.057 0.911 
 409 P _   0.015 0.000 0.000 0.003 0.003 0.013 0.057 0.910 
 410 E _   0.016 0.000 0.000 0.003 0.003 0.015 0.056 0.905 
 411 N _   0.019 0.001 0.000 0.004 0.004 0.018 0.056 0.897 
 412 I _   0.024 0.002 0.001 0.006 0.006 0.022 0.055 0.885 
 413 L _   0.030 0.003 0.001 0.007 0.007 0.026 0.055 0.871 
 414 C _   0.037 0.004 0.001 0.009 0.010 0.032 0.054 0.853 
 415 V _   0.045 0.007 0.001 0.010 0.013 0.037 0.053 0.833 
 416 N _   0.055 0.009 0.001 0.012 0.017 0.043 0.051 0.812 
 417 T _   0.066 0.013 0.001 0.012 0.021 0.049 0.050 0.787 
 418 T _   0.077 0.018 0.002 0.013 0.026 0.055 0.049 0.761 
 419 G _   0.089 0.024 0.002 0.014 0.032 0.060 0.049 0.730 
 420 H _   0.101 0.033 0.002 0.016 0.038 0.064 0.048 0.697 
 421 L _   0.111 0.045 0.002 0.020 0.044 0.067 0.048 0.664 
 422 V _   0.117 0.060 0.003 0.026 0.048 0.067 0.047 0.631 
 423 K _   0.119 0.076 0.003 0.034 0.050 0.066 0.048 0.604 
 424 I _   0.117 0.090 0.003 0.043 0.050 0.063 0.049 0.586 
 425 I _   0.112 0.099 0.003 0.050 0.048 0.059 0.050 0.579 
 426 D _   0.103 0.104 0.002 0.055 0.043 0.053 0.052 0.587 
 427 F _   0.092 0.103 0.002 0.056 0.037 0.047 0.055 0.608 
 428 G _   0.078 0.097 0.002 0.052 0.030 0.040 0.058 0.642 
 429 L _   0.064 0.085 0.002 0.043 0.022 0.033 0.062 0.688 
 430 A _   0.050 0.066 0.001 0.032 0.015 0.026 0.066 0.743 
 431 R _   0.038 0.045 0.001 0.021 0.010 0.020 0.069 0.797 
 432 R _   0.027 0.026 0.001 0.013 0.006 0.015 0.072 0.842 
 433 Y _   0.018 0.014 0.000 0.007 0.003 0.011 0.073 0.873 
 434 N _   0.012 0.008 0.000 0.004 0.002 0.008 0.074 0.891 
 435 P _   0.009 0.006 0.000 0.003 0.001 0.007 0.074 0.901 
 436 N _   0.007 0.005 0.000 0.002 0.001 0.006 0.073 0.905 
 437 E _   0.006 0.005 0.000 0.003 0.001 0.006 0.073 0.905 
 438 K _   0.006 0.007 0.000 0.004 0.002 0.007 0.071 0.902 
 439 L _   0.007 0.012 0.000 0.007 0.003 0.009 0.069 0.894 
 440 K _   0.007 0.020 0.000 0.010 0.004 0.011 0.066 0.881 
 441 V _   0.007 0.032 0.001 0.015 0.005 0.013 0.063 0.864 
 442 N _   0.008 0.047 0.001 0.021 0.006 0.014 0.059 0.844 
 443 F _   0.008 0.062 0.001 0.026 0.008 0.016 0.055 0.824 
 444 G _   0.008 0.075 0.001 0.031 0.009 0.017 0.052 0.808 
 445 T _   0.008 0.084 0.001 0.034 0.010 0.017 0.049 0.797 
 446 P _   0.009 0.091 0.001 0.036 0.010 0.018 0.046 0.789 
 447 E _   0.009 0.094 0.001 0.038 0.011 0.018 0.044 0.786 
 448 F _   0.009 0.096 0.001 0.038 0.011 0.018 0.042 0.785 
 449 L _   0.009 0.095 0.001 0.038 0.011 0.017 0.041 0.788 
 450 S _   0.010 0.093 0.001 0.036 0.011 0.017 0.040 0.793 
 451 P _   0.010 0.088 0.001 0.035 0.010 0.016 0.039 0.801 
 452 E _   0.011 0.081 0.001 0.032 0.009 0.015 0.039 0.812 
 453 V _   0.011 0.071 0.001 0.029 0.008 0.014 0.039 0.828 
 454 V _   0.011 0.058 0.001 0.024 0.007 0.013 0.038 0.848 
 455 N _   0.011 0.043 0.001 0.019 0.006 0.011 0.038 0.871 
 456 Y _   0.012 0.027 0.001 0.013 0.005 0.010 0.038 0.895 
 457 D _   0.012 0.014 0.000 0.009 0.003 0.008 0.037 0.916 
 458 Q _   0.015 0.006 0.000 0.005 0.002 0.007 0.036 0.929 
 459 I _   0.020 0.002 0.000 0.003 0.002 0.006 0.034 0.933 
 460 S _   0.030 0.000 0.000 0.002 0.002 0.006 0.032 0.928 
 461 D _   0.051 0.000 0.000 0.001 0.002 0.006 0.030 0.910 
 462 K _   0.094 0.000 0.000 0.001 0.003 0.008 0.027 0.867 
 463 T _   0.171 0.000 0.001 0.001 0.004 0.010 0.023 0.790 
 464 D _   0.289 0.000 0.001 0.001 0.007 0.013 0.018 0.672 
 465 M _   0.438 0.000 0.001 0.001 0.010 0.015 0.013 0.521 
 466 W H   0.584 0.000 0.001 0.001 0.015 0.017 0.009 0.372 
 467 S H   0.703 0.000 0.001 0.001 0.019 0.018 0.007 0.251 
 468 M H   0.785 0.000 0.001 0.001 0.022 0.017 0.005 0.168 
 469 G H   0.838 0.000 0.001 0.001 0.023 0.016 0.004 0.116 
 470 V H   0.869 0.000 0.001 0.001 0.024 0.015 0.004 0.086 
 471 I H   0.883 0.000 0.001 0.001 0.025 0.014 0.004 0.072 
 472 T H   0.885 0.000 0.001 0.001 0.026 0.013 0.004 0.070 
 473 Y H   0.875 0.000 0.001 0.001 0.026 0.012 0.005 0.079 
 474 M H   0.851 0.000 0.002 0.002 0.027 0.012 0.006 0.101 
 475 L H   0.807 0.000 0.002 0.002 0.027 0.013 0.007 0.142 
 476 L H   0.737 0.000 0.002 0.003 0.026 0.013 0.010 0.209 
 477 S H   0.641 0.000 0.002 0.004 0.023 0.014 0.013 0.303 
 478 G H   0.526 0.000 0.002 0.005 0.019 0.014 0.018 0.417 
 479 L _   0.406 0.000 0.002 0.005 0.014 0.013 0.024 0.537 
 480 S _   0.293 0.000 0.001 0.005 0.010 0.012 0.030 0.649 
 481 P _   0.197 0.000 0.001 0.005 0.007 0.010 0.035 0.745 
 482 F _   0.124 0.000 0.001 0.005 0.004 0.009 0.039 0.818 
 483 L _   0.074 0.000 0.000 0.004 0.003 0.007 0.042 0.869 
 484 G _   0.042 0.000 0.000 0.003 0.002 0.006 0.044 0.902 
 485 D _   0.024 0.000 0.000 0.003 0.002 0.005 0.045 0.920 
 486 D _   0.015 0.001 0.000 0.003 0.001 0.005 0.046 0.929 
 487 D _   0.010 0.002 0.000 0.003 0.002 0.006 0.046 0.931 
 488 T _   0.008 0.004 0.000 0.005 0.002 0.007 0.046 0.928 
 489 E _   0.007 0.009 0.000 0.007 0.003 0.008 0.046 0.919 
 490 T _   0.007 0.018 0.000 0.011 0.004 0.010 0.045 0.905 
 491 L _   0.007 0.031 0.001 0.016 0.005 0.011 0.044 0.885 
 492 N _   0.007 0.046 0.001 0.021 0.006 0.012 0.043 0.864 
 493 N _   0.007 0.060 0.001 0.025 0.007 0.013 0.042 0.846 
 494 V _   0.007 0.071 0.001 0.028 0.007 0.013 0.041 0.832 
 495 L _   0.006 0.078 0.001 0.029 0.008 0.013 0.040 0.824 
 496 S _   0.006 0.083 0.001 0.028 0.007 0.013 0.040 0.822 
 497 G _   0.006 0.085 0.001 0.026 0.007 0.013 0.039 0.822 
 498 N _   0.006 0.086 0.001 0.024 0.007 0.013 0.039 0.824 
 499 W _   0.006 0.086 0.001 0.022 0.006 0.013 0.040 0.826 
 500 Y _   0.007 0.085 0.001 0.020 0.006 0.013 0.040 0.828 
 501 F _   0.007 0.085 0.001 0.019 0.006 0.013 0.040 0.829 
 502 D _   0.007 0.084 0.001 0.019 0.006 0.013 0.041 0.828 
 503 E _   0.008 0.083 0.001 0.020 0.006 0.014 0.042 0.827 
 504 E _   0.008 0.082 0.001 0.020 0.007 0.014 0.042 0.826 
 505 T _   0.009 0.081 0.001 0.020 0.007 0.014 0.043 0.826 
 506 F _   0.009 0.078 0.001 0.020 0.007 0.013 0.044 0.828 
 507 E _   0.009 0.075 0.001 0.019 0.006 0.013 0.045 0.832 
 508 A _   0.009 0.071 0.001 0.018 0.006 0.013 0.046 0.837 
 509 V _   0.009 0.065 0.001 0.016 0.006 0.012 0.047 0.844 
 510 S _   0.008 0.060 0.001 0.014 0.005 0.012 0.049 0.851 
 511 D _   0.009 0.055 0.001 0.012 0.005 0.012 0.050 0.858 
 512 E _   0.009 0.050 0.001 0.010 0.005 0.012 0.051 0.862 
 513 A _   0.010 0.047 0.001 0.010 0.005 0.013 0.052 0.864 
 514 K _   0.010 0.045 0.001 0.010 0.005 0.013 0.053 0.863 
 515 D _   0.011 0.044 0.001 0.011 0.005 0.014 0.055 0.860 
 516 F _   0.012 0.044 0.001 0.012 0.006 0.015 0.056 0.855 
 517 V _   0.012 0.044 0.001 0.014 0.007 0.016 0.057 0.848 
 518 S _   0.013 0.045 0.001 0.016 0.008 0.017 0.059 0.842 
 519 N _   0.014 0.045 0.001 0.018 0.008 0.017 0.060 0.838 
 520 L _   0.014 0.044 0.001 0.018 0.008 0.017 0.062 0.836 
 521 I _   0.014 0.042 0.001 0.017 0.008 0.017 0.064 0.837 
 522 V _   0.014 0.040 0.001 0.016 0.007 0.017 0.066 0.841 
 523 K _   0.014 0.037 0.001 0.013 0.007 0.017 0.068 0.845 
 524 D _   0.014 0.033 0.001 0.011 0.006 0.016 0.070 0.849 
 525 Q _   0.014 0.031 0.001 0.009 0.006 0.017 0.071 0.852 
 526 R _   0.015 0.029 0.001 0.008 0.006 0.017 0.073 0.851 
 527 A _   0.016 0.029 0.001 0.009 0.006 0.018 0.075 0.847 
 528 R _   0.017 0.030 0.001 0.009 0.007 0.019 0.077 0.841 
 529 M _   0.019 0.031 0.001 0.011 0.008 0.020 0.078 0.831 
 530 N _   0.020 0.034 0.001 0.015 0.009 0.021 0.080 0.819 
 531 A _   0.021 0.038 0.001 0.019 0.011 0.022 0.082 0.806 
 532 A _   0.022 0.041 0.001 0.022 0.012 0.023 0.085 0.795 
 533 Q _   0.022 0.043 0.001 0.025 0.013 0.022 0.087 0.787 
 534 C _   0.021 0.043 0.001 0.026 0.012 0.021 0.090 0.785 
 535 L _   0.021 0.042 0.001 0.025 0.012 0.020 0.094 0.786 
 536 A _   0.019 0.039 0.001 0.023 0.010 0.019 0.097 0.791 
 537 H _   0.018 0.035 0.001 0.020 0.009 0.017 0.102 0.798 
 538 P _   0.017 0.031 0.001 0.017 0.008 0.015 0.106 0.806 
 539 W _   0.015 0.026 0.001 0.015 0.006 0.014 0.111 0.813 
 540 L _   0.014 0.021 0.001 0.012 0.005 0.012 0.115 0.819 
 541 N _   0.013 0.017 0.001 0.011 0.004 0.011 0.119 0.825 
 542 N _   0.011 0.014 0.000 0.009 0.004 0.010 0.123 0.828 
 543 L _   0.010 0.011 0.000 0.008 0.003 0.010 0.127 0.830 
 544 A _   0.010 0.009 0.000 0.007 0.003 0.009 0.130 0.832 
 545 E _   0.009 0.008 0.000 0.006 0.003 0.008 0.132 0.833 
 546 K _   0.008 0.007 0.000 0.006 0.003 0.008 0.135 0.834 
 547 A _   0.008 0.006 0.000 0.005 0.002 0.008 0.136 0.833 
 548 K _   0.008 0.006 0.000 0.005 0.002 0.009 0.138 0.832 
 549 R _   0.008 0.006 0.000 0.005 0.003 0.009 0.139 0.829 
 550 C _   0.009 0.007 0.000 0.006 0.003 0.011 0.140 0.824 
 551 N _   0.010 0.009 0.000 0.007 0.004 0.013 0.141 0.816 
 552 R _   0.011 0.012 0.001 0.009 0.005 0.015 0.142 0.805 
 553 R _   0.013 0.017 0.001 0.012 0.007 0.017 0.143 0.791 
 554 L _   0.015 0.024 0.001 0.016 0.009 0.020 0.143 0.773 
 555 K _   0.016 0.031 0.001 0.021 0.011 0.022 0.144 0.753 
 556 S _   0.017 0.038 0.001 0.027 0.013 0.024 0.145 0.734 
 557 Q _   0.018 0.044 0.001 0.031 0.015 0.025 0.147 0.718 
 558 I _   0.019 0.048 0.001 0.035 0.016 0.026 0.149 0.706 
 559 L _   0.020 0.049 0.001 0.036 0.016 0.025 0.152 0.700 
 560 L _   0.020 0.049 0.001 0.035 0.015 0.024 0.156 0.699 
 561 K _   0.019 0.046 0.001 0.033 0.014 0.023 0.161 0.704 
 562 K _   0.019 0.041 0.001 0.028 0.012 0.021 0.166 0.713 
 563 Y _   0.017 0.034 0.001 0.022 0.010 0.019 0.171 0.726 
 564 L _   0.016 0.025 0.001 0.016 0.008 0.017 0.176 0.740 
 565 M _   0.015 0.017 0.001 0.011 0.006 0.016 0.181 0.752 
 566 K _   0.014 0.012 0.001 0.008 0.005 0.014 0.186 0.760 
 567 R _   0.014 0.008 0.000 0.006 0.004 0.014 0.190 0.764 
 568 R _   0.013 0.006 0.000 0.005 0.004 0.014 0.194 0.764 
 569 W _   0.014 0.005 0.000 0.005 0.004 0.014 0.198 0.760 
 570 K _   0.015 0.006 0.000 0.006 0.005 0.016 0.201 0.752 
 571 K _   0.017 0.006 0.001 0.008 0.006 0.017 0.204 0.741 
 572 N _   0.019 0.008 0.001 0.012 0.008 0.019 0.207 0.726 
 573 F _   0.020 0.010 0.001 0.016 0.010 0.021 0.211 0.709 
 574 I _   0.022 0.013 0.001 0.021 0.012 0.023 0.215 0.693 
 575 A _   0.024 0.014 0.001 0.025 0.014 0.023 0.219 0.679 
 576 V _   0.025 0.015 0.001 0.027 0.014 0.023 0.225 0.670 
 577 S _   0.026 0.014 0.001 0.026 0.013 0.023 0.231 0.666 
 578 A _   0.027 0.012 0.001 0.023 0.012 0.021 0.237 0.667 
 579 A _   0.028 0.009 0.001 0.018 0.010 0.020 0.244 0.670 
 580 N _   0.031 0.006 0.001 0.012 0.008 0.018 0.251 0.674 
 581 R _   0.034 0.003 0.001 0.007 0.006 0.017 0.257 0.676 
 582 F _   0.040 0.001 0.000 0.004 0.004 0.016 0.262 0.673 
 583 K _   0.049 0.000 0.000 0.002 0.003 0.016 0.267 0.663 
 584 K _   0.062 0.000 0.000 0.001 0.003 0.017 0.271 0.646 
 585 I _   0.083 0.000 0.000 0.001 0.005 0.019 0.274 0.617 
 586 S _   0.112 0.000 0.001 0.001 0.007 0.024 0.279 0.577 
 587 S _   0.146 0.000 0.001 0.001 0.012 0.029 0.284 0.527 
 588 S _   0.177 0.001 0.001 0.002 0.019 0.034 0.291 0.474 
 589 G _   0.198 0.004 0.002 0.004 0.027 0.038 0.301 0.426 
 590 A _   0.205 0.012 0.002 0.009 0.032 0.038 0.316 0.385 
 591 L _   0.196 0.023 0.002 0.014 0.030 0.034 0.339 0.362 
 592 M X   0.171 0.030 0.002 0.018 0.020 0.027 0.370 0.362 
 593 A X   0.138 0.033 0.001 0.017 0.009 0.019 0.396 0.387 
 594 L _   0.099 0.032 0.001 0.013 0.004 0.014 0.410 0.429 
 595 G _   0.073 0.028 0.000 0.011 0.003 0.012 0.413 0.461 
 596 V _   0.070 0.025 0.003 0.015 0.009 0.015 0.404 0.460 
