#TopoPred_TM8: 8-state transmembrane topology prediction results by no_profile mode 
#probabilities are in the order of H E C I L F X _, the 8 transmembrane topology types used in PDBTM 
   1 M X   0.010 0.001 0.002 0.052 0.008 0.008 0.788 0.131 
   2 P X   0.004 0.001 0.000 0.031 0.002 0.004 0.811 0.148 
   3 A X   0.001 0.000 0.000 0.017 0.001 0.002 0.817 0.161 
   4 G X   0.001 0.000 0.000 0.011 0.000 0.002 0.816 0.169 
   5 G X   0.001 0.001 0.000 0.009 0.001 0.003 0.811 0.175 
   6 R X   0.001 0.001 0.000 0.008 0.001 0.003 0.803 0.183 
   7 A X   0.001 0.001 0.000 0.007 0.001 0.004 0.794 0.191 
   8 G X   0.002 0.002 0.000 0.007 0.001 0.004 0.781 0.202 
   9 S X   0.002 0.004 0.000 0.008 0.001 0.005 0.766 0.214 
  10 L X   0.002 0.006 0.000 0.010 0.002 0.006 0.748 0.227 
  11 K X   0.002 0.009 0.000 0.012 0.002 0.007 0.727 0.240 
  12 D X   0.002 0.013 0.000 0.016 0.003 0.008 0.704 0.253 
  13 P X   0.003 0.019 0.001 0.021 0.004 0.009 0.680 0.264 
  14 D X   0.003 0.025 0.001 0.026 0.005 0.010 0.656 0.274 
  15 V X   0.003 0.031 0.001 0.031 0.006 0.011 0.634 0.283 
  16 A X   0.004 0.036 0.001 0.035 0.006 0.012 0.615 0.292 
  17 E X   0.004 0.039 0.001 0.036 0.006 0.012 0.599 0.304 
  18 L X   0.004 0.040 0.001 0.035 0.006 0.011 0.585 0.318 
  19 F X   0.004 0.039 0.001 0.031 0.006 0.010 0.574 0.336 
  20 F X   0.004 0.037 0.001 0.025 0.005 0.009 0.563 0.356 
  21 K X   0.004 0.034 0.000 0.019 0.004 0.008 0.554 0.377 
  22 D X   0.003 0.030 0.000 0.013 0.003 0.007 0.546 0.397 
  23 D X   0.003 0.027 0.000 0.009 0.002 0.007 0.537 0.415 
  24 P X   0.003 0.025 0.000 0.006 0.002 0.007 0.528 0.430 
  25 E X   0.003 0.024 0.000 0.005 0.002 0.007 0.518 0.441 
  26 K X   0.004 0.024 0.000 0.005 0.002 0.008 0.506 0.451 
  27 L X   0.004 0.027 0.000 0.006 0.003 0.009 0.494 0.457 
  28 F X   0.005 0.031 0.000 0.008 0.004 0.011 0.479 0.461 
  29 S _   0.006 0.040 0.001 0.012 0.005 0.014 0.461 0.462 
  30 D _   0.007 0.052 0.001 0.016 0.007 0.017 0.441 0.459 
  31 L _   0.008 0.068 0.001 0.020 0.009 0.020 0.420 0.454 
  32 R _   0.009 0.085 0.001 0.024 0.011 0.022 0.399 0.447 
  33 E _   0.011 0.102 0.001 0.027 0.013 0.025 0.379 0.442 
  34 I _   0.012 0.118 0.001 0.030 0.015 0.027 0.361 0.436 
  35 G _   0.013 0.131 0.001 0.033 0.017 0.029 0.344 0.431 
  36 H _   0.015 0.143 0.001 0.036 0.019 0.030 0.330 0.425 
  37 G _   0.017 0.153 0.002 0.039 0.021 0.031 0.317 0.421 
  38 S _   0.018 0.161 0.002 0.042 0.022 0.031 0.306 0.419 
  39 F _   0.019 0.164 0.002 0.044 0.022 0.030 0.298 0.421 
  40 G _   0.020 0.165 0.001 0.045 0.021 0.029 0.291 0.427 
  41 A _   0.020 0.162 0.001 0.044 0.020 0.027 0.286 0.440 
  42 V _   0.019 0.154 0.001 0.041 0.017 0.025 0.282 0.460 
  43 Y _   0.018 0.141 0.001 0.035 0.015 0.022 0.279 0.488 
  44 F _   0.017 0.122 0.001 0.028 0.012 0.019 0.277 0.524 
  45 A _   0.015 0.098 0.001 0.020 0.009 0.017 0.275 0.564 
  46 R _   0.014 0.076 0.001 0.014 0.007 0.015 0.273 0.602 
  47 D _   0.011 0.060 0.001 0.009 0.005 0.013 0.270 0.631 
  48 V _   0.010 0.050 0.000 0.007 0.004 0.012 0.268 0.651 
  49 R _   0.009 0.046 0.000 0.005 0.003 0.011 0.264 0.661 
  50 N _   0.008 0.045 0.000 0.006 0.003 0.012 0.260 0.666 
  51 S _   0.008 0.046 0.000 0.008 0.004 0.012 0.256 0.665 
  52 E _   0.009 0.050 0.001 0.013 0.005 0.014 0.251 0.658 
  53 V _   0.010 0.057 0.001 0.019 0.007 0.015 0.245 0.647 
  54 V _   0.010 0.065 0.001 0.027 0.008 0.016 0.239 0.634 
  55 A _   0.010 0.071 0.001 0.034 0.010 0.016 0.234 0.624 
  56 I _   0.010 0.074 0.001 0.039 0.010 0.016 0.230 0.621 
  57 K _   0.010 0.074 0.001 0.039 0.010 0.015 0.227 0.624 
  58 K _   0.010 0.070 0.001 0.036 0.009 0.014 0.225 0.635 
  59 M _   0.009 0.063 0.001 0.031 0.007 0.012 0.224 0.652 
  60 S _   0.008 0.052 0.001 0.023 0.006 0.011 0.224 0.675 
  61 Y _   0.007 0.039 0.001 0.016 0.004 0.009 0.223 0.700 
  62 S _   0.006 0.027 0.000 0.010 0.003 0.007 0.223 0.723 
  63 G _   0.005 0.019 0.000 0.006 0.002 0.006 0.221 0.740 
  64 K _   0.005 0.014 0.000 0.004 0.001 0.006 0.219 0.750 
  65 Q _   0.005 0.012 0.000 0.003 0.001 0.006 0.217 0.756 
  66 S _   0.005 0.012 0.000 0.003 0.001 0.007 0.213 0.758 
  67 N _   0.006 0.014 0.000 0.004 0.002 0.009 0.209 0.757 
  68 E _   0.007 0.018 0.000 0.006 0.003 0.012 0.203 0.750 
  69 K _   0.010 0.029 0.001 0.010 0.005 0.016 0.195 0.734 
  70 W _   0.012 0.051 0.001 0.017 0.009 0.020 0.185 0.704 
  71 Q _   0.014 0.083 0.001 0.027 0.012 0.025 0.174 0.664 
  72 D _   0.015 0.118 0.002 0.038 0.016 0.028 0.162 0.621 
  73 I _   0.016 0.149 0.002 0.048 0.019 0.031 0.151 0.584 
  74 I _   0.017 0.171 0.002 0.056 0.022 0.032 0.143 0.558 
  75 K _   0.017 0.184 0.002 0.063 0.023 0.032 0.136 0.543 
  76 E _   0.018 0.189 0.002 0.065 0.023 0.032 0.131 0.540 
  77 V _   0.018 0.189 0.002 0.064 0.022 0.030 0.127 0.547 
  78 R _   0.018 0.183 0.002 0.059 0.020 0.028 0.125 0.565 
  79 F _   0.018 0.168 0.002 0.051 0.018 0.026 0.123 0.594 
  80 L _   0.018 0.145 0.002 0.041 0.015 0.023 0.122 0.634 
  81 Q _   0.017 0.114 0.001 0.031 0.012 0.020 0.121 0.683 
  82 K _   0.016 0.078 0.001 0.022 0.009 0.018 0.121 0.734 
  83 L _   0.015 0.048 0.001 0.015 0.007 0.016 0.120 0.779 
  84 R _   0.013 0.027 0.001 0.010 0.005 0.014 0.119 0.812 
  85 H _   0.012 0.014 0.000 0.007 0.004 0.012 0.118 0.833 
  86 P _   0.011 0.008 0.000 0.005 0.003 0.011 0.116 0.845 
  87 N _   0.011 0.005 0.000 0.005 0.003 0.011 0.114 0.851 
  88 T _   0.013 0.003 0.000 0.005 0.003 0.012 0.111 0.853 
  89 I _   0.015 0.002 0.000 0.006 0.004 0.013 0.108 0.852 
  90 Q _   0.019 0.002 0.001 0.006 0.004 0.014 0.105 0.850 
  91 Y _   0.024 0.002 0.001 0.007 0.005 0.015 0.101 0.846 
  92 R _   0.033 0.001 0.001 0.007 0.005 0.017 0.097 0.839 
  93 G _   0.045 0.001 0.001 0.007 0.006 0.019 0.092 0.829 
  94 C _   0.065 0.001 0.001 0.006 0.007 0.021 0.087 0.814 
  95 Y _   0.092 0.000 0.001 0.004 0.008 0.023 0.081 0.790 
  96 L _   0.131 0.000 0.001 0.004 0.009 0.027 0.075 0.753 
  97 R _   0.182 0.000 0.001 0.003 0.012 0.031 0.069 0.702 
  98 E _   0.245 0.000 0.001 0.003 0.017 0.035 0.062 0.636 
  99 H _   0.319 0.000 0.002 0.003 0.023 0.039 0.056 0.558 
 100 T _   0.393 0.000 0.002 0.003 0.031 0.043 0.051 0.477 
 101 A H   0.457 0.000 0.002 0.004 0.039 0.045 0.048 0.406 
 102 W H   0.509 0.001 0.002 0.004 0.046 0.046 0.045 0.347 
 103 L H   0.545 0.001 0.002 0.006 0.050 0.045 0.044 0.308 
 104 V H   0.565 0.002 0.002 0.007 0.051 0.043 0.043 0.286 
 105 M H   0.570 0.002 0.002 0.008 0.051 0.041 0.043 0.282 
 106 E H   0.558 0.002 0.002 0.009 0.049 0.038 0.044 0.297 
 107 Y H   0.532 0.002 0.002 0.009 0.045 0.035 0.046 0.329 
 108 C H   0.491 0.002 0.002 0.008 0.038 0.032 0.048 0.379 
 109 L _   0.434 0.001 0.002 0.008 0.030 0.028 0.050 0.446 
 110 G _   0.364 0.001 0.002 0.007 0.023 0.025 0.053 0.525 
 111 S _   0.293 0.001 0.001 0.006 0.016 0.022 0.057 0.605 
 112 A _   0.224 0.000 0.001 0.006 0.011 0.019 0.060 0.678 
 113 S _   0.167 0.000 0.001 0.005 0.008 0.016 0.064 0.740 
 114 D _   0.120 0.000 0.001 0.005 0.005 0.013 0.066 0.789 
 115 L _   0.083 0.000 0.001 0.005 0.004 0.012 0.068 0.827 
 116 L _   0.057 0.000 0.000 0.004 0.003 0.010 0.070 0.855 
 117 E _   0.040 0.000 0.000 0.004 0.002 0.009 0.070 0.874 
 118 V _   0.029 0.000 0.000 0.003 0.002 0.008 0.070 0.887 
 119 H _   0.023 0.000 0.000 0.003 0.002 0.008 0.070 0.893 
 120 K _   0.022 0.000 0.000 0.002 0.002 0.009 0.069 0.896 
 121 K _   0.023 0.000 0.000 0.002 0.002 0.011 0.068 0.893 
 122 P _   0.029 0.000 0.000 0.002 0.002 0.014 0.066 0.885 
 123 L _   0.041 0.000 0.000 0.003 0.004 0.018 0.064 0.870 
 124 Q _   0.059 0.000 0.001 0.003 0.006 0.025 0.062 0.845 
 125 E _   0.085 0.000 0.001 0.004 0.009 0.033 0.059 0.809 
 126 V _   0.118 0.001 0.001 0.006 0.015 0.042 0.056 0.762 
 127 E _   0.155 0.001 0.001 0.008 0.023 0.052 0.052 0.708 
 128 I _   0.192 0.003 0.002 0.010 0.032 0.061 0.049 0.652 
 129 A _   0.228 0.004 0.002 0.012 0.041 0.068 0.046 0.599 
 130 A _   0.258 0.006 0.002 0.014 0.050 0.073 0.044 0.554 
 131 V _   0.282 0.008 0.003 0.015 0.057 0.075 0.042 0.519 
 132 T _   0.299 0.009 0.003 0.016 0.061 0.075 0.041 0.496 
 133 H _   0.307 0.010 0.003 0.017 0.063 0.074 0.040 0.486 
 134 G _   0.308 0.011 0.003 0.017 0.062 0.071 0.040 0.488 
 135 A _   0.303 0.011 0.003 0.018 0.059 0.067 0.040 0.499 
 136 L _   0.289 0.011 0.003 0.018 0.053 0.062 0.041 0.523 
 137 Q _   0.267 0.010 0.002 0.018 0.046 0.057 0.042 0.558 
 138 G _   0.240 0.009 0.002 0.017 0.038 0.050 0.044 0.601 
 139 L _   0.207 0.007 0.002 0.015 0.030 0.044 0.045 0.650 
 140 A _   0.171 0.006 0.002 0.013 0.022 0.037 0.047 0.702 
 141 Y _   0.136 0.004 0.001 0.011 0.016 0.031 0.049 0.751 
 142 L _   0.103 0.003 0.001 0.009 0.011 0.026 0.050 0.796 
 143 H _   0.076 0.002 0.001 0.008 0.008 0.021 0.052 0.832 
 144 S _   0.055 0.002 0.001 0.007 0.006 0.017 0.053 0.860 
 145 H _   0.040 0.001 0.001 0.006 0.005 0.015 0.053 0.880 
 146 N _   0.029 0.001 0.000 0.006 0.004 0.013 0.054 0.894 
 147 M _   0.022 0.001 0.000 0.006 0.003 0.011 0.054 0.903 
 148 I _   0.017 0.001 0.000 0.005 0.003 0.010 0.054 0.909 
 149 H _   0.014 0.002 0.000 0.006 0.003 0.010 0.054 0.912 
 150 R _   0.012 0.002 0.000 0.006 0.003 0.009 0.053 0.914 
 151 D _   0.011 0.003 0.000 0.006 0.003 0.009 0.053 0.915 
 152 V _   0.010 0.003 0.000 0.006 0.003 0.010 0.052 0.914 
 153 K _   0.010 0.005 0.000 0.007 0.004 0.010 0.051 0.913 
 154 A _   0.010 0.007 0.000 0.008 0.004 0.011 0.050 0.909 
 155 G _   0.011 0.009 0.001 0.010 0.005 0.012 0.049 0.904 
 156 N _   0.011 0.012 0.001 0.012 0.006 0.013 0.048 0.897 
 157 I _   0.012 0.017 0.001 0.014 0.007 0.015 0.046 0.889 
 158 L _   0.012 0.021 0.001 0.017 0.008 0.016 0.045 0.881 
 159 L _   0.013 0.025 0.001 0.019 0.008 0.016 0.044 0.873 
 160 S _   0.013 0.028 0.001 0.021 0.009 0.017 0.043 0.868 
 161 E _   0.013 0.031 0.001 0.023 0.009 0.017 0.042 0.865 
 162 P _   0.012 0.032 0.001 0.023 0.009 0.017 0.042 0.864 
 163 G _   0.012 0.033 0.001 0.022 0.009 0.016 0.041 0.866 
 164 L _   0.012 0.032 0.001 0.020 0.008 0.016 0.041 0.871 
 165 V _   0.012 0.031 0.001 0.017 0.007 0.015 0.040 0.878 
 166 K _   0.011 0.029 0.001 0.014 0.006 0.014 0.040 0.885 
 167 L _   0.011 0.027 0.001 0.012 0.005 0.013 0.040 0.891 
 168 G _   0.010 0.026 0.001 0.010 0.005 0.013 0.040 0.896 
 169 D _   0.010 0.025 0.001 0.009 0.005 0.013 0.039 0.899 
 170 F _   0.010 0.025 0.001 0.009 0.005 0.014 0.039 0.899 
 171 G _   0.010 0.025 0.001 0.010 0.005 0.014 0.038 0.897 
 172 S _   0.011 0.027 0.001 0.011 0.006 0.015 0.037 0.892 
 173 A _   0.012 0.029 0.001 0.013 0.007 0.016 0.037 0.886 
 174 S _   0.013 0.032 0.001 0.015 0.007 0.018 0.036 0.879 
 175 I _   0.013 0.034 0.001 0.016 0.008 0.019 0.036 0.873 
 176 M _   0.014 0.036 0.001 0.017 0.009 0.020 0.035 0.868 
 177 A _   0.015 0.038 0.001 0.018 0.009 0.021 0.035 0.865 
 178 P _   0.015 0.039 0.001 0.017 0.009 0.021 0.034 0.863 
 179 A _   0.016 0.040 0.001 0.016 0.009 0.022 0.034 0.862 
 180 N _   0.018 0.040 0.001 0.014 0.009 0.023 0.033 0.861 
 181 S _   0.019 0.040 0.001 0.013 0.009 0.024 0.033 0.860 
 182 F _   0.021 0.041 0.001 0.012 0.010 0.026 0.033 0.856 
 183 V _   0.024 0.043 0.001 0.012 0.011 0.028 0.033 0.850 
 184 G _   0.026 0.046 0.001 0.013 0.012 0.030 0.033 0.840 
 185 T _   0.029 0.050 0.001 0.015 0.014 0.032 0.033 0.827 
 186 P _   0.032 0.056 0.001 0.017 0.016 0.033 0.032 0.812 
 187 Y _   0.033 0.063 0.001 0.021 0.018 0.035 0.032 0.796 
 188 W _   0.034 0.071 0.001 0.026 0.020 0.035 0.032 0.780 
 189 M _   0.034 0.078 0.002 0.030 0.022 0.035 0.032 0.766 
 190 A _   0.033 0.084 0.002 0.035 0.022 0.035 0.033 0.756 
 191 P _   0.032 0.088 0.002 0.039 0.022 0.033 0.033 0.751 
 192 E _   0.029 0.089 0.002 0.042 0.021 0.031 0.034 0.753 
 193 V _   0.027 0.088 0.001 0.042 0.019 0.028 0.035 0.760 
 194 I _   0.025 0.083 0.001 0.040 0.016 0.025 0.037 0.773 
 195 L _   0.022 0.075 0.001 0.035 0.013 0.021 0.039 0.793 
 196 A _   0.019 0.063 0.001 0.029 0.010 0.018 0.040 0.818 
 197 M _   0.016 0.048 0.001 0.022 0.008 0.015 0.042 0.848 
 198 D _   0.014 0.031 0.001 0.015 0.006 0.012 0.044 0.877 
 199 E _   0.013 0.017 0.001 0.009 0.004 0.010 0.045 0.902 
 200 G _   0.012 0.007 0.000 0.005 0.003 0.008 0.046 0.919 
 201 Q _   0.012 0.003 0.000 0.003 0.002 0.007 0.046 0.927 
 202 Y _   0.015 0.001 0.000 0.002 0.001 0.007 0.046 0.928 
 203 D _   0.023 0.000 0.000 0.001 0.002 0.008 0.045 0.920 
 204 G _   0.040 0.000 0.000 0.001 0.002 0.011 0.044 0.901 
 205 K _   0.073 0.000 0.000 0.001 0.004 0.016 0.043 0.862 
 206 V _   0.128 0.000 0.001 0.002 0.007 0.025 0.041 0.798 
 207 D _   0.202 0.000 0.001 0.003 0.014 0.035 0.038 0.707 
 208 V _   0.284 0.001 0.002 0.004 0.025 0.047 0.036 0.603 
 209 W _   0.356 0.002 0.002 0.006 0.040 0.057 0.034 0.503 
 210 S _   0.411 0.006 0.003 0.009 0.055 0.064 0.032 0.420 
 211 L H   0.448 0.012 0.003 0.014 0.066 0.067 0.032 0.359 
 212 G H   0.467 0.018 0.003 0.019 0.072 0.068 0.032 0.321 
 213 I H   0.472 0.023 0.003 0.024 0.074 0.065 0.033 0.306 
 214 T H   0.461 0.025 0.003 0.028 0.073 0.062 0.034 0.313 
 215 C H   0.438 0.025 0.003 0.029 0.068 0.057 0.037 0.344 
 216 I H   0.399 0.023 0.003 0.027 0.058 0.051 0.040 0.399 
 217 E _   0.346 0.018 0.003 0.023 0.046 0.044 0.043 0.477 
 218 L _   0.282 0.012 0.002 0.017 0.032 0.036 0.047 0.571 
 219 A _   0.214 0.006 0.002 0.011 0.020 0.029 0.051 0.668 
 220 E _   0.152 0.002 0.001 0.006 0.011 0.023 0.053 0.752 
 221 R _   0.104 0.001 0.001 0.003 0.006 0.018 0.055 0.812 
 222 K _   0.069 0.000 0.000 0.002 0.003 0.015 0.057 0.852 
 223 P _   0.048 0.000 0.000 0.002 0.003 0.014 0.058 0.875 
 224 P _   0.037 0.000 0.000 0.002 0.003 0.015 0.058 0.884 
 225 L _   0.032 0.001 0.000 0.003 0.003 0.018 0.058 0.884 
 226 F _   0.032 0.004 0.001 0.004 0.005 0.021 0.058 0.874 
 227 N _   0.034 0.012 0.001 0.008 0.009 0.027 0.058 0.851 
 228 M _   0.037 0.031 0.001 0.016 0.014 0.032 0.057 0.812 
 229 N _   0.039 0.060 0.002 0.026 0.020 0.036 0.056 0.761 
 230 A _   0.040 0.092 0.002 0.037 0.026 0.039 0.055 0.709 
 231 M _   0.041 0.117 0.002 0.047 0.029 0.040 0.054 0.670 
 232 S _   0.041 0.133 0.002 0.054 0.030 0.040 0.054 0.645 
 233 A _   0.041 0.141 0.002 0.057 0.030 0.039 0.054 0.635 
 234 L _   0.039 0.143 0.002 0.057 0.028 0.037 0.056 0.639 
 235 Y _   0.037 0.140 0.002 0.052 0.025 0.034 0.057 0.654 
 236 H _   0.034 0.130 0.002 0.044 0.021 0.030 0.059 0.679 
 237 I _   0.030 0.116 0.002 0.035 0.017 0.027 0.062 0.712 
 238 A _   0.027 0.096 0.001 0.026 0.013 0.023 0.065 0.750 
 239 Q _   0.023 0.076 0.001 0.018 0.009 0.020 0.068 0.786 
 240 N _   0.019 0.061 0.001 0.012 0.006 0.017 0.070 0.814 
 241 E _   0.016 0.051 0.001 0.008 0.005 0.015 0.072 0.834 
 242 S _   0.013 0.045 0.000 0.006 0.004 0.014 0.073 0.845 
 243 P _   0.012 0.043 0.000 0.005 0.003 0.013 0.074 0.850 
 244 V _   0.011 0.044 0.000 0.006 0.003 0.013 0.074 0.849 
 245 L _   0.011 0.047 0.000 0.007 0.004 0.014 0.074 0.844 
 246 Q _   0.011 0.053 0.001 0.009 0.005 0.015 0.074 0.834 
 247 S _   0.011 0.062 0.001 0.011 0.006 0.016 0.074 0.820 
 248 G _   0.012 0.073 0.001 0.015 0.007 0.017 0.073 0.803 
 249 H _   0.012 0.086 0.001 0.018 0.008 0.018 0.073 0.784 
 250 W _   0.012 0.099 0.001 0.021 0.010 0.019 0.072 0.765 
 251 S _   0.013 0.110 0.001 0.023 0.011 0.020 0.072 0.750 
 252 E _   0.013 0.120 0.001 0.025 0.011 0.021 0.072 0.736 
 253 Y _   0.014 0.127 0.001 0.027 0.012 0.021 0.073 0.725 
 254 F _   0.014 0.133 0.001 0.029 0.012 0.021 0.073 0.716 
 255 R _   0.015 0.136 0.001 0.030 0.012 0.021 0.075 0.710 
 256 N _   0.015 0.138 0.001 0.031 0.012 0.021 0.076 0.707 
 257 F _   0.015 0.137 0.001 0.032 0.012 0.020 0.078 0.705 
 258 V _   0.015 0.135 0.001 0.033 0.012 0.019 0.080 0.705 
 259 D _   0.015 0.129 0.001 0.032 0.011 0.018 0.083 0.711 
 260 S _   0.014 0.120 0.001 0.030 0.010 0.017 0.087 0.721 
 261 C _   0.014 0.107 0.001 0.027 0.009 0.015 0.091 0.736 
 262 L _   0.013 0.090 0.001 0.023 0.008 0.014 0.095 0.756 
 263 Q _   0.012 0.070 0.001 0.018 0.006 0.012 0.099 0.782 
 264 K _   0.010 0.049 0.001 0.013 0.005 0.010 0.104 0.807 
 265 I _   0.009 0.033 0.001 0.009 0.003 0.009 0.107 0.829 
 266 P _   0.008 0.022 0.000 0.006 0.003 0.008 0.110 0.843 
 267 Q _   0.007 0.016 0.000 0.004 0.002 0.008 0.112 0.851 
 268 D _   0.007 0.013 0.000 0.003 0.002 0.008 0.113 0.854 
 269 R _   0.007 0.012 0.000 0.003 0.002 0.009 0.114 0.853 
 270 P _   0.007 0.013 0.000 0.004 0.002 0.010 0.114 0.848 
 271 T _   0.009 0.016 0.000 0.006 0.003 0.013 0.114 0.838 
 272 S _   0.011 0.023 0.001 0.010 0.005 0.016 0.114 0.821 
 273 E _   0.012 0.034 0.001 0.015 0.008 0.020 0.113 0.796 
 274 V _   0.014 0.049 0.001 0.022 0.011 0.023 0.112 0.768 
 275 L _   0.015 0.063 0.001 0.029 0.013 0.025 0.111 0.742 
 276 L _   0.016 0.074 0.001 0.034 0.015 0.027 0.111 0.722 
 277 K _   0.017 0.081 0.001 0.036 0.016 0.028 0.111 0.709 
 278 H _   0.018 0.085 0.001 0.037 0.017 0.029 0.111 0.703 
 279 R _   0.018 0.085 0.001 0.035 0.017 0.028 0.112 0.702 
 280 F _   0.019 0.084 0.001 0.031 0.016 0.028 0.114 0.707 
 281 V _   0.019 0.080 0.001 0.026 0.014 0.027 0.116 0.716 
 282 L _   0.020 0.075 0.001 0.021 0.013 0.026 0.119 0.726 
 283 R _   0.020 0.069 0.001 0.016 0.011 0.025 0.121 0.736 
 284 E _   0.020 0.064 0.001 0.013 0.010 0.025 0.124 0.744 
 285 R _   0.021 0.061 0.001 0.010 0.009 0.024 0.127 0.747 
 286 P _   0.022 0.059 0.001 0.010 0.009 0.024 0.129 0.747 
 287 P _   0.022 0.060 0.001 0.010 0.009 0.025 0.132 0.742 
 288 T _   0.023 0.062 0.001 0.012 0.010 0.025 0.134 0.733 
 289 V _   0.024 0.066 0.001 0.015 0.011 0.026 0.136 0.721 
 290 I _   0.024 0.071 0.001 0.019 0.013 0.026 0.139 0.707 
 291 M _   0.024 0.075 0.001 0.023 0.014 0.026 0.142 0.694 
 292 D _   0.024 0.079 0.001 0.026 0.014 0.025 0.146 0.685 
 293 L _   0.022 0.080 0.001 0.028 0.014 0.024 0.150 0.682 
 294 I _   0.020 0.079 0.001 0.028 0.013 0.022 0.155 0.683 
 295 Q _   0.018 0.075 0.001 0.026 0.012 0.020 0.160 0.689 
 296 R _   0.016 0.070 0.001 0.022 0.010 0.018 0.166 0.697 
 297 T _   0.014 0.064 0.001 0.019 0.008 0.016 0.172 0.706 
 298 K _   0.012 0.058 0.001 0.016 0.007 0.014 0.178 0.714 
 299 D _   0.011 0.052 0.001 0.014 0.006 0.013 0.184 0.720 
 300 A _   0.010 0.046 0.001 0.012 0.005 0.012 0.190 0.724 
 301 V _   0.009 0.042 0.001 0.010 0.004 0.011 0.197 0.726 
 302 R _   0.009 0.038 0.000 0.010 0.004 0.010 0.203 0.726 
 303 E _   0.008 0.035 0.000 0.009 0.004 0.010 0.208 0.725 
 304 L _   0.008 0.033 0.000 0.009 0.003 0.009 0.214 0.723 
 305 D _   0.007 0.032 0.000 0.008 0.003 0.009 0.219 0.721 
 306 N _   0.007 0.031 0.000 0.008 0.003 0.009 0.224 0.717 
 307 L _   0.007 0.030 0.000 0.009 0.003 0.009 0.228 0.713 
 308 Q _   0.007 0.031 0.000 0.009 0.003 0.009 0.233 0.707 
 309 Y _   0.007 0.031 0.000 0.010 0.004 0.010 0.237 0.700 
 310 R _   0.008 0.033 0.000 0.012 0.004 0.011 0.242 0.690 
 311 K _   0.008 0.035 0.001 0.015 0.005 0.011 0.246 0.679 
 312 M _   0.008 0.036 0.001 0.018 0.005 0.012 0.251 0.668 
 313 K _   0.009 0.038 0.001 0.021 0.006 0.012 0.257 0.657 
 314 K _   0.009 0.039 0.001 0.024 0.006 0.012 0.263 0.646 
 315 I _   0.009 0.039 0.001 0.025 0.006 0.012 0.271 0.639 
 316 L _   0.009 0.037 0.001 0.024 0.006 0.011 0.279 0.634 
 317 F _   0.008 0.034 0.001 0.021 0.005 0.010 0.287 0.633 
 318 Q _   0.008 0.030 0.001 0.018 0.004 0.009 0.296 0.635 
 319 E _   0.007 0.025 0.000 0.014 0.003 0.008 0.305 0.638 
 320 A _   0.007 0.020 0.000 0.010 0.002 0.006 0.312 0.641 
 321 P _   0.006 0.016 0.000 0.007 0.002 0.006 0.319 0.644 
 322 N _   0.006 0.014 0.000 0.005 0.001 0.005 0.324 0.645 
 323 G _   0.005 0.012 0.000 0.004 0.001 0.004 0.327 0.645 
 324 P _   0.005 0.012 0.000 0.004 0.001 0.004 0.330 0.645 
 325 G _   0.005 0.012 0.000 0.004 0.001 0.004 0.331 0.644 
 326 A _   0.005 0.013 0.000 0.004 0.001 0.005 0.330 0.642 
 327 E _   0.004 0.016 0.000 0.004 0.001 0.005 0.328 0.641 
 328 A _   0.004 0.019 0.000 0.005 0.001 0.006 0.325 0.638 
 329 P _   0.004 0.026 0.000 0.007 0.002 0.007 0.320 0.635 
 330 E _   0.004 0.036 0.000 0.009 0.002 0.008 0.312 0.629 
 331 E _   0.004 0.051 0.000 0.011 0.003 0.010 0.302 0.619 
 332 E _   0.005 0.074 0.001 0.014 0.004 0.011 0.289 0.602 
 333 E _   0.005 0.108 0.001 0.018 0.005 0.013 0.273 0.576 
 334 E _   0.006 0.159 0.001 0.024 0.007 0.015 0.253 0.536 
 335 A _   0.006 0.227 0.001 0.029 0.010 0.016 0.230 0.481 
 336 E _   0.006 0.310 0.002 0.034 0.012 0.017 0.206 0.414 
 337 P E   0.005 0.398 0.002 0.037 0.013 0.016 0.185 0.344 
 338 Y E   0.005 0.480 0.002 0.039 0.012 0.015 0.168 0.281 
 339 M E   0.004 0.543 0.001 0.038 0.011 0.013 0.156 0.234 
 340 H E   0.003 0.584 0.001 0.037 0.010 0.011 0.149 0.204 
 341 R E   0.003 0.610 0.001 0.036 0.009 0.010 0.145 0.187 
 342 A E   0.003 0.623 0.001 0.034 0.008 0.009 0.143 0.181 
 343 G E   0.003 0.628 0.001 0.031 0.007 0.009 0.142 0.181 
 344 T E   0.003 0.627 0.001 0.027 0.006 0.008 0.142 0.186 
 345 L E   0.003 0.621 0.001 0.024 0.006 0.007 0.142 0.196 
 346 T E   0.003 0.610 0.001 0.020 0.005 0.007 0.144 0.211 
 347 S E   0.003 0.594 0.001 0.016 0.004 0.007 0.146 0.229 
 348 L E   0.003 0.576 0.001 0.013 0.004 0.007 0.149 0.248 
 349 E E   0.003 0.560 0.000 0.010 0.003 0.007 0.151 0.265 
 350 S E   0.003 0.547 0.000 0.009 0.003 0.007 0.153 0.277 
 351 S E   0.003 0.540 0.000 0.008 0.003 0.007 0.155 0.283 
 352 H E   0.003 0.536 0.000 0.009 0.003 0.007 0.157 0.286 
 353 S E   0.003 0.535 0.000 0.010 0.003 0.007 0.158 0.284 
 354 V E   0.003 0.536 0.000 0.011 0.003 0.007 0.159 0.280 
 355 P E   0.003 0.538 0.000 0.013 0.004 0.007 0.160 0.274 
 356 S E   0.003 0.538 0.000 0.015 0.004 0.007 0.162 0.269 
 357 M E   0.003 0.537 0.000 0.017 0.004 0.007 0.164 0.267 
 358 S E   0.003 0.533 0.001 0.018 0.004 0.007 0.166 0.268 
 359 I E   0.003 0.525 0.001 0.018 0.004 0.007 0.170 0.272 
 360 S E   0.003 0.514 0.001 0.019 0.005 0.007 0.174 0.278 
 361 A E   0.003 0.500 0.001 0.019 0.005 0.007 0.179 0.287 
 362 S E   0.003 0.482 0.001 0.019 0.005 0.007 0.185 0.298 
 363 S E   0.003 0.464 0.001 0.019 0.005 0.008 0.192 0.308 
 364 Q E   0.003 0.446 0.001 0.020 0.005 0.008 0.201 0.317 
 365 S E   0.004 0.427 0.001 0.022 0.005 0.009 0.210 0.324 
 366 S E   0.004 0.408 0.001 0.024 0.005 0.009 0.220 0.330 
 367 S E   0.004 0.387 0.001 0.026 0.006 0.009 0.232 0.335 
 368 V E   0.005 0.363 0.001 0.028 0.006 0.010 0.246 0.342 
 369 N _   0.005 0.335 0.001 0.029 0.006 0.010 0.262 0.351 
 370 S _   0.005 0.300 0.001 0.030 0.006 0.010 0.282 0.365 
 371 L _   0.006 0.259 0.001 0.029 0.006 0.011 0.306 0.383 
 372 A _   0.006 0.215 0.001 0.026 0.006 0.010 0.332 0.404 
 373 D _   0.006 0.170 0.001 0.022 0.005 0.010 0.359 0.427 
 374 A _   0.006 0.131 0.001 0.019 0.004 0.010 0.384 0.445 
 375 S _   0.006 0.101 0.001 0.015 0.003 0.009 0.406 0.459 
 376 D _   0.005 0.079 0.000 0.012 0.003 0.008 0.424 0.469 
 377 N _   0.005 0.064 0.000 0.010 0.002 0.007 0.438 0.474 
 378 E _   0.005 0.053 0.000 0.009 0.002 0.007 0.448 0.477 
 379 E _   0.005 0.046 0.000 0.008 0.001 0.006 0.456 0.478 
 380 E _   0.004 0.041 0.000 0.007 0.001 0.006 0.462 0.479 
 381 E _   0.004 0.037 0.000 0.006 0.001 0.006 0.465 0.480 
 382 E _   0.004 0.034 0.000 0.006 0.001 0.006 0.468 0.481 
 383 E _   0.004 0.032 0.000 0.006 0.001 0.005 0.469 0.483 
 384 E _   0.003 0.031 0.000 0.006 0.001 0.005 0.469 0.485 
 385 E _   0.003 0.031 0.000 0.005 0.001 0.005 0.467 0.487 
 386 E _   0.003 0.031 0.000 0.005 0.001 0.005 0.464 0.490 
 387 E _   0.003 0.032 0.000 0.005 0.001 0.005 0.460 0.494 
 388 E _   0.003 0.033 0.000 0.005 0.001 0.006 0.454 0.498 
 389 E _   0.003 0.036 0.000 0.006 0.001 0.006 0.446 0.502 
 390 E _   0.003 0.042 0.000 0.007 0.002 0.007 0.435 0.504 
 391 E _   0.003 0.052 0.000 0.009 0.002 0.009 0.420 0.504 
 392 E _   0.004 0.069 0.001 0.013 0.004 0.011 0.401 0.498 
 393 G _   0.005 0.100 0.001 0.018 0.006 0.014 0.375 0.481 
 394 P _   0.006 0.153 0.001 0.026 0.008 0.016 0.341 0.449 
 395 E _   0.006 0.230 0.002 0.033 0.011 0.018 0.302 0.398 
 396 A _   0.006 0.327 0.002 0.040 0.014 0.018 0.261 0.333 
 397 R E   0.005 0.424 0.002 0.042 0.014 0.017 0.226 0.270 
 398 E E   0.004 0.503 0.002 0.042 0.012 0.015 0.201 0.221 
 399 M E   0.003 0.557 0.001 0.040 0.010 0.013 0.185 0.191 
 400 A E   0.003 0.589 0.001 0.036 0.009 0.011 0.176 0.175 
 401 M E   0.003 0.607 0.001 0.033 0.007 0.010 0.170 0.169 
 402 M E   0.003 0.616 0.001 0.029 0.006 0.009 0.166 0.169 
 403 Q E   0.003 0.619 0.001 0.025 0.006 0.009 0.164 0.174 
 404 E E   0.003 0.617 0.001 0.021 0.005 0.008 0.163 0.183 
 405 G E   0.003 0.611 0.001 0.017 0.005 0.008 0.162 0.194 
 406 E E   0.003 0.603 0.000 0.014 0.004 0.008 0.162 0.205 
 407 H E   0.003 0.595 0.000 0.011 0.004 0.008 0.162 0.216 
 408 T E   0.004 0.589 0.000 0.010 0.004 0.009 0.162 0.223 
 409 V E   0.004 0.585 0.000 0.010 0.004 0.009 0.162 0.227 
 410 T E   0.004 0.584 0.000 0.010 0.004 0.009 0.161 0.227 
 411 S E   0.004 0.585 0.000 0.012 0.004 0.010 0.161 0.223 
 412 H E   0.004 0.588 0.001 0.015 0.005 0.010 0.160 0.217 
 413 S E   0.005 0.591 0.001 0.018 0.006 0.010 0.160 0.210 
 414 S E   0.005 0.593 0.001 0.022 0.006 0.010 0.160 0.204 
 415 I E   0.005 0.591 0.001 0.025 0.007 0.010 0.161 0.201 
 416 I E   0.005 0.584 0.001 0.028 0.007 0.010 0.163 0.202 
 417 H E   0.005 0.569 0.001 0.031 0.008 0.010 0.166 0.210 
 418 R E   0.006 0.540 0.001 0.032 0.009 0.010 0.172 0.229 
 419 L E   0.007 0.492 0.001 0.033 0.010 0.010 0.181 0.265 
 420 P E   0.008 0.419 0.002 0.033 0.010 0.011 0.195 0.322 
 421 G _   0.010 0.326 0.002 0.030 0.010 0.012 0.214 0.397 
 422 S _   0.010 0.229 0.002 0.026 0.009 0.012 0.235 0.478 
 423 D _   0.011 0.148 0.001 0.019 0.006 0.011 0.256 0.548 
 424 N _   0.010 0.092 0.001 0.014 0.004 0.010 0.272 0.597 
 425 L _   0.009 0.059 0.000 0.010 0.003 0.009 0.284 0.627 
 426 Y _   0.008 0.040 0.000 0.007 0.002 0.008 0.292 0.643 
 427 D _   0.007 0.030 0.000 0.006 0.002 0.007 0.297 0.652 
 428 D _   0.006 0.024 0.000 0.005 0.001 0.006 0.300 0.656 
 429 P _   0.005 0.021 0.000 0.006 0.001 0.006 0.302 0.658 
 430 Y _   0.005 0.019 0.000 0.006 0.001 0.006 0.303 0.659 
 431 Q _   0.005 0.018 0.000 0.006 0.002 0.006 0.303 0.659 
 432 P _   0.005 0.018 0.000 0.007 0.002 0.006 0.302 0.660 
 433 E _   0.004 0.018 0.000 0.007 0.002 0.006 0.300 0.662 
 434 I _   0.004 0.018 0.000 0.008 0.002 0.006 0.297 0.665 
 435 T _   0.004 0.018 0.000 0.007 0.002 0.006 0.294 0.669 
 436 P _   0.004 0.019 0.000 0.007 0.002 0.006 0.289 0.673 
 437 S _   0.004 0.020 0.000 0.007 0.002 0.006 0.284 0.677 
 438 P _   0.003 0.022 0.000 0.007 0.002 0.006 0.278 0.681 
 439 L _   0.003 0.026 0.000 0.008 0.002 0.006 0.272 0.683 
 440 Q _   0.003 0.030 0.000 0.009 0.002 0.007 0.264 0.684 
 441 P _   0.004 0.036 0.000 0.011 0.003 0.007 0.255 0.684 
 442 P _   0.004 0.045 0.000 0.013 0.003 0.008 0.246 0.681 
 443 A _   0.004 0.055 0.000 0.015 0.004 0.009 0.235 0.677 
 444 A _   0.004 0.067 0.001 0.017 0.004 0.010 0.225 0.673 
 445 P _   0.004 0.079 0.001 0.019 0.004 0.010 0.214 0.669 
 446 A _   0.004 0.091 0.001 0.021 0.005 0.010 0.203 0.665 
 447 P _   0.004 0.102 0.001 0.022 0.005 0.011 0.193 0.663 
 448 T _   0.004 0.112 0.001 0.023 0.005 0.011 0.183 0.661 
 449 S _   0.004 0.121 0.001 0.025 0.006 0.012 0.174 0.658 
 450 T _   0.004 0.130 0.001 0.027 0.006 0.012 0.165 0.655 
 451 T _   0.004 0.138 0.001 0.029 0.007 0.013 0.158 0.651 
 452 S _   0.005 0.145 0.001 0.032 0.007 0.013 0.151 0.647 
 453 S _   0.005 0.150 0.001 0.035 0.008 0.014 0.144 0.643 
 454 A _   0.005 0.153 0.001 0.037 0.008 0.014 0.139 0.642 
 455 R _   0.005 0.154 0.001 0.037 0.008 0.014 0.135 0.645 
 456 R _   0.006 0.151 0.001 0.035 0.008 0.014 0.131 0.654 
 457 R _   0.006 0.145 0.001 0.032 0.008 0.014 0.128 0.667 
 458 A _   0.006 0.136 0.001 0.027 0.007 0.014 0.126 0.685 
 459 Y _   0.006 0.123 0.001 0.021 0.006 0.014 0.123 0.707 
 460 C _   0.006 0.109 0.001 0.015 0.005 0.014 0.122 0.728 
 461 R _   0.007 0.097 0.001 0.011 0.004 0.015 0.120 0.745 
 462 N _   0.009 0.089 0.000 0.008 0.004 0.017 0.118 0.755 
 463 R _   0.011 0.086 0.000 0.007 0.005 0.019 0.115 0.757 
 464 D _   0.015 0.086 0.001 0.007 0.006 0.023 0.113 0.750 
 465 H _   0.021 0.090 0.001 0.009 0.009 0.029 0.110 0.732 
 466 F _   0.028 0.101 0.001 0.012 0.014 0.035 0.106 0.702 
 467 A _   0.036 0.122 0.002 0.019 0.021 0.040 0.102 0.660 
 468 T _   0.042 0.150 0.002 0.027 0.028 0.044 0.097 0.610 
 469 I _   0.047 0.181 0.002 0.035 0.033 0.047 0.093 0.562 
 470 R _   0.050 0.205 0.002 0.043 0.035 0.047 0.090 0.527 
 471 T _   0.052 0.220 0.002 0.049 0.036 0.046 0.088 0.505 
 472 A _   0.053 0.227 0.002 0.052 0.036 0.044 0.087 0.499 
 473 S _   0.052 0.228 0.002 0.052 0.034 0.041 0.087 0.504 
 474 L _   0.049 0.222 0.002 0.050 0.030 0.038 0.087 0.522 
 475 V _   0.046 0.208 0.002 0.045 0.026 0.034 0.088 0.551 
 476 S _   0.041 0.184 0.002 0.038 0.021 0.030 0.090 0.593 
 477 R _   0.036 0.151 0.002 0.031 0.017 0.025 0.093 0.646 
 478 Q _   0.031 0.113 0.001 0.023 0.012 0.022 0.095 0.702 
 479 I _   0.026 0.077 0.001 0.016 0.009 0.018 0.098 0.756 
 480 Q _   0.021 0.049 0.001 0.011 0.006 0.015 0.100 0.798 
 481 E _   0.017 0.032 0.001 0.007 0.004 0.012 0.101 0.827 
 482 H _   0.013 0.023 0.000 0.005 0.003 0.010 0.101 0.845 
 483 E _   0.011 0.019 0.000 0.004 0.002 0.009 0.101 0.853 
 484 Q _   0.009 0.018 0.000 0.004 0.002 0.009 0.101 0.857 
 485 D _   0.009 0.018 0.000 0.005 0.002 0.009 0.100 0.857 
 486 S _   0.009 0.020 0.000 0.006 0.003 0.010 0.098 0.853 
 487 A _   0.009 0.024 0.000 0.009 0.004 0.011 0.097 0.846 
 488 L _   0.010 0.029 0.001 0.013 0.005 0.012 0.095 0.836 
 489 R _   0.010 0.035 0.001 0.017 0.006 0.013 0.093 0.827 
 490 E _   0.010 0.040 0.001 0.020 0.007 0.013 0.091 0.819 
 491 Q _   0.010 0.043 0.001 0.022 0.007 0.013 0.089 0.814 
 492 L _   0.009 0.045 0.001 0.023 0.007 0.013 0.088 0.814 
 493 S _   0.009 0.045 0.001 0.022 0.007 0.013 0.087 0.817 
 494 G _   0.009 0.044 0.001 0.020 0.006 0.012 0.087 0.822 
 495 Y _   0.009 0.042 0.001 0.017 0.005 0.011 0.087 0.829 
 496 K _   0.008 0.038 0.001 0.014 0.005 0.010 0.087 0.837 
 497 R _   0.008 0.035 0.000 0.011 0.004 0.010 0.087 0.845 
 498 M _   0.008 0.032 0.000 0.009 0.003 0.009 0.087 0.851 
 499 R _   0.008 0.030 0.000 0.008 0.003 0.009 0.087 0.856 
 500 R _   0.008 0.029 0.000 0.007 0.003 0.009 0.086 0.858 
 501 Q _   0.007 0.028 0.000 0.007 0.003 0.009 0.086 0.858 
 502 H _   0.008 0.029 0.000 0.008 0.003 0.010 0.085 0.856 
 503 Q _   0.008 0.031 0.000 0.010 0.004 0.010 0.085 0.851 
 504 K _   0.009 0.034 0.001 0.013 0.005 0.011 0.084 0.845 
 505 Q _   0.009 0.037 0.001 0.016 0.005 0.012 0.083 0.838 
 506 L _   0.009 0.040 0.001 0.018 0.006 0.012 0.082 0.832 
 507 L _   0.009 0.042 0.001 0.021 0.006 0.012 0.082 0.828 
 508 A _   0.009 0.043 0.001 0.022 0.006 0.012 0.082 0.827 
 509 L _   0.009 0.042 0.001 0.021 0.006 0.011 0.081 0.829 
 510 E _   0.008 0.040 0.001 0.019 0.005 0.010 0.082 0.835 
 511 S _   0.008 0.037 0.001 0.017 0.005 0.010 0.082 0.842 
 512 R _   0.008 0.033 0.000 0.014 0.004 0.009 0.082 0.850 
 513 L _   0.007 0.028 0.000 0.011 0.003 0.008 0.083 0.858 
 514 R _   0.007 0.024 0.000 0.009 0.003 0.007 0.083 0.866 
 515 G _   0.007 0.021 0.000 0.007 0.002 0.007 0.084 0.872 
 516 E _   0.006 0.019 0.000 0.006 0.002 0.007 0.084 0.876 
 517 R _   0.006 0.018 0.000 0.006 0.002 0.006 0.083 0.878 
 518 E _   0.006 0.017 0.000 0.005 0.002 0.007 0.083 0.879 
 519 E _   0.006 0.018 0.000 0.006 0.002 0.007 0.082 0.879 
 520 H _   0.006 0.019 0.000 0.006 0.002 0.007 0.081 0.878 
 521 S _   0.006 0.021 0.000 0.007 0.003 0.008 0.080 0.875 
 522 A _   0.006 0.024 0.000 0.008 0.003 0.008 0.078 0.871 
 523 R _   0.007 0.029 0.000 0.010 0.003 0.009 0.076 0.866 
 524 L _   0.007 0.034 0.000 0.011 0.004 0.010 0.074 0.859 
 525 Q _   0.007 0.040 0.001 0.013 0.004 0.010 0.072 0.852 
 526 R _   0.007 0.046 0.001 0.014 0.005 0.011 0.070 0.846 
 527 E _   0.007 0.052 0.001 0.016 0.005 0.011 0.069 0.839 
 528 L _   0.007 0.058 0.001 0.017 0.006 0.011 0.067 0.833 
 529 E _   0.007 0.063 0.001 0.018 0.006 0.011 0.065 0.829 
 530 A _   0.007 0.067 0.001 0.018 0.006 0.011 0.064 0.825 
 531 Q _   0.008 0.070 0.001 0.019 0.006 0.011 0.063 0.823 
 532 R _   0.008 0.072 0.001 0.019 0.006 0.011 0.062 0.822 
 533 A _   0.007 0.074 0.001 0.019 0.006 0.011 0.062 0.822 
 534 G _   0.007 0.074 0.001 0.018 0.005 0.010 0.061 0.823 
 535 F _   0.007 0.073 0.001 0.018 0.005 0.010 0.061 0.825 
 536 G _   0.007 0.072 0.001 0.017 0.005 0.010 0.061 0.829 
 537 A _   0.007 0.069 0.001 0.015 0.004 0.009 0.061 0.833 
 538 E _   0.007 0.066 0.000 0.014 0.004 0.009 0.061 0.839 
 539 A _   0.007 0.063 0.000 0.012 0.004 0.008 0.062 0.844 
 540 E _   0.007 0.059 0.000 0.011 0.003 0.008 0.062 0.849 
 541 K _   0.006 0.056 0.000 0.010 0.003 0.007 0.062 0.854 
 542 L _   0.006 0.054 0.000 0.009 0.003 0.007 0.063 0.858 
 543 A _   0.006 0.052 0.000 0.009 0.003 0.007 0.063 0.861 
 544 R _   0.006 0.050 0.000 0.008 0.003 0.007 0.064 0.862 
 545 R _   0.006 0.049 0.000 0.008 0.003 0.007 0.064 0.863 
 546 H _   0.006 0.049 0.000 0.009 0.003 0.007 0.064 0.863 
 547 Q _   0.005 0.049 0.000 0.009 0.003 0.007 0.065 0.863 
 548 A _   0.005 0.049 0.000 0.009 0.003 0.007 0.065 0.862 
 549 I _   0.005 0.050 0.000 0.009 0.003 0.007 0.065 0.861 
 550 G _   0.005 0.050 0.000 0.010 0.003 0.007 0.065 0.860 
 551 E _   0.005 0.051 0.000 0.010 0.003 0.007 0.065 0.859 
 552 K _   0.005 0.052 0.000 0.010 0.003 0.007 0.065 0.858 
 553 E _   0.005 0.053 0.000 0.010 0.003 0.007 0.065 0.857 
 554 A _   0.005 0.054 0.000 0.010 0.003 0.007 0.066 0.855 
 555 R _   0.005 0.055 0.000 0.010 0.003 0.007 0.066 0.854 
 556 A _   0.005 0.056 0.000 0.010 0.003 0.007 0.066 0.853 
 557 A _   0.005 0.057 0.000 0.010 0.003 0.007 0.066 0.851 
 558 Q _   0.005 0.059 0.000 0.010 0.003 0.008 0.066 0.849 
 559 A _   0.005 0.061 0.000 0.010 0.003 0.008 0.067 0.846 
 560 E _   0.006 0.063 0.000 0.011 0.003 0.008 0.067 0.842 
 561 E _   0.006 0.065 0.000 0.011 0.004 0.009 0.067 0.837 
 562 R _   0.006 0.067 0.000 0.012 0.004 0.009 0.068 0.833 
 563 K _   0.006 0.069 0.000 0.014 0.004 0.009 0.069 0.827 
 564 F _   0.006 0.071 0.001 0.015 0.005 0.010 0.070 0.823 
 565 Q _   0.007 0.072 0.001 0.016 0.005 0.010 0.071 0.819 
 566 Q _   0.007 0.072 0.001 0.016 0.005 0.010 0.073 0.817 
 567 H _   0.007 0.071 0.001 0.015 0.005 0.009 0.075 0.817 
 568 I _   0.007 0.069 0.001 0.014 0.004 0.009 0.077 0.819 
 569 L _   0.007 0.066 0.000 0.012 0.004 0.009 0.079 0.823 
 570 G _   0.006 0.063 0.000 0.010 0.003 0.008 0.081 0.827 
 571 Q _   0.006 0.060 0.000 0.008 0.003 0.008 0.083 0.830 
 572 Q _   0.006 0.058 0.000 0.007 0.003 0.008 0.085 0.832 
 573 K _   0.006 0.058 0.000 0.007 0.003 0.009 0.087 0.830 
 574 K _   0.007 0.058 0.000 0.008 0.003 0.009 0.089 0.826 
 575 E _   0.007 0.060 0.000 0.009 0.004 0.010 0.091 0.818 
 576 L _   0.008 0.064 0.001 0.012 0.005 0.011 0.093 0.806 
 577 A _   0.009 0.069 0.001 0.016 0.006 0.012 0.095 0.793 
 578 A _   0.009 0.073 0.001 0.020 0.006 0.013 0.097 0.781 
 579 L _   0.010 0.076 0.001 0.023 0.007 0.013 0.100 0.770 
 580 L _   0.010 0.077 0.001 0.025 0.007 0.013 0.103 0.764 
 581 E _   0.009 0.076 0.001 0.025 0.007 0.013 0.107 0.762 
 582 A _   0.009 0.073 0.001 0.023 0.007 0.012 0.112 0.765 
 583 Q _   0.009 0.067 0.001 0.020 0.006 0.011 0.117 0.770 
 584 K _   0.008 0.059 0.001 0.017 0.005 0.010 0.123 0.777 
 585 R _   0.008 0.051 0.001 0.014 0.004 0.009 0.129 0.784 
 586 T _   0.008 0.043 0.000 0.011 0.004 0.009 0.135 0.790 
 587 Y _   0.008 0.037 0.000 0.010 0.003 0.008 0.142 0.792 
 588 K _   0.007 0.032 0.000 0.009 0.003 0.008 0.148 0.793 
 589 L _   0.007 0.028 0.000 0.009 0.003 0.008 0.153 0.792 
 590 R _   0.007 0.026 0.000 0.009 0.003 0.008 0.158 0.789 
 591 K _   0.007 0.024 0.000 0.010 0.003 0.008 0.163 0.786 
 592 E _   0.007 0.022 0.000 0.010 0.003 0.008 0.167 0.782 
 593 Q _   0.007 0.020 0.000 0.011 0.003 0.007 0.172 0.779 
 594 L _   0.007 0.019 0.000 0.011 0.003 0.007 0.176 0.777 
 595 K _   0.007 0.017 0.000 0.011 0.003 0.007 0.181 0.775 
 596 E _   0.007 0.014 0.000 0.010 0.002 0.007 0.185 0.775 
 597 E _   0.006 0.012 0.000 0.009 0.002 0.006 0.189 0.776 
 598 L _   0.006 0.009 0.000 0.007 0.002 0.005 0.192 0.777 
 599 Q _   0.006 0.007 0.000 0.006 0.002 0.005 0.195 0.780 
 600 E _   0.005 0.006 0.000 0.005 0.001 0.004 0.197 0.782 
 601 N _   0.004 0.005 0.000 0.003 0.001 0.004 0.198 0.785 
 602 P _   0.004 0.004 0.000 0.003 0.001 0.003 0.198 0.786 
 603 S _   0.004 0.004 0.000 0.002 0.001 0.003 0.198 0.788 
 604 T _   0.004 0.004 0.000 0.003 0.001 0.004 0.197 0.788 
 605 P _   0.004 0.006 0.000 0.003 0.001 0.005 0.195 0.787 
 606 K _   0.004 0.008 0.000 0.005 0.002 0.006 0.192 0.784 
 607 R _   0.004 0.014 0.000 0.007 0.002 0.007 0.188 0.777 
 608 E _   0.005 0.023 0.000 0.011 0.003 0.008 0.183 0.767 
 609 K _   0.005 0.036 0.001 0.015 0.004 0.010 0.177 0.753 
 610 A _   0.005 0.049 0.001 0.020 0.005 0.011 0.171 0.738 
 611 E _   0.005 0.062 0.001 0.024 0.005 0.011 0.166 0.725 
 612 W _   0.005 0.070 0.001 0.027 0.006 0.011 0.162 0.718 
 613 L _   0.005 0.076 0.001 0.028 0.006 0.011 0.159 0.715 
 614 L _   0.005 0.078 0.001 0.027 0.006 0.010 0.156 0.717 
 615 R _   0.005 0.079 0.001 0.024 0.005 0.010 0.154 0.723 
 616 Q _   0.005 0.077 0.001 0.020 0.004 0.009 0.153 0.731 
 617 K _   0.005 0.074 0.000 0.016 0.004 0.008 0.153 0.741 
 618 E _   0.005 0.070 0.000 0.012 0.003 0.007 0.152 0.750 
 619 Q _   0.005 0.066 0.000 0.009 0.002 0.007 0.152 0.759 
 620 L _   0.005 0.063 0.000 0.007 0.002 0.006 0.151 0.765 
 621 Q _   0.005 0.062 0.000 0.006 0.002 0.006 0.150 0.769 
 622 Q _   0.005 0.062 0.000 0.006 0.002 0.007 0.149 0.770 
 623 C _   0.005 0.063 0.000 0.006 0.002 0.007 0.147 0.769 
 624 Q _   0.005 0.066 0.000 0.008 0.003 0.008 0.146 0.765 
 625 A _   0.005 0.071 0.000 0.009 0.003 0.008 0.143 0.759 
 626 E _   0.006 0.077 0.000 0.011 0.004 0.009 0.141 0.752 
 627 E _   0.006 0.085 0.001 0.013 0.004 0.010 0.139 0.743 
 628 E _   0.006 0.092 0.001 0.015 0.005 0.011 0.136 0.735 
 629 A _   0.006 0.098 0.001 0.016 0.005 0.011 0.134 0.728 
 630 G _   0.007 0.103 0.001 0.017 0.005 0.011 0.133 0.723 
 631 L _   0.007 0.107 0.001 0.017 0.006 0.012 0.131 0.720 
 632 L _   0.007 0.109 0.001 0.017 0.006 0.012 0.130 0.719 
 633 R _   0.008 0.110 0.001 0.016 0.006 0.012 0.130 0.718 
 634 R _   0.008 0.110 0.001 0.015 0.006 0.012 0.130 0.718 
 635 Q _   0.009 0.110 0.001 0.015 0.006 0.013 0.130 0.718 
 636 R _   0.009 0.109 0.001 0.014 0.006 0.013 0.130 0.717 
 637 Q _   0.009 0.109 0.001 0.014 0.006 0.013 0.131 0.717 
 638 Y _   0.010 0.108 0.001 0.014 0.006 0.013 0.132 0.717 
 639 F _   0.010 0.107 0.001 0.014 0.006 0.013 0.133 0.717 
 640 E _   0.010 0.106 0.001 0.013 0.006 0.013 0.134 0.717 
 641 L _   0.010 0.105 0.001 0.013 0.006 0.013 0.135 0.718 
 642 Q _   0.010 0.103 0.001 0.012 0.005 0.013 0.136 0.720 
 643 C _   0.010 0.101 0.001 0.011 0.005 0.013 0.137 0.722 
 644 R _   0.010 0.100 0.001 0.010 0.005 0.013 0.138 0.723 
 645 Q _   0.010 0.100 0.001 0.010 0.005 0.013 0.139 0.722 
 646 Y _   0.010 0.100 0.001 0.011 0.005 0.014 0.141 0.719 
 647 K _   0.011 0.102 0.001 0.012 0.006 0.014 0.142 0.713 
 648 R _   0.011 0.104 0.001 0.015 0.007 0.014 0.143 0.706 
 649 K _   0.011 0.107 0.001 0.017 0.007 0.015 0.145 0.697 
 650 M _   0.011 0.109 0.001 0.020 0.008 0.015 0.147 0.690 
 651 L _   0.011 0.109 0.001 0.022 0.008 0.015 0.149 0.686 
 652 L _   0.011 0.108 0.001 0.023 0.008 0.014 0.152 0.683 
 653 A _   0.010 0.106 0.001 0.023 0.008 0.013 0.155 0.684 
 654 R _   0.010 0.101 0.001 0.022 0.007 0.012 0.159 0.688 
 655 H _   0.009 0.093 0.001 0.021 0.006 0.012 0.164 0.694 
 656 S _   0.009 0.084 0.001 0.019 0.006 0.011 0.169 0.702 
 657 L _   0.009 0.074 0.001 0.017 0.005 0.010 0.174 0.710 
 658 D _   0.009 0.062 0.001 0.015 0.005 0.009 0.180 0.719 
 659 Q _   0.008 0.051 0.001 0.013 0.004 0.009 0.187 0.728 
 660 D _   0.008 0.040 0.000 0.011 0.003 0.008 0.193 0.735 
 661 L _   0.008 0.031 0.000 0.010 0.003 0.007 0.199 0.742 
 662 L _   0.007 0.023 0.000 0.008 0.003 0.007 0.204 0.748 
 663 R _   0.007 0.017 0.000 0.007 0.002 0.006 0.208 0.753 
