#TopoPred_TM8: 8-state transmembrane topology prediction results by no_profile mode 
#probabilities are in the order of H E C I L F X _, the 8 transmembrane topology types used in PDBTM 
   1 M X   0.011 0.001 0.002 0.045 0.009 0.010 0.804 0.119 
   2 A X   0.005 0.000 0.000 0.028 0.002 0.006 0.827 0.132 
   3 S X   0.002 0.000 0.000 0.017 0.001 0.004 0.833 0.142 
   4 Q X   0.002 0.000 0.000 0.012 0.001 0.004 0.832 0.148 
   5 L X   0.002 0.000 0.000 0.010 0.001 0.005 0.828 0.154 
   6 Q X   0.003 0.000 0.000 0.008 0.001 0.005 0.821 0.161 
   7 V X   0.003 0.001 0.000 0.007 0.001 0.006 0.814 0.168 
   8 F X   0.004 0.001 0.000 0.006 0.002 0.006 0.805 0.176 
   9 S X   0.004 0.001 0.000 0.006 0.002 0.006 0.795 0.186 
  10 P X   0.004 0.002 0.000 0.006 0.002 0.006 0.783 0.197 
  11 P X   0.004 0.002 0.000 0.006 0.002 0.006 0.771 0.208 
  12 S X   0.003 0.003 0.000 0.007 0.002 0.006 0.759 0.218 
  13 V X   0.003 0.004 0.000 0.007 0.003 0.006 0.747 0.228 
  14 S X   0.003 0.006 0.000 0.008 0.003 0.007 0.735 0.237 
  15 S X   0.003 0.007 0.000 0.009 0.003 0.007 0.723 0.246 
  16 S X   0.003 0.009 0.000 0.011 0.003 0.007 0.712 0.254 
  17 A X   0.004 0.010 0.000 0.012 0.004 0.008 0.701 0.261 
  18 F X   0.004 0.012 0.000 0.013 0.004 0.008 0.689 0.269 
  19 C X   0.004 0.013 0.000 0.014 0.004 0.008 0.679 0.277 
  20 S X   0.004 0.014 0.000 0.015 0.004 0.008 0.669 0.286 
  21 A X   0.004 0.015 0.000 0.014 0.004 0.008 0.661 0.294 
  22 K X   0.004 0.015 0.000 0.014 0.004 0.007 0.653 0.303 
  23 K X   0.004 0.015 0.000 0.013 0.004 0.007 0.647 0.311 
  24 L X   0.004 0.015 0.000 0.012 0.003 0.007 0.641 0.318 
  25 K X   0.004 0.015 0.000 0.011 0.003 0.006 0.636 0.325 
  26 I X   0.004 0.014 0.000 0.011 0.003 0.006 0.631 0.331 
  27 E X   0.004 0.013 0.000 0.010 0.003 0.006 0.627 0.336 
  28 P X   0.004 0.013 0.000 0.010 0.003 0.006 0.623 0.341 
  29 S X   0.004 0.012 0.000 0.010 0.002 0.006 0.620 0.346 
  30 G X   0.004 0.011 0.000 0.009 0.002 0.005 0.617 0.351 
  31 W X   0.004 0.010 0.000 0.009 0.002 0.005 0.613 0.357 
  32 D X   0.004 0.008 0.000 0.008 0.002 0.005 0.610 0.363 
  33 V X   0.003 0.007 0.000 0.007 0.002 0.004 0.607 0.369 
  34 S X   0.003 0.006 0.000 0.006 0.002 0.004 0.603 0.376 
  35 G X   0.003 0.005 0.000 0.005 0.001 0.004 0.599 0.383 
  36 Q X   0.003 0.004 0.000 0.004 0.001 0.004 0.594 0.390 
  37 S X   0.003 0.003 0.000 0.004 0.001 0.003 0.589 0.397 
  38 S X   0.003 0.003 0.000 0.004 0.001 0.003 0.582 0.404 
  39 N X   0.003 0.003 0.000 0.004 0.001 0.003 0.574 0.412 
  40 D X   0.003 0.003 0.000 0.004 0.001 0.004 0.565 0.420 
  41 K X   0.003 0.003 0.000 0.004 0.001 0.004 0.555 0.429 
  42 Y X   0.003 0.004 0.000 0.005 0.002 0.005 0.542 0.439 
  43 Y X   0.003 0.005 0.000 0.007 0.002 0.006 0.528 0.448 
  44 T X   0.003 0.007 0.000 0.009 0.003 0.007 0.513 0.458 
  45 H X   0.003 0.010 0.000 0.012 0.003 0.008 0.496 0.467 
  46 S X   0.003 0.014 0.001 0.016 0.004 0.009 0.478 0.475 
  47 K _   0.004 0.018 0.001 0.020 0.005 0.010 0.460 0.483 
  48 T _   0.004 0.022 0.001 0.024 0.005 0.010 0.443 0.491 
  49 L _   0.004 0.025 0.001 0.027 0.006 0.011 0.428 0.499 
  50 P _   0.004 0.027 0.001 0.028 0.006 0.011 0.414 0.509 
  51 A _   0.004 0.028 0.001 0.027 0.006 0.011 0.402 0.521 
  52 T _   0.004 0.028 0.001 0.025 0.005 0.010 0.391 0.535 
  53 Q _   0.004 0.027 0.001 0.022 0.005 0.009 0.382 0.550 
  54 G _   0.004 0.026 0.001 0.018 0.004 0.009 0.373 0.566 
  55 Q _   0.004 0.024 0.000 0.014 0.004 0.008 0.364 0.582 
  56 A _   0.004 0.022 0.000 0.011 0.003 0.008 0.356 0.595 
  57 N _   0.004 0.021 0.000 0.010 0.003 0.008 0.348 0.607 
  58 S _   0.004 0.020 0.000 0.009 0.003 0.008 0.340 0.617 
  59 S _   0.005 0.020 0.000 0.009 0.003 0.008 0.331 0.624 
  60 H _   0.005 0.021 0.000 0.010 0.003 0.009 0.322 0.629 
  61 Q _   0.005 0.022 0.000 0.012 0.004 0.010 0.313 0.633 
  62 V _   0.006 0.024 0.001 0.015 0.005 0.011 0.304 0.636 
  63 A _   0.006 0.025 0.001 0.018 0.006 0.012 0.294 0.638 
  64 N _   0.007 0.026 0.001 0.020 0.006 0.012 0.286 0.642 
  65 F _   0.007 0.027 0.001 0.021 0.006 0.012 0.278 0.648 
  66 N _   0.007 0.026 0.001 0.020 0.006 0.012 0.271 0.656 
  67 I _   0.007 0.025 0.001 0.018 0.006 0.012 0.265 0.667 
  68 P _   0.007 0.023 0.001 0.015 0.005 0.012 0.259 0.678 
  69 A _   0.007 0.020 0.001 0.012 0.005 0.012 0.253 0.690 
  70 Y _   0.007 0.018 0.001 0.009 0.004 0.012 0.248 0.701 
  71 D _   0.008 0.016 0.000 0.007 0.004 0.013 0.243 0.709 
  72 Q _   0.009 0.015 0.000 0.006 0.004 0.014 0.237 0.714 
  73 G _   0.010 0.016 0.000 0.006 0.004 0.016 0.231 0.717 
  74 L _   0.013 0.018 0.001 0.006 0.005 0.019 0.223 0.716 
  75 L _   0.016 0.022 0.001 0.007 0.007 0.023 0.215 0.709 
  76 L _   0.020 0.030 0.001 0.010 0.010 0.028 0.206 0.695 
  77 P _   0.024 0.046 0.001 0.014 0.015 0.034 0.195 0.672 
  78 A _   0.028 0.071 0.002 0.020 0.021 0.039 0.183 0.638 
  79 P _   0.031 0.105 0.002 0.027 0.027 0.042 0.170 0.595 
  80 A _   0.033 0.144 0.002 0.034 0.032 0.045 0.159 0.552 
  81 V _   0.034 0.180 0.002 0.042 0.034 0.045 0.149 0.514 
  82 E _   0.034 0.207 0.002 0.048 0.035 0.044 0.141 0.489 
  83 H _   0.032 0.225 0.002 0.052 0.034 0.042 0.135 0.478 
  84 I _   0.031 0.234 0.002 0.053 0.032 0.040 0.130 0.477 
  85 V _   0.029 0.238 0.002 0.052 0.029 0.037 0.127 0.487 
  86 V _   0.027 0.235 0.002 0.047 0.024 0.033 0.124 0.507 
  87 T _   0.024 0.227 0.002 0.040 0.020 0.029 0.122 0.536 
  88 A _   0.021 0.212 0.001 0.031 0.015 0.026 0.121 0.572 
  89 A _   0.018 0.194 0.001 0.023 0.012 0.022 0.120 0.609 
  90 D _   0.016 0.177 0.001 0.017 0.009 0.020 0.119 0.642 
  91 S _   0.014 0.164 0.001 0.012 0.007 0.018 0.118 0.668 
  92 S _   0.012 0.155 0.001 0.010 0.005 0.016 0.116 0.684 
  93 G _   0.011 0.151 0.001 0.009 0.005 0.015 0.115 0.694 
  94 S _   0.011 0.150 0.001 0.010 0.005 0.015 0.113 0.696 
  95 A _   0.010 0.152 0.001 0.012 0.005 0.015 0.111 0.694 
  96 A _   0.010 0.155 0.001 0.015 0.006 0.015 0.109 0.689 
  97 T _   0.010 0.158 0.001 0.018 0.007 0.015 0.107 0.683 
  98 S _   0.010 0.162 0.001 0.021 0.008 0.015 0.106 0.678 
  99 T _   0.010 0.163 0.001 0.023 0.008 0.015 0.105 0.676 
 100 F _   0.009 0.162 0.001 0.024 0.008 0.014 0.104 0.678 
 101 Q _   0.009 0.157 0.001 0.024 0.008 0.014 0.103 0.684 
 102 S _   0.009 0.150 0.001 0.022 0.007 0.013 0.103 0.695 
 103 S _   0.008 0.141 0.001 0.019 0.006 0.012 0.104 0.709 
 104 Q _   0.008 0.129 0.001 0.016 0.006 0.011 0.104 0.725 
 105 T _   0.008 0.118 0.001 0.013 0.005 0.011 0.105 0.740 
 106 L _   0.007 0.108 0.001 0.011 0.004 0.010 0.106 0.753 
 107 T _   0.007 0.100 0.000 0.010 0.004 0.010 0.106 0.762 
 108 H _   0.007 0.095 0.000 0.010 0.004 0.010 0.107 0.767 
 109 R _   0.007 0.092 0.000 0.011 0.004 0.010 0.107 0.769 
 110 S _   0.007 0.090 0.000 0.012 0.004 0.010 0.107 0.768 
 111 N _   0.008 0.090 0.001 0.014 0.005 0.011 0.108 0.765 
 112 V _   0.008 0.090 0.001 0.017 0.005 0.011 0.108 0.761 
 113 S _   0.009 0.089 0.001 0.019 0.006 0.012 0.108 0.756 
 114 L _   0.009 0.088 0.001 0.022 0.006 0.012 0.109 0.754 
 115 L _   0.009 0.085 0.001 0.023 0.006 0.012 0.110 0.755 
 116 E _   0.008 0.081 0.001 0.023 0.006 0.011 0.112 0.758 
 117 P _   0.008 0.074 0.001 0.021 0.006 0.011 0.114 0.766 
 118 Y _   0.008 0.065 0.001 0.019 0.005 0.010 0.116 0.777 
 119 Q _   0.007 0.056 0.001 0.016 0.004 0.009 0.118 0.789 
 120 K _   0.007 0.046 0.001 0.014 0.004 0.009 0.120 0.800 
 121 C _   0.007 0.038 0.000 0.012 0.003 0.008 0.122 0.811 
 122 G _   0.006 0.031 0.000 0.010 0.003 0.007 0.123 0.819 
 123 L _   0.006 0.025 0.000 0.009 0.003 0.007 0.125 0.826 
 124 K _   0.006 0.020 0.000 0.008 0.002 0.006 0.126 0.832 
 125 R _   0.005 0.017 0.000 0.007 0.002 0.006 0.126 0.835 
 126 K _   0.005 0.015 0.000 0.007 0.002 0.006 0.127 0.839 
 127 S _   0.005 0.013 0.000 0.006 0.002 0.006 0.126 0.842 
 128 E _   0.005 0.012 0.000 0.006 0.002 0.006 0.126 0.844 
 129 E _   0.004 0.012 0.000 0.006 0.002 0.006 0.125 0.846 
 130 V _   0.004 0.012 0.000 0.006 0.002 0.006 0.123 0.847 
 131 D _   0.005 0.012 0.000 0.006 0.002 0.007 0.122 0.846 
 132 S _   0.005 0.013 0.000 0.007 0.002 0.007 0.120 0.845 
 133 N _   0.005 0.015 0.000 0.009 0.003 0.008 0.118 0.842 
 134 G _   0.006 0.018 0.000 0.011 0.004 0.010 0.115 0.836 
 135 S _   0.006 0.021 0.001 0.014 0.004 0.011 0.113 0.830 
 136 V _   0.007 0.025 0.001 0.017 0.005 0.013 0.111 0.822 
 137 Q _   0.007 0.028 0.001 0.019 0.006 0.014 0.108 0.817 
 138 I _   0.007 0.030 0.001 0.021 0.007 0.015 0.106 0.813 
 139 I _   0.008 0.032 0.001 0.021 0.007 0.016 0.104 0.811 
 140 E _   0.008 0.033 0.001 0.021 0.007 0.016 0.103 0.812 
 141 E _   0.008 0.032 0.001 0.019 0.006 0.017 0.101 0.815 
 142 H _   0.009 0.032 0.001 0.016 0.006 0.018 0.100 0.819 
 143 P _   0.010 0.031 0.001 0.013 0.006 0.019 0.099 0.823 
 144 P _   0.011 0.030 0.001 0.011 0.006 0.021 0.098 0.824 
 145 L _   0.013 0.030 0.001 0.009 0.006 0.023 0.097 0.822 
 146 M _   0.017 0.031 0.001 0.008 0.006 0.026 0.095 0.816 
 147 L _   0.022 0.033 0.001 0.008 0.008 0.031 0.094 0.803 
 148 Q _   0.029 0.039 0.001 0.009 0.012 0.037 0.092 0.782 
 149 N _   0.037 0.050 0.001 0.012 0.017 0.044 0.089 0.749 
 150 R _   0.047 0.070 0.002 0.016 0.025 0.051 0.087 0.704 
 151 T _   0.056 0.103 0.002 0.022 0.034 0.057 0.084 0.643 
 152 V _   0.064 0.148 0.003 0.029 0.043 0.061 0.080 0.572 
 153 V _   0.069 0.200 0.003 0.038 0.049 0.062 0.078 0.502 
 154 G _   0.070 0.247 0.003 0.047 0.051 0.060 0.076 0.445 
 155 A _   0.070 0.280 0.003 0.056 0.051 0.058 0.076 0.407 
 156 A _   0.068 0.300 0.003 0.063 0.050 0.054 0.076 0.388 
 157 A _   0.065 0.308 0.002 0.067 0.046 0.050 0.077 0.385 
 158 T _   0.060 0.308 0.002 0.068 0.042 0.045 0.079 0.396 
 159 T _   0.053 0.299 0.002 0.065 0.036 0.040 0.083 0.421 
 160 T _   0.046 0.279 0.002 0.059 0.029 0.035 0.087 0.462 
 161 T _   0.039 0.245 0.002 0.051 0.023 0.029 0.092 0.519 
 162 V _   0.033 0.197 0.002 0.041 0.017 0.024 0.099 0.588 
 163 T _   0.027 0.141 0.002 0.030 0.012 0.020 0.105 0.663 
 164 T _   0.021 0.089 0.001 0.020 0.008 0.016 0.112 0.733 
 165 K _   0.016 0.049 0.001 0.013 0.005 0.012 0.116 0.788 
 166 S _   0.011 0.025 0.000 0.008 0.003 0.009 0.119 0.824 
 167 S _   0.008 0.012 0.000 0.005 0.002 0.007 0.121 0.845 
 168 S _   0.006 0.006 0.000 0.003 0.001 0.006 0.122 0.856 
 169 S _   0.005 0.003 0.000 0.003 0.001 0.006 0.121 0.861 
 170 S _   0.004 0.002 0.000 0.002 0.001 0.006 0.120 0.863 
 171 G _   0.005 0.002 0.000 0.003 0.001 0.008 0.119 0.863 
 172 E _   0.006 0.002 0.000 0.004 0.002 0.010 0.116 0.859 
 173 G _   0.008 0.003 0.000 0.006 0.003 0.015 0.113 0.852 
 174 D _   0.011 0.006 0.001 0.009 0.005 0.021 0.109 0.839 
 175 Y _   0.016 0.010 0.001 0.014 0.009 0.028 0.104 0.818 
 176 Q _   0.022 0.017 0.001 0.021 0.014 0.036 0.099 0.791 
 177 L _   0.028 0.023 0.001 0.029 0.020 0.044 0.093 0.761 
 178 V _   0.034 0.029 0.002 0.036 0.026 0.050 0.088 0.733 
 179 Q _   0.041 0.033 0.002 0.041 0.032 0.055 0.084 0.711 
 180 H _   0.048 0.035 0.002 0.043 0.035 0.058 0.080 0.698 
 181 E _   0.056 0.035 0.002 0.042 0.036 0.059 0.077 0.693 
 182 I _   0.063 0.032 0.002 0.037 0.036 0.059 0.075 0.696 
 183 L _   0.069 0.028 0.002 0.031 0.033 0.057 0.073 0.707 
 184 C _   0.074 0.021 0.002 0.023 0.030 0.055 0.071 0.723 
 185 S _   0.079 0.014 0.002 0.016 0.025 0.053 0.070 0.741 
 186 M _   0.083 0.008 0.001 0.011 0.021 0.050 0.069 0.757 
 187 T _   0.086 0.004 0.001 0.008 0.017 0.047 0.068 0.768 
 188 N _   0.090 0.002 0.001 0.006 0.014 0.045 0.067 0.774 
 189 S _   0.094 0.001 0.001 0.005 0.013 0.044 0.066 0.775 
 190 Y _   0.099 0.001 0.001 0.005 0.013 0.043 0.065 0.773 
 191 E _   0.103 0.001 0.001 0.005 0.013 0.043 0.065 0.769 
 192 V _   0.108 0.001 0.001 0.006 0.014 0.043 0.064 0.763 
 193 L _   0.111 0.001 0.001 0.007 0.016 0.044 0.064 0.757 
 194 E _   0.112 0.002 0.001 0.009 0.017 0.044 0.063 0.752 
 195 F _   0.111 0.002 0.001 0.010 0.019 0.043 0.063 0.751 
 196 L _   0.108 0.003 0.001 0.011 0.020 0.043 0.063 0.752 
 197 G _   0.102 0.004 0.001 0.012 0.020 0.042 0.063 0.756 
 198 R _   0.095 0.004 0.001 0.013 0.020 0.040 0.063 0.763 
 199 G _   0.087 0.005 0.001 0.014 0.019 0.038 0.064 0.772 
 200 T _   0.077 0.005 0.001 0.015 0.018 0.036 0.064 0.784 
 201 F _   0.067 0.005 0.001 0.015 0.016 0.033 0.065 0.796 
 202 G _   0.058 0.005 0.001 0.015 0.014 0.030 0.066 0.810 
 203 Q _   0.049 0.005 0.001 0.014 0.012 0.027 0.067 0.825 
 204 V _   0.041 0.005 0.001 0.012 0.010 0.025 0.068 0.839 
 205 A _   0.034 0.004 0.001 0.010 0.008 0.022 0.068 0.853 
 206 K _   0.028 0.004 0.001 0.008 0.006 0.020 0.069 0.865 
 207 C _   0.024 0.003 0.001 0.006 0.005 0.018 0.069 0.874 
 208 W _   0.021 0.003 0.001 0.006 0.005 0.017 0.069 0.879 
 209 K _   0.019 0.004 0.001 0.006 0.005 0.017 0.068 0.880 
 210 R _   0.019 0.005 0.001 0.006 0.005 0.018 0.068 0.878 
 211 S _   0.019 0.008 0.001 0.008 0.007 0.020 0.067 0.871 
 212 T _   0.020 0.013 0.001 0.012 0.009 0.021 0.067 0.857 
 213 K _   0.021 0.021 0.001 0.018 0.011 0.023 0.066 0.839 
 214 E _   0.022 0.030 0.001 0.026 0.014 0.025 0.065 0.818 
 215 I _   0.022 0.040 0.001 0.034 0.015 0.025 0.064 0.798 
 216 V _   0.022 0.047 0.001 0.040 0.016 0.025 0.064 0.784 
 217 A _   0.022 0.050 0.001 0.043 0.016 0.024 0.065 0.779 
 218 I _   0.021 0.051 0.001 0.043 0.015 0.022 0.065 0.782 
 219 K _   0.019 0.049 0.001 0.038 0.013 0.020 0.066 0.794 
 220 I _   0.017 0.043 0.001 0.031 0.010 0.017 0.068 0.812 
 221 L _   0.015 0.036 0.001 0.023 0.008 0.015 0.069 0.834 
 222 K _   0.013 0.027 0.001 0.015 0.005 0.012 0.071 0.856 
 223 N _   0.011 0.020 0.000 0.009 0.004 0.011 0.072 0.874 
 224 H _   0.009 0.015 0.000 0.005 0.003 0.010 0.072 0.886 
 225 P _   0.008 0.013 0.000 0.004 0.002 0.009 0.072 0.891 
 226 S _   0.008 0.013 0.000 0.003 0.002 0.010 0.072 0.891 
 227 Y _   0.010 0.015 0.000 0.004 0.003 0.012 0.071 0.886 
 228 A _   0.012 0.022 0.000 0.006 0.004 0.015 0.070 0.871 
 229 R _   0.014 0.038 0.001 0.011 0.007 0.019 0.068 0.842 
 230 Q _   0.017 0.074 0.001 0.019 0.012 0.023 0.065 0.790 
 231 G _   0.018 0.131 0.002 0.030 0.017 0.027 0.061 0.715 
 232 Q _   0.018 0.197 0.002 0.042 0.020 0.028 0.057 0.635 
 233 I _   0.017 0.253 0.002 0.053 0.022 0.028 0.054 0.570 
 234 E _   0.016 0.290 0.002 0.062 0.023 0.028 0.052 0.527 
 235 V _   0.015 0.311 0.002 0.068 0.022 0.027 0.051 0.505 
 236 S _   0.014 0.319 0.001 0.069 0.021 0.025 0.051 0.499 
 237 I _   0.014 0.319 0.001 0.067 0.020 0.023 0.051 0.504 
 238 L _   0.013 0.310 0.001 0.062 0.018 0.021 0.052 0.523 
 239 S _   0.013 0.289 0.002 0.053 0.015 0.019 0.054 0.556 
 240 R _   0.012 0.254 0.001 0.043 0.013 0.017 0.057 0.604 
 241 L _   0.011 0.206 0.001 0.032 0.010 0.015 0.060 0.665 
 242 S _   0.011 0.154 0.001 0.022 0.008 0.013 0.063 0.729 
 243 S _   0.009 0.111 0.001 0.015 0.005 0.011 0.066 0.782 
 244 E _   0.008 0.083 0.001 0.010 0.004 0.010 0.068 0.817 
 245 N _   0.007 0.069 0.000 0.007 0.003 0.009 0.069 0.836 
 246 A _   0.006 0.062 0.000 0.006 0.002 0.009 0.070 0.845 
 247 D _   0.006 0.059 0.000 0.006 0.002 0.009 0.070 0.847 
 248 E _   0.006 0.059 0.000 0.008 0.003 0.010 0.070 0.844 
 249 Y _   0.007 0.062 0.000 0.011 0.004 0.011 0.069 0.836 
 250 N _   0.007 0.066 0.001 0.015 0.005 0.012 0.069 0.825 
 251 F _   0.008 0.071 0.001 0.020 0.006 0.014 0.068 0.813 
 252 V _   0.008 0.075 0.001 0.025 0.007 0.015 0.067 0.803 
 253 R _   0.008 0.077 0.001 0.027 0.008 0.015 0.067 0.797 
 254 S _   0.008 0.077 0.001 0.027 0.008 0.015 0.067 0.797 
 255 Y _   0.008 0.074 0.001 0.025 0.007 0.015 0.067 0.802 
 256 E _   0.008 0.070 0.001 0.020 0.006 0.015 0.068 0.811 
 257 C _   0.008 0.064 0.001 0.015 0.005 0.015 0.068 0.823 
 258 F _   0.008 0.058 0.001 0.011 0.004 0.015 0.069 0.834 
 259 Q _   0.009 0.054 0.000 0.008 0.004 0.016 0.069 0.840 
 260 H _   0.011 0.052 0.000 0.006 0.004 0.017 0.069 0.840 
 261 K _   0.013 0.054 0.000 0.006 0.005 0.020 0.069 0.832 
 262 N _   0.017 0.060 0.001 0.009 0.008 0.024 0.068 0.814 
 263 H _   0.022 0.076 0.001 0.014 0.012 0.029 0.067 0.779 
 264 T _   0.026 0.106 0.002 0.023 0.018 0.033 0.066 0.727 
 265 C _   0.029 0.146 0.002 0.035 0.023 0.036 0.064 0.665 
 266 L _   0.031 0.182 0.002 0.047 0.026 0.037 0.064 0.611 
 267 V _   0.032 0.207 0.002 0.057 0.028 0.037 0.063 0.575 
 268 F _   0.031 0.220 0.002 0.062 0.027 0.035 0.064 0.558 
 269 E _   0.030 0.223 0.002 0.063 0.026 0.033 0.065 0.557 
 270 M _   0.028 0.220 0.002 0.060 0.024 0.030 0.067 0.569 
 271 L _   0.027 0.208 0.002 0.053 0.021 0.027 0.069 0.593 
 272 E _   0.025 0.186 0.002 0.044 0.017 0.024 0.073 0.629 
 273 Q _   0.023 0.154 0.001 0.034 0.014 0.021 0.077 0.675 
 274 N _   0.021 0.117 0.001 0.026 0.011 0.019 0.082 0.725 
 275 L _   0.019 0.081 0.001 0.019 0.008 0.016 0.086 0.770 
 276 Y _   0.016 0.053 0.001 0.014 0.006 0.014 0.090 0.807 
 277 D _   0.014 0.033 0.001 0.010 0.004 0.012 0.093 0.833 
 278 F _   0.012 0.020 0.000 0.008 0.003 0.010 0.095 0.851 
 279 L _   0.010 0.012 0.000 0.006 0.003 0.009 0.097 0.863 
 280 K _   0.009 0.007 0.000 0.005 0.002 0.008 0.098 0.871 
 281 Q _   0.008 0.004 0.000 0.004 0.002 0.007 0.098 0.877 
 282 N _   0.007 0.002 0.000 0.004 0.002 0.007 0.098 0.880 
 283 K _   0.007 0.001 0.000 0.004 0.002 0.007 0.097 0.881 
 284 F _   0.008 0.001 0.000 0.003 0.002 0.008 0.096 0.881 
 285 S _   0.010 0.001 0.000 0.004 0.002 0.010 0.095 0.879 
 286 P _   0.013 0.000 0.000 0.004 0.003 0.012 0.093 0.875 
 287 L _   0.018 0.000 0.000 0.004 0.003 0.014 0.091 0.869 
 288 P _   0.026 0.000 0.000 0.005 0.004 0.018 0.088 0.859 
 289 L _   0.037 0.000 0.001 0.005 0.005 0.023 0.085 0.844 
 290 K _   0.053 0.000 0.001 0.005 0.007 0.029 0.082 0.823 
 291 Y _   0.075 0.000 0.001 0.005 0.010 0.036 0.078 0.795 
 292 I _   0.102 0.001 0.001 0.005 0.014 0.043 0.074 0.759 
 293 R _   0.133 0.001 0.001 0.006 0.020 0.051 0.070 0.718 
 294 P _   0.166 0.001 0.002 0.007 0.028 0.059 0.066 0.672 
 295 I _   0.199 0.002 0.002 0.008 0.036 0.066 0.063 0.624 
 296 L _   0.228 0.004 0.002 0.010 0.045 0.071 0.060 0.580 
 297 Q _   0.249 0.006 0.002 0.013 0.052 0.074 0.058 0.545 
 298 Q _   0.264 0.009 0.002 0.017 0.057 0.075 0.057 0.521 
 299 V _   0.271 0.011 0.003 0.020 0.059 0.073 0.056 0.508 
 300 A _   0.270 0.012 0.003 0.022 0.057 0.070 0.056 0.511 
 301 T _   0.261 0.012 0.003 0.022 0.053 0.065 0.056 0.528 
 302 A _   0.244 0.011 0.003 0.021 0.046 0.059 0.056 0.560 
 303 L _   0.221 0.010 0.002 0.018 0.038 0.052 0.057 0.602 
 304 M _   0.193 0.008 0.002 0.014 0.029 0.046 0.058 0.650 
 305 K _   0.163 0.005 0.002 0.011 0.022 0.039 0.060 0.698 
 306 L _   0.133 0.004 0.001 0.009 0.016 0.034 0.061 0.742 
 307 K _   0.108 0.003 0.001 0.008 0.012 0.029 0.062 0.778 
 308 S _   0.086 0.002 0.001 0.008 0.009 0.025 0.063 0.807 
 309 L _   0.068 0.002 0.001 0.008 0.007 0.021 0.064 0.830 
 310 G _   0.053 0.002 0.001 0.008 0.006 0.018 0.065 0.847 
 311 L _   0.041 0.002 0.001 0.008 0.005 0.016 0.065 0.862 
 312 I _   0.033 0.001 0.001 0.008 0.005 0.014 0.066 0.873 
 313 H _   0.026 0.001 0.001 0.007 0.004 0.013 0.066 0.882 
 314 A _   0.021 0.001 0.000 0.007 0.004 0.011 0.066 0.889 
 315 D _   0.018 0.001 0.000 0.006 0.003 0.010 0.066 0.895 
 316 L _   0.015 0.001 0.000 0.006 0.003 0.010 0.065 0.899 
 317 K _   0.014 0.001 0.000 0.005 0.003 0.010 0.065 0.901 
 318 P _   0.013 0.001 0.000 0.005 0.003 0.010 0.065 0.902 
 319 E _   0.013 0.001 0.000 0.006 0.004 0.010 0.064 0.901 
 320 N _   0.013 0.002 0.000 0.007 0.004 0.011 0.064 0.899 
 321 I _   0.013 0.002 0.001 0.009 0.005 0.011 0.063 0.897 
 322 M _   0.014 0.003 0.001 0.010 0.005 0.012 0.062 0.894 
 323 L _   0.014 0.004 0.001 0.011 0.005 0.012 0.061 0.892 
 324 V _   0.013 0.004 0.001 0.012 0.005 0.012 0.061 0.892 
 325 D _   0.013 0.004 0.001 0.012 0.006 0.012 0.060 0.893 
 326 P _   0.012 0.004 0.001 0.011 0.005 0.012 0.059 0.896 
 327 V _   0.012 0.004 0.001 0.010 0.005 0.012 0.058 0.899 
 328 R _   0.011 0.004 0.001 0.009 0.005 0.012 0.057 0.902 
 329 Q _   0.011 0.004 0.001 0.008 0.004 0.012 0.056 0.904 
 330 P _   0.011 0.004 0.000 0.008 0.004 0.012 0.055 0.905 
 331 Y _   0.010 0.004 0.001 0.008 0.004 0.013 0.054 0.906 
 332 R _   0.010 0.005 0.001 0.008 0.005 0.013 0.053 0.905 
 333 V _   0.011 0.006 0.001 0.009 0.005 0.014 0.052 0.903 
 334 K _   0.011 0.007 0.001 0.009 0.005 0.016 0.051 0.901 
 335 V _   0.012 0.008 0.001 0.010 0.006 0.017 0.049 0.897 
 336 I _   0.013 0.010 0.001 0.011 0.006 0.019 0.048 0.893 
 337 D _   0.014 0.012 0.001 0.011 0.007 0.021 0.046 0.889 
 338 F _   0.015 0.014 0.001 0.012 0.008 0.023 0.044 0.884 
 339 G _   0.017 0.017 0.001 0.012 0.009 0.026 0.042 0.876 
 340 S _   0.021 0.020 0.001 0.012 0.011 0.029 0.040 0.866 
 341 A _   0.025 0.024 0.001 0.013 0.013 0.033 0.038 0.853 
 342 S _   0.030 0.029 0.001 0.015 0.016 0.037 0.036 0.836 
 343 H _   0.036 0.035 0.001 0.017 0.020 0.041 0.034 0.815 
 344 V _   0.042 0.044 0.002 0.021 0.025 0.045 0.032 0.790 
 345 S _   0.048 0.053 0.002 0.026 0.029 0.048 0.030 0.764 
 346 K _   0.053 0.061 0.002 0.032 0.033 0.050 0.028 0.741 
 347 A _   0.057 0.067 0.002 0.036 0.035 0.050 0.027 0.726 
 348 V _   0.059 0.071 0.002 0.040 0.036 0.049 0.026 0.719 
 349 C _   0.059 0.071 0.002 0.041 0.034 0.047 0.025 0.721 
 350 S _   0.058 0.068 0.002 0.039 0.031 0.044 0.024 0.733 
 351 T _   0.055 0.062 0.002 0.035 0.027 0.040 0.024 0.755 
 352 Y _   0.052 0.052 0.002 0.029 0.022 0.036 0.024 0.783 
 353 L _   0.049 0.039 0.001 0.022 0.018 0.031 0.024 0.816 
 354 Q _   0.044 0.026 0.001 0.016 0.013 0.027 0.023 0.849 
 355 S _   0.040 0.015 0.001 0.010 0.009 0.024 0.023 0.878 
 356 R _   0.037 0.007 0.001 0.007 0.007 0.021 0.023 0.897 
 357 Y _   0.036 0.003 0.001 0.005 0.005 0.019 0.022 0.909 
 358 Y _   0.037 0.002 0.001 0.004 0.005 0.018 0.021 0.913 
 359 R _   0.040 0.001 0.001 0.004 0.005 0.018 0.020 0.912 
 360 A _   0.048 0.000 0.001 0.004 0.005 0.018 0.019 0.905 
 361 P _   0.059 0.000 0.001 0.004 0.006 0.020 0.018 0.892 
 362 E _   0.076 0.000 0.001 0.005 0.007 0.021 0.017 0.873 
 363 I _   0.099 0.000 0.001 0.005 0.009 0.022 0.016 0.848 
 364 I _   0.128 0.000 0.001 0.006 0.011 0.024 0.014 0.816 
 365 L _   0.163 0.000 0.001 0.006 0.012 0.024 0.012 0.781 
 366 G _   0.203 0.000 0.001 0.005 0.013 0.025 0.011 0.742 
 367 L _   0.247 0.000 0.001 0.004 0.014 0.024 0.009 0.700 
 368 P _   0.296 0.000 0.001 0.003 0.014 0.023 0.008 0.655 
 369 F _   0.347 0.000 0.001 0.002 0.013 0.021 0.007 0.608 
 370 C _   0.401 0.000 0.001 0.001 0.012 0.019 0.005 0.560 
 371 E _   0.459 0.000 0.001 0.001 0.011 0.017 0.004 0.506 
 372 A H   0.521 0.000 0.001 0.001 0.011 0.015 0.004 0.448 
 373 I H   0.586 0.000 0.001 0.001 0.010 0.013 0.003 0.386 
 374 D H   0.652 0.000 0.001 0.001 0.010 0.012 0.002 0.322 
 375 M H   0.716 0.000 0.001 0.001 0.011 0.011 0.002 0.259 
 376 W H   0.772 0.000 0.001 0.001 0.011 0.009 0.002 0.205 
 377 S H   0.817 0.000 0.001 0.000 0.011 0.008 0.001 0.160 
 378 L H   0.848 0.000 0.001 0.000 0.012 0.008 0.001 0.130 
 379 G H   0.868 0.000 0.001 0.000 0.013 0.007 0.001 0.110 
 380 C H   0.878 0.000 0.001 0.000 0.014 0.007 0.001 0.100 
 381 V H   0.879 0.000 0.001 0.001 0.014 0.007 0.001 0.097 
 382 I H   0.871 0.000 0.001 0.001 0.015 0.007 0.002 0.104 
 383 A H   0.853 0.000 0.001 0.001 0.017 0.008 0.002 0.119 
 384 E H   0.821 0.000 0.001 0.001 0.018 0.009 0.003 0.148 
 385 L H   0.771 0.000 0.001 0.002 0.018 0.010 0.004 0.194 
 386 F H   0.700 0.000 0.002 0.002 0.018 0.011 0.006 0.261 
 387 L H   0.608 0.000 0.002 0.003 0.017 0.012 0.009 0.349 
 388 G H   0.499 0.000 0.002 0.004 0.015 0.012 0.013 0.455 
 389 W _   0.388 0.000 0.001 0.004 0.012 0.012 0.017 0.565 
 390 P _   0.285 0.000 0.001 0.005 0.009 0.012 0.022 0.666 
 391 L _   0.199 0.000 0.001 0.005 0.007 0.011 0.026 0.753 
 392 Y _   0.131 0.000 0.001 0.004 0.005 0.010 0.029 0.821 
 393 P _   0.084 0.000 0.000 0.004 0.004 0.009 0.031 0.868 
 394 G _   0.053 0.001 0.000 0.004 0.003 0.008 0.033 0.899 
 395 A _   0.033 0.001 0.000 0.004 0.002 0.008 0.034 0.917 
 396 S _   0.023 0.002 0.000 0.004 0.002 0.008 0.035 0.926 
 397 E _   0.017 0.005 0.000 0.005 0.003 0.009 0.035 0.927 
 398 Y _   0.013 0.010 0.000 0.006 0.003 0.010 0.035 0.922 
 399 D _   0.012 0.020 0.001 0.009 0.004 0.011 0.035 0.909 
 400 Q _   0.011 0.036 0.001 0.012 0.005 0.012 0.035 0.889 
 401 I _   0.010 0.058 0.001 0.015 0.006 0.013 0.034 0.862 
 402 R _   0.010 0.084 0.001 0.018 0.007 0.014 0.033 0.833 
 403 Y _   0.009 0.109 0.001 0.021 0.008 0.014 0.033 0.805 
 404 I _   0.008 0.132 0.001 0.022 0.008 0.015 0.032 0.782 
 405 S _   0.008 0.151 0.001 0.023 0.008 0.015 0.032 0.763 
 406 Q _   0.008 0.168 0.001 0.022 0.008 0.015 0.031 0.748 
 407 T _   0.008 0.182 0.001 0.022 0.008 0.015 0.031 0.734 
 408 Q _   0.008 0.195 0.001 0.021 0.008 0.015 0.031 0.722 
 409 G _   0.008 0.208 0.001 0.021 0.008 0.015 0.031 0.709 
 410 L _   0.008 0.220 0.001 0.021 0.008 0.016 0.031 0.695 
 411 P _   0.009 0.233 0.001 0.022 0.008 0.016 0.031 0.680 
 412 A _   0.009 0.247 0.001 0.023 0.009 0.017 0.031 0.663 
 413 E _   0.009 0.259 0.001 0.025 0.009 0.017 0.032 0.648 
 414 Y _   0.010 0.269 0.001 0.027 0.010 0.017 0.032 0.634 
 415 L _   0.010 0.276 0.001 0.030 0.010 0.017 0.032 0.623 
 416 L _   0.010 0.281 0.001 0.032 0.011 0.017 0.033 0.615 
 417 S _   0.010 0.282 0.001 0.034 0.011 0.017 0.034 0.611 
 418 A _   0.011 0.280 0.001 0.035 0.011 0.016 0.036 0.611 
 419 G _   0.011 0.274 0.001 0.035 0.011 0.016 0.037 0.616 
 420 T _   0.011 0.262 0.001 0.034 0.010 0.015 0.039 0.627 
 421 K _   0.011 0.243 0.001 0.032 0.010 0.015 0.042 0.646 
 422 T _   0.011 0.217 0.001 0.029 0.009 0.014 0.046 0.674 
 423 T _   0.011 0.182 0.001 0.024 0.008 0.013 0.050 0.711 
 424 R _   0.011 0.143 0.001 0.020 0.007 0.012 0.054 0.753 
 425 F _   0.010 0.105 0.001 0.015 0.005 0.011 0.058 0.794 
 426 F _   0.009 0.076 0.001 0.011 0.004 0.010 0.062 0.828 
 427 N _   0.008 0.057 0.000 0.008 0.003 0.009 0.064 0.850 
 428 R _   0.008 0.047 0.000 0.006 0.002 0.008 0.066 0.863 
 429 D _   0.007 0.042 0.000 0.005 0.002 0.008 0.068 0.869 
 430 P _   0.007 0.040 0.000 0.006 0.002 0.008 0.069 0.869 
 431 N _   0.007 0.040 0.000 0.007 0.003 0.009 0.069 0.865 
 432 L _   0.008 0.042 0.000 0.010 0.003 0.010 0.070 0.858 
 433 G _   0.008 0.045 0.000 0.013 0.004 0.010 0.070 0.849 
 434 Y _   0.008 0.049 0.001 0.017 0.005 0.011 0.070 0.840 
 435 P _   0.008 0.052 0.001 0.019 0.005 0.011 0.070 0.833 
 436 L _   0.008 0.054 0.001 0.020 0.005 0.011 0.070 0.831 
 437 W _   0.007 0.055 0.001 0.019 0.005 0.010 0.071 0.832 
 438 R _   0.007 0.054 0.001 0.017 0.004 0.010 0.071 0.837 
 439 L _   0.006 0.053 0.000 0.015 0.004 0.009 0.071 0.842 
 440 K _   0.006 0.051 0.000 0.012 0.003 0.008 0.072 0.848 
 441 T _   0.005 0.050 0.000 0.010 0.003 0.007 0.072 0.853 
 442 P _   0.005 0.049 0.000 0.008 0.002 0.007 0.072 0.856 
 443 E _   0.005 0.050 0.000 0.008 0.002 0.007 0.071 0.856 
 444 E _   0.005 0.051 0.000 0.008 0.002 0.007 0.071 0.855 
 445 H _   0.005 0.055 0.000 0.008 0.003 0.007 0.070 0.852 
 446 E _   0.005 0.059 0.000 0.009 0.003 0.008 0.069 0.846 
 447 L _   0.005 0.066 0.000 0.010 0.003 0.008 0.068 0.839 
 448 E _   0.005 0.074 0.000 0.011 0.003 0.009 0.066 0.831 
 449 T _   0.005 0.083 0.000 0.012 0.004 0.010 0.064 0.822 
 450 G _   0.005 0.094 0.001 0.013 0.004 0.011 0.062 0.810 
 451 I _   0.006 0.106 0.001 0.014 0.005 0.012 0.060 0.797 
 452 K _   0.006 0.120 0.001 0.016 0.005 0.013 0.058 0.781 
 453 S _   0.007 0.136 0.001 0.018 0.006 0.014 0.056 0.763 
 454 K _   0.007 0.154 0.001 0.020 0.008 0.016 0.054 0.741 
 455 E _   0.008 0.172 0.001 0.023 0.009 0.017 0.052 0.718 
 456 A _   0.009 0.191 0.001 0.025 0.010 0.019 0.050 0.695 
 457 R _   0.009 0.208 0.001 0.028 0.011 0.020 0.048 0.674 
 458 K _   0.010 0.222 0.001 0.031 0.012 0.020 0.047 0.657 
 459 Y _   0.010 0.233 0.001 0.033 0.012 0.021 0.046 0.644 
 460 I _   0.011 0.239 0.001 0.034 0.013 0.021 0.046 0.636 
 461 F _   0.011 0.242 0.001 0.034 0.013 0.020 0.045 0.633 
 462 N _   0.012 0.242 0.001 0.033 0.013 0.020 0.046 0.634 
 463 C _   0.012 0.238 0.001 0.032 0.012 0.020 0.046 0.638 
 464 L _   0.013 0.232 0.001 0.031 0.012 0.019 0.047 0.646 
 465 D _   0.013 0.222 0.001 0.028 0.011 0.018 0.048 0.658 
 466 D _   0.014 0.210 0.001 0.026 0.010 0.018 0.049 0.672 
 467 M _   0.014 0.195 0.001 0.024 0.010 0.017 0.051 0.689 
 468 A _   0.014 0.178 0.001 0.022 0.009 0.016 0.052 0.709 
 469 Q _   0.013 0.159 0.001 0.019 0.008 0.015 0.054 0.730 
 470 V _   0.013 0.140 0.001 0.017 0.007 0.014 0.056 0.752 
 471 N _   0.012 0.122 0.001 0.015 0.006 0.013 0.058 0.773 
 472 M _   0.011 0.106 0.001 0.013 0.005 0.012 0.060 0.792 
 473 S _   0.010 0.093 0.001 0.012 0.005 0.011 0.061 0.807 
 474 T _   0.009 0.083 0.001 0.011 0.004 0.011 0.063 0.819 
 475 D _   0.009 0.074 0.000 0.011 0.004 0.010 0.064 0.828 
 476 L _   0.008 0.068 0.000 0.011 0.004 0.010 0.065 0.834 
 477 E _   0.008 0.063 0.000 0.011 0.004 0.009 0.066 0.839 
 478 G _   0.008 0.059 0.000 0.011 0.004 0.009 0.067 0.842 
 479 T _   0.007 0.055 0.000 0.012 0.004 0.009 0.068 0.845 
 480 D _   0.007 0.052 0.000 0.012 0.004 0.009 0.068 0.849 
 481 M _   0.007 0.048 0.000 0.011 0.003 0.009 0.069 0.853 
 482 L _   0.007 0.044 0.000 0.010 0.003 0.008 0.069 0.858 
 483 A _   0.006 0.041 0.000 0.009 0.003 0.008 0.070 0.863 
 484 E _   0.006 0.038 0.000 0.008 0.003 0.008 0.070 0.867 
 485 K _   0.006 0.037 0.000 0.007 0.002 0.008 0.070 0.870 
 486 A _   0.006 0.036 0.000 0.006 0.002 0.009 0.069 0.871 
 487 D _   0.007 0.037 0.000 0.006 0.003 0.010 0.069 0.869 
 488 R _   0.007 0.039 0.000 0.007 0.003 0.012 0.068 0.862 
 489 R _   0.009 0.045 0.001 0.010 0.005 0.014 0.067 0.850 
 490 E _   0.010 0.054 0.001 0.015 0.006 0.017 0.066 0.831 
 491 Y _   0.011 0.068 0.001 0.021 0.009 0.019 0.064 0.807 
 492 I _   0.013 0.084 0.001 0.029 0.011 0.021 0.063 0.778 
 493 D _   0.014 0.098 0.001 0.037 0.014 0.023 0.061 0.752 
 494 L _   0.015 0.108 0.001 0.044 0.015 0.024 0.060 0.733 
 495 L _   0.015 0.113 0.001 0.048 0.016 0.024 0.060 0.723 
 496 K _   0.015 0.114 0.001 0.048 0.016 0.023 0.060 0.723 
 497 K _   0.015 0.110 0.001 0.045 0.014 0.022 0.061 0.731 
 498 M _   0.015 0.102 0.001 0.039 0.013 0.020 0.062 0.748 
 499 L _   0.014 0.088 0.001 0.032 0.011 0.018 0.063 0.772 
 500 T _   0.014 0.071 0.001 0.024 0.009 0.016 0.065 0.801 
 501 I _   0.013 0.053 0.001 0.018 0.007 0.015 0.067 0.827 
 502 D _   0.012 0.037 0.001 0.013 0.005 0.013 0.068 0.850 
 503 A _   0.012 0.025 0.001 0.009 0.004 0.013 0.070 0.867 
 504 D _   0.011 0.017 0.000 0.007 0.003 0.012 0.071 0.878 
 505 K _   0.011 0.013 0.000 0.006 0.003 0.012 0.072 0.883 
 506 R _   0.011 0.010 0.000 0.005 0.003 0.012 0.072 0.886 
 507 I _   0.011 0.009 0.000 0.005 0.003 0.013 0.072 0.886 
 508 T _   0.012 0.009 0.000 0.005 0.003 0.015 0.072 0.884 
 509 P _   0.014 0.009 0.000 0.005 0.004 0.017 0.071 0.879 
 510 L _   0.017 0.010 0.000 0.006 0.005 0.020 0.070 0.871 
 511 K _   0.021 0.013 0.001 0.007 0.006 0.025 0.069 0.859 
 512 T _   0.026 0.018 0.001 0.008 0.009 0.030 0.067 0.840 
 513 L _   0.032 0.028 0.001 0.011 0.014 0.037 0.066 0.811 
 514 N _   0.040 0.046 0.002 0.016 0.021 0.043 0.063 0.769 
 515 H _   0.047 0.073 0.002 0.024 0.030 0.049 0.061 0.715 
 516 Q _   0.052 0.107 0.002 0.034 0.037 0.053 0.058 0.656 
 517 F _   0.056 0.140 0.003 0.046 0.042 0.054 0.056 0.603 
 518 V _   0.057 0.165 0.003 0.057 0.044 0.053 0.055 0.567 
 519 T _   0.056 0.179 0.002 0.065 0.043 0.051 0.054 0.549 
 520 M _   0.054 0.185 0.002 0.069 0.040 0.047 0.055 0.548 
 521 T _   0.050 0.183 0.002 0.066 0.035 0.043 0.056 0.565 
 522 H _   0.045 0.172 0.002 0.059 0.030 0.037 0.057 0.597 
 523 L _   0.040 0.152 0.002 0.048 0.023 0.032 0.059 0.644 
 524 L _   0.034 0.119 0.002 0.036 0.017 0.026 0.061 0.704 
 525 D _   0.028 0.081 0.001 0.023 0.012 0.021 0.063 0.771 
 526 F _   0.022 0.047 0.001 0.014 0.007 0.017 0.065 0.827 
 527 P _   0.017 0.026 0.001 0.008 0.005 0.014 0.066 0.864 
 528 H _   0.013 0.016 0.000 0.005 0.003 0.012 0.066 0.886 
 529 S _   0.010 0.012 0.000 0.003 0.002 0.010 0.066 0.896 
 530 N _   0.009 0.010 0.000 0.003 0.002 0.010 0.065 0.900 
 531 H _   0.009 0.011 0.000 0.004 0.002 0.011 0.064 0.900 
 532 V _   0.009 0.013 0.000 0.005 0.003 0.012 0.063 0.894 
 533 K _   0.010 0.018 0.001 0.008 0.004 0.015 0.061 0.883 
 534 S _   0.012 0.027 0.001 0.012 0.006 0.018 0.058 0.867 
 535 C _   0.013 0.039 0.001 0.018 0.009 0.020 0.056 0.845 
 536 F _   0.014 0.053 0.001 0.024 0.011 0.023 0.053 0.821 
 537 Q _   0.015 0.066 0.001 0.029 0.013 0.025 0.050 0.800 
 538 N _   0.016 0.076 0.001 0.033 0.015 0.027 0.048 0.783 
 539 M _   0.018 0.083 0.001 0.036 0.017 0.028 0.046 0.771 
 540 E _   0.019 0.088 0.001 0.037 0.018 0.029 0.044 0.764 
 541 I _   0.020 0.090 0.001 0.036 0.018 0.029 0.043 0.763 
 542 C _   0.021 0.089 0.001 0.034 0.017 0.028 0.042 0.767 
 543 K _   0.022 0.087 0.001 0.031 0.016 0.027 0.042 0.773 
 544 R _   0.022 0.083 0.001 0.028 0.015 0.026 0.042 0.784 
 545 R _   0.022 0.077 0.001 0.024 0.013 0.025 0.042 0.796 
 546 V _   0.022 0.070 0.001 0.021 0.012 0.023 0.042 0.811 
 547 H _   0.021 0.062 0.001 0.018 0.010 0.022 0.042 0.825 
 548 M _   0.020 0.055 0.001 0.015 0.009 0.020 0.042 0.838 
 549 Y _   0.019 0.049 0.001 0.013 0.008 0.019 0.042 0.850 
 550 D _   0.018 0.044 0.001 0.011 0.007 0.018 0.042 0.861 
 551 T _   0.017 0.040 0.001 0.010 0.006 0.017 0.042 0.868 
 552 V _   0.016 0.037 0.001 0.010 0.006 0.016 0.042 0.874 
 553 S _   0.015 0.035 0.001 0.010 0.006 0.015 0.041 0.877 
 554 Q _   0.014 0.034 0.001 0.010 0.006 0.015 0.041 0.878 
 555 I _   0.014 0.035 0.001 0.011 0.006 0.015 0.040 0.877 
 556 K _   0.014 0.035 0.001 0.013 0.007 0.015 0.040 0.875 
 557 S _   0.013 0.036 0.001 0.015 0.007 0.015 0.040 0.874 
 558 P _   0.013 0.036 0.001 0.017 0.007 0.015 0.039 0.872 
 559 F _   0.012 0.036 0.001 0.018 0.007 0.014 0.039 0.873 
 560 T _   0.011 0.036 0.001 0.018 0.007 0.014 0.039 0.876 
 561 T _   0.011 0.034 0.001 0.017 0.006 0.013 0.038 0.880 
 562 H _   0.010 0.032 0.001 0.015 0.005 0.012 0.038 0.887 
 563 V _   0.009 0.030 0.001 0.013 0.005 0.011 0.038 0.895 
 564 A _   0.008 0.028 0.000 0.010 0.004 0.010 0.037 0.901 
 565 P _   0.008 0.026 0.000 0.009 0.004 0.010 0.037 0.907 
 566 N _   0.007 0.025 0.000 0.008 0.004 0.010 0.036 0.909 
 567 T _   0.007 0.025 0.000 0.009 0.004 0.011 0.035 0.909 
 568 S _   0.008 0.026 0.000 0.010 0.004 0.011 0.034 0.906 
 569 T _   0.008 0.028 0.001 0.012 0.005 0.013 0.033 0.900 
 570 N _   0.009 0.030 0.001 0.016 0.006 0.014 0.033 0.892 
 571 L _   0.009 0.033 0.001 0.020 0.007 0.015 0.031 0.884 
 572 T _   0.009 0.035 0.001 0.023 0.008 0.015 0.030 0.878 
 573 M _   0.009 0.035 0.001 0.025 0.008 0.016 0.030 0.876 
 574 S _   0.009 0.035 0.001 0.025 0.008 0.016 0.029 0.877 
 575 F _   0.009 0.033 0.001 0.024 0.008 0.015 0.028 0.882 
 576 S _   0.009 0.029 0.001 0.021 0.007 0.015 0.028 0.890 
 577 N _   0.009 0.024 0.001 0.018 0.007 0.015 0.027 0.899 
 578 Q _   0.010 0.019 0.001 0.014 0.006 0.015 0.027 0.908 
 579 L _   0.012 0.014 0.001 0.011 0.006 0.015 0.027 0.915 
 580 N _   0.015 0.010 0.001 0.009 0.005 0.015 0.026 0.918 
 581 T _   0.019 0.006 0.001 0.008 0.005 0.017 0.026 0.918 
 582 V _   0.026 0.004 0.001 0.007 0.006 0.018 0.026 0.912 
 583 H _   0.036 0.003 0.001 0.007 0.006 0.020 0.025 0.902 
 584 N _   0.050 0.002 0.001 0.007 0.007 0.022 0.024 0.887 
 585 Q _   0.071 0.001 0.001 0.006 0.008 0.024 0.023 0.865 
 586 A _   0.097 0.001 0.001 0.006 0.010 0.026 0.022 0.836 
 587 S _   0.131 0.000 0.001 0.005 0.011 0.029 0.021 0.801 
 588 V _   0.172 0.000 0.001 0.004 0.013 0.031 0.020 0.759 
 589 L _   0.219 0.000 0.001 0.003 0.015 0.033 0.019 0.710 
 590 A _   0.271 0.000 0.001 0.003 0.018 0.035 0.018 0.654 
 591 S _   0.328 0.000 0.001 0.003 0.021 0.036 0.017 0.594 
 592 S _   0.383 0.000 0.002 0.003 0.026 0.038 0.016 0.533 
 593 S _   0.433 0.000 0.002 0.003 0.030 0.039 0.016 0.477 
 594 T H   0.474 0.000 0.002 0.003 0.034 0.039 0.016 0.432 
 595 A H   0.502 0.000 0.002 0.004 0.037 0.038 0.016 0.400 
 596 A H   0.518 0.001 0.002 0.005 0.039 0.037 0.017 0.381 
 597 A H   0.520 0.001 0.002 0.006 0.040 0.036 0.019 0.377 
 598 A H   0.507 0.001 0.002 0.007 0.038 0.034 0.020 0.390 
 599 T H   0.479 0.001 0.002 0.008 0.035 0.032 0.023 0.421 
 600 L _   0.436 0.001 0.002 0.008 0.030 0.029 0.026 0.468 
 601 S _   0.381 0.001 0.002 0.008 0.024 0.026 0.029 0.530 
 602 L _   0.317 0.001 0.002 0.007 0.018 0.023 0.033 0.601 
 603 A _   0.249 0.001 0.001 0.006 0.012 0.019 0.036 0.676 
 604 N _   0.186 0.000 0.001 0.005 0.009 0.016 0.040 0.743 
 605 S _   0.135 0.000 0.001 0.004 0.006 0.014 0.043 0.797 
 606 D _   0.096 0.000 0.001 0.004 0.005 0.013 0.045 0.837 
 607 V _   0.068 0.000 0.000 0.004 0.004 0.011 0.047 0.865 
 608 S _   0.049 0.001 0.000 0.005 0.003 0.011 0.049 0.883 
 609 L _   0.036 0.001 0.000 0.006 0.003 0.010 0.050 0.894 
 610 L _   0.027 0.001 0.000 0.007 0.003 0.010 0.051 0.900 
 611 N _   0.020 0.002 0.000 0.008 0.004 0.010 0.052 0.904 
 612 Y _   0.016 0.002 0.000 0.009 0.004 0.010 0.053 0.906 
 613 Q _   0.014 0.003 0.000 0.009 0.004 0.009 0.053 0.907 
 614 S _   0.011 0.004 0.000 0.009 0.003 0.009 0.054 0.909 
 615 A _   0.010 0.004 0.000 0.009 0.003 0.008 0.054 0.911 
 616 L _   0.009 0.005 0.000 0.008 0.003 0.008 0.054 0.913 
 617 Y _   0.008 0.006 0.000 0.008 0.003 0.007 0.054 0.915 
 618 P _   0.007 0.007 0.000 0.007 0.003 0.007 0.053 0.916 
 619 S _   0.007 0.008 0.000 0.007 0.003 0.007 0.053 0.916 
 620 S _   0.006 0.010 0.000 0.007 0.003 0.008 0.052 0.915 
 621 A _   0.006 0.012 0.000 0.007 0.003 0.008 0.052 0.911 
 622 A _   0.006 0.017 0.000 0.008 0.003 0.009 0.051 0.906 
 623 P _   0.007 0.023 0.000 0.009 0.004 0.010 0.049 0.897 
 624 V _   0.007 0.033 0.001 0.011 0.004 0.011 0.048 0.885 
 625 P _   0.008 0.045 0.001 0.014 0.005 0.013 0.046 0.869 
 626 G _   0.008 0.059 0.001 0.016 0.006 0.014 0.044 0.851 
 627 V _   0.009 0.075 0.001 0.019 0.007 0.015 0.042 0.832 
 628 A _   0.009 0.091 0.001 0.021 0.008 0.017 0.040 0.813 
 629 Q _   0.009 0.106 0.001 0.023 0.009 0.018 0.038 0.796 
 630 Q _   0.010 0.119 0.001 0.024 0.010 0.019 0.037 0.781 
 631 G _   0.010 0.131 0.001 0.026 0.010 0.020 0.035 0.767 
 632 V _   0.011 0.141 0.001 0.027 0.011 0.021 0.034 0.754 
 633 S _   0.011 0.150 0.001 0.028 0.012 0.021 0.033 0.744 
 634 L _   0.012 0.157 0.001 0.029 0.012 0.022 0.032 0.734 
 635 Q _   0.013 0.162 0.001 0.031 0.013 0.022 0.032 0.727 
 636 P _   0.013 0.164 0.001 0.032 0.013 0.022 0.031 0.722 
 637 G _   0.014 0.165 0.001 0.033 0.013 0.022 0.031 0.720 
 638 T _   0.014 0.162 0.001 0.033 0.013 0.022 0.031 0.724 
 639 T _   0.014 0.156 0.001 0.031 0.012 0.021 0.032 0.732 
 640 Q _   0.014 0.147 0.001 0.028 0.011 0.020 0.032 0.746 
 641 I _   0.014 0.133 0.001 0.024 0.010 0.019 0.033 0.765 
 642 C _   0.014 0.117 0.001 0.019 0.009 0.018 0.034 0.789 
 643 T _   0.013 0.099 0.001 0.015 0.007 0.017 0.034 0.813 
 644 Q _   0.013 0.085 0.001 0.011 0.006 0.017 0.035 0.833 
 645 T _   0.013 0.074 0.001 0.008 0.005 0.017 0.035 0.847 
 646 D _   0.013 0.068 0.001 0.007 0.005 0.017 0.036 0.854 
 647 P _   0.014 0.066 0.001 0.007 0.005 0.019 0.036 0.854 
 648 F _   0.015 0.066 0.001 0.007 0.005 0.020 0.036 0.850 
 649 Q _   0.017 0.068 0.001 0.008 0.007 0.023 0.036 0.840 
 650 Q _   0.019 0.074 0.001 0.010 0.009 0.025 0.035 0.826 
 651 T _   0.022 0.084 0.001 0.013 0.011 0.028 0.035 0.806 
 652 F _   0.024 0.097 0.001 0.016 0.014 0.031 0.034 0.783 
 653 I _   0.026 0.112 0.001 0.020 0.016 0.033 0.034 0.757 
 654 V _   0.028 0.128 0.001 0.024 0.019 0.035 0.033 0.731 
 655 C _   0.029 0.144 0.002 0.028 0.022 0.036 0.033 0.706 
 656 P _   0.031 0.158 0.002 0.032 0.024 0.037 0.032 0.684 
 657 P _   0.032 0.168 0.002 0.036 0.025 0.037 0.032 0.668 
 658 A _   0.032 0.175 0.002 0.040 0.025 0.036 0.033 0.657 
 659 F _   0.031 0.179 0.002 0.042 0.025 0.035 0.033 0.654 
 660 Q _   0.029 0.178 0.002 0.043 0.023 0.033 0.034 0.658 
 661 T _   0.027 0.173 0.002 0.042 0.021 0.030 0.035 0.671 
 662 G _   0.024 0.164 0.001 0.038 0.018 0.027 0.036 0.692 
 663 L _   0.022 0.149 0.001 0.032 0.014 0.023 0.037 0.721 
