#TopoPred_TM8: 8-state transmembrane topology prediction results by no_profile mode 
#probabilities are in the order of H E C I L F X _, the 8 transmembrane topology types used in PDBTM 
   1 M X   0.020 0.002 0.003 0.088 0.014 0.018 0.566 0.287 
   2 L X   0.009 0.002 0.000 0.065 0.004 0.013 0.582 0.325 
   3 K X   0.004 0.002 0.000 0.046 0.002 0.011 0.584 0.351 
   4 V X   0.004 0.002 0.000 0.034 0.002 0.012 0.579 0.367 
   5 T X   0.005 0.003 0.000 0.028 0.003 0.014 0.567 0.380 
   6 V X   0.006 0.005 0.001 0.023 0.004 0.017 0.550 0.394 
   7 P X   0.008 0.008 0.001 0.020 0.004 0.019 0.532 0.408 
   8 S X   0.010 0.012 0.001 0.018 0.005 0.021 0.512 0.420 
   9 C X   0.011 0.020 0.001 0.019 0.007 0.023 0.489 0.432 
  10 S X   0.011 0.030 0.001 0.020 0.008 0.024 0.465 0.441 
  11 A _   0.011 0.044 0.001 0.022 0.011 0.026 0.438 0.447 
  12 S _   0.012 0.060 0.001 0.025 0.013 0.028 0.411 0.449 
  13 S _   0.013 0.079 0.002 0.028 0.015 0.030 0.386 0.449 
  14 C _   0.014 0.099 0.002 0.031 0.017 0.031 0.362 0.445 
  15 S _   0.015 0.119 0.002 0.033 0.019 0.032 0.340 0.440 
  16 S _   0.016 0.139 0.002 0.036 0.020 0.033 0.321 0.434 
  17 V _   0.016 0.155 0.002 0.039 0.021 0.033 0.304 0.430 
  18 T _   0.017 0.168 0.002 0.040 0.021 0.033 0.290 0.430 
  19 A _   0.017 0.177 0.002 0.040 0.021 0.032 0.278 0.433 
  20 S _   0.018 0.181 0.001 0.039 0.020 0.031 0.268 0.441 
  21 A _   0.018 0.183 0.001 0.037 0.019 0.030 0.260 0.452 
  22 A _   0.018 0.182 0.001 0.034 0.017 0.028 0.253 0.465 
  23 P _   0.018 0.179 0.001 0.031 0.016 0.026 0.248 0.481 
  24 G _   0.018 0.174 0.001 0.029 0.014 0.025 0.243 0.497 
  25 T _   0.017 0.168 0.001 0.027 0.013 0.023 0.239 0.512 
  26 A _   0.016 0.160 0.001 0.026 0.011 0.021 0.236 0.528 
  27 S _   0.016 0.152 0.001 0.025 0.010 0.019 0.233 0.544 
  28 L _   0.014 0.142 0.001 0.024 0.009 0.017 0.231 0.562 
  29 V _   0.013 0.130 0.001 0.022 0.008 0.016 0.229 0.580 
  30 P _   0.012 0.117 0.001 0.020 0.007 0.014 0.228 0.601 
  31 D _   0.011 0.102 0.001 0.018 0.006 0.012 0.227 0.623 
  32 Y _   0.010 0.087 0.001 0.015 0.005 0.011 0.226 0.647 
  33 W _   0.008 0.073 0.001 0.011 0.004 0.009 0.224 0.670 
  34 I _   0.007 0.061 0.000 0.008 0.003 0.008 0.222 0.690 
  35 D _   0.006 0.053 0.000 0.006 0.002 0.007 0.219 0.706 
  36 G _   0.005 0.048 0.000 0.005 0.002 0.006 0.216 0.718 
  37 S _   0.005 0.046 0.000 0.004 0.002 0.006 0.212 0.725 
  38 N _   0.005 0.047 0.000 0.004 0.002 0.007 0.206 0.729 
  39 R _   0.005 0.050 0.000 0.005 0.002 0.008 0.200 0.728 
  40 D _   0.006 0.060 0.000 0.008 0.004 0.011 0.191 0.720 
  41 A _   0.007 0.080 0.001 0.013 0.005 0.013 0.181 0.700 
  42 L _   0.008 0.112 0.001 0.019 0.008 0.015 0.168 0.669 
  43 S _   0.008 0.156 0.001 0.026 0.010 0.017 0.154 0.627 
  44 D _   0.008 0.203 0.001 0.032 0.011 0.018 0.140 0.586 
  45 F _   0.008 0.242 0.001 0.036 0.012 0.018 0.128 0.554 
  46 F _   0.007 0.271 0.001 0.039 0.012 0.018 0.119 0.534 
  47 E _   0.007 0.289 0.001 0.039 0.011 0.018 0.112 0.523 
  48 V _   0.007 0.300 0.001 0.037 0.011 0.018 0.106 0.520 
  49 E _   0.007 0.306 0.001 0.034 0.010 0.018 0.101 0.522 
  50 S _   0.008 0.308 0.001 0.030 0.010 0.018 0.097 0.528 
  51 E _   0.009 0.308 0.001 0.027 0.010 0.017 0.094 0.534 
  52 L _   0.009 0.306 0.001 0.025 0.009 0.017 0.092 0.540 
  53 G _   0.010 0.304 0.001 0.024 0.009 0.018 0.090 0.545 
  54 R _   0.011 0.300 0.001 0.024 0.009 0.018 0.088 0.549 
  55 G _   0.012 0.297 0.001 0.025 0.010 0.018 0.086 0.552 
  56 A _   0.012 0.292 0.001 0.027 0.010 0.017 0.085 0.555 
  57 T _   0.013 0.285 0.001 0.028 0.010 0.017 0.084 0.561 
  58 S _   0.013 0.275 0.001 0.030 0.010 0.017 0.084 0.571 
  59 I _   0.013 0.259 0.001 0.030 0.010 0.016 0.084 0.587 
  60 V _   0.013 0.235 0.001 0.029 0.010 0.015 0.085 0.612 
  61 Y _   0.013 0.203 0.001 0.027 0.009 0.014 0.086 0.648 
  62 R _   0.012 0.164 0.001 0.023 0.008 0.013 0.087 0.692 
  63 C _   0.012 0.122 0.001 0.018 0.006 0.012 0.088 0.741 
  64 K _   0.010 0.083 0.001 0.013 0.005 0.010 0.090 0.788 
  65 Q _   0.009 0.054 0.001 0.009 0.004 0.009 0.090 0.825 
  66 K _   0.007 0.037 0.000 0.006 0.003 0.008 0.090 0.849 
  67 G _   0.006 0.028 0.000 0.005 0.002 0.008 0.089 0.862 
  68 T _   0.006 0.024 0.000 0.004 0.002 0.008 0.088 0.868 
  69 Q _   0.006 0.023 0.000 0.005 0.002 0.008 0.087 0.869 
  70 K _   0.006 0.023 0.000 0.007 0.003 0.009 0.085 0.867 
  71 P _   0.007 0.025 0.000 0.010 0.004 0.011 0.082 0.861 
  72 Y _   0.007 0.028 0.001 0.015 0.005 0.012 0.079 0.853 
  73 A _   0.008 0.032 0.001 0.020 0.006 0.014 0.076 0.844 
  74 L _   0.008 0.035 0.001 0.024 0.007 0.015 0.074 0.837 
  75 K _   0.008 0.036 0.001 0.026 0.008 0.016 0.071 0.834 
  76 V _   0.008 0.036 0.001 0.025 0.008 0.016 0.069 0.836 
  77 L _   0.009 0.034 0.001 0.023 0.008 0.017 0.067 0.842 
  78 K _   0.009 0.032 0.001 0.020 0.007 0.017 0.065 0.849 
  79 K _   0.010 0.028 0.001 0.016 0.007 0.017 0.064 0.858 
  80 T _   0.011 0.024 0.001 0.012 0.006 0.018 0.063 0.864 
  81 V _   0.014 0.021 0.001 0.010 0.006 0.020 0.061 0.868 
  82 D _   0.017 0.019 0.001 0.008 0.006 0.022 0.060 0.867 
  83 K _   0.021 0.019 0.001 0.008 0.007 0.024 0.059 0.861 
  84 K _   0.025 0.019 0.001 0.009 0.009 0.027 0.058 0.851 
  85 I _   0.031 0.022 0.001 0.012 0.012 0.031 0.057 0.835 
  86 V _   0.036 0.025 0.001 0.016 0.016 0.034 0.055 0.817 
  87 R _   0.041 0.029 0.001 0.020 0.019 0.036 0.054 0.799 
  88 T _   0.044 0.033 0.001 0.025 0.022 0.038 0.053 0.783 
  89 E _   0.046 0.036 0.002 0.030 0.023 0.038 0.053 0.772 
  90 I _   0.047 0.037 0.002 0.032 0.024 0.037 0.053 0.768 
  91 G _   0.047 0.037 0.002 0.032 0.023 0.036 0.053 0.772 
  92 V _   0.045 0.034 0.002 0.030 0.020 0.033 0.053 0.783 
  93 L _   0.042 0.030 0.001 0.025 0.017 0.030 0.053 0.801 
  94 L _   0.038 0.024 0.001 0.020 0.014 0.027 0.054 0.823 
  95 R _   0.033 0.017 0.001 0.015 0.011 0.023 0.055 0.845 
  96 L _   0.028 0.011 0.001 0.010 0.008 0.020 0.056 0.866 
  97 S _   0.024 0.006 0.001 0.007 0.006 0.018 0.056 0.882 
  98 H _   0.021 0.004 0.001 0.006 0.005 0.016 0.056 0.892 
  99 P _   0.019 0.002 0.000 0.005 0.004 0.015 0.056 0.897 
 100 N _   0.019 0.002 0.000 0.005 0.004 0.015 0.056 0.898 
 101 I _   0.019 0.002 0.001 0.006 0.005 0.016 0.056 0.896 
 102 I _   0.021 0.002 0.001 0.007 0.005 0.016 0.055 0.893 
 103 K _   0.023 0.002 0.001 0.009 0.006 0.017 0.055 0.888 
 104 L _   0.025 0.002 0.001 0.010 0.007 0.018 0.054 0.883 
 105 K _   0.028 0.002 0.001 0.011 0.007 0.019 0.054 0.879 
 106 E _   0.032 0.002 0.001 0.010 0.007 0.020 0.053 0.876 
 107 I _   0.037 0.001 0.001 0.009 0.007 0.020 0.053 0.873 
 108 F _   0.045 0.001 0.001 0.007 0.006 0.021 0.052 0.868 
 109 E _   0.056 0.000 0.001 0.005 0.006 0.022 0.051 0.859 
 110 T _   0.073 0.000 0.001 0.003 0.006 0.024 0.050 0.843 
 111 P _   0.095 0.000 0.001 0.003 0.007 0.027 0.049 0.819 
 112 T _   0.126 0.000 0.001 0.002 0.008 0.031 0.047 0.784 
 113 E _   0.165 0.000 0.001 0.002 0.012 0.036 0.046 0.737 
 114 I _   0.210 0.000 0.001 0.003 0.017 0.042 0.045 0.681 
 115 S _   0.257 0.000 0.001 0.004 0.024 0.049 0.044 0.621 
 116 L _   0.301 0.001 0.002 0.005 0.032 0.054 0.043 0.561 
 117 V _   0.337 0.001 0.002 0.008 0.040 0.058 0.043 0.511 
 118 L _   0.361 0.002 0.002 0.010 0.045 0.060 0.044 0.476 
 119 E _   0.373 0.003 0.002 0.012 0.049 0.060 0.045 0.456 
 120 L _   0.375 0.003 0.002 0.013 0.050 0.059 0.047 0.451 
 121 V _   0.367 0.003 0.002 0.013 0.048 0.056 0.049 0.461 
 122 T _   0.350 0.003 0.002 0.012 0.044 0.053 0.052 0.483 
 123 G _   0.324 0.003 0.002 0.011 0.039 0.050 0.055 0.516 
 124 G _   0.293 0.002 0.002 0.010 0.034 0.046 0.059 0.554 
 125 E _   0.257 0.002 0.002 0.009 0.028 0.043 0.063 0.596 
 126 L _   0.220 0.002 0.002 0.009 0.023 0.039 0.068 0.638 
 127 F _   0.181 0.002 0.001 0.010 0.019 0.035 0.073 0.678 
 128 D _   0.146 0.002 0.001 0.012 0.016 0.032 0.077 0.713 
 129 R _   0.115 0.002 0.001 0.013 0.014 0.029 0.082 0.743 
 130 I _   0.088 0.003 0.001 0.015 0.012 0.025 0.087 0.770 
 131 V _   0.066 0.003 0.001 0.015 0.010 0.022 0.091 0.792 
 132 E _   0.049 0.003 0.001 0.015 0.008 0.018 0.095 0.812 
 133 K _   0.035 0.002 0.001 0.013 0.006 0.015 0.099 0.830 
 134 G _   0.024 0.002 0.001 0.010 0.005 0.013 0.102 0.844 
 135 Y _   0.017 0.001 0.000 0.008 0.003 0.010 0.104 0.855 
 136 Y _   0.012 0.001 0.000 0.006 0.003 0.009 0.106 0.864 
 137 S _   0.009 0.001 0.000 0.004 0.002 0.007 0.107 0.869 
 138 E _   0.007 0.000 0.000 0.003 0.002 0.007 0.108 0.872 
 139 R _   0.007 0.000 0.000 0.002 0.001 0.007 0.108 0.873 
 140 D _   0.007 0.000 0.000 0.002 0.002 0.009 0.108 0.871 
 141 A _   0.010 0.001 0.000 0.003 0.002 0.011 0.108 0.866 
 142 A _   0.014 0.002 0.000 0.004 0.003 0.016 0.107 0.856 
 143 D _   0.020 0.004 0.001 0.006 0.005 0.022 0.105 0.837 
 144 A _   0.029 0.010 0.001 0.009 0.010 0.030 0.103 0.808 
 145 V _   0.040 0.022 0.001 0.015 0.017 0.039 0.100 0.766 
 146 K _   0.050 0.039 0.002 0.023 0.025 0.048 0.097 0.715 
 147 Q _   0.061 0.058 0.002 0.032 0.033 0.055 0.095 0.664 
 148 I _   0.069 0.075 0.002 0.040 0.040 0.060 0.093 0.622 
 149 L _   0.076 0.086 0.002 0.045 0.044 0.061 0.092 0.593 
 150 E _   0.080 0.093 0.002 0.048 0.045 0.061 0.091 0.579 
 151 A _   0.082 0.096 0.002 0.047 0.044 0.059 0.092 0.577 
 152 V _   0.082 0.096 0.002 0.044 0.041 0.056 0.093 0.586 
 153 A _   0.079 0.092 0.002 0.040 0.036 0.051 0.095 0.605 
 154 Y _   0.075 0.084 0.002 0.035 0.031 0.046 0.098 0.630 
 155 L _   0.068 0.075 0.002 0.030 0.025 0.040 0.101 0.659 
 156 H _   0.061 0.063 0.002 0.025 0.020 0.035 0.104 0.690 
 157 E _   0.053 0.052 0.001 0.021 0.015 0.030 0.108 0.720 
 158 N _   0.045 0.040 0.001 0.018 0.011 0.025 0.111 0.749 
 159 G _   0.037 0.030 0.001 0.015 0.008 0.021 0.115 0.774 
 160 I _   0.030 0.021 0.001 0.012 0.006 0.017 0.117 0.796 
 161 V _   0.024 0.015 0.001 0.009 0.005 0.014 0.120 0.814 
 162 H _   0.019 0.010 0.000 0.007 0.003 0.011 0.121 0.828 
 163 R _   0.015 0.006 0.000 0.006 0.003 0.010 0.122 0.838 
 164 D _   0.012 0.004 0.000 0.005 0.002 0.008 0.123 0.846 
 165 L _   0.010 0.003 0.000 0.004 0.002 0.007 0.123 0.850 
 166 K _   0.008 0.003 0.000 0.005 0.002 0.007 0.122 0.852 
 167 P _   0.008 0.003 0.000 0.005 0.002 0.007 0.122 0.853 
 168 E _   0.007 0.003 0.000 0.006 0.002 0.007 0.121 0.853 
 169 N _   0.007 0.003 0.000 0.008 0.003 0.007 0.120 0.852 
 170 L _   0.007 0.004 0.000 0.009 0.003 0.008 0.118 0.851 
 171 L _   0.007 0.004 0.000 0.010 0.003 0.008 0.116 0.851 
 172 Y _   0.006 0.005 0.000 0.011 0.003 0.007 0.115 0.853 
 173 A _   0.006 0.005 0.000 0.011 0.003 0.007 0.113 0.855 
 174 T _   0.005 0.005 0.000 0.010 0.003 0.007 0.111 0.859 
 175 P _   0.005 0.005 0.000 0.008 0.003 0.007 0.109 0.864 
 176 A _   0.005 0.004 0.000 0.007 0.002 0.007 0.106 0.868 
 177 P _   0.005 0.004 0.000 0.006 0.002 0.007 0.104 0.872 
 178 D _   0.005 0.005 0.000 0.006 0.002 0.007 0.101 0.874 
 179 A _   0.005 0.005 0.000 0.006 0.002 0.008 0.098 0.874 
 180 P _   0.006 0.006 0.000 0.007 0.003 0.009 0.095 0.874 
 181 L _   0.006 0.008 0.000 0.009 0.003 0.011 0.091 0.871 
 182 K _   0.007 0.010 0.001 0.011 0.004 0.013 0.088 0.867 
 183 I _   0.008 0.012 0.001 0.013 0.005 0.015 0.084 0.862 
 184 A _   0.009 0.015 0.001 0.016 0.006 0.018 0.079 0.856 
 185 D _   0.010 0.018 0.001 0.017 0.008 0.020 0.075 0.851 
 186 F _   0.012 0.020 0.001 0.019 0.009 0.023 0.071 0.846 
 187 G _   0.014 0.021 0.001 0.019 0.010 0.026 0.067 0.841 
 188 L _   0.016 0.023 0.001 0.019 0.012 0.029 0.064 0.836 
 189 S _   0.020 0.023 0.001 0.019 0.013 0.033 0.060 0.831 
 190 K _   0.023 0.024 0.001 0.019 0.015 0.036 0.057 0.825 
 191 I _   0.028 0.024 0.001 0.019 0.017 0.039 0.054 0.819 
 192 V _   0.033 0.025 0.001 0.019 0.019 0.042 0.051 0.810 
 193 E _   0.039 0.026 0.001 0.020 0.021 0.044 0.048 0.801 
 194 H _   0.045 0.027 0.001 0.021 0.023 0.046 0.046 0.792 
 195 Q _   0.050 0.027 0.002 0.022 0.025 0.047 0.043 0.784 
 196 V _   0.054 0.027 0.002 0.024 0.027 0.047 0.042 0.779 
 197 L _   0.056 0.027 0.002 0.024 0.027 0.046 0.040 0.778 
 198 M _   0.057 0.026 0.002 0.024 0.026 0.044 0.039 0.782 
 199 K _   0.057 0.024 0.002 0.023 0.024 0.041 0.038 0.792 
 200 T _   0.055 0.020 0.002 0.021 0.021 0.038 0.037 0.806 
 201 V _   0.051 0.017 0.001 0.018 0.018 0.035 0.036 0.824 
 202 C _   0.047 0.013 0.001 0.015 0.015 0.031 0.035 0.843 
 203 G _   0.042 0.009 0.001 0.012 0.012 0.028 0.035 0.862 
 204 T _   0.037 0.006 0.001 0.009 0.009 0.025 0.034 0.878 
 205 P _   0.033 0.004 0.001 0.007 0.008 0.023 0.033 0.890 
 206 G _   0.029 0.003 0.001 0.006 0.007 0.021 0.032 0.900 
 207 Y _   0.027 0.002 0.001 0.006 0.006 0.020 0.031 0.906 
 208 C _   0.025 0.002 0.001 0.007 0.006 0.020 0.030 0.909 
 209 A _   0.024 0.002 0.001 0.008 0.007 0.020 0.029 0.909 
 210 P _   0.024 0.003 0.001 0.010 0.008 0.020 0.028 0.907 
 211 E _   0.025 0.003 0.001 0.012 0.009 0.020 0.027 0.904 
 212 I _   0.026 0.004 0.001 0.014 0.009 0.021 0.025 0.901 
 213 L _   0.027 0.004 0.001 0.016 0.010 0.020 0.024 0.898 
 214 R _   0.030 0.004 0.001 0.016 0.010 0.020 0.022 0.898 
 215 G _   0.034 0.003 0.001 0.014 0.009 0.018 0.021 0.899 
 216 C _   0.040 0.002 0.001 0.012 0.008 0.017 0.020 0.900 
 217 A _   0.049 0.002 0.001 0.009 0.007 0.016 0.018 0.899 
 218 Y _   0.063 0.001 0.001 0.006 0.006 0.015 0.017 0.892 
 219 G _   0.086 0.000 0.001 0.003 0.005 0.014 0.015 0.876 
 220 P _   0.119 0.000 0.001 0.002 0.005 0.013 0.014 0.847 
 221 E _   0.167 0.000 0.001 0.001 0.005 0.013 0.012 0.801 
 222 V _   0.235 0.000 0.001 0.001 0.006 0.013 0.010 0.734 
 223 D _   0.325 0.000 0.001 0.001 0.007 0.013 0.008 0.645 
 224 M _   0.437 0.000 0.001 0.001 0.009 0.014 0.006 0.531 
 225 W H   0.558 0.000 0.001 0.001 0.012 0.014 0.005 0.410 
 226 S H   0.666 0.000 0.001 0.001 0.014 0.014 0.003 0.300 
 227 V H   0.751 0.000 0.001 0.001 0.016 0.013 0.003 0.215 
 228 G H   0.810 0.000 0.001 0.001 0.018 0.012 0.002 0.156 
 229 I H   0.849 0.000 0.001 0.001 0.019 0.011 0.002 0.117 
 230 I H   0.870 0.000 0.001 0.001 0.020 0.010 0.002 0.096 
 231 T H   0.877 0.000 0.001 0.001 0.021 0.010 0.002 0.088 
 232 Y H   0.872 0.000 0.001 0.001 0.022 0.010 0.002 0.091 
 233 I H   0.855 0.000 0.001 0.001 0.024 0.010 0.003 0.107 
 234 L H   0.820 0.000 0.002 0.002 0.025 0.011 0.004 0.138 
 235 L H   0.762 0.000 0.002 0.002 0.025 0.011 0.005 0.193 
 236 C H   0.677 0.000 0.002 0.003 0.023 0.012 0.008 0.275 
 237 G H   0.570 0.000 0.002 0.004 0.019 0.012 0.011 0.382 
 238 F _   0.449 0.000 0.002 0.004 0.015 0.012 0.015 0.503 
 239 E _   0.327 0.000 0.001 0.004 0.010 0.011 0.020 0.626 
 240 P _   0.221 0.000 0.001 0.003 0.007 0.010 0.024 0.734 
 241 F _   0.138 0.000 0.001 0.003 0.004 0.009 0.027 0.818 
 242 Y _   0.083 0.000 0.000 0.002 0.003 0.008 0.030 0.873 
 243 D _   0.050 0.000 0.000 0.002 0.002 0.008 0.031 0.906 
 244 E _   0.032 0.000 0.000 0.002 0.002 0.009 0.033 0.922 
 245 R _   0.024 0.001 0.000 0.003 0.002 0.011 0.034 0.926 
 246 G _   0.021 0.003 0.000 0.004 0.003 0.014 0.034 0.920 
 247 D _   0.021 0.010 0.001 0.007 0.006 0.018 0.034 0.903 
 248 Q _   0.022 0.027 0.001 0.014 0.009 0.023 0.034 0.870 
 249 F _   0.023 0.056 0.001 0.022 0.014 0.028 0.034 0.821 
 250 M _   0.024 0.092 0.002 0.031 0.018 0.031 0.034 0.768 
 251 F _   0.024 0.123 0.002 0.040 0.022 0.033 0.033 0.723 
 252 R _   0.024 0.146 0.002 0.046 0.024 0.035 0.033 0.690 
 253 R _   0.024 0.161 0.002 0.049 0.025 0.035 0.034 0.670 
 254 I _   0.025 0.169 0.002 0.050 0.026 0.035 0.034 0.661 
 255 L _   0.025 0.171 0.002 0.048 0.025 0.034 0.035 0.659 
 256 N _   0.025 0.170 0.002 0.045 0.024 0.033 0.037 0.665 
 257 C _   0.025 0.164 0.002 0.041 0.022 0.031 0.039 0.677 
 258 E _   0.024 0.155 0.002 0.036 0.020 0.029 0.041 0.693 
 259 Y _   0.023 0.143 0.001 0.032 0.017 0.027 0.043 0.712 
 260 Y _   0.022 0.130 0.001 0.028 0.015 0.025 0.046 0.734 
 261 F _   0.020 0.115 0.001 0.024 0.012 0.022 0.049 0.756 
 262 I _   0.018 0.100 0.001 0.021 0.010 0.020 0.052 0.778 
 263 S _   0.016 0.085 0.001 0.018 0.008 0.018 0.055 0.799 
 264 P _   0.014 0.072 0.001 0.015 0.007 0.016 0.057 0.818 
 265 W _   0.013 0.061 0.001 0.013 0.006 0.014 0.060 0.834 
 266 W _   0.011 0.051 0.001 0.010 0.005 0.012 0.061 0.848 
 267 D _   0.010 0.044 0.001 0.009 0.004 0.011 0.063 0.859 
 268 E _   0.009 0.039 0.000 0.007 0.003 0.011 0.064 0.866 
 269 V _   0.008 0.036 0.000 0.006 0.003 0.010 0.065 0.870 
 270 S _   0.008 0.035 0.000 0.006 0.003 0.011 0.066 0.870 
 271 L _   0.008 0.036 0.000 0.007 0.003 0.011 0.067 0.867 
 272 N _   0.009 0.038 0.000 0.009 0.004 0.012 0.067 0.861 
 273 A _   0.010 0.042 0.001 0.011 0.005 0.014 0.067 0.849 
 274 K _   0.011 0.048 0.001 0.016 0.007 0.015 0.067 0.835 
 275 D _   0.012 0.055 0.001 0.021 0.009 0.017 0.068 0.818 
 276 L _   0.013 0.061 0.001 0.026 0.010 0.018 0.068 0.802 
 277 V _   0.014 0.066 0.001 0.031 0.011 0.019 0.069 0.790 
 278 R _   0.015 0.068 0.001 0.033 0.012 0.019 0.070 0.782 
 279 K _   0.015 0.068 0.001 0.033 0.011 0.018 0.072 0.782 
 280 L _   0.014 0.065 0.001 0.031 0.010 0.017 0.074 0.787 
 281 I _   0.014 0.059 0.001 0.026 0.009 0.016 0.077 0.799 
 282 V _   0.013 0.051 0.001 0.020 0.007 0.015 0.080 0.814 
 283 L _   0.012 0.042 0.001 0.014 0.006 0.013 0.082 0.830 
 284 D _   0.012 0.034 0.001 0.010 0.004 0.012 0.085 0.843 
 285 P _   0.011 0.028 0.000 0.007 0.004 0.012 0.087 0.852 
 286 K _   0.011 0.025 0.000 0.005 0.003 0.012 0.089 0.855 
 287 K _   0.011 0.024 0.000 0.005 0.003 0.012 0.091 0.853 
 288 R _   0.012 0.025 0.000 0.006 0.004 0.013 0.092 0.848 
 289 L _   0.013 0.028 0.001 0.008 0.005 0.014 0.093 0.839 
 290 T _   0.013 0.033 0.001 0.011 0.006 0.016 0.094 0.827 
 291 T _   0.014 0.039 0.001 0.014 0.007 0.017 0.096 0.813 
 292 F _   0.014 0.046 0.001 0.017 0.008 0.017 0.097 0.800 
 293 Q _   0.014 0.052 0.001 0.019 0.009 0.018 0.098 0.789 
 294 A _   0.013 0.057 0.001 0.020 0.009 0.018 0.100 0.782 
 295 L _   0.013 0.060 0.001 0.020 0.009 0.018 0.101 0.778 
 296 Q _   0.012 0.062 0.001 0.019 0.008 0.017 0.103 0.777 
 297 H _   0.012 0.063 0.001 0.017 0.008 0.017 0.105 0.776 
 298 P _   0.012 0.064 0.001 0.016 0.008 0.017 0.108 0.774 
 299 W _   0.013 0.065 0.001 0.016 0.008 0.017 0.110 0.770 
 300 V _   0.013 0.066 0.001 0.017 0.008 0.018 0.113 0.765 
 301 T _   0.014 0.067 0.001 0.018 0.009 0.018 0.116 0.758 
 302 G _   0.014 0.069 0.001 0.019 0.009 0.018 0.120 0.750 
 303 K _   0.015 0.070 0.001 0.021 0.010 0.018 0.123 0.743 
 304 A _   0.015 0.070 0.001 0.023 0.010 0.018 0.127 0.737 
 305 A _   0.014 0.069 0.001 0.024 0.010 0.017 0.132 0.733 
 306 N _   0.014 0.067 0.001 0.024 0.009 0.017 0.137 0.731 
 307 F _   0.013 0.063 0.001 0.024 0.009 0.015 0.143 0.732 
 308 V _   0.013 0.057 0.001 0.022 0.008 0.014 0.149 0.736 
 309 H _   0.012 0.050 0.001 0.020 0.007 0.013 0.156 0.741 
 310 M _   0.011 0.042 0.001 0.017 0.006 0.012 0.163 0.748 
 311 D _   0.010 0.033 0.001 0.014 0.005 0.011 0.170 0.756 
 312 T _   0.009 0.025 0.001 0.012 0.004 0.009 0.177 0.763 
 313 A _   0.008 0.018 0.000 0.009 0.003 0.008 0.184 0.769 
 314 Q _   0.007 0.012 0.000 0.008 0.003 0.008 0.190 0.772 
 315 K _   0.007 0.008 0.000 0.006 0.002 0.007 0.195 0.774 
 316 K _   0.006 0.006 0.000 0.005 0.002 0.007 0.199 0.775 
 317 L _   0.006 0.004 0.000 0.005 0.002 0.007 0.203 0.774 
 318 Q _   0.005 0.003 0.000 0.004 0.002 0.007 0.205 0.773 
 319 E _   0.006 0.002 0.000 0.004 0.002 0.007 0.208 0.770 
 320 F _   0.006 0.002 0.000 0.004 0.002 0.008 0.210 0.767 
 321 N _   0.007 0.002 0.000 0.004 0.002 0.010 0.211 0.763 
 322 A _   0.009 0.002 0.000 0.005 0.003 0.012 0.212 0.757 
 323 R _   0.012 0.003 0.000 0.005 0.003 0.016 0.213 0.749 
 324 R _   0.016 0.004 0.000 0.005 0.005 0.020 0.213 0.736 
 325 K _   0.023 0.006 0.001 0.007 0.007 0.026 0.213 0.718 
 326 L _   0.033 0.010 0.001 0.009 0.011 0.033 0.213 0.691 
 327 K _   0.045 0.016 0.001 0.012 0.017 0.041 0.213 0.655 
 328 A _   0.057 0.026 0.002 0.016 0.025 0.049 0.213 0.613 
 329 A _   0.070 0.040 0.002 0.021 0.033 0.055 0.213 0.565 
 330 V _   0.081 0.055 0.002 0.028 0.040 0.059 0.215 0.520 
 331 K _   0.088 0.068 0.002 0.034 0.045 0.061 0.217 0.484 
 332 A _   0.092 0.078 0.002 0.039 0.048 0.060 0.221 0.459 
 333 V _   0.093 0.083 0.002 0.043 0.047 0.058 0.227 0.446 
 334 V _   0.090 0.085 0.002 0.044 0.045 0.054 0.234 0.445 
 335 A _   0.084 0.084 0.002 0.043 0.040 0.050 0.243 0.455 
 336 S _   0.076 0.078 0.002 0.038 0.034 0.044 0.253 0.476 
 337 S _   0.065 0.068 0.002 0.032 0.026 0.038 0.264 0.504 
 338 R _   0.055 0.056 0.002 0.025 0.019 0.031 0.277 0.535 
 339 L _   0.044 0.042 0.001 0.019 0.013 0.026 0.289 0.566 
 340 G _   0.034 0.031 0.001 0.013 0.009 0.021 0.300 0.592 
 341 S _   0.026 0.022 0.001 0.010 0.006 0.017 0.310 0.610 
 342 A _   0.019 0.016 0.001 0.007 0.004 0.014 0.318 0.620 
 343 S _   0.015 0.013 0.000 0.006 0.003 0.011 0.325 0.625 
 344 S _   0.012 0.011 0.000 0.006 0.003 0.010 0.332 0.626 
 345 S _   0.009 0.010 0.000 0.007 0.003 0.009 0.337 0.624 
 346 H _   0.008 0.010 0.000 0.008 0.003 0.009 0.342 0.620 
 347 G _   0.007 0.010 0.000 0.009 0.003 0.008 0.347 0.615 
 348 S _   0.007 0.010 0.000 0.010 0.003 0.008 0.352 0.609 
 349 I _   0.006 0.010 0.000 0.012 0.003 0.008 0.357 0.603 
 350 Q _   0.006 0.010 0.000 0.012 0.003 0.008 0.362 0.597 
 351 E _   0.006 0.009 0.000 0.013 0.003 0.008 0.368 0.593 
 352 S _   0.006 0.009 0.000 0.012 0.003 0.007 0.374 0.589 
 353 H _   0.005 0.008 0.000 0.011 0.003 0.007 0.380 0.586 
 354 K _   0.005 0.007 0.000 0.010 0.003 0.006 0.386 0.583 
 355 A _   0.005 0.006 0.000 0.009 0.002 0.006 0.392 0.580 
 356 S _   0.005 0.005 0.000 0.007 0.002 0.005 0.398 0.578 
 357 R _   0.005 0.004 0.000 0.006 0.002 0.005 0.403 0.575 
 358 D _   0.004 0.003 0.000 0.005 0.001 0.004 0.408 0.573 
 359 P _   0.004 0.003 0.000 0.005 0.001 0.004 0.411 0.572 
 360 S _   0.004 0.002 0.000 0.004 0.001 0.004 0.414 0.570 
 361 P _   0.004 0.002 0.000 0.004 0.001 0.004 0.416 0.570 
 362 I _   0.004 0.002 0.000 0.004 0.001 0.004 0.416 0.569 
 363 Q _   0.003 0.002 0.000 0.004 0.001 0.004 0.416 0.570 
 364 D _   0.003 0.003 0.000 0.004 0.001 0.004 0.415 0.570 
 365 G _   0.003 0.003 0.000 0.004 0.001 0.004 0.413 0.571 
 366 N _   0.003 0.004 0.000 0.005 0.001 0.004 0.410 0.572 
 367 E _   0.003 0.006 0.000 0.006 0.002 0.005 0.406 0.572 
 368 D _   0.003 0.008 0.000 0.007 0.002 0.005 0.402 0.572 
 369 M _   0.003 0.011 0.000 0.008 0.002 0.006 0.397 0.572 
 370 K _   0.004 0.014 0.000 0.010 0.002 0.006 0.391 0.572 
 371 A _   0.004 0.018 0.000 0.011 0.003 0.006 0.386 0.572 
 372 I _   0.003 0.021 0.000 0.012 0.003 0.006 0.380 0.574 
 373 P _   0.003 0.024 0.000 0.012 0.003 0.006 0.374 0.577 
 374 E _   0.003 0.027 0.000 0.012 0.003 0.006 0.368 0.580 
 375 G _   0.003 0.029 0.000 0.011 0.002 0.006 0.362 0.585 
 376 E _   0.003 0.032 0.000 0.010 0.002 0.006 0.357 0.590 
 377 K _   0.003 0.034 0.000 0.008 0.002 0.006 0.352 0.595 
 378 I _   0.003 0.036 0.000 0.008 0.002 0.006 0.346 0.599 
 379 Q _   0.003 0.040 0.000 0.008 0.002 0.006 0.340 0.600 
 380 G _   0.003 0.046 0.000 0.008 0.002 0.007 0.333 0.600 
 381 D _   0.004 0.054 0.000 0.010 0.003 0.008 0.325 0.595 
 382 G _   0.004 0.066 0.001 0.012 0.004 0.010 0.317 0.587 
 383 A _   0.005 0.082 0.001 0.014 0.005 0.011 0.308 0.574 
 384 Q _   0.005 0.101 0.001 0.017 0.006 0.012 0.299 0.558 
 385 A _   0.006 0.121 0.001 0.020 0.007 0.013 0.291 0.541 
 386 A _   0.006 0.139 0.001 0.023 0.007 0.014 0.283 0.526 
 387 V _   0.006 0.155 0.001 0.025 0.008 0.015 0.276 0.514 
 388 K _   0.006 0.167 0.001 0.027 0.009 0.015 0.271 0.504 
 389 G _   0.007 0.176 0.001 0.028 0.009 0.016 0.266 0.497 
 390 A _   0.007 0.182 0.001 0.029 0.009 0.016 0.263 0.493 
 391 Q _   0.008 0.186 0.001 0.029 0.009 0.016 0.260 0.491 
 392 A _   0.008 0.187 0.001 0.029 0.009 0.016 0.259 0.492 
 393 E _   0.008 0.186 0.001 0.028 0.009 0.016 0.258 0.494 
 394 L _   0.009 0.182 0.001 0.028 0.009 0.015 0.258 0.498 
 395 M _   0.009 0.177 0.001 0.027 0.009 0.015 0.259 0.504 
 396 K _   0.009 0.169 0.001 0.026 0.008 0.014 0.261 0.512 
 397 V _   0.009 0.158 0.001 0.025 0.008 0.013 0.263 0.523 
 398 Q _   0.009 0.145 0.001 0.023 0.007 0.013 0.266 0.536 
 399 A _   0.009 0.128 0.001 0.021 0.007 0.012 0.270 0.553 
 400 L _   0.009 0.109 0.001 0.019 0.006 0.011 0.274 0.571 
 401 E _   0.009 0.089 0.001 0.016 0.005 0.010 0.278 0.592 
 402 K _   0.008 0.070 0.001 0.013 0.004 0.009 0.283 0.612 
 403 V _   0.008 0.053 0.000 0.010 0.003 0.008 0.287 0.630 
 404 K _   0.007 0.040 0.000 0.008 0.003 0.007 0.291 0.644 
 405 G _   0.006 0.031 0.000 0.007 0.002 0.006 0.293 0.654 
 406 A _   0.005 0.025 0.000 0.006 0.002 0.006 0.295 0.661 
 407 D _   0.005 0.022 0.000 0.005 0.002 0.005 0.296 0.665 
 408 I _   0.005 0.019 0.000 0.005 0.002 0.005 0.297 0.667 
 409 N _   0.005 0.018 0.000 0.005 0.002 0.005 0.297 0.669 
 410 A _   0.004 0.018 0.000 0.005 0.002 0.005 0.296 0.669 
 411 E _   0.004 0.019 0.000 0.006 0.002 0.005 0.295 0.669 
 412 E _   0.004 0.020 0.000 0.006 0.002 0.006 0.293 0.669 
 413 A _   0.004 0.021 0.000 0.007 0.002 0.006 0.292 0.668 
 414 P _   0.004 0.023 0.000 0.008 0.002 0.006 0.289 0.667 
 415 K _   0.004 0.025 0.000 0.009 0.003 0.006 0.287 0.665 
 416 M _   0.004 0.028 0.000 0.010 0.003 0.007 0.285 0.664 
 417 V _   0.004 0.031 0.000 0.010 0.003 0.007 0.283 0.662 
 418 P _   0.004 0.034 0.000 0.011 0.003 0.007 0.281 0.660 
 419 K _   0.004 0.036 0.000 0.011 0.003 0.007 0.279 0.658 
 420 A _   0.004 0.039 0.000 0.011 0.003 0.007 0.278 0.656 
 421 V _   0.004 0.042 0.000 0.011 0.003 0.007 0.277 0.655 
 422 E _   0.004 0.045 0.000 0.011 0.003 0.007 0.275 0.653 
 423 D _   0.004 0.048 0.000 0.011 0.003 0.008 0.274 0.651 
 424 G _   0.005 0.051 0.000 0.011 0.003 0.008 0.273 0.648 
 425 I _   0.005 0.055 0.000 0.012 0.003 0.008 0.273 0.644 
 426 K _   0.005 0.059 0.000 0.013 0.004 0.008 0.272 0.640 
 427 V _   0.005 0.062 0.000 0.013 0.004 0.008 0.271 0.635 
 428 A _   0.005 0.066 0.000 0.014 0.004 0.009 0.271 0.631 
 429 D _   0.005 0.069 0.000 0.015 0.004 0.009 0.271 0.627 
 430 L _   0.005 0.071 0.000 0.015 0.004 0.009 0.272 0.624 
 431 E _   0.005 0.073 0.000 0.015 0.004 0.009 0.273 0.621 
 432 L _   0.005 0.073 0.000 0.014 0.004 0.008 0.274 0.621 
 433 E _   0.005 0.074 0.000 0.013 0.004 0.008 0.275 0.621 
 434 E _   0.005 0.073 0.000 0.012 0.003 0.008 0.277 0.621 
 435 G _   0.005 0.073 0.000 0.011 0.003 0.007 0.279 0.622 
 436 L _   0.005 0.073 0.000 0.010 0.003 0.007 0.281 0.621 
 437 A _   0.005 0.073 0.000 0.009 0.003 0.007 0.283 0.621 
 438 E _   0.005 0.073 0.000 0.008 0.003 0.007 0.285 0.619 
 439 E _   0.005 0.075 0.000 0.008 0.003 0.007 0.286 0.616 
 440 K _   0.005 0.077 0.000 0.009 0.003 0.007 0.288 0.611 
 441 L _   0.005 0.081 0.000 0.010 0.003 0.008 0.289 0.604 
 442 K _   0.005 0.086 0.000 0.011 0.004 0.008 0.291 0.595 
 443 T _   0.005 0.092 0.000 0.014 0.004 0.009 0.293 0.584 
 444 V _   0.005 0.098 0.001 0.016 0.004 0.009 0.294 0.573 
 445 E _   0.005 0.104 0.001 0.018 0.005 0.009 0.297 0.562 
 446 E _   0.005 0.108 0.001 0.019 0.005 0.009 0.300 0.553 
 447 A _   0.005 0.111 0.001 0.019 0.005 0.009 0.303 0.548 
 448 A _   0.005 0.112 0.001 0.018 0.004 0.008 0.307 0.545 
 449 A _   0.005 0.112 0.000 0.016 0.004 0.008 0.312 0.544 
 450 P _   0.004 0.110 0.000 0.013 0.003 0.007 0.316 0.545 
 451 R _   0.004 0.109 0.000 0.011 0.003 0.007 0.321 0.545 
 452 E _   0.004 0.107 0.000 0.009 0.003 0.007 0.326 0.544 
 453 G _   0.004 0.107 0.000 0.008 0.003 0.007 0.331 0.540 
 454 Q _   0.004 0.108 0.000 0.008 0.003 0.008 0.335 0.533 
 455 G _   0.005 0.112 0.000 0.009 0.003 0.009 0.340 0.522 
 456 S _   0.005 0.119 0.000 0.011 0.004 0.011 0.344 0.506 
 457 S _   0.006 0.128 0.001 0.015 0.005 0.012 0.348 0.485 
 458 A _   0.007 0.141 0.001 0.020 0.006 0.013 0.353 0.459 
 459 V _   0.007 0.154 0.001 0.026 0.008 0.014 0.358 0.433 
 460 G _   0.007 0.166 0.001 0.031 0.009 0.015 0.363 0.408 
 461 F _   0.007 0.174 0.001 0.035 0.009 0.016 0.370 0.387 
 462 E X   0.007 0.179 0.001 0.039 0.010 0.016 0.379 0.370 
 463 V X   0.007 0.180 0.001 0.040 0.010 0.016 0.389 0.357 
 464 P X   0.007 0.178 0.001 0.039 0.010 0.015 0.400 0.350 
 465 Q X   0.007 0.173 0.001 0.037 0.009 0.014 0.413 0.346 
 466 Q X   0.006 0.164 0.001 0.034 0.008 0.012 0.428 0.347 
 467 D X   0.005 0.153 0.001 0.030 0.007 0.010 0.445 0.349 
 468 V X   0.004 0.138 0.001 0.025 0.006 0.008 0.464 0.355 
 469 I X   0.002 0.118 0.001 0.019 0.003 0.004 0.485 0.368 
 470 L X   0.001 0.093 0.000 0.011 0.001 0.002 0.503 0.389 
 471 P X   0.000 0.073 0.000 0.007 0.000 0.001 0.510 0.409 
 472 E X   0.000 0.063 0.000 0.007 0.000 0.001 0.510 0.419 
 473 Y X   0.003 0.059 0.001 0.014 0.003 0.003 0.500 0.417 
