#TopoPred_TM8: 8-state transmembrane topology prediction results by no_profile mode 
#probabilities are in the order of H E C I L F X _, the 8 transmembrane topology types used in PDBTM 
   1 M X   0.010 0.001 0.002 0.049 0.008 0.009 0.796 0.125 
   2 S X   0.004 0.000 0.000 0.030 0.002 0.005 0.820 0.140 
   3 T X   0.001 0.000 0.000 0.018 0.001 0.003 0.826 0.151 
   4 R X   0.001 0.000 0.000 0.013 0.001 0.003 0.825 0.157 
   5 T X   0.001 0.000 0.000 0.011 0.001 0.004 0.820 0.162 
   6 P X   0.002 0.001 0.000 0.010 0.001 0.004 0.814 0.168 
   7 L X   0.002 0.001 0.000 0.010 0.001 0.005 0.806 0.175 
   8 P X   0.002 0.002 0.000 0.011 0.001 0.005 0.797 0.182 
   9 T X   0.003 0.002 0.000 0.011 0.002 0.005 0.787 0.190 
  10 V X   0.002 0.003 0.000 0.012 0.002 0.005 0.777 0.199 
  11 N X   0.002 0.003 0.000 0.012 0.002 0.005 0.766 0.209 
  12 E X   0.002 0.004 0.000 0.011 0.002 0.005 0.755 0.221 
  13 R X   0.002 0.004 0.000 0.009 0.002 0.004 0.744 0.234 
  14 D X   0.002 0.004 0.000 0.008 0.002 0.004 0.734 0.246 
  15 T X   0.002 0.005 0.000 0.006 0.001 0.004 0.722 0.259 
  16 E X   0.002 0.005 0.000 0.005 0.001 0.004 0.710 0.272 
  17 N X   0.002 0.006 0.000 0.005 0.001 0.004 0.697 0.285 
  18 H X   0.002 0.007 0.000 0.005 0.001 0.004 0.680 0.299 
  19 T X   0.002 0.009 0.000 0.006 0.002 0.005 0.662 0.314 
  20 S X   0.002 0.013 0.000 0.008 0.002 0.006 0.639 0.328 
  21 H X   0.003 0.020 0.000 0.011 0.003 0.007 0.613 0.342 
  22 G X   0.003 0.030 0.001 0.015 0.004 0.009 0.584 0.354 
  23 D X   0.003 0.044 0.001 0.020 0.005 0.010 0.552 0.364 
  24 G X   0.004 0.061 0.001 0.025 0.006 0.011 0.519 0.373 
  25 R X   0.004 0.078 0.001 0.029 0.007 0.012 0.487 0.382 
  26 Q X   0.004 0.094 0.001 0.031 0.007 0.013 0.458 0.393 
  27 E X   0.004 0.107 0.001 0.032 0.007 0.013 0.432 0.404 
  28 V _   0.004 0.118 0.001 0.031 0.007 0.013 0.409 0.418 
  29 T _   0.004 0.126 0.001 0.029 0.006 0.012 0.388 0.433 
  30 S _   0.004 0.133 0.001 0.027 0.006 0.012 0.370 0.448 
  31 R _   0.004 0.139 0.001 0.024 0.006 0.012 0.353 0.461 
  32 T _   0.004 0.144 0.001 0.022 0.006 0.013 0.337 0.473 
  33 S _   0.004 0.150 0.001 0.022 0.006 0.013 0.322 0.483 
  34 R _   0.004 0.156 0.001 0.022 0.006 0.014 0.307 0.489 
  35 S _   0.005 0.164 0.001 0.024 0.007 0.014 0.293 0.493 
  36 G _   0.005 0.172 0.001 0.026 0.008 0.015 0.278 0.495 
  37 A _   0.005 0.180 0.001 0.029 0.008 0.015 0.265 0.495 
  38 R _   0.006 0.187 0.001 0.033 0.009 0.016 0.253 0.496 
  39 C _   0.006 0.192 0.001 0.035 0.010 0.016 0.241 0.498 
  40 R _   0.007 0.194 0.001 0.037 0.010 0.016 0.232 0.503 
  41 N _   0.007 0.194 0.001 0.037 0.010 0.016 0.224 0.511 
  42 S _   0.007 0.190 0.001 0.037 0.010 0.015 0.217 0.523 
  43 I _   0.008 0.182 0.001 0.035 0.010 0.015 0.212 0.538 
  44 A _   0.008 0.170 0.001 0.032 0.009 0.014 0.208 0.559 
  45 S _   0.008 0.154 0.001 0.027 0.008 0.013 0.204 0.584 
  46 C _   0.008 0.133 0.001 0.023 0.007 0.013 0.202 0.612 
  47 A _   0.009 0.111 0.001 0.019 0.007 0.012 0.199 0.643 
  48 D _   0.009 0.089 0.001 0.015 0.005 0.011 0.197 0.673 
  49 E _   0.009 0.070 0.001 0.011 0.005 0.011 0.195 0.699 
  50 Q _   0.008 0.056 0.001 0.009 0.004 0.010 0.193 0.719 
  51 P _   0.008 0.047 0.000 0.008 0.004 0.010 0.190 0.733 
  52 H _   0.008 0.042 0.000 0.007 0.003 0.010 0.187 0.742 
  53 I _   0.008 0.039 0.000 0.008 0.004 0.011 0.184 0.747 
  54 G _   0.009 0.037 0.000 0.009 0.004 0.011 0.180 0.749 
  55 N _   0.009 0.037 0.001 0.011 0.005 0.012 0.177 0.748 
  56 Y _   0.009 0.037 0.001 0.014 0.006 0.013 0.173 0.748 
  57 R _   0.010 0.037 0.001 0.016 0.006 0.013 0.169 0.748 
  58 L _   0.010 0.036 0.001 0.017 0.007 0.013 0.166 0.750 
  59 L _   0.009 0.035 0.001 0.018 0.006 0.013 0.163 0.755 
  60 K _   0.009 0.033 0.001 0.017 0.006 0.012 0.160 0.762 
  61 T _   0.008 0.030 0.001 0.015 0.006 0.012 0.158 0.772 
  62 I _   0.008 0.026 0.001 0.012 0.005 0.011 0.155 0.781 
  63 G _   0.008 0.023 0.001 0.010 0.004 0.011 0.153 0.790 
  64 K _   0.008 0.020 0.000 0.009 0.004 0.011 0.151 0.797 
  65 G _   0.008 0.018 0.000 0.008 0.004 0.011 0.148 0.802 
  66 N _   0.008 0.017 0.000 0.007 0.004 0.012 0.146 0.806 
  67 F _   0.009 0.016 0.000 0.007 0.004 0.013 0.143 0.807 
  68 A _   0.010 0.017 0.001 0.008 0.005 0.014 0.141 0.806 
  69 K _   0.011 0.017 0.001 0.009 0.005 0.016 0.138 0.804 
  70 V _   0.013 0.019 0.001 0.010 0.006 0.018 0.135 0.799 
  71 K _   0.015 0.021 0.001 0.011 0.007 0.020 0.132 0.794 
  72 L _   0.017 0.023 0.001 0.013 0.008 0.022 0.129 0.788 
  73 A _   0.019 0.026 0.001 0.014 0.010 0.024 0.126 0.781 
  74 R _   0.021 0.028 0.001 0.015 0.011 0.026 0.123 0.774 
  75 H _   0.024 0.031 0.001 0.016 0.013 0.028 0.120 0.768 
  76 I _   0.027 0.033 0.001 0.017 0.014 0.029 0.118 0.761 
  77 L _   0.029 0.036 0.001 0.018 0.015 0.031 0.116 0.754 
  78 T _   0.032 0.038 0.001 0.020 0.017 0.032 0.114 0.748 
  79 G _   0.034 0.040 0.001 0.021 0.017 0.032 0.112 0.742 
  80 R _   0.036 0.042 0.001 0.023 0.018 0.032 0.111 0.737 
  81 E _   0.036 0.043 0.001 0.025 0.018 0.032 0.111 0.734 
  82 V _   0.036 0.043 0.001 0.026 0.018 0.030 0.110 0.735 
  83 A _   0.035 0.042 0.001 0.027 0.017 0.029 0.110 0.739 
  84 I _   0.034 0.040 0.001 0.026 0.015 0.026 0.111 0.747 
  85 K _   0.031 0.037 0.001 0.024 0.013 0.024 0.112 0.759 
  86 I _   0.027 0.032 0.001 0.021 0.011 0.021 0.112 0.775 
  87 I _   0.024 0.026 0.001 0.018 0.009 0.018 0.113 0.792 
  88 D _   0.020 0.019 0.001 0.014 0.007 0.015 0.114 0.811 
  89 K _   0.016 0.013 0.001 0.010 0.005 0.013 0.115 0.828 
  90 T _   0.013 0.008 0.000 0.007 0.004 0.011 0.115 0.842 
  91 Q _   0.011 0.004 0.000 0.005 0.003 0.010 0.115 0.852 
  92 L _   0.009 0.002 0.000 0.004 0.002 0.009 0.115 0.859 
  93 N _   0.008 0.001 0.000 0.003 0.002 0.009 0.114 0.863 
  94 P _   0.008 0.001 0.000 0.003 0.002 0.009 0.112 0.864 
  95 T _   0.009 0.001 0.000 0.003 0.002 0.011 0.111 0.862 
  96 S _   0.011 0.002 0.000 0.004 0.003 0.014 0.108 0.857 
  97 L _   0.014 0.003 0.001 0.006 0.005 0.017 0.106 0.849 
  98 Q _   0.017 0.006 0.001 0.010 0.007 0.021 0.103 0.836 
  99 K _   0.021 0.009 0.001 0.014 0.011 0.025 0.100 0.819 
 100 L _   0.024 0.014 0.001 0.020 0.014 0.029 0.096 0.801 
 101 F _   0.028 0.019 0.001 0.025 0.018 0.032 0.093 0.783 
 102 R _   0.031 0.023 0.001 0.030 0.021 0.035 0.090 0.768 
 103 E _   0.034 0.025 0.002 0.034 0.023 0.036 0.088 0.758 
 104 V _   0.036 0.027 0.002 0.036 0.023 0.036 0.086 0.755 
 105 R _   0.037 0.026 0.002 0.035 0.022 0.035 0.085 0.759 
 106 I _   0.037 0.024 0.002 0.031 0.020 0.032 0.084 0.770 
 107 M _   0.036 0.020 0.001 0.025 0.017 0.030 0.083 0.786 
 108 K _   0.035 0.015 0.001 0.019 0.014 0.027 0.083 0.806 
 109 I _   0.032 0.010 0.001 0.013 0.010 0.024 0.083 0.826 
 110 L _   0.030 0.006 0.001 0.009 0.008 0.021 0.082 0.843 
 111 N _   0.027 0.003 0.001 0.006 0.006 0.019 0.082 0.856 
 112 H _   0.025 0.001 0.000 0.004 0.005 0.018 0.081 0.865 
 113 P _   0.025 0.001 0.000 0.003 0.004 0.018 0.080 0.868 
 114 N _   0.026 0.001 0.000 0.003 0.004 0.019 0.079 0.868 
 115 I _   0.028 0.001 0.001 0.004 0.005 0.020 0.078 0.864 
 116 V _   0.030 0.001 0.001 0.005 0.006 0.022 0.077 0.858 
 117 K _   0.033 0.001 0.001 0.007 0.008 0.025 0.075 0.849 
 118 L _   0.036 0.002 0.001 0.009 0.010 0.028 0.074 0.841 
 119 F _   0.038 0.003 0.001 0.011 0.012 0.030 0.072 0.833 
 120 E _   0.040 0.003 0.001 0.012 0.013 0.032 0.071 0.828 
 121 V _   0.041 0.004 0.001 0.012 0.014 0.033 0.070 0.825 
 122 I _   0.043 0.004 0.001 0.012 0.014 0.034 0.068 0.824 
 123 E _   0.044 0.004 0.001 0.011 0.014 0.035 0.067 0.822 
 124 T _   0.046 0.004 0.001 0.011 0.015 0.036 0.066 0.820 
 125 E _   0.048 0.005 0.001 0.011 0.016 0.037 0.065 0.817 
 126 K _   0.050 0.005 0.001 0.011 0.016 0.038 0.064 0.813 
 127 T _   0.052 0.006 0.001 0.012 0.017 0.039 0.064 0.808 
 128 L _   0.053 0.007 0.001 0.014 0.018 0.039 0.064 0.804 
 129 Y _   0.054 0.007 0.001 0.016 0.019 0.039 0.063 0.801 
 130 L _   0.054 0.008 0.001 0.017 0.018 0.038 0.063 0.800 
 131 I _   0.054 0.008 0.001 0.017 0.017 0.036 0.064 0.803 
 132 M _   0.052 0.008 0.001 0.016 0.016 0.035 0.064 0.808 
 133 E _   0.049 0.008 0.001 0.014 0.014 0.033 0.064 0.817 
 134 Y _   0.046 0.007 0.001 0.011 0.012 0.031 0.065 0.827 
 135 A _   0.043 0.007 0.001 0.009 0.011 0.029 0.065 0.835 
 136 S _   0.041 0.006 0.001 0.008 0.010 0.028 0.066 0.841 
 137 G _   0.039 0.007 0.001 0.008 0.009 0.027 0.066 0.843 
 138 G _   0.038 0.007 0.001 0.008 0.009 0.027 0.066 0.842 
 139 E _   0.038 0.009 0.001 0.010 0.010 0.027 0.067 0.838 
 140 V _   0.037 0.012 0.001 0.014 0.011 0.027 0.067 0.830 
 141 F _   0.036 0.016 0.001 0.018 0.013 0.027 0.068 0.821 
 142 D _   0.034 0.019 0.001 0.023 0.014 0.027 0.068 0.813 
 143 Y _   0.032 0.022 0.001 0.028 0.014 0.026 0.069 0.809 
 144 L _   0.029 0.024 0.001 0.030 0.013 0.024 0.070 0.809 
 145 V _   0.025 0.024 0.001 0.030 0.012 0.021 0.072 0.815 
 146 A _   0.022 0.022 0.001 0.027 0.010 0.019 0.074 0.825 
 147 H _   0.019 0.019 0.001 0.023 0.008 0.016 0.075 0.839 
 148 G _   0.016 0.015 0.001 0.018 0.006 0.014 0.077 0.854 
 149 R _   0.013 0.011 0.001 0.013 0.004 0.012 0.078 0.869 
 150 M _   0.011 0.007 0.000 0.008 0.003 0.010 0.079 0.881 
 151 K _   0.009 0.004 0.000 0.005 0.002 0.008 0.080 0.891 
 152 E _   0.008 0.003 0.000 0.003 0.002 0.008 0.080 0.897 
 153 K _   0.007 0.002 0.000 0.003 0.001 0.008 0.080 0.899 
 154 E _   0.008 0.002 0.000 0.002 0.002 0.009 0.079 0.898 
 155 A _   0.010 0.002 0.000 0.003 0.002 0.012 0.078 0.894 
 156 R _   0.013 0.004 0.000 0.004 0.003 0.016 0.076 0.883 
 157 S _   0.019 0.010 0.001 0.007 0.006 0.022 0.074 0.862 
 158 K _   0.025 0.023 0.001 0.011 0.011 0.029 0.071 0.829 
 159 F _   0.032 0.047 0.001 0.018 0.017 0.036 0.067 0.781 
 160 R _   0.038 0.079 0.002 0.028 0.023 0.043 0.063 0.724 
 161 Q _   0.043 0.112 0.002 0.037 0.029 0.047 0.060 0.670 
 162 I _   0.047 0.140 0.002 0.044 0.033 0.049 0.057 0.627 
 163 V _   0.050 0.158 0.002 0.049 0.036 0.050 0.055 0.599 
 164 S _   0.053 0.168 0.002 0.051 0.037 0.050 0.053 0.587 
 165 A _   0.054 0.172 0.002 0.050 0.035 0.048 0.052 0.586 
 166 V _   0.053 0.171 0.002 0.047 0.033 0.045 0.052 0.596 
 167 Q _   0.051 0.165 0.002 0.043 0.030 0.042 0.052 0.617 
 168 Y _   0.047 0.154 0.002 0.037 0.025 0.038 0.052 0.645 
 169 C _   0.042 0.138 0.002 0.031 0.021 0.034 0.053 0.680 
 170 H _   0.037 0.121 0.001 0.025 0.017 0.029 0.054 0.717 
 171 Q _   0.032 0.103 0.001 0.020 0.013 0.025 0.055 0.752 
 172 K _   0.026 0.088 0.001 0.016 0.009 0.022 0.056 0.782 
 173 R _   0.022 0.075 0.001 0.013 0.007 0.019 0.056 0.808 
 174 I _   0.018 0.066 0.001 0.011 0.006 0.016 0.057 0.827 
 175 V _   0.014 0.059 0.001 0.009 0.005 0.014 0.057 0.841 
 176 H _   0.012 0.055 0.000 0.009 0.004 0.012 0.056 0.851 
 177 R _   0.010 0.052 0.000 0.009 0.004 0.011 0.056 0.858 
 178 D _   0.009 0.051 0.000 0.009 0.004 0.010 0.056 0.862 
 179 L _   0.008 0.050 0.000 0.009 0.003 0.010 0.055 0.864 
 180 K _   0.008 0.050 0.000 0.009 0.004 0.009 0.054 0.865 
 181 A _   0.007 0.051 0.000 0.010 0.004 0.009 0.054 0.865 
 182 E _   0.007 0.052 0.000 0.010 0.004 0.009 0.053 0.865 
 183 N _   0.007 0.054 0.000 0.011 0.004 0.009 0.052 0.863 
 184 L _   0.007 0.056 0.000 0.011 0.004 0.009 0.051 0.862 
 185 L _   0.007 0.058 0.000 0.011 0.004 0.009 0.050 0.860 
 186 L _   0.007 0.061 0.000 0.011 0.004 0.010 0.049 0.857 
 187 D _   0.007 0.064 0.001 0.012 0.004 0.010 0.048 0.854 
 188 A _   0.007 0.067 0.001 0.012 0.005 0.011 0.047 0.851 
 189 D _   0.008 0.070 0.001 0.013 0.005 0.011 0.046 0.846 
 190 M _   0.008 0.074 0.001 0.014 0.005 0.012 0.045 0.841 
 191 N _   0.009 0.079 0.001 0.015 0.006 0.013 0.044 0.834 
 192 I _   0.010 0.084 0.001 0.016 0.006 0.014 0.043 0.827 
 193 K _   0.010 0.088 0.001 0.018 0.007 0.014 0.042 0.820 
 194 I _   0.010 0.092 0.001 0.018 0.007 0.014 0.042 0.816 
 195 A _   0.011 0.095 0.001 0.018 0.007 0.015 0.041 0.813 
 196 D _   0.011 0.097 0.001 0.018 0.007 0.015 0.041 0.812 
 197 F _   0.010 0.098 0.001 0.018 0.007 0.014 0.040 0.811 
 198 G _   0.010 0.099 0.001 0.017 0.007 0.014 0.040 0.812 
 199 F _   0.010 0.100 0.001 0.017 0.007 0.014 0.039 0.812 
 200 S _   0.010 0.100 0.001 0.017 0.007 0.014 0.039 0.812 
 201 N _   0.010 0.101 0.001 0.018 0.007 0.014 0.039 0.810 
 202 E _   0.010 0.101 0.001 0.020 0.007 0.014 0.039 0.808 
 203 F _   0.010 0.101 0.001 0.021 0.007 0.014 0.039 0.807 
 204 T _   0.010 0.101 0.001 0.023 0.007 0.014 0.039 0.806 
 205 V _   0.010 0.100 0.001 0.024 0.007 0.013 0.039 0.806 
 206 G _   0.009 0.097 0.001 0.024 0.007 0.013 0.039 0.810 
 207 G _   0.009 0.092 0.001 0.024 0.007 0.012 0.040 0.817 
 208 K _   0.009 0.085 0.001 0.022 0.006 0.011 0.040 0.826 
 209 L _   0.008 0.076 0.001 0.019 0.005 0.010 0.041 0.839 
 210 D _   0.008 0.065 0.001 0.016 0.005 0.009 0.042 0.855 
 211 T _   0.007 0.053 0.001 0.013 0.004 0.009 0.043 0.871 
 212 F _   0.007 0.044 0.000 0.010 0.003 0.008 0.043 0.885 
 213 C _   0.006 0.036 0.000 0.008 0.003 0.007 0.044 0.896 
 214 G _   0.006 0.031 0.000 0.007 0.002 0.007 0.044 0.903 
 215 S _   0.005 0.028 0.000 0.007 0.002 0.007 0.043 0.907 
 216 P _   0.005 0.027 0.000 0.007 0.002 0.007 0.043 0.907 
 217 P _   0.005 0.027 0.000 0.009 0.003 0.008 0.042 0.905 
 218 Y _   0.006 0.029 0.000 0.013 0.003 0.009 0.041 0.899 
 219 A _   0.006 0.030 0.000 0.017 0.004 0.010 0.040 0.892 
 220 A _   0.006 0.032 0.001 0.022 0.005 0.010 0.039 0.885 
 221 P _   0.006 0.033 0.001 0.025 0.005 0.011 0.039 0.880 
 222 E _   0.007 0.033 0.001 0.027 0.006 0.011 0.038 0.879 
 223 L _   0.006 0.031 0.001 0.027 0.006 0.010 0.037 0.883 
 224 F _   0.006 0.027 0.001 0.023 0.005 0.009 0.037 0.892 
 225 Q _   0.006 0.022 0.001 0.018 0.004 0.008 0.036 0.905 
 226 G _   0.006 0.015 0.000 0.013 0.003 0.007 0.036 0.920 
 227 K _   0.006 0.009 0.000 0.008 0.002 0.006 0.036 0.933 
 228 K _   0.007 0.004 0.000 0.005 0.002 0.005 0.035 0.942 
 229 Y _   0.011 0.001 0.000 0.003 0.001 0.005 0.034 0.945 
 230 D _   0.018 0.000 0.000 0.002 0.001 0.005 0.032 0.940 
 231 G _   0.036 0.000 0.000 0.002 0.002 0.006 0.030 0.924 
 232 P _   0.075 0.000 0.000 0.001 0.003 0.008 0.028 0.885 
 233 E _   0.149 0.000 0.001 0.001 0.004 0.011 0.024 0.810 
 234 V _   0.261 0.000 0.001 0.002 0.007 0.015 0.020 0.695 
 235 D _   0.402 0.000 0.001 0.002 0.011 0.018 0.015 0.551 
 236 V H   0.546 0.000 0.001 0.002 0.016 0.021 0.011 0.402 
 237 W H   0.665 0.000 0.001 0.002 0.021 0.022 0.009 0.280 
 238 S H   0.751 0.000 0.002 0.002 0.025 0.022 0.007 0.192 
 239 L H   0.808 0.000 0.001 0.001 0.028 0.021 0.006 0.134 
 240 G H   0.842 0.000 0.001 0.001 0.029 0.019 0.006 0.101 
 241 V H   0.861 0.000 0.001 0.002 0.029 0.018 0.006 0.083 
 242 I H   0.867 0.000 0.001 0.002 0.029 0.016 0.006 0.078 
 243 L H   0.859 0.000 0.002 0.002 0.030 0.015 0.007 0.085 
 244 Y H   0.838 0.000 0.002 0.002 0.029 0.015 0.009 0.106 
 245 T H   0.798 0.000 0.002 0.003 0.028 0.014 0.011 0.144 
 246 L H   0.733 0.000 0.002 0.003 0.026 0.014 0.014 0.207 
 247 V H   0.641 0.000 0.002 0.004 0.023 0.014 0.019 0.296 
 248 S H   0.527 0.000 0.002 0.005 0.018 0.013 0.026 0.409 
 249 G _   0.406 0.000 0.001 0.005 0.012 0.012 0.034 0.529 
 250 S _   0.293 0.000 0.001 0.004 0.008 0.011 0.042 0.640 
 251 L _   0.197 0.000 0.001 0.004 0.006 0.009 0.050 0.734 
 252 P _   0.124 0.000 0.001 0.003 0.004 0.008 0.055 0.805 
 253 F _   0.074 0.000 0.000 0.003 0.003 0.007 0.059 0.854 
 254 D _   0.043 0.000 0.000 0.003 0.002 0.006 0.062 0.884 
 255 G _   0.025 0.000 0.000 0.002 0.002 0.006 0.064 0.901 
 256 Q _   0.016 0.001 0.000 0.002 0.001 0.006 0.065 0.909 
 257 N _   0.012 0.002 0.000 0.003 0.002 0.007 0.066 0.909 
 258 L _   0.010 0.004 0.000 0.005 0.002 0.008 0.066 0.905 
 259 K _   0.009 0.010 0.000 0.007 0.003 0.010 0.065 0.895 
 260 E _   0.009 0.019 0.001 0.012 0.004 0.012 0.065 0.878 
 261 L _   0.009 0.033 0.001 0.017 0.006 0.014 0.064 0.856 
 262 R _   0.009 0.049 0.001 0.023 0.008 0.016 0.063 0.832 
 263 E _   0.010 0.063 0.001 0.028 0.009 0.017 0.062 0.811 
 264 R _   0.010 0.073 0.001 0.031 0.010 0.018 0.061 0.796 
 265 V _   0.010 0.080 0.001 0.033 0.010 0.019 0.061 0.786 
 266 L _   0.010 0.084 0.001 0.033 0.011 0.019 0.061 0.782 
 267 R _   0.010 0.086 0.001 0.032 0.011 0.019 0.062 0.780 
 268 G _   0.010 0.085 0.001 0.030 0.011 0.019 0.063 0.781 
 269 K _   0.011 0.083 0.001 0.028 0.010 0.018 0.064 0.784 
 270 Y _   0.011 0.080 0.001 0.026 0.010 0.018 0.066 0.789 
 271 R _   0.012 0.075 0.001 0.024 0.009 0.017 0.068 0.794 
 272 I _   0.012 0.069 0.001 0.022 0.009 0.017 0.070 0.801 
 273 P _   0.012 0.063 0.001 0.019 0.008 0.016 0.073 0.809 
 274 F _   0.011 0.055 0.001 0.017 0.007 0.015 0.075 0.818 
 275 Y _   0.011 0.048 0.001 0.014 0.006 0.014 0.078 0.828 
 276 M _   0.010 0.041 0.001 0.011 0.005 0.014 0.080 0.837 
 277 S _   0.010 0.035 0.001 0.009 0.005 0.013 0.082 0.845 
 278 T _   0.010 0.031 0.001 0.008 0.004 0.014 0.084 0.849 
 279 D _   0.010 0.029 0.000 0.007 0.004 0.014 0.086 0.850 
 280 C _   0.011 0.028 0.001 0.007 0.005 0.015 0.087 0.847 
 281 E _   0.013 0.028 0.001 0.009 0.006 0.017 0.088 0.840 
 282 N _   0.014 0.030 0.001 0.011 0.007 0.018 0.089 0.829 
 283 L _   0.016 0.033 0.001 0.015 0.009 0.020 0.091 0.815 
 284 L _   0.018 0.037 0.001 0.019 0.011 0.022 0.092 0.801 
 285 K _   0.019 0.040 0.001 0.022 0.012 0.023 0.094 0.789 
 286 R _   0.020 0.042 0.001 0.025 0.013 0.023 0.096 0.781 
 287 F _   0.021 0.042 0.001 0.025 0.013 0.023 0.098 0.777 
 288 L _   0.021 0.041 0.001 0.023 0.012 0.022 0.101 0.778 
 289 V _   0.020 0.039 0.001 0.020 0.011 0.021 0.105 0.784 
 290 L _   0.019 0.036 0.001 0.017 0.009 0.019 0.108 0.791 
 291 N _   0.019 0.032 0.001 0.013 0.008 0.018 0.112 0.797 
 292 P _   0.018 0.029 0.001 0.011 0.007 0.017 0.115 0.802 
 293 I _   0.017 0.027 0.001 0.009 0.006 0.017 0.119 0.804 
 294 K _   0.017 0.026 0.001 0.009 0.006 0.016 0.122 0.803 
 295 R _   0.017 0.026 0.001 0.010 0.006 0.016 0.125 0.799 
 296 G _   0.016 0.027 0.001 0.011 0.006 0.016 0.129 0.794 
 297 T _   0.016 0.028 0.001 0.014 0.007 0.016 0.132 0.787 
 298 L _   0.015 0.029 0.001 0.016 0.007 0.016 0.136 0.780 
 299 E _   0.014 0.030 0.001 0.018 0.007 0.016 0.139 0.774 
 300 Q _   0.014 0.031 0.001 0.020 0.007 0.015 0.143 0.770 
 301 I _   0.013 0.030 0.001 0.021 0.007 0.014 0.147 0.767 
 302 M _   0.012 0.029 0.001 0.020 0.007 0.013 0.152 0.766 
 303 K _   0.011 0.027 0.001 0.019 0.006 0.012 0.157 0.767 
 304 D _   0.010 0.025 0.001 0.017 0.005 0.011 0.163 0.768 
 305 R _   0.009 0.021 0.001 0.015 0.005 0.010 0.168 0.771 
 306 W _   0.009 0.018 0.001 0.013 0.004 0.009 0.174 0.773 
 307 I _   0.008 0.014 0.000 0.011 0.003 0.008 0.180 0.776 
 308 N _   0.008 0.011 0.000 0.009 0.003 0.007 0.185 0.778 
 309 A _   0.007 0.008 0.000 0.007 0.002 0.006 0.189 0.780 
 310 G _   0.006 0.006 0.000 0.006 0.002 0.006 0.193 0.781 
 311 H _   0.006 0.004 0.000 0.005 0.002 0.005 0.195 0.783 
 312 E _   0.005 0.003 0.000 0.004 0.001 0.005 0.197 0.783 
 313 E _   0.005 0.003 0.000 0.004 0.001 0.005 0.199 0.783 
 314 D _   0.005 0.003 0.000 0.004 0.001 0.005 0.199 0.783 
 315 E _   0.005 0.003 0.000 0.005 0.002 0.005 0.199 0.781 
 316 L _   0.005 0.003 0.000 0.006 0.002 0.006 0.199 0.779 
 317 K _   0.005 0.004 0.000 0.007 0.002 0.006 0.198 0.776 
 318 P _   0.005 0.005 0.000 0.009 0.003 0.007 0.197 0.773 
 319 F _   0.005 0.006 0.000 0.011 0.003 0.008 0.196 0.770 
 320 V _   0.005 0.008 0.000 0.012 0.003 0.008 0.195 0.769 
 321 E _   0.005 0.008 0.000 0.012 0.003 0.008 0.194 0.769 
 322 P _   0.005 0.009 0.000 0.012 0.003 0.008 0.193 0.771 
 323 E _   0.005 0.009 0.000 0.010 0.003 0.008 0.192 0.774 
 324 L _   0.005 0.009 0.000 0.008 0.002 0.007 0.191 0.778 
 325 D _   0.004 0.009 0.000 0.006 0.002 0.008 0.189 0.781 
 326 I _   0.005 0.009 0.000 0.005 0.002 0.008 0.188 0.782 
 327 S _   0.005 0.011 0.000 0.005 0.002 0.010 0.185 0.781 
 328 D _   0.007 0.014 0.000 0.006 0.003 0.012 0.183 0.776 
 329 Q _   0.009 0.020 0.001 0.008 0.005 0.015 0.179 0.763 
 330 K _   0.012 0.033 0.001 0.012 0.007 0.020 0.175 0.741 
 331 R _   0.016 0.056 0.001 0.018 0.011 0.024 0.170 0.704 
 332 I _   0.018 0.090 0.002 0.026 0.016 0.028 0.164 0.655 
 333 D _   0.020 0.128 0.002 0.036 0.020 0.031 0.159 0.605 
 334 I _   0.022 0.160 0.002 0.045 0.023 0.033 0.154 0.562 
 335 M _   0.022 0.184 0.002 0.052 0.024 0.034 0.151 0.531 
 336 V _   0.023 0.197 0.002 0.056 0.025 0.033 0.149 0.516 
 337 G _   0.023 0.202 0.002 0.057 0.024 0.032 0.148 0.512 
 338 M _   0.022 0.201 0.002 0.056 0.023 0.031 0.148 0.518 
 339 G _   0.021 0.195 0.002 0.051 0.021 0.028 0.149 0.533 
 340 Y _   0.020 0.182 0.002 0.045 0.018 0.026 0.151 0.558 
 341 S _   0.018 0.161 0.001 0.038 0.015 0.023 0.153 0.590 
 342 Q _   0.017 0.135 0.001 0.030 0.012 0.020 0.157 0.627 
 343 E _   0.015 0.107 0.001 0.024 0.010 0.018 0.160 0.666 
 344 E _   0.013 0.080 0.001 0.018 0.007 0.016 0.163 0.702 
 345 I _   0.012 0.057 0.001 0.013 0.006 0.014 0.166 0.731 
 346 Q _   0.010 0.040 0.001 0.010 0.004 0.012 0.168 0.754 
 347 E _   0.009 0.029 0.000 0.007 0.003 0.011 0.170 0.770 
 348 S _   0.008 0.022 0.000 0.006 0.003 0.011 0.171 0.780 
 349 L _   0.008 0.018 0.000 0.004 0.002 0.011 0.171 0.786 
 350 S _   0.009 0.016 0.000 0.004 0.002 0.012 0.170 0.787 
 351 K _   0.010 0.016 0.000 0.004 0.003 0.014 0.169 0.785 
 352 M _   0.013 0.017 0.000 0.004 0.004 0.017 0.168 0.777 
 353 K _   0.017 0.021 0.001 0.006 0.006 0.022 0.166 0.761 
 354 Y _   0.024 0.032 0.001 0.009 0.010 0.028 0.163 0.733 
 355 D _   0.031 0.055 0.001 0.016 0.017 0.035 0.159 0.686 
 356 E _   0.036 0.094 0.002 0.025 0.025 0.041 0.154 0.622 
 357 I _   0.040 0.145 0.003 0.037 0.032 0.044 0.150 0.549 
 358 T _   0.042 0.193 0.003 0.050 0.035 0.045 0.147 0.485 
 359 A _   0.042 0.226 0.002 0.061 0.036 0.044 0.145 0.444 
 360 T _   0.040 0.245 0.002 0.067 0.034 0.042 0.145 0.425 
 361 Y _   0.038 0.252 0.002 0.069 0.031 0.039 0.146 0.423 
 362 L _   0.034 0.251 0.002 0.066 0.027 0.035 0.148 0.436 
 363 L _   0.030 0.243 0.002 0.060 0.023 0.031 0.151 0.461 
 364 L _   0.026 0.224 0.002 0.050 0.018 0.026 0.155 0.499 
 365 G _   0.022 0.195 0.002 0.039 0.014 0.022 0.160 0.547 
 366 R _   0.019 0.160 0.001 0.028 0.010 0.018 0.165 0.598 
 367 K _   0.016 0.126 0.001 0.020 0.007 0.015 0.170 0.645 
 368 S _   0.013 0.099 0.001 0.014 0.005 0.012 0.174 0.683 
 369 S _   0.010 0.082 0.000 0.010 0.003 0.010 0.177 0.708 
 370 E _   0.008 0.071 0.000 0.008 0.002 0.008 0.178 0.724 
 371 L _   0.006 0.066 0.000 0.006 0.002 0.007 0.179 0.734 
 372 D _   0.005 0.063 0.000 0.005 0.002 0.006 0.179 0.739 
 373 A _   0.005 0.062 0.000 0.005 0.002 0.006 0.178 0.742 
 374 S _   0.004 0.064 0.000 0.006 0.002 0.006 0.176 0.742 
 375 D _   0.004 0.068 0.000 0.006 0.002 0.007 0.173 0.739 
 376 S _   0.004 0.075 0.000 0.008 0.002 0.008 0.170 0.732 
 377 S _   0.005 0.087 0.000 0.011 0.003 0.009 0.165 0.719 
 378 S _   0.005 0.106 0.001 0.016 0.004 0.010 0.160 0.698 
 379 S _   0.005 0.131 0.001 0.022 0.006 0.012 0.154 0.669 
 380 S _   0.005 0.161 0.001 0.030 0.007 0.013 0.147 0.635 
 381 N _   0.005 0.190 0.001 0.038 0.008 0.014 0.142 0.601 
 382 L _   0.006 0.214 0.001 0.045 0.009 0.015 0.137 0.573 
 383 S _   0.006 0.230 0.001 0.051 0.010 0.015 0.134 0.554 
 384 L _   0.006 0.238 0.001 0.053 0.010 0.014 0.133 0.545 
 385 A _   0.006 0.240 0.001 0.053 0.009 0.014 0.132 0.544 
 386 K _   0.006 0.237 0.001 0.050 0.009 0.013 0.133 0.551 
 387 V _   0.006 0.227 0.001 0.044 0.008 0.012 0.134 0.567 
 388 R _   0.006 0.210 0.001 0.037 0.007 0.011 0.137 0.591 
 389 P _   0.007 0.186 0.001 0.029 0.006 0.010 0.141 0.621 
 390 S _   0.007 0.158 0.001 0.022 0.005 0.009 0.145 0.654 
 391 S _   0.007 0.130 0.001 0.016 0.004 0.008 0.149 0.686 
 392 D _   0.006 0.109 0.000 0.011 0.003 0.008 0.152 0.711 
 393 L _   0.006 0.094 0.000 0.008 0.002 0.007 0.154 0.729 
 394 N _   0.005 0.084 0.000 0.006 0.002 0.006 0.156 0.740 
 395 N _   0.005 0.079 0.000 0.005 0.001 0.006 0.156 0.747 
 396 S _   0.004 0.078 0.000 0.005 0.001 0.006 0.155 0.750 
 397 T _   0.004 0.078 0.000 0.005 0.002 0.007 0.153 0.750 
 398 G _   0.004 0.082 0.000 0.006 0.002 0.008 0.151 0.747 
 399 Q _   0.005 0.089 0.000 0.008 0.002 0.009 0.147 0.739 
 400 S _   0.005 0.103 0.000 0.011 0.003 0.011 0.142 0.723 
 401 P _   0.006 0.126 0.001 0.016 0.005 0.013 0.136 0.698 
 402 H _   0.006 0.160 0.001 0.022 0.007 0.015 0.129 0.660 
 403 H _   0.007 0.203 0.001 0.028 0.009 0.016 0.121 0.615 
 404 K _   0.007 0.250 0.001 0.035 0.010 0.017 0.113 0.566 
 405 V _   0.006 0.291 0.001 0.042 0.011 0.017 0.107 0.524 
 406 Q _   0.006 0.320 0.001 0.048 0.011 0.017 0.102 0.494 
 407 R _   0.006 0.338 0.001 0.052 0.012 0.017 0.099 0.476 
 408 S _   0.006 0.347 0.001 0.053 0.011 0.016 0.097 0.468 
 409 V _   0.006 0.349 0.001 0.053 0.011 0.016 0.096 0.468 
 410 F _   0.006 0.344 0.001 0.050 0.011 0.015 0.096 0.477 
 411 S _   0.007 0.331 0.001 0.046 0.010 0.014 0.096 0.496 
 412 S _   0.007 0.309 0.001 0.039 0.009 0.013 0.098 0.524 
 413 Q _   0.007 0.275 0.001 0.032 0.008 0.012 0.100 0.564 
 414 K _   0.008 0.234 0.001 0.024 0.007 0.011 0.103 0.613 
 415 Q _   0.008 0.193 0.001 0.017 0.005 0.010 0.105 0.661 
 416 R _   0.007 0.159 0.001 0.012 0.004 0.010 0.107 0.700 
 417 R _   0.007 0.138 0.000 0.008 0.003 0.009 0.109 0.726 
 418 Y _   0.006 0.127 0.000 0.006 0.002 0.009 0.109 0.741 
 419 S _   0.006 0.122 0.000 0.005 0.002 0.009 0.109 0.747 
 420 D _   0.006 0.122 0.000 0.005 0.002 0.010 0.108 0.746 
 421 H _   0.007 0.127 0.000 0.007 0.003 0.012 0.107 0.737 
 422 A _   0.008 0.139 0.001 0.010 0.005 0.014 0.105 0.719 
 423 G _   0.009 0.160 0.001 0.015 0.007 0.016 0.102 0.690 
 424 P _   0.010 0.192 0.001 0.022 0.009 0.018 0.098 0.650 
 425 A _   0.011 0.230 0.001 0.029 0.011 0.019 0.095 0.603 
 426 I _   0.011 0.265 0.001 0.036 0.013 0.020 0.091 0.562 
 427 P _   0.011 0.292 0.001 0.042 0.014 0.020 0.089 0.530 
 428 S _   0.010 0.310 0.001 0.047 0.014 0.020 0.088 0.510 
 429 V _   0.010 0.319 0.001 0.049 0.014 0.019 0.087 0.501 
 430 V _   0.010 0.322 0.001 0.048 0.013 0.018 0.087 0.500 
 431 A _   0.010 0.318 0.001 0.046 0.012 0.017 0.088 0.509 
 432 Y _   0.010 0.308 0.001 0.041 0.010 0.016 0.090 0.524 
 433 P _   0.009 0.291 0.001 0.036 0.009 0.014 0.092 0.548 
 434 K _   0.009 0.267 0.001 0.029 0.008 0.013 0.095 0.579 
 435 R _   0.009 0.237 0.001 0.023 0.006 0.011 0.098 0.615 
 436 S _   0.008 0.208 0.001 0.018 0.005 0.010 0.101 0.650 
 437 Q _   0.007 0.183 0.001 0.014 0.004 0.009 0.103 0.680 
 438 T _   0.006 0.165 0.000 0.010 0.003 0.008 0.105 0.702 
 439 S _   0.005 0.153 0.000 0.008 0.002 0.007 0.106 0.717 
 440 T _   0.005 0.146 0.000 0.007 0.002 0.006 0.107 0.727 
 441 A _   0.004 0.143 0.000 0.007 0.002 0.006 0.107 0.731 
 442 D _   0.004 0.142 0.000 0.007 0.002 0.006 0.106 0.732 
 443 S _   0.004 0.144 0.000 0.008 0.002 0.006 0.105 0.730 
 444 D _   0.004 0.147 0.000 0.010 0.002 0.007 0.104 0.726 
 445 L _   0.004 0.153 0.000 0.012 0.003 0.007 0.102 0.720 
 446 K _   0.004 0.159 0.000 0.014 0.003 0.007 0.100 0.713 
 447 E _   0.004 0.166 0.000 0.015 0.003 0.007 0.098 0.707 
 448 D _   0.004 0.172 0.000 0.016 0.003 0.007 0.096 0.701 
 449 G _   0.004 0.178 0.000 0.016 0.003 0.007 0.094 0.698 
 450 I _   0.003 0.182 0.000 0.015 0.003 0.007 0.093 0.696 
 451 S _   0.003 0.186 0.000 0.014 0.003 0.007 0.091 0.695 
 452 S _   0.003 0.190 0.000 0.013 0.003 0.007 0.089 0.695 
 453 R _   0.003 0.194 0.000 0.012 0.003 0.007 0.088 0.694 
 454 K _   0.003 0.198 0.000 0.012 0.003 0.007 0.086 0.691 
 455 S _   0.003 0.205 0.000 0.012 0.003 0.007 0.084 0.686 
 456 S _   0.003 0.214 0.000 0.012 0.003 0.007 0.082 0.677 
 457 G _   0.004 0.226 0.000 0.014 0.003 0.008 0.080 0.664 
 458 S _   0.004 0.242 0.001 0.016 0.004 0.009 0.078 0.647 
 459 A _   0.004 0.261 0.001 0.018 0.004 0.009 0.076 0.627 
 460 V _   0.004 0.280 0.001 0.021 0.005 0.009 0.073 0.606 
 461 G _   0.004 0.298 0.001 0.023 0.005 0.010 0.072 0.588 
 462 G _   0.004 0.314 0.001 0.025 0.006 0.010 0.070 0.570 
 463 K _   0.004 0.327 0.001 0.027 0.006 0.010 0.069 0.556 
 464 G _   0.004 0.337 0.001 0.029 0.006 0.010 0.068 0.545 
 465 I _   0.004 0.343 0.001 0.030 0.006 0.011 0.068 0.537 
 466 A _   0.005 0.346 0.001 0.032 0.007 0.011 0.068 0.532 
 467 P _   0.005 0.346 0.001 0.032 0.007 0.011 0.069 0.530 
 468 A _   0.005 0.342 0.001 0.032 0.007 0.011 0.070 0.532 
 469 S _   0.006 0.335 0.001 0.032 0.006 0.010 0.072 0.538 
 470 P _   0.006 0.323 0.001 0.031 0.006 0.010 0.075 0.548 
 471 M _   0.006 0.305 0.001 0.029 0.006 0.010 0.078 0.565 
 472 L _   0.006 0.280 0.001 0.027 0.006 0.010 0.082 0.588 
 473 G _   0.007 0.249 0.001 0.023 0.005 0.009 0.087 0.619 
 474 N _   0.007 0.216 0.001 0.019 0.004 0.009 0.092 0.652 
 475 A _   0.006 0.184 0.001 0.015 0.004 0.008 0.097 0.685 
 476 S _   0.006 0.157 0.000 0.012 0.003 0.007 0.101 0.714 
 477 N _   0.005 0.138 0.000 0.009 0.002 0.007 0.104 0.735 
 478 P _   0.005 0.126 0.000 0.007 0.002 0.006 0.106 0.748 
 479 N _   0.005 0.120 0.000 0.006 0.002 0.006 0.107 0.755 
 480 K _   0.004 0.116 0.000 0.006 0.001 0.006 0.107 0.759 
 481 A _   0.004 0.116 0.000 0.006 0.002 0.006 0.107 0.759 
 482 D _   0.004 0.118 0.000 0.007 0.002 0.006 0.106 0.757 
 483 I _   0.004 0.122 0.000 0.009 0.002 0.007 0.104 0.752 
 484 P _   0.004 0.129 0.000 0.010 0.002 0.007 0.102 0.745 
 485 E _   0.004 0.137 0.000 0.012 0.003 0.008 0.099 0.737 
 486 R _   0.004 0.146 0.000 0.014 0.003 0.008 0.096 0.728 
 487 K _   0.004 0.156 0.000 0.015 0.003 0.008 0.093 0.720 
 488 K _   0.004 0.166 0.000 0.015 0.003 0.008 0.090 0.714 
 489 S _   0.004 0.176 0.000 0.015 0.003 0.008 0.087 0.707 
 490 S _   0.003 0.186 0.000 0.015 0.003 0.008 0.084 0.701 
 491 T _   0.003 0.197 0.000 0.014 0.003 0.008 0.080 0.693 
 492 V _   0.003 0.210 0.000 0.014 0.003 0.008 0.077 0.684 
 493 P _   0.004 0.225 0.000 0.015 0.004 0.009 0.073 0.670 
 494 S _   0.004 0.243 0.001 0.016 0.004 0.009 0.069 0.654 
 495 S _   0.004 0.266 0.001 0.018 0.005 0.010 0.065 0.632 
 496 N _   0.004 0.293 0.001 0.020 0.006 0.010 0.061 0.605 
 497 T _   0.004 0.323 0.001 0.023 0.006 0.011 0.057 0.575 
 498 A _   0.004 0.352 0.001 0.025 0.007 0.011 0.053 0.547 
 499 S _   0.004 0.377 0.001 0.027 0.007 0.011 0.050 0.522 
 500 G _   0.004 0.399 0.001 0.028 0.007 0.011 0.047 0.502 
 501 G _   0.004 0.414 0.001 0.029 0.007 0.011 0.045 0.488 
 502 M _   0.005 0.424 0.001 0.029 0.007 0.011 0.044 0.480 
 503 T _   0.005 0.429 0.001 0.028 0.007 0.011 0.043 0.477 
 504 R _   0.005 0.430 0.001 0.027 0.007 0.011 0.042 0.478 
 505 R _   0.005 0.428 0.001 0.025 0.007 0.011 0.042 0.482 
 506 N _   0.005 0.423 0.001 0.024 0.007 0.011 0.041 0.488 
 507 T _   0.005 0.416 0.001 0.023 0.007 0.011 0.042 0.496 
 508 Y _   0.006 0.407 0.001 0.022 0.006 0.011 0.042 0.505 
 509 V _   0.006 0.397 0.001 0.021 0.006 0.011 0.043 0.515 
 510 C _   0.006 0.384 0.001 0.020 0.006 0.011 0.044 0.528 
 511 S _   0.007 0.369 0.001 0.020 0.006 0.011 0.045 0.542 
 512 E _   0.007 0.353 0.001 0.019 0.006 0.011 0.046 0.559 
 513 R _   0.006 0.334 0.001 0.018 0.006 0.010 0.047 0.577 
 514 T _   0.006 0.316 0.001 0.017 0.005 0.010 0.048 0.596 
 515 T _   0.006 0.297 0.001 0.017 0.005 0.010 0.050 0.615 
 516 A _   0.006 0.279 0.001 0.016 0.005 0.010 0.051 0.633 
 517 D _   0.006 0.264 0.001 0.016 0.005 0.009 0.052 0.648 
 518 R _   0.006 0.250 0.001 0.016 0.004 0.009 0.054 0.661 
 519 H _   0.006 0.237 0.001 0.016 0.004 0.009 0.055 0.672 
 520 S _   0.006 0.224 0.001 0.016 0.004 0.009 0.057 0.683 
 521 V _   0.006 0.212 0.001 0.016 0.004 0.009 0.058 0.695 
 522 I _   0.006 0.199 0.001 0.016 0.004 0.008 0.059 0.707 
 523 Q _   0.006 0.185 0.001 0.015 0.004 0.008 0.061 0.721 
 524 N _   0.006 0.171 0.000 0.014 0.003 0.008 0.062 0.736 
 525 G _   0.005 0.157 0.000 0.012 0.003 0.007 0.063 0.751 
 526 K _   0.005 0.145 0.000 0.010 0.003 0.007 0.064 0.765 
 527 E _   0.005 0.135 0.000 0.008 0.002 0.007 0.065 0.777 
 528 N _   0.005 0.128 0.000 0.007 0.002 0.006 0.066 0.785 
 529 S _   0.005 0.124 0.000 0.006 0.002 0.006 0.066 0.790 
 530 T _   0.004 0.123 0.000 0.006 0.002 0.007 0.066 0.791 
 531 I _   0.005 0.125 0.000 0.007 0.002 0.007 0.065 0.789 
 532 P _   0.005 0.129 0.000 0.008 0.003 0.008 0.064 0.783 
 533 D _   0.005 0.137 0.000 0.010 0.003 0.009 0.063 0.772 
 534 Q _   0.005 0.148 0.001 0.013 0.004 0.010 0.061 0.758 
 535 R _   0.005 0.162 0.001 0.015 0.005 0.010 0.060 0.742 
 536 T _   0.006 0.177 0.001 0.018 0.005 0.011 0.058 0.725 
 537 P _   0.005 0.192 0.001 0.020 0.006 0.011 0.056 0.708 
 538 V _   0.005 0.206 0.001 0.023 0.006 0.011 0.055 0.694 
 539 A _   0.005 0.216 0.001 0.024 0.006 0.011 0.054 0.683 
 540 S _   0.005 0.224 0.001 0.024 0.006 0.011 0.053 0.677 
 541 T _   0.005 0.229 0.001 0.023 0.006 0.011 0.052 0.673 
 542 H _   0.005 0.232 0.001 0.021 0.006 0.010 0.052 0.673 
 543 S _   0.005 0.233 0.001 0.019 0.005 0.010 0.051 0.675 
 544 I _   0.005 0.233 0.001 0.017 0.005 0.010 0.051 0.678 
 545 S _   0.005 0.231 0.001 0.016 0.004 0.010 0.051 0.682 
 546 S _   0.005 0.230 0.000 0.014 0.004 0.009 0.051 0.685 
 547 A _   0.005 0.229 0.000 0.013 0.004 0.009 0.052 0.687 
 548 A _   0.006 0.229 0.000 0.012 0.004 0.010 0.052 0.688 
 549 T _   0.006 0.230 0.000 0.012 0.004 0.010 0.052 0.686 
 550 P _   0.006 0.231 0.001 0.013 0.004 0.010 0.052 0.682 
 551 D _   0.007 0.234 0.001 0.015 0.005 0.011 0.052 0.676 
 552 R _   0.007 0.238 0.001 0.017 0.005 0.011 0.052 0.670 
 553 I _   0.007 0.241 0.001 0.019 0.006 0.012 0.052 0.663 
 554 R _   0.008 0.242 0.001 0.020 0.006 0.012 0.053 0.658 
 555 F _   0.008 0.242 0.001 0.022 0.006 0.012 0.053 0.656 
 556 P _   0.007 0.240 0.001 0.022 0.006 0.012 0.054 0.658 
 557 R _   0.007 0.235 0.001 0.022 0.006 0.011 0.056 0.662 
 558 G _   0.007 0.228 0.001 0.021 0.006 0.011 0.057 0.670 
 559 T _   0.007 0.218 0.001 0.019 0.005 0.010 0.059 0.681 
 560 A _   0.007 0.206 0.001 0.017 0.005 0.010 0.061 0.694 
 561 S _   0.007 0.193 0.001 0.015 0.004 0.009 0.062 0.709 
 562 R _   0.006 0.181 0.001 0.013 0.004 0.008 0.064 0.723 
 563 S _   0.006 0.170 0.000 0.011 0.003 0.008 0.066 0.736 
 564 T _   0.005 0.161 0.000 0.010 0.003 0.008 0.067 0.745 
 565 F _   0.005 0.155 0.000 0.009 0.003 0.007 0.068 0.751 
 566 H _   0.005 0.152 0.000 0.010 0.003 0.007 0.069 0.754 
 567 G _   0.005 0.150 0.000 0.010 0.003 0.008 0.070 0.754 
 568 Q _   0.005 0.150 0.000 0.012 0.003 0.008 0.070 0.752 
 569 P _   0.005 0.151 0.000 0.014 0.003 0.008 0.070 0.748 
 570 R _   0.005 0.152 0.000 0.016 0.004 0.008 0.071 0.744 
 571 E _   0.005 0.153 0.000 0.018 0.004 0.009 0.071 0.740 
 572 R _   0.005 0.153 0.001 0.019 0.004 0.009 0.072 0.738 
 573 R _   0.005 0.152 0.001 0.020 0.004 0.008 0.072 0.738 
 574 T _   0.005 0.149 0.001 0.019 0.004 0.008 0.073 0.741 
 575 A _   0.005 0.144 0.000 0.017 0.004 0.008 0.075 0.746 
 576 T _   0.005 0.138 0.000 0.015 0.003 0.007 0.076 0.755 
 577 Y _   0.005 0.131 0.000 0.012 0.003 0.007 0.078 0.764 
 578 N _   0.004 0.125 0.000 0.010 0.002 0.006 0.079 0.773 
 579 G _   0.004 0.121 0.000 0.008 0.002 0.006 0.079 0.780 
 580 P _   0.004 0.118 0.000 0.006 0.002 0.006 0.080 0.784 
 581 P _   0.004 0.119 0.000 0.006 0.002 0.006 0.080 0.784 
 582 A _   0.004 0.122 0.000 0.007 0.002 0.007 0.079 0.779 
 583 S _   0.005 0.129 0.000 0.008 0.002 0.008 0.078 0.770 
 584 P _   0.005 0.143 0.000 0.011 0.003 0.009 0.077 0.753 
 585 S _   0.005 0.163 0.001 0.014 0.004 0.010 0.075 0.729 
 586 L _   0.005 0.189 0.001 0.019 0.005 0.011 0.072 0.698 
 587 S _   0.005 0.218 0.001 0.023 0.006 0.011 0.070 0.666 
 588 H _   0.005 0.245 0.001 0.026 0.007 0.012 0.068 0.637 
 589 E _   0.005 0.266 0.001 0.029 0.007 0.011 0.066 0.615 
 590 A _   0.005 0.282 0.001 0.029 0.007 0.011 0.065 0.601 
 591 T _   0.005 0.291 0.001 0.028 0.006 0.011 0.064 0.594 
 592 P _   0.005 0.296 0.001 0.027 0.006 0.010 0.064 0.592 
 593 L _   0.005 0.297 0.001 0.024 0.005 0.010 0.065 0.594 
 594 S _   0.005 0.295 0.001 0.021 0.005 0.009 0.065 0.600 
 595 Q _   0.004 0.290 0.001 0.017 0.004 0.009 0.066 0.608 
 596 T _   0.005 0.285 0.000 0.014 0.004 0.009 0.067 0.616 
 597 R _   0.005 0.280 0.000 0.012 0.004 0.009 0.069 0.622 
 598 S _   0.005 0.276 0.000 0.010 0.003 0.009 0.070 0.627 
 599 R _   0.005 0.275 0.000 0.010 0.003 0.009 0.071 0.627 
 600 G _   0.005 0.276 0.000 0.010 0.004 0.010 0.072 0.623 
 601 S _   0.006 0.279 0.000 0.011 0.004 0.011 0.072 0.616 
 602 T _   0.006 0.285 0.001 0.013 0.005 0.012 0.073 0.606 
 603 N _   0.007 0.292 0.001 0.016 0.006 0.013 0.074 0.593 
 604 L _   0.007 0.299 0.001 0.018 0.007 0.013 0.075 0.580 
 605 F _   0.007 0.304 0.001 0.021 0.007 0.014 0.076 0.570 
 606 S _   0.008 0.306 0.001 0.022 0.008 0.014 0.078 0.563 
 607 K _   0.008 0.305 0.001 0.023 0.008 0.015 0.080 0.561 
 608 L _   0.008 0.301 0.001 0.022 0.008 0.015 0.083 0.563 
 609 T _   0.008 0.293 0.001 0.020 0.008 0.015 0.086 0.569 
 610 S _   0.009 0.282 0.001 0.018 0.008 0.015 0.089 0.578 
 611 K _   0.010 0.270 0.001 0.016 0.007 0.016 0.093 0.588 
 612 L _   0.010 0.257 0.001 0.014 0.007 0.016 0.098 0.597 
 613 T _   0.011 0.247 0.001 0.012 0.007 0.017 0.102 0.603 
 614 R _   0.012 0.239 0.001 0.012 0.007 0.018 0.106 0.605 
 615 R _   0.013 0.235 0.001 0.013 0.008 0.018 0.111 0.602 
 616 N _   0.014 0.232 0.001 0.014 0.008 0.019 0.115 0.596 
 617 M _   0.015 0.231 0.001 0.017 0.009 0.020 0.120 0.587 
 618 S _   0.016 0.231 0.001 0.020 0.010 0.021 0.125 0.576 
 619 F _   0.016 0.231 0.001 0.024 0.011 0.021 0.130 0.566 
 620 R _   0.016 0.228 0.001 0.027 0.012 0.020 0.136 0.558 
 621 F _   0.016 0.224 0.001 0.029 0.012 0.020 0.143 0.555 
 622 I _   0.016 0.216 0.001 0.030 0.012 0.019 0.152 0.555 
 623 K _   0.015 0.204 0.001 0.030 0.011 0.018 0.161 0.560 
 624 R _   0.014 0.188 0.001 0.028 0.010 0.016 0.171 0.571 
 625 L _   0.013 0.167 0.001 0.026 0.009 0.015 0.183 0.586 
 626 P _   0.012 0.143 0.001 0.023 0.008 0.014 0.196 0.604 
 627 T _   0.011 0.119 0.001 0.020 0.007 0.013 0.209 0.621 
 628 E _   0.010 0.097 0.001 0.017 0.006 0.011 0.222 0.636 
 629 Y _   0.009 0.078 0.001 0.014 0.005 0.010 0.235 0.648 
 630 E _   0.008 0.063 0.001 0.012 0.004 0.009 0.246 0.657 
 631 R _   0.008 0.051 0.000 0.011 0.003 0.008 0.255 0.663 
 632 N _   0.007 0.042 0.000 0.010 0.003 0.008 0.264 0.667 
 633 G _   0.006 0.036 0.000 0.009 0.002 0.007 0.271 0.668 
 634 R _   0.006 0.031 0.000 0.008 0.002 0.007 0.277 0.668 
 635 Y _   0.005 0.028 0.000 0.008 0.002 0.006 0.283 0.668 
 636 E _   0.005 0.025 0.000 0.008 0.002 0.006 0.287 0.666 
 637 G _   0.005 0.023 0.000 0.008 0.002 0.006 0.291 0.664 
 638 S _   0.005 0.022 0.000 0.009 0.002 0.006 0.295 0.661 
 639 S _   0.005 0.021 0.000 0.009 0.002 0.006 0.298 0.659 
 640 R _   0.005 0.020 0.000 0.009 0.002 0.006 0.302 0.657 
 641 N _   0.005 0.019 0.000 0.010 0.002 0.006 0.304 0.655 
 642 V _   0.004 0.018 0.000 0.009 0.002 0.006 0.307 0.653 
 643 S _   0.004 0.017 0.000 0.009 0.002 0.006 0.309 0.653 
 644 A _   0.004 0.016 0.000 0.008 0.002 0.006 0.310 0.654 
 645 E _   0.004 0.016 0.000 0.008 0.002 0.005 0.311 0.655 
 646 Q _   0.004 0.015 0.000 0.007 0.001 0.005 0.311 0.657 
 647 K _   0.003 0.015 0.000 0.006 0.001 0.005 0.310 0.659 
 648 D _   0.003 0.015 0.000 0.005 0.001 0.005 0.308 0.662 
 649 E _   0.003 0.016 0.000 0.005 0.001 0.005 0.306 0.664 
 650 N _   0.003 0.019 0.000 0.005 0.001 0.006 0.302 0.665 
 651 K _   0.003 0.023 0.000 0.006 0.002 0.007 0.296 0.663 
 652 E _   0.004 0.031 0.000 0.008 0.002 0.008 0.289 0.658 
 653 A _   0.005 0.047 0.000 0.011 0.003 0.011 0.279 0.643 
 654 K _   0.006 0.076 0.001 0.017 0.006 0.014 0.265 0.616 
 655 P _   0.007 0.125 0.001 0.026 0.009 0.017 0.247 0.569 
 656 R _   0.007 0.191 0.002 0.037 0.012 0.019 0.227 0.505 
 657 S _   0.007 0.263 0.002 0.047 0.014 0.020 0.207 0.439 
 658 L _   0.007 0.323 0.002 0.057 0.015 0.020 0.192 0.384 
 659 R E   0.006 0.363 0.001 0.064 0.015 0.020 0.182 0.349 
 660 F E   0.006 0.384 0.001 0.068 0.014 0.019 0.175 0.332 
 661 T E   0.006 0.393 0.001 0.069 0.014 0.018 0.171 0.328 
 662 W E   0.006 0.394 0.001 0.067 0.013 0.016 0.169 0.335 
 663 S E   0.006 0.387 0.001 0.060 0.012 0.015 0.168 0.351 
