#TopoPred_TM8: 8-state transmembrane topology prediction results by no_profile mode 
#probabilities are in the order of H E C I L F X _, the 8 transmembrane topology types used in PDBTM 
   1 M X   0.011 0.001 0.002 0.057 0.009 0.009 0.785 0.126 
   2 S X   0.004 0.001 0.000 0.036 0.002 0.005 0.809 0.143 
   3 V X   0.002 0.000 0.000 0.021 0.001 0.003 0.815 0.158 
   4 Q X   0.001 0.001 0.000 0.014 0.001 0.003 0.814 0.167 
   5 S X   0.001 0.001 0.000 0.011 0.001 0.003 0.809 0.174 
   6 S X   0.002 0.001 0.000 0.009 0.001 0.004 0.802 0.182 
   7 S X   0.002 0.002 0.000 0.007 0.001 0.004 0.794 0.190 
   8 G X   0.002 0.002 0.000 0.007 0.001 0.005 0.784 0.198 
   9 S X   0.002 0.004 0.000 0.008 0.001 0.005 0.772 0.207 
  10 L X   0.002 0.005 0.000 0.009 0.002 0.006 0.759 0.217 
  11 E X   0.002 0.008 0.000 0.010 0.002 0.006 0.744 0.227 
  12 G X   0.002 0.011 0.000 0.011 0.003 0.006 0.729 0.238 
  13 P X   0.002 0.014 0.000 0.012 0.003 0.007 0.714 0.248 
  14 P X   0.003 0.017 0.000 0.013 0.003 0.007 0.699 0.258 
  15 S X   0.003 0.020 0.000 0.013 0.003 0.007 0.685 0.269 
  16 W X   0.003 0.023 0.000 0.013 0.003 0.007 0.672 0.279 
  17 S X   0.003 0.025 0.000 0.013 0.003 0.007 0.659 0.290 
  18 Q X   0.003 0.028 0.000 0.012 0.003 0.007 0.646 0.301 
  19 L X   0.003 0.031 0.000 0.011 0.003 0.007 0.633 0.312 
  20 S X   0.003 0.033 0.000 0.010 0.003 0.007 0.620 0.323 
  21 T X   0.003 0.037 0.000 0.010 0.003 0.008 0.606 0.333 
  22 S X   0.003 0.042 0.000 0.010 0.003 0.008 0.591 0.342 
  23 P X   0.003 0.049 0.001 0.012 0.004 0.010 0.575 0.347 
  24 T X   0.004 0.059 0.001 0.015 0.005 0.011 0.557 0.349 
  25 P X   0.005 0.076 0.001 0.019 0.007 0.013 0.535 0.343 
  26 G X   0.005 0.100 0.001 0.026 0.009 0.015 0.512 0.331 
  27 S X   0.006 0.129 0.001 0.035 0.012 0.017 0.488 0.313 
  28 A X   0.006 0.156 0.001 0.044 0.013 0.018 0.467 0.295 
  29 A X   0.007 0.177 0.001 0.051 0.014 0.018 0.450 0.282 
  30 A X   0.007 0.190 0.001 0.056 0.014 0.018 0.438 0.276 
  31 A X   0.007 0.196 0.001 0.058 0.013 0.017 0.430 0.278 
  32 R X   0.007 0.197 0.001 0.057 0.012 0.016 0.424 0.286 
  33 S X   0.007 0.193 0.001 0.052 0.011 0.015 0.420 0.302 
  34 L X   0.007 0.181 0.001 0.044 0.010 0.013 0.418 0.326 
  35 L X   0.007 0.160 0.001 0.035 0.008 0.011 0.417 0.359 
  36 N X   0.007 0.131 0.001 0.026 0.006 0.010 0.418 0.400 
  37 H _   0.007 0.098 0.001 0.018 0.005 0.009 0.419 0.444 
  38 T _   0.006 0.070 0.001 0.012 0.003 0.007 0.419 0.482 
  39 P _   0.006 0.051 0.000 0.007 0.002 0.006 0.418 0.510 
  40 P _   0.005 0.040 0.000 0.005 0.002 0.005 0.416 0.527 
  41 S _   0.004 0.035 0.000 0.004 0.001 0.005 0.413 0.537 
  42 G _   0.004 0.033 0.000 0.004 0.001 0.005 0.409 0.544 
  43 R _   0.004 0.033 0.000 0.004 0.001 0.005 0.404 0.548 
  44 P _   0.004 0.035 0.000 0.006 0.002 0.006 0.397 0.550 
  45 R _   0.004 0.038 0.000 0.010 0.003 0.007 0.389 0.549 
  46 E _   0.004 0.043 0.000 0.014 0.003 0.008 0.380 0.547 
  47 G _   0.004 0.049 0.001 0.017 0.004 0.009 0.371 0.546 
  48 A _   0.004 0.053 0.001 0.020 0.004 0.009 0.362 0.546 
  49 M _   0.004 0.057 0.001 0.022 0.004 0.009 0.355 0.549 
  50 D _   0.004 0.058 0.001 0.021 0.004 0.009 0.348 0.555 
  51 E _   0.004 0.058 0.000 0.019 0.004 0.008 0.343 0.564 
  52 L _   0.004 0.057 0.000 0.015 0.003 0.008 0.338 0.575 
  53 H _   0.004 0.055 0.000 0.012 0.003 0.007 0.333 0.586 
  54 S _   0.004 0.052 0.000 0.009 0.002 0.007 0.328 0.597 
  55 L _   0.004 0.051 0.000 0.007 0.002 0.007 0.323 0.606 
  56 D _   0.004 0.051 0.000 0.006 0.002 0.008 0.318 0.611 
  57 P _   0.004 0.054 0.000 0.006 0.002 0.009 0.311 0.613 
  58 R _   0.006 0.060 0.000 0.007 0.003 0.012 0.302 0.610 
  59 R _   0.007 0.073 0.001 0.011 0.005 0.015 0.291 0.597 
  60 Q _   0.009 0.101 0.001 0.016 0.009 0.019 0.276 0.569 
  61 E _   0.011 0.151 0.002 0.024 0.013 0.023 0.257 0.520 
  62 L _   0.012 0.223 0.002 0.032 0.018 0.025 0.234 0.453 
  63 L _   0.011 0.305 0.002 0.039 0.020 0.025 0.213 0.384 
  64 E E   0.010 0.375 0.002 0.043 0.020 0.024 0.197 0.328 
  65 A E   0.010 0.425 0.002 0.044 0.019 0.023 0.185 0.292 
  66 R E   0.009 0.458 0.001 0.044 0.018 0.021 0.177 0.272 
  67 F E   0.009 0.477 0.001 0.042 0.016 0.019 0.172 0.264 
  68 T E   0.008 0.486 0.001 0.039 0.015 0.018 0.168 0.264 
  69 G E   0.008 0.489 0.001 0.035 0.013 0.017 0.166 0.270 
  70 V E   0.008 0.488 0.001 0.031 0.011 0.016 0.164 0.281 
  71 A E   0.008 0.482 0.001 0.026 0.010 0.014 0.164 0.295 
  72 S E   0.008 0.472 0.001 0.021 0.008 0.013 0.163 0.313 
  73 G E   0.008 0.460 0.001 0.017 0.007 0.012 0.164 0.332 
  74 S E   0.007 0.448 0.001 0.014 0.006 0.012 0.164 0.348 
  75 T E   0.007 0.439 0.001 0.012 0.005 0.011 0.164 0.362 
  76 G E   0.006 0.433 0.000 0.011 0.004 0.011 0.164 0.370 
  77 S E   0.006 0.429 0.000 0.011 0.004 0.010 0.164 0.375 
  78 T E   0.005 0.428 0.000 0.013 0.004 0.010 0.163 0.376 
  79 G E   0.005 0.429 0.001 0.015 0.005 0.010 0.163 0.374 
  80 S E   0.005 0.430 0.001 0.017 0.005 0.010 0.163 0.371 
  81 C E   0.004 0.430 0.001 0.020 0.005 0.009 0.163 0.368 
  82 S E   0.004 0.429 0.001 0.022 0.005 0.009 0.163 0.367 
  83 V E   0.004 0.424 0.001 0.023 0.005 0.009 0.165 0.369 
  84 G E   0.004 0.416 0.001 0.023 0.005 0.008 0.166 0.377 
  85 A E   0.004 0.402 0.001 0.022 0.005 0.008 0.169 0.389 
  86 K _   0.004 0.382 0.001 0.020 0.005 0.007 0.173 0.408 
  87 A _   0.004 0.357 0.001 0.017 0.004 0.007 0.178 0.432 
  88 S _   0.004 0.332 0.001 0.013 0.004 0.006 0.183 0.457 
  89 T _   0.003 0.310 0.000 0.010 0.003 0.006 0.188 0.479 
  90 N _   0.003 0.295 0.000 0.008 0.002 0.006 0.192 0.494 
  91 N _   0.003 0.287 0.000 0.007 0.002 0.006 0.195 0.501 
  92 E _   0.003 0.283 0.000 0.007 0.002 0.006 0.197 0.502 
  93 S _   0.003 0.284 0.000 0.008 0.002 0.007 0.199 0.497 
  94 S _   0.003 0.289 0.000 0.011 0.003 0.008 0.200 0.485 
  95 N _   0.004 0.297 0.000 0.016 0.004 0.009 0.201 0.468 
  96 H _   0.004 0.308 0.001 0.023 0.005 0.010 0.202 0.447 
  97 S _   0.004 0.317 0.001 0.030 0.006 0.011 0.204 0.426 
  98 F _   0.004 0.324 0.001 0.037 0.007 0.012 0.207 0.409 
  99 G _   0.005 0.325 0.001 0.041 0.008 0.012 0.211 0.397 
 100 S _   0.005 0.321 0.001 0.044 0.008 0.012 0.217 0.392 
 101 L _   0.005 0.310 0.001 0.044 0.008 0.012 0.226 0.394 
 102 G _   0.006 0.290 0.001 0.041 0.008 0.012 0.237 0.405 
 103 S _   0.006 0.257 0.001 0.037 0.008 0.012 0.253 0.425 
 104 L _   0.007 0.212 0.001 0.032 0.008 0.011 0.274 0.455 
 105 S _   0.007 0.161 0.001 0.026 0.007 0.011 0.298 0.489 
 106 D _   0.008 0.113 0.001 0.020 0.005 0.010 0.323 0.520 
 107 K _   0.007 0.076 0.001 0.014 0.004 0.009 0.344 0.544 
 108 E _   0.007 0.051 0.000 0.010 0.003 0.008 0.362 0.558 
 109 S _   0.006 0.036 0.000 0.008 0.002 0.007 0.375 0.566 
 110 E _   0.005 0.027 0.000 0.006 0.002 0.006 0.384 0.570 
 111 T _   0.005 0.021 0.000 0.005 0.001 0.006 0.391 0.570 
 112 P _   0.004 0.018 0.000 0.005 0.001 0.006 0.396 0.570 
 113 E _   0.004 0.017 0.000 0.005 0.001 0.005 0.399 0.568 
 114 K _   0.004 0.016 0.000 0.006 0.001 0.005 0.401 0.567 
 115 K _   0.004 0.015 0.000 0.006 0.001 0.006 0.402 0.565 
 116 Q _   0.003 0.015 0.000 0.007 0.002 0.006 0.403 0.564 
 117 S _   0.003 0.015 0.000 0.008 0.002 0.006 0.403 0.563 
 118 E _   0.003 0.016 0.000 0.009 0.002 0.006 0.402 0.563 
 119 S _   0.003 0.016 0.000 0.009 0.002 0.006 0.401 0.562 
 120 S _   0.003 0.017 0.000 0.010 0.002 0.006 0.400 0.562 
 121 R _   0.003 0.017 0.000 0.010 0.002 0.006 0.399 0.562 
 122 G _   0.003 0.018 0.000 0.010 0.002 0.006 0.397 0.563 
 123 R _   0.003 0.018 0.000 0.010 0.002 0.006 0.395 0.565 
 124 K _   0.003 0.018 0.000 0.010 0.002 0.006 0.394 0.567 
 125 R _   0.003 0.019 0.000 0.010 0.002 0.005 0.392 0.569 
 126 K _   0.003 0.019 0.000 0.009 0.002 0.005 0.389 0.573 
 127 A _   0.003 0.019 0.000 0.008 0.002 0.005 0.386 0.577 
 128 E _   0.003 0.020 0.000 0.007 0.001 0.005 0.383 0.581 
 129 N _   0.003 0.021 0.000 0.006 0.001 0.005 0.378 0.585 
 130 Q _   0.003 0.022 0.000 0.006 0.001 0.005 0.373 0.589 
 131 N _   0.003 0.025 0.000 0.006 0.001 0.005 0.368 0.592 
 132 E _   0.003 0.028 0.000 0.007 0.002 0.005 0.360 0.594 
 133 S _   0.003 0.034 0.000 0.008 0.002 0.006 0.352 0.595 
 134 S _   0.003 0.043 0.000 0.010 0.003 0.007 0.343 0.591 
 135 Q _   0.003 0.056 0.000 0.013 0.003 0.008 0.331 0.584 
 136 G _   0.004 0.074 0.001 0.017 0.004 0.009 0.319 0.573 
 137 K _   0.004 0.095 0.001 0.021 0.005 0.010 0.306 0.558 
 138 S _   0.004 0.117 0.001 0.025 0.006 0.011 0.294 0.542 
 139 I _   0.004 0.138 0.001 0.029 0.006 0.011 0.283 0.528 
 140 G _   0.004 0.153 0.001 0.031 0.007 0.011 0.274 0.519 
 141 G _   0.004 0.165 0.001 0.032 0.007 0.011 0.267 0.514 
 142 R _   0.004 0.173 0.001 0.032 0.007 0.011 0.261 0.511 
 143 G _   0.004 0.178 0.001 0.031 0.006 0.011 0.257 0.513 
 144 H _   0.004 0.180 0.001 0.030 0.006 0.011 0.253 0.516 
 145 K _   0.004 0.180 0.001 0.028 0.006 0.010 0.250 0.520 
 146 I _   0.004 0.179 0.001 0.027 0.006 0.010 0.249 0.524 
 147 S _   0.004 0.177 0.001 0.026 0.006 0.010 0.248 0.529 
 148 D _   0.005 0.172 0.001 0.025 0.005 0.010 0.247 0.535 
 149 Y _   0.005 0.166 0.001 0.024 0.005 0.009 0.248 0.542 
 150 F _   0.005 0.158 0.001 0.022 0.005 0.009 0.248 0.552 
 151 E _   0.005 0.148 0.001 0.020 0.005 0.008 0.250 0.564 
 152 Y _   0.005 0.136 0.001 0.018 0.004 0.008 0.251 0.578 
 153 Q _   0.005 0.122 0.001 0.015 0.004 0.007 0.253 0.594 
 154 G _   0.004 0.109 0.000 0.012 0.003 0.007 0.254 0.611 
 155 G _   0.004 0.097 0.000 0.009 0.002 0.006 0.255 0.625 
 156 N _   0.004 0.089 0.000 0.007 0.002 0.006 0.256 0.636 
 157 G _   0.004 0.083 0.000 0.007 0.002 0.006 0.256 0.642 
 158 S _   0.004 0.081 0.000 0.006 0.002 0.006 0.256 0.646 
 159 S _   0.004 0.080 0.000 0.007 0.002 0.007 0.255 0.645 
 160 P _   0.004 0.081 0.000 0.009 0.003 0.007 0.254 0.641 
 161 V _   0.004 0.084 0.000 0.013 0.003 0.009 0.252 0.634 
 162 R _   0.005 0.089 0.000 0.018 0.004 0.010 0.251 0.624 
 163 G _   0.005 0.094 0.001 0.023 0.005 0.011 0.249 0.613 
 164 I _   0.005 0.098 0.001 0.028 0.006 0.011 0.248 0.603 
 165 P _   0.005 0.100 0.001 0.032 0.007 0.012 0.248 0.596 
 166 P _   0.005 0.100 0.001 0.034 0.007 0.012 0.248 0.593 
 167 A _   0.005 0.097 0.001 0.034 0.007 0.011 0.250 0.595 
 168 I _   0.005 0.091 0.001 0.031 0.006 0.011 0.252 0.602 
 169 R _   0.005 0.081 0.001 0.027 0.005 0.010 0.256 0.615 
 170 S _   0.005 0.069 0.001 0.021 0.005 0.009 0.259 0.631 
 171 P _   0.005 0.056 0.001 0.017 0.004 0.008 0.263 0.647 
 172 Q _   0.005 0.044 0.000 0.013 0.003 0.007 0.267 0.661 
 173 N _   0.005 0.034 0.000 0.010 0.002 0.007 0.271 0.671 
 174 S _   0.005 0.027 0.000 0.008 0.002 0.006 0.273 0.679 
 175 H _   0.004 0.022 0.000 0.007 0.002 0.006 0.275 0.684 
 176 S _   0.004 0.019 0.000 0.007 0.002 0.006 0.276 0.686 
 177 H _   0.004 0.017 0.000 0.008 0.002 0.006 0.277 0.687 
 178 S _   0.004 0.015 0.000 0.008 0.002 0.006 0.277 0.687 
 179 T _   0.004 0.014 0.000 0.009 0.002 0.006 0.276 0.688 
 180 P _   0.004 0.013 0.000 0.009 0.002 0.006 0.275 0.690 
 181 S _   0.004 0.012 0.000 0.009 0.002 0.006 0.274 0.693 
 182 S _   0.004 0.011 0.000 0.008 0.002 0.006 0.273 0.696 
 183 S _   0.003 0.010 0.000 0.007 0.002 0.005 0.271 0.701 
 184 V _   0.003 0.010 0.000 0.006 0.002 0.005 0.268 0.706 
 185 R _   0.003 0.009 0.000 0.005 0.002 0.005 0.265 0.710 
 186 P _   0.003 0.010 0.000 0.005 0.002 0.006 0.262 0.712 
 187 N _   0.003 0.011 0.000 0.006 0.002 0.007 0.258 0.713 
 188 S _   0.004 0.013 0.000 0.008 0.003 0.008 0.253 0.711 
 189 P _   0.005 0.018 0.000 0.012 0.004 0.010 0.247 0.704 
 190 S _   0.005 0.025 0.001 0.017 0.005 0.012 0.241 0.694 
 191 P _   0.006 0.033 0.001 0.024 0.007 0.014 0.235 0.680 
 192 T _   0.007 0.041 0.001 0.032 0.009 0.016 0.229 0.667 
 193 A _   0.007 0.046 0.001 0.037 0.010 0.017 0.224 0.658 
 194 L _   0.008 0.049 0.001 0.040 0.010 0.017 0.220 0.656 
 195 A _   0.007 0.049 0.001 0.039 0.010 0.016 0.217 0.659 
 196 F _   0.007 0.047 0.001 0.036 0.009 0.016 0.215 0.669 
 197 G _   0.007 0.043 0.001 0.030 0.008 0.015 0.213 0.683 
 198 D _   0.007 0.036 0.001 0.023 0.007 0.014 0.213 0.699 
 199 H _   0.007 0.028 0.001 0.017 0.006 0.013 0.212 0.716 
 200 P _   0.007 0.021 0.001 0.012 0.005 0.013 0.212 0.730 
 201 I _   0.008 0.015 0.000 0.008 0.004 0.013 0.212 0.740 
 202 V _   0.008 0.011 0.000 0.006 0.003 0.014 0.211 0.746 
 203 Q _   0.010 0.009 0.000 0.005 0.003 0.015 0.210 0.748 
 204 P _   0.012 0.008 0.000 0.005 0.004 0.017 0.208 0.745 
 205 K _   0.015 0.008 0.001 0.006 0.005 0.020 0.207 0.740 
 206 Q _   0.019 0.008 0.001 0.007 0.006 0.024 0.205 0.730 
 207 L _   0.024 0.010 0.001 0.008 0.008 0.029 0.202 0.718 
 208 S _   0.031 0.012 0.001 0.009 0.011 0.034 0.200 0.703 
 209 F _   0.039 0.015 0.001 0.011 0.014 0.039 0.197 0.685 
 210 K _   0.047 0.019 0.001 0.012 0.018 0.044 0.195 0.664 
 211 I _   0.057 0.023 0.001 0.013 0.023 0.048 0.192 0.641 
 212 I _   0.066 0.029 0.002 0.015 0.028 0.052 0.190 0.618 
 213 Q _   0.076 0.036 0.002 0.017 0.032 0.055 0.189 0.593 
 214 T _   0.084 0.043 0.002 0.020 0.037 0.057 0.188 0.570 
 215 D _   0.092 0.050 0.002 0.023 0.040 0.058 0.187 0.548 
 216 L _   0.098 0.056 0.002 0.026 0.042 0.057 0.188 0.531 
 217 T _   0.100 0.061 0.002 0.030 0.042 0.055 0.190 0.521 
 218 M _   0.098 0.064 0.002 0.033 0.039 0.051 0.193 0.520 
 219 L _   0.093 0.064 0.002 0.035 0.035 0.046 0.197 0.528 
 220 K _   0.085 0.062 0.002 0.034 0.030 0.041 0.202 0.545 
 221 L _   0.074 0.058 0.002 0.031 0.024 0.035 0.208 0.569 
 222 A _   0.062 0.050 0.002 0.026 0.018 0.030 0.214 0.598 
 223 A _   0.050 0.040 0.001 0.021 0.013 0.024 0.220 0.630 
 224 L _   0.039 0.030 0.001 0.016 0.009 0.019 0.226 0.660 
 225 E _   0.030 0.021 0.001 0.011 0.006 0.015 0.232 0.685 
 226 S _   0.022 0.014 0.000 0.008 0.004 0.012 0.236 0.704 
 227 N _   0.016 0.009 0.000 0.006 0.003 0.009 0.239 0.716 
 228 K _   0.012 0.007 0.000 0.005 0.002 0.008 0.242 0.724 
 229 I _   0.010 0.005 0.000 0.004 0.002 0.006 0.243 0.730 
 230 Q _   0.008 0.005 0.000 0.004 0.001 0.006 0.244 0.733 
 231 D _   0.007 0.005 0.000 0.004 0.001 0.005 0.244 0.734 
 232 L _   0.006 0.005 0.000 0.004 0.001 0.005 0.243 0.735 
 233 E _   0.005 0.006 0.000 0.004 0.002 0.005 0.242 0.736 
 234 K _   0.005 0.007 0.000 0.005 0.002 0.006 0.240 0.735 
 235 K _   0.005 0.010 0.000 0.006 0.002 0.006 0.237 0.733 
 236 E _   0.005 0.013 0.000 0.008 0.002 0.007 0.234 0.730 
 237 G _   0.005 0.019 0.000 0.010 0.003 0.008 0.230 0.725 
 238 R _   0.005 0.026 0.000 0.013 0.004 0.009 0.227 0.717 
 239 I _   0.005 0.034 0.001 0.016 0.004 0.010 0.223 0.708 
 240 D _   0.006 0.042 0.001 0.019 0.005 0.011 0.219 0.698 
 241 D _   0.006 0.049 0.001 0.023 0.006 0.011 0.216 0.689 
 242 L _   0.006 0.054 0.001 0.025 0.006 0.012 0.213 0.683 
 243 L _   0.006 0.058 0.001 0.027 0.006 0.012 0.212 0.679 
 244 R _   0.006 0.060 0.001 0.027 0.006 0.011 0.211 0.678 
 245 A _   0.006 0.060 0.001 0.026 0.006 0.011 0.211 0.679 
 246 N _   0.007 0.058 0.001 0.024 0.006 0.011 0.211 0.683 
 247 C _   0.007 0.055 0.001 0.021 0.005 0.010 0.212 0.689 
 248 D _   0.007 0.051 0.001 0.018 0.004 0.009 0.214 0.697 
 249 L _   0.007 0.045 0.000 0.015 0.004 0.008 0.215 0.705 
 250 R _   0.007 0.040 0.000 0.012 0.003 0.008 0.217 0.713 
 251 R _   0.006 0.035 0.000 0.010 0.003 0.007 0.219 0.721 
 252 Q _   0.006 0.030 0.000 0.008 0.002 0.007 0.220 0.727 
 253 I _   0.005 0.027 0.000 0.007 0.002 0.006 0.221 0.731 
 254 D _   0.005 0.025 0.000 0.006 0.002 0.006 0.221 0.734 
 255 E _   0.005 0.024 0.000 0.006 0.002 0.006 0.221 0.736 
 256 Q _   0.005 0.024 0.000 0.006 0.002 0.006 0.220 0.737 
 257 Q _   0.004 0.024 0.000 0.006 0.002 0.006 0.219 0.737 
 258 K _   0.004 0.025 0.000 0.007 0.002 0.006 0.218 0.737 
 259 L _   0.004 0.027 0.000 0.007 0.002 0.007 0.216 0.736 
 260 L _   0.004 0.029 0.000 0.008 0.003 0.007 0.214 0.735 
 261 E _   0.004 0.032 0.000 0.009 0.003 0.007 0.212 0.732 
 262 K _   0.004 0.035 0.000 0.010 0.003 0.008 0.210 0.729 
 263 Y _   0.005 0.039 0.000 0.011 0.003 0.009 0.207 0.725 
 264 K _   0.005 0.044 0.000 0.012 0.004 0.010 0.205 0.720 
 265 E _   0.006 0.048 0.000 0.012 0.004 0.011 0.204 0.715 
 266 R _   0.006 0.053 0.001 0.014 0.005 0.011 0.202 0.708 
 267 L _   0.007 0.058 0.001 0.015 0.005 0.012 0.201 0.701 
 268 N _   0.008 0.064 0.001 0.017 0.006 0.013 0.199 0.693 
 269 K _   0.008 0.068 0.001 0.018 0.007 0.014 0.198 0.685 
 270 C _   0.009 0.072 0.001 0.020 0.007 0.015 0.198 0.677 
 271 I _   0.010 0.076 0.001 0.022 0.008 0.016 0.198 0.669 
 272 S _   0.011 0.078 0.001 0.024 0.009 0.016 0.198 0.662 
 273 M _   0.011 0.079 0.001 0.025 0.009 0.016 0.199 0.658 
 274 S _   0.012 0.079 0.001 0.026 0.009 0.016 0.201 0.657 
 275 K _   0.012 0.077 0.001 0.025 0.009 0.016 0.203 0.657 
 276 K _   0.012 0.073 0.001 0.024 0.008 0.015 0.206 0.661 
 277 L _   0.012 0.068 0.001 0.022 0.007 0.014 0.209 0.667 
 278 L _   0.011 0.060 0.001 0.020 0.007 0.013 0.212 0.677 
 279 I _   0.011 0.051 0.001 0.017 0.006 0.012 0.216 0.687 
 280 E _   0.010 0.042 0.001 0.014 0.005 0.010 0.220 0.699 
 281 K _   0.009 0.032 0.001 0.011 0.004 0.009 0.224 0.709 
 282 S _   0.009 0.025 0.000 0.009 0.003 0.008 0.228 0.719 
 283 T _   0.008 0.018 0.000 0.007 0.003 0.007 0.231 0.726 
 284 Q _   0.007 0.014 0.000 0.006 0.002 0.007 0.233 0.730 
 285 E _   0.006 0.011 0.000 0.005 0.002 0.006 0.235 0.733 
 286 K _   0.006 0.010 0.000 0.005 0.002 0.006 0.236 0.735 
 287 L _   0.006 0.008 0.000 0.005 0.002 0.006 0.237 0.735 
 288 S _   0.005 0.008 0.000 0.005 0.002 0.006 0.238 0.736 
 289 S _   0.005 0.008 0.000 0.005 0.002 0.006 0.238 0.736 
 290 R _   0.005 0.008 0.000 0.005 0.002 0.007 0.237 0.735 
 291 E _   0.005 0.009 0.000 0.006 0.002 0.008 0.236 0.734 
 292 K _   0.005 0.010 0.000 0.006 0.002 0.008 0.234 0.733 
 293 S _   0.006 0.012 0.000 0.007 0.003 0.010 0.233 0.730 
 294 M _   0.007 0.015 0.000 0.008 0.003 0.011 0.230 0.725 
 295 Q _   0.008 0.019 0.000 0.009 0.004 0.014 0.228 0.718 
 296 D _   0.009 0.025 0.001 0.011 0.006 0.016 0.225 0.707 
 297 R _   0.011 0.033 0.001 0.013 0.008 0.019 0.222 0.693 
 298 L _   0.013 0.043 0.001 0.016 0.010 0.022 0.219 0.676 
 299 R _   0.015 0.054 0.001 0.020 0.012 0.024 0.216 0.658 
 300 L _   0.017 0.065 0.001 0.024 0.014 0.026 0.214 0.639 
 301 G _   0.018 0.075 0.001 0.028 0.016 0.028 0.212 0.622 
 302 H _   0.019 0.083 0.001 0.031 0.018 0.029 0.211 0.608 
 303 F _   0.020 0.088 0.001 0.032 0.018 0.029 0.211 0.600 
 304 T _   0.021 0.091 0.001 0.032 0.018 0.028 0.211 0.598 
 305 T _   0.021 0.091 0.001 0.031 0.017 0.028 0.212 0.600 
 306 V _   0.021 0.089 0.001 0.028 0.016 0.026 0.213 0.605 
 307 R _   0.020 0.086 0.001 0.025 0.014 0.025 0.216 0.614 
 308 H _   0.019 0.080 0.001 0.021 0.012 0.023 0.218 0.625 
 309 G _   0.018 0.074 0.001 0.018 0.011 0.021 0.221 0.635 
 310 A _   0.017 0.068 0.001 0.016 0.009 0.020 0.224 0.645 
 311 S _   0.016 0.063 0.001 0.013 0.008 0.019 0.227 0.653 
 312 F _   0.016 0.057 0.001 0.012 0.007 0.018 0.231 0.659 
 313 T _   0.015 0.053 0.001 0.010 0.006 0.017 0.234 0.664 
 314 E _   0.014 0.050 0.001 0.010 0.006 0.016 0.238 0.667 
 315 Q _   0.013 0.047 0.001 0.009 0.006 0.016 0.241 0.668 
 316 W _   0.012 0.046 0.001 0.009 0.006 0.015 0.244 0.667 
 317 T _   0.012 0.045 0.001 0.009 0.006 0.015 0.247 0.664 
 318 D _   0.012 0.045 0.001 0.010 0.006 0.016 0.251 0.659 
 319 G _   0.013 0.046 0.001 0.011 0.007 0.016 0.254 0.653 
 320 F _   0.013 0.047 0.001 0.013 0.007 0.016 0.258 0.644 
 321 A _   0.014 0.048 0.001 0.015 0.008 0.017 0.262 0.636 
 322 F _   0.014 0.049 0.001 0.016 0.009 0.017 0.266 0.628 
 323 Q _   0.014 0.050 0.001 0.018 0.009 0.017 0.271 0.620 
 324 N _   0.014 0.050 0.001 0.019 0.009 0.017 0.277 0.613 
 325 L _   0.014 0.049 0.001 0.020 0.009 0.016 0.284 0.608 
 326 V _   0.013 0.048 0.001 0.019 0.009 0.016 0.291 0.603 
 327 K _   0.013 0.045 0.001 0.019 0.008 0.015 0.299 0.601 
 328 Q _   0.013 0.041 0.001 0.017 0.007 0.014 0.308 0.600 
 329 Q _   0.012 0.037 0.001 0.015 0.006 0.013 0.317 0.599 
 330 E _   0.011 0.033 0.001 0.013 0.006 0.012 0.327 0.599 
 331 W _   0.010 0.029 0.001 0.011 0.005 0.011 0.336 0.599 
 332 V _   0.009 0.025 0.001 0.009 0.004 0.010 0.345 0.597 
 333 N _   0.008 0.022 0.000 0.008 0.004 0.009 0.354 0.595 
 334 Q _   0.008 0.019 0.000 0.007 0.003 0.008 0.363 0.591 
 335 Q _   0.007 0.018 0.000 0.007 0.003 0.008 0.371 0.586 
 336 R _   0.007 0.017 0.000 0.007 0.003 0.008 0.378 0.580 
 337 E _   0.007 0.017 0.000 0.007 0.003 0.008 0.386 0.572 
 338 D _   0.007 0.018 0.000 0.008 0.003 0.008 0.392 0.564 
 339 I _   0.006 0.018 0.000 0.009 0.003 0.009 0.399 0.555 
 340 E _   0.006 0.019 0.000 0.011 0.004 0.009 0.406 0.544 
 341 R _   0.006 0.021 0.000 0.013 0.004 0.009 0.413 0.533 
 342 Q _   0.006 0.022 0.001 0.016 0.004 0.009 0.420 0.522 
 343 R _   0.006 0.023 0.001 0.017 0.005 0.010 0.428 0.511 
 344 K _   0.006 0.023 0.001 0.019 0.005 0.009 0.437 0.501 
 345 L _   0.006 0.022 0.001 0.019 0.005 0.009 0.446 0.492 
 346 L _   0.006 0.021 0.001 0.018 0.005 0.008 0.456 0.485 
 347 A _   0.005 0.019 0.001 0.017 0.004 0.008 0.468 0.479 
 348 K X   0.005 0.016 0.000 0.014 0.003 0.007 0.480 0.474 
 349 R X   0.005 0.013 0.000 0.012 0.003 0.006 0.491 0.469 
 350 K X   0.004 0.010 0.000 0.009 0.002 0.005 0.503 0.465 
 351 P X   0.004 0.008 0.000 0.007 0.002 0.005 0.514 0.460 
 352 P X   0.004 0.006 0.000 0.006 0.002 0.004 0.523 0.455 
 353 T X   0.004 0.005 0.000 0.005 0.001 0.004 0.531 0.450 
 354 A X   0.003 0.004 0.000 0.004 0.001 0.004 0.538 0.445 
 355 N X   0.003 0.003 0.000 0.004 0.001 0.004 0.544 0.440 
 356 N X   0.003 0.003 0.000 0.004 0.001 0.004 0.549 0.435 
 357 S X   0.003 0.002 0.000 0.005 0.001 0.004 0.554 0.431 
 358 Q X   0.003 0.002 0.000 0.005 0.001 0.004 0.557 0.427 
 359 A X   0.003 0.002 0.000 0.005 0.001 0.004 0.559 0.425 
 360 P X   0.003 0.002 0.000 0.005 0.001 0.004 0.561 0.423 
 361 S X   0.003 0.002 0.000 0.005 0.001 0.004 0.563 0.422 
 362 T X   0.003 0.002 0.000 0.005 0.001 0.004 0.563 0.422 
 363 N X   0.002 0.002 0.000 0.005 0.001 0.003 0.563 0.423 
 364 S X   0.002 0.002 0.000 0.004 0.001 0.003 0.563 0.424 
 365 E X   0.002 0.002 0.000 0.004 0.001 0.003 0.562 0.426 
 366 P X   0.002 0.002 0.000 0.004 0.001 0.003 0.560 0.428 
 367 K X   0.002 0.002 0.000 0.004 0.001 0.003 0.557 0.430 
 368 Q X   0.002 0.002 0.000 0.005 0.001 0.003 0.554 0.433 
 369 R X   0.002 0.003 0.000 0.005 0.001 0.004 0.550 0.435 
 370 K X   0.002 0.004 0.000 0.006 0.001 0.004 0.545 0.438 
 371 N X   0.002 0.005 0.000 0.007 0.002 0.004 0.539 0.441 
 372 K X   0.002 0.006 0.000 0.008 0.002 0.005 0.533 0.444 
 373 A X   0.003 0.007 0.000 0.009 0.002 0.005 0.527 0.447 
 374 V X   0.003 0.008 0.000 0.010 0.002 0.005 0.521 0.451 
 375 N X   0.003 0.009 0.000 0.010 0.002 0.005 0.515 0.456 
 376 G X   0.003 0.010 0.000 0.009 0.002 0.005 0.509 0.462 
 377 A X   0.003 0.011 0.000 0.008 0.002 0.005 0.503 0.468 
 378 E X   0.003 0.011 0.000 0.007 0.002 0.005 0.496 0.475 
 379 N X   0.003 0.012 0.000 0.006 0.002 0.005 0.490 0.482 
 380 D _   0.003 0.013 0.000 0.005 0.002 0.006 0.482 0.489 
 381 P _   0.003 0.015 0.000 0.005 0.002 0.006 0.474 0.494 
 382 F _   0.004 0.018 0.000 0.005 0.002 0.008 0.465 0.498 
 383 V _   0.004 0.024 0.000 0.007 0.003 0.010 0.454 0.498 
 384 R _   0.006 0.035 0.001 0.009 0.004 0.012 0.441 0.493 
 385 P _   0.007 0.054 0.001 0.014 0.007 0.015 0.424 0.479 
 386 N _   0.008 0.084 0.001 0.019 0.009 0.018 0.405 0.456 
 387 L _   0.008 0.121 0.001 0.025 0.012 0.020 0.385 0.427 
 388 P _   0.008 0.160 0.001 0.031 0.013 0.021 0.367 0.399 
 389 Q _   0.008 0.192 0.001 0.035 0.013 0.021 0.352 0.377 
 390 L _   0.008 0.215 0.001 0.037 0.013 0.021 0.339 0.366 
 391 L _   0.008 0.229 0.001 0.037 0.013 0.021 0.330 0.362 
 392 T _   0.008 0.236 0.001 0.036 0.012 0.020 0.322 0.365 
 393 L _   0.008 0.239 0.001 0.033 0.011 0.019 0.316 0.373 
 394 A _   0.008 0.239 0.001 0.029 0.011 0.018 0.311 0.384 
 395 E _   0.008 0.236 0.001 0.025 0.010 0.017 0.307 0.396 
 396 Y _   0.008 0.231 0.001 0.022 0.009 0.017 0.303 0.409 
 397 H _   0.008 0.226 0.001 0.020 0.008 0.016 0.301 0.420 
 398 E _   0.009 0.221 0.001 0.019 0.008 0.016 0.298 0.429 
 399 Q _   0.009 0.216 0.001 0.019 0.008 0.015 0.296 0.436 
 400 E _   0.010 0.211 0.001 0.020 0.008 0.015 0.295 0.442 
 401 E _   0.010 0.205 0.001 0.021 0.008 0.015 0.294 0.447 
 402 I _   0.010 0.198 0.001 0.022 0.008 0.014 0.293 0.454 
 403 F _   0.011 0.187 0.001 0.023 0.008 0.013 0.293 0.464 
 404 K _   0.010 0.173 0.001 0.022 0.007 0.012 0.294 0.480 
 405 L _   0.010 0.153 0.001 0.020 0.007 0.011 0.296 0.501 
 406 R _   0.010 0.129 0.001 0.018 0.006 0.010 0.298 0.529 
 407 L _   0.009 0.103 0.001 0.014 0.005 0.009 0.300 0.559 
 408 G _   0.008 0.078 0.001 0.010 0.004 0.008 0.302 0.588 
 409 H _   0.007 0.060 0.000 0.007 0.003 0.007 0.304 0.611 
 410 L _   0.006 0.048 0.000 0.005 0.002 0.007 0.304 0.627 
 411 K _   0.005 0.042 0.000 0.004 0.002 0.006 0.304 0.636 
 412 K _   0.005 0.040 0.000 0.003 0.002 0.006 0.303 0.641 
 413 E _   0.005 0.039 0.000 0.004 0.002 0.007 0.301 0.642 
 414 E _   0.005 0.042 0.000 0.005 0.002 0.008 0.298 0.640 
 415 A _   0.006 0.047 0.000 0.007 0.003 0.009 0.295 0.634 
 416 E _   0.006 0.055 0.000 0.010 0.004 0.010 0.291 0.623 
 417 I _   0.007 0.065 0.001 0.014 0.005 0.011 0.286 0.611 
 418 Q _   0.007 0.077 0.001 0.017 0.006 0.012 0.282 0.598 
 419 A _   0.007 0.087 0.001 0.020 0.007 0.013 0.279 0.588 
 420 E _   0.007 0.094 0.001 0.021 0.007 0.014 0.275 0.580 
 421 L _   0.007 0.099 0.001 0.021 0.007 0.014 0.273 0.577 
 422 E _   0.008 0.102 0.001 0.020 0.007 0.014 0.271 0.577 
 423 R _   0.008 0.104 0.001 0.018 0.007 0.014 0.270 0.578 
 424 L _   0.008 0.105 0.001 0.016 0.006 0.014 0.270 0.579 
 425 E _   0.009 0.105 0.001 0.015 0.006 0.015 0.269 0.580 
 426 R _   0.009 0.106 0.001 0.014 0.006 0.015 0.269 0.578 
 427 V _   0.010 0.107 0.001 0.015 0.007 0.016 0.270 0.575 
 428 R _   0.011 0.109 0.001 0.017 0.007 0.016 0.270 0.569 
 429 N _   0.012 0.112 0.001 0.020 0.008 0.016 0.271 0.560 
 430 L _   0.012 0.114 0.001 0.024 0.009 0.017 0.272 0.551 
 431 H _   0.013 0.115 0.001 0.027 0.009 0.017 0.274 0.543 
 432 I _   0.013 0.115 0.001 0.030 0.010 0.016 0.277 0.539 
 433 R _   0.012 0.112 0.001 0.031 0.009 0.015 0.281 0.538 
 434 E _   0.012 0.105 0.001 0.030 0.008 0.014 0.286 0.544 
 435 L _   0.011 0.095 0.001 0.027 0.007 0.013 0.292 0.554 
 436 K _   0.010 0.081 0.001 0.023 0.006 0.011 0.298 0.569 
 437 R _   0.009 0.063 0.001 0.019 0.005 0.010 0.305 0.588 
 438 I _   0.008 0.045 0.001 0.014 0.004 0.008 0.313 0.607 
 439 N _   0.008 0.029 0.000 0.010 0.003 0.007 0.319 0.624 
 440 N _   0.007 0.018 0.000 0.007 0.002 0.006 0.324 0.636 
 441 E _   0.006 0.010 0.000 0.005 0.002 0.005 0.328 0.644 
 442 D _   0.005 0.006 0.000 0.004 0.001 0.005 0.330 0.649 
 443 N _   0.004 0.003 0.000 0.003 0.001 0.004 0.331 0.652 
 444 S _   0.004 0.002 0.000 0.003 0.001 0.004 0.331 0.654 
 445 Q _   0.004 0.001 0.000 0.002 0.001 0.005 0.330 0.656 
 446 F _   0.004 0.001 0.000 0.002 0.001 0.005 0.328 0.658 
 447 K _   0.004 0.001 0.000 0.002 0.001 0.007 0.325 0.659 
 448 D _   0.005 0.001 0.000 0.003 0.001 0.009 0.321 0.660 
 449 H _   0.008 0.001 0.000 0.003 0.002 0.013 0.315 0.657 
 450 P _   0.013 0.002 0.000 0.004 0.003 0.019 0.308 0.651 
 451 T _   0.020 0.003 0.001 0.006 0.006 0.028 0.299 0.638 
 452 L _   0.032 0.007 0.001 0.008 0.011 0.039 0.288 0.614 
 453 N _   0.048 0.014 0.001 0.012 0.019 0.052 0.275 0.579 
 454 E _   0.065 0.025 0.002 0.017 0.032 0.066 0.261 0.532 
 455 R _   0.083 0.040 0.002 0.023 0.045 0.077 0.247 0.483 
 456 Y _   0.099 0.057 0.003 0.030 0.057 0.084 0.234 0.436 
 457 L _   0.112 0.072 0.003 0.036 0.066 0.088 0.224 0.400 
 458 L _   0.121 0.083 0.003 0.040 0.071 0.089 0.217 0.376 
 459 L _   0.128 0.089 0.003 0.043 0.073 0.087 0.211 0.366 
 460 H _   0.133 0.092 0.003 0.042 0.071 0.083 0.207 0.369 
 461 L _   0.134 0.090 0.003 0.040 0.067 0.078 0.204 0.385 
 462 L _   0.131 0.085 0.003 0.035 0.060 0.072 0.203 0.412 
 463 G _   0.126 0.076 0.003 0.030 0.052 0.065 0.202 0.447 
 464 R _   0.117 0.065 0.002 0.025 0.042 0.058 0.202 0.488 
 465 G _   0.105 0.053 0.002 0.020 0.033 0.051 0.203 0.533 
 466 G _   0.092 0.041 0.002 0.017 0.025 0.044 0.205 0.575 
 467 F _   0.078 0.032 0.001 0.014 0.018 0.038 0.207 0.613 
 468 S _   0.065 0.025 0.001 0.012 0.013 0.033 0.208 0.644 
 469 E _   0.052 0.019 0.001 0.010 0.010 0.028 0.210 0.670 
 470 V _   0.041 0.016 0.001 0.009 0.008 0.024 0.211 0.691 
 471 Y _   0.033 0.013 0.001 0.008 0.006 0.021 0.211 0.708 
 472 K _   0.026 0.011 0.001 0.007 0.005 0.018 0.212 0.721 
 473 A _   0.022 0.010 0.000 0.006 0.004 0.017 0.211 0.730 
 474 F _   0.018 0.010 0.000 0.005 0.004 0.016 0.211 0.735 
 475 D _   0.017 0.011 0.000 0.005 0.004 0.016 0.210 0.737 
 476 L _   0.016 0.012 0.000 0.006 0.004 0.017 0.209 0.735 
 477 Y _   0.017 0.016 0.001 0.007 0.005 0.018 0.208 0.729 
 478 E _   0.018 0.022 0.001 0.010 0.007 0.020 0.206 0.716 
 479 Q _   0.019 0.032 0.001 0.015 0.010 0.022 0.204 0.697 
 480 R _   0.020 0.047 0.001 0.022 0.013 0.024 0.202 0.671 
 481 Y _   0.021 0.064 0.001 0.030 0.015 0.025 0.201 0.644 
 482 A _   0.021 0.078 0.001 0.037 0.017 0.026 0.200 0.620 
 483 A _   0.021 0.088 0.001 0.044 0.017 0.025 0.200 0.604 
 484 V _   0.020 0.094 0.001 0.047 0.017 0.024 0.200 0.596 
 485 K _   0.019 0.095 0.001 0.048 0.015 0.022 0.202 0.596 
 486 I _   0.018 0.093 0.001 0.045 0.013 0.020 0.205 0.604 
 487 H _   0.016 0.088 0.001 0.039 0.011 0.018 0.209 0.618 
 488 Q _   0.015 0.077 0.001 0.032 0.009 0.015 0.214 0.637 
 489 L _   0.013 0.064 0.001 0.025 0.007 0.013 0.219 0.659 
 490 N _   0.012 0.048 0.001 0.018 0.005 0.011 0.224 0.682 
 491 K _   0.010 0.034 0.001 0.013 0.004 0.009 0.228 0.702 
 492 S _   0.009 0.022 0.000 0.009 0.003 0.007 0.232 0.718 
 493 W _   0.008 0.015 0.000 0.006 0.002 0.006 0.234 0.729 
 494 R _   0.006 0.010 0.000 0.005 0.001 0.005 0.236 0.736 
 495 D _   0.005 0.008 0.000 0.004 0.001 0.005 0.236 0.741 
 496 E _   0.005 0.007 0.000 0.003 0.001 0.004 0.235 0.745 
 497 K _   0.004 0.006 0.000 0.003 0.001 0.004 0.233 0.748 
 498 K _   0.004 0.007 0.000 0.003 0.001 0.005 0.230 0.750 
 499 E _   0.004 0.008 0.000 0.004 0.001 0.005 0.226 0.751 
 500 N _   0.004 0.011 0.000 0.006 0.002 0.006 0.221 0.750 
 501 Y _   0.004 0.015 0.000 0.008 0.002 0.008 0.214 0.748 
 502 H _   0.005 0.024 0.000 0.012 0.003 0.009 0.206 0.741 
 503 K _   0.005 0.036 0.001 0.017 0.005 0.011 0.196 0.730 
 504 H _   0.006 0.050 0.001 0.023 0.006 0.013 0.186 0.716 
 505 A _   0.006 0.065 0.001 0.029 0.007 0.014 0.177 0.702 
 506 C _   0.006 0.078 0.001 0.033 0.008 0.015 0.168 0.691 
 507 R _   0.006 0.087 0.001 0.037 0.009 0.015 0.161 0.684 
 508 E _   0.006 0.093 0.001 0.038 0.009 0.015 0.155 0.683 
 509 Y _   0.006 0.095 0.001 0.036 0.008 0.015 0.150 0.688 
 510 R _   0.006 0.095 0.001 0.032 0.008 0.014 0.146 0.697 
 511 I _   0.006 0.093 0.001 0.027 0.007 0.013 0.143 0.710 
 512 H _   0.006 0.089 0.001 0.022 0.006 0.012 0.140 0.723 
 513 K _   0.006 0.084 0.001 0.018 0.005 0.012 0.138 0.736 
 514 E _   0.007 0.080 0.001 0.014 0.005 0.012 0.136 0.746 
 515 L _   0.007 0.077 0.001 0.013 0.004 0.012 0.134 0.754 
 516 D _   0.007 0.075 0.001 0.012 0.005 0.012 0.131 0.757 
 517 H _   0.008 0.075 0.001 0.013 0.005 0.013 0.129 0.757 
 518 P _   0.008 0.076 0.001 0.016 0.006 0.014 0.127 0.754 
 519 R _   0.009 0.077 0.001 0.019 0.007 0.015 0.124 0.749 
 520 I _   0.010 0.079 0.001 0.022 0.008 0.015 0.122 0.744 
 521 V _   0.010 0.079 0.001 0.025 0.008 0.016 0.120 0.742 
 522 K _   0.010 0.078 0.001 0.025 0.008 0.016 0.118 0.744 
 523 L _   0.010 0.074 0.001 0.024 0.008 0.015 0.117 0.752 
 524 Y _   0.009 0.068 0.001 0.020 0.007 0.014 0.116 0.764 
 525 D _   0.009 0.060 0.001 0.016 0.006 0.014 0.115 0.780 
 526 Y _   0.009 0.051 0.001 0.012 0.005 0.013 0.114 0.796 
 527 F _   0.009 0.044 0.000 0.008 0.004 0.014 0.113 0.809 
 528 S _   0.009 0.040 0.000 0.006 0.003 0.014 0.111 0.816 
 529 L _   0.011 0.039 0.000 0.005 0.004 0.016 0.109 0.816 
 530 D _   0.013 0.041 0.001 0.006 0.005 0.020 0.107 0.808 
 531 T _   0.017 0.048 0.001 0.009 0.008 0.024 0.104 0.789 
 532 D _   0.022 0.067 0.001 0.016 0.014 0.030 0.099 0.751 
 533 T _   0.025 0.105 0.002 0.027 0.021 0.035 0.094 0.691 
 534 F _   0.027 0.153 0.002 0.042 0.027 0.037 0.089 0.623 
 535 C _   0.028 0.195 0.002 0.056 0.030 0.038 0.085 0.566 
 536 T _   0.028 0.220 0.002 0.067 0.030 0.037 0.082 0.533 
 537 V _   0.027 0.232 0.002 0.073 0.029 0.036 0.080 0.521 
 538 L _   0.026 0.235 0.002 0.073 0.028 0.033 0.079 0.525 
 539 E _   0.024 0.229 0.002 0.067 0.025 0.030 0.079 0.545 
 540 Y _   0.022 0.212 0.002 0.057 0.021 0.027 0.080 0.580 
 541 C _   0.020 0.182 0.002 0.044 0.017 0.023 0.082 0.631 
 542 E _   0.018 0.142 0.002 0.033 0.013 0.020 0.084 0.689 
 543 G _   0.016 0.099 0.001 0.023 0.010 0.018 0.086 0.748 
 544 N _   0.014 0.064 0.001 0.015 0.007 0.015 0.088 0.795 
 545 D _   0.013 0.041 0.001 0.011 0.005 0.013 0.089 0.827 
 546 L _   0.011 0.027 0.000 0.009 0.004 0.012 0.090 0.847 
 547 D _   0.010 0.018 0.000 0.007 0.003 0.011 0.091 0.860 
 548 F _   0.009 0.013 0.000 0.007 0.003 0.010 0.091 0.867 
 549 Y _   0.008 0.009 0.000 0.007 0.003 0.009 0.090 0.873 
 550 L _   0.008 0.007 0.000 0.007 0.003 0.009 0.089 0.876 
 551 K _   0.008 0.005 0.000 0.007 0.003 0.009 0.088 0.880 
 552 Q _   0.009 0.004 0.000 0.007 0.003 0.009 0.087 0.882 
 553 H _   0.010 0.002 0.000 0.006 0.003 0.009 0.085 0.884 
 554 K _   0.013 0.001 0.000 0.005 0.003 0.010 0.083 0.885 
 555 L _   0.018 0.001 0.000 0.004 0.003 0.011 0.080 0.882 
 556 M _   0.028 0.000 0.000 0.004 0.003 0.013 0.077 0.875 
 557 S _   0.045 0.000 0.000 0.003 0.004 0.016 0.074 0.858 
 558 E _   0.073 0.000 0.001 0.003 0.005 0.020 0.070 0.829 
 559 K _   0.116 0.000 0.001 0.003 0.008 0.025 0.065 0.783 
 560 E _   0.176 0.000 0.001 0.003 0.012 0.032 0.060 0.717 
 561 A _   0.247 0.000 0.001 0.003 0.018 0.039 0.054 0.637 
 562 R _   0.321 0.000 0.002 0.004 0.026 0.046 0.050 0.551 
 563 S _   0.388 0.000 0.002 0.005 0.035 0.051 0.046 0.473 
 564 I H   0.442 0.001 0.002 0.006 0.042 0.054 0.044 0.410 
 565 V H   0.480 0.001 0.002 0.007 0.047 0.054 0.043 0.365 
 566 M H   0.503 0.002 0.002 0.009 0.049 0.053 0.042 0.339 
 567 Q H   0.511 0.003 0.002 0.011 0.050 0.051 0.042 0.330 
 568 I H   0.506 0.003 0.002 0.011 0.048 0.048 0.043 0.338 
 569 V H   0.489 0.003 0.002 0.011 0.045 0.044 0.044 0.362 
 570 N H   0.459 0.002 0.002 0.010 0.039 0.040 0.046 0.401 
 571 A _   0.416 0.002 0.002 0.009 0.032 0.036 0.048 0.455 
 572 L _   0.361 0.001 0.002 0.008 0.025 0.032 0.051 0.521 
 573 R _   0.301 0.001 0.001 0.006 0.018 0.027 0.054 0.591 
 574 Y _   0.241 0.000 0.001 0.005 0.013 0.023 0.057 0.658 
 575 L _   0.184 0.000 0.001 0.005 0.009 0.020 0.060 0.720 
 576 N _   0.136 0.000 0.001 0.005 0.007 0.017 0.063 0.771 
 577 E _   0.099 0.000 0.001 0.005 0.006 0.015 0.065 0.810 
 578 I _   0.071 0.000 0.001 0.005 0.005 0.014 0.067 0.838 
 579 K _   0.051 0.000 0.001 0.005 0.004 0.012 0.068 0.859 
 580 P _   0.036 0.001 0.000 0.005 0.004 0.011 0.069 0.873 
 581 P _   0.027 0.001 0.000 0.006 0.003 0.010 0.070 0.883 
 582 I _   0.020 0.001 0.000 0.006 0.003 0.010 0.070 0.890 
 583 I _   0.015 0.001 0.000 0.006 0.003 0.010 0.070 0.894 
 584 H _   0.013 0.002 0.000 0.006 0.003 0.010 0.070 0.897 
 585 Y _   0.011 0.002 0.000 0.005 0.003 0.010 0.069 0.899 
 586 D _   0.010 0.003 0.000 0.005 0.003 0.011 0.069 0.899 
 587 L _   0.010 0.004 0.000 0.005 0.003 0.012 0.068 0.897 
 588 K _   0.011 0.006 0.000 0.006 0.004 0.014 0.067 0.892 
 589 P _   0.012 0.011 0.001 0.007 0.005 0.016 0.065 0.884 
 590 G _   0.014 0.018 0.001 0.009 0.006 0.019 0.063 0.869 
 591 N _   0.017 0.030 0.001 0.012 0.009 0.023 0.061 0.848 
 592 I _   0.020 0.048 0.001 0.015 0.011 0.027 0.059 0.819 
 593 L _   0.023 0.072 0.001 0.019 0.015 0.031 0.056 0.784 
 594 L _   0.026 0.099 0.002 0.022 0.018 0.034 0.054 0.746 
 595 V _   0.028 0.128 0.002 0.025 0.020 0.037 0.051 0.710 
 596 D _   0.030 0.154 0.002 0.026 0.023 0.039 0.049 0.678 
 597 G _   0.031 0.179 0.002 0.027 0.024 0.040 0.047 0.650 
 598 T _   0.032 0.201 0.002 0.028 0.025 0.040 0.046 0.626 
 599 A _   0.033 0.221 0.002 0.029 0.025 0.040 0.045 0.606 
 600 C _   0.033 0.239 0.002 0.030 0.025 0.040 0.044 0.589 
 601 G _   0.032 0.254 0.002 0.031 0.024 0.039 0.043 0.575 
 602 E _   0.031 0.267 0.002 0.033 0.023 0.037 0.043 0.565 
 603 I _   0.030 0.276 0.002 0.034 0.022 0.035 0.043 0.559 
 604 K _   0.028 0.283 0.001 0.036 0.021 0.032 0.043 0.556 
 605 I _   0.025 0.286 0.001 0.037 0.019 0.030 0.043 0.558 
 606 T _   0.023 0.285 0.001 0.038 0.017 0.027 0.044 0.565 
 607 D _   0.020 0.280 0.001 0.038 0.015 0.024 0.045 0.577 
 608 F _   0.018 0.270 0.001 0.036 0.013 0.021 0.047 0.594 
 609 G _   0.015 0.254 0.001 0.034 0.012 0.019 0.049 0.617 
 610 L _   0.014 0.232 0.001 0.030 0.010 0.016 0.051 0.646 
 611 S _   0.012 0.204 0.001 0.025 0.008 0.014 0.054 0.682 
 612 K _   0.011 0.174 0.001 0.020 0.006 0.012 0.056 0.720 
 613 I _   0.009 0.144 0.001 0.016 0.005 0.010 0.059 0.756 
 614 M _   0.008 0.120 0.001 0.012 0.004 0.009 0.061 0.786 
 615 D _   0.007 0.102 0.000 0.009 0.003 0.008 0.062 0.809 
 616 D _   0.006 0.091 0.000 0.007 0.002 0.007 0.063 0.823 
 617 D _   0.005 0.084 0.000 0.006 0.002 0.006 0.064 0.832 
 618 S _   0.005 0.081 0.000 0.006 0.002 0.006 0.064 0.836 
 619 Y _   0.005 0.081 0.000 0.006 0.002 0.006 0.064 0.836 
 620 G _   0.005 0.082 0.000 0.007 0.002 0.007 0.064 0.833 
 621 V _   0.005 0.086 0.000 0.008 0.002 0.007 0.063 0.827 
 622 D _   0.005 0.092 0.000 0.010 0.003 0.008 0.062 0.819 
 623 G _   0.005 0.100 0.000 0.012 0.003 0.009 0.060 0.810 
 624 M _   0.005 0.109 0.000 0.013 0.004 0.010 0.059 0.800 
 625 D _   0.005 0.119 0.001 0.015 0.004 0.010 0.057 0.789 
 626 L _   0.005 0.128 0.001 0.016 0.005 0.011 0.056 0.779 
 627 T _   0.005 0.137 0.001 0.016 0.005 0.012 0.054 0.769 
 628 S _   0.006 0.147 0.001 0.017 0.005 0.013 0.053 0.759 
 629 Q _   0.006 0.156 0.001 0.018 0.006 0.014 0.051 0.748 
 630 G _   0.007 0.166 0.001 0.020 0.007 0.015 0.050 0.735 
 631 A _   0.008 0.176 0.001 0.021 0.007 0.016 0.049 0.722 
 632 G _   0.008 0.185 0.001 0.023 0.008 0.017 0.048 0.709 
 633 T _   0.009 0.194 0.001 0.025 0.009 0.018 0.047 0.697 
 634 Y _   0.010 0.201 0.001 0.026 0.010 0.019 0.046 0.686 
 635 W _   0.011 0.207 0.001 0.028 0.011 0.020 0.046 0.676 
 636 Y _   0.011 0.211 0.001 0.031 0.012 0.020 0.046 0.669 
 637 L _   0.012 0.213 0.001 0.033 0.012 0.021 0.046 0.663 
 638 P _   0.012 0.213 0.001 0.034 0.013 0.020 0.046 0.660 
 639 P _   0.013 0.211 0.001 0.036 0.013 0.020 0.047 0.660 
 640 E _   0.013 0.205 0.001 0.037 0.013 0.019 0.047 0.664 
 641 C _   0.013 0.196 0.001 0.037 0.012 0.018 0.049 0.673 
 642 F _   0.013 0.182 0.001 0.036 0.012 0.017 0.050 0.689 
 643 V _   0.012 0.161 0.001 0.033 0.011 0.016 0.052 0.713 
 644 V _   0.012 0.133 0.001 0.029 0.009 0.014 0.055 0.746 
 645 G _   0.011 0.100 0.001 0.023 0.008 0.013 0.057 0.787 
 646 K _   0.011 0.067 0.001 0.017 0.006 0.011 0.059 0.828 
 647 E _   0.010 0.038 0.001 0.012 0.004 0.010 0.061 0.865 
 648 P _   0.010 0.017 0.000 0.007 0.003 0.008 0.062 0.893 
 649 P _   0.011 0.006 0.000 0.004 0.002 0.007 0.062 0.907 
 650 K _   0.015 0.002 0.000 0.002 0.002 0.007 0.062 0.910 
 651 I _   0.023 0.000 0.000 0.002 0.002 0.008 0.061 0.904 
 652 S _   0.042 0.000 0.000 0.002 0.002 0.010 0.060 0.884 
 653 N _   0.079 0.000 0.000 0.002 0.004 0.014 0.058 0.844 
 654 K _   0.143 0.000 0.001 0.002 0.006 0.020 0.055 0.773 
 655 V _   0.236 0.000 0.001 0.002 0.011 0.027 0.052 0.670 
 656 D _   0.342 0.000 0.001 0.003 0.019 0.035 0.049 0.550 
 657 V H   0.442 0.000 0.002 0.003 0.030 0.043 0.047 0.433 
 658 W H   0.526 0.000 0.002 0.004 0.041 0.048 0.045 0.334 
 659 S H   0.587 0.001 0.002 0.005 0.051 0.050 0.044 0.260 
 660 V H   0.628 0.002 0.002 0.006 0.057 0.050 0.045 0.209 
 661 G H   0.652 0.003 0.002 0.007 0.061 0.049 0.046 0.179 
 662 V H   0.663 0.003 0.002 0.009 0.063 0.046 0.049 0.164 
 663 I H   0.658 0.004 0.003 0.010 0.063 0.044 0.053 0.166 
