#TopoPred_TM8: 8-state transmembrane topology prediction results by no_profile mode 
#probabilities are in the order of H E C I L F X _, the 8 transmembrane topology types used in PDBTM 
   1 M X   0.009 0.001 0.002 0.046 0.008 0.008 0.830 0.096 
   2 G X   0.004 0.000 0.000 0.026 0.002 0.004 0.855 0.109 
   3 C X   0.001 0.000 0.000 0.014 0.001 0.002 0.862 0.119 
   4 S X   0.001 0.000 0.000 0.009 0.000 0.002 0.861 0.126 
   5 Q X   0.001 0.001 0.000 0.007 0.000 0.003 0.858 0.131 
   6 S X   0.001 0.001 0.000 0.006 0.001 0.003 0.852 0.136 
   7 S X   0.001 0.001 0.000 0.006 0.001 0.004 0.845 0.142 
   8 N X   0.002 0.002 0.000 0.007 0.001 0.004 0.836 0.147 
   9 V X   0.002 0.004 0.000 0.009 0.002 0.005 0.825 0.153 
  10 K X   0.002 0.006 0.000 0.011 0.002 0.006 0.813 0.159 
  11 D X   0.002 0.008 0.000 0.014 0.003 0.006 0.801 0.165 
  12 F X   0.002 0.011 0.000 0.017 0.003 0.007 0.789 0.171 
  13 K X   0.002 0.013 0.000 0.019 0.003 0.007 0.778 0.177 
  14 T X   0.002 0.014 0.000 0.020 0.004 0.007 0.769 0.184 
  15 R X   0.002 0.015 0.000 0.019 0.003 0.006 0.761 0.192 
  16 R X   0.002 0.015 0.000 0.018 0.003 0.006 0.755 0.199 
  17 S X   0.002 0.015 0.000 0.016 0.003 0.006 0.750 0.207 
  18 K X   0.002 0.015 0.000 0.014 0.002 0.005 0.746 0.216 
  19 F X   0.002 0.014 0.000 0.012 0.002 0.005 0.742 0.224 
  20 T X   0.002 0.012 0.000 0.010 0.002 0.004 0.738 0.231 
  21 N X   0.002 0.011 0.000 0.008 0.002 0.004 0.734 0.239 
  22 G X   0.002 0.010 0.000 0.007 0.001 0.004 0.730 0.246 
  23 N X   0.002 0.009 0.000 0.006 0.001 0.003 0.725 0.253 
  24 N X   0.002 0.008 0.000 0.005 0.001 0.003 0.720 0.260 
  25 Y X   0.002 0.007 0.000 0.005 0.001 0.003 0.714 0.268 
  26 G X   0.002 0.007 0.000 0.004 0.001 0.003 0.707 0.276 
  27 K X   0.002 0.007 0.000 0.004 0.001 0.003 0.698 0.286 
  28 S X   0.002 0.007 0.000 0.004 0.001 0.003 0.686 0.297 
  29 G X   0.002 0.008 0.000 0.004 0.001 0.003 0.673 0.309 
  30 N X   0.002 0.009 0.000 0.005 0.001 0.004 0.656 0.323 
  31 N X   0.002 0.012 0.000 0.006 0.002 0.005 0.636 0.338 
  32 K X   0.002 0.017 0.000 0.008 0.002 0.006 0.612 0.352 
  33 N X   0.003 0.026 0.000 0.012 0.003 0.008 0.583 0.365 
  34 S X   0.003 0.040 0.001 0.018 0.004 0.010 0.550 0.375 
  35 E X   0.004 0.060 0.001 0.024 0.006 0.012 0.513 0.381 
  36 D X   0.004 0.085 0.001 0.031 0.007 0.013 0.475 0.383 
  37 L X   0.004 0.111 0.001 0.038 0.009 0.015 0.439 0.383 
  38 A X   0.004 0.134 0.001 0.043 0.009 0.015 0.408 0.384 
  39 I _   0.005 0.152 0.001 0.046 0.009 0.015 0.383 0.388 
  40 N _   0.005 0.163 0.001 0.047 0.009 0.015 0.364 0.396 
  41 P _   0.005 0.170 0.001 0.045 0.009 0.015 0.348 0.408 
  42 G _   0.005 0.172 0.001 0.041 0.008 0.014 0.336 0.423 
  43 M _   0.005 0.172 0.001 0.035 0.007 0.013 0.325 0.442 
  44 Y _   0.005 0.168 0.001 0.028 0.006 0.012 0.316 0.463 
  45 V _   0.005 0.163 0.001 0.021 0.005 0.011 0.309 0.486 
  46 R _   0.005 0.156 0.001 0.016 0.004 0.010 0.301 0.507 
  47 K _   0.005 0.151 0.000 0.012 0.003 0.009 0.294 0.526 
  48 K _   0.005 0.148 0.000 0.009 0.003 0.009 0.286 0.540 
  49 E _   0.005 0.147 0.000 0.008 0.003 0.009 0.278 0.550 
  50 G _   0.005 0.149 0.000 0.008 0.003 0.009 0.269 0.556 
  51 K _   0.005 0.155 0.000 0.009 0.004 0.010 0.259 0.558 
  52 I _   0.006 0.164 0.001 0.012 0.004 0.010 0.248 0.556 
  53 G _   0.006 0.176 0.001 0.015 0.005 0.011 0.236 0.550 
  54 E _   0.006 0.190 0.001 0.017 0.006 0.012 0.224 0.544 
  55 S _   0.006 0.204 0.001 0.019 0.006 0.012 0.213 0.539 
  56 Y _   0.006 0.215 0.001 0.020 0.006 0.012 0.203 0.537 
  57 F _   0.005 0.224 0.001 0.021 0.006 0.012 0.194 0.537 
  58 K _   0.005 0.231 0.001 0.020 0.006 0.011 0.186 0.540 
  59 V _   0.005 0.235 0.001 0.018 0.006 0.011 0.179 0.545 
  60 R _   0.005 0.239 0.001 0.016 0.005 0.011 0.172 0.550 
  61 K _   0.005 0.243 0.001 0.015 0.005 0.011 0.165 0.554 
  62 L _   0.006 0.247 0.001 0.015 0.005 0.012 0.159 0.555 
  63 G _   0.006 0.253 0.001 0.016 0.006 0.012 0.153 0.554 
  64 S _   0.006 0.260 0.001 0.018 0.007 0.013 0.146 0.549 
  65 G _   0.007 0.269 0.001 0.022 0.007 0.014 0.140 0.540 
  66 A _   0.007 0.278 0.001 0.026 0.008 0.014 0.134 0.530 
  67 Y _   0.008 0.286 0.001 0.031 0.009 0.015 0.129 0.521 
  68 G _   0.008 0.290 0.001 0.035 0.010 0.015 0.125 0.516 
  69 E _   0.008 0.291 0.001 0.037 0.010 0.015 0.122 0.517 
  70 V _   0.009 0.286 0.001 0.037 0.010 0.014 0.119 0.526 
  71 L _   0.008 0.275 0.001 0.034 0.009 0.013 0.117 0.543 
  72 L _   0.008 0.256 0.001 0.030 0.008 0.012 0.116 0.569 
  73 C _   0.008 0.229 0.001 0.024 0.007 0.011 0.115 0.605 
  74 R _   0.008 0.196 0.001 0.018 0.006 0.010 0.114 0.648 
  75 E _   0.007 0.165 0.001 0.013 0.004 0.009 0.114 0.686 
  76 K _   0.007 0.143 0.000 0.009 0.003 0.009 0.113 0.716 
  77 H _   0.006 0.130 0.000 0.007 0.003 0.008 0.112 0.734 
  78 G _   0.006 0.124 0.000 0.006 0.002 0.009 0.110 0.742 
  79 H _   0.006 0.123 0.000 0.006 0.003 0.009 0.108 0.744 
  80 G _   0.007 0.126 0.000 0.008 0.003 0.010 0.106 0.740 
  81 E _   0.007 0.132 0.001 0.011 0.004 0.011 0.103 0.731 
  82 K _   0.008 0.141 0.001 0.016 0.005 0.012 0.100 0.718 
  83 A _   0.008 0.151 0.001 0.020 0.006 0.013 0.096 0.704 
  84 I _   0.008 0.160 0.001 0.024 0.007 0.014 0.093 0.693 
  85 K _   0.008 0.166 0.001 0.027 0.008 0.014 0.091 0.686 
  86 V _   0.008 0.169 0.001 0.027 0.008 0.014 0.089 0.685 
  87 I _   0.008 0.168 0.001 0.027 0.008 0.014 0.087 0.688 
  88 K _   0.008 0.165 0.001 0.025 0.007 0.013 0.086 0.695 
  89 K _   0.008 0.159 0.001 0.022 0.007 0.013 0.085 0.706 
  90 S _   0.007 0.152 0.001 0.019 0.006 0.012 0.085 0.718 
  91 Q _   0.007 0.143 0.001 0.017 0.006 0.012 0.085 0.729 
  92 F _   0.007 0.135 0.001 0.016 0.005 0.011 0.085 0.739 
  93 D _   0.007 0.128 0.001 0.015 0.005 0.011 0.085 0.748 
  94 K _   0.007 0.121 0.001 0.015 0.005 0.011 0.085 0.754 
  95 M _   0.008 0.116 0.001 0.016 0.005 0.011 0.085 0.759 
  96 K _   0.008 0.110 0.001 0.017 0.005 0.011 0.085 0.764 
  97 Y _   0.008 0.104 0.001 0.017 0.005 0.011 0.085 0.769 
  98 S _   0.008 0.097 0.001 0.018 0.005 0.010 0.086 0.776 
  99 I _   0.007 0.088 0.001 0.017 0.005 0.010 0.087 0.785 
 100 T _   0.007 0.079 0.001 0.016 0.005 0.009 0.087 0.797 
 101 N _   0.007 0.068 0.001 0.013 0.004 0.009 0.088 0.811 
 102 K _   0.006 0.058 0.000 0.011 0.003 0.008 0.089 0.824 
 103 I _   0.006 0.049 0.000 0.008 0.003 0.008 0.089 0.837 
 104 E _   0.006 0.042 0.000 0.006 0.002 0.007 0.089 0.846 
 105 C _   0.005 0.038 0.000 0.005 0.002 0.007 0.089 0.852 
 106 D _   0.006 0.037 0.000 0.005 0.002 0.008 0.088 0.854 
 107 D _   0.006 0.038 0.000 0.005 0.002 0.010 0.087 0.852 
 108 K _   0.007 0.041 0.000 0.007 0.003 0.012 0.085 0.844 
 109 I _   0.009 0.048 0.001 0.010 0.005 0.014 0.083 0.830 
 110 H _   0.011 0.062 0.001 0.015 0.007 0.018 0.081 0.806 
 111 E _   0.012 0.080 0.001 0.023 0.010 0.021 0.078 0.775 
 112 E _   0.013 0.101 0.001 0.032 0.013 0.023 0.075 0.741 
 113 I _   0.014 0.120 0.001 0.040 0.016 0.025 0.072 0.712 
 114 Y _   0.014 0.133 0.001 0.048 0.017 0.026 0.070 0.690 
 115 N _   0.015 0.141 0.001 0.052 0.018 0.026 0.069 0.679 
 116 E _   0.015 0.143 0.001 0.053 0.017 0.025 0.068 0.678 
 117 I _   0.015 0.141 0.001 0.050 0.016 0.023 0.068 0.686 
 118 S _   0.014 0.133 0.001 0.044 0.014 0.021 0.068 0.703 
 119 L _   0.014 0.120 0.001 0.036 0.012 0.019 0.069 0.729 
 120 L _   0.013 0.100 0.001 0.027 0.010 0.017 0.070 0.762 
 121 K _   0.012 0.079 0.001 0.019 0.007 0.015 0.071 0.795 
 122 S _   0.011 0.059 0.001 0.013 0.006 0.013 0.072 0.824 
 123 L _   0.010 0.045 0.001 0.009 0.004 0.012 0.073 0.845 
 124 D _   0.009 0.037 0.000 0.007 0.003 0.011 0.073 0.858 
 125 H _   0.009 0.033 0.000 0.006 0.003 0.011 0.073 0.864 
 126 P _   0.009 0.032 0.000 0.007 0.003 0.011 0.073 0.864 
 127 N _   0.010 0.032 0.000 0.009 0.004 0.012 0.072 0.861 
 128 I _   0.010 0.033 0.001 0.011 0.005 0.013 0.072 0.856 
 129 I _   0.011 0.035 0.001 0.014 0.006 0.013 0.071 0.850 
 130 K _   0.011 0.037 0.001 0.017 0.006 0.014 0.070 0.845 
 131 L _   0.011 0.038 0.001 0.019 0.007 0.014 0.070 0.842 
 132 F _   0.010 0.037 0.001 0.018 0.007 0.013 0.069 0.844 
 133 D _   0.010 0.036 0.001 0.017 0.006 0.013 0.069 0.849 
 134 V _   0.009 0.034 0.001 0.015 0.005 0.012 0.068 0.856 
 135 F _   0.009 0.032 0.001 0.012 0.005 0.012 0.068 0.863 
 136 E _   0.009 0.029 0.000 0.010 0.004 0.011 0.068 0.869 
 137 D _   0.009 0.028 0.000 0.008 0.004 0.011 0.067 0.873 
 138 K _   0.009 0.027 0.000 0.007 0.004 0.012 0.067 0.874 
 139 K _   0.009 0.028 0.000 0.007 0.004 0.012 0.066 0.872 
 140 Y _   0.010 0.030 0.001 0.008 0.005 0.013 0.066 0.868 
 141 F _   0.010 0.034 0.001 0.010 0.005 0.014 0.065 0.861 
 142 Y _   0.011 0.039 0.001 0.012 0.006 0.015 0.064 0.851 
 143 L _   0.012 0.045 0.001 0.015 0.007 0.017 0.063 0.840 
 144 V _   0.013 0.052 0.001 0.017 0.008 0.018 0.062 0.830 
 145 T _   0.013 0.058 0.001 0.018 0.009 0.019 0.061 0.822 
 146 E _   0.014 0.063 0.001 0.019 0.009 0.020 0.060 0.815 
 147 F _   0.014 0.067 0.001 0.019 0.010 0.020 0.060 0.810 
 148 Y _   0.014 0.071 0.001 0.019 0.010 0.021 0.059 0.804 
 149 E _   0.015 0.075 0.001 0.020 0.011 0.021 0.058 0.798 
 150 G _   0.015 0.079 0.001 0.022 0.011 0.022 0.058 0.791 
 151 G _   0.016 0.083 0.001 0.025 0.012 0.022 0.058 0.783 
 152 E _   0.016 0.087 0.001 0.028 0.013 0.022 0.058 0.775 
 153 L _   0.017 0.089 0.001 0.031 0.013 0.022 0.058 0.769 
 154 F _   0.017 0.089 0.001 0.034 0.013 0.021 0.059 0.767 
 155 E _   0.016 0.087 0.001 0.034 0.012 0.020 0.059 0.770 
 156 Q _   0.015 0.082 0.001 0.033 0.011 0.018 0.061 0.779 
 157 I _   0.013 0.073 0.001 0.030 0.010 0.017 0.062 0.794 
 158 I _   0.012 0.062 0.001 0.025 0.008 0.015 0.064 0.814 
 159 N _   0.011 0.048 0.001 0.020 0.006 0.013 0.065 0.836 
 160 R _   0.010 0.032 0.001 0.014 0.005 0.011 0.067 0.860 
 161 H _   0.009 0.019 0.001 0.010 0.004 0.010 0.068 0.880 
 162 K _   0.009 0.010 0.000 0.006 0.003 0.009 0.069 0.894 
 163 F _   0.009 0.004 0.000 0.004 0.002 0.008 0.070 0.903 
 164 D _   0.010 0.002 0.000 0.003 0.002 0.009 0.070 0.905 
 165 E _   0.013 0.001 0.000 0.002 0.002 0.010 0.069 0.902 
 166 C _   0.021 0.000 0.000 0.002 0.002 0.013 0.068 0.892 
 167 D _   0.036 0.000 0.000 0.002 0.003 0.019 0.067 0.872 
 168 A _   0.060 0.000 0.001 0.003 0.006 0.026 0.065 0.839 
 169 A _   0.094 0.001 0.001 0.004 0.011 0.036 0.062 0.790 
 170 N _   0.137 0.002 0.001 0.006 0.020 0.048 0.059 0.727 
 171 I _   0.183 0.004 0.002 0.009 0.032 0.060 0.056 0.655 
 172 M _   0.228 0.008 0.002 0.013 0.046 0.070 0.054 0.579 
 173 K _   0.266 0.013 0.003 0.017 0.059 0.077 0.052 0.514 
 174 Q _   0.295 0.019 0.003 0.021 0.070 0.080 0.051 0.463 
 175 I _   0.314 0.024 0.003 0.025 0.075 0.080 0.050 0.429 
 176 L _   0.322 0.027 0.003 0.028 0.076 0.078 0.051 0.415 
 177 S _   0.322 0.028 0.003 0.029 0.073 0.073 0.052 0.420 
 178 G _   0.312 0.028 0.003 0.029 0.067 0.067 0.054 0.441 
 179 I _   0.292 0.026 0.003 0.027 0.058 0.060 0.056 0.478 
 180 C _   0.263 0.022 0.003 0.024 0.047 0.052 0.060 0.530 
 181 Y _   0.225 0.017 0.002 0.020 0.035 0.044 0.063 0.593 
 182 L _   0.184 0.012 0.002 0.015 0.025 0.037 0.067 0.659 
 183 H _   0.145 0.008 0.001 0.011 0.016 0.030 0.070 0.718 
 184 K _   0.109 0.005 0.001 0.009 0.011 0.024 0.074 0.769 
 185 H _   0.077 0.003 0.001 0.007 0.007 0.019 0.076 0.810 
 186 N _   0.054 0.002 0.001 0.006 0.005 0.015 0.078 0.840 
 187 I _   0.037 0.001 0.000 0.005 0.004 0.012 0.080 0.860 
 188 V _   0.026 0.001 0.000 0.005 0.003 0.010 0.081 0.874 
 189 H _   0.019 0.001 0.000 0.005 0.003 0.009 0.081 0.882 
 190 R _   0.014 0.002 0.000 0.005 0.002 0.008 0.081 0.887 
 191 D _   0.011 0.002 0.000 0.005 0.002 0.008 0.081 0.889 
 192 I _   0.009 0.003 0.000 0.006 0.003 0.008 0.081 0.889 
 193 K _   0.008 0.005 0.000 0.007 0.003 0.008 0.080 0.888 
 194 P _   0.007 0.007 0.000 0.009 0.003 0.009 0.080 0.886 
 195 E _   0.007 0.009 0.000 0.010 0.003 0.009 0.079 0.882 
 196 N _   0.007 0.012 0.000 0.011 0.004 0.010 0.078 0.879 
 197 I _   0.007 0.015 0.000 0.011 0.004 0.010 0.076 0.876 
 198 L _   0.007 0.018 0.000 0.011 0.004 0.011 0.075 0.874 
 199 L _   0.007 0.021 0.000 0.011 0.004 0.011 0.074 0.872 
 200 E _   0.007 0.024 0.000 0.010 0.004 0.012 0.072 0.869 
 201 N _   0.008 0.028 0.001 0.010 0.004 0.014 0.071 0.865 
 202 K _   0.009 0.033 0.001 0.010 0.005 0.016 0.069 0.858 
 203 H _   0.011 0.040 0.001 0.010 0.006 0.019 0.068 0.846 
 204 S _   0.014 0.050 0.001 0.012 0.008 0.022 0.066 0.828 
 205 L _   0.018 0.067 0.001 0.015 0.011 0.026 0.063 0.798 
 206 L _   0.022 0.092 0.001 0.020 0.015 0.031 0.061 0.758 
 207 N _   0.026 0.125 0.002 0.026 0.020 0.034 0.058 0.710 
 208 I _   0.029 0.162 0.002 0.033 0.024 0.037 0.055 0.658 
 209 K _   0.031 0.198 0.002 0.041 0.027 0.038 0.053 0.610 
 210 I _   0.033 0.225 0.002 0.049 0.028 0.038 0.051 0.574 
 211 V _   0.033 0.243 0.002 0.055 0.028 0.037 0.050 0.551 
 212 D _   0.033 0.251 0.002 0.058 0.028 0.035 0.050 0.543 
 213 F _   0.032 0.252 0.002 0.059 0.026 0.033 0.050 0.546 
 214 G _   0.030 0.246 0.002 0.057 0.023 0.030 0.051 0.561 
 215 L _   0.027 0.231 0.002 0.051 0.020 0.027 0.053 0.589 
 216 S _   0.024 0.205 0.002 0.044 0.016 0.023 0.055 0.631 
 217 S _   0.021 0.166 0.001 0.035 0.013 0.020 0.057 0.686 
 218 F _   0.018 0.121 0.001 0.026 0.010 0.017 0.060 0.748 
 219 F _   0.015 0.078 0.001 0.017 0.007 0.014 0.062 0.806 
 220 S _   0.012 0.046 0.001 0.011 0.004 0.011 0.064 0.851 
 221 K _   0.009 0.027 0.000 0.007 0.003 0.009 0.065 0.879 
 222 D _   0.007 0.018 0.000 0.004 0.002 0.008 0.065 0.896 
 223 N _   0.006 0.013 0.000 0.003 0.002 0.007 0.064 0.904 
 224 K _   0.006 0.012 0.000 0.003 0.002 0.008 0.063 0.906 
 225 L _   0.007 0.012 0.000 0.004 0.002 0.009 0.062 0.904 
 226 R _   0.008 0.014 0.000 0.005 0.003 0.011 0.060 0.898 
 227 D _   0.010 0.020 0.000 0.008 0.004 0.015 0.058 0.885 
 228 R _   0.013 0.030 0.001 0.013 0.007 0.019 0.055 0.864 
 229 L _   0.015 0.046 0.001 0.020 0.010 0.023 0.051 0.834 
 230 G _   0.017 0.066 0.001 0.028 0.014 0.027 0.047 0.799 
 231 T _   0.019 0.087 0.001 0.037 0.018 0.030 0.044 0.764 
 232 A _   0.021 0.105 0.002 0.046 0.021 0.032 0.040 0.734 
 233 Y _   0.021 0.117 0.002 0.054 0.023 0.033 0.038 0.714 
 234 Y _   0.022 0.124 0.002 0.058 0.023 0.032 0.035 0.703 
 235 I _   0.022 0.127 0.002 0.061 0.023 0.031 0.034 0.701 
 236 A _   0.022 0.125 0.002 0.059 0.021 0.029 0.032 0.708 
 237 P _   0.022 0.119 0.002 0.054 0.019 0.027 0.032 0.726 
 238 E _   0.022 0.106 0.001 0.047 0.016 0.024 0.031 0.753 
 239 V _   0.022 0.086 0.001 0.036 0.013 0.020 0.030 0.791 
 240 L _   0.022 0.060 0.001 0.025 0.010 0.017 0.030 0.835 
 241 R _   0.022 0.034 0.001 0.015 0.007 0.014 0.029 0.878 
 242 K _   0.023 0.015 0.001 0.008 0.004 0.011 0.028 0.910 
 243 K _   0.026 0.004 0.000 0.004 0.003 0.009 0.027 0.926 
 244 Y _   0.033 0.001 0.000 0.002 0.002 0.007 0.025 0.929 
 245 N _   0.048 0.000 0.000 0.001 0.002 0.007 0.024 0.919 
 246 E _   0.077 0.000 0.000 0.001 0.002 0.007 0.021 0.891 
 247 K _   0.133 0.000 0.000 0.001 0.003 0.008 0.019 0.836 
 248 C _   0.228 0.000 0.001 0.001 0.005 0.009 0.015 0.742 
 249 D _   0.356 0.000 0.001 0.001 0.007 0.011 0.012 0.613 
 250 V H   0.504 0.000 0.001 0.001 0.009 0.012 0.009 0.464 
 251 W H   0.646 0.000 0.001 0.001 0.013 0.013 0.006 0.321 
 252 S H   0.753 0.000 0.001 0.001 0.015 0.012 0.004 0.212 
 253 C H   0.828 0.000 0.001 0.001 0.017 0.012 0.003 0.138 
 254 G H   0.873 0.000 0.001 0.001 0.018 0.010 0.003 0.094 
 255 V H   0.899 0.000 0.001 0.001 0.018 0.009 0.003 0.069 
 256 I H   0.909 0.000 0.001 0.001 0.019 0.009 0.003 0.059 
 257 L H   0.908 0.000 0.001 0.001 0.020 0.008 0.003 0.059 
 258 Y H   0.897 0.000 0.001 0.001 0.021 0.008 0.004 0.068 
 259 I H   0.872 0.000 0.001 0.001 0.022 0.009 0.005 0.090 
 260 L H   0.825 0.000 0.002 0.002 0.022 0.009 0.007 0.133 
 261 L H   0.752 0.000 0.002 0.002 0.022 0.010 0.011 0.200 
 262 C H   0.651 0.000 0.002 0.003 0.020 0.011 0.017 0.295 
 263 G H   0.531 0.000 0.002 0.004 0.016 0.011 0.026 0.410 
 264 Y _   0.405 0.000 0.001 0.004 0.012 0.011 0.035 0.531 
 265 P _   0.289 0.000 0.001 0.004 0.008 0.010 0.046 0.642 
 266 P _   0.192 0.000 0.001 0.004 0.005 0.009 0.055 0.734 
 267 F _   0.120 0.000 0.001 0.004 0.004 0.007 0.062 0.803 
 268 G _   0.070 0.000 0.000 0.003 0.003 0.006 0.067 0.850 
 269 G _   0.039 0.000 0.000 0.003 0.002 0.005 0.071 0.879 
 270 Q _   0.022 0.000 0.000 0.003 0.001 0.005 0.074 0.894 
 271 N _   0.013 0.001 0.000 0.003 0.001 0.005 0.076 0.901 
 272 D _   0.009 0.002 0.000 0.003 0.001 0.006 0.077 0.901 
 273 Q _   0.007 0.005 0.000 0.005 0.002 0.007 0.077 0.897 
 274 D _   0.007 0.011 0.000 0.008 0.003 0.008 0.077 0.886 
 275 I _   0.007 0.022 0.000 0.012 0.004 0.010 0.077 0.867 
 276 I _   0.007 0.040 0.001 0.019 0.005 0.012 0.076 0.840 
 277 K _   0.007 0.061 0.001 0.028 0.007 0.014 0.074 0.807 
 278 K _   0.007 0.081 0.001 0.037 0.008 0.015 0.073 0.777 
 279 V _   0.007 0.097 0.001 0.045 0.009 0.016 0.073 0.752 
 280 E _   0.007 0.106 0.001 0.051 0.010 0.016 0.073 0.736 
 281 K _   0.007 0.111 0.001 0.053 0.010 0.016 0.073 0.728 
 282 G _   0.007 0.111 0.001 0.052 0.010 0.015 0.075 0.728 
 283 K _   0.007 0.107 0.001 0.048 0.009 0.015 0.078 0.735 
 284 Y _   0.007 0.099 0.001 0.042 0.008 0.013 0.081 0.749 
 285 Y _   0.007 0.086 0.001 0.033 0.007 0.012 0.085 0.769 
 286 F _   0.007 0.069 0.001 0.025 0.005 0.010 0.089 0.794 
 287 D _   0.006 0.052 0.001 0.017 0.004 0.009 0.093 0.818 
 288 F _   0.006 0.037 0.000 0.011 0.003 0.008 0.097 0.838 
 289 N _   0.005 0.027 0.000 0.007 0.002 0.007 0.100 0.852 
 290 D _   0.005 0.021 0.000 0.005 0.002 0.006 0.101 0.860 
 291 W _   0.005 0.018 0.000 0.004 0.001 0.007 0.102 0.864 
 292 K _   0.005 0.017 0.000 0.003 0.001 0.007 0.103 0.863 
 293 N _   0.006 0.018 0.000 0.004 0.002 0.009 0.103 0.859 
 294 I _   0.007 0.021 0.000 0.006 0.003 0.012 0.102 0.849 
 295 S _   0.009 0.029 0.001 0.009 0.005 0.017 0.100 0.830 
 296 E _   0.013 0.046 0.001 0.015 0.008 0.022 0.098 0.798 
 297 E _   0.016 0.072 0.001 0.023 0.012 0.027 0.095 0.753 
 298 A _   0.019 0.105 0.002 0.034 0.017 0.032 0.092 0.699 
 299 K _   0.021 0.138 0.002 0.045 0.022 0.036 0.089 0.648 
 300 E _   0.023 0.164 0.002 0.055 0.025 0.038 0.087 0.607 
 301 L _   0.024 0.180 0.002 0.063 0.027 0.038 0.086 0.580 
 302 I _   0.026 0.188 0.002 0.067 0.027 0.038 0.086 0.568 
 303 K _   0.026 0.189 0.002 0.067 0.026 0.036 0.087 0.568 
 304 L _   0.026 0.183 0.002 0.062 0.024 0.033 0.088 0.582 
 305 M _   0.025 0.169 0.002 0.053 0.021 0.030 0.091 0.611 
 306 L _   0.024 0.144 0.002 0.041 0.017 0.026 0.094 0.653 
 307 T _   0.022 0.110 0.001 0.029 0.013 0.023 0.097 0.705 
 308 Y _   0.019 0.076 0.001 0.019 0.009 0.020 0.101 0.755 
 309 D _   0.016 0.050 0.001 0.012 0.006 0.017 0.103 0.794 
 310 Y _   0.014 0.036 0.001 0.007 0.004 0.015 0.105 0.819 
 311 N _   0.012 0.029 0.000 0.005 0.003 0.013 0.106 0.830 
 312 K _   0.011 0.026 0.000 0.005 0.003 0.013 0.106 0.834 
 313 R _   0.011 0.026 0.000 0.006 0.003 0.013 0.107 0.833 
 314 I _   0.011 0.028 0.000 0.008 0.004 0.014 0.107 0.828 
 315 T _   0.011 0.032 0.001 0.011 0.005 0.014 0.106 0.819 
 316 A _   0.011 0.038 0.001 0.016 0.006 0.015 0.106 0.808 
 317 K _   0.011 0.044 0.001 0.020 0.007 0.016 0.105 0.797 
 318 E _   0.011 0.049 0.001 0.024 0.008 0.016 0.104 0.788 
 319 A _   0.010 0.052 0.001 0.027 0.009 0.016 0.104 0.781 
 320 L _   0.010 0.054 0.001 0.029 0.009 0.015 0.104 0.778 
 321 N _   0.010 0.055 0.001 0.029 0.008 0.015 0.105 0.778 
 322 S _   0.010 0.054 0.001 0.028 0.008 0.014 0.106 0.780 
 323 K _   0.010 0.051 0.001 0.026 0.007 0.013 0.107 0.785 
 324 W _   0.010 0.047 0.001 0.024 0.006 0.012 0.109 0.791 
 325 I _   0.009 0.041 0.001 0.021 0.006 0.011 0.112 0.800 
 326 K _   0.009 0.035 0.001 0.017 0.005 0.010 0.114 0.809 
 327 K _   0.008 0.028 0.001 0.014 0.004 0.009 0.116 0.820 
 328 Y _   0.008 0.021 0.000 0.011 0.003 0.008 0.118 0.830 
 329 A _   0.007 0.016 0.000 0.008 0.002 0.007 0.120 0.840 
 330 N _   0.006 0.012 0.000 0.006 0.002 0.006 0.121 0.848 
 331 N _   0.005 0.009 0.000 0.004 0.002 0.005 0.121 0.853 
 332 I _   0.005 0.008 0.000 0.003 0.001 0.005 0.121 0.857 
 333 N _   0.005 0.008 0.000 0.003 0.001 0.005 0.120 0.858 
 334 K _   0.005 0.008 0.000 0.003 0.002 0.006 0.118 0.857 
 335 S _   0.006 0.011 0.000 0.005 0.002 0.008 0.116 0.852 
 336 D _   0.007 0.016 0.000 0.008 0.003 0.011 0.113 0.842 
 337 Q _   0.008 0.027 0.001 0.013 0.005 0.014 0.109 0.823 
 338 K _   0.009 0.043 0.001 0.021 0.008 0.017 0.105 0.796 
 339 T _   0.010 0.063 0.001 0.031 0.010 0.019 0.101 0.765 
 340 L _   0.011 0.079 0.001 0.041 0.012 0.021 0.096 0.738 
 341 C _   0.011 0.090 0.001 0.049 0.014 0.022 0.093 0.720 
 342 G _   0.011 0.096 0.001 0.053 0.014 0.022 0.091 0.711 
 343 A _   0.011 0.097 0.001 0.054 0.014 0.022 0.089 0.711 
 344 L _   0.011 0.094 0.001 0.051 0.014 0.021 0.088 0.720 
 345 S _   0.012 0.087 0.001 0.044 0.012 0.020 0.087 0.737 
 346 N _   0.013 0.074 0.001 0.035 0.011 0.018 0.088 0.761 
 347 M _   0.014 0.056 0.001 0.026 0.009 0.017 0.088 0.789 
 348 R _   0.017 0.035 0.001 0.017 0.007 0.015 0.089 0.819 
 349 K _   0.020 0.018 0.001 0.011 0.005 0.014 0.089 0.842 
 350 F _   0.025 0.008 0.000 0.006 0.004 0.014 0.089 0.854 
 351 E _   0.034 0.002 0.000 0.003 0.003 0.014 0.089 0.855 
 352 G _   0.049 0.001 0.000 0.002 0.003 0.015 0.087 0.843 
 353 S _   0.076 0.000 0.000 0.002 0.004 0.017 0.086 0.815 
 354 Q _   0.119 0.000 0.001 0.002 0.006 0.021 0.083 0.768 
 355 K _   0.183 0.000 0.001 0.002 0.009 0.027 0.081 0.698 
 356 L _   0.260 0.000 0.001 0.002 0.015 0.033 0.078 0.610 
 357 A _   0.338 0.000 0.001 0.003 0.023 0.040 0.076 0.518 
 358 Q _   0.408 0.000 0.002 0.004 0.033 0.045 0.075 0.432 
 359 A H   0.463 0.001 0.002 0.006 0.042 0.048 0.075 0.363 
 360 A H   0.500 0.002 0.002 0.008 0.047 0.049 0.076 0.315 
 361 I H   0.522 0.003 0.002 0.010 0.049 0.048 0.079 0.288 
 362 L H   0.527 0.003 0.002 0.011 0.049 0.046 0.082 0.279 
 363 F H   0.519 0.003 0.002 0.011 0.047 0.043 0.086 0.287 
 364 I H   0.497 0.003 0.002 0.011 0.043 0.040 0.092 0.312 
 365 G H   0.461 0.002 0.002 0.009 0.037 0.036 0.099 0.352 
 366 S H   0.413 0.002 0.002 0.008 0.030 0.032 0.108 0.405 
 367 K _   0.355 0.001 0.002 0.007 0.023 0.029 0.118 0.467 
 368 L _   0.291 0.001 0.001 0.006 0.016 0.025 0.128 0.532 
 369 T _   0.230 0.000 0.001 0.005 0.011 0.022 0.139 0.592 
 370 T _   0.175 0.000 0.001 0.005 0.008 0.019 0.150 0.642 
 371 L _   0.129 0.000 0.001 0.005 0.007 0.017 0.159 0.682 
 372 E _   0.094 0.000 0.001 0.005 0.006 0.015 0.167 0.711 
 373 E _   0.068 0.001 0.001 0.006 0.005 0.014 0.175 0.730 
 374 R _   0.050 0.001 0.001 0.007 0.005 0.014 0.181 0.741 
 375 K _   0.037 0.002 0.001 0.009 0.005 0.013 0.188 0.747 
 376 E _   0.028 0.003 0.001 0.011 0.005 0.012 0.193 0.748 
 377 L _   0.021 0.003 0.001 0.013 0.005 0.012 0.199 0.747 
 378 T _   0.017 0.004 0.001 0.014 0.005 0.011 0.204 0.746 
 379 D _   0.014 0.004 0.001 0.014 0.004 0.010 0.209 0.744 
 380 I _   0.011 0.004 0.000 0.014 0.004 0.009 0.215 0.743 
 381 F _   0.010 0.004 0.000 0.012 0.003 0.008 0.220 0.743 
 382 K _   0.008 0.004 0.000 0.010 0.003 0.007 0.224 0.743 
 383 K _   0.007 0.003 0.000 0.008 0.002 0.006 0.228 0.744 
 384 L _   0.006 0.003 0.000 0.007 0.002 0.005 0.232 0.746 
 385 D _   0.005 0.002 0.000 0.005 0.001 0.005 0.235 0.747 
 386 K _   0.005 0.002 0.000 0.004 0.001 0.004 0.236 0.747 
 387 N _   0.004 0.002 0.000 0.003 0.001 0.004 0.237 0.748 
 388 G _   0.004 0.002 0.000 0.003 0.001 0.004 0.237 0.749 
 389 D _   0.004 0.003 0.000 0.003 0.001 0.004 0.236 0.749 
 390 G _   0.004 0.004 0.000 0.004 0.001 0.005 0.234 0.748 
 391 Q _   0.004 0.007 0.000 0.005 0.002 0.006 0.230 0.746 
 392 L _   0.005 0.013 0.000 0.006 0.002 0.008 0.226 0.740 
 393 D _   0.005 0.023 0.000 0.009 0.003 0.011 0.220 0.728 
 394 K _   0.007 0.042 0.001 0.014 0.005 0.014 0.212 0.706 
 395 K _   0.008 0.072 0.001 0.020 0.008 0.018 0.203 0.671 
 396 E _   0.009 0.110 0.001 0.028 0.011 0.021 0.192 0.628 
 397 L _   0.010 0.152 0.001 0.036 0.013 0.023 0.182 0.582 
 398 I _   0.010 0.191 0.001 0.044 0.016 0.025 0.173 0.539 
 399 E _   0.011 0.220 0.001 0.051 0.017 0.026 0.167 0.507 
 400 G _   0.011 0.238 0.001 0.056 0.018 0.026 0.162 0.489 
 401 Y _   0.011 0.247 0.001 0.058 0.018 0.025 0.158 0.481 
 402 N _   0.012 0.250 0.001 0.058 0.018 0.024 0.156 0.481 
 403 I _   0.012 0.248 0.001 0.055 0.017 0.023 0.155 0.490 
 404 L _   0.012 0.239 0.001 0.050 0.015 0.022 0.154 0.507 
 405 R _   0.012 0.222 0.001 0.043 0.014 0.020 0.155 0.532 
 406 S _   0.012 0.198 0.001 0.036 0.012 0.018 0.157 0.567 
 407 F _   0.011 0.168 0.001 0.029 0.010 0.016 0.159 0.605 
 408 K _   0.011 0.138 0.001 0.023 0.008 0.015 0.161 0.644 
 409 N _   0.010 0.109 0.001 0.018 0.006 0.013 0.163 0.680 
 410 E _   0.009 0.087 0.001 0.014 0.005 0.012 0.164 0.709 
 411 L _   0.008 0.071 0.001 0.011 0.004 0.010 0.166 0.730 
 412 G _   0.008 0.060 0.000 0.009 0.003 0.009 0.166 0.745 
 413 E _   0.007 0.053 0.000 0.008 0.003 0.009 0.166 0.754 
 414 L _   0.007 0.048 0.000 0.007 0.003 0.008 0.166 0.761 
 415 K _   0.006 0.045 0.000 0.007 0.003 0.008 0.165 0.765 
 416 N _   0.006 0.043 0.000 0.008 0.003 0.008 0.165 0.767 
 417 V _   0.006 0.043 0.000 0.008 0.003 0.008 0.163 0.768 
 418 E _   0.006 0.043 0.000 0.010 0.003 0.009 0.162 0.767 
 419 E _   0.006 0.044 0.000 0.011 0.004 0.009 0.161 0.764 
 420 E _   0.006 0.046 0.000 0.014 0.004 0.010 0.159 0.761 
 421 V _   0.007 0.047 0.001 0.016 0.005 0.010 0.158 0.757 
 422 D _   0.007 0.049 0.001 0.018 0.005 0.010 0.157 0.753 
 423 N _   0.007 0.049 0.001 0.020 0.005 0.011 0.156 0.751 
 424 I _   0.007 0.049 0.001 0.020 0.005 0.010 0.156 0.752 
 425 L _   0.007 0.047 0.001 0.020 0.005 0.010 0.156 0.755 
 426 K _   0.007 0.044 0.001 0.017 0.005 0.009 0.156 0.761 
 427 E _   0.006 0.040 0.001 0.014 0.004 0.009 0.156 0.770 
 428 V _   0.006 0.036 0.000 0.011 0.003 0.008 0.156 0.780 
 429 D _   0.005 0.032 0.000 0.008 0.003 0.008 0.156 0.789 
 430 F _   0.005 0.029 0.000 0.006 0.002 0.008 0.155 0.795 
 431 D _   0.005 0.028 0.000 0.004 0.002 0.008 0.154 0.797 
 432 K _   0.006 0.029 0.000 0.004 0.002 0.010 0.153 0.796 
 433 N _   0.008 0.033 0.000 0.005 0.003 0.012 0.151 0.788 
 434 G _   0.010 0.042 0.001 0.008 0.005 0.016 0.148 0.771 
 435 Y _   0.013 0.062 0.001 0.012 0.008 0.021 0.144 0.739 
 436 I _   0.016 0.100 0.001 0.019 0.013 0.026 0.139 0.685 
 437 E _   0.018 0.156 0.002 0.027 0.018 0.030 0.133 0.617 
 438 Y _   0.019 0.215 0.002 0.034 0.021 0.032 0.128 0.549 
 439 S _   0.019 0.265 0.002 0.040 0.023 0.033 0.123 0.496 
 440 E _   0.018 0.297 0.002 0.043 0.023 0.033 0.120 0.463 
 441 F _   0.018 0.318 0.002 0.044 0.023 0.033 0.119 0.445 
 442 I _   0.018 0.328 0.001 0.042 0.022 0.032 0.118 0.437 
 443 S _   0.018 0.333 0.001 0.040 0.021 0.031 0.118 0.438 
 444 V _   0.018 0.332 0.001 0.036 0.020 0.029 0.119 0.445 
 445 C _   0.018 0.326 0.001 0.032 0.018 0.028 0.120 0.457 
 446 M _   0.018 0.318 0.001 0.028 0.016 0.026 0.122 0.471 
 447 D _   0.018 0.306 0.001 0.025 0.014 0.025 0.124 0.487 
 448 K _   0.018 0.293 0.001 0.022 0.013 0.023 0.127 0.504 
 449 Q _   0.017 0.278 0.001 0.020 0.011 0.022 0.130 0.521 
 450 I _   0.016 0.265 0.001 0.019 0.010 0.021 0.133 0.536 
 451 L _   0.015 0.252 0.001 0.018 0.009 0.020 0.136 0.550 
 452 F _   0.014 0.240 0.001 0.018 0.008 0.018 0.139 0.562 
 453 S _   0.013 0.229 0.001 0.018 0.008 0.017 0.142 0.572 
 454 E _   0.012 0.218 0.001 0.018 0.007 0.016 0.145 0.581 
 455 E _   0.011 0.207 0.001 0.019 0.007 0.015 0.149 0.590 
 456 R _   0.011 0.195 0.001 0.020 0.007 0.014 0.152 0.600 
 457 L _   0.010 0.182 0.001 0.020 0.007 0.013 0.156 0.610 
 458 R _   0.010 0.167 0.001 0.021 0.007 0.013 0.161 0.622 
 459 D _   0.009 0.150 0.001 0.020 0.006 0.012 0.166 0.635 
 460 A _   0.009 0.131 0.001 0.020 0.006 0.011 0.171 0.652 
 461 F _   0.008 0.109 0.001 0.018 0.005 0.010 0.177 0.671 
 462 N _   0.008 0.087 0.001 0.016 0.005 0.009 0.184 0.691 
 463 L _   0.007 0.066 0.001 0.013 0.004 0.008 0.189 0.712 
 464 F _   0.007 0.048 0.000 0.010 0.003 0.007 0.194 0.730 
 465 D _   0.006 0.033 0.000 0.007 0.002 0.007 0.199 0.745 
 466 T _   0.005 0.024 0.000 0.006 0.002 0.006 0.202 0.756 
 467 D _   0.005 0.018 0.000 0.004 0.002 0.006 0.204 0.762 
 468 K _   0.004 0.015 0.000 0.004 0.001 0.006 0.205 0.764 
 469 S _   0.004 0.014 0.000 0.003 0.001 0.007 0.206 0.764 
 470 G _   0.005 0.014 0.000 0.004 0.002 0.008 0.206 0.761 
 471 K _   0.006 0.016 0.000 0.005 0.002 0.011 0.205 0.754 
 472 I _   0.008 0.020 0.000 0.007 0.003 0.015 0.204 0.743 
 473 T _   0.010 0.027 0.001 0.010 0.005 0.019 0.202 0.726 
 474 K _   0.013 0.038 0.001 0.014 0.008 0.024 0.200 0.702 
 475 E _   0.017 0.053 0.001 0.018 0.011 0.030 0.197 0.673 
 476 E _   0.021 0.069 0.001 0.022 0.015 0.035 0.194 0.642 
 477 L _   0.026 0.084 0.001 0.025 0.019 0.040 0.192 0.612 
 478 A _   0.031 0.097 0.002 0.028 0.024 0.045 0.191 0.584 
 479 N _   0.037 0.106 0.002 0.029 0.027 0.048 0.190 0.561 
 480 L _   0.043 0.113 0.002 0.029 0.030 0.050 0.190 0.544 
 481 F _   0.048 0.117 0.002 0.027 0.031 0.051 0.190 0.533 
 482 G _   0.053 0.120 0.002 0.026 0.031 0.051 0.192 0.525 
 483 L _   0.056 0.120 0.002 0.024 0.031 0.051 0.194 0.522 
 484 T _   0.059 0.120 0.002 0.022 0.029 0.050 0.197 0.522 
 485 S _   0.060 0.119 0.002 0.021 0.028 0.048 0.200 0.523 
 486 I _   0.060 0.117 0.002 0.020 0.026 0.046 0.204 0.525 
 487 S _   0.059 0.116 0.002 0.021 0.024 0.043 0.209 0.526 
 488 E _   0.056 0.115 0.001 0.023 0.023 0.040 0.214 0.527 
 489 Q _   0.052 0.114 0.001 0.026 0.021 0.036 0.220 0.529 
 490 M _   0.047 0.112 0.001 0.028 0.019 0.033 0.228 0.533 
 491 W _   0.041 0.107 0.001 0.030 0.016 0.029 0.235 0.540 
 492 N _   0.034 0.100 0.001 0.030 0.014 0.025 0.244 0.551 
 493 E _   0.029 0.090 0.001 0.028 0.011 0.021 0.254 0.566 
 494 V _   0.023 0.076 0.001 0.024 0.009 0.017 0.264 0.586 
 495 L _   0.018 0.060 0.001 0.018 0.006 0.014 0.274 0.609 
 496 G _   0.014 0.044 0.001 0.013 0.004 0.011 0.283 0.631 
 497 E _   0.010 0.031 0.000 0.008 0.003 0.008 0.290 0.649 
 498 A _   0.008 0.022 0.000 0.005 0.002 0.006 0.295 0.661 
 499 D _   0.006 0.018 0.000 0.003 0.001 0.005 0.299 0.668 
 500 K _   0.004 0.016 0.000 0.002 0.001 0.005 0.301 0.670 
 501 N _   0.004 0.016 0.000 0.002 0.001 0.005 0.302 0.669 
 502 K _   0.004 0.018 0.000 0.003 0.001 0.006 0.303 0.664 
 503 D _   0.005 0.024 0.000 0.005 0.002 0.009 0.302 0.653 
 504 N _   0.007 0.039 0.001 0.008 0.004 0.012 0.299 0.630 
 505 M _   0.009 0.073 0.001 0.014 0.007 0.016 0.295 0.584 
 506 I _   0.011 0.134 0.001 0.023 0.011 0.020 0.288 0.511 
 507 D _   0.011 0.220 0.002 0.033 0.015 0.023 0.280 0.416 
 508 F _   0.011 0.314 0.002 0.041 0.018 0.024 0.272 0.318 
 509 D E   0.009 0.395 0.002 0.049 0.019 0.024 0.266 0.236 
 510 E E   0.008 0.450 0.002 0.056 0.019 0.023 0.263 0.179 
 511 F E   0.008 0.482 0.001 0.061 0.018 0.022 0.263 0.145 
 512 V E   0.007 0.498 0.001 0.064 0.018 0.021 0.265 0.125 
 513 N E   0.007 0.504 0.001 0.066 0.017 0.020 0.269 0.116 
 514 M E   0.008 0.502 0.001 0.065 0.016 0.018 0.276 0.114 
 515 M E   0.008 0.490 0.001 0.062 0.015 0.017 0.287 0.120 
 516 H E   0.007 0.464 0.002 0.057 0.015 0.016 0.302 0.138 
 517 K E   0.007 0.416 0.002 0.050 0.014 0.014 0.324 0.172 
 518 I X   0.007 0.347 0.002 0.042 0.013 0.012 0.357 0.220 
 519 C X   0.006 0.253 0.002 0.031 0.010 0.010 0.400 0.288 
 520 D X   0.004 0.149 0.001 0.020 0.006 0.006 0.449 0.366 
 521 N X   0.001 0.063 0.000 0.008 0.001 0.002 0.486 0.438 
 522 K X   0.000 0.026 0.000 0.003 0.000 0.001 0.496 0.474 
 523 S X   0.000 0.017 0.000 0.003 0.000 0.000 0.497 0.482 
 524 S X   0.002 0.016 0.001 0.008 0.002 0.002 0.490 0.479 
