#TopoPred_TM8: 8-state transmembrane topology prediction results by no_profile mode 
#probabilities are in the order of H E C I L F X _, the 8 transmembrane topology types used in PDBTM 
   1 M X   0.010 0.001 0.002 0.051 0.008 0.008 0.822 0.098 
   2 S X   0.004 0.000 0.000 0.030 0.002 0.004 0.847 0.112 
   3 V X   0.001 0.000 0.000 0.016 0.001 0.002 0.855 0.125 
   4 G X   0.001 0.000 0.000 0.009 0.000 0.002 0.854 0.134 
   5 C X   0.001 0.000 0.000 0.006 0.000 0.002 0.849 0.140 
   6 P X   0.001 0.000 0.000 0.005 0.001 0.002 0.843 0.148 
   7 E X   0.001 0.000 0.000 0.004 0.001 0.003 0.834 0.157 
   8 P X   0.002 0.001 0.000 0.004 0.001 0.003 0.821 0.168 
   9 E X   0.002 0.002 0.000 0.005 0.001 0.004 0.805 0.181 
  10 P X   0.002 0.003 0.000 0.007 0.002 0.005 0.785 0.196 
  11 P X   0.002 0.006 0.000 0.011 0.003 0.007 0.759 0.212 
  12 R X   0.003 0.011 0.001 0.017 0.004 0.009 0.729 0.227 
  13 S X   0.003 0.017 0.001 0.024 0.005 0.010 0.697 0.242 
  14 L X   0.003 0.024 0.001 0.031 0.006 0.011 0.666 0.256 
  15 T X   0.003 0.030 0.001 0.037 0.007 0.012 0.639 0.270 
  16 C X   0.004 0.035 0.001 0.040 0.008 0.012 0.615 0.286 
  17 C X   0.004 0.037 0.001 0.039 0.007 0.012 0.595 0.305 
  18 G X   0.004 0.038 0.001 0.035 0.007 0.011 0.578 0.326 
  19 P X   0.004 0.038 0.001 0.029 0.006 0.010 0.563 0.350 
  20 G X   0.004 0.037 0.001 0.022 0.005 0.009 0.549 0.374 
  21 T X   0.003 0.034 0.000 0.016 0.004 0.008 0.536 0.398 
  22 A X   0.003 0.032 0.000 0.011 0.003 0.008 0.524 0.418 
  23 P X   0.003 0.031 0.000 0.008 0.002 0.008 0.512 0.436 
  24 G X   0.003 0.031 0.000 0.006 0.002 0.008 0.498 0.450 
  25 P X   0.004 0.032 0.000 0.006 0.003 0.010 0.484 0.461 
  26 G _   0.005 0.035 0.000 0.007 0.003 0.012 0.468 0.469 
  27 A _   0.006 0.042 0.001 0.010 0.005 0.015 0.448 0.473 
  28 G _   0.008 0.054 0.001 0.013 0.007 0.019 0.426 0.472 
  29 V _   0.009 0.072 0.001 0.018 0.009 0.024 0.401 0.465 
  30 P _   0.011 0.093 0.001 0.023 0.012 0.028 0.376 0.456 
  31 L _   0.012 0.116 0.001 0.027 0.015 0.032 0.350 0.445 
  32 L _   0.014 0.137 0.002 0.031 0.019 0.036 0.326 0.436 
  33 T _   0.016 0.156 0.002 0.034 0.022 0.040 0.304 0.427 
  34 E _   0.018 0.172 0.002 0.035 0.025 0.043 0.284 0.421 
  35 D _   0.020 0.185 0.002 0.037 0.028 0.045 0.266 0.417 
  36 M _   0.023 0.195 0.002 0.039 0.030 0.046 0.251 0.414 
  37 Q _   0.026 0.202 0.002 0.040 0.031 0.046 0.238 0.414 
  38 A _   0.029 0.207 0.002 0.042 0.032 0.046 0.227 0.416 
  39 L _   0.031 0.207 0.002 0.043 0.031 0.044 0.218 0.423 
  40 T _   0.032 0.204 0.002 0.043 0.030 0.042 0.211 0.437 
  41 L _   0.032 0.196 0.002 0.042 0.028 0.039 0.204 0.457 
  42 R _   0.032 0.182 0.002 0.039 0.024 0.035 0.199 0.487 
  43 T _   0.031 0.160 0.002 0.034 0.021 0.032 0.195 0.527 
  44 L _   0.029 0.130 0.002 0.027 0.017 0.028 0.192 0.575 
  45 A _   0.027 0.096 0.001 0.020 0.013 0.025 0.189 0.629 
  46 A _   0.025 0.066 0.001 0.014 0.009 0.021 0.185 0.678 
  47 S _   0.022 0.044 0.001 0.009 0.007 0.019 0.182 0.717 
  48 D _   0.019 0.031 0.001 0.006 0.005 0.017 0.178 0.743 
  49 V _   0.017 0.025 0.000 0.005 0.004 0.016 0.174 0.758 
  50 T _   0.016 0.022 0.000 0.005 0.004 0.015 0.170 0.767 
  51 K _   0.015 0.022 0.000 0.006 0.004 0.016 0.166 0.770 
  52 H _   0.015 0.024 0.001 0.008 0.005 0.017 0.161 0.770 
  53 Y _   0.015 0.027 0.001 0.012 0.007 0.017 0.155 0.766 
  54 E _   0.015 0.031 0.001 0.016 0.008 0.018 0.150 0.761 
  55 L _   0.015 0.035 0.001 0.020 0.009 0.018 0.144 0.757 
  56 V _   0.014 0.039 0.001 0.023 0.010 0.018 0.139 0.756 
  57 R _   0.014 0.041 0.001 0.023 0.010 0.018 0.135 0.759 
  58 E _   0.013 0.042 0.001 0.022 0.009 0.017 0.130 0.765 
  59 L _   0.012 0.042 0.001 0.020 0.008 0.016 0.127 0.775 
  60 G _   0.011 0.040 0.001 0.017 0.007 0.015 0.123 0.785 
  61 K _   0.011 0.039 0.001 0.013 0.006 0.014 0.120 0.796 
  62 G _   0.010 0.037 0.001 0.011 0.005 0.014 0.117 0.804 
  63 T _   0.010 0.036 0.001 0.009 0.005 0.014 0.114 0.811 
  64 Y _   0.011 0.037 0.001 0.008 0.005 0.014 0.112 0.813 
  65 G _   0.011 0.039 0.001 0.008 0.005 0.015 0.109 0.812 
  66 K _   0.012 0.042 0.001 0.009 0.006 0.017 0.106 0.807 
  67 V _   0.014 0.049 0.001 0.011 0.007 0.018 0.102 0.798 
  68 D _   0.015 0.057 0.001 0.014 0.008 0.020 0.099 0.785 
  69 L _   0.016 0.068 0.001 0.017 0.010 0.022 0.096 0.770 
  70 V _   0.018 0.080 0.001 0.020 0.012 0.024 0.092 0.754 
  71 V _   0.019 0.091 0.001 0.022 0.013 0.025 0.089 0.740 
  72 Y _   0.020 0.101 0.001 0.025 0.014 0.026 0.086 0.726 
  73 K _   0.020 0.110 0.001 0.028 0.016 0.027 0.083 0.715 
  74 G _   0.020 0.118 0.001 0.030 0.016 0.027 0.081 0.707 
  75 T _   0.020 0.123 0.001 0.032 0.017 0.027 0.079 0.700 
  76 G _   0.021 0.127 0.001 0.034 0.017 0.027 0.078 0.696 
  77 T _   0.020 0.128 0.001 0.036 0.016 0.025 0.077 0.697 
  78 K _   0.019 0.126 0.001 0.036 0.015 0.024 0.076 0.702 
  79 M _   0.018 0.122 0.001 0.035 0.014 0.022 0.076 0.712 
  80 A _   0.017 0.115 0.001 0.032 0.012 0.020 0.077 0.727 
  81 L _   0.015 0.103 0.001 0.028 0.010 0.017 0.077 0.748 
  82 K _   0.013 0.088 0.001 0.023 0.008 0.015 0.078 0.773 
  83 F _   0.012 0.071 0.001 0.018 0.006 0.013 0.079 0.801 
  84 V _   0.010 0.054 0.001 0.013 0.005 0.011 0.079 0.827 
  85 N _   0.009 0.041 0.000 0.009 0.004 0.010 0.080 0.847 
  86 K _   0.008 0.032 0.000 0.006 0.003 0.009 0.080 0.862 
  87 S _   0.007 0.028 0.000 0.005 0.002 0.009 0.079 0.870 
  88 K _   0.007 0.026 0.000 0.005 0.002 0.009 0.078 0.873 
  89 T _   0.007 0.026 0.000 0.005 0.003 0.010 0.077 0.871 
  90 K _   0.008 0.028 0.000 0.008 0.004 0.012 0.076 0.864 
  91 L _   0.009 0.033 0.001 0.012 0.005 0.015 0.073 0.851 
  92 K _   0.011 0.042 0.001 0.019 0.008 0.017 0.071 0.831 
  93 N _   0.012 0.052 0.001 0.028 0.010 0.019 0.068 0.809 
  94 F _   0.012 0.062 0.001 0.037 0.013 0.021 0.066 0.788 
  95 L _   0.013 0.068 0.001 0.044 0.014 0.021 0.064 0.775 
  96 R _   0.013 0.070 0.001 0.047 0.014 0.021 0.063 0.770 
  97 E _   0.012 0.070 0.001 0.046 0.014 0.020 0.062 0.774 
  98 V _   0.012 0.065 0.001 0.041 0.012 0.019 0.062 0.787 
  99 S _   0.011 0.058 0.001 0.033 0.010 0.017 0.062 0.808 
 100 I _   0.011 0.047 0.001 0.025 0.008 0.016 0.062 0.832 
 101 T _   0.010 0.034 0.001 0.017 0.006 0.014 0.062 0.856 
 102 N _   0.010 0.024 0.001 0.011 0.005 0.013 0.062 0.875 
 103 S _   0.010 0.017 0.000 0.007 0.004 0.013 0.062 0.887 
 104 L _   0.010 0.014 0.000 0.005 0.003 0.014 0.061 0.892 
 105 S _   0.011 0.013 0.000 0.005 0.003 0.015 0.061 0.892 
 106 S _   0.013 0.013 0.000 0.005 0.004 0.018 0.060 0.887 
 107 S _   0.016 0.015 0.001 0.008 0.006 0.021 0.059 0.876 
 108 P _   0.019 0.020 0.001 0.011 0.009 0.025 0.057 0.858 
 109 F _   0.023 0.027 0.001 0.016 0.012 0.029 0.056 0.836 
 110 I _   0.026 0.036 0.001 0.022 0.016 0.033 0.054 0.811 
 111 I _   0.029 0.045 0.002 0.028 0.020 0.036 0.052 0.788 
 112 K _   0.032 0.051 0.002 0.033 0.023 0.038 0.051 0.769 
 113 V _   0.034 0.056 0.002 0.036 0.025 0.040 0.050 0.758 
 114 F _   0.035 0.058 0.002 0.035 0.025 0.040 0.050 0.755 
 115 D _   0.036 0.057 0.002 0.033 0.025 0.039 0.049 0.759 
 116 V _   0.036 0.055 0.002 0.030 0.022 0.037 0.050 0.768 
 117 V _   0.035 0.052 0.001 0.025 0.020 0.035 0.050 0.782 
 118 F _   0.034 0.047 0.001 0.020 0.017 0.033 0.051 0.797 
 119 E _   0.032 0.042 0.001 0.017 0.014 0.031 0.051 0.812 
 120 T _   0.029 0.038 0.001 0.014 0.012 0.028 0.052 0.825 
 121 E _   0.027 0.035 0.001 0.013 0.011 0.026 0.053 0.834 
 122 D _   0.024 0.033 0.001 0.013 0.010 0.024 0.053 0.841 
 123 C _   0.022 0.032 0.001 0.014 0.009 0.023 0.054 0.846 
 124 Y _   0.021 0.031 0.001 0.015 0.009 0.021 0.054 0.849 
 125 V _   0.019 0.030 0.001 0.016 0.008 0.019 0.055 0.852 
 126 F _   0.018 0.029 0.001 0.017 0.008 0.018 0.055 0.855 
 127 A _   0.016 0.027 0.001 0.017 0.007 0.017 0.056 0.860 
 128 Q _   0.014 0.025 0.001 0.016 0.007 0.015 0.056 0.867 
 129 E _   0.012 0.022 0.001 0.014 0.006 0.014 0.057 0.875 
 130 Y _   0.011 0.019 0.001 0.012 0.005 0.012 0.057 0.882 
 131 A _   0.010 0.017 0.001 0.010 0.004 0.011 0.058 0.889 
 132 P _   0.009 0.014 0.000 0.009 0.004 0.011 0.058 0.894 
 133 A _   0.009 0.013 0.000 0.009 0.004 0.010 0.058 0.897 
 134 G _   0.009 0.012 0.000 0.009 0.004 0.010 0.058 0.898 
 135 D _   0.009 0.011 0.000 0.009 0.004 0.010 0.059 0.897 
 136 L _   0.009 0.010 0.001 0.010 0.004 0.010 0.059 0.896 
 137 F _   0.010 0.010 0.001 0.011 0.005 0.011 0.059 0.894 
 138 D _   0.010 0.009 0.001 0.012 0.005 0.011 0.059 0.894 
 139 I _   0.010 0.009 0.001 0.012 0.005 0.011 0.060 0.894 
 140 I _   0.009 0.008 0.001 0.012 0.005 0.011 0.060 0.895 
 141 P _   0.010 0.007 0.001 0.011 0.004 0.011 0.061 0.897 
 142 P _   0.010 0.005 0.000 0.009 0.004 0.011 0.061 0.900 
 143 Q _   0.010 0.004 0.000 0.008 0.004 0.011 0.061 0.902 
 144 V _   0.010 0.003 0.000 0.006 0.003 0.011 0.062 0.904 
 145 G _   0.011 0.002 0.000 0.005 0.003 0.012 0.062 0.905 
 146 L _   0.012 0.001 0.000 0.004 0.003 0.013 0.061 0.905 
 147 P _   0.014 0.001 0.000 0.004 0.003 0.015 0.061 0.902 
 148 E _   0.018 0.001 0.000 0.003 0.004 0.018 0.060 0.895 
 149 D _   0.024 0.002 0.000 0.004 0.005 0.023 0.059 0.883 
 150 T _   0.032 0.003 0.001 0.005 0.007 0.029 0.058 0.866 
 151 V _   0.043 0.006 0.001 0.007 0.011 0.037 0.056 0.840 
 152 K _   0.055 0.012 0.001 0.010 0.017 0.045 0.055 0.805 
 153 R _   0.068 0.022 0.002 0.015 0.025 0.053 0.053 0.763 
 154 C _   0.080 0.037 0.002 0.021 0.033 0.060 0.051 0.717 
 155 V _   0.090 0.052 0.002 0.027 0.040 0.064 0.049 0.676 
 156 Q _   0.098 0.066 0.002 0.033 0.045 0.066 0.048 0.642 
 157 Q _   0.102 0.075 0.002 0.037 0.047 0.066 0.047 0.623 
 158 L _   0.105 0.081 0.002 0.038 0.048 0.065 0.047 0.614 
 159 G _   0.106 0.082 0.002 0.038 0.046 0.062 0.047 0.616 
 160 L _   0.105 0.081 0.002 0.035 0.042 0.058 0.048 0.628 
 161 A _   0.101 0.078 0.002 0.031 0.037 0.053 0.049 0.649 
 162 L _   0.094 0.071 0.002 0.027 0.031 0.048 0.050 0.676 
 163 D _   0.085 0.063 0.002 0.024 0.026 0.043 0.051 0.706 
 164 F _   0.076 0.055 0.001 0.021 0.020 0.037 0.053 0.736 
 165 M _   0.065 0.047 0.001 0.019 0.016 0.032 0.055 0.765 
 166 H _   0.056 0.038 0.001 0.017 0.012 0.028 0.056 0.792 
 167 G _   0.046 0.031 0.001 0.015 0.010 0.024 0.058 0.816 
 168 R _   0.038 0.024 0.001 0.013 0.008 0.020 0.060 0.837 
 169 Q _   0.030 0.018 0.001 0.011 0.006 0.016 0.061 0.857 
 170 L _   0.024 0.013 0.001 0.009 0.004 0.013 0.062 0.874 
 171 V _   0.019 0.009 0.000 0.007 0.003 0.011 0.063 0.888 
 172 H _   0.015 0.006 0.000 0.005 0.003 0.009 0.063 0.899 
 173 R _   0.012 0.004 0.000 0.004 0.002 0.008 0.063 0.907 
 174 D _   0.010 0.003 0.000 0.004 0.002 0.007 0.062 0.912 
 175 I _   0.008 0.003 0.000 0.003 0.002 0.007 0.061 0.914 
 176 K _   0.008 0.004 0.000 0.004 0.002 0.008 0.060 0.913 
 177 P _   0.009 0.005 0.000 0.005 0.003 0.009 0.059 0.910 
 178 E _   0.009 0.008 0.000 0.007 0.004 0.011 0.058 0.903 
 179 N _   0.010 0.012 0.001 0.011 0.005 0.013 0.056 0.894 
 180 V _   0.011 0.018 0.001 0.015 0.006 0.014 0.054 0.882 
 181 L _   0.011 0.024 0.001 0.019 0.007 0.015 0.051 0.871 
 182 L _   0.012 0.029 0.001 0.022 0.008 0.016 0.049 0.863 
 183 F _   0.011 0.032 0.001 0.023 0.008 0.017 0.047 0.860 
 184 D _   0.011 0.034 0.001 0.023 0.008 0.017 0.046 0.861 
 185 R _   0.011 0.035 0.001 0.021 0.008 0.017 0.044 0.864 
 186 E _   0.010 0.034 0.001 0.018 0.007 0.016 0.043 0.870 
 187 C _   0.010 0.033 0.001 0.016 0.007 0.016 0.042 0.876 
 188 R _   0.010 0.033 0.001 0.014 0.006 0.016 0.040 0.880 
 189 R _   0.011 0.032 0.001 0.012 0.006 0.016 0.039 0.883 
 190 V _   0.011 0.032 0.001 0.012 0.006 0.017 0.038 0.884 
 191 K _   0.012 0.032 0.001 0.012 0.006 0.017 0.037 0.882 
 192 L _   0.013 0.034 0.001 0.012 0.007 0.018 0.036 0.879 
 193 A _   0.014 0.035 0.001 0.014 0.008 0.019 0.035 0.875 
 194 D _   0.015 0.037 0.001 0.015 0.009 0.020 0.033 0.870 
 195 F _   0.016 0.039 0.001 0.016 0.009 0.021 0.032 0.865 
 196 G _   0.017 0.040 0.001 0.017 0.010 0.022 0.031 0.861 
 197 M _   0.019 0.041 0.001 0.018 0.011 0.023 0.030 0.857 
 198 T _   0.020 0.042 0.001 0.019 0.011 0.023 0.029 0.855 
 199 R _   0.020 0.042 0.001 0.019 0.012 0.024 0.028 0.855 
 200 R _   0.021 0.041 0.001 0.018 0.012 0.024 0.027 0.856 
 201 V _   0.021 0.041 0.001 0.018 0.012 0.024 0.027 0.857 
 202 G _   0.021 0.039 0.001 0.017 0.011 0.024 0.026 0.860 
 203 C _   0.022 0.038 0.001 0.017 0.011 0.023 0.025 0.863 
 204 R _   0.022 0.036 0.001 0.016 0.011 0.023 0.025 0.866 
 205 V _   0.022 0.035 0.001 0.015 0.010 0.022 0.025 0.869 
 206 K _   0.022 0.033 0.001 0.015 0.010 0.022 0.024 0.874 
 207 R _   0.022 0.031 0.001 0.014 0.009 0.021 0.024 0.879 
 208 V _   0.021 0.029 0.001 0.013 0.009 0.020 0.023 0.884 
 209 S _   0.020 0.028 0.001 0.013 0.009 0.019 0.023 0.888 
 210 G _   0.019 0.026 0.001 0.013 0.008 0.019 0.023 0.892 
 211 T _   0.018 0.025 0.001 0.012 0.008 0.018 0.022 0.896 
 212 I _   0.017 0.024 0.001 0.012 0.008 0.018 0.022 0.898 
 213 P _   0.016 0.024 0.001 0.013 0.008 0.017 0.021 0.900 
 214 Y _   0.015 0.024 0.001 0.014 0.008 0.017 0.021 0.902 
 215 T _   0.014 0.023 0.001 0.014 0.008 0.016 0.020 0.903 
 216 A _   0.013 0.023 0.001 0.015 0.008 0.016 0.020 0.904 
 217 P _   0.013 0.023 0.001 0.016 0.007 0.015 0.019 0.906 
 218 E _   0.012 0.022 0.001 0.017 0.007 0.015 0.019 0.908 
 219 V _   0.011 0.021 0.001 0.017 0.007 0.014 0.018 0.911 
 220 C _   0.011 0.019 0.001 0.017 0.007 0.013 0.018 0.915 
 221 Q _   0.010 0.018 0.001 0.016 0.006 0.013 0.017 0.919 
 222 A _   0.010 0.015 0.001 0.015 0.006 0.012 0.017 0.924 
 223 G _   0.010 0.013 0.001 0.014 0.006 0.011 0.016 0.930 
 224 R _   0.011 0.010 0.001 0.012 0.005 0.011 0.016 0.935 
 225 A _   0.013 0.008 0.001 0.010 0.005 0.010 0.015 0.939 
 226 D _   0.016 0.005 0.001 0.009 0.004 0.010 0.015 0.941 
 227 G _   0.022 0.003 0.001 0.007 0.004 0.009 0.014 0.941 
 228 L _   0.031 0.001 0.000 0.005 0.004 0.008 0.013 0.937 
 229 A _   0.046 0.001 0.000 0.003 0.003 0.008 0.012 0.926 
 230 V _   0.069 0.000 0.000 0.002 0.003 0.008 0.011 0.906 
 231 D _   0.104 0.000 0.000 0.001 0.003 0.008 0.010 0.873 
 232 T _   0.156 0.000 0.001 0.001 0.004 0.008 0.009 0.822 
 233 G _   0.232 0.000 0.001 0.001 0.005 0.008 0.008 0.747 
 234 V _   0.335 0.000 0.001 0.001 0.006 0.008 0.006 0.644 
 235 D _   0.457 0.000 0.001 0.001 0.007 0.009 0.005 0.521 
 236 V H   0.594 0.000 0.001 0.001 0.008 0.008 0.003 0.384 
 237 W H   0.722 0.000 0.001 0.001 0.009 0.008 0.002 0.257 
 238 A H   0.817 0.000 0.001 0.000 0.010 0.007 0.002 0.163 
 239 F H   0.877 0.000 0.001 0.000 0.011 0.006 0.001 0.103 
 240 G H   0.911 0.000 0.001 0.000 0.012 0.006 0.001 0.070 
 241 V H   0.927 0.000 0.001 0.000 0.012 0.005 0.001 0.054 
 242 L H   0.932 0.000 0.001 0.000 0.013 0.005 0.001 0.048 
 243 I H   0.928 0.000 0.001 0.000 0.014 0.005 0.001 0.051 
 244 F H   0.916 0.000 0.001 0.000 0.015 0.005 0.002 0.062 
 245 C H   0.893 0.000 0.001 0.000 0.015 0.005 0.002 0.083 
 246 V H   0.853 0.000 0.001 0.001 0.016 0.006 0.003 0.120 
 247 L H   0.789 0.000 0.001 0.001 0.016 0.007 0.005 0.181 
 248 T H   0.699 0.000 0.002 0.001 0.015 0.008 0.008 0.268 
 249 G H   0.587 0.000 0.001 0.001 0.014 0.009 0.012 0.375 
 250 N _   0.468 0.000 0.001 0.002 0.011 0.009 0.018 0.491 
 251 F _   0.352 0.000 0.001 0.002 0.009 0.010 0.025 0.601 
 252 P _   0.250 0.000 0.001 0.002 0.007 0.010 0.031 0.699 
 253 W _   0.170 0.000 0.001 0.002 0.005 0.010 0.038 0.774 
 254 E _   0.112 0.000 0.001 0.003 0.004 0.010 0.043 0.827 
 255 A _   0.074 0.000 0.000 0.003 0.004 0.010 0.048 0.861 
 256 A _   0.050 0.001 0.000 0.003 0.003 0.010 0.051 0.880 
 257 S _   0.037 0.001 0.000 0.004 0.003 0.012 0.054 0.889 
 258 G _   0.029 0.003 0.000 0.005 0.004 0.013 0.057 0.887 
 259 A _   0.025 0.007 0.001 0.008 0.005 0.016 0.060 0.878 
 260 D _   0.024 0.014 0.001 0.012 0.008 0.018 0.062 0.861 
 261 A _   0.023 0.024 0.001 0.019 0.010 0.021 0.065 0.838 
 262 F _   0.022 0.035 0.001 0.026 0.013 0.023 0.067 0.812 
 263 F _   0.022 0.045 0.001 0.033 0.015 0.025 0.070 0.789 
 264 E _   0.022 0.053 0.001 0.039 0.016 0.025 0.074 0.769 
 265 E _   0.021 0.058 0.001 0.043 0.017 0.025 0.078 0.756 
 266 F _   0.021 0.059 0.001 0.043 0.016 0.024 0.084 0.751 
 267 V _   0.020 0.059 0.001 0.041 0.015 0.023 0.090 0.751 
 268 R _   0.019 0.055 0.001 0.036 0.013 0.021 0.097 0.757 
 269 W _   0.017 0.050 0.001 0.030 0.011 0.019 0.105 0.768 
 270 Q _   0.016 0.042 0.001 0.024 0.009 0.016 0.113 0.780 
 271 R _   0.014 0.033 0.001 0.018 0.007 0.014 0.121 0.792 
 272 G _   0.012 0.024 0.001 0.013 0.005 0.012 0.129 0.804 
 273 R _   0.011 0.018 0.001 0.009 0.004 0.011 0.136 0.812 
 274 L _   0.009 0.013 0.000 0.007 0.003 0.010 0.142 0.816 
 275 P _   0.008 0.011 0.000 0.005 0.002 0.009 0.147 0.817 
 276 G _   0.008 0.010 0.000 0.004 0.002 0.009 0.151 0.815 
 277 L _   0.008 0.009 0.000 0.004 0.002 0.009 0.155 0.811 
 278 P _   0.008 0.010 0.000 0.004 0.003 0.011 0.158 0.806 
 279 S _   0.009 0.012 0.000 0.005 0.003 0.012 0.161 0.797 
 280 Q _   0.011 0.015 0.000 0.006 0.004 0.015 0.164 0.785 
 281 W _   0.012 0.020 0.001 0.008 0.005 0.018 0.166 0.770 
 282 R _   0.014 0.028 0.001 0.010 0.007 0.021 0.168 0.750 
 283 R _   0.017 0.040 0.001 0.013 0.009 0.025 0.170 0.725 
 284 F _   0.019 0.056 0.001 0.016 0.012 0.029 0.172 0.694 
 285 T _   0.021 0.076 0.001 0.021 0.016 0.032 0.174 0.658 
 286 E _   0.023 0.099 0.001 0.026 0.019 0.035 0.177 0.619 
 287 P _   0.025 0.121 0.002 0.031 0.022 0.037 0.180 0.581 
 288 A _   0.027 0.142 0.002 0.038 0.025 0.038 0.184 0.546 
 289 L _   0.027 0.158 0.002 0.044 0.026 0.037 0.188 0.517 
 290 R _   0.027 0.168 0.002 0.049 0.026 0.036 0.194 0.497 
 291 M _   0.026 0.174 0.002 0.053 0.025 0.034 0.201 0.485 
 292 F _   0.025 0.174 0.002 0.054 0.023 0.031 0.210 0.481 
 293 Q _   0.023 0.169 0.002 0.052 0.021 0.028 0.220 0.485 
 294 R _   0.020 0.159 0.002 0.047 0.018 0.025 0.232 0.497 
 295 L _   0.018 0.142 0.001 0.040 0.014 0.021 0.246 0.517 
 296 L _   0.016 0.118 0.001 0.031 0.011 0.018 0.262 0.544 
 297 A _   0.014 0.091 0.001 0.022 0.008 0.015 0.277 0.573 
 298 L _   0.012 0.066 0.001 0.014 0.005 0.012 0.290 0.599 
 299 E _   0.010 0.047 0.001 0.009 0.004 0.010 0.302 0.618 
 300 P _   0.008 0.036 0.000 0.005 0.002 0.009 0.310 0.629 
 301 E _   0.007 0.031 0.000 0.003 0.002 0.008 0.316 0.632 
 302 R _   0.007 0.030 0.000 0.003 0.002 0.009 0.320 0.630 
 303 R _   0.007 0.031 0.000 0.003 0.002 0.010 0.324 0.622 
 304 G _   0.008 0.036 0.000 0.005 0.003 0.013 0.327 0.607 
 305 P _   0.011 0.049 0.001 0.009 0.006 0.017 0.329 0.579 
 306 A _   0.013 0.080 0.001 0.015 0.009 0.021 0.330 0.530 
 307 K _   0.014 0.133 0.002 0.024 0.014 0.024 0.330 0.459 
 308 E _   0.014 0.196 0.002 0.034 0.017 0.026 0.330 0.381 
 309 V X   0.013 0.249 0.002 0.042 0.019 0.027 0.332 0.316 
 310 F X   0.012 0.286 0.002 0.048 0.019 0.026 0.335 0.271 
 311 R X   0.011 0.307 0.001 0.053 0.019 0.026 0.340 0.243 
 312 F X   0.011 0.317 0.001 0.055 0.019 0.025 0.348 0.225 
 313 L X   0.010 0.320 0.001 0.055 0.018 0.024 0.357 0.214 
 314 K X   0.010 0.317 0.001 0.053 0.018 0.023 0.369 0.209 
 315 H X   0.010 0.308 0.001 0.050 0.017 0.021 0.385 0.208 
 316 E X   0.010 0.292 0.002 0.046 0.016 0.020 0.405 0.209 
 317 L X   0.011 0.268 0.002 0.042 0.015 0.019 0.430 0.214 
 318 T X   0.011 0.237 0.002 0.038 0.014 0.018 0.461 0.220 
 319 S X   0.011 0.200 0.002 0.034 0.012 0.017 0.497 0.227 
 320 E X   0.011 0.161 0.002 0.029 0.011 0.016 0.538 0.232 
 321 L X   0.011 0.122 0.001 0.025 0.009 0.014 0.580 0.237 
 322 R X   0.010 0.089 0.001 0.020 0.007 0.013 0.621 0.239 
 323 R X   0.009 0.062 0.001 0.016 0.006 0.011 0.658 0.238 
 324 R X   0.008 0.042 0.001 0.013 0.004 0.009 0.691 0.233 
 325 P X   0.007 0.028 0.001 0.010 0.003 0.008 0.718 0.226 
 326 S X   0.005 0.018 0.000 0.008 0.002 0.006 0.742 0.218 
 327 H X   0.005 0.012 0.000 0.006 0.002 0.005 0.760 0.210 
 328 R X   0.004 0.008 0.000 0.005 0.001 0.004 0.776 0.202 
 329 A X   0.003 0.006 0.000 0.004 0.001 0.003 0.788 0.195 
 330 R X   0.003 0.004 0.000 0.003 0.001 0.003 0.798 0.189 
 331 K X   0.002 0.003 0.000 0.002 0.001 0.002 0.805 0.185 
 332 P X   0.002 0.002 0.000 0.002 0.001 0.002 0.810 0.182 
 333 P X   0.001 0.002 0.000 0.002 0.000 0.002 0.813 0.180 
 334 G X   0.001 0.002 0.000 0.001 0.000 0.001 0.816 0.178 
 335 D X   0.001 0.002 0.000 0.001 0.000 0.001 0.817 0.177 
 336 R X   0.001 0.002 0.000 0.001 0.000 0.001 0.817 0.176 
 337 P X   0.001 0.003 0.000 0.002 0.000 0.002 0.817 0.175 
 338 P X   0.001 0.004 0.000 0.002 0.001 0.002 0.816 0.175 
 339 A X   0.001 0.006 0.000 0.003 0.001 0.002 0.814 0.173 
 340 A X   0.001 0.009 0.000 0.004 0.001 0.003 0.811 0.171 
 341 G X   0.001 0.012 0.000 0.005 0.001 0.003 0.807 0.169 
 342 P X   0.001 0.016 0.000 0.006 0.001 0.004 0.804 0.167 
 343 L X   0.001 0.020 0.000 0.007 0.002 0.004 0.800 0.166 
 344 R X   0.001 0.023 0.000 0.007 0.002 0.004 0.797 0.165 
 345 L X   0.001 0.026 0.000 0.008 0.002 0.004 0.795 0.165 
 346 E X   0.001 0.028 0.000 0.008 0.002 0.004 0.792 0.164 
 347 A X   0.001 0.030 0.000 0.008 0.002 0.004 0.790 0.164 
 348 P X   0.001 0.033 0.000 0.008 0.002 0.005 0.789 0.162 
 349 G X   0.002 0.035 0.000 0.009 0.002 0.005 0.787 0.160 
 350 P X   0.002 0.038 0.000 0.011 0.003 0.005 0.786 0.156 
 351 L X   0.002 0.040 0.000 0.012 0.003 0.006 0.785 0.151 
 352 K X   0.002 0.042 0.000 0.015 0.004 0.006 0.785 0.146 
 353 R X   0.002 0.043 0.000 0.017 0.004 0.006 0.786 0.141 
 354 T X   0.002 0.044 0.000 0.018 0.004 0.006 0.788 0.137 
 355 V X   0.002 0.043 0.000 0.018 0.004 0.006 0.792 0.134 
 356 L X   0.002 0.041 0.000 0.017 0.004 0.005 0.797 0.133 
 357 T X   0.002 0.037 0.000 0.015 0.003 0.005 0.803 0.133 
 358 E X   0.002 0.032 0.000 0.012 0.003 0.004 0.810 0.135 
 359 S X   0.002 0.026 0.000 0.009 0.002 0.004 0.819 0.138 
 360 G X   0.002 0.019 0.000 0.006 0.002 0.003 0.827 0.140 
 361 S X   0.002 0.014 0.000 0.004 0.001 0.003 0.835 0.141 
 362 G X   0.001 0.010 0.000 0.003 0.001 0.003 0.841 0.141 
 363 S X   0.001 0.008 0.000 0.002 0.001 0.002 0.846 0.139 
 364 R X   0.001 0.007 0.000 0.002 0.001 0.003 0.851 0.136 
 365 P X   0.001 0.006 0.000 0.002 0.001 0.003 0.855 0.132 
 366 A X   0.002 0.006 0.000 0.002 0.001 0.003 0.858 0.127 
 367 P X   0.002 0.007 0.000 0.003 0.001 0.004 0.861 0.122 
 368 P X   0.002 0.008 0.000 0.005 0.002 0.005 0.864 0.115 
 369 A X   0.002 0.009 0.000 0.007 0.003 0.005 0.866 0.107 
 370 V X   0.003 0.010 0.000 0.009 0.003 0.006 0.870 0.099 
 371 G X   0.003 0.011 0.000 0.011 0.004 0.006 0.874 0.091 
 372 S X   0.003 0.011 0.000 0.012 0.004 0.007 0.879 0.083 
 373 V X   0.003 0.011 0.000 0.013 0.005 0.007 0.885 0.076 
 374 P X   0.003 0.010 0.000 0.012 0.005 0.007 0.893 0.069 
 375 L X   0.004 0.009 0.000 0.011 0.004 0.006 0.903 0.063 
 376 P X   0.004 0.008 0.000 0.009 0.004 0.006 0.913 0.057 
 377 V X   0.003 0.006 0.000 0.007 0.003 0.005 0.924 0.051 
 378 P X   0.003 0.004 0.000 0.005 0.002 0.004 0.936 0.045 
 379 V X   0.003 0.003 0.000 0.004 0.002 0.003 0.947 0.039 
 380 P X   0.002 0.001 0.000 0.002 0.001 0.003 0.956 0.034 
 381 V X   0.002 0.001 0.000 0.002 0.001 0.002 0.965 0.028 
 382 P X   0.002 0.000 0.000 0.001 0.001 0.001 0.971 0.023 
 383 V X   0.001 0.000 0.000 0.001 0.000 0.001 0.977 0.019 
 384 P X   0.001 0.000 0.000 0.000 0.000 0.001 0.981 0.016 
 385 V X   0.001 0.000 0.000 0.000 0.000 0.001 0.985 0.014 
 386 P X   0.001 0.000 0.000 0.000 0.000 0.000 0.987 0.012 
 387 V X   0.000 0.000 0.000 0.000 0.000 0.000 0.989 0.010 
 388 P X   0.000 0.000 0.000 0.000 0.000 0.000 0.990 0.009 
 389 V X   0.000 0.000 0.000 0.000 0.000 0.000 0.991 0.008 
 390 P X   0.000 0.000 0.000 0.000 0.000 0.000 0.991 0.008 
 391 E X   0.000 0.000 0.000 0.000 0.000 0.000 0.992 0.008 
 392 P X   0.000 0.000 0.000 0.000 0.000 0.000 0.992 0.008 
 393 G X   0.000 0.000 0.000 0.000 0.000 0.000 0.992 0.008 
 394 L X   0.000 0.000 0.000 0.000 0.000 0.000 0.991 0.008 
 395 A X   0.000 0.000 0.000 0.000 0.000 0.000 0.991 0.008 
 396 P X   0.000 0.000 0.000 0.000 0.000 0.000 0.990 0.009 
 397 Q X   0.000 0.000 0.000 0.001 0.000 0.000 0.989 0.009 
 398 G X   0.000 0.000 0.000 0.001 0.000 0.000 0.988 0.010 
 399 P X   0.000 0.000 0.000 0.001 0.000 0.000 0.987 0.011 
 400 P X   0.000 0.000 0.000 0.001 0.000 0.000 0.986 0.012 
 401 G X   0.000 0.000 0.000 0.001 0.000 0.000 0.985 0.013 
 402 R X   0.000 0.000 0.000 0.001 0.000 0.000 0.984 0.015 
 403 T X   0.000 0.000 0.000 0.001 0.000 0.000 0.982 0.016 
 404 D X   0.000 0.000 0.000 0.001 0.000 0.000 0.980 0.018 
 405 G X   0.000 0.000 0.000 0.000 0.000 0.000 0.978 0.020 
 406 R X   0.000 0.000 0.000 0.000 0.000 0.001 0.976 0.023 
 407 A X   0.000 0.000 0.000 0.000 0.000 0.001 0.973 0.025 
 408 D X   0.001 0.000 0.000 0.001 0.000 0.001 0.969 0.028 
 409 K X   0.001 0.000 0.000 0.001 0.000 0.002 0.965 0.031 
 410 S X   0.003 0.000 0.000 0.001 0.001 0.003 0.959 0.034 
 411 K X   0.006 0.000 0.000 0.001 0.001 0.004 0.952 0.036 
 412 G X   0.011 0.000 0.000 0.001 0.002 0.006 0.943 0.036 
 413 Q X   0.018 0.000 0.000 0.001 0.004 0.008 0.934 0.035 
 414 V X   0.025 0.000 0.000 0.001 0.006 0.010 0.924 0.033 
 415 V X   0.031 0.000 0.000 0.001 0.008 0.012 0.917 0.031 
 416 L X   0.036 0.000 0.000 0.001 0.010 0.013 0.911 0.028 
 417 A X   0.039 0.001 0.000 0.001 0.011 0.013 0.908 0.027 
 418 T X   0.040 0.001 0.001 0.002 0.011 0.012 0.908 0.026 
 419 A X   0.038 0.001 0.001 0.002 0.009 0.010 0.910 0.028 
 420 I X   0.034 0.002 0.000 0.003 0.006 0.007 0.915 0.033 
 421 E X   0.027 0.002 0.000 0.002 0.002 0.005 0.919 0.042 
 422 I X   0.019 0.002 0.000 0.002 0.001 0.003 0.920 0.054 
 423 C X   0.013 0.001 0.000 0.001 0.001 0.003 0.915 0.065 
 424 V X   0.014 0.001 0.002 0.004 0.004 0.005 0.895 0.075 
