#TopoPred_TM8: 8-state transmembrane topology prediction results by no_profile mode 
#probabilities are in the order of H E C I L F X _, the 8 transmembrane topology types used in PDBTM 
   1 M X   0.020 0.003 0.003 0.074 0.013 0.020 0.612 0.257 
   2 W X   0.009 0.002 0.000 0.055 0.004 0.015 0.627 0.288 
   3 L X   0.005 0.003 0.000 0.041 0.002 0.013 0.629 0.307 
   4 K X   0.005 0.004 0.000 0.034 0.002 0.015 0.623 0.316 
   5 V X   0.007 0.007 0.000 0.032 0.003 0.019 0.609 0.322 
   6 G X   0.010 0.012 0.001 0.030 0.006 0.023 0.590 0.329 
   7 G X   0.013 0.018 0.001 0.030 0.007 0.025 0.570 0.335 
   8 L X   0.015 0.027 0.001 0.030 0.009 0.027 0.549 0.342 
   9 L X   0.016 0.035 0.001 0.031 0.010 0.027 0.528 0.352 
  10 R X   0.015 0.043 0.001 0.030 0.011 0.026 0.509 0.364 
  11 G X   0.014 0.049 0.001 0.029 0.011 0.025 0.491 0.379 
  12 T X   0.013 0.054 0.001 0.027 0.011 0.025 0.475 0.394 
  13 G X   0.013 0.057 0.001 0.024 0.011 0.024 0.461 0.409 
  14 G X   0.013 0.060 0.001 0.021 0.010 0.023 0.450 0.421 
  15 Q X   0.013 0.063 0.001 0.020 0.010 0.022 0.440 0.431 
  16 L _   0.013 0.066 0.001 0.019 0.010 0.022 0.430 0.439 
  17 G _   0.013 0.069 0.001 0.019 0.010 0.021 0.422 0.445 
  18 Q _   0.013 0.072 0.001 0.020 0.010 0.020 0.413 0.450 
  19 T _   0.013 0.075 0.001 0.022 0.010 0.020 0.406 0.454 
  20 V _   0.013 0.077 0.001 0.024 0.010 0.019 0.399 0.458 
  21 G _   0.012 0.079 0.001 0.025 0.010 0.017 0.393 0.463 
  22 W _   0.011 0.078 0.001 0.026 0.009 0.016 0.388 0.470 
  23 P _   0.011 0.077 0.001 0.025 0.009 0.015 0.384 0.479 
  24 C _   0.010 0.073 0.001 0.023 0.008 0.013 0.381 0.491 
  25 G _   0.009 0.068 0.001 0.020 0.007 0.012 0.378 0.505 
  26 A _   0.008 0.061 0.001 0.017 0.005 0.010 0.376 0.521 
  27 L _   0.007 0.053 0.001 0.013 0.004 0.009 0.374 0.538 
  28 G _   0.006 0.046 0.000 0.010 0.003 0.008 0.372 0.554 
  29 P _   0.006 0.040 0.000 0.007 0.003 0.007 0.370 0.567 
  30 G _   0.005 0.036 0.000 0.006 0.002 0.006 0.367 0.577 
  31 P _   0.005 0.033 0.000 0.005 0.002 0.006 0.364 0.585 
  32 H _   0.005 0.033 0.000 0.004 0.002 0.006 0.360 0.589 
  33 R _   0.005 0.034 0.000 0.005 0.002 0.007 0.356 0.591 
  34 W _   0.005 0.037 0.000 0.007 0.003 0.008 0.350 0.589 
  35 G _   0.005 0.043 0.000 0.010 0.004 0.010 0.344 0.584 
  36 P _   0.006 0.052 0.001 0.015 0.005 0.011 0.337 0.573 
  37 C _   0.006 0.064 0.001 0.022 0.007 0.013 0.329 0.559 
  38 G _   0.007 0.077 0.001 0.030 0.008 0.014 0.321 0.543 
  39 G _   0.007 0.087 0.001 0.036 0.009 0.015 0.314 0.531 
  40 S _   0.007 0.094 0.001 0.041 0.010 0.015 0.309 0.524 
  41 W _   0.007 0.097 0.001 0.043 0.010 0.015 0.305 0.522 
  42 A _   0.007 0.096 0.001 0.043 0.009 0.014 0.303 0.527 
  43 Q _   0.007 0.092 0.001 0.038 0.008 0.013 0.302 0.538 
  44 K _   0.007 0.085 0.001 0.032 0.007 0.011 0.302 0.556 
  45 F _   0.007 0.073 0.001 0.025 0.006 0.010 0.302 0.578 
  46 Y _   0.006 0.059 0.001 0.018 0.004 0.008 0.303 0.601 
  47 Q _   0.006 0.046 0.000 0.012 0.003 0.007 0.303 0.622 
  48 D _   0.005 0.036 0.000 0.008 0.002 0.006 0.304 0.638 
  49 G _   0.005 0.029 0.000 0.006 0.002 0.006 0.303 0.649 
  50 P _   0.005 0.025 0.000 0.005 0.002 0.005 0.302 0.657 
  51 G _   0.004 0.024 0.000 0.004 0.001 0.005 0.300 0.661 
  52 R _   0.004 0.023 0.000 0.005 0.002 0.005 0.298 0.663 
  53 G _   0.004 0.024 0.000 0.006 0.002 0.006 0.294 0.664 
  54 L _   0.005 0.026 0.000 0.007 0.002 0.007 0.290 0.663 
  55 G _   0.005 0.029 0.000 0.010 0.003 0.008 0.285 0.661 
  56 E _   0.005 0.033 0.000 0.013 0.003 0.009 0.279 0.658 
  57 E _   0.005 0.037 0.000 0.016 0.004 0.009 0.273 0.655 
  58 D _   0.005 0.041 0.001 0.019 0.004 0.010 0.268 0.652 
  59 I _   0.005 0.044 0.001 0.021 0.005 0.010 0.263 0.651 
  60 R _   0.005 0.046 0.001 0.023 0.005 0.010 0.259 0.651 
  61 R _   0.005 0.047 0.001 0.023 0.005 0.010 0.255 0.653 
  62 A _   0.005 0.046 0.001 0.023 0.005 0.010 0.252 0.657 
  63 R _   0.005 0.045 0.001 0.022 0.005 0.010 0.250 0.663 
  64 E _   0.005 0.042 0.001 0.020 0.004 0.009 0.248 0.671 
  65 A _   0.005 0.038 0.000 0.018 0.004 0.009 0.247 0.679 
  66 R _   0.005 0.033 0.000 0.016 0.003 0.008 0.246 0.688 
  67 P _   0.005 0.028 0.000 0.013 0.003 0.007 0.245 0.697 
  68 R _   0.005 0.023 0.000 0.012 0.003 0.007 0.244 0.705 
  69 K _   0.005 0.019 0.000 0.010 0.002 0.007 0.243 0.713 
  70 T _   0.005 0.015 0.000 0.009 0.002 0.006 0.242 0.721 
  71 P _   0.005 0.011 0.000 0.008 0.002 0.006 0.240 0.727 
  72 R _   0.005 0.008 0.000 0.007 0.002 0.006 0.238 0.734 
  73 P _   0.005 0.006 0.000 0.006 0.002 0.005 0.235 0.741 
  74 Q _   0.004 0.004 0.000 0.006 0.002 0.005 0.231 0.748 
  75 L _   0.004 0.003 0.000 0.005 0.001 0.005 0.226 0.755 
  76 S _   0.004 0.002 0.000 0.005 0.001 0.005 0.221 0.763 
  77 D _   0.004 0.002 0.000 0.004 0.001 0.005 0.214 0.770 
  78 R _   0.004 0.001 0.000 0.005 0.002 0.006 0.206 0.776 
  79 S _   0.004 0.001 0.000 0.005 0.002 0.007 0.198 0.783 
  80 R _   0.005 0.001 0.000 0.006 0.002 0.008 0.188 0.788 
  81 E _   0.007 0.001 0.000 0.008 0.003 0.010 0.177 0.793 
  82 R _   0.009 0.002 0.001 0.010 0.004 0.013 0.166 0.796 
  83 K _   0.014 0.002 0.001 0.012 0.006 0.016 0.153 0.797 
  84 V _   0.021 0.002 0.001 0.014 0.007 0.018 0.140 0.796 
  85 P _   0.034 0.002 0.001 0.015 0.009 0.021 0.126 0.791 
  86 A _   0.054 0.002 0.001 0.015 0.011 0.023 0.112 0.781 
  87 S _   0.084 0.001 0.001 0.013 0.013 0.025 0.098 0.765 
  88 R _   0.127 0.001 0.001 0.010 0.014 0.026 0.083 0.738 
  89 I _   0.182 0.000 0.001 0.007 0.015 0.026 0.069 0.699 
  90 S _   0.252 0.000 0.001 0.004 0.015 0.026 0.055 0.646 
  91 R _   0.334 0.000 0.001 0.002 0.015 0.024 0.042 0.580 
  92 L _   0.430 0.000 0.001 0.002 0.015 0.022 0.031 0.498 
  93 A H   0.530 0.000 0.001 0.001 0.016 0.020 0.023 0.409 
  94 N H   0.629 0.000 0.001 0.001 0.016 0.018 0.016 0.319 
  95 F H   0.717 0.000 0.001 0.001 0.016 0.015 0.011 0.239 
  96 G H   0.786 0.000 0.001 0.001 0.016 0.013 0.008 0.175 
  97 G H   0.837 0.000 0.001 0.001 0.015 0.011 0.006 0.130 
  98 L H   0.870 0.000 0.001 0.001 0.015 0.009 0.005 0.100 
  99 A H   0.887 0.000 0.001 0.001 0.015 0.008 0.004 0.084 
 100 V H   0.895 0.000 0.001 0.000 0.015 0.007 0.004 0.077 
 101 G H   0.894 0.000 0.001 0.001 0.015 0.007 0.004 0.079 
 102 L H   0.882 0.000 0.001 0.001 0.016 0.007 0.004 0.089 
 103 G H   0.859 0.000 0.001 0.001 0.017 0.008 0.005 0.109 
 104 L H   0.821 0.000 0.001 0.001 0.018 0.009 0.006 0.144 
 105 G H   0.763 0.000 0.002 0.002 0.018 0.010 0.008 0.198 
 106 V H   0.682 0.000 0.002 0.003 0.018 0.011 0.011 0.274 
 107 L H   0.580 0.000 0.002 0.004 0.016 0.012 0.015 0.371 
 108 A _   0.468 0.000 0.002 0.004 0.014 0.012 0.020 0.480 
 109 E _   0.356 0.000 0.001 0.005 0.011 0.012 0.025 0.590 
 110 M _   0.256 0.000 0.001 0.005 0.008 0.011 0.030 0.689 
 111 A _   0.175 0.000 0.001 0.004 0.005 0.010 0.035 0.769 
 112 K _   0.114 0.000 0.001 0.004 0.004 0.009 0.038 0.830 
 113 K _   0.072 0.000 0.000 0.004 0.003 0.008 0.041 0.873 
 114 S _   0.045 0.000 0.000 0.004 0.002 0.007 0.043 0.899 
 115 M _   0.028 0.000 0.000 0.004 0.002 0.007 0.044 0.913 
 116 P _   0.019 0.001 0.000 0.005 0.002 0.007 0.045 0.920 
 117 G _   0.014 0.001 0.000 0.007 0.002 0.007 0.046 0.922 
 118 G _   0.011 0.002 0.000 0.008 0.003 0.008 0.047 0.922 
 119 R _   0.009 0.003 0.000 0.011 0.003 0.008 0.047 0.920 
 120 L _   0.008 0.004 0.000 0.012 0.003 0.008 0.047 0.918 
 121 Q _   0.007 0.004 0.000 0.014 0.003 0.008 0.047 0.917 
 122 S _   0.006 0.004 0.000 0.014 0.003 0.008 0.047 0.918 
 123 E _   0.005 0.004 0.000 0.013 0.003 0.007 0.047 0.919 
 124 G _   0.005 0.004 0.000 0.012 0.003 0.007 0.047 0.922 
 125 G _   0.004 0.004 0.000 0.011 0.003 0.006 0.047 0.924 
 126 S _   0.004 0.003 0.000 0.010 0.002 0.006 0.047 0.928 
 127 G _   0.004 0.002 0.000 0.008 0.002 0.006 0.047 0.930 
 128 L _   0.004 0.002 0.000 0.007 0.002 0.006 0.046 0.933 
 129 D _   0.004 0.001 0.000 0.006 0.002 0.006 0.046 0.935 
 130 S _   0.004 0.001 0.000 0.005 0.002 0.006 0.045 0.936 
 131 S _   0.005 0.001 0.000 0.005 0.002 0.007 0.044 0.936 
 132 P _   0.007 0.001 0.000 0.005 0.002 0.008 0.042 0.935 
 133 F _   0.012 0.000 0.000 0.005 0.002 0.010 0.040 0.930 
 134 L _   0.020 0.000 0.000 0.005 0.003 0.012 0.038 0.920 
 135 S _   0.035 0.000 0.001 0.006 0.004 0.016 0.036 0.902 
 136 E _   0.062 0.000 0.001 0.006 0.006 0.021 0.033 0.871 
 137 A _   0.102 0.000 0.001 0.006 0.009 0.026 0.030 0.827 
 138 N _   0.158 0.000 0.001 0.006 0.013 0.031 0.026 0.766 
 139 A _   0.228 0.000 0.001 0.005 0.017 0.035 0.022 0.691 
 140 E _   0.306 0.000 0.002 0.005 0.021 0.039 0.018 0.609 
 141 R _   0.389 0.000 0.002 0.004 0.026 0.041 0.015 0.523 
 142 I H   0.467 0.000 0.002 0.003 0.030 0.042 0.012 0.443 
 143 V H   0.538 0.000 0.002 0.003 0.033 0.042 0.011 0.372 
 144 Q H   0.597 0.000 0.002 0.003 0.035 0.040 0.009 0.314 
 145 T H   0.643 0.000 0.002 0.003 0.036 0.038 0.008 0.270 
 146 L H   0.676 0.000 0.002 0.002 0.036 0.036 0.008 0.240 
 147 C H   0.696 0.000 0.002 0.002 0.035 0.034 0.008 0.223 
 148 T H   0.703 0.000 0.002 0.002 0.035 0.032 0.008 0.218 
 149 V H   0.698 0.000 0.002 0.003 0.034 0.030 0.008 0.225 
 150 R H   0.682 0.000 0.002 0.003 0.032 0.029 0.009 0.242 
 151 G H   0.656 0.000 0.002 0.003 0.030 0.028 0.010 0.270 
 152 A H   0.618 0.000 0.002 0.004 0.028 0.028 0.012 0.309 
 153 A H   0.567 0.000 0.002 0.004 0.026 0.027 0.014 0.360 
 154 L H   0.508 0.000 0.002 0.005 0.024 0.027 0.016 0.420 
 155 K _   0.440 0.000 0.002 0.006 0.021 0.026 0.019 0.486 
 156 V _   0.371 0.001 0.002 0.007 0.019 0.025 0.022 0.554 
 157 G _   0.301 0.001 0.001 0.009 0.016 0.024 0.025 0.622 
 158 Q _   0.236 0.001 0.001 0.010 0.014 0.022 0.029 0.687 
 159 M _   0.180 0.001 0.001 0.010 0.011 0.020 0.032 0.744 
 160 L _   0.133 0.001 0.001 0.010 0.009 0.018 0.035 0.793 
 161 S _   0.095 0.001 0.001 0.008 0.007 0.016 0.038 0.835 
 162 I _   0.066 0.001 0.001 0.007 0.005 0.014 0.040 0.867 
 163 Q _   0.046 0.000 0.000 0.005 0.004 0.012 0.041 0.891 
 164 D _   0.032 0.000 0.000 0.004 0.003 0.011 0.042 0.907 
 165 N _   0.024 0.000 0.000 0.003 0.003 0.010 0.043 0.916 
 166 S _   0.020 0.001 0.000 0.003 0.002 0.011 0.044 0.920 
 167 F _   0.017 0.001 0.000 0.003 0.003 0.012 0.044 0.919 
 168 I _   0.017 0.002 0.000 0.004 0.004 0.014 0.044 0.915 
 169 S _   0.017 0.005 0.001 0.007 0.005 0.016 0.044 0.906 
 170 P _   0.019 0.010 0.001 0.011 0.007 0.019 0.043 0.890 
 171 Q _   0.020 0.018 0.001 0.017 0.010 0.022 0.042 0.869 
 172 L _   0.021 0.028 0.001 0.024 0.013 0.025 0.042 0.846 
 173 Q _   0.022 0.036 0.001 0.031 0.015 0.026 0.041 0.827 
 174 H _   0.022 0.042 0.001 0.036 0.017 0.027 0.041 0.813 
 175 I _   0.022 0.046 0.001 0.039 0.017 0.027 0.041 0.807 
 176 F _   0.021 0.047 0.001 0.038 0.016 0.026 0.041 0.809 
 177 E _   0.020 0.045 0.001 0.034 0.015 0.024 0.042 0.819 
 178 R _   0.019 0.040 0.001 0.028 0.012 0.022 0.043 0.834 
 179 V _   0.018 0.034 0.001 0.021 0.010 0.020 0.043 0.854 
 180 R _   0.016 0.027 0.001 0.014 0.007 0.018 0.044 0.872 
 181 Q _   0.015 0.020 0.001 0.010 0.006 0.017 0.045 0.887 
 182 S _   0.015 0.016 0.001 0.007 0.005 0.016 0.045 0.895 
 183 A _   0.016 0.014 0.000 0.005 0.004 0.016 0.045 0.898 
 184 D _   0.017 0.013 0.000 0.005 0.004 0.017 0.046 0.897 
 185 F _   0.019 0.014 0.001 0.006 0.005 0.018 0.046 0.892 
 186 M _   0.021 0.016 0.001 0.008 0.006 0.020 0.046 0.882 
 187 P _   0.023 0.021 0.001 0.011 0.009 0.023 0.045 0.868 
 188 R _   0.025 0.027 0.001 0.016 0.011 0.025 0.045 0.851 
 189 W _   0.026 0.034 0.001 0.021 0.013 0.026 0.045 0.833 
 190 Q _   0.026 0.041 0.001 0.027 0.015 0.027 0.045 0.818 
 191 M _   0.026 0.046 0.001 0.032 0.016 0.027 0.045 0.807 
 192 L _   0.026 0.049 0.001 0.035 0.016 0.026 0.045 0.801 
 193 R _   0.025 0.050 0.001 0.036 0.016 0.025 0.045 0.802 
 194 V _   0.023 0.049 0.001 0.035 0.014 0.023 0.046 0.809 
 195 L _   0.021 0.045 0.001 0.031 0.012 0.021 0.047 0.822 
 196 E _   0.018 0.039 0.001 0.026 0.010 0.018 0.048 0.840 
 197 E _   0.016 0.031 0.001 0.020 0.007 0.015 0.049 0.860 
 198 E _   0.014 0.023 0.001 0.014 0.006 0.013 0.050 0.879 
 199 L _   0.012 0.015 0.001 0.010 0.004 0.011 0.051 0.896 
 200 G _   0.010 0.010 0.000 0.007 0.003 0.010 0.051 0.908 
 201 R _   0.009 0.006 0.000 0.005 0.003 0.009 0.052 0.916 
 202 D _   0.008 0.005 0.000 0.004 0.002 0.009 0.052 0.919 
 203 W _   0.008 0.004 0.000 0.004 0.002 0.009 0.051 0.921 
 204 Q _   0.009 0.003 0.000 0.004 0.003 0.011 0.051 0.919 
 205 A _   0.010 0.004 0.000 0.005 0.003 0.012 0.050 0.916 
 206 K _   0.011 0.004 0.000 0.006 0.004 0.014 0.049 0.910 
 207 V _   0.014 0.006 0.001 0.008 0.005 0.017 0.048 0.902 
 208 A _   0.017 0.008 0.001 0.010 0.007 0.020 0.046 0.891 
 209 S _   0.020 0.010 0.001 0.012 0.009 0.024 0.045 0.879 
 210 L _   0.024 0.013 0.001 0.014 0.011 0.027 0.043 0.866 
 211 E _   0.029 0.015 0.001 0.016 0.013 0.031 0.042 0.852 
 212 E _   0.034 0.018 0.001 0.018 0.016 0.034 0.041 0.838 
 213 V _   0.039 0.020 0.001 0.019 0.019 0.037 0.040 0.826 
 214 P _   0.044 0.022 0.001 0.020 0.020 0.039 0.039 0.815 
 215 F _   0.049 0.023 0.001 0.020 0.022 0.040 0.038 0.806 
 216 A _   0.053 0.025 0.001 0.021 0.023 0.041 0.038 0.800 
 217 A _   0.056 0.025 0.001 0.021 0.023 0.040 0.037 0.796 
 218 A _   0.057 0.025 0.001 0.021 0.022 0.039 0.037 0.796 
 219 S _   0.056 0.025 0.001 0.022 0.021 0.037 0.037 0.801 
 220 I _   0.053 0.024 0.001 0.021 0.019 0.035 0.037 0.808 
 221 G _   0.050 0.023 0.001 0.021 0.017 0.032 0.038 0.818 
 222 Q _   0.046 0.021 0.001 0.019 0.015 0.029 0.038 0.831 
 223 V _   0.041 0.018 0.001 0.017 0.013 0.026 0.039 0.845 
 224 H _   0.036 0.014 0.001 0.015 0.010 0.023 0.039 0.861 
 225 Q _   0.031 0.011 0.001 0.012 0.008 0.020 0.040 0.878 
 226 G _   0.026 0.008 0.001 0.009 0.006 0.017 0.040 0.892 
 227 L _   0.022 0.006 0.001 0.007 0.005 0.015 0.040 0.904 
 228 L _   0.019 0.004 0.001 0.006 0.004 0.014 0.040 0.912 
 229 R _   0.016 0.003 0.000 0.005 0.004 0.013 0.040 0.917 
 230 D _   0.015 0.003 0.000 0.005 0.004 0.013 0.040 0.920 
 231 G _   0.014 0.003 0.000 0.006 0.004 0.013 0.040 0.921 
 232 T _   0.014 0.003 0.000 0.006 0.004 0.013 0.039 0.920 
 233 E _   0.014 0.004 0.001 0.008 0.005 0.014 0.039 0.917 
 234 V _   0.014 0.004 0.001 0.009 0.006 0.015 0.038 0.913 
 235 A _   0.015 0.005 0.001 0.011 0.006 0.016 0.038 0.908 
 236 V _   0.015 0.006 0.001 0.013 0.007 0.017 0.037 0.903 
 237 K _   0.016 0.007 0.001 0.014 0.008 0.018 0.036 0.900 
 238 I _   0.017 0.007 0.001 0.015 0.009 0.019 0.036 0.896 
 239 Q _   0.018 0.008 0.001 0.016 0.009 0.020 0.035 0.894 
 240 Y _   0.018 0.007 0.001 0.016 0.009 0.021 0.035 0.893 
 241 P _   0.019 0.007 0.001 0.015 0.009 0.021 0.035 0.893 
 242 G _   0.020 0.006 0.001 0.014 0.009 0.021 0.035 0.894 
 243 I _   0.021 0.005 0.001 0.013 0.009 0.021 0.034 0.895 
 244 A _   0.023 0.004 0.001 0.011 0.008 0.022 0.034 0.897 
 245 Q _   0.025 0.003 0.001 0.009 0.007 0.022 0.034 0.898 
 246 S _   0.028 0.002 0.001 0.007 0.007 0.022 0.034 0.898 
 247 I _   0.033 0.001 0.001 0.006 0.007 0.024 0.034 0.895 
 248 Q _   0.040 0.001 0.001 0.005 0.007 0.025 0.033 0.889 
 249 S _   0.050 0.001 0.001 0.004 0.007 0.028 0.033 0.877 
 250 D _   0.064 0.000 0.001 0.004 0.009 0.031 0.032 0.859 
 251 V _   0.081 0.000 0.001 0.005 0.012 0.035 0.032 0.834 
 252 Q _   0.102 0.001 0.001 0.006 0.015 0.039 0.031 0.805 
 253 N _   0.124 0.001 0.001 0.007 0.020 0.043 0.031 0.773 
 254 L _   0.145 0.002 0.002 0.009 0.025 0.047 0.031 0.741 
 255 L _   0.163 0.002 0.002 0.011 0.028 0.049 0.031 0.714 
 256 A _   0.178 0.003 0.002 0.012 0.031 0.050 0.031 0.694 
 257 V _   0.187 0.003 0.002 0.012 0.032 0.050 0.031 0.683 
 258 L _   0.191 0.003 0.002 0.012 0.031 0.048 0.032 0.681 
 259 K _   0.189 0.003 0.002 0.011 0.029 0.046 0.033 0.687 
 260 M _   0.184 0.002 0.002 0.010 0.026 0.043 0.034 0.699 
 261 S _   0.175 0.002 0.001 0.009 0.023 0.040 0.035 0.714 
 262 A _   0.163 0.002 0.001 0.008 0.020 0.037 0.036 0.732 
 263 A _   0.148 0.002 0.001 0.008 0.017 0.034 0.038 0.753 
 264 L _   0.132 0.001 0.001 0.008 0.014 0.031 0.039 0.774 
 265 P _   0.116 0.001 0.001 0.008 0.012 0.028 0.041 0.794 
 266 A _   0.100 0.001 0.001 0.008 0.010 0.025 0.043 0.812 
 267 G _   0.085 0.001 0.001 0.008 0.009 0.023 0.044 0.829 
 268 L _   0.071 0.001 0.001 0.008 0.008 0.021 0.045 0.845 
 269 F _   0.059 0.001 0.001 0.007 0.007 0.019 0.047 0.860 
 270 A _   0.048 0.001 0.001 0.007 0.006 0.017 0.048 0.872 
 271 E _   0.039 0.001 0.001 0.007 0.005 0.016 0.049 0.882 
 272 Q _   0.032 0.002 0.001 0.007 0.005 0.015 0.049 0.889 
 273 S _   0.027 0.002 0.001 0.007 0.005 0.014 0.050 0.894 
 274 L _   0.024 0.002 0.001 0.008 0.005 0.014 0.050 0.896 
 275 Q _   0.021 0.003 0.001 0.009 0.005 0.014 0.051 0.897 
 276 A _   0.019 0.003 0.001 0.010 0.005 0.013 0.051 0.897 
 277 L _   0.017 0.004 0.001 0.011 0.005 0.013 0.052 0.897 
 278 Q _   0.016 0.004 0.001 0.012 0.005 0.012 0.052 0.898 
 279 Q _   0.014 0.004 0.001 0.012 0.005 0.012 0.052 0.900 
 280 E _   0.013 0.004 0.001 0.011 0.005 0.011 0.053 0.903 
 281 L _   0.012 0.004 0.001 0.010 0.004 0.010 0.053 0.906 
 282 A _   0.011 0.004 0.000 0.009 0.004 0.010 0.053 0.910 
 283 W _   0.010 0.004 0.000 0.007 0.003 0.009 0.053 0.913 
 284 E _   0.009 0.003 0.000 0.006 0.003 0.009 0.053 0.916 
 285 C _   0.009 0.003 0.000 0.006 0.003 0.009 0.053 0.917 
 286 D _   0.009 0.004 0.000 0.006 0.003 0.009 0.052 0.916 
 287 Y _   0.009 0.005 0.000 0.006 0.003 0.010 0.052 0.914 
 288 R _   0.010 0.006 0.000 0.008 0.004 0.011 0.051 0.910 
 289 R _   0.011 0.008 0.001 0.009 0.005 0.013 0.050 0.904 
 290 E _   0.011 0.011 0.001 0.012 0.006 0.014 0.049 0.897 
 291 A _   0.012 0.014 0.001 0.016 0.007 0.015 0.048 0.887 
 292 A _   0.013 0.018 0.001 0.019 0.008 0.017 0.047 0.878 
 293 C _   0.013 0.021 0.001 0.023 0.009 0.017 0.046 0.870 
 294 A _   0.014 0.023 0.001 0.025 0.010 0.018 0.045 0.865 
 295 Q _   0.014 0.024 0.001 0.027 0.010 0.018 0.044 0.862 
 296 N _   0.014 0.024 0.001 0.026 0.010 0.017 0.044 0.864 
 297 F _   0.013 0.022 0.001 0.025 0.009 0.016 0.043 0.870 
 298 R _   0.013 0.020 0.001 0.021 0.008 0.015 0.043 0.879 
 299 Q _   0.012 0.016 0.001 0.017 0.007 0.014 0.043 0.890 
 300 L _   0.012 0.011 0.001 0.013 0.005 0.013 0.043 0.901 
 301 L _   0.012 0.007 0.001 0.009 0.004 0.012 0.043 0.911 
 302 A _   0.012 0.004 0.000 0.007 0.004 0.012 0.043 0.918 
 303 N _   0.013 0.002 0.000 0.005 0.003 0.012 0.043 0.921 
 304 D _   0.016 0.001 0.000 0.004 0.003 0.012 0.042 0.921 
 305 P _   0.019 0.001 0.000 0.004 0.003 0.014 0.041 0.918 
 306 F _   0.025 0.000 0.000 0.004 0.004 0.016 0.040 0.910 
 307 F _   0.033 0.000 0.001 0.004 0.005 0.020 0.039 0.898 
 308 R _   0.044 0.000 0.001 0.004 0.006 0.024 0.038 0.883 
 309 V _   0.057 0.000 0.001 0.005 0.008 0.028 0.037 0.864 
 310 P _   0.074 0.000 0.001 0.005 0.010 0.034 0.035 0.840 
 311 A _   0.094 0.000 0.001 0.006 0.013 0.039 0.033 0.813 
 312 V _   0.116 0.001 0.001 0.006 0.017 0.045 0.032 0.783 
 313 V _   0.138 0.001 0.001 0.006 0.021 0.051 0.030 0.752 
 314 K _   0.159 0.001 0.001 0.007 0.025 0.056 0.029 0.722 
 315 E _   0.178 0.002 0.002 0.007 0.030 0.060 0.028 0.694 
 316 L _   0.193 0.003 0.002 0.008 0.035 0.063 0.026 0.669 
 317 C _   0.205 0.005 0.002 0.010 0.040 0.065 0.026 0.648 
 318 T _   0.211 0.007 0.002 0.012 0.044 0.066 0.025 0.633 
 319 T _   0.213 0.010 0.002 0.015 0.046 0.066 0.025 0.623 
 320 R _   0.210 0.014 0.002 0.018 0.047 0.064 0.024 0.620 
 321 V _   0.202 0.017 0.002 0.022 0.046 0.061 0.024 0.624 
 322 L _   0.190 0.020 0.002 0.025 0.044 0.058 0.025 0.636 
 323 G _   0.174 0.022 0.002 0.027 0.039 0.053 0.025 0.657 
 324 M _   0.154 0.022 0.002 0.028 0.034 0.048 0.026 0.686 
 325 E _   0.132 0.021 0.002 0.026 0.028 0.042 0.027 0.722 
 326 L _   0.109 0.019 0.002 0.024 0.022 0.036 0.028 0.761 
 327 A _   0.086 0.016 0.001 0.020 0.016 0.031 0.029 0.800 
 328 G _   0.066 0.013 0.001 0.017 0.012 0.026 0.029 0.836 
 329 G _   0.050 0.010 0.001 0.014 0.009 0.021 0.030 0.866 
 330 V _   0.038 0.008 0.001 0.011 0.006 0.018 0.030 0.888 
 331 P _   0.029 0.006 0.001 0.009 0.005 0.015 0.031 0.905 
 332 L _   0.023 0.004 0.000 0.008 0.004 0.013 0.031 0.917 
 333 D _   0.018 0.003 0.000 0.007 0.003 0.011 0.031 0.926 
 334 Q _   0.015 0.002 0.000 0.006 0.003 0.010 0.031 0.932 
 335 C _   0.014 0.002 0.000 0.006 0.003 0.009 0.030 0.937 
 336 Q _   0.014 0.001 0.000 0.005 0.002 0.008 0.030 0.939 
 337 G _   0.017 0.001 0.000 0.004 0.002 0.008 0.029 0.939 
 338 L _   0.022 0.000 0.000 0.003 0.002 0.008 0.028 0.936 
 339 S _   0.034 0.000 0.000 0.003 0.002 0.008 0.026 0.926 
 340 Q _   0.054 0.000 0.000 0.003 0.003 0.010 0.025 0.906 
 341 D _   0.088 0.000 0.000 0.002 0.004 0.011 0.022 0.871 
 342 L _   0.145 0.000 0.001 0.002 0.005 0.014 0.020 0.813 
 343 R _   0.225 0.000 0.001 0.002 0.008 0.017 0.017 0.730 
 344 N _   0.330 0.000 0.001 0.002 0.011 0.020 0.013 0.622 
 345 Q _   0.447 0.000 0.001 0.002 0.016 0.023 0.010 0.502 
 346 I H   0.560 0.000 0.002 0.002 0.021 0.024 0.008 0.383 
 347 C H   0.658 0.000 0.002 0.002 0.025 0.024 0.006 0.284 
 348 F H   0.730 0.000 0.002 0.002 0.027 0.023 0.005 0.212 
 349 Q H   0.780 0.000 0.001 0.002 0.028 0.022 0.004 0.164 
 350 L H   0.811 0.000 0.001 0.002 0.028 0.020 0.004 0.134 
 351 L H   0.828 0.000 0.001 0.002 0.028 0.018 0.004 0.119 
 352 T H   0.834 0.000 0.001 0.001 0.027 0.017 0.004 0.116 
 353 L H   0.828 0.000 0.001 0.001 0.026 0.016 0.004 0.123 
 354 C H   0.812 0.000 0.001 0.001 0.025 0.015 0.005 0.141 
 355 L H   0.782 0.000 0.001 0.001 0.024 0.015 0.005 0.170 
 356 R H   0.737 0.000 0.001 0.002 0.023 0.016 0.007 0.214 
 357 E H   0.676 0.000 0.002 0.002 0.022 0.016 0.009 0.273 
 358 L H   0.603 0.000 0.002 0.003 0.020 0.017 0.012 0.343 
 359 F H   0.519 0.000 0.002 0.004 0.018 0.017 0.015 0.424 
 360 E _   0.428 0.000 0.002 0.006 0.016 0.018 0.020 0.511 
 361 F _   0.338 0.000 0.001 0.007 0.014 0.017 0.024 0.597 
 362 R _   0.254 0.001 0.001 0.008 0.011 0.016 0.029 0.680 
 363 F _   0.181 0.001 0.001 0.008 0.009 0.015 0.033 0.754 
 364 M _   0.123 0.001 0.001 0.007 0.006 0.013 0.036 0.813 
 365 Q _   0.080 0.001 0.001 0.006 0.005 0.011 0.038 0.859 
 366 T _   0.051 0.001 0.000 0.005 0.003 0.010 0.040 0.890 
 367 D _   0.032 0.001 0.000 0.004 0.003 0.009 0.041 0.909 
 368 P _   0.022 0.001 0.000 0.004 0.002 0.008 0.042 0.920 
 369 N _   0.016 0.002 0.000 0.004 0.002 0.008 0.043 0.924 
 370 W _   0.013 0.003 0.000 0.005 0.002 0.009 0.043 0.924 
 371 A _   0.011 0.006 0.000 0.006 0.003 0.010 0.043 0.921 
 372 N _   0.010 0.010 0.000 0.007 0.003 0.011 0.043 0.915 
 373 F _   0.010 0.016 0.001 0.009 0.004 0.012 0.043 0.906 
 374 L _   0.010 0.024 0.001 0.011 0.005 0.013 0.042 0.895 
 375 Y _   0.010 0.033 0.001 0.013 0.006 0.015 0.041 0.882 
 376 D _   0.011 0.045 0.001 0.015 0.007 0.017 0.040 0.866 
 377 A _   0.011 0.058 0.001 0.017 0.008 0.019 0.039 0.847 
 378 S _   0.012 0.073 0.001 0.020 0.010 0.021 0.038 0.826 
 379 S _   0.014 0.089 0.001 0.023 0.012 0.023 0.037 0.802 
 380 H _   0.015 0.105 0.001 0.027 0.014 0.024 0.036 0.778 
 381 Q _   0.016 0.119 0.001 0.031 0.015 0.025 0.035 0.756 
 382 V _   0.016 0.131 0.001 0.035 0.016 0.026 0.035 0.739 
 383 T _   0.017 0.139 0.001 0.038 0.017 0.026 0.035 0.728 
 384 L _   0.017 0.142 0.001 0.039 0.016 0.026 0.035 0.724 
 385 L _   0.017 0.143 0.001 0.037 0.016 0.025 0.035 0.727 
 386 D _   0.017 0.139 0.001 0.033 0.014 0.024 0.036 0.736 
 387 F _   0.016 0.133 0.001 0.029 0.013 0.022 0.036 0.749 
 388 G _   0.016 0.124 0.001 0.024 0.011 0.021 0.037 0.765 
 389 A _   0.016 0.114 0.001 0.020 0.010 0.020 0.038 0.782 
 390 S _   0.015 0.103 0.001 0.016 0.008 0.019 0.039 0.798 
 391 R _   0.015 0.095 0.001 0.013 0.007 0.018 0.040 0.811 
 392 E _   0.014 0.088 0.001 0.012 0.006 0.017 0.041 0.822 
 393 F _   0.013 0.083 0.001 0.010 0.006 0.016 0.042 0.828 
 394 G _   0.013 0.080 0.001 0.010 0.005 0.016 0.042 0.832 
 395 T _   0.013 0.079 0.001 0.010 0.005 0.016 0.043 0.833 
 396 E _   0.013 0.080 0.001 0.011 0.006 0.016 0.043 0.831 
 397 F _   0.013 0.081 0.001 0.012 0.006 0.017 0.044 0.826 
 398 T _   0.013 0.084 0.001 0.014 0.007 0.018 0.044 0.819 
 399 D _   0.014 0.089 0.001 0.018 0.009 0.018 0.044 0.808 
 400 H _   0.014 0.094 0.001 0.022 0.010 0.019 0.044 0.795 
 401 Y _   0.015 0.099 0.001 0.027 0.011 0.019 0.045 0.783 
 402 I _   0.015 0.103 0.001 0.032 0.012 0.019 0.045 0.772 
 403 E _   0.015 0.105 0.001 0.035 0.012 0.019 0.046 0.766 
 404 V _   0.015 0.104 0.001 0.036 0.012 0.018 0.048 0.767 
 405 V _   0.014 0.100 0.001 0.035 0.010 0.017 0.050 0.774 
 406 K _   0.013 0.092 0.001 0.031 0.009 0.015 0.052 0.789 
 407 A _   0.012 0.080 0.001 0.025 0.007 0.013 0.054 0.809 
 408 A _   0.011 0.065 0.001 0.019 0.006 0.011 0.056 0.832 
 409 A _   0.009 0.051 0.001 0.014 0.004 0.010 0.058 0.854 
 410 D _   0.008 0.038 0.000 0.010 0.003 0.009 0.060 0.872 
 411 G _   0.007 0.030 0.000 0.007 0.003 0.008 0.061 0.884 
 412 D _   0.007 0.025 0.000 0.006 0.002 0.007 0.062 0.891 
 413 R _   0.006 0.022 0.000 0.005 0.002 0.007 0.063 0.894 
 414 D _   0.006 0.021 0.000 0.005 0.002 0.007 0.063 0.895 
 415 C _   0.006 0.022 0.000 0.006 0.002 0.008 0.063 0.894 
 416 V _   0.006 0.023 0.000 0.007 0.002 0.008 0.063 0.891 
 417 L _   0.006 0.025 0.000 0.008 0.003 0.010 0.062 0.886 
 418 Q _   0.007 0.029 0.000 0.010 0.003 0.011 0.061 0.879 
 419 K _   0.007 0.034 0.000 0.012 0.004 0.012 0.060 0.870 
 420 S _   0.008 0.040 0.001 0.015 0.005 0.014 0.058 0.858 
 421 R _   0.008 0.048 0.001 0.019 0.007 0.016 0.057 0.844 
 422 D _   0.009 0.056 0.001 0.023 0.009 0.018 0.056 0.828 
 423 L _   0.010 0.064 0.001 0.029 0.010 0.020 0.054 0.812 
 424 K _   0.011 0.070 0.001 0.034 0.012 0.021 0.053 0.797 
 425 F _   0.012 0.074 0.001 0.039 0.013 0.022 0.053 0.787 
 426 L _   0.012 0.076 0.001 0.041 0.013 0.022 0.053 0.783 
 427 T _   0.012 0.074 0.001 0.040 0.013 0.021 0.053 0.786 
 428 G _   0.012 0.069 0.001 0.036 0.012 0.020 0.053 0.796 
 429 F _   0.013 0.061 0.001 0.030 0.010 0.019 0.054 0.812 
 430 E _   0.013 0.050 0.001 0.023 0.008 0.018 0.055 0.832 
 431 T _   0.013 0.037 0.001 0.016 0.007 0.017 0.056 0.854 
 432 K _   0.014 0.026 0.001 0.010 0.005 0.017 0.057 0.871 
 433 A _   0.015 0.018 0.000 0.006 0.004 0.018 0.057 0.881 
 434 F _   0.017 0.015 0.000 0.004 0.004 0.019 0.058 0.884 
 435 S _   0.020 0.014 0.000 0.004 0.004 0.021 0.058 0.878 
 436 D _   0.026 0.015 0.001 0.005 0.006 0.026 0.057 0.865 
 437 A _   0.034 0.021 0.001 0.007 0.010 0.031 0.057 0.840 
 438 H _   0.043 0.034 0.001 0.012 0.016 0.038 0.056 0.800 
 439 V _   0.052 0.062 0.002 0.020 0.024 0.044 0.054 0.743 
 440 E _   0.057 0.101 0.002 0.030 0.031 0.048 0.053 0.678 
 441 A _   0.060 0.141 0.003 0.042 0.036 0.050 0.052 0.617 
 442 V _   0.060 0.172 0.002 0.051 0.039 0.050 0.052 0.574 
 443 M _   0.059 0.191 0.002 0.058 0.039 0.048 0.052 0.549 
 444 I _   0.058 0.200 0.002 0.062 0.038 0.046 0.053 0.541 
 445 L _   0.054 0.202 0.002 0.063 0.035 0.043 0.055 0.546 
 446 G _   0.049 0.198 0.002 0.059 0.031 0.039 0.057 0.564 
 447 E _   0.044 0.186 0.002 0.054 0.027 0.034 0.060 0.594 
 448 P _   0.038 0.165 0.002 0.045 0.021 0.030 0.064 0.635 
 449 F _   0.032 0.136 0.002 0.036 0.016 0.025 0.068 0.686 
 450 A _   0.026 0.101 0.001 0.026 0.011 0.020 0.072 0.741 
 451 T _   0.021 0.069 0.001 0.018 0.008 0.016 0.076 0.791 
 452 Q _   0.016 0.045 0.001 0.012 0.005 0.013 0.079 0.829 
 453 G _   0.012 0.029 0.000 0.008 0.003 0.010 0.081 0.856 
 454 P _   0.009 0.021 0.000 0.005 0.002 0.009 0.083 0.871 
 455 Y _   0.007 0.017 0.000 0.004 0.002 0.008 0.083 0.879 
 456 D _   0.006 0.015 0.000 0.003 0.002 0.008 0.083 0.882 
 457 F _   0.006 0.016 0.000 0.004 0.002 0.009 0.083 0.881 
 458 G _   0.007 0.018 0.000 0.005 0.002 0.010 0.082 0.875 
 459 S _   0.008 0.023 0.000 0.007 0.003 0.013 0.081 0.865 
 460 G _   0.010 0.032 0.001 0.010 0.005 0.016 0.079 0.848 
 461 E _   0.011 0.047 0.001 0.014 0.007 0.020 0.076 0.823 
 462 T _   0.013 0.067 0.001 0.018 0.010 0.024 0.074 0.793 
 463 A _   0.015 0.090 0.001 0.023 0.012 0.028 0.071 0.760 
 464 R _   0.017 0.112 0.001 0.027 0.015 0.031 0.068 0.728 
 465 R _   0.019 0.133 0.001 0.030 0.018 0.034 0.066 0.697 
 466 I _   0.022 0.151 0.002 0.034 0.021 0.036 0.064 0.671 
 467 Q _   0.024 0.167 0.002 0.037 0.024 0.038 0.062 0.647 
 468 D _   0.026 0.178 0.002 0.041 0.025 0.039 0.061 0.628 
 469 L _   0.028 0.187 0.002 0.045 0.026 0.039 0.060 0.613 
 470 I _   0.030 0.191 0.002 0.048 0.027 0.038 0.060 0.606 
 471 P _   0.031 0.192 0.002 0.049 0.026 0.036 0.060 0.605 
 472 V _   0.031 0.187 0.002 0.049 0.024 0.033 0.061 0.614 
 473 L _   0.030 0.177 0.002 0.046 0.021 0.030 0.062 0.632 
 474 L _   0.028 0.160 0.002 0.041 0.018 0.027 0.064 0.660 
 475 R _   0.026 0.134 0.002 0.034 0.015 0.024 0.066 0.700 
 476 H _   0.023 0.100 0.001 0.026 0.012 0.020 0.068 0.749 
 477 R _   0.021 0.065 0.001 0.019 0.009 0.017 0.070 0.799 
 478 L _   0.018 0.036 0.001 0.012 0.006 0.014 0.072 0.842 
 479 C _   0.015 0.017 0.001 0.007 0.004 0.011 0.073 0.871 
 480 P _   0.014 0.007 0.000 0.005 0.003 0.010 0.073 0.889 
 481 P _   0.014 0.003 0.000 0.003 0.002 0.009 0.073 0.896 
 482 P _   0.016 0.001 0.000 0.002 0.002 0.009 0.072 0.898 
 483 E _   0.022 0.000 0.000 0.002 0.002 0.009 0.071 0.893 
 484 E _   0.033 0.000 0.000 0.002 0.003 0.011 0.069 0.882 
 485 T _   0.051 0.000 0.000 0.003 0.003 0.014 0.066 0.862 
 486 Y _   0.080 0.000 0.001 0.003 0.005 0.017 0.063 0.830 
 487 A _   0.123 0.000 0.001 0.004 0.008 0.022 0.060 0.783 
 488 L _   0.181 0.000 0.001 0.004 0.011 0.026 0.055 0.721 
 489 H _   0.253 0.000 0.001 0.004 0.016 0.031 0.051 0.645 
 490 R _   0.332 0.000 0.001 0.004 0.021 0.034 0.047 0.561 
 491 K _   0.411 0.000 0.002 0.003 0.026 0.037 0.043 0.477 
 492 L H   0.488 0.000 0.002 0.003 0.031 0.038 0.041 0.398 
 493 A H   0.555 0.000 0.002 0.003 0.035 0.038 0.039 0.329 
 494 G H   0.613 0.000 0.002 0.003 0.037 0.036 0.038 0.270 
 495 A H   0.656 0.000 0.002 0.003 0.038 0.034 0.038 0.229 
 496 F H   0.687 0.000 0.002 0.002 0.038 0.031 0.039 0.200 
 497 L H   0.706 0.000 0.002 0.002 0.038 0.029 0.040 0.183 
 498 A H   0.713 0.000 0.002 0.002 0.037 0.028 0.043 0.176 
 499 C H   0.709 0.000 0.002 0.002 0.035 0.026 0.046 0.179 
 500 A H   0.694 0.000 0.002 0.002 0.033 0.025 0.052 0.192 
 501 H H   0.667 0.000 0.002 0.002 0.031 0.025 0.059 0.214 
 502 L H   0.628 0.000 0.002 0.003 0.029 0.024 0.069 0.246 
 503 R H   0.579 0.000 0.002 0.003 0.026 0.024 0.083 0.283 
 504 A H   0.518 0.000 0.002 0.004 0.024 0.024 0.100 0.328 
 505 H H   0.451 0.000 0.002 0.005 0.021 0.024 0.121 0.376 
 506 I _   0.382 0.000 0.002 0.006 0.019 0.023 0.145 0.423 
 507 A _   0.313 0.000 0.002 0.007 0.016 0.023 0.171 0.468 
 508 C _   0.250 0.000 0.002 0.008 0.014 0.022 0.197 0.506 
 509 R _   0.194 0.000 0.001 0.008 0.012 0.021 0.224 0.538 
 510 D _   0.147 0.001 0.001 0.009 0.010 0.020 0.249 0.564 
 511 L _   0.109 0.001 0.001 0.009 0.009 0.018 0.273 0.581 
 512 F _   0.079 0.001 0.001 0.009 0.008 0.017 0.295 0.591 
 513 Q _   0.057 0.001 0.001 0.009 0.007 0.016 0.315 0.595 
 514 D _   0.041 0.001 0.001 0.010 0.006 0.015 0.333 0.593 
 515 T _   0.030 0.002 0.001 0.010 0.006 0.014 0.351 0.586 
 516 Y _   0.022 0.002 0.001 0.011 0.005 0.013 0.368 0.577 
 517 H _   0.017 0.003 0.001 0.012 0.005 0.012 0.385 0.567 
 518 R _   0.013 0.003 0.001 0.012 0.005 0.011 0.401 0.556 
 519 Y _   0.010 0.003 0.001 0.011 0.004 0.010 0.416 0.545 
 520 W _   0.008 0.003 0.001 0.010 0.004 0.009 0.430 0.535 
 521 A _   0.007 0.004 0.000 0.009 0.003 0.008 0.444 0.525 
 522 S _   0.006 0.004 0.000 0.008 0.003 0.007 0.456 0.516 
 523 R _   0.005 0.004 0.000 0.007 0.003 0.007 0.468 0.506 
 524 Q _   0.005 0.005 0.000 0.007 0.003 0.007 0.479 0.495 
 525 P X   0.004 0.005 0.000 0.008 0.003 0.007 0.490 0.483 
 526 D X   0.005 0.007 0.000 0.009 0.003 0.008 0.500 0.469 
 527 A X   0.005 0.009 0.000 0.011 0.003 0.009 0.510 0.453 
 528 A X   0.005 0.011 0.000 0.015 0.004 0.010 0.521 0.434 
 529 T X   0.006 0.014 0.001 0.019 0.005 0.010 0.532 0.414 
 530 A X   0.006 0.016 0.001 0.024 0.006 0.011 0.544 0.393 
 531 G X   0.006 0.018 0.001 0.028 0.007 0.012 0.558 0.373 
 532 S X   0.006 0.018 0.001 0.030 0.007 0.011 0.573 0.354 
 533 L X   0.006 0.018 0.001 0.029 0.007 0.011 0.591 0.337 
 534 P X   0.006 0.017 0.001 0.027 0.006 0.010 0.610 0.323 
 535 T X   0.005 0.015 0.001 0.023 0.005 0.009 0.630 0.312 
 536 K X   0.004 0.013 0.001 0.018 0.004 0.007 0.650 0.303 
 537 G X   0.004 0.010 0.000 0.013 0.003 0.006 0.668 0.295 
 538 D X   0.003 0.008 0.000 0.009 0.002 0.004 0.686 0.287 
 539 S X   0.002 0.005 0.000 0.006 0.001 0.003 0.702 0.280 
 540 W X   0.001 0.003 0.000 0.004 0.001 0.001 0.714 0.275 
 541 V X   0.000 0.002 0.000 0.002 0.000 0.000 0.722 0.273 
 542 D X   0.000 0.001 0.000 0.001 0.000 0.000 0.725 0.273 
 543 P X   0.000 0.001 0.000 0.002 0.000 0.000 0.722 0.274 
 544 S X   0.002 0.002 0.001 0.008 0.002 0.002 0.710 0.273 
