#TopoPred_TM8: 8-state transmembrane topology prediction results by no_profile mode 
#probabilities are in the order of H E C I L F X _, the 8 transmembrane topology types used in PDBTM 
   1 M X   0.010 0.000 0.001 0.017 0.006 0.007 0.704 0.255 
   2 S X   0.003 0.000 0.000 0.005 0.001 0.003 0.715 0.272 
   3 S X   0.002 0.000 0.000 0.002 0.000 0.003 0.716 0.276 
   4 S X   0.006 0.000 0.000 0.002 0.001 0.006 0.711 0.275 
   5 E X   0.025 0.000 0.000 0.002 0.003 0.013 0.696 0.260 
   6 E X   0.069 0.000 0.001 0.003 0.009 0.026 0.667 0.225 
   7 V X   0.118 0.001 0.001 0.004 0.017 0.038 0.638 0.183 
   8 S X   0.158 0.003 0.002 0.008 0.028 0.047 0.608 0.148 
   9 W X   0.185 0.008 0.002 0.013 0.038 0.051 0.583 0.121 
  10 I X   0.201 0.014 0.002 0.017 0.046 0.052 0.563 0.105 
  11 S X   0.210 0.018 0.002 0.020 0.051 0.051 0.548 0.099 
  12 W X   0.214 0.019 0.002 0.021 0.053 0.049 0.538 0.103 
  13 F X   0.212 0.020 0.002 0.020 0.053 0.046 0.531 0.116 
  14 C X   0.206 0.018 0.002 0.017 0.050 0.042 0.527 0.138 
  15 G X   0.192 0.016 0.002 0.014 0.044 0.038 0.525 0.169 
  16 L X   0.172 0.013 0.002 0.012 0.035 0.034 0.525 0.208 
  17 R X   0.147 0.010 0.002 0.010 0.027 0.029 0.526 0.250 
  18 G X   0.121 0.007 0.001 0.008 0.019 0.025 0.527 0.291 
  19 N X   0.095 0.005 0.001 0.008 0.013 0.021 0.530 0.328 
  20 E X   0.071 0.004 0.001 0.007 0.009 0.017 0.532 0.359 
  21 F X   0.052 0.003 0.001 0.007 0.006 0.014 0.534 0.384 
  22 F X   0.037 0.003 0.000 0.006 0.004 0.011 0.535 0.404 
  23 C X   0.025 0.002 0.000 0.006 0.003 0.009 0.536 0.418 
  24 E X   0.017 0.002 0.000 0.005 0.002 0.007 0.536 0.429 
  25 V X   0.012 0.002 0.000 0.005 0.002 0.006 0.536 0.438 
  26 D X   0.009 0.002 0.000 0.004 0.002 0.005 0.535 0.444 
  27 E X   0.006 0.002 0.000 0.004 0.001 0.005 0.533 0.449 
  28 D X   0.005 0.002 0.000 0.003 0.001 0.004 0.531 0.453 
  29 Y X   0.004 0.002 0.000 0.003 0.001 0.004 0.529 0.457 
  30 I X   0.004 0.003 0.000 0.003 0.001 0.004 0.525 0.459 
  31 Q X   0.003 0.004 0.000 0.004 0.001 0.004 0.521 0.461 
  32 D X   0.003 0.006 0.000 0.005 0.002 0.005 0.517 0.463 
  33 K X   0.003 0.009 0.000 0.006 0.002 0.005 0.512 0.463 
  34 F X   0.004 0.013 0.000 0.007 0.002 0.006 0.506 0.463 
  35 N X   0.004 0.018 0.000 0.009 0.003 0.006 0.499 0.461 
  36 L X   0.004 0.023 0.000 0.010 0.003 0.007 0.492 0.461 
  37 T X   0.004 0.029 0.000 0.011 0.003 0.007 0.485 0.460 
  38 G X   0.004 0.035 0.000 0.011 0.003 0.008 0.479 0.459 
  39 L X   0.004 0.042 0.000 0.011 0.004 0.009 0.472 0.458 
  40 N X   0.004 0.049 0.000 0.011 0.004 0.009 0.465 0.457 
  41 E X   0.004 0.056 0.001 0.012 0.004 0.010 0.458 0.454 
  42 Q X   0.005 0.065 0.001 0.013 0.005 0.012 0.451 0.450 
  43 V X   0.006 0.076 0.001 0.014 0.006 0.013 0.444 0.441 
  44 P X   0.006 0.090 0.001 0.017 0.007 0.014 0.437 0.428 
  45 H X   0.007 0.108 0.001 0.020 0.008 0.016 0.429 0.411 
  46 Y X   0.008 0.127 0.001 0.025 0.010 0.017 0.422 0.390 
  47 R X   0.008 0.146 0.001 0.031 0.011 0.018 0.415 0.369 
  48 Q X   0.008 0.162 0.001 0.037 0.012 0.018 0.410 0.351 
  49 A X   0.008 0.173 0.001 0.042 0.012 0.017 0.407 0.339 
  50 L X   0.009 0.179 0.001 0.046 0.012 0.017 0.405 0.332 
  51 D X   0.009 0.180 0.001 0.047 0.012 0.016 0.405 0.331 
  52 M X   0.009 0.177 0.001 0.045 0.011 0.015 0.406 0.336 
  53 I X   0.009 0.169 0.001 0.041 0.010 0.014 0.409 0.348 
  54 L X   0.009 0.154 0.001 0.035 0.008 0.012 0.414 0.367 
  55 D X   0.009 0.130 0.001 0.029 0.007 0.011 0.420 0.394 
  56 L X   0.009 0.099 0.001 0.022 0.006 0.010 0.427 0.427 
  57 E _   0.009 0.067 0.001 0.016 0.004 0.008 0.434 0.461 
  58 P _   0.008 0.041 0.000 0.011 0.003 0.007 0.440 0.489 
  59 D _   0.007 0.023 0.000 0.007 0.002 0.006 0.444 0.510 
  60 E _   0.006 0.012 0.000 0.005 0.001 0.005 0.447 0.524 
  61 E _   0.005 0.006 0.000 0.003 0.001 0.004 0.447 0.533 
  62 L _   0.004 0.003 0.000 0.002 0.001 0.003 0.446 0.540 
  63 E _   0.003 0.001 0.000 0.002 0.001 0.003 0.443 0.546 
  64 D _   0.003 0.001 0.000 0.002 0.001 0.003 0.439 0.552 
  65 N _   0.003 0.000 0.000 0.002 0.001 0.004 0.432 0.558 
  66 P _   0.004 0.000 0.000 0.002 0.001 0.005 0.423 0.565 
  67 N _   0.005 0.000 0.000 0.003 0.001 0.008 0.412 0.571 
  68 Q _   0.008 0.000 0.000 0.004 0.002 0.012 0.397 0.576 
  69 S _   0.015 0.000 0.000 0.005 0.003 0.018 0.380 0.578 
  70 D _   0.026 0.000 0.001 0.007 0.006 0.027 0.358 0.574 
  71 L _   0.045 0.001 0.001 0.010 0.011 0.038 0.331 0.563 
  72 I _   0.073 0.001 0.001 0.014 0.018 0.050 0.301 0.542 
  73 E _   0.108 0.001 0.002 0.016 0.028 0.062 0.269 0.514 
  74 Q _   0.150 0.002 0.002 0.018 0.039 0.073 0.237 0.480 
  75 A _   0.198 0.002 0.003 0.018 0.049 0.081 0.208 0.442 
  76 A _   0.246 0.002 0.003 0.016 0.058 0.085 0.183 0.408 
  77 E _   0.292 0.002 0.003 0.014 0.063 0.086 0.162 0.379 
  78 M _   0.333 0.001 0.003 0.011 0.065 0.084 0.146 0.357 
  79 L H   0.367 0.001 0.003 0.009 0.063 0.080 0.134 0.343 
  80 Y H   0.395 0.001 0.002 0.007 0.060 0.075 0.124 0.336 
  81 G H   0.415 0.001 0.002 0.006 0.055 0.069 0.117 0.336 
  82 L H   0.427 0.000 0.002 0.005 0.049 0.064 0.111 0.341 
  83 I H   0.432 0.000 0.002 0.004 0.042 0.058 0.107 0.354 
  84 H H   0.429 0.000 0.002 0.004 0.036 0.053 0.104 0.372 
  85 A H   0.417 0.000 0.002 0.004 0.031 0.049 0.102 0.395 
  86 R _   0.399 0.000 0.002 0.003 0.026 0.045 0.101 0.424 
  87 Y _   0.374 0.000 0.001 0.003 0.022 0.042 0.100 0.457 
  88 I _   0.344 0.000 0.001 0.004 0.020 0.039 0.100 0.492 
  89 L _   0.312 0.000 0.001 0.004 0.018 0.038 0.100 0.527 
  90 T _   0.280 0.000 0.001 0.005 0.017 0.037 0.100 0.559 
  91 N _   0.248 0.001 0.001 0.007 0.017 0.036 0.101 0.589 
  92 R _   0.216 0.002 0.001 0.009 0.018 0.035 0.102 0.617 
  93 G _   0.185 0.003 0.001 0.013 0.018 0.034 0.103 0.643 
  94 I _   0.156 0.004 0.001 0.017 0.017 0.032 0.104 0.668 
  95 A _   0.128 0.005 0.001 0.019 0.017 0.030 0.105 0.693 
  96 Q _   0.103 0.006 0.001 0.021 0.015 0.027 0.107 0.719 
  97 M _   0.081 0.006 0.001 0.020 0.013 0.024 0.108 0.746 
  98 L _   0.061 0.006 0.001 0.018 0.010 0.021 0.110 0.772 
  99 E _   0.046 0.005 0.001 0.015 0.008 0.018 0.112 0.796 
 100 K _   0.034 0.004 0.001 0.011 0.006 0.015 0.113 0.816 
 101 Y _   0.025 0.003 0.001 0.008 0.004 0.012 0.114 0.833 
 102 Q _   0.019 0.003 0.000 0.006 0.003 0.011 0.114 0.844 
 103 Q _   0.015 0.002 0.000 0.005 0.003 0.009 0.115 0.851 
 104 G _   0.012 0.002 0.000 0.004 0.003 0.009 0.115 0.855 
 105 D _   0.011 0.003 0.000 0.005 0.003 0.009 0.115 0.856 
 106 F _   0.010 0.004 0.000 0.005 0.003 0.009 0.115 0.854 
 107 G _   0.010 0.005 0.000 0.006 0.003 0.009 0.114 0.852 
 108 Y _   0.009 0.008 0.000 0.008 0.004 0.010 0.113 0.848 
 109 C _   0.009 0.011 0.000 0.009 0.004 0.010 0.112 0.843 
 110 P _   0.009 0.014 0.001 0.011 0.005 0.011 0.112 0.838 
 111 R _   0.009 0.018 0.001 0.012 0.005 0.011 0.110 0.834 
 112 V _   0.008 0.022 0.001 0.013 0.005 0.011 0.109 0.830 
 113 Y _   0.008 0.026 0.001 0.014 0.005 0.012 0.108 0.826 
 114 C _   0.008 0.031 0.001 0.014 0.006 0.012 0.107 0.821 
 115 E _   0.008 0.035 0.001 0.015 0.006 0.012 0.106 0.816 
 116 N _   0.008 0.040 0.001 0.016 0.006 0.012 0.105 0.811 
 117 Q _   0.009 0.044 0.001 0.017 0.006 0.013 0.105 0.806 
 118 P _   0.009 0.048 0.001 0.017 0.006 0.013 0.105 0.802 
 119 M _   0.009 0.051 0.001 0.017 0.006 0.012 0.105 0.799 
 120 L _   0.008 0.053 0.001 0.016 0.006 0.012 0.105 0.799 
 121 P _   0.008 0.055 0.001 0.015 0.005 0.011 0.105 0.799 
 122 I _   0.008 0.056 0.001 0.013 0.005 0.011 0.105 0.801 
 123 G _   0.007 0.057 0.001 0.012 0.004 0.011 0.106 0.802 
 124 L _   0.007 0.059 0.000 0.010 0.004 0.011 0.106 0.803 
 125 S _   0.008 0.061 0.000 0.009 0.004 0.012 0.106 0.801 
 126 D _   0.008 0.064 0.000 0.009 0.004 0.013 0.106 0.796 
 127 I _   0.008 0.070 0.001 0.010 0.005 0.014 0.106 0.786 
 128 P _   0.009 0.080 0.001 0.012 0.006 0.016 0.105 0.771 
 129 G _   0.010 0.094 0.001 0.016 0.008 0.018 0.104 0.749 
 130 E _   0.011 0.114 0.001 0.021 0.010 0.019 0.104 0.720 
 131 A _   0.012 0.136 0.001 0.026 0.012 0.021 0.103 0.689 
 132 M _   0.013 0.155 0.001 0.031 0.013 0.022 0.103 0.663 
 133 V _   0.013 0.170 0.001 0.035 0.013 0.022 0.103 0.643 
 134 K _   0.012 0.180 0.001 0.038 0.014 0.022 0.103 0.629 
 135 L _   0.012 0.186 0.001 0.040 0.014 0.021 0.105 0.621 
 136 Y _   0.012 0.187 0.001 0.039 0.013 0.020 0.106 0.620 
 137 C _   0.012 0.186 0.001 0.038 0.013 0.020 0.109 0.622 
 138 P _   0.012 0.181 0.001 0.036 0.012 0.019 0.112 0.626 
 139 K _   0.012 0.173 0.001 0.034 0.011 0.018 0.116 0.634 
 140 C _   0.012 0.162 0.001 0.031 0.010 0.017 0.121 0.646 
 141 M _   0.012 0.146 0.001 0.029 0.009 0.015 0.127 0.661 
 142 D _   0.012 0.128 0.001 0.025 0.008 0.014 0.133 0.679 
 143 V _   0.011 0.107 0.001 0.021 0.007 0.013 0.139 0.701 
 144 Y _   0.010 0.085 0.001 0.017 0.005 0.011 0.146 0.724 
 145 T _   0.009 0.065 0.001 0.013 0.004 0.010 0.151 0.747 
 146 P _   0.008 0.049 0.000 0.010 0.003 0.009 0.156 0.765 
 147 K _   0.007 0.038 0.000 0.007 0.002 0.008 0.159 0.779 
 148 S _   0.006 0.031 0.000 0.005 0.002 0.007 0.161 0.788 
 149 S _   0.005 0.028 0.000 0.004 0.002 0.007 0.163 0.792 
 150 R _   0.005 0.027 0.000 0.003 0.001 0.007 0.163 0.793 
 151 H _   0.005 0.028 0.000 0.004 0.002 0.008 0.163 0.790 
 152 H _   0.006 0.031 0.000 0.005 0.002 0.010 0.163 0.783 
 153 H _   0.007 0.040 0.000 0.007 0.004 0.013 0.161 0.768 
 154 T _   0.009 0.058 0.001 0.011 0.006 0.017 0.158 0.741 
 155 D _   0.011 0.090 0.001 0.016 0.009 0.022 0.154 0.697 
 156 G _   0.014 0.139 0.001 0.022 0.013 0.026 0.149 0.636 
 157 A _   0.016 0.204 0.002 0.027 0.017 0.030 0.144 0.560 
 158 Y _   0.017 0.275 0.002 0.032 0.022 0.033 0.139 0.479 
 159 F _   0.018 0.346 0.002 0.036 0.026 0.035 0.134 0.401 
 160 G E   0.019 0.410 0.002 0.039 0.029 0.036 0.130 0.333 
 161 T E   0.019 0.462 0.002 0.042 0.031 0.036 0.128 0.279 
 162 G E   0.019 0.499 0.002 0.045 0.032 0.035 0.128 0.241 
 163 F E   0.019 0.525 0.002 0.048 0.031 0.033 0.128 0.214 
 164 P E   0.019 0.539 0.002 0.051 0.030 0.031 0.130 0.199 
 165 H E   0.019 0.545 0.002 0.053 0.028 0.029 0.133 0.192 
 166 M E   0.019 0.542 0.002 0.054 0.026 0.027 0.138 0.193 
 167 L E   0.018 0.530 0.002 0.053 0.024 0.024 0.145 0.204 
 168 F E   0.018 0.505 0.002 0.051 0.022 0.022 0.154 0.226 
 169 M E   0.017 0.457 0.002 0.048 0.020 0.020 0.168 0.267 
 170 V E   0.017 0.382 0.003 0.043 0.018 0.019 0.187 0.331 
 171 H _   0.017 0.284 0.002 0.035 0.015 0.017 0.212 0.417 
 172 P _   0.016 0.184 0.002 0.026 0.012 0.016 0.238 0.508 
 173 E _   0.014 0.106 0.001 0.017 0.008 0.013 0.260 0.581 
 174 Y _   0.011 0.058 0.001 0.010 0.005 0.011 0.277 0.628 
 175 R _   0.008 0.035 0.000 0.005 0.003 0.009 0.288 0.650 
 176 P _   0.007 0.026 0.000 0.003 0.002 0.008 0.296 0.658 
 177 K _   0.006 0.023 0.000 0.003 0.001 0.008 0.301 0.658 
 178 R _   0.006 0.023 0.000 0.003 0.002 0.009 0.305 0.653 
 179 P _   0.006 0.025 0.000 0.004 0.002 0.011 0.308 0.642 
 180 A _   0.008 0.032 0.000 0.007 0.004 0.014 0.311 0.625 
 181 N _   0.009 0.045 0.001 0.011 0.006 0.017 0.312 0.598 
 182 Q _   0.011 0.065 0.001 0.016 0.008 0.020 0.314 0.564 
 183 F _   0.012 0.089 0.001 0.022 0.011 0.023 0.316 0.526 
 184 V _   0.013 0.110 0.001 0.027 0.013 0.026 0.318 0.493 
 185 P _   0.013 0.126 0.001 0.030 0.014 0.028 0.322 0.466 
 186 R _   0.014 0.137 0.001 0.031 0.016 0.030 0.326 0.446 
 187 L _   0.014 0.143 0.001 0.031 0.017 0.031 0.331 0.432 
 188 Y _   0.015 0.147 0.001 0.029 0.017 0.032 0.338 0.421 
 189 G _   0.017 0.148 0.001 0.026 0.017 0.033 0.346 0.412 
 190 F _   0.018 0.148 0.001 0.023 0.017 0.034 0.354 0.404 
 191 K _   0.020 0.147 0.001 0.021 0.017 0.034 0.364 0.395 
 192 I _   0.021 0.146 0.001 0.021 0.017 0.034 0.374 0.385 
 193 H X   0.022 0.146 0.001 0.021 0.018 0.034 0.386 0.372 
 194 P X   0.023 0.146 0.001 0.023 0.018 0.034 0.398 0.358 
 195 M X   0.023 0.145 0.001 0.025 0.018 0.033 0.411 0.343 
 196 A X   0.022 0.144 0.001 0.028 0.018 0.031 0.426 0.329 
 197 Y X   0.021 0.141 0.001 0.030 0.018 0.029 0.443 0.317 
 198 Q X   0.019 0.136 0.001 0.031 0.017 0.027 0.461 0.307 
 199 L X   0.017 0.128 0.001 0.031 0.015 0.024 0.482 0.301 
 200 Q X   0.016 0.116 0.001 0.029 0.013 0.022 0.505 0.298 
 201 L X   0.014 0.102 0.001 0.026 0.011 0.019 0.530 0.296 
 202 Q X   0.013 0.086 0.001 0.022 0.010 0.017 0.555 0.296 
 203 A X   0.012 0.069 0.001 0.019 0.008 0.015 0.582 0.295 
 204 A X   0.011 0.053 0.001 0.015 0.007 0.013 0.608 0.292 
 205 S X   0.010 0.040 0.001 0.013 0.005 0.011 0.633 0.287 
 206 N X   0.008 0.031 0.001 0.010 0.004 0.010 0.656 0.281 
 207 F X   0.007 0.024 0.000 0.009 0.003 0.008 0.675 0.274 
 208 K X   0.005 0.019 0.000 0.008 0.003 0.007 0.691 0.267 
 209 S X   0.004 0.015 0.000 0.007 0.002 0.005 0.706 0.260 
 210 P X   0.003 0.012 0.000 0.006 0.002 0.004 0.720 0.255 
 211 V X   0.001 0.009 0.000 0.004 0.001 0.002 0.731 0.251 
 212 K X   0.001 0.006 0.000 0.002 0.000 0.001 0.739 0.251 
 213 T X   0.000 0.005 0.000 0.002 0.000 0.000 0.741 0.253 
 214 I X   0.000 0.004 0.000 0.002 0.000 0.000 0.738 0.255 
 215 R X   0.002 0.004 0.001 0.009 0.002 0.002 0.724 0.255 
