#TopoPred_TM8: 8-state transmembrane topology prediction results by no_profile mode 
#probabilities are in the order of H E C I L F X _, the 8 transmembrane topology types used in PDBTM 
   1 M X   0.017 0.002 0.002 0.062 0.011 0.012 0.608 0.286 
   2 E X   0.006 0.001 0.000 0.036 0.002 0.006 0.623 0.325 
   3 N X   0.002 0.001 0.000 0.019 0.001 0.004 0.624 0.350 
   4 F X   0.001 0.001 0.000 0.013 0.001 0.004 0.618 0.362 
   5 Q X   0.002 0.002 0.000 0.012 0.001 0.006 0.606 0.371 
   6 K X   0.003 0.004 0.000 0.012 0.002 0.010 0.590 0.379 
   7 V X   0.005 0.008 0.000 0.015 0.003 0.013 0.570 0.386 
   8 E X   0.007 0.017 0.001 0.020 0.005 0.017 0.544 0.390 
   9 K X   0.008 0.030 0.001 0.026 0.007 0.020 0.514 0.393 
  10 I X   0.009 0.049 0.001 0.035 0.010 0.023 0.479 0.394 
  11 G X   0.008 0.069 0.001 0.044 0.013 0.024 0.446 0.394 
  12 E X   0.009 0.085 0.001 0.051 0.015 0.025 0.417 0.397 
  13 G _   0.009 0.096 0.001 0.054 0.016 0.025 0.394 0.404 
  14 T _   0.009 0.103 0.001 0.055 0.016 0.025 0.375 0.415 
  15 Y _   0.009 0.107 0.001 0.053 0.016 0.024 0.360 0.430 
  16 G _   0.010 0.107 0.001 0.048 0.015 0.023 0.347 0.449 
  17 V _   0.010 0.104 0.001 0.041 0.013 0.022 0.337 0.472 
  18 V _   0.010 0.099 0.001 0.033 0.011 0.020 0.327 0.498 
  19 Y _   0.010 0.093 0.001 0.026 0.009 0.018 0.319 0.525 
  20 K _   0.009 0.085 0.001 0.019 0.007 0.017 0.311 0.550 
  21 A _   0.009 0.079 0.001 0.015 0.006 0.016 0.303 0.572 
  22 R _   0.009 0.074 0.001 0.012 0.005 0.015 0.296 0.589 
  23 N _   0.008 0.071 0.001 0.011 0.005 0.015 0.288 0.601 
  24 K _   0.009 0.070 0.001 0.011 0.005 0.015 0.281 0.610 
  25 L _   0.009 0.070 0.001 0.012 0.006 0.015 0.273 0.614 
  26 T _   0.009 0.072 0.001 0.015 0.007 0.016 0.264 0.616 
  27 G _   0.010 0.074 0.001 0.019 0.008 0.016 0.256 0.616 
  28 E _   0.010 0.077 0.001 0.024 0.009 0.017 0.248 0.615 
  29 V _   0.010 0.078 0.001 0.027 0.009 0.017 0.241 0.617 
  30 V _   0.010 0.077 0.001 0.029 0.010 0.016 0.234 0.622 
  31 A _   0.010 0.075 0.001 0.029 0.010 0.016 0.229 0.631 
  32 L _   0.010 0.069 0.001 0.027 0.009 0.015 0.224 0.645 
  33 K _   0.010 0.061 0.001 0.024 0.008 0.014 0.221 0.663 
  34 K _   0.009 0.050 0.001 0.019 0.007 0.013 0.217 0.684 
  35 I _   0.009 0.038 0.001 0.015 0.006 0.012 0.214 0.705 
  36 R _   0.009 0.027 0.001 0.011 0.004 0.011 0.211 0.726 
  37 L _   0.008 0.018 0.000 0.008 0.004 0.011 0.208 0.743 
  38 D _   0.008 0.012 0.000 0.006 0.003 0.011 0.205 0.755 
  39 T _   0.009 0.009 0.000 0.004 0.003 0.012 0.201 0.762 
  40 E _   0.010 0.007 0.000 0.004 0.003 0.013 0.197 0.766 
  41 T _   0.013 0.007 0.000 0.004 0.003 0.015 0.193 0.765 
  42 E _   0.016 0.007 0.000 0.005 0.005 0.019 0.187 0.760 
  43 G _   0.021 0.009 0.001 0.006 0.007 0.024 0.181 0.750 
  44 V _   0.028 0.014 0.001 0.009 0.011 0.030 0.175 0.731 
  45 P _   0.036 0.024 0.001 0.014 0.017 0.037 0.167 0.704 
  46 S _   0.043 0.037 0.002 0.021 0.024 0.043 0.159 0.671 
  47 T _   0.049 0.052 0.002 0.030 0.032 0.048 0.151 0.636 
  48 A _   0.053 0.067 0.002 0.039 0.037 0.051 0.144 0.607 
  49 I _   0.055 0.077 0.002 0.047 0.040 0.051 0.139 0.588 
  50 R _   0.056 0.083 0.002 0.053 0.040 0.050 0.135 0.581 
  51 E _   0.054 0.085 0.002 0.055 0.038 0.047 0.133 0.587 
  52 I _   0.051 0.082 0.002 0.052 0.033 0.043 0.131 0.606 
  53 S _   0.047 0.075 0.002 0.045 0.028 0.038 0.129 0.636 
  54 L _   0.042 0.063 0.002 0.035 0.022 0.033 0.128 0.675 
  55 L _   0.036 0.046 0.001 0.025 0.016 0.027 0.128 0.720 
  56 K _   0.030 0.029 0.001 0.016 0.011 0.023 0.127 0.763 
  57 E _   0.024 0.015 0.001 0.010 0.007 0.019 0.127 0.798 
  58 L _   0.020 0.007 0.001 0.006 0.005 0.016 0.125 0.821 
  59 N _   0.016 0.003 0.000 0.004 0.003 0.014 0.124 0.836 
  60 H _   0.014 0.002 0.000 0.003 0.003 0.013 0.122 0.843 
  61 P _   0.014 0.001 0.000 0.003 0.003 0.013 0.120 0.846 
  62 N _   0.014 0.001 0.000 0.004 0.003 0.013 0.117 0.847 
  63 I _   0.015 0.001 0.000 0.006 0.004 0.015 0.115 0.844 
  64 V _   0.016 0.002 0.001 0.008 0.005 0.016 0.112 0.841 
  65 K _   0.018 0.002 0.001 0.010 0.006 0.018 0.108 0.837 
  66 L _   0.020 0.002 0.001 0.012 0.007 0.020 0.105 0.833 
  67 L _   0.021 0.002 0.001 0.012 0.008 0.021 0.102 0.832 
  68 D _   0.024 0.002 0.001 0.011 0.008 0.023 0.099 0.833 
  69 V _   0.027 0.002 0.001 0.010 0.008 0.024 0.096 0.834 
  70 I _   0.031 0.002 0.001 0.008 0.007 0.026 0.092 0.833 
  71 H _   0.038 0.001 0.001 0.006 0.008 0.028 0.089 0.830 
  72 T _   0.047 0.001 0.001 0.005 0.009 0.032 0.085 0.821 
  73 E _   0.059 0.001 0.001 0.004 0.011 0.036 0.082 0.805 
  74 N _   0.073 0.002 0.001 0.005 0.015 0.042 0.078 0.784 
  75 K _   0.089 0.004 0.001 0.007 0.021 0.048 0.075 0.754 
  76 L _   0.104 0.009 0.002 0.012 0.029 0.053 0.072 0.720 
  77 Y _   0.117 0.016 0.002 0.019 0.036 0.056 0.069 0.685 
  78 L _   0.125 0.024 0.002 0.027 0.041 0.058 0.066 0.657 
  79 V _   0.127 0.030 0.002 0.035 0.042 0.057 0.064 0.643 
  80 F _   0.123 0.034 0.002 0.039 0.041 0.054 0.063 0.643 
  81 E _   0.114 0.034 0.002 0.040 0.037 0.049 0.062 0.661 
  82 F _   0.101 0.032 0.002 0.036 0.031 0.044 0.062 0.693 
  83 L _   0.087 0.026 0.002 0.029 0.024 0.037 0.061 0.734 
  84 H _   0.071 0.018 0.001 0.020 0.017 0.031 0.061 0.780 
  85 Q _   0.057 0.011 0.001 0.013 0.011 0.025 0.060 0.822 
  86 D _   0.045 0.005 0.001 0.007 0.007 0.021 0.060 0.855 
  87 L _   0.035 0.002 0.000 0.004 0.004 0.017 0.059 0.878 
  88 K _   0.030 0.001 0.000 0.003 0.003 0.015 0.057 0.891 
  89 K _   0.027 0.000 0.000 0.003 0.003 0.014 0.056 0.897 
  90 F _   0.027 0.000 0.000 0.002 0.003 0.014 0.054 0.899 
  91 M _   0.030 0.000 0.000 0.003 0.003 0.016 0.052 0.895 
  92 D _   0.036 0.000 0.001 0.004 0.004 0.018 0.050 0.887 
  93 A _   0.046 0.000 0.001 0.005 0.006 0.021 0.047 0.874 
  94 S _   0.059 0.001 0.001 0.007 0.008 0.024 0.045 0.855 
  95 A _   0.077 0.001 0.001 0.008 0.011 0.028 0.042 0.833 
  96 L _   0.098 0.001 0.001 0.010 0.013 0.032 0.039 0.807 
  97 T _   0.122 0.001 0.001 0.010 0.015 0.035 0.036 0.780 
  98 G _   0.150 0.001 0.001 0.010 0.017 0.037 0.033 0.752 
  99 I _   0.181 0.001 0.001 0.009 0.018 0.039 0.030 0.722 
 100 P _   0.215 0.001 0.001 0.007 0.018 0.040 0.027 0.691 
 101 L _   0.250 0.000 0.001 0.006 0.018 0.041 0.025 0.658 
 102 P _   0.287 0.000 0.001 0.005 0.018 0.041 0.023 0.624 
 103 L _   0.325 0.000 0.001 0.004 0.018 0.042 0.021 0.589 
 104 I _   0.364 0.000 0.001 0.003 0.019 0.042 0.019 0.553 
 105 K _   0.400 0.000 0.001 0.003 0.020 0.042 0.017 0.516 
 106 S _   0.435 0.000 0.001 0.002 0.022 0.043 0.016 0.480 
 107 Y H   0.469 0.000 0.001 0.002 0.025 0.043 0.015 0.445 
 108 L H   0.498 0.000 0.002 0.003 0.028 0.043 0.014 0.413 
 109 F H   0.521 0.000 0.002 0.003 0.031 0.043 0.014 0.386 
 110 Q H   0.538 0.000 0.002 0.004 0.034 0.042 0.014 0.367 
 111 L H   0.547 0.000 0.002 0.004 0.036 0.042 0.014 0.355 
 112 L H   0.547 0.000 0.002 0.005 0.037 0.041 0.014 0.354 
 113 Q H   0.539 0.001 0.002 0.005 0.037 0.039 0.015 0.362 
 114 G H   0.522 0.001 0.002 0.006 0.036 0.038 0.016 0.380 
 115 L H   0.496 0.001 0.002 0.006 0.034 0.036 0.017 0.408 
 116 A H   0.461 0.001 0.002 0.007 0.032 0.035 0.019 0.445 
 117 F _   0.416 0.001 0.002 0.007 0.029 0.033 0.021 0.492 
 118 C _   0.364 0.001 0.002 0.008 0.025 0.031 0.023 0.546 
 119 H _   0.308 0.001 0.002 0.009 0.021 0.028 0.026 0.605 
 120 S _   0.252 0.001 0.002 0.010 0.017 0.026 0.029 0.664 
 121 H _   0.199 0.001 0.001 0.011 0.014 0.023 0.031 0.720 
 122 R _   0.153 0.001 0.001 0.011 0.011 0.020 0.034 0.770 
 123 V _   0.113 0.001 0.001 0.010 0.008 0.017 0.036 0.813 
 124 L _   0.082 0.001 0.001 0.008 0.006 0.015 0.038 0.849 
 125 H _   0.058 0.001 0.001 0.007 0.004 0.012 0.040 0.878 
 126 R _   0.041 0.000 0.000 0.005 0.003 0.010 0.041 0.899 
 127 D _   0.028 0.000 0.000 0.004 0.003 0.009 0.042 0.914 
 128 L _   0.020 0.000 0.000 0.003 0.002 0.008 0.042 0.924 
 129 K _   0.015 0.000 0.000 0.003 0.002 0.007 0.042 0.929 
 130 P _   0.013 0.000 0.000 0.003 0.002 0.008 0.042 0.932 
 131 Q _   0.011 0.000 0.000 0.003 0.002 0.008 0.042 0.933 
 132 N _   0.011 0.001 0.000 0.004 0.003 0.009 0.041 0.931 
 133 L _   0.012 0.001 0.000 0.005 0.003 0.011 0.040 0.927 
 134 L _   0.012 0.002 0.000 0.007 0.004 0.013 0.039 0.922 
 135 I _   0.014 0.003 0.001 0.010 0.005 0.015 0.038 0.915 
 136 N _   0.015 0.004 0.001 0.012 0.007 0.017 0.037 0.908 
 137 T _   0.016 0.005 0.001 0.014 0.008 0.019 0.036 0.903 
 138 E _   0.017 0.006 0.001 0.015 0.008 0.021 0.035 0.898 
 139 G _   0.018 0.006 0.001 0.015 0.009 0.023 0.034 0.894 
 140 A _   0.020 0.006 0.001 0.015 0.009 0.024 0.032 0.892 
 141 I _   0.022 0.006 0.001 0.014 0.010 0.026 0.031 0.890 
 142 K _   0.025 0.006 0.001 0.013 0.010 0.028 0.030 0.888 
 143 L _   0.028 0.005 0.001 0.011 0.010 0.029 0.029 0.885 
 144 A _   0.032 0.005 0.001 0.011 0.011 0.032 0.028 0.880 
 145 D _   0.037 0.005 0.001 0.011 0.012 0.034 0.027 0.873 
 146 F _   0.042 0.005 0.001 0.011 0.014 0.036 0.026 0.865 
 147 G _   0.047 0.006 0.001 0.012 0.016 0.038 0.025 0.855 
 148 L _   0.053 0.006 0.001 0.014 0.018 0.040 0.024 0.843 
 149 A _   0.058 0.007 0.001 0.016 0.020 0.042 0.023 0.834 
 150 R _   0.063 0.007 0.001 0.017 0.021 0.043 0.022 0.826 
 151 A _   0.065 0.007 0.001 0.018 0.021 0.042 0.022 0.822 
 152 F _   0.067 0.007 0.001 0.018 0.021 0.042 0.021 0.824 
 153 G _   0.067 0.006 0.001 0.016 0.019 0.040 0.021 0.828 
 154 V _   0.067 0.005 0.001 0.014 0.018 0.039 0.020 0.835 
 155 P _   0.067 0.004 0.001 0.012 0.016 0.037 0.020 0.844 
 156 V _   0.066 0.003 0.001 0.009 0.014 0.036 0.020 0.852 
 157 R _   0.064 0.002 0.001 0.007 0.012 0.034 0.019 0.860 
 158 T _   0.062 0.001 0.001 0.006 0.011 0.033 0.019 0.866 
 159 Y _   0.061 0.001 0.001 0.006 0.011 0.033 0.018 0.870 
 160 T _   0.059 0.001 0.001 0.006 0.011 0.033 0.018 0.871 
 161 H _   0.059 0.001 0.001 0.007 0.011 0.033 0.018 0.870 
 162 E _   0.059 0.001 0.001 0.008 0.012 0.034 0.017 0.868 
 163 V _   0.060 0.002 0.001 0.009 0.013 0.034 0.017 0.865 
 164 V _   0.060 0.002 0.001 0.010 0.014 0.035 0.016 0.861 
 165 T _   0.061 0.002 0.001 0.012 0.015 0.035 0.016 0.858 
 166 L _   0.062 0.003 0.001 0.012 0.016 0.035 0.015 0.856 
 167 W _   0.062 0.003 0.001 0.013 0.016 0.035 0.015 0.855 
 168 Y _   0.063 0.003 0.001 0.013 0.016 0.034 0.014 0.855 
 169 R _   0.064 0.003 0.001 0.013 0.016 0.034 0.014 0.856 
 170 A _   0.065 0.003 0.001 0.012 0.016 0.033 0.013 0.857 
 171 P _   0.069 0.002 0.001 0.012 0.016 0.032 0.013 0.856 
 172 E _   0.074 0.002 0.001 0.011 0.015 0.030 0.012 0.854 
 173 I _   0.082 0.002 0.001 0.011 0.014 0.028 0.012 0.851 
 174 L _   0.091 0.001 0.001 0.010 0.012 0.026 0.011 0.847 
 175 L _   0.103 0.001 0.001 0.008 0.011 0.023 0.011 0.843 
 176 G _   0.118 0.001 0.001 0.006 0.009 0.021 0.010 0.835 
 177 C _   0.138 0.000 0.001 0.004 0.008 0.018 0.009 0.822 
 178 K _   0.163 0.000 0.001 0.002 0.007 0.016 0.008 0.803 
 179 Y _   0.198 0.000 0.001 0.002 0.006 0.015 0.007 0.772 
 180 Y _   0.244 0.000 0.001 0.001 0.006 0.013 0.006 0.728 
 181 S _   0.304 0.000 0.001 0.001 0.006 0.012 0.005 0.670 
 182 T _   0.383 0.000 0.001 0.001 0.007 0.012 0.004 0.592 
 183 A _   0.475 0.000 0.001 0.001 0.008 0.011 0.004 0.501 
 184 V H   0.580 0.000 0.001 0.001 0.009 0.011 0.003 0.396 
 185 D H   0.681 0.000 0.001 0.001 0.010 0.010 0.002 0.295 
 186 I H   0.765 0.000 0.001 0.001 0.011 0.009 0.002 0.211 
 187 W H   0.827 0.000 0.001 0.000 0.012 0.008 0.001 0.150 
 188 S H   0.867 0.000 0.001 0.000 0.012 0.007 0.001 0.112 
 189 L H   0.890 0.000 0.001 0.000 0.013 0.006 0.001 0.088 
 190 G H   0.902 0.000 0.001 0.000 0.014 0.006 0.001 0.076 
 191 C H   0.904 0.000 0.001 0.000 0.015 0.006 0.001 0.072 
 192 I H   0.897 0.000 0.001 0.000 0.016 0.006 0.002 0.078 
 193 F H   0.880 0.000 0.001 0.001 0.017 0.007 0.002 0.093 
 194 A H   0.849 0.000 0.001 0.001 0.018 0.008 0.003 0.120 
 195 E H   0.803 0.000 0.001 0.001 0.019 0.009 0.005 0.162 
 196 M H   0.736 0.000 0.002 0.002 0.020 0.010 0.008 0.223 
 197 V H   0.647 0.000 0.002 0.002 0.019 0.011 0.012 0.307 
 198 T H   0.541 0.000 0.002 0.003 0.017 0.012 0.018 0.408 
 199 R _   0.428 0.000 0.002 0.004 0.014 0.012 0.025 0.516 
 200 R _   0.320 0.000 0.001 0.004 0.011 0.012 0.032 0.620 
 201 A _   0.225 0.000 0.001 0.004 0.007 0.011 0.040 0.712 
 202 L _   0.148 0.000 0.001 0.003 0.005 0.010 0.046 0.787 
 203 F _   0.092 0.000 0.001 0.003 0.004 0.009 0.051 0.841 
 204 P _   0.058 0.000 0.000 0.002 0.003 0.009 0.054 0.873 
 205 G _   0.040 0.000 0.000 0.002 0.002 0.009 0.057 0.890 
 206 D _   0.031 0.000 0.000 0.002 0.002 0.010 0.059 0.895 
 207 S _   0.028 0.000 0.000 0.002 0.003 0.013 0.061 0.892 
 208 E _   0.029 0.001 0.000 0.003 0.004 0.018 0.063 0.881 
 209 I _   0.033 0.005 0.001 0.006 0.007 0.024 0.064 0.860 
 210 D _   0.039 0.014 0.001 0.012 0.013 0.031 0.065 0.826 
 211 Q _   0.044 0.031 0.002 0.021 0.020 0.038 0.066 0.779 
 212 L _   0.047 0.053 0.002 0.033 0.027 0.043 0.067 0.728 
 213 F _   0.049 0.072 0.002 0.044 0.032 0.046 0.068 0.686 
 214 R _   0.049 0.084 0.002 0.052 0.034 0.048 0.071 0.660 
 215 I _   0.048 0.090 0.002 0.055 0.034 0.047 0.074 0.649 
 216 F _   0.046 0.091 0.002 0.053 0.032 0.045 0.077 0.653 
 217 R _   0.042 0.088 0.002 0.046 0.028 0.042 0.082 0.670 
 218 T _   0.039 0.081 0.002 0.036 0.023 0.039 0.087 0.695 
 219 L _   0.035 0.070 0.001 0.026 0.018 0.035 0.092 0.722 
 220 G _   0.032 0.060 0.001 0.018 0.014 0.032 0.097 0.746 
 221 T _   0.029 0.053 0.001 0.012 0.011 0.030 0.101 0.762 
 222 P _   0.027 0.049 0.001 0.010 0.009 0.029 0.106 0.769 
 223 D _   0.026 0.048 0.001 0.010 0.009 0.028 0.110 0.768 
 224 E _   0.025 0.049 0.001 0.013 0.010 0.027 0.114 0.761 
 225 V _   0.025 0.053 0.001 0.017 0.011 0.027 0.118 0.747 
 226 V _   0.024 0.057 0.001 0.023 0.012 0.027 0.123 0.732 
 227 W _   0.023 0.061 0.001 0.029 0.013 0.026 0.128 0.719 
 228 P _   0.021 0.063 0.001 0.034 0.014 0.024 0.134 0.709 
 229 G _   0.019 0.063 0.001 0.036 0.013 0.022 0.141 0.704 
 230 V _   0.017 0.061 0.001 0.035 0.012 0.020 0.149 0.705 
 231 T _   0.015 0.056 0.001 0.031 0.010 0.017 0.158 0.712 
 232 S _   0.013 0.048 0.001 0.025 0.008 0.015 0.167 0.723 
 233 M _   0.011 0.038 0.001 0.019 0.006 0.012 0.176 0.736 
 234 P _   0.009 0.028 0.001 0.013 0.005 0.010 0.186 0.748 
 235 D _   0.008 0.021 0.000 0.009 0.003 0.009 0.194 0.756 
 236 Y _   0.007 0.016 0.000 0.006 0.002 0.007 0.200 0.761 
 237 K _   0.006 0.013 0.000 0.005 0.002 0.007 0.206 0.761 
 238 P _   0.005 0.012 0.000 0.004 0.002 0.006 0.211 0.759 
 239 S _   0.005 0.012 0.000 0.005 0.002 0.006 0.215 0.754 
 240 F _   0.005 0.013 0.000 0.006 0.002 0.007 0.219 0.748 
 241 P _   0.006 0.014 0.000 0.008 0.003 0.008 0.222 0.739 
 242 K _   0.006 0.017 0.000 0.011 0.003 0.008 0.225 0.729 
 243 W _   0.006 0.020 0.000 0.014 0.004 0.009 0.228 0.719 
 244 A _   0.006 0.023 0.001 0.017 0.005 0.010 0.231 0.708 
 245 R _   0.006 0.026 0.001 0.019 0.005 0.010 0.234 0.699 
 246 Q _   0.006 0.028 0.001 0.020 0.005 0.010 0.239 0.692 
 247 D _   0.006 0.028 0.001 0.021 0.005 0.010 0.244 0.686 
 248 F _   0.006 0.028 0.001 0.019 0.005 0.009 0.249 0.683 
 249 S _   0.006 0.028 0.001 0.017 0.004 0.009 0.255 0.680 
 250 K _   0.005 0.026 0.000 0.015 0.004 0.008 0.262 0.679 
 251 V _   0.005 0.024 0.000 0.012 0.003 0.007 0.268 0.679 
 252 V _   0.005 0.023 0.000 0.010 0.003 0.007 0.275 0.678 
 253 P _   0.005 0.021 0.000 0.008 0.002 0.006 0.280 0.677 
 254 P _   0.004 0.020 0.000 0.006 0.002 0.006 0.285 0.676 
 255 L _   0.004 0.020 0.000 0.005 0.002 0.007 0.289 0.673 
 256 D _   0.005 0.021 0.000 0.005 0.002 0.007 0.292 0.668 
 257 E _   0.005 0.023 0.000 0.006 0.002 0.009 0.295 0.659 
 258 D _   0.006 0.028 0.000 0.009 0.003 0.010 0.297 0.645 
 259 G _   0.007 0.037 0.001 0.014 0.005 0.013 0.299 0.624 
 260 R _   0.008 0.050 0.001 0.022 0.007 0.015 0.301 0.597 
 261 S _   0.009 0.064 0.001 0.032 0.009 0.017 0.303 0.565 
 262 L _   0.009 0.077 0.001 0.042 0.011 0.018 0.306 0.536 
 263 L _   0.009 0.084 0.001 0.050 0.012 0.018 0.311 0.515 
 264 S _   0.009 0.087 0.001 0.053 0.012 0.018 0.317 0.503 
 265 Q _   0.008 0.086 0.001 0.051 0.012 0.017 0.325 0.500 
 266 M _   0.008 0.081 0.001 0.045 0.010 0.015 0.335 0.505 
 267 L _   0.007 0.071 0.001 0.036 0.008 0.013 0.347 0.518 
 268 H _   0.007 0.056 0.001 0.025 0.006 0.011 0.360 0.535 
 269 Y _   0.006 0.039 0.001 0.015 0.004 0.009 0.372 0.553 
 270 D _   0.005 0.026 0.000 0.009 0.003 0.008 0.384 0.565 
 271 P _   0.005 0.018 0.000 0.005 0.002 0.007 0.392 0.571 
 272 N _   0.005 0.015 0.000 0.003 0.002 0.008 0.399 0.569 
 273 K _   0.005 0.014 0.000 0.003 0.002 0.009 0.404 0.563 
 274 R _   0.007 0.016 0.000 0.004 0.002 0.011 0.409 0.552 
 275 I _   0.008 0.021 0.000 0.006 0.004 0.014 0.413 0.533 
 276 S _   0.011 0.034 0.001 0.012 0.007 0.018 0.416 0.502 
 277 A _   0.012 0.057 0.001 0.021 0.011 0.022 0.418 0.458 
 278 K X   0.013 0.086 0.001 0.031 0.014 0.025 0.421 0.408 
 279 A X   0.014 0.111 0.001 0.041 0.017 0.027 0.425 0.364 
 280 A X   0.013 0.128 0.001 0.049 0.019 0.027 0.430 0.332 
 281 L X   0.013 0.137 0.001 0.054 0.019 0.027 0.438 0.310 
 282 A X   0.013 0.141 0.001 0.055 0.019 0.027 0.447 0.297 
 283 H X   0.013 0.140 0.001 0.052 0.018 0.025 0.459 0.291 
 284 P X   0.013 0.134 0.001 0.047 0.017 0.024 0.475 0.289 
 285 F X   0.013 0.125 0.001 0.040 0.015 0.022 0.493 0.291 
 286 F X   0.013 0.111 0.001 0.033 0.013 0.020 0.513 0.295 
 287 Q X   0.013 0.094 0.001 0.026 0.011 0.018 0.536 0.300 
 288 D X   0.012 0.078 0.001 0.021 0.009 0.017 0.559 0.303 
 289 V X   0.011 0.064 0.001 0.016 0.007 0.015 0.582 0.304 
 290 T X   0.010 0.053 0.001 0.014 0.006 0.013 0.601 0.303 
 291 K X   0.008 0.045 0.001 0.012 0.005 0.010 0.619 0.301 
 292 P X   0.006 0.039 0.000 0.011 0.004 0.008 0.635 0.297 
 293 V X   0.004 0.034 0.000 0.009 0.003 0.006 0.650 0.294 
 294 P X   0.002 0.029 0.000 0.007 0.002 0.003 0.664 0.293 
 295 H X   0.001 0.023 0.000 0.005 0.001 0.001 0.674 0.296 
 296 L X   0.000 0.019 0.000 0.003 0.000 0.000 0.676 0.301 
 297 R X   0.000 0.017 0.000 0.004 0.000 0.000 0.674 0.304 
 298 L X   0.002 0.016 0.001 0.011 0.003 0.003 0.661 0.303 
