#TopoPred_TM8: 8-state transmembrane topology prediction results by no_profile mode 
#probabilities are in the order of H E C I L F X _, the 8 transmembrane topology types used in PDBTM 
   1 M X   0.007 0.001 0.001 0.028 0.006 0.005 0.864 0.088 
   2 E X   0.002 0.000 0.000 0.014 0.001 0.002 0.885 0.095 
   3 A X   0.001 0.000 0.000 0.008 0.000 0.001 0.891 0.099 
   4 P X   0.000 0.000 0.000 0.007 0.000 0.002 0.891 0.100 
   5 G X   0.001 0.001 0.000 0.007 0.000 0.002 0.888 0.101 
   6 L X   0.001 0.001 0.000 0.008 0.001 0.003 0.884 0.101 
   7 A X   0.002 0.001 0.000 0.010 0.001 0.004 0.880 0.102 
   8 Q X   0.002 0.002 0.000 0.011 0.001 0.005 0.874 0.104 
   9 A X   0.002 0.002 0.000 0.012 0.002 0.005 0.869 0.108 
  10 A X   0.002 0.003 0.000 0.012 0.002 0.005 0.864 0.112 
  11 A X   0.002 0.003 0.000 0.011 0.002 0.004 0.859 0.118 
  12 A X   0.002 0.003 0.000 0.010 0.002 0.004 0.856 0.125 
  13 E X   0.001 0.003 0.000 0.008 0.001 0.003 0.853 0.131 
  14 S X   0.001 0.002 0.000 0.006 0.001 0.003 0.850 0.137 
  15 D X   0.001 0.002 0.000 0.004 0.001 0.003 0.847 0.142 
  16 S X   0.001 0.001 0.000 0.003 0.001 0.002 0.845 0.146 
  17 R X   0.001 0.001 0.000 0.003 0.001 0.002 0.842 0.150 
  18 K X   0.001 0.001 0.000 0.003 0.001 0.002 0.838 0.154 
  19 V X   0.001 0.001 0.000 0.003 0.001 0.002 0.834 0.158 
  20 A X   0.002 0.001 0.000 0.003 0.001 0.002 0.829 0.162 
  21 E X   0.002 0.001 0.000 0.003 0.001 0.002 0.824 0.167 
  22 E X   0.002 0.001 0.000 0.003 0.001 0.002 0.817 0.173 
  23 T X   0.002 0.001 0.000 0.004 0.001 0.003 0.810 0.180 
  24 P X   0.002 0.001 0.000 0.004 0.001 0.003 0.803 0.187 
  25 D X   0.002 0.001 0.000 0.004 0.001 0.003 0.795 0.195 
  26 G X   0.002 0.001 0.000 0.004 0.001 0.003 0.786 0.203 
  27 A X   0.002 0.001 0.000 0.005 0.001 0.003 0.776 0.211 
  28 P X   0.002 0.001 0.000 0.005 0.001 0.003 0.766 0.220 
  29 A X   0.002 0.001 0.000 0.005 0.001 0.004 0.755 0.230 
  30 L X   0.002 0.001 0.000 0.006 0.002 0.004 0.744 0.241 
  31 C X   0.002 0.002 0.000 0.006 0.002 0.004 0.732 0.252 
  32 P X   0.002 0.002 0.000 0.006 0.002 0.004 0.720 0.265 
  33 S X   0.002 0.002 0.000 0.006 0.002 0.004 0.706 0.277 
  34 P X   0.002 0.002 0.000 0.006 0.002 0.005 0.692 0.291 
  35 E X   0.002 0.002 0.000 0.007 0.002 0.005 0.677 0.304 
  36 A X   0.003 0.003 0.000 0.007 0.002 0.005 0.662 0.318 
  37 L X   0.003 0.003 0.000 0.008 0.002 0.006 0.647 0.331 
  38 S X   0.003 0.004 0.000 0.009 0.003 0.006 0.631 0.344 
  39 P X   0.003 0.005 0.000 0.010 0.003 0.007 0.615 0.357 
  40 E X   0.003 0.005 0.000 0.012 0.003 0.008 0.599 0.370 
  41 P X   0.003 0.006 0.000 0.013 0.004 0.008 0.582 0.383 
  42 P X   0.004 0.007 0.000 0.013 0.004 0.009 0.567 0.398 
  43 V X   0.004 0.007 0.001 0.012 0.004 0.009 0.551 0.412 
  44 Y X   0.004 0.007 0.001 0.011 0.004 0.010 0.536 0.428 
  45 S X   0.004 0.007 0.000 0.010 0.004 0.011 0.520 0.444 
  46 L X   0.005 0.008 0.000 0.009 0.004 0.012 0.504 0.459 
  47 Q X   0.005 0.008 0.000 0.008 0.004 0.014 0.488 0.472 
  48 D _   0.007 0.009 0.001 0.008 0.005 0.017 0.471 0.483 
  49 F _   0.009 0.012 0.001 0.009 0.006 0.021 0.453 0.490 
  50 D _   0.012 0.016 0.001 0.011 0.009 0.026 0.433 0.492 
  51 T _   0.017 0.023 0.001 0.015 0.013 0.031 0.412 0.488 
  52 L _   0.022 0.034 0.001 0.020 0.018 0.037 0.390 0.478 
  53 A _   0.026 0.047 0.002 0.027 0.024 0.042 0.367 0.464 
  54 T _   0.031 0.060 0.002 0.033 0.029 0.046 0.346 0.452 
  55 V _   0.035 0.072 0.002 0.039 0.033 0.048 0.328 0.443 
  56 G _   0.038 0.079 0.002 0.043 0.035 0.049 0.312 0.441 
  57 T _   0.040 0.084 0.002 0.045 0.036 0.049 0.299 0.446 
  58 G _   0.041 0.085 0.002 0.044 0.035 0.048 0.288 0.456 
  59 T _   0.041 0.083 0.002 0.042 0.033 0.046 0.279 0.474 
  60 F _   0.040 0.079 0.002 0.038 0.029 0.043 0.272 0.498 
  61 G _   0.037 0.071 0.002 0.033 0.025 0.040 0.265 0.527 
  62 R _   0.034 0.061 0.002 0.028 0.021 0.036 0.260 0.559 
  63 V _   0.031 0.049 0.001 0.022 0.016 0.033 0.256 0.591 
  64 H _   0.027 0.038 0.001 0.017 0.013 0.029 0.251 0.623 
  65 L _   0.024 0.027 0.001 0.013 0.010 0.026 0.247 0.652 
  66 V _   0.021 0.018 0.001 0.010 0.007 0.024 0.242 0.676 
  67 K _   0.020 0.013 0.001 0.007 0.006 0.022 0.238 0.694 
  68 E _   0.019 0.009 0.001 0.006 0.005 0.021 0.233 0.707 
  69 K _   0.019 0.007 0.001 0.005 0.005 0.021 0.228 0.715 
  70 T _   0.020 0.006 0.001 0.005 0.005 0.022 0.222 0.718 
  71 A _   0.023 0.006 0.001 0.006 0.006 0.024 0.217 0.718 
  72 K _   0.026 0.007 0.001 0.007 0.008 0.026 0.211 0.713 
  73 H _   0.030 0.009 0.001 0.009 0.011 0.029 0.206 0.706 
  74 F _   0.035 0.011 0.001 0.012 0.014 0.031 0.200 0.695 
  75 F _   0.041 0.014 0.001 0.016 0.017 0.033 0.195 0.684 
  76 A _   0.045 0.017 0.001 0.019 0.019 0.034 0.190 0.675 
  77 L _   0.048 0.019 0.001 0.021 0.020 0.034 0.186 0.670 
  78 K _   0.050 0.021 0.001 0.022 0.020 0.034 0.183 0.670 
  79 V _   0.050 0.021 0.001 0.021 0.019 0.033 0.180 0.674 
  80 M _   0.049 0.021 0.001 0.020 0.017 0.031 0.178 0.682 
  81 S _   0.047 0.020 0.001 0.018 0.015 0.029 0.177 0.693 
  82 I _   0.045 0.018 0.001 0.016 0.013 0.027 0.175 0.704 
  83 P _   0.041 0.017 0.001 0.016 0.012 0.025 0.174 0.714 
  84 D _   0.038 0.016 0.001 0.015 0.010 0.023 0.173 0.724 
  85 V _   0.034 0.014 0.001 0.015 0.009 0.021 0.173 0.734 
  86 I _   0.030 0.012 0.001 0.014 0.008 0.018 0.172 0.744 
  87 R _   0.026 0.011 0.001 0.013 0.007 0.016 0.172 0.755 
  88 L _   0.022 0.009 0.001 0.012 0.006 0.014 0.171 0.766 
  89 K _   0.018 0.007 0.001 0.010 0.005 0.012 0.170 0.778 
  90 Q _   0.014 0.005 0.000 0.008 0.004 0.010 0.169 0.790 
  91 E _   0.011 0.003 0.000 0.006 0.003 0.008 0.167 0.800 
  92 Q _   0.009 0.002 0.000 0.005 0.002 0.007 0.165 0.809 
  93 H _   0.008 0.001 0.000 0.004 0.002 0.007 0.163 0.815 
  94 V _   0.007 0.001 0.000 0.004 0.002 0.006 0.160 0.820 
  95 H _   0.006 0.001 0.000 0.003 0.002 0.007 0.157 0.824 
  96 N _   0.007 0.000 0.000 0.003 0.002 0.007 0.153 0.827 
  97 E _   0.008 0.000 0.000 0.004 0.002 0.009 0.149 0.828 
  98 K _   0.010 0.000 0.000 0.005 0.003 0.011 0.144 0.828 
  99 S _   0.013 0.000 0.000 0.005 0.003 0.013 0.138 0.827 
 100 V _   0.017 0.001 0.000 0.006 0.004 0.017 0.132 0.823 
 101 L _   0.025 0.001 0.001 0.006 0.005 0.021 0.125 0.816 
 102 K _   0.037 0.001 0.001 0.007 0.007 0.026 0.118 0.804 
 103 E _   0.054 0.001 0.001 0.008 0.010 0.033 0.109 0.785 
 104 V _   0.076 0.001 0.001 0.008 0.014 0.041 0.100 0.758 
 105 S _   0.105 0.001 0.001 0.009 0.020 0.049 0.091 0.723 
 106 H _   0.137 0.002 0.002 0.010 0.028 0.057 0.082 0.682 
 107 P _   0.172 0.003 0.002 0.012 0.036 0.064 0.074 0.638 
 108 F _   0.207 0.004 0.002 0.015 0.043 0.068 0.067 0.595 
 109 L _   0.237 0.005 0.002 0.017 0.048 0.070 0.060 0.560 
 110 I _   0.261 0.005 0.002 0.019 0.049 0.070 0.055 0.537 
 111 R _   0.279 0.005 0.002 0.019 0.047 0.068 0.051 0.528 
 112 L _   0.291 0.005 0.002 0.017 0.043 0.064 0.048 0.531 
 113 F _   0.298 0.003 0.002 0.013 0.036 0.059 0.044 0.544 
 114 W _   0.301 0.002 0.002 0.009 0.029 0.054 0.041 0.562 
 115 T _   0.302 0.001 0.001 0.005 0.022 0.049 0.039 0.581 
 116 W _   0.301 0.000 0.001 0.003 0.016 0.045 0.036 0.597 
 117 H _   0.304 0.000 0.001 0.002 0.013 0.043 0.034 0.604 
 118 D _   0.310 0.000 0.001 0.002 0.012 0.041 0.032 0.603 
 119 E _   0.320 0.000 0.001 0.002 0.013 0.041 0.030 0.594 
 120 R _   0.333 0.000 0.001 0.002 0.015 0.042 0.028 0.578 
 121 F _   0.348 0.000 0.001 0.003 0.018 0.044 0.027 0.558 
 122 L _   0.360 0.000 0.001 0.004 0.023 0.046 0.026 0.540 
 123 Y _   0.367 0.001 0.002 0.006 0.027 0.047 0.025 0.526 
 124 M _   0.367 0.001 0.002 0.008 0.031 0.048 0.024 0.519 
 125 L _   0.361 0.002 0.002 0.010 0.033 0.048 0.024 0.522 
 126 M _   0.348 0.002 0.002 0.010 0.033 0.047 0.023 0.534 
 127 E _   0.328 0.002 0.002 0.011 0.032 0.046 0.023 0.557 
 128 Y _   0.302 0.002 0.002 0.010 0.030 0.044 0.023 0.586 
 129 V _   0.274 0.002 0.002 0.010 0.027 0.043 0.023 0.620 
 130 P _   0.243 0.002 0.002 0.010 0.024 0.041 0.023 0.655 
 131 G _   0.211 0.002 0.001 0.010 0.021 0.038 0.024 0.691 
 132 G _   0.180 0.003 0.001 0.011 0.019 0.036 0.024 0.725 
 133 E _   0.150 0.003 0.001 0.013 0.017 0.034 0.025 0.757 
 134 L _   0.122 0.003 0.001 0.015 0.015 0.031 0.025 0.786 
 135 F _   0.098 0.004 0.001 0.015 0.014 0.029 0.025 0.815 
 136 S _   0.076 0.003 0.001 0.015 0.012 0.026 0.026 0.841 
 137 Y _   0.058 0.003 0.001 0.014 0.010 0.022 0.026 0.865 
 138 L _   0.045 0.003 0.001 0.013 0.008 0.020 0.026 0.885 
 139 R _   0.036 0.002 0.001 0.010 0.006 0.017 0.026 0.902 
 140 N _   0.031 0.001 0.001 0.008 0.005 0.015 0.026 0.914 
 141 R _   0.030 0.001 0.000 0.006 0.004 0.013 0.025 0.921 
 142 G _   0.031 0.001 0.000 0.004 0.003 0.012 0.025 0.923 
 143 R _   0.036 0.000 0.000 0.003 0.003 0.012 0.024 0.921 
 144 F _   0.047 0.000 0.000 0.003 0.003 0.013 0.023 0.911 
 145 S _   0.065 0.000 0.000 0.003 0.004 0.014 0.022 0.892 
 146 S _   0.096 0.000 0.001 0.002 0.005 0.017 0.020 0.859 
 147 T _   0.142 0.000 0.001 0.002 0.007 0.020 0.019 0.810 
 148 T _   0.203 0.000 0.001 0.002 0.010 0.023 0.017 0.744 
 149 G _   0.281 0.000 0.001 0.003 0.014 0.027 0.015 0.659 
 150 L _   0.367 0.000 0.001 0.003 0.020 0.031 0.013 0.565 
 151 F _   0.451 0.000 0.002 0.003 0.026 0.035 0.011 0.473 
 152 Y H   0.520 0.000 0.002 0.003 0.032 0.036 0.010 0.396 
 153 S H   0.577 0.000 0.002 0.003 0.037 0.037 0.010 0.335 
 154 A H   0.617 0.000 0.002 0.004 0.040 0.036 0.009 0.291 
 155 E H   0.644 0.000 0.002 0.004 0.042 0.035 0.010 0.263 
 156 I H   0.655 0.001 0.002 0.005 0.042 0.034 0.010 0.252 
 157 I H   0.653 0.001 0.002 0.005 0.041 0.032 0.011 0.255 
 158 C H   0.637 0.001 0.002 0.005 0.039 0.030 0.012 0.274 
 159 A H   0.605 0.001 0.002 0.005 0.036 0.029 0.014 0.310 
 160 I H   0.556 0.000 0.002 0.005 0.031 0.027 0.016 0.363 
 161 E H   0.490 0.000 0.002 0.005 0.026 0.025 0.019 0.433 
 162 Y _   0.412 0.000 0.002 0.005 0.021 0.024 0.022 0.514 
 163 L _   0.333 0.000 0.002 0.005 0.017 0.022 0.025 0.595 
 164 H _   0.260 0.000 0.001 0.005 0.013 0.021 0.029 0.670 
 165 S _   0.197 0.000 0.001 0.006 0.010 0.019 0.032 0.734 
 166 K _   0.145 0.000 0.001 0.007 0.008 0.017 0.036 0.785 
 167 E _   0.105 0.001 0.001 0.008 0.007 0.015 0.038 0.826 
 168 I _   0.074 0.001 0.001 0.008 0.006 0.014 0.041 0.857 
 169 V _   0.052 0.001 0.001 0.008 0.005 0.012 0.043 0.879 
 170 Y _   0.037 0.001 0.001 0.008 0.004 0.011 0.044 0.895 
 171 R _   0.026 0.001 0.000 0.008 0.004 0.010 0.045 0.906 
 172 D _   0.019 0.001 0.000 0.007 0.003 0.009 0.046 0.913 
 173 L _   0.014 0.002 0.000 0.007 0.003 0.008 0.047 0.918 
 174 K _   0.011 0.002 0.000 0.007 0.003 0.008 0.048 0.921 
 175 P _   0.010 0.002 0.000 0.007 0.003 0.008 0.048 0.922 
 176 E _   0.009 0.003 0.000 0.007 0.003 0.007 0.048 0.923 
 177 N _   0.008 0.003 0.000 0.007 0.003 0.007 0.049 0.923 
 178 I _   0.008 0.004 0.000 0.007 0.003 0.007 0.048 0.923 
 179 L _   0.007 0.005 0.000 0.007 0.003 0.007 0.048 0.922 
 180 L _   0.007 0.006 0.000 0.007 0.003 0.008 0.048 0.922 
 181 D _   0.007 0.007 0.000 0.007 0.003 0.008 0.047 0.921 
 182 R _   0.007 0.009 0.000 0.007 0.003 0.009 0.046 0.920 
 183 D _   0.007 0.011 0.000 0.007 0.003 0.010 0.045 0.917 
 184 G _   0.007 0.015 0.000 0.008 0.004 0.011 0.043 0.911 
 185 H _   0.008 0.021 0.000 0.009 0.004 0.013 0.042 0.902 
 186 I _   0.009 0.029 0.001 0.012 0.006 0.015 0.040 0.888 
 187 K _   0.010 0.040 0.001 0.016 0.007 0.017 0.038 0.869 
 188 L _   0.011 0.054 0.001 0.020 0.009 0.020 0.036 0.848 
 189 T _   0.013 0.068 0.001 0.025 0.011 0.022 0.034 0.826 
 190 D _   0.013 0.080 0.001 0.030 0.012 0.023 0.032 0.807 
 191 F _   0.014 0.089 0.001 0.034 0.014 0.024 0.031 0.794 
 192 G _   0.014 0.094 0.001 0.035 0.014 0.025 0.029 0.787 
 193 F _   0.015 0.097 0.001 0.034 0.014 0.024 0.028 0.786 
 194 A _   0.015 0.097 0.001 0.032 0.014 0.024 0.028 0.790 
 195 K _   0.015 0.094 0.001 0.029 0.013 0.023 0.027 0.798 
 196 K _   0.015 0.090 0.001 0.025 0.012 0.022 0.026 0.807 
 197 L _   0.016 0.085 0.001 0.022 0.011 0.022 0.026 0.818 
 198 V _   0.016 0.079 0.001 0.020 0.010 0.021 0.026 0.828 
 199 D _   0.016 0.074 0.001 0.018 0.009 0.020 0.025 0.837 
 200 R _   0.016 0.068 0.001 0.017 0.009 0.019 0.025 0.845 
 201 T _   0.016 0.063 0.001 0.017 0.008 0.018 0.025 0.853 
 202 W _   0.016 0.057 0.001 0.016 0.008 0.017 0.024 0.861 
 203 T _   0.015 0.052 0.001 0.015 0.007 0.017 0.024 0.869 
 204 L _   0.014 0.047 0.001 0.014 0.007 0.016 0.024 0.878 
 205 C _   0.013 0.041 0.001 0.013 0.007 0.015 0.023 0.886 
 206 G _   0.013 0.037 0.001 0.013 0.006 0.014 0.023 0.894 
 207 T _   0.012 0.033 0.001 0.012 0.006 0.014 0.023 0.900 
 208 P _   0.012 0.029 0.001 0.012 0.006 0.014 0.022 0.904 
 209 E _   0.012 0.027 0.001 0.012 0.006 0.014 0.022 0.907 
 210 Y _   0.012 0.024 0.001 0.013 0.006 0.014 0.021 0.909 
 211 L _   0.012 0.022 0.001 0.014 0.006 0.014 0.021 0.910 
 212 A _   0.012 0.020 0.001 0.015 0.006 0.013 0.020 0.912 
 213 P _   0.013 0.018 0.001 0.015 0.006 0.013 0.020 0.915 
 214 E _   0.014 0.015 0.001 0.014 0.006 0.012 0.019 0.919 
 215 V _   0.015 0.011 0.001 0.013 0.006 0.012 0.018 0.924 
 216 I _   0.019 0.008 0.001 0.010 0.005 0.011 0.018 0.929 
 217 Q _   0.024 0.005 0.001 0.008 0.004 0.010 0.017 0.932 
 218 S _   0.033 0.002 0.000 0.005 0.004 0.009 0.016 0.930 
 219 K _   0.048 0.001 0.000 0.003 0.003 0.009 0.015 0.921 
 220 G _   0.072 0.000 0.000 0.002 0.003 0.009 0.014 0.899 
 221 H _   0.112 0.000 0.000 0.001 0.004 0.009 0.012 0.861 
 222 G _   0.173 0.000 0.001 0.001 0.004 0.010 0.010 0.801 
 223 R _   0.264 0.000 0.001 0.001 0.006 0.010 0.008 0.710 
 224 A _   0.383 0.000 0.001 0.001 0.007 0.011 0.006 0.591 
 225 V H   0.515 0.000 0.001 0.001 0.009 0.011 0.005 0.459 
 226 D H   0.646 0.000 0.001 0.001 0.011 0.011 0.003 0.328 
 227 W H   0.754 0.000 0.001 0.001 0.012 0.010 0.002 0.220 
 228 W H   0.831 0.000 0.001 0.001 0.013 0.009 0.002 0.144 
 229 A H   0.880 0.000 0.001 0.000 0.013 0.008 0.001 0.096 
 230 L H   0.908 0.000 0.001 0.000 0.014 0.007 0.001 0.069 
 231 G H   0.922 0.000 0.001 0.000 0.014 0.006 0.001 0.055 
 232 I H   0.926 0.000 0.001 0.000 0.015 0.006 0.001 0.050 
 233 L H   0.922 0.000 0.001 0.000 0.016 0.006 0.001 0.054 
 234 I H   0.909 0.000 0.001 0.001 0.017 0.006 0.002 0.065 
 235 F H   0.883 0.000 0.001 0.001 0.018 0.007 0.003 0.088 
 236 E H   0.837 0.000 0.001 0.001 0.019 0.008 0.005 0.129 
 237 M H   0.766 0.000 0.002 0.002 0.019 0.009 0.007 0.195 
 238 L H   0.669 0.000 0.002 0.002 0.018 0.010 0.012 0.288 
 239 S H   0.551 0.000 0.002 0.003 0.015 0.010 0.018 0.400 
 240 G _   0.423 0.000 0.001 0.004 0.012 0.010 0.026 0.523 
 241 F _   0.303 0.000 0.001 0.004 0.008 0.009 0.035 0.640 
 242 P _   0.202 0.000 0.001 0.003 0.006 0.008 0.042 0.738 
 243 P _   0.124 0.000 0.001 0.003 0.004 0.007 0.048 0.814 
 244 F _   0.071 0.000 0.000 0.002 0.003 0.006 0.052 0.864 
 245 F _   0.041 0.000 0.000 0.002 0.002 0.006 0.055 0.894 
 246 D _   0.024 0.000 0.000 0.002 0.002 0.006 0.058 0.909 
 247 D _   0.016 0.001 0.000 0.002 0.002 0.007 0.059 0.914 
 248 N _   0.013 0.002 0.000 0.003 0.002 0.009 0.060 0.910 
 249 P _   0.013 0.008 0.000 0.006 0.004 0.012 0.061 0.897 
 250 F _   0.014 0.023 0.001 0.011 0.006 0.016 0.061 0.868 
 251 G _   0.015 0.055 0.001 0.020 0.010 0.021 0.060 0.818 
 252 I _   0.015 0.103 0.002 0.032 0.014 0.024 0.059 0.751 
 253 Y _   0.015 0.151 0.002 0.043 0.017 0.026 0.058 0.687 
 254 Q _   0.014 0.188 0.002 0.053 0.019 0.027 0.058 0.640 
 255 K _   0.013 0.211 0.002 0.059 0.020 0.027 0.059 0.611 
 256 I _   0.013 0.222 0.001 0.062 0.020 0.026 0.060 0.597 
 257 L _   0.012 0.226 0.001 0.060 0.019 0.025 0.062 0.595 
 258 A _   0.012 0.224 0.001 0.056 0.017 0.024 0.064 0.602 
 259 G _   0.012 0.215 0.001 0.048 0.015 0.022 0.067 0.619 
 260 K _   0.012 0.200 0.001 0.040 0.013 0.020 0.071 0.642 
 261 I _   0.012 0.179 0.001 0.031 0.011 0.019 0.076 0.671 
 262 D _   0.011 0.155 0.001 0.024 0.009 0.017 0.081 0.701 
 263 F _   0.011 0.131 0.001 0.018 0.007 0.016 0.086 0.730 
 264 P _   0.010 0.111 0.001 0.013 0.006 0.015 0.091 0.753 
 265 R _   0.010 0.097 0.001 0.010 0.005 0.015 0.095 0.768 
 266 H _   0.010 0.088 0.001 0.008 0.004 0.014 0.099 0.777 
 267 L _   0.010 0.083 0.000 0.007 0.004 0.015 0.102 0.779 
 268 D _   0.010 0.081 0.000 0.007 0.004 0.016 0.104 0.777 
 269 F _   0.011 0.082 0.001 0.008 0.005 0.017 0.107 0.771 
 270 H _   0.012 0.085 0.001 0.009 0.006 0.019 0.109 0.760 
 271 V _   0.014 0.092 0.001 0.011 0.007 0.021 0.111 0.744 
 272 K _   0.016 0.101 0.001 0.014 0.009 0.023 0.112 0.724 
 273 D _   0.018 0.112 0.001 0.018 0.011 0.025 0.114 0.700 
 274 L _   0.019 0.124 0.001 0.022 0.014 0.027 0.117 0.676 
 275 I _   0.021 0.135 0.001 0.026 0.016 0.028 0.120 0.653 
 276 K _   0.022 0.144 0.001 0.030 0.017 0.029 0.123 0.633 
 277 K _   0.023 0.151 0.001 0.033 0.018 0.029 0.127 0.618 
 278 L _   0.023 0.155 0.001 0.035 0.018 0.028 0.132 0.606 
 279 L _   0.023 0.156 0.001 0.036 0.018 0.027 0.138 0.600 
 280 V _   0.022 0.155 0.001 0.036 0.016 0.026 0.145 0.599 
 281 V _   0.021 0.150 0.001 0.035 0.015 0.024 0.153 0.601 
 282 D _   0.020 0.143 0.001 0.033 0.013 0.022 0.161 0.606 
 283 R _   0.018 0.133 0.001 0.030 0.012 0.019 0.171 0.616 
 284 T _   0.016 0.119 0.001 0.027 0.010 0.017 0.181 0.629 
 285 R _   0.014 0.103 0.001 0.023 0.008 0.015 0.192 0.644 
 286 R _   0.012 0.086 0.001 0.019 0.006 0.013 0.203 0.659 
 287 L _   0.010 0.070 0.001 0.015 0.005 0.011 0.214 0.674 
 288 G _   0.009 0.057 0.001 0.012 0.004 0.009 0.223 0.685 
 289 N _   0.008 0.047 0.000 0.009 0.003 0.008 0.232 0.694 
 290 M _   0.007 0.039 0.000 0.007 0.002 0.007 0.238 0.699 
 291 K _   0.006 0.035 0.000 0.006 0.002 0.006 0.244 0.701 
 292 N _   0.005 0.032 0.000 0.005 0.002 0.006 0.249 0.701 
 293 G _   0.005 0.031 0.000 0.005 0.002 0.006 0.253 0.699 
 294 A _   0.004 0.032 0.000 0.005 0.002 0.006 0.256 0.694 
 295 N _   0.005 0.034 0.000 0.006 0.002 0.007 0.259 0.688 
 296 D _   0.005 0.037 0.000 0.008 0.003 0.008 0.261 0.679 
 297 V _   0.005 0.044 0.000 0.010 0.003 0.009 0.263 0.665 
 298 K _   0.006 0.052 0.001 0.014 0.004 0.010 0.264 0.649 
 299 H _   0.006 0.061 0.001 0.018 0.005 0.012 0.266 0.631 
 300 H _   0.006 0.071 0.001 0.022 0.006 0.012 0.268 0.613 
 301 R _   0.006 0.079 0.001 0.026 0.007 0.013 0.271 0.597 
 302 W _   0.006 0.085 0.001 0.030 0.008 0.013 0.274 0.583 
 303 F _   0.006 0.089 0.001 0.031 0.008 0.013 0.278 0.573 
 304 R _   0.006 0.090 0.001 0.032 0.008 0.013 0.284 0.566 
 305 S _   0.006 0.090 0.001 0.031 0.008 0.013 0.290 0.561 
 306 V _   0.006 0.087 0.001 0.029 0.007 0.012 0.298 0.558 
 307 D _   0.006 0.083 0.001 0.027 0.007 0.012 0.308 0.557 
 308 W _   0.006 0.078 0.001 0.024 0.006 0.011 0.318 0.557 
 309 E _   0.006 0.071 0.001 0.021 0.006 0.010 0.329 0.557 
 310 A _   0.006 0.063 0.001 0.018 0.005 0.009 0.341 0.557 
 311 V _   0.006 0.055 0.001 0.015 0.004 0.009 0.352 0.558 
 312 P _   0.006 0.048 0.001 0.012 0.004 0.008 0.364 0.558 
 313 Q _   0.006 0.041 0.000 0.010 0.003 0.007 0.375 0.557 
 314 R _   0.005 0.036 0.000 0.009 0.003 0.007 0.385 0.554 
 315 K _   0.005 0.033 0.000 0.008 0.003 0.007 0.395 0.550 
 316 L _   0.005 0.030 0.000 0.008 0.002 0.007 0.403 0.545 
 317 K _   0.004 0.029 0.000 0.008 0.003 0.007 0.411 0.538 
 318 P _   0.004 0.028 0.000 0.009 0.003 0.007 0.419 0.530 
 319 P _   0.004 0.028 0.000 0.010 0.003 0.007 0.426 0.521 
 320 I _   0.004 0.028 0.000 0.011 0.003 0.007 0.434 0.511 
 321 V _   0.004 0.029 0.000 0.013 0.003 0.007 0.442 0.501 
 322 P _   0.004 0.029 0.000 0.014 0.004 0.007 0.451 0.491 
 323 K _   0.004 0.028 0.000 0.015 0.004 0.007 0.460 0.482 
 324 I _   0.004 0.027 0.000 0.014 0.003 0.007 0.469 0.474 
 325 A X   0.004 0.026 0.000 0.014 0.003 0.007 0.478 0.467 
 326 G X   0.004 0.025 0.000 0.012 0.003 0.006 0.488 0.461 
 327 D X   0.004 0.023 0.000 0.011 0.003 0.006 0.498 0.456 
 328 G X   0.004 0.022 0.000 0.010 0.002 0.006 0.507 0.449 
 329 D X   0.003 0.020 0.000 0.009 0.002 0.006 0.516 0.443 
 330 T X   0.003 0.019 0.000 0.009 0.002 0.005 0.525 0.436 
 331 S X   0.003 0.019 0.000 0.008 0.002 0.005 0.534 0.428 
 332 N X   0.003 0.018 0.000 0.008 0.002 0.005 0.542 0.421 
 333 F X   0.003 0.018 0.000 0.008 0.002 0.005 0.550 0.414 
 334 E X   0.003 0.017 0.000 0.008 0.002 0.005 0.557 0.408 
 335 T X   0.003 0.017 0.000 0.007 0.002 0.004 0.564 0.403 
 336 Y X   0.003 0.017 0.000 0.006 0.001 0.004 0.569 0.399 
 337 P X   0.002 0.017 0.000 0.005 0.001 0.004 0.574 0.396 
 338 E X   0.002 0.017 0.000 0.005 0.001 0.004 0.578 0.392 
 339 N X   0.002 0.018 0.000 0.004 0.001 0.004 0.582 0.389 
 340 D X   0.002 0.020 0.000 0.004 0.001 0.004 0.584 0.385 
 341 W X   0.002 0.022 0.000 0.004 0.001 0.004 0.586 0.380 
 342 D X   0.002 0.026 0.000 0.005 0.001 0.005 0.587 0.373 
 343 T X   0.002 0.033 0.000 0.007 0.002 0.005 0.587 0.363 
 344 A X   0.003 0.044 0.000 0.009 0.002 0.006 0.586 0.349 
 345 A X   0.003 0.060 0.000 0.012 0.003 0.007 0.585 0.330 
 346 P X   0.003 0.080 0.000 0.015 0.004 0.008 0.582 0.307 
 347 V X   0.003 0.103 0.001 0.019 0.004 0.009 0.580 0.281 
 348 P X   0.003 0.125 0.001 0.022 0.005 0.009 0.578 0.257 
 349 Q X   0.003 0.143 0.001 0.025 0.005 0.009 0.577 0.237 
 350 K X   0.003 0.156 0.001 0.028 0.005 0.009 0.577 0.222 
 351 D X   0.003 0.165 0.001 0.029 0.005 0.008 0.578 0.212 
 352 L X   0.002 0.170 0.000 0.029 0.005 0.007 0.581 0.206 
 353 E X   0.002 0.172 0.000 0.027 0.004 0.005 0.585 0.204 
 354 I X   0.001 0.170 0.000 0.024 0.002 0.003 0.591 0.207 
 355 F X   0.001 0.164 0.000 0.018 0.001 0.002 0.598 0.217 
 356 K X   0.000 0.154 0.000 0.013 0.000 0.001 0.600 0.231 
 357 N X   0.000 0.143 0.000 0.013 0.000 0.001 0.597 0.245 
 358 F X   0.003 0.135 0.001 0.020 0.004 0.003 0.584 0.250 
