#TopoPred_TM8: 8-state transmembrane topology prediction results by no_profile mode 
#probabilities are in the order of H E C I L F X _, the 8 transmembrane topology types used in PDBTM 
   1 M X   0.014 0.001 0.003 0.070 0.011 0.012 0.726 0.163 
   2 A X   0.007 0.001 0.000 0.049 0.003 0.008 0.749 0.184 
   3 H X   0.003 0.000 0.000 0.033 0.001 0.006 0.756 0.200 
   4 L X   0.003 0.000 0.000 0.024 0.001 0.006 0.755 0.211 
   5 R X   0.003 0.000 0.000 0.018 0.001 0.006 0.749 0.222 
   6 G X   0.003 0.000 0.000 0.013 0.002 0.006 0.741 0.234 
   7 F X   0.004 0.000 0.000 0.010 0.001 0.006 0.731 0.247 
   8 A X   0.004 0.001 0.000 0.007 0.001 0.006 0.720 0.261 
   9 N X   0.004 0.001 0.000 0.006 0.001 0.005 0.708 0.275 
  10 Q X   0.003 0.001 0.000 0.005 0.001 0.005 0.694 0.290 
  11 H X   0.003 0.001 0.000 0.005 0.002 0.005 0.679 0.305 
  12 S X   0.003 0.002 0.000 0.005 0.002 0.005 0.663 0.320 
  13 R X   0.003 0.003 0.000 0.007 0.002 0.006 0.645 0.334 
  14 V X   0.003 0.005 0.000 0.009 0.003 0.007 0.626 0.347 
  15 D X   0.004 0.007 0.001 0.011 0.004 0.009 0.605 0.360 
  16 P X   0.004 0.011 0.001 0.015 0.005 0.010 0.584 0.371 
  17 E X   0.005 0.014 0.001 0.019 0.006 0.011 0.562 0.382 
  18 E X   0.005 0.018 0.001 0.022 0.007 0.012 0.542 0.393 
  19 L X   0.005 0.021 0.001 0.024 0.007 0.012 0.523 0.406 
  20 F X   0.005 0.023 0.001 0.024 0.007 0.012 0.506 0.421 
  21 T X   0.006 0.024 0.001 0.023 0.007 0.012 0.490 0.438 
  22 K X   0.006 0.024 0.001 0.020 0.006 0.012 0.476 0.455 
  23 L _   0.006 0.024 0.001 0.018 0.006 0.012 0.463 0.472 
  24 D _   0.006 0.024 0.001 0.015 0.005 0.011 0.451 0.488 
  25 R _   0.006 0.023 0.001 0.014 0.005 0.011 0.439 0.501 
  26 I _   0.006 0.023 0.001 0.013 0.005 0.011 0.428 0.513 
  27 G _   0.006 0.024 0.001 0.014 0.005 0.012 0.416 0.522 
  28 K _   0.007 0.025 0.001 0.015 0.006 0.012 0.405 0.530 
  29 G _   0.007 0.025 0.001 0.018 0.006 0.013 0.394 0.536 
  30 S _   0.007 0.026 0.001 0.020 0.007 0.013 0.384 0.542 
  31 F _   0.008 0.026 0.001 0.022 0.007 0.013 0.374 0.549 
  32 G _   0.008 0.026 0.001 0.022 0.007 0.012 0.366 0.558 
  33 E _   0.007 0.024 0.001 0.021 0.007 0.012 0.359 0.570 
  34 V _   0.007 0.022 0.001 0.018 0.006 0.011 0.352 0.584 
  35 Y _   0.007 0.018 0.001 0.014 0.005 0.010 0.345 0.600 
  36 K _   0.006 0.015 0.000 0.010 0.004 0.009 0.339 0.617 
  37 G _   0.006 0.012 0.000 0.007 0.003 0.008 0.333 0.631 
  38 I _   0.006 0.009 0.000 0.005 0.002 0.008 0.326 0.643 
  39 D _   0.006 0.009 0.000 0.004 0.002 0.008 0.319 0.652 
  40 N _   0.006 0.009 0.000 0.004 0.003 0.009 0.311 0.657 
  41 H _   0.007 0.010 0.000 0.005 0.003 0.011 0.303 0.659 
  42 T _   0.009 0.013 0.001 0.008 0.005 0.014 0.294 0.656 
  43 K _   0.011 0.020 0.001 0.013 0.007 0.017 0.283 0.648 
  44 E _   0.012 0.030 0.001 0.021 0.010 0.019 0.272 0.634 
  45 V _   0.014 0.042 0.001 0.030 0.013 0.022 0.260 0.619 
  46 V _   0.014 0.053 0.001 0.038 0.015 0.023 0.249 0.607 
  47 A _   0.015 0.060 0.001 0.044 0.016 0.023 0.239 0.601 
  48 I _   0.015 0.065 0.001 0.048 0.016 0.023 0.232 0.601 
  49 K _   0.014 0.066 0.001 0.047 0.015 0.022 0.226 0.608 
  50 I _   0.014 0.063 0.001 0.044 0.014 0.020 0.221 0.623 
  51 I _   0.013 0.058 0.001 0.038 0.012 0.018 0.218 0.643 
  52 D _   0.012 0.050 0.001 0.030 0.009 0.016 0.215 0.667 
  53 L _   0.011 0.040 0.001 0.022 0.007 0.014 0.212 0.694 
  54 E _   0.010 0.029 0.001 0.015 0.005 0.012 0.210 0.719 
  55 E _   0.008 0.021 0.000 0.009 0.004 0.010 0.207 0.740 
  56 A _   0.007 0.015 0.000 0.006 0.003 0.009 0.204 0.755 
  57 E _   0.007 0.012 0.000 0.004 0.002 0.009 0.200 0.765 
  58 D _   0.007 0.011 0.000 0.004 0.002 0.009 0.196 0.771 
  59 E _   0.007 0.012 0.000 0.004 0.002 0.010 0.191 0.773 
  60 I _   0.009 0.014 0.000 0.006 0.003 0.013 0.185 0.771 
  61 E _   0.010 0.018 0.001 0.009 0.005 0.016 0.177 0.763 
  62 D _   0.012 0.027 0.001 0.015 0.008 0.019 0.169 0.749 
  63 I _   0.014 0.039 0.001 0.024 0.011 0.023 0.160 0.729 
  64 Q _   0.015 0.052 0.001 0.033 0.014 0.025 0.152 0.708 
  65 Q _   0.016 0.062 0.001 0.042 0.017 0.027 0.144 0.692 
  66 E _   0.016 0.068 0.001 0.048 0.018 0.027 0.138 0.683 
  67 I _   0.016 0.071 0.001 0.050 0.018 0.027 0.132 0.684 
  68 T _   0.016 0.070 0.001 0.048 0.017 0.026 0.128 0.693 
  69 V _   0.016 0.065 0.001 0.042 0.016 0.024 0.125 0.711 
  70 L _   0.015 0.057 0.001 0.034 0.013 0.022 0.122 0.735 
  71 S _   0.015 0.046 0.001 0.025 0.011 0.021 0.120 0.762 
  72 Q _   0.014 0.033 0.001 0.017 0.008 0.019 0.118 0.789 
  73 C _   0.013 0.023 0.001 0.012 0.007 0.018 0.116 0.811 
  74 D _   0.013 0.016 0.001 0.009 0.005 0.017 0.114 0.825 
  75 S _   0.013 0.012 0.001 0.007 0.005 0.018 0.111 0.833 
  76 P _   0.015 0.010 0.001 0.008 0.005 0.018 0.109 0.834 
  77 Y _   0.017 0.009 0.001 0.009 0.006 0.020 0.107 0.832 
  78 I _   0.019 0.009 0.001 0.012 0.008 0.021 0.104 0.827 
  79 T _   0.022 0.009 0.001 0.015 0.009 0.022 0.101 0.822 
  80 R _   0.025 0.008 0.001 0.017 0.010 0.023 0.099 0.818 
  81 Y _   0.029 0.007 0.001 0.017 0.010 0.024 0.096 0.816 
  82 F _   0.034 0.006 0.001 0.015 0.010 0.024 0.093 0.817 
  83 G _   0.042 0.004 0.001 0.012 0.009 0.024 0.090 0.817 
  84 S _   0.053 0.002 0.001 0.008 0.008 0.025 0.088 0.815 
  85 Y _   0.070 0.001 0.001 0.005 0.007 0.025 0.085 0.806 
  86 L _   0.093 0.000 0.001 0.003 0.008 0.027 0.081 0.787 
  87 K _   0.125 0.000 0.001 0.002 0.009 0.030 0.078 0.755 
  88 S _   0.170 0.000 0.001 0.002 0.012 0.034 0.075 0.706 
  89 T _   0.225 0.000 0.001 0.002 0.018 0.038 0.072 0.644 
  90 K _   0.284 0.000 0.002 0.003 0.026 0.044 0.069 0.573 
  91 L _   0.339 0.001 0.002 0.005 0.036 0.048 0.067 0.503 
  92 W _   0.383 0.003 0.002 0.007 0.045 0.051 0.066 0.442 
  93 I H   0.412 0.006 0.002 0.011 0.051 0.051 0.066 0.399 
  94 I H   0.427 0.010 0.003 0.015 0.054 0.050 0.067 0.374 
  95 M H   0.425 0.012 0.003 0.019 0.055 0.048 0.069 0.369 
  96 E H   0.408 0.013 0.003 0.021 0.052 0.045 0.072 0.386 
  97 Y _   0.377 0.012 0.003 0.021 0.046 0.041 0.075 0.424 
  98 L _   0.331 0.011 0.003 0.019 0.038 0.036 0.080 0.482 
  99 G _   0.274 0.008 0.002 0.016 0.028 0.031 0.085 0.556 
 100 G _   0.213 0.005 0.002 0.012 0.019 0.025 0.090 0.634 
 101 G _   0.155 0.003 0.001 0.009 0.012 0.020 0.095 0.706 
 102 S _   0.107 0.001 0.001 0.006 0.007 0.015 0.099 0.763 
 103 A _   0.071 0.001 0.001 0.005 0.004 0.012 0.102 0.806 
 104 L _   0.045 0.000 0.000 0.003 0.003 0.010 0.104 0.834 
 105 D _   0.029 0.000 0.000 0.003 0.002 0.008 0.105 0.853 
 106 L _   0.019 0.000 0.000 0.002 0.002 0.007 0.105 0.864 
 107 L _   0.014 0.000 0.000 0.002 0.001 0.008 0.105 0.869 
 108 K _   0.012 0.000 0.000 0.002 0.002 0.009 0.105 0.871 
 109 P _   0.013 0.000 0.000 0.002 0.002 0.011 0.104 0.868 
 110 G _   0.016 0.000 0.000 0.003 0.003 0.014 0.102 0.861 
 111 P _   0.023 0.001 0.000 0.004 0.004 0.020 0.100 0.848 
 112 L _   0.032 0.003 0.001 0.005 0.007 0.027 0.097 0.828 
 113 E _   0.045 0.006 0.001 0.008 0.011 0.036 0.094 0.799 
 114 E _   0.060 0.013 0.001 0.011 0.018 0.046 0.091 0.759 
 115 T _   0.074 0.024 0.002 0.015 0.028 0.056 0.087 0.713 
 116 Y _   0.089 0.040 0.002 0.021 0.038 0.064 0.083 0.663 
 117 I _   0.101 0.059 0.003 0.027 0.047 0.070 0.080 0.614 
 118 A _   0.110 0.078 0.003 0.034 0.054 0.073 0.077 0.572 
 119 T _   0.116 0.093 0.003 0.040 0.057 0.073 0.075 0.542 
 120 I _   0.118 0.104 0.003 0.045 0.058 0.071 0.074 0.527 
 121 L _   0.116 0.110 0.003 0.048 0.056 0.068 0.074 0.526 
 122 R _   0.111 0.111 0.003 0.049 0.051 0.062 0.075 0.539 
 123 E _   0.102 0.108 0.002 0.046 0.045 0.056 0.076 0.565 
 124 I _   0.091 0.100 0.002 0.042 0.037 0.050 0.078 0.600 
 125 L _   0.078 0.088 0.002 0.036 0.029 0.043 0.080 0.646 
 126 K _   0.065 0.071 0.002 0.028 0.021 0.036 0.082 0.695 
 127 G _   0.053 0.053 0.001 0.021 0.015 0.029 0.084 0.743 
 128 L _   0.042 0.037 0.001 0.015 0.010 0.024 0.086 0.785 
 129 D _   0.032 0.025 0.001 0.011 0.007 0.019 0.087 0.818 
 130 Y _   0.024 0.016 0.001 0.008 0.005 0.016 0.088 0.842 
 131 L _   0.018 0.011 0.000 0.006 0.004 0.013 0.089 0.859 
 132 H _   0.014 0.008 0.000 0.005 0.003 0.011 0.089 0.870 
 133 S _   0.011 0.007 0.000 0.004 0.002 0.010 0.088 0.877 
 134 E _   0.009 0.006 0.000 0.004 0.002 0.009 0.088 0.881 
 135 R _   0.009 0.006 0.000 0.005 0.002 0.009 0.087 0.882 
 136 K _   0.008 0.007 0.000 0.005 0.003 0.010 0.085 0.882 
 137 I _   0.009 0.009 0.000 0.006 0.003 0.011 0.083 0.878 
 138 H _   0.009 0.012 0.000 0.008 0.004 0.012 0.081 0.872 
 139 R _   0.010 0.017 0.001 0.011 0.005 0.014 0.079 0.863 
 140 D _   0.011 0.023 0.001 0.015 0.007 0.016 0.077 0.851 
 141 I _   0.012 0.030 0.001 0.020 0.009 0.017 0.074 0.837 
 142 K _   0.013 0.038 0.001 0.025 0.010 0.018 0.072 0.824 
 143 A _   0.013 0.044 0.001 0.029 0.011 0.019 0.070 0.813 
 144 A _   0.014 0.048 0.001 0.032 0.012 0.020 0.068 0.805 
 145 N _   0.014 0.050 0.001 0.033 0.012 0.019 0.067 0.803 
 146 V _   0.014 0.051 0.001 0.032 0.012 0.019 0.066 0.805 
 147 L _   0.014 0.049 0.001 0.030 0.010 0.018 0.066 0.811 
 148 L _   0.014 0.046 0.001 0.025 0.009 0.016 0.066 0.822 
 149 S _   0.013 0.041 0.001 0.020 0.007 0.015 0.066 0.837 
 150 E _   0.012 0.035 0.001 0.015 0.006 0.013 0.066 0.852 
 151 Q _   0.011 0.029 0.001 0.011 0.005 0.012 0.066 0.866 
 152 G _   0.010 0.024 0.000 0.008 0.004 0.011 0.066 0.876 
 153 D _   0.010 0.022 0.000 0.006 0.003 0.011 0.065 0.882 
 154 V _   0.010 0.020 0.000 0.006 0.003 0.012 0.064 0.884 
 155 K _   0.010 0.021 0.000 0.006 0.004 0.012 0.064 0.882 
 156 L _   0.011 0.023 0.000 0.008 0.005 0.014 0.062 0.876 
 157 A _   0.012 0.027 0.001 0.012 0.006 0.016 0.061 0.865 
 158 D _   0.013 0.032 0.001 0.017 0.008 0.018 0.060 0.852 
 159 F _   0.014 0.038 0.001 0.023 0.010 0.019 0.059 0.838 
 160 G _   0.014 0.042 0.001 0.028 0.011 0.020 0.058 0.826 
 161 V _   0.015 0.045 0.001 0.032 0.012 0.020 0.057 0.818 
 162 A _   0.014 0.046 0.001 0.033 0.012 0.020 0.056 0.816 
 163 G _   0.014 0.045 0.001 0.032 0.011 0.019 0.056 0.821 
 164 Q _   0.014 0.042 0.001 0.028 0.010 0.018 0.056 0.830 
 165 L _   0.013 0.036 0.001 0.023 0.009 0.017 0.056 0.845 
 166 T _   0.012 0.029 0.001 0.018 0.007 0.016 0.057 0.861 
 167 D _   0.012 0.021 0.001 0.013 0.006 0.015 0.057 0.876 
 168 T _   0.012 0.015 0.001 0.009 0.005 0.014 0.057 0.887 
 169 Q _   0.012 0.011 0.000 0.006 0.004 0.014 0.058 0.895 
 170 I _   0.012 0.009 0.000 0.005 0.004 0.015 0.058 0.897 
 171 K _   0.013 0.008 0.000 0.005 0.004 0.016 0.057 0.896 
 172 R _   0.015 0.008 0.001 0.006 0.005 0.018 0.057 0.890 
 173 N _   0.018 0.010 0.001 0.007 0.007 0.021 0.057 0.880 
 174 T _   0.021 0.013 0.001 0.010 0.009 0.024 0.056 0.866 
 175 F _   0.024 0.017 0.001 0.015 0.012 0.027 0.055 0.849 
 176 V _   0.027 0.022 0.001 0.020 0.015 0.030 0.055 0.830 
 177 G _   0.030 0.027 0.001 0.025 0.018 0.032 0.054 0.813 
 178 T _   0.032 0.031 0.001 0.029 0.020 0.033 0.054 0.799 
 179 P _   0.033 0.034 0.002 0.032 0.022 0.034 0.053 0.791 
 180 F _   0.032 0.035 0.002 0.033 0.022 0.033 0.054 0.789 
 181 W _   0.032 0.034 0.001 0.032 0.021 0.032 0.054 0.794 
 182 M _   0.030 0.032 0.001 0.030 0.019 0.030 0.055 0.802 
 183 A _   0.028 0.028 0.001 0.027 0.016 0.028 0.056 0.815 
 184 P _   0.027 0.024 0.001 0.023 0.013 0.025 0.057 0.830 
 185 E _   0.025 0.018 0.001 0.018 0.011 0.023 0.058 0.846 
 186 V _   0.024 0.013 0.001 0.014 0.008 0.020 0.059 0.860 
 187 I _   0.025 0.009 0.001 0.010 0.006 0.018 0.060 0.872 
 188 K _   0.026 0.005 0.001 0.007 0.005 0.017 0.060 0.879 
 189 Q _   0.029 0.003 0.001 0.005 0.004 0.016 0.060 0.883 
 190 S _   0.035 0.001 0.000 0.004 0.004 0.015 0.060 0.881 
 191 A _   0.045 0.000 0.000 0.003 0.004 0.016 0.060 0.872 
 192 Y _   0.061 0.000 0.001 0.002 0.004 0.017 0.059 0.855 
 193 D _   0.088 0.000 0.001 0.002 0.005 0.019 0.058 0.827 
 194 F _   0.125 0.000 0.001 0.002 0.007 0.023 0.057 0.785 
 195 K _   0.177 0.000 0.001 0.002 0.010 0.027 0.056 0.727 
 196 A _   0.240 0.000 0.001 0.002 0.014 0.032 0.055 0.655 
 197 D _   0.307 0.000 0.001 0.003 0.021 0.038 0.054 0.575 
 198 I _   0.374 0.000 0.002 0.003 0.029 0.043 0.054 0.494 
 199 W H   0.429 0.001 0.002 0.004 0.039 0.047 0.055 0.423 
 200 S H   0.470 0.003 0.002 0.006 0.047 0.050 0.056 0.365 
 201 L H   0.496 0.005 0.002 0.009 0.054 0.051 0.059 0.323 
 202 G H   0.505 0.009 0.003 0.013 0.058 0.050 0.063 0.298 
 203 I H   0.499 0.012 0.003 0.018 0.059 0.049 0.069 0.291 
 204 T H   0.477 0.015 0.003 0.023 0.057 0.046 0.076 0.303 
 205 A H   0.439 0.016 0.003 0.026 0.052 0.043 0.086 0.335 
 206 I H   0.387 0.015 0.003 0.027 0.045 0.038 0.098 0.387 
 207 E _   0.322 0.013 0.003 0.025 0.034 0.033 0.112 0.458 
 208 L _   0.250 0.010 0.002 0.021 0.023 0.027 0.127 0.540 
 209 A _   0.180 0.006 0.001 0.015 0.014 0.020 0.141 0.622 
 210 K _   0.120 0.003 0.001 0.009 0.008 0.015 0.153 0.691 
 211 G _   0.074 0.001 0.001 0.005 0.004 0.010 0.162 0.742 
 212 E _   0.043 0.001 0.000 0.003 0.002 0.007 0.169 0.775 
 213 P _   0.024 0.000 0.000 0.002 0.001 0.006 0.173 0.794 
 214 P _   0.014 0.000 0.000 0.001 0.001 0.005 0.175 0.802 
 215 N _   0.010 0.001 0.000 0.002 0.001 0.006 0.177 0.804 
 216 S _   0.009 0.002 0.000 0.003 0.002 0.008 0.178 0.799 
 217 D _   0.010 0.008 0.000 0.006 0.003 0.012 0.178 0.783 
 218 L _   0.012 0.026 0.001 0.013 0.007 0.017 0.177 0.748 
 219 H _   0.014 0.069 0.001 0.027 0.012 0.022 0.174 0.682 
 220 P _   0.014 0.135 0.002 0.047 0.016 0.025 0.170 0.590 
 221 M _   0.013 0.195 0.002 0.067 0.019 0.026 0.167 0.510 
 222 R _   0.013 0.232 0.002 0.082 0.019 0.026 0.166 0.461 
 223 V _   0.012 0.250 0.001 0.090 0.019 0.025 0.166 0.436 
 224 L _   0.011 0.256 0.001 0.091 0.018 0.023 0.169 0.431 
 225 F _   0.010 0.253 0.001 0.085 0.016 0.021 0.173 0.440 
 226 L _   0.009 0.241 0.001 0.073 0.014 0.018 0.179 0.464 
 227 I _   0.009 0.215 0.001 0.058 0.012 0.016 0.187 0.501 
 228 P _   0.009 0.177 0.001 0.042 0.010 0.014 0.197 0.550 
 229 K _   0.009 0.133 0.001 0.028 0.007 0.012 0.209 0.601 
 230 N _   0.008 0.093 0.001 0.018 0.005 0.010 0.220 0.645 
 231 S _   0.007 0.066 0.000 0.011 0.003 0.008 0.229 0.675 
 232 P _   0.006 0.051 0.000 0.007 0.002 0.007 0.235 0.691 
 233 P _   0.005 0.043 0.000 0.005 0.002 0.006 0.239 0.699 
 234 T _   0.005 0.039 0.000 0.005 0.001 0.006 0.241 0.703 
 235 L _   0.004 0.038 0.000 0.004 0.001 0.006 0.243 0.703 
 236 E _   0.004 0.038 0.000 0.005 0.001 0.006 0.243 0.702 
 237 G _   0.004 0.040 0.000 0.006 0.002 0.007 0.242 0.699 
 238 Q _   0.004 0.045 0.000 0.007 0.002 0.008 0.240 0.694 
 239 H _   0.004 0.052 0.000 0.010 0.003 0.009 0.238 0.683 
 240 S _   0.005 0.065 0.001 0.014 0.004 0.010 0.235 0.667 
 241 K _   0.005 0.082 0.001 0.020 0.005 0.012 0.231 0.645 
 242 P _   0.006 0.103 0.001 0.027 0.007 0.013 0.227 0.617 
 243 F _   0.006 0.124 0.001 0.035 0.008 0.014 0.223 0.588 
 244 K _   0.006 0.140 0.001 0.042 0.009 0.015 0.221 0.565 
 245 E _   0.007 0.151 0.001 0.047 0.010 0.015 0.220 0.550 
 246 F _   0.007 0.156 0.001 0.049 0.010 0.015 0.220 0.543 
 247 V _   0.007 0.156 0.001 0.048 0.009 0.014 0.221 0.544 
 248 E _   0.007 0.152 0.001 0.043 0.008 0.013 0.224 0.553 
 249 A _   0.007 0.142 0.001 0.035 0.007 0.012 0.227 0.569 
 250 C _   0.007 0.127 0.001 0.027 0.006 0.010 0.231 0.591 
 251 L _   0.006 0.109 0.001 0.019 0.005 0.009 0.236 0.616 
 252 N _   0.006 0.091 0.000 0.012 0.003 0.008 0.241 0.638 
 253 K _   0.006 0.078 0.000 0.008 0.002 0.007 0.244 0.655 
 254 D _   0.005 0.070 0.000 0.005 0.002 0.007 0.247 0.664 
 255 P _   0.005 0.066 0.000 0.004 0.002 0.007 0.248 0.668 
 256 R _   0.005 0.066 0.000 0.004 0.002 0.007 0.249 0.667 
 257 F _   0.005 0.068 0.000 0.005 0.002 0.008 0.249 0.662 
 258 R _   0.006 0.075 0.000 0.007 0.003 0.010 0.248 0.651 
 259 P _   0.006 0.088 0.001 0.010 0.004 0.012 0.246 0.633 
 260 T _   0.007 0.108 0.001 0.014 0.005 0.013 0.244 0.608 
 261 A _   0.007 0.134 0.001 0.018 0.007 0.015 0.241 0.578 
 262 K _   0.007 0.162 0.001 0.022 0.008 0.016 0.238 0.547 
 263 E _   0.007 0.187 0.001 0.025 0.009 0.016 0.236 0.519 
 264 L _   0.007 0.207 0.001 0.027 0.010 0.017 0.234 0.497 
 265 L _   0.007 0.221 0.001 0.028 0.010 0.017 0.234 0.482 
 266 K _   0.008 0.231 0.001 0.028 0.010 0.017 0.234 0.471 
 267 H _   0.008 0.236 0.001 0.027 0.010 0.017 0.236 0.465 
 268 K _   0.008 0.239 0.001 0.025 0.009 0.017 0.238 0.463 
 269 F _   0.009 0.238 0.001 0.022 0.009 0.017 0.240 0.464 
 270 I _   0.009 0.236 0.001 0.019 0.008 0.017 0.244 0.467 
 271 T _   0.009 0.232 0.001 0.016 0.007 0.017 0.247 0.470 
 272 R _   0.010 0.228 0.001 0.014 0.007 0.017 0.251 0.473 
 273 Y _   0.010 0.224 0.001 0.012 0.006 0.017 0.255 0.475 
 274 T _   0.010 0.223 0.001 0.011 0.006 0.017 0.258 0.474 
 275 K _   0.011 0.223 0.001 0.011 0.007 0.018 0.262 0.468 
 276 K _   0.011 0.226 0.001 0.013 0.008 0.018 0.265 0.457 
 277 T _   0.012 0.231 0.001 0.016 0.009 0.019 0.269 0.443 
 278 S _   0.012 0.238 0.001 0.021 0.010 0.019 0.273 0.426 
 279 F _   0.012 0.244 0.001 0.027 0.011 0.019 0.277 0.408 
 280 L _   0.012 0.247 0.001 0.032 0.012 0.019 0.283 0.394 
 281 T _   0.012 0.247 0.001 0.036 0.012 0.018 0.291 0.384 
 282 E _   0.011 0.243 0.001 0.037 0.012 0.017 0.300 0.380 
 283 L _   0.010 0.233 0.001 0.037 0.011 0.016 0.311 0.381 
 284 I _   0.010 0.216 0.001 0.034 0.010 0.014 0.324 0.390 
 285 D _   0.009 0.192 0.001 0.030 0.009 0.013 0.341 0.404 
 286 R _   0.009 0.160 0.001 0.026 0.008 0.012 0.360 0.423 
 287 Y _   0.009 0.125 0.001 0.021 0.007 0.011 0.382 0.445 
 288 K _   0.008 0.093 0.001 0.017 0.005 0.010 0.403 0.463 
 289 R _   0.007 0.068 0.001 0.013 0.004 0.009 0.422 0.476 
 290 W _   0.006 0.051 0.000 0.010 0.003 0.008 0.439 0.483 
 291 K _   0.005 0.040 0.000 0.009 0.002 0.007 0.452 0.485 
 292 S _   0.005 0.032 0.000 0.008 0.002 0.006 0.462 0.485 
 293 E _   0.004 0.028 0.000 0.007 0.002 0.005 0.471 0.483 
 294 G _   0.004 0.024 0.000 0.007 0.002 0.005 0.478 0.481 
 295 H X   0.003 0.022 0.000 0.007 0.001 0.005 0.483 0.479 
 296 G X   0.003 0.020 0.000 0.007 0.001 0.005 0.487 0.476 
 297 E X   0.003 0.019 0.000 0.007 0.001 0.004 0.491 0.474 
 298 E X   0.003 0.018 0.000 0.007 0.001 0.004 0.494 0.473 
 299 S X   0.003 0.017 0.000 0.007 0.001 0.004 0.496 0.471 
 300 S X   0.002 0.017 0.000 0.007 0.001 0.004 0.498 0.470 
 301 S X   0.002 0.017 0.000 0.007 0.001 0.004 0.499 0.470 
 302 E X   0.002 0.017 0.000 0.007 0.001 0.004 0.500 0.469 
 303 D X   0.002 0.017 0.000 0.007 0.001 0.004 0.500 0.469 
 304 S X   0.002 0.018 0.000 0.007 0.001 0.004 0.499 0.470 
 305 D X   0.002 0.018 0.000 0.006 0.001 0.004 0.497 0.471 
 306 I X   0.002 0.019 0.000 0.006 0.001 0.004 0.495 0.472 
 307 D X   0.002 0.021 0.000 0.006 0.001 0.004 0.492 0.474 
 308 G X   0.002 0.023 0.000 0.006 0.001 0.004 0.488 0.475 
 309 E X   0.002 0.026 0.000 0.007 0.001 0.005 0.484 0.475 
 310 A X   0.002 0.030 0.000 0.007 0.002 0.006 0.478 0.474 
 311 E X   0.002 0.037 0.000 0.009 0.002 0.007 0.471 0.471 
 312 D X   0.003 0.048 0.000 0.012 0.003 0.008 0.463 0.463 
 313 G X   0.003 0.063 0.001 0.016 0.004 0.010 0.454 0.449 
 314 E X   0.004 0.085 0.001 0.021 0.005 0.012 0.443 0.428 
 315 Q X   0.004 0.112 0.001 0.028 0.007 0.013 0.432 0.402 
 316 G X   0.005 0.138 0.001 0.036 0.009 0.015 0.422 0.374 
 317 P X   0.005 0.159 0.001 0.043 0.010 0.015 0.415 0.351 
 318 I X   0.005 0.173 0.001 0.049 0.011 0.016 0.410 0.336 
 319 W X   0.005 0.181 0.001 0.053 0.011 0.015 0.407 0.327 
 320 T X   0.005 0.183 0.001 0.053 0.011 0.015 0.406 0.326 
 321 F X   0.005 0.181 0.001 0.051 0.010 0.014 0.407 0.331 
 322 P X   0.005 0.174 0.001 0.046 0.010 0.013 0.410 0.342 
 323 P X   0.005 0.161 0.001 0.039 0.009 0.012 0.414 0.359 
 324 T X   0.005 0.141 0.001 0.031 0.007 0.011 0.420 0.384 
 325 I X   0.005 0.116 0.001 0.023 0.006 0.010 0.427 0.412 
 326 R _   0.005 0.091 0.001 0.017 0.005 0.009 0.434 0.438 
 327 P _   0.005 0.071 0.001 0.012 0.004 0.008 0.440 0.460 
 328 S _   0.005 0.057 0.000 0.009 0.003 0.007 0.445 0.474 
 329 P _   0.004 0.048 0.000 0.007 0.002 0.007 0.449 0.482 
 330 H _   0.004 0.043 0.000 0.007 0.002 0.007 0.451 0.485 
 331 S _   0.004 0.041 0.000 0.007 0.002 0.007 0.454 0.485 
 332 K _   0.004 0.039 0.000 0.008 0.002 0.007 0.455 0.483 
 333 L _   0.005 0.038 0.000 0.010 0.003 0.007 0.457 0.479 
 334 H _   0.005 0.038 0.000 0.012 0.003 0.008 0.458 0.476 
 335 K _   0.005 0.037 0.000 0.014 0.003 0.008 0.460 0.473 
 336 G _   0.005 0.035 0.000 0.015 0.003 0.008 0.463 0.471 
 337 T _   0.005 0.033 0.000 0.015 0.003 0.007 0.465 0.472 
 338 A _   0.005 0.030 0.000 0.013 0.003 0.007 0.468 0.474 
 339 L _   0.004 0.025 0.000 0.012 0.003 0.006 0.471 0.478 
 340 H _   0.004 0.021 0.000 0.009 0.002 0.005 0.475 0.483 
 341 S _   0.004 0.016 0.000 0.007 0.002 0.005 0.478 0.488 
 342 S _   0.004 0.012 0.000 0.006 0.002 0.004 0.480 0.492 
 343 Q _   0.003 0.009 0.000 0.004 0.001 0.004 0.482 0.496 
 344 K _   0.003 0.008 0.000 0.004 0.001 0.004 0.482 0.498 
 345 P _   0.003 0.007 0.000 0.003 0.001 0.004 0.482 0.500 
 346 A _   0.003 0.006 0.000 0.003 0.001 0.004 0.481 0.502 
 347 E _   0.003 0.006 0.000 0.003 0.001 0.004 0.479 0.503 
 348 P _   0.003 0.007 0.000 0.004 0.001 0.005 0.476 0.505 
 349 V _   0.003 0.008 0.000 0.004 0.001 0.006 0.471 0.506 
 350 K _   0.003 0.010 0.000 0.005 0.002 0.007 0.466 0.507 
 351 R _   0.004 0.012 0.000 0.005 0.002 0.009 0.460 0.507 
 352 Q _   0.005 0.017 0.000 0.007 0.003 0.012 0.452 0.504 
 353 P _   0.007 0.025 0.001 0.008 0.004 0.016 0.443 0.497 
 354 R _   0.009 0.038 0.001 0.011 0.007 0.020 0.431 0.482 
 355 S _   0.013 0.059 0.001 0.015 0.012 0.026 0.418 0.456 
 356 Q _   0.016 0.093 0.002 0.020 0.018 0.031 0.403 0.417 
 357 C X   0.020 0.139 0.002 0.027 0.024 0.036 0.387 0.365 
 358 L X   0.021 0.195 0.002 0.035 0.029 0.038 0.372 0.308 
 359 S X   0.022 0.245 0.002 0.043 0.031 0.038 0.360 0.259 
 360 T X   0.022 0.283 0.002 0.050 0.031 0.036 0.351 0.225 
 361 L X   0.022 0.305 0.002 0.055 0.030 0.034 0.346 0.206 
 362 V X   0.021 0.317 0.002 0.059 0.028 0.032 0.343 0.198 
 363 R X   0.021 0.320 0.002 0.059 0.026 0.029 0.343 0.201 
 364 P X   0.020 0.315 0.002 0.057 0.024 0.026 0.344 0.212 
 365 V X   0.019 0.301 0.002 0.053 0.021 0.023 0.347 0.234 
 366 F X   0.018 0.273 0.002 0.046 0.018 0.021 0.353 0.270 
 367 G X   0.017 0.229 0.002 0.037 0.015 0.018 0.361 0.322 
 368 E _   0.016 0.171 0.002 0.028 0.011 0.016 0.370 0.387 
 369 L _   0.014 0.113 0.001 0.019 0.008 0.013 0.380 0.452 
 370 K _   0.011 0.070 0.001 0.012 0.005 0.010 0.387 0.504 
 371 E _   0.008 0.044 0.000 0.007 0.003 0.008 0.392 0.537 
 372 K _   0.006 0.033 0.000 0.004 0.002 0.007 0.395 0.554 
 373 H _   0.005 0.028 0.000 0.003 0.001 0.006 0.396 0.561 
 374 K _   0.004 0.027 0.000 0.003 0.001 0.006 0.396 0.563 
 375 Q _   0.004 0.028 0.000 0.003 0.002 0.007 0.394 0.561 
 376 S _   0.005 0.033 0.000 0.005 0.002 0.008 0.392 0.553 
 377 G _   0.006 0.044 0.000 0.010 0.004 0.010 0.389 0.537 
 378 G _   0.007 0.063 0.001 0.016 0.006 0.013 0.384 0.511 
 379 S _   0.007 0.088 0.001 0.023 0.008 0.014 0.379 0.480 
 380 V _   0.007 0.112 0.001 0.030 0.009 0.016 0.374 0.450 
 381 G _   0.007 0.130 0.001 0.036 0.010 0.017 0.371 0.428 
 382 A _   0.007 0.141 0.001 0.040 0.011 0.017 0.369 0.415 
 383 L _   0.007 0.146 0.001 0.041 0.011 0.017 0.369 0.409 
 384 E _   0.007 0.148 0.001 0.040 0.011 0.016 0.369 0.408 
 385 E _   0.007 0.146 0.001 0.038 0.011 0.016 0.371 0.411 
 386 L _   0.007 0.141 0.001 0.034 0.010 0.015 0.374 0.417 
 387 E _   0.007 0.133 0.001 0.031 0.009 0.015 0.379 0.425 
 388 N _   0.007 0.122 0.001 0.027 0.008 0.014 0.385 0.436 
 389 A _   0.007 0.108 0.001 0.024 0.008 0.013 0.392 0.447 
 390 F _   0.007 0.093 0.001 0.021 0.007 0.012 0.399 0.459 
 391 S _   0.007 0.077 0.001 0.018 0.006 0.012 0.408 0.472 
 392 L _   0.007 0.061 0.001 0.015 0.005 0.011 0.416 0.484 
 393 A _   0.007 0.046 0.001 0.012 0.005 0.010 0.425 0.495 
 394 E _   0.007 0.033 0.001 0.009 0.004 0.010 0.432 0.505 
 395 E _   0.006 0.022 0.000 0.007 0.003 0.009 0.440 0.512 
 396 S _   0.006 0.015 0.000 0.005 0.002 0.009 0.446 0.515 
 397 C _   0.007 0.011 0.000 0.004 0.002 0.010 0.451 0.515 
 398 P _   0.008 0.009 0.000 0.003 0.002 0.011 0.455 0.511 
 399 G _   0.010 0.009 0.000 0.003 0.003 0.014 0.458 0.503 
 400 I _   0.014 0.010 0.000 0.004 0.004 0.018 0.461 0.490 
 401 S _   0.019 0.012 0.001 0.005 0.006 0.023 0.464 0.470 
 402 D X   0.025 0.019 0.001 0.008 0.011 0.028 0.467 0.441 
 403 K X   0.032 0.031 0.001 0.013 0.016 0.034 0.470 0.402 
 404 L X   0.037 0.049 0.002 0.020 0.023 0.040 0.473 0.357 
 405 M X   0.040 0.069 0.002 0.028 0.029 0.043 0.477 0.311 
 406 V X   0.041 0.086 0.002 0.037 0.033 0.044 0.484 0.273 
 407 H X   0.042 0.099 0.002 0.043 0.035 0.044 0.492 0.244 
 408 L X   0.040 0.106 0.002 0.048 0.035 0.042 0.503 0.224 
 409 V X   0.038 0.108 0.002 0.050 0.033 0.040 0.517 0.212 
 410 E X   0.035 0.107 0.002 0.048 0.030 0.036 0.533 0.208 
 411 R X   0.032 0.102 0.002 0.044 0.026 0.032 0.554 0.208 
 412 V X   0.028 0.092 0.002 0.038 0.021 0.028 0.578 0.213 
 413 Q X   0.024 0.078 0.002 0.030 0.016 0.024 0.604 0.222 
 414 R X   0.021 0.061 0.001 0.023 0.012 0.020 0.631 0.230 
 415 F X   0.017 0.045 0.001 0.017 0.009 0.016 0.658 0.237 
 416 S X   0.014 0.032 0.001 0.012 0.006 0.013 0.682 0.240 
 417 H X   0.011 0.023 0.001 0.009 0.004 0.010 0.702 0.240 
 418 N X   0.008 0.017 0.000 0.007 0.003 0.008 0.718 0.238 
 419 R X   0.006 0.013 0.000 0.006 0.002 0.006 0.732 0.235 
 420 N X   0.004 0.010 0.000 0.005 0.002 0.005 0.743 0.231 
 421 H X   0.003 0.008 0.000 0.004 0.001 0.003 0.753 0.227 
 422 L X   0.001 0.006 0.000 0.003 0.001 0.002 0.762 0.225 
 423 T X   0.000 0.005 0.000 0.002 0.000 0.001 0.767 0.225 
 424 S X   0.000 0.004 0.000 0.001 0.000 0.000 0.768 0.227 
 425 T X   0.000 0.003 0.000 0.002 0.000 0.000 0.764 0.229 
 426 R X   0.002 0.003 0.001 0.009 0.002 0.002 0.749 0.231 
