#TopoPred_TM8: 8-state transmembrane topology prediction results by no_profile mode 
#probabilities are in the order of H E C I L F X _, the 8 transmembrane topology types used in PDBTM 
   1 M X   0.015 0.001 0.002 0.046 0.009 0.010 0.610 0.307 
   2 P X   0.004 0.001 0.000 0.023 0.001 0.004 0.623 0.344 
   3 S X   0.001 0.001 0.000 0.011 0.000 0.003 0.623 0.361 
   4 R X   0.001 0.001 0.000 0.009 0.001 0.004 0.617 0.368 
   5 A X   0.002 0.004 0.000 0.011 0.002 0.008 0.604 0.369 
   6 E X   0.005 0.011 0.001 0.016 0.004 0.015 0.583 0.365 
   7 D X   0.009 0.029 0.001 0.025 0.008 0.023 0.555 0.350 
   8 Y X   0.012 0.063 0.002 0.039 0.013 0.030 0.516 0.326 
   9 E X   0.014 0.111 0.002 0.054 0.017 0.033 0.472 0.296 
  10 V X   0.013 0.160 0.002 0.068 0.021 0.034 0.431 0.271 
  11 L X   0.013 0.194 0.002 0.076 0.022 0.034 0.400 0.259 
  12 Y X   0.012 0.213 0.002 0.080 0.023 0.033 0.378 0.259 
  13 T X   0.012 0.223 0.002 0.078 0.023 0.032 0.361 0.269 
  14 I X   0.012 0.226 0.002 0.073 0.022 0.030 0.349 0.286 
  15 G X   0.013 0.223 0.002 0.065 0.021 0.028 0.340 0.309 
  16 T _   0.013 0.215 0.001 0.056 0.019 0.026 0.333 0.337 
  17 G _   0.013 0.202 0.001 0.046 0.016 0.024 0.327 0.370 
  18 S _   0.013 0.183 0.001 0.038 0.014 0.022 0.322 0.407 
  19 Y _   0.013 0.161 0.001 0.031 0.011 0.020 0.319 0.444 
  20 G _   0.012 0.139 0.001 0.025 0.009 0.018 0.315 0.481 
  21 R _   0.011 0.117 0.001 0.020 0.007 0.016 0.312 0.516 
  22 C _   0.010 0.097 0.001 0.016 0.006 0.014 0.309 0.547 
  23 Q _   0.009 0.080 0.001 0.013 0.005 0.012 0.305 0.575 
  24 K _   0.008 0.067 0.001 0.010 0.004 0.011 0.301 0.599 
  25 I _   0.007 0.057 0.000 0.008 0.003 0.009 0.296 0.619 
  26 R _   0.006 0.050 0.000 0.007 0.003 0.009 0.291 0.635 
  27 R _   0.006 0.046 0.000 0.006 0.003 0.009 0.285 0.646 
  28 K _   0.005 0.044 0.000 0.007 0.003 0.009 0.279 0.653 
  29 S _   0.006 0.044 0.000 0.008 0.003 0.009 0.272 0.657 
  30 D _   0.006 0.045 0.000 0.011 0.004 0.011 0.265 0.658 
  31 G _   0.007 0.047 0.001 0.015 0.005 0.012 0.258 0.657 
  32 K _   0.007 0.050 0.001 0.020 0.006 0.013 0.250 0.654 
  33 I _   0.008 0.052 0.001 0.024 0.007 0.014 0.243 0.651 
  34 L _   0.008 0.053 0.001 0.027 0.008 0.014 0.237 0.652 
  35 V _   0.008 0.052 0.001 0.028 0.008 0.014 0.232 0.657 
  36 W _   0.008 0.049 0.001 0.027 0.008 0.013 0.227 0.667 
  37 K _   0.007 0.044 0.001 0.023 0.007 0.012 0.223 0.682 
  38 E _   0.007 0.037 0.001 0.019 0.006 0.011 0.220 0.700 
  39 L _   0.007 0.029 0.001 0.014 0.005 0.010 0.217 0.718 
  40 D _   0.007 0.021 0.000 0.010 0.004 0.010 0.214 0.735 
  41 Y _   0.007 0.015 0.000 0.007 0.003 0.010 0.211 0.748 
  42 G _   0.007 0.011 0.000 0.005 0.003 0.010 0.207 0.757 
  43 S _   0.007 0.009 0.000 0.005 0.003 0.011 0.204 0.761 
  44 M _   0.009 0.009 0.000 0.005 0.003 0.012 0.199 0.763 
  45 T _   0.011 0.009 0.000 0.005 0.004 0.015 0.195 0.761 
  46 E _   0.013 0.010 0.001 0.007 0.005 0.018 0.189 0.756 
  47 A _   0.016 0.012 0.001 0.010 0.007 0.022 0.184 0.748 
  48 E _   0.020 0.016 0.001 0.013 0.010 0.026 0.178 0.737 
  49 K _   0.024 0.020 0.001 0.017 0.013 0.029 0.171 0.724 
  50 Q _   0.028 0.025 0.001 0.020 0.016 0.033 0.165 0.711 
  51 M _   0.032 0.029 0.001 0.024 0.019 0.035 0.160 0.699 
  52 L _   0.035 0.033 0.001 0.028 0.022 0.037 0.155 0.690 
  53 V _   0.038 0.035 0.002 0.030 0.023 0.037 0.151 0.684 
  54 S _   0.040 0.036 0.002 0.032 0.023 0.037 0.147 0.684 
  55 E _   0.040 0.035 0.002 0.032 0.022 0.035 0.144 0.689 
  56 V _   0.040 0.033 0.001 0.029 0.020 0.033 0.142 0.700 
  57 N _   0.039 0.030 0.001 0.026 0.017 0.030 0.140 0.715 
  58 L _   0.037 0.025 0.001 0.022 0.014 0.027 0.139 0.734 
  59 L _   0.035 0.019 0.001 0.017 0.012 0.024 0.137 0.755 
  60 R _   0.032 0.013 0.001 0.012 0.009 0.021 0.136 0.776 
  61 E _   0.028 0.008 0.001 0.009 0.007 0.019 0.135 0.794 
  62 L _   0.024 0.005 0.001 0.006 0.005 0.017 0.133 0.809 
  63 K _   0.021 0.003 0.000 0.005 0.004 0.015 0.131 0.819 
  64 H _   0.019 0.003 0.000 0.005 0.004 0.014 0.129 0.825 
  65 P _   0.018 0.002 0.000 0.005 0.004 0.014 0.127 0.829 
  66 N _   0.017 0.002 0.001 0.006 0.005 0.014 0.125 0.830 
  67 I _   0.017 0.003 0.001 0.008 0.005 0.015 0.123 0.830 
  68 V _   0.016 0.003 0.001 0.010 0.006 0.015 0.120 0.829 
  69 R _   0.015 0.004 0.001 0.011 0.006 0.015 0.118 0.829 
  70 Y _   0.014 0.005 0.001 0.012 0.007 0.016 0.115 0.831 
  71 Y _   0.014 0.005 0.001 0.012 0.006 0.016 0.113 0.834 
  72 D _   0.013 0.005 0.001 0.011 0.006 0.015 0.110 0.839 
  73 R _   0.013 0.005 0.001 0.010 0.006 0.016 0.107 0.844 
  74 I _   0.013 0.005 0.001 0.008 0.005 0.016 0.105 0.848 
  75 I _   0.013 0.005 0.001 0.007 0.005 0.017 0.102 0.850 
  76 D _   0.015 0.006 0.001 0.006 0.005 0.018 0.099 0.850 
  77 R _   0.017 0.008 0.001 0.007 0.006 0.021 0.096 0.845 
  78 T _   0.020 0.011 0.001 0.008 0.009 0.024 0.092 0.835 
  79 N _   0.023 0.017 0.001 0.012 0.012 0.028 0.089 0.819 
  80 T _   0.026 0.027 0.001 0.017 0.016 0.032 0.085 0.796 
  81 T _   0.029 0.040 0.002 0.025 0.021 0.035 0.081 0.768 
  82 L _   0.031 0.054 0.002 0.034 0.024 0.037 0.077 0.742 
  83 Y _   0.032 0.065 0.002 0.041 0.027 0.038 0.074 0.722 
  84 I _   0.033 0.072 0.002 0.046 0.027 0.038 0.071 0.711 
  85 V _   0.033 0.075 0.002 0.047 0.026 0.036 0.070 0.711 
  86 M _   0.031 0.074 0.002 0.044 0.024 0.034 0.068 0.722 
  87 E _   0.029 0.070 0.002 0.038 0.021 0.031 0.067 0.742 
  88 Y _   0.027 0.063 0.001 0.030 0.017 0.028 0.067 0.768 
  89 C _   0.024 0.053 0.001 0.022 0.013 0.025 0.066 0.796 
  90 E _   0.021 0.043 0.001 0.016 0.010 0.022 0.066 0.821 
  91 G _   0.019 0.036 0.001 0.012 0.008 0.021 0.066 0.839 
  92 G _   0.018 0.032 0.001 0.010 0.007 0.019 0.065 0.850 
  93 D _   0.017 0.030 0.001 0.010 0.006 0.019 0.064 0.854 
  94 L _   0.017 0.029 0.001 0.011 0.006 0.018 0.064 0.854 
  95 A _   0.017 0.029 0.001 0.014 0.007 0.018 0.063 0.851 
  96 S _   0.016 0.030 0.001 0.018 0.008 0.018 0.063 0.847 
  97 V _   0.016 0.030 0.001 0.021 0.008 0.018 0.062 0.845 
  98 I _   0.015 0.029 0.001 0.023 0.008 0.017 0.062 0.846 
  99 T _   0.014 0.027 0.001 0.022 0.008 0.015 0.062 0.851 
 100 K _   0.013 0.023 0.001 0.020 0.007 0.014 0.061 0.861 
 101 G _   0.013 0.018 0.001 0.016 0.006 0.013 0.061 0.873 
 102 T _   0.013 0.012 0.001 0.011 0.004 0.011 0.061 0.886 
 103 K _   0.013 0.007 0.000 0.008 0.003 0.010 0.061 0.897 
 104 E _   0.015 0.003 0.000 0.005 0.003 0.010 0.061 0.904 
 105 R _   0.019 0.001 0.000 0.003 0.002 0.010 0.060 0.905 
 106 Q _   0.027 0.000 0.000 0.002 0.002 0.011 0.059 0.899 
 107 Y _   0.042 0.000 0.000 0.002 0.003 0.013 0.057 0.883 
 108 L _   0.068 0.000 0.000 0.002 0.004 0.017 0.055 0.853 
 109 D _   0.110 0.000 0.001 0.002 0.006 0.023 0.053 0.805 
 110 E _   0.171 0.000 0.001 0.003 0.011 0.031 0.050 0.734 
 111 E _   0.242 0.000 0.001 0.004 0.018 0.040 0.047 0.649 
 112 F _   0.314 0.000 0.002 0.004 0.028 0.048 0.044 0.559 
 113 V _   0.382 0.001 0.002 0.006 0.039 0.055 0.041 0.474 
 114 L H   0.435 0.002 0.002 0.007 0.050 0.059 0.040 0.404 
 115 R H   0.475 0.004 0.002 0.009 0.058 0.061 0.039 0.351 
 116 V H   0.502 0.005 0.003 0.011 0.064 0.061 0.039 0.315 
 117 M H   0.514 0.007 0.003 0.013 0.066 0.059 0.040 0.299 
 118 T H   0.514 0.008 0.003 0.014 0.065 0.056 0.041 0.299 
 119 Q H   0.499 0.008 0.003 0.016 0.062 0.052 0.043 0.317 
 120 L H   0.469 0.008 0.003 0.016 0.055 0.048 0.046 0.354 
 121 T H   0.426 0.007 0.003 0.016 0.047 0.043 0.050 0.407 
 122 L _   0.371 0.006 0.002 0.015 0.037 0.038 0.055 0.477 
 123 A _   0.306 0.004 0.002 0.013 0.027 0.032 0.060 0.556 
 124 L _   0.240 0.003 0.002 0.010 0.018 0.026 0.065 0.637 
 125 K _   0.179 0.002 0.001 0.008 0.011 0.021 0.069 0.708 
 126 E _   0.127 0.001 0.001 0.006 0.007 0.017 0.073 0.767 
 127 C _   0.086 0.001 0.001 0.005 0.005 0.013 0.076 0.814 
 128 H _   0.057 0.000 0.000 0.004 0.003 0.011 0.078 0.846 
 129 R _   0.037 0.000 0.000 0.004 0.003 0.009 0.080 0.867 
 130 R _   0.025 0.001 0.000 0.004 0.002 0.008 0.081 0.880 
 131 S _   0.018 0.001 0.000 0.004 0.002 0.008 0.081 0.886 
 132 D _   0.013 0.002 0.000 0.005 0.002 0.008 0.081 0.889 
 133 G _   0.011 0.003 0.000 0.006 0.003 0.008 0.081 0.888 
 134 G _   0.010 0.005 0.000 0.008 0.003 0.009 0.080 0.885 
 135 H _   0.009 0.007 0.000 0.010 0.004 0.009 0.080 0.881 
 136 T _   0.008 0.010 0.000 0.012 0.004 0.009 0.079 0.877 
 137 V _   0.008 0.013 0.001 0.013 0.004 0.010 0.078 0.874 
 138 L _   0.008 0.015 0.001 0.014 0.004 0.010 0.077 0.872 
 139 H _   0.007 0.018 0.001 0.014 0.004 0.009 0.076 0.871 
 140 R _   0.007 0.020 0.001 0.014 0.004 0.009 0.075 0.870 
 141 D _   0.007 0.022 0.000 0.014 0.004 0.009 0.074 0.870 
 142 L _   0.006 0.023 0.000 0.014 0.004 0.009 0.074 0.870 
 143 K _   0.006 0.025 0.000 0.013 0.004 0.009 0.073 0.869 
 144 P _   0.006 0.027 0.000 0.013 0.004 0.009 0.073 0.868 
 145 A _   0.006 0.028 0.000 0.013 0.004 0.009 0.072 0.867 
 146 N _   0.006 0.030 0.000 0.013 0.004 0.008 0.072 0.867 
 147 V _   0.006 0.031 0.000 0.012 0.003 0.008 0.071 0.868 
 148 F _   0.006 0.032 0.000 0.011 0.003 0.008 0.070 0.869 
 149 L _   0.006 0.034 0.000 0.010 0.003 0.008 0.069 0.870 
 150 D _   0.005 0.035 0.000 0.009 0.003 0.008 0.068 0.872 
 151 G _   0.005 0.037 0.000 0.008 0.002 0.008 0.067 0.872 
 152 K _   0.005 0.040 0.000 0.008 0.003 0.009 0.065 0.870 
 153 Q _   0.006 0.046 0.000 0.008 0.003 0.010 0.063 0.865 
 154 N _   0.006 0.055 0.000 0.010 0.004 0.011 0.060 0.853 
 155 V _   0.007 0.072 0.001 0.013 0.005 0.014 0.057 0.830 
 156 K _   0.009 0.101 0.001 0.019 0.008 0.016 0.053 0.793 
 157 L _   0.010 0.143 0.001 0.027 0.011 0.019 0.049 0.741 
 158 G _   0.010 0.191 0.001 0.036 0.013 0.021 0.044 0.683 
 159 D _   0.010 0.234 0.002 0.045 0.015 0.022 0.040 0.632 
 160 F _   0.010 0.264 0.001 0.052 0.016 0.022 0.037 0.597 
 161 G _   0.010 0.281 0.001 0.056 0.016 0.022 0.035 0.578 
 162 L _   0.010 0.288 0.001 0.057 0.016 0.022 0.033 0.572 
 163 A _   0.010 0.288 0.001 0.054 0.015 0.021 0.032 0.578 
 164 R _   0.010 0.282 0.001 0.047 0.014 0.020 0.032 0.595 
 165 I _   0.011 0.267 0.001 0.038 0.012 0.018 0.032 0.621 
 166 L _   0.010 0.245 0.001 0.029 0.010 0.017 0.032 0.656 
 167 N _   0.010 0.220 0.001 0.021 0.008 0.016 0.032 0.692 
 168 H _   0.011 0.198 0.001 0.015 0.007 0.016 0.032 0.721 
 169 D _   0.011 0.184 0.001 0.011 0.006 0.016 0.032 0.740 
 170 T _   0.011 0.176 0.001 0.010 0.005 0.016 0.032 0.750 
 171 S _   0.011 0.172 0.001 0.010 0.006 0.017 0.031 0.752 
 172 F _   0.012 0.172 0.001 0.012 0.006 0.017 0.031 0.748 
 173 A _   0.012 0.175 0.001 0.016 0.008 0.018 0.030 0.740 
 174 K _   0.013 0.178 0.001 0.020 0.009 0.019 0.030 0.730 
 175 T _   0.013 0.182 0.001 0.024 0.010 0.019 0.029 0.722 
 176 F _   0.014 0.183 0.001 0.027 0.011 0.019 0.029 0.717 
 177 V _   0.013 0.182 0.001 0.029 0.011 0.018 0.029 0.717 
 178 G _   0.013 0.178 0.001 0.029 0.011 0.018 0.029 0.722 
 179 T _   0.013 0.170 0.001 0.028 0.010 0.017 0.029 0.732 
 180 P _   0.012 0.159 0.001 0.027 0.010 0.016 0.029 0.746 
 181 Y _   0.012 0.144 0.001 0.025 0.009 0.016 0.030 0.764 
 182 Y _   0.011 0.127 0.001 0.023 0.008 0.015 0.030 0.785 
 183 M _   0.011 0.109 0.001 0.021 0.008 0.014 0.031 0.806 
 184 S _   0.010 0.092 0.001 0.019 0.007 0.013 0.032 0.827 
 185 P _   0.010 0.075 0.001 0.018 0.006 0.012 0.032 0.846 
 186 E _   0.009 0.060 0.001 0.016 0.005 0.011 0.033 0.864 
 187 Q _   0.009 0.047 0.001 0.014 0.005 0.010 0.034 0.881 
 188 M _   0.009 0.034 0.001 0.012 0.004 0.010 0.034 0.897 
 189 N _   0.009 0.023 0.000 0.010 0.003 0.009 0.034 0.912 
 190 R _   0.010 0.014 0.000 0.008 0.003 0.008 0.034 0.924 
 191 M _   0.011 0.007 0.000 0.006 0.002 0.008 0.033 0.932 
 192 S _   0.015 0.003 0.000 0.004 0.002 0.007 0.032 0.935 
 193 Y _   0.023 0.001 0.000 0.003 0.002 0.008 0.031 0.931 
 194 N _   0.039 0.000 0.000 0.002 0.002 0.009 0.030 0.916 
 195 E _   0.070 0.000 0.000 0.002 0.003 0.012 0.028 0.885 
 196 K _   0.124 0.000 0.001 0.002 0.005 0.015 0.025 0.828 
 197 S _   0.208 0.000 0.001 0.002 0.008 0.020 0.022 0.739 
 198 D _   0.318 0.000 0.001 0.002 0.013 0.026 0.018 0.622 
 199 I _   0.438 0.000 0.001 0.003 0.020 0.030 0.015 0.493 
 200 W H   0.544 0.000 0.002 0.003 0.027 0.034 0.012 0.378 
 201 S H   0.627 0.000 0.002 0.003 0.034 0.036 0.011 0.288 
 202 L H   0.687 0.000 0.002 0.003 0.038 0.035 0.010 0.224 
 203 G H   0.728 0.000 0.002 0.003 0.041 0.034 0.009 0.183 
 204 C H   0.753 0.000 0.002 0.003 0.042 0.032 0.009 0.159 
 205 L H   0.764 0.000 0.002 0.003 0.041 0.030 0.009 0.150 
 206 L H   0.762 0.000 0.002 0.003 0.041 0.028 0.010 0.154 
 207 Y H   0.748 0.000 0.002 0.003 0.039 0.027 0.011 0.171 
 208 E H   0.720 0.000 0.002 0.003 0.037 0.026 0.012 0.200 
 209 L H   0.677 0.000 0.002 0.003 0.034 0.025 0.014 0.245 
 210 C H   0.620 0.000 0.002 0.004 0.030 0.024 0.018 0.303 
 211 A H   0.546 0.000 0.002 0.005 0.026 0.023 0.022 0.377 
 212 L H   0.463 0.000 0.002 0.006 0.021 0.022 0.027 0.459 
 213 M _   0.375 0.000 0.002 0.007 0.017 0.021 0.033 0.545 
 214 P _   0.293 0.000 0.001 0.007 0.013 0.019 0.039 0.627 
 215 P _   0.219 0.001 0.001 0.008 0.010 0.017 0.044 0.700 
 216 F _   0.156 0.001 0.001 0.007 0.008 0.015 0.049 0.762 
 217 T _   0.108 0.001 0.001 0.007 0.006 0.013 0.054 0.811 
 218 A _   0.072 0.001 0.001 0.006 0.005 0.012 0.057 0.847 
 219 F _   0.047 0.001 0.000 0.006 0.004 0.010 0.060 0.872 
 220 S _   0.031 0.001 0.000 0.005 0.003 0.009 0.062 0.888 
 221 Q _   0.021 0.001 0.000 0.005 0.003 0.009 0.064 0.896 
 222 K _   0.015 0.002 0.000 0.005 0.003 0.008 0.066 0.901 
 223 E _   0.012 0.003 0.000 0.006 0.003 0.009 0.067 0.901 
 224 L _   0.010 0.005 0.000 0.007 0.003 0.009 0.067 0.899 
 225 A _   0.009 0.008 0.000 0.008 0.003 0.010 0.068 0.894 
 226 G _   0.009 0.011 0.000 0.010 0.004 0.010 0.068 0.886 
 227 K _   0.009 0.016 0.001 0.013 0.005 0.012 0.068 0.877 
 228 I _   0.009 0.022 0.001 0.016 0.006 0.013 0.068 0.866 
 229 R _   0.009 0.027 0.001 0.020 0.007 0.014 0.069 0.854 
 230 E _   0.009 0.032 0.001 0.023 0.008 0.014 0.069 0.843 
 231 G _   0.010 0.035 0.001 0.026 0.008 0.015 0.070 0.835 
 232 K _   0.010 0.037 0.001 0.027 0.008 0.015 0.071 0.830 
 233 F _   0.009 0.038 0.001 0.027 0.008 0.015 0.073 0.829 
 234 R _   0.009 0.037 0.001 0.025 0.007 0.014 0.075 0.831 
 235 R _   0.009 0.035 0.001 0.021 0.006 0.013 0.077 0.837 
 236 I _   0.008 0.032 0.001 0.016 0.005 0.012 0.080 0.845 
 237 P _   0.008 0.029 0.001 0.012 0.004 0.012 0.082 0.853 
 238 Y _   0.008 0.025 0.000 0.008 0.003 0.011 0.084 0.859 
 239 R _   0.008 0.024 0.000 0.006 0.003 0.012 0.085 0.862 
 240 Y _   0.009 0.023 0.000 0.005 0.003 0.013 0.086 0.859 
 241 S _   0.011 0.025 0.000 0.006 0.004 0.016 0.088 0.851 
 242 D _   0.014 0.029 0.001 0.008 0.006 0.020 0.088 0.835 
 243 E _   0.018 0.041 0.001 0.013 0.009 0.024 0.089 0.805 
 244 L _   0.022 0.062 0.001 0.021 0.015 0.029 0.089 0.760 
 245 N _   0.026 0.094 0.002 0.034 0.020 0.033 0.090 0.702 
 246 E _   0.028 0.125 0.002 0.049 0.024 0.035 0.091 0.647 
 247 I _   0.029 0.147 0.002 0.062 0.026 0.036 0.092 0.607 
 248 I _   0.028 0.159 0.002 0.070 0.026 0.035 0.094 0.586 
 249 T _   0.027 0.162 0.002 0.073 0.025 0.033 0.098 0.582 
 250 R _   0.025 0.158 0.002 0.069 0.022 0.030 0.102 0.592 
 251 M _   0.023 0.146 0.002 0.059 0.019 0.026 0.108 0.617 
 252 L _   0.020 0.124 0.002 0.045 0.015 0.022 0.114 0.658 
 253 N _   0.018 0.092 0.001 0.031 0.011 0.018 0.122 0.708 
 254 L _   0.015 0.060 0.001 0.019 0.007 0.015 0.129 0.756 
 255 K _   0.012 0.035 0.001 0.011 0.004 0.012 0.134 0.791 
 256 D _   0.009 0.022 0.000 0.006 0.003 0.010 0.138 0.812 
 257 Y _   0.008 0.016 0.000 0.004 0.002 0.008 0.140 0.821 
 258 H _   0.007 0.014 0.000 0.003 0.002 0.008 0.142 0.824 
 259 R _   0.007 0.015 0.000 0.003 0.002 0.009 0.143 0.822 
 260 P _   0.007 0.017 0.000 0.005 0.002 0.010 0.144 0.815 
 261 S _   0.008 0.023 0.000 0.007 0.004 0.012 0.143 0.802 
 262 V _   0.010 0.035 0.001 0.011 0.005 0.014 0.143 0.782 
 263 E _   0.011 0.052 0.001 0.016 0.007 0.017 0.142 0.755 
 264 E _   0.011 0.073 0.001 0.021 0.009 0.019 0.141 0.726 
 265 I _   0.012 0.093 0.001 0.026 0.011 0.020 0.140 0.698 
 266 L _   0.012 0.111 0.001 0.030 0.012 0.021 0.139 0.673 
 267 E _   0.012 0.124 0.001 0.034 0.013 0.022 0.139 0.653 
 268 N _   0.013 0.135 0.001 0.037 0.014 0.022 0.140 0.638 
 269 P _   0.013 0.141 0.001 0.039 0.014 0.022 0.142 0.627 
 270 L _   0.014 0.144 0.001 0.040 0.014 0.022 0.145 0.620 
 271 I _   0.014 0.145 0.001 0.040 0.013 0.021 0.148 0.617 
 272 A _   0.014 0.142 0.001 0.038 0.012 0.020 0.153 0.620 
 273 D _   0.014 0.135 0.001 0.035 0.011 0.018 0.158 0.627 
 274 L _   0.013 0.124 0.001 0.031 0.010 0.017 0.164 0.640 
 275 V _   0.013 0.109 0.001 0.026 0.008 0.015 0.171 0.657 
 276 A _   0.012 0.092 0.001 0.020 0.006 0.013 0.178 0.678 
 277 D _   0.011 0.073 0.001 0.015 0.005 0.011 0.185 0.698 
 278 E _   0.010 0.057 0.001 0.012 0.004 0.010 0.192 0.715 
 279 Q _   0.009 0.045 0.000 0.009 0.003 0.009 0.198 0.727 
 280 R _   0.008 0.037 0.000 0.007 0.003 0.008 0.203 0.734 
 281 R _   0.007 0.032 0.000 0.007 0.002 0.008 0.207 0.737 
 282 N _   0.007 0.029 0.000 0.007 0.002 0.008 0.210 0.737 
 283 L _   0.007 0.028 0.000 0.008 0.002 0.008 0.213 0.735 
 284 E _   0.007 0.027 0.000 0.009 0.003 0.008 0.216 0.731 
 285 R _   0.007 0.027 0.000 0.011 0.003 0.008 0.218 0.726 
 286 R _   0.007 0.026 0.000 0.013 0.003 0.008 0.221 0.722 
 287 G _   0.006 0.026 0.000 0.014 0.003 0.008 0.223 0.720 
 288 R _   0.006 0.024 0.000 0.014 0.003 0.008 0.225 0.719 
 289 Q _   0.006 0.023 0.000 0.013 0.003 0.007 0.228 0.721 
 290 L _   0.005 0.020 0.000 0.012 0.003 0.006 0.230 0.724 
 291 G _   0.005 0.018 0.000 0.009 0.002 0.006 0.232 0.728 
 292 E _   0.004 0.015 0.000 0.007 0.002 0.005 0.234 0.732 
 293 P _   0.004 0.013 0.000 0.006 0.001 0.005 0.235 0.736 
 294 E _   0.004 0.012 0.000 0.004 0.001 0.004 0.235 0.739 
 295 K _   0.003 0.012 0.000 0.004 0.001 0.004 0.235 0.741 
 296 S _   0.003 0.012 0.000 0.003 0.001 0.004 0.234 0.742 
 297 Q _   0.003 0.014 0.000 0.004 0.001 0.005 0.232 0.740 
 298 D _   0.004 0.017 0.000 0.005 0.002 0.006 0.230 0.736 
 299 S _   0.004 0.024 0.000 0.007 0.002 0.007 0.226 0.728 
 300 S _   0.005 0.036 0.000 0.011 0.003 0.009 0.222 0.714 
 301 P _   0.005 0.053 0.001 0.016 0.005 0.011 0.216 0.693 
 302 V _   0.006 0.075 0.001 0.022 0.006 0.013 0.211 0.667 
 303 L _   0.006 0.097 0.001 0.028 0.007 0.014 0.205 0.642 
 304 S _   0.006 0.115 0.001 0.033 0.008 0.015 0.201 0.622 
 305 E _   0.006 0.128 0.001 0.037 0.009 0.015 0.197 0.608 
 306 L _   0.006 0.136 0.001 0.038 0.009 0.015 0.194 0.600 
 307 K _   0.006 0.140 0.001 0.038 0.009 0.015 0.193 0.598 
 308 L _   0.006 0.141 0.001 0.036 0.008 0.014 0.192 0.601 
 309 K _   0.006 0.139 0.001 0.033 0.008 0.013 0.192 0.608 
 310 E _   0.007 0.134 0.001 0.029 0.007 0.012 0.193 0.617 
 311 I _   0.007 0.126 0.001 0.025 0.006 0.012 0.195 0.629 
 312 Q _   0.007 0.116 0.001 0.021 0.005 0.011 0.197 0.641 
 313 L _   0.007 0.106 0.001 0.018 0.005 0.010 0.200 0.654 
 314 Q _   0.007 0.095 0.001 0.016 0.004 0.010 0.202 0.666 
 315 E _   0.007 0.084 0.001 0.014 0.004 0.009 0.205 0.676 
 316 R _   0.007 0.074 0.000 0.012 0.004 0.009 0.208 0.686 
 317 E _   0.007 0.066 0.000 0.011 0.003 0.008 0.211 0.694 
 318 R _   0.007 0.058 0.000 0.011 0.003 0.008 0.213 0.700 
 319 A _   0.006 0.051 0.000 0.010 0.003 0.008 0.216 0.706 
 320 L _   0.006 0.045 0.000 0.009 0.003 0.007 0.218 0.711 
 321 K _   0.006 0.040 0.000 0.009 0.002 0.007 0.220 0.716 
 322 A _   0.006 0.036 0.000 0.008 0.002 0.006 0.221 0.720 
 323 R _   0.005 0.032 0.000 0.007 0.002 0.006 0.223 0.725 
 324 E _   0.005 0.029 0.000 0.006 0.002 0.006 0.224 0.728 
 325 E _   0.005 0.026 0.000 0.006 0.002 0.006 0.224 0.731 
 326 R _   0.005 0.025 0.000 0.005 0.002 0.006 0.225 0.733 
 327 L _   0.004 0.024 0.000 0.005 0.002 0.006 0.224 0.734 
 328 E _   0.004 0.024 0.000 0.005 0.002 0.006 0.224 0.734 
 329 Q _   0.005 0.025 0.000 0.006 0.002 0.007 0.223 0.732 
 330 K _   0.005 0.027 0.000 0.008 0.003 0.007 0.222 0.728 
 331 E _   0.005 0.030 0.000 0.010 0.003 0.008 0.221 0.722 
 332 Q _   0.006 0.034 0.000 0.013 0.004 0.009 0.219 0.715 
 333 E _   0.006 0.039 0.001 0.016 0.005 0.010 0.218 0.706 
 334 L _   0.006 0.043 0.001 0.020 0.005 0.010 0.217 0.698 
 335 C _   0.006 0.046 0.001 0.022 0.006 0.011 0.216 0.692 
 336 V _   0.006 0.048 0.001 0.023 0.006 0.011 0.216 0.689 
 337 R _   0.006 0.048 0.001 0.023 0.006 0.010 0.217 0.689 
 338 E _   0.006 0.047 0.001 0.021 0.005 0.010 0.218 0.693 
 339 R _   0.006 0.044 0.001 0.018 0.005 0.009 0.219 0.699 
 340 L _   0.005 0.040 0.000 0.015 0.004 0.008 0.221 0.706 
 341 A _   0.005 0.036 0.000 0.012 0.003 0.008 0.223 0.713 
 342 E _   0.005 0.032 0.000 0.009 0.003 0.007 0.225 0.718 
 343 D _   0.005 0.029 0.000 0.008 0.003 0.007 0.227 0.721 
 344 K _   0.005 0.027 0.000 0.008 0.003 0.007 0.228 0.722 
 345 L _   0.005 0.026 0.000 0.007 0.003 0.007 0.230 0.722 
 346 A _   0.005 0.026 0.000 0.008 0.003 0.007 0.231 0.720 
 347 R _   0.005 0.026 0.000 0.009 0.003 0.007 0.232 0.718 
 348 A _   0.005 0.026 0.000 0.009 0.003 0.008 0.233 0.715 
 349 E _   0.005 0.026 0.000 0.010 0.003 0.008 0.234 0.712 
 350 N _   0.005 0.027 0.000 0.010 0.003 0.008 0.235 0.710 
 351 L _   0.006 0.027 0.000 0.011 0.003 0.008 0.236 0.708 
 352 L _   0.006 0.027 0.000 0.011 0.004 0.009 0.238 0.706 
 353 K _   0.006 0.027 0.000 0.011 0.004 0.009 0.239 0.704 
 354 N _   0.006 0.027 0.000 0.011 0.004 0.009 0.241 0.702 
 355 Y _   0.006 0.027 0.000 0.011 0.004 0.010 0.243 0.698 
 356 S _   0.007 0.027 0.000 0.012 0.004 0.010 0.245 0.694 
 357 L _   0.007 0.028 0.001 0.013 0.005 0.011 0.247 0.689 
 358 L _   0.008 0.028 0.001 0.014 0.005 0.011 0.250 0.684 
 359 K _   0.008 0.028 0.001 0.014 0.005 0.011 0.253 0.680 
 360 E _   0.008 0.028 0.001 0.015 0.005 0.011 0.256 0.676 
 361 R _   0.008 0.028 0.001 0.015 0.005 0.011 0.259 0.673 
 362 K _   0.008 0.027 0.001 0.015 0.005 0.011 0.263 0.671 
 363 F _   0.008 0.025 0.001 0.014 0.005 0.010 0.267 0.670 
 364 L _   0.007 0.024 0.001 0.013 0.005 0.010 0.271 0.669 
 365 S _   0.007 0.022 0.001 0.012 0.004 0.009 0.276 0.669 
 366 L _   0.007 0.020 0.000 0.011 0.004 0.009 0.281 0.668 
 367 A _   0.007 0.018 0.000 0.010 0.004 0.009 0.286 0.667 
 368 S _   0.007 0.016 0.000 0.009 0.004 0.008 0.290 0.665 
 369 N _   0.007 0.015 0.000 0.009 0.003 0.008 0.295 0.663 
 370 P _   0.007 0.014 0.000 0.008 0.003 0.008 0.300 0.660 
 371 E _   0.007 0.013 0.000 0.008 0.003 0.008 0.304 0.656 
 372 L _   0.007 0.013 0.000 0.008 0.003 0.008 0.309 0.652 
 373 L _   0.007 0.013 0.000 0.008 0.003 0.008 0.313 0.647 
 374 N _   0.007 0.013 0.000 0.008 0.003 0.008 0.318 0.642 
 375 L _   0.007 0.013 0.000 0.008 0.003 0.009 0.322 0.637 
 376 P _   0.007 0.014 0.000 0.009 0.004 0.009 0.326 0.631 
 377 S _   0.007 0.015 0.000 0.010 0.004 0.009 0.330 0.624 
 378 S _   0.007 0.016 0.000 0.012 0.004 0.009 0.335 0.617 
 379 V _   0.007 0.017 0.001 0.013 0.005 0.010 0.339 0.609 
 380 I _   0.007 0.018 0.001 0.014 0.005 0.010 0.344 0.601 
 381 K _   0.007 0.019 0.001 0.015 0.005 0.010 0.350 0.594 
 382 K _   0.006 0.019 0.001 0.016 0.005 0.009 0.355 0.588 
 383 K _   0.006 0.019 0.001 0.015 0.005 0.009 0.361 0.584 
 384 V _   0.005 0.019 0.001 0.015 0.004 0.008 0.368 0.580 
 385 H _   0.005 0.018 0.000 0.013 0.004 0.008 0.374 0.577 
 386 F _   0.005 0.017 0.000 0.012 0.004 0.007 0.380 0.574 
 387 S _   0.004 0.016 0.000 0.011 0.003 0.007 0.387 0.570 
 388 G _   0.004 0.015 0.000 0.011 0.003 0.007 0.394 0.566 
 389 E _   0.004 0.015 0.000 0.010 0.003 0.007 0.401 0.560 
 390 S _   0.004 0.014 0.000 0.010 0.003 0.006 0.408 0.554 
 391 K _   0.004 0.013 0.000 0.010 0.003 0.006 0.415 0.547 
 392 E _   0.004 0.013 0.000 0.011 0.003 0.006 0.423 0.541 
 393 N _   0.004 0.012 0.000 0.010 0.003 0.006 0.430 0.534 
 394 I _   0.004 0.011 0.000 0.010 0.003 0.006 0.437 0.528 
 395 M _   0.004 0.011 0.000 0.010 0.003 0.006 0.445 0.521 
 396 R _   0.004 0.010 0.000 0.009 0.002 0.006 0.453 0.515 
 397 S _   0.004 0.009 0.000 0.009 0.002 0.006 0.460 0.510 
 398 E _   0.004 0.008 0.000 0.008 0.002 0.006 0.468 0.503 
 399 N _   0.004 0.007 0.000 0.008 0.002 0.005 0.476 0.497 
 400 S _   0.004 0.006 0.000 0.007 0.002 0.005 0.484 0.491 
 401 E X   0.004 0.006 0.000 0.007 0.002 0.005 0.491 0.485 
 402 S X   0.004 0.005 0.000 0.007 0.002 0.005 0.497 0.479 
 403 Q X   0.004 0.005 0.000 0.006 0.002 0.005 0.504 0.474 
 404 L X   0.004 0.005 0.000 0.006 0.002 0.005 0.510 0.469 
 405 T X   0.004 0.005 0.000 0.005 0.002 0.004 0.515 0.466 
 406 S X   0.003 0.005 0.000 0.005 0.001 0.004 0.519 0.462 
 407 K X   0.003 0.005 0.000 0.004 0.001 0.004 0.522 0.460 
 408 S X   0.003 0.005 0.000 0.004 0.001 0.004 0.525 0.458 
 409 K X   0.003 0.006 0.000 0.004 0.001 0.004 0.527 0.455 
 410 C X   0.003 0.006 0.000 0.004 0.001 0.004 0.529 0.453 
 411 K X   0.003 0.008 0.000 0.004 0.001 0.005 0.529 0.450 
 412 D X   0.003 0.011 0.000 0.004 0.002 0.006 0.529 0.445 
 413 L X   0.003 0.016 0.000 0.006 0.002 0.007 0.528 0.438 
 414 K X   0.004 0.024 0.000 0.008 0.003 0.009 0.527 0.426 
 415 K X   0.005 0.037 0.000 0.011 0.004 0.010 0.524 0.408 
 416 R X   0.005 0.056 0.001 0.016 0.006 0.012 0.521 0.384 
 417 L X   0.005 0.080 0.001 0.021 0.007 0.013 0.517 0.355 
 418 H X   0.006 0.103 0.001 0.027 0.009 0.014 0.515 0.326 
 419 A X   0.006 0.122 0.001 0.033 0.010 0.015 0.513 0.301 
 420 A X   0.006 0.136 0.001 0.037 0.010 0.015 0.513 0.282 
 421 Q X   0.006 0.143 0.001 0.040 0.010 0.015 0.515 0.270 
 422 L X   0.006 0.146 0.001 0.041 0.010 0.014 0.519 0.263 
 423 R X   0.006 0.146 0.001 0.039 0.010 0.013 0.524 0.261 
 424 A X   0.006 0.141 0.001 0.035 0.009 0.012 0.532 0.264 
 425 Q X   0.006 0.133 0.001 0.030 0.008 0.011 0.542 0.270 
 426 A X   0.006 0.120 0.001 0.024 0.007 0.010 0.554 0.279 
 427 L X   0.005 0.103 0.001 0.018 0.005 0.009 0.568 0.290 
 428 S X   0.005 0.087 0.001 0.013 0.004 0.008 0.582 0.301 
 429 D X   0.005 0.073 0.000 0.009 0.003 0.007 0.595 0.308 
 430 I X   0.005 0.064 0.000 0.006 0.002 0.007 0.605 0.311 
 431 E X   0.004 0.059 0.000 0.005 0.002 0.006 0.614 0.310 
 432 K X   0.004 0.056 0.000 0.004 0.002 0.006 0.621 0.306 
 433 N X   0.005 0.056 0.000 0.004 0.002 0.007 0.626 0.301 
 434 Y X   0.005 0.057 0.000 0.005 0.002 0.007 0.631 0.293 
 435 Q X   0.005 0.060 0.000 0.006 0.003 0.008 0.635 0.282 
 436 L X   0.005 0.065 0.000 0.009 0.003 0.008 0.639 0.269 
 437 K X   0.005 0.072 0.000 0.012 0.004 0.008 0.642 0.255 
 438 S X   0.005 0.079 0.000 0.015 0.005 0.008 0.646 0.242 
 439 R X   0.004 0.085 0.000 0.018 0.005 0.007 0.650 0.231 
 440 Q X   0.003 0.088 0.000 0.019 0.004 0.006 0.655 0.225 
 441 I X   0.002 0.089 0.000 0.018 0.002 0.004 0.662 0.223 
 442 L X   0.001 0.087 0.000 0.014 0.001 0.002 0.668 0.227 
 443 G X   0.000 0.083 0.000 0.011 0.000 0.001 0.669 0.236 
 444 M X   0.000 0.078 0.000 0.011 0.000 0.001 0.666 0.244 
 445 R X   0.003 0.074 0.001 0.018 0.003 0.003 0.651 0.247 
