#TopoPred_TM8: 8-state transmembrane topology prediction results by no_profile mode 
#probabilities are in the order of H E C I L F X _, the 8 transmembrane topology types used in PDBTM 
   1 M X   0.013 0.001 0.002 0.039 0.008 0.009 0.676 0.253 
   2 N X   0.003 0.000 0.000 0.017 0.001 0.004 0.692 0.282 
   3 K X   0.001 0.000 0.000 0.007 0.000 0.002 0.693 0.296 
   4 P X   0.001 0.000 0.000 0.004 0.000 0.003 0.689 0.302 
   5 I X   0.002 0.001 0.000 0.004 0.001 0.007 0.680 0.305 
   6 T X   0.007 0.002 0.000 0.005 0.003 0.015 0.664 0.304 
   7 P X   0.015 0.006 0.001 0.008 0.006 0.025 0.644 0.296 
   8 S X   0.025 0.018 0.001 0.014 0.012 0.036 0.615 0.279 
   9 T X   0.034 0.046 0.002 0.023 0.021 0.047 0.577 0.250 
  10 Y X   0.039 0.094 0.003 0.033 0.033 0.054 0.532 0.211 
  11 V X   0.041 0.150 0.003 0.043 0.043 0.057 0.491 0.172 
  12 R X   0.042 0.195 0.003 0.050 0.048 0.057 0.460 0.146 
  13 C X   0.043 0.226 0.003 0.054 0.050 0.055 0.439 0.131 
  14 L X   0.044 0.245 0.002 0.056 0.049 0.052 0.424 0.126 
  15 N X   0.045 0.255 0.002 0.057 0.048 0.049 0.415 0.130 
  16 V X   0.046 0.258 0.002 0.056 0.044 0.045 0.409 0.140 
  17 G X   0.045 0.255 0.002 0.054 0.040 0.041 0.405 0.159 
  18 L X   0.044 0.244 0.002 0.049 0.034 0.036 0.403 0.189 
  19 I X   0.041 0.220 0.002 0.042 0.028 0.031 0.403 0.233 
  20 R X   0.037 0.183 0.002 0.034 0.022 0.026 0.404 0.293 
  21 K X   0.031 0.134 0.002 0.025 0.016 0.022 0.406 0.363 
  22 L _   0.026 0.084 0.001 0.017 0.011 0.018 0.409 0.434 
  23 S _   0.020 0.047 0.001 0.011 0.007 0.014 0.410 0.490 
  24 D _   0.015 0.025 0.001 0.007 0.004 0.011 0.411 0.528 
  25 F _   0.011 0.014 0.000 0.004 0.002 0.008 0.409 0.551 
  26 I _   0.008 0.010 0.000 0.003 0.002 0.007 0.406 0.564 
  27 D _   0.006 0.008 0.000 0.002 0.001 0.006 0.403 0.573 
  28 P _   0.006 0.007 0.000 0.003 0.001 0.006 0.398 0.578 
  29 Q _   0.006 0.008 0.000 0.004 0.002 0.007 0.392 0.582 
  30 E _   0.006 0.010 0.000 0.006 0.002 0.008 0.385 0.582 
  31 G _   0.006 0.015 0.000 0.009 0.004 0.010 0.376 0.579 
  32 W _   0.007 0.023 0.001 0.015 0.005 0.012 0.366 0.571 
  33 K _   0.007 0.034 0.001 0.023 0.007 0.014 0.355 0.559 
  34 K _   0.008 0.044 0.001 0.032 0.009 0.015 0.345 0.548 
  35 L _   0.008 0.052 0.001 0.039 0.010 0.015 0.336 0.540 
  36 A _   0.008 0.057 0.001 0.043 0.010 0.015 0.329 0.537 
  37 V _   0.008 0.059 0.001 0.043 0.010 0.015 0.324 0.541 
  38 A _   0.008 0.058 0.001 0.040 0.009 0.013 0.320 0.552 
  39 I _   0.007 0.053 0.001 0.034 0.007 0.012 0.317 0.569 
  40 K _   0.007 0.046 0.001 0.026 0.006 0.010 0.315 0.589 
  41 K _   0.006 0.036 0.001 0.018 0.004 0.009 0.313 0.613 
  42 P _   0.006 0.026 0.000 0.011 0.003 0.008 0.312 0.634 
  43 S _   0.005 0.018 0.000 0.007 0.002 0.007 0.310 0.651 
  44 G _   0.005 0.014 0.000 0.004 0.002 0.007 0.307 0.663 
  45 D _   0.005 0.012 0.000 0.003 0.001 0.007 0.303 0.669 
  46 D _   0.005 0.012 0.000 0.003 0.002 0.008 0.298 0.672 
  47 R _   0.007 0.013 0.000 0.004 0.002 0.011 0.292 0.670 
  48 Y _   0.010 0.019 0.000 0.006 0.004 0.016 0.284 0.662 
  49 N _   0.013 0.034 0.001 0.011 0.008 0.022 0.273 0.638 
  50 Q _   0.017 0.069 0.002 0.021 0.014 0.028 0.257 0.593 
  51 F _   0.019 0.129 0.002 0.034 0.021 0.033 0.237 0.524 
  52 H _   0.019 0.197 0.003 0.049 0.027 0.036 0.218 0.452 
  53 I _   0.019 0.254 0.002 0.063 0.029 0.036 0.202 0.394 
  54 R _   0.018 0.291 0.002 0.074 0.030 0.036 0.191 0.359 
  55 R _   0.018 0.310 0.002 0.081 0.029 0.034 0.183 0.343 
  56 F _   0.018 0.317 0.002 0.083 0.028 0.033 0.178 0.342 
  57 E _   0.018 0.314 0.002 0.080 0.026 0.030 0.175 0.355 
  58 A _   0.018 0.301 0.002 0.072 0.023 0.027 0.174 0.383 
  59 L _   0.017 0.273 0.002 0.061 0.020 0.024 0.173 0.429 
  60 L _   0.017 0.224 0.002 0.047 0.017 0.021 0.174 0.497 
  61 Q _   0.017 0.159 0.002 0.033 0.013 0.019 0.176 0.583 
  62 T _   0.016 0.092 0.001 0.020 0.009 0.016 0.178 0.667 
  63 G _   0.014 0.045 0.001 0.012 0.006 0.014 0.178 0.730 
  64 K _   0.011 0.020 0.000 0.007 0.004 0.012 0.178 0.768 
  65 S _   0.009 0.010 0.000 0.004 0.003 0.011 0.177 0.786 
  66 P _   0.008 0.006 0.000 0.003 0.002 0.011 0.175 0.794 
  67 T _   0.008 0.005 0.000 0.004 0.002 0.012 0.173 0.796 
  68 S _   0.009 0.004 0.000 0.005 0.003 0.014 0.170 0.795 
  69 E _   0.010 0.005 0.000 0.007 0.004 0.016 0.166 0.790 
  70 L _   0.012 0.006 0.001 0.011 0.006 0.019 0.162 0.784 
  71 L _   0.013 0.007 0.001 0.014 0.008 0.021 0.157 0.778 
  72 F _   0.015 0.008 0.001 0.017 0.009 0.024 0.153 0.773 
  73 D _   0.017 0.009 0.001 0.018 0.011 0.026 0.148 0.770 
  74 W _   0.020 0.009 0.001 0.018 0.012 0.029 0.144 0.769 
  75 G _   0.023 0.009 0.001 0.016 0.013 0.031 0.140 0.767 
  76 T _   0.027 0.008 0.001 0.015 0.014 0.033 0.137 0.766 
  77 T _   0.033 0.007 0.001 0.013 0.015 0.036 0.133 0.761 
  78 N _   0.040 0.007 0.001 0.011 0.016 0.039 0.131 0.755 
  79 C _   0.049 0.007 0.001 0.011 0.017 0.042 0.128 0.745 
  80 T _   0.058 0.007 0.001 0.011 0.019 0.044 0.126 0.734 
  81 V _   0.066 0.008 0.001 0.012 0.021 0.046 0.125 0.721 
  82 G _   0.074 0.009 0.001 0.013 0.023 0.048 0.123 0.708 
  83 D _   0.081 0.010 0.002 0.014 0.025 0.049 0.122 0.696 
  84 L _   0.085 0.011 0.002 0.016 0.026 0.049 0.122 0.689 
  85 V _   0.087 0.012 0.002 0.016 0.026 0.049 0.122 0.687 
  86 D _   0.087 0.012 0.002 0.017 0.025 0.047 0.122 0.689 
  87 L _   0.084 0.012 0.002 0.016 0.024 0.045 0.122 0.696 
  88 L _   0.079 0.012 0.001 0.015 0.021 0.043 0.123 0.706 
  89 I _   0.072 0.011 0.001 0.014 0.019 0.040 0.124 0.718 
  90 Q _   0.065 0.011 0.001 0.013 0.017 0.037 0.125 0.731 
  91 N _   0.058 0.011 0.001 0.012 0.015 0.034 0.126 0.743 
  92 E _   0.051 0.010 0.001 0.012 0.013 0.031 0.128 0.753 
  93 F _   0.045 0.010 0.001 0.012 0.012 0.029 0.129 0.762 
  94 F _   0.039 0.011 0.001 0.013 0.010 0.026 0.131 0.769 
  95 A _   0.034 0.011 0.001 0.014 0.010 0.024 0.132 0.774 
  96 P _   0.030 0.012 0.001 0.015 0.009 0.022 0.134 0.779 
  97 A _   0.026 0.012 0.001 0.015 0.008 0.020 0.136 0.783 
  98 S _   0.022 0.012 0.001 0.016 0.008 0.018 0.138 0.786 
  99 L _   0.019 0.012 0.001 0.016 0.007 0.016 0.140 0.791 
 100 L _   0.017 0.011 0.001 0.015 0.006 0.014 0.142 0.795 
 101 L _   0.014 0.011 0.001 0.014 0.005 0.012 0.144 0.800 
 102 P _   0.013 0.010 0.001 0.012 0.004 0.011 0.146 0.805 
 103 D _   0.011 0.008 0.000 0.010 0.004 0.009 0.147 0.809 
 104 A _   0.010 0.008 0.000 0.009 0.003 0.008 0.149 0.813 
 105 V _   0.008 0.007 0.000 0.007 0.003 0.007 0.150 0.817 
 106 P _   0.008 0.006 0.000 0.006 0.002 0.007 0.151 0.820 
 107 K _   0.007 0.006 0.000 0.005 0.002 0.006 0.152 0.821 
 108 T _   0.006 0.006 0.000 0.005 0.002 0.006 0.152 0.822 
 109 A _   0.006 0.007 0.000 0.005 0.002 0.006 0.152 0.822 
 110 N _   0.006 0.009 0.000 0.005 0.002 0.007 0.151 0.821 
 111 T _   0.006 0.011 0.000 0.005 0.002 0.007 0.150 0.818 
 112 L _   0.006 0.016 0.000 0.007 0.003 0.009 0.148 0.812 
 113 P _   0.007 0.023 0.000 0.009 0.003 0.010 0.146 0.801 
 114 S _   0.008 0.035 0.001 0.012 0.005 0.012 0.143 0.786 
 115 K _   0.008 0.052 0.001 0.016 0.006 0.013 0.140 0.763 
 116 E _   0.009 0.074 0.001 0.022 0.008 0.015 0.136 0.736 
 117 A _   0.009 0.098 0.001 0.028 0.009 0.016 0.133 0.707 
 118 I _   0.009 0.119 0.001 0.034 0.010 0.017 0.130 0.680 
 119 T _   0.009 0.134 0.001 0.039 0.011 0.017 0.127 0.662 
 120 V _   0.009 0.144 0.001 0.041 0.011 0.016 0.126 0.651 
 121 Q _   0.009 0.148 0.001 0.041 0.010 0.016 0.126 0.650 
 122 Q _   0.009 0.148 0.001 0.038 0.009 0.015 0.126 0.655 
 123 K _   0.008 0.144 0.001 0.032 0.008 0.013 0.127 0.667 
 124 Q _   0.008 0.136 0.001 0.025 0.006 0.012 0.128 0.683 
 125 M _   0.007 0.126 0.001 0.019 0.005 0.010 0.130 0.703 
 126 P _   0.007 0.116 0.001 0.013 0.004 0.009 0.131 0.720 
 127 F _   0.006 0.107 0.000 0.009 0.003 0.009 0.132 0.734 
 128 C _   0.006 0.103 0.000 0.006 0.002 0.008 0.132 0.742 
 129 D _   0.006 0.101 0.000 0.006 0.002 0.009 0.132 0.744 
 130 K _   0.006 0.104 0.000 0.006 0.003 0.010 0.132 0.740 
 131 D _   0.007 0.111 0.000 0.008 0.004 0.011 0.130 0.729 
 132 R _   0.008 0.126 0.001 0.012 0.005 0.013 0.129 0.707 
 133 T _   0.009 0.151 0.001 0.019 0.007 0.015 0.126 0.673 
 134 L _   0.009 0.184 0.001 0.027 0.009 0.016 0.124 0.631 
 135 M _   0.009 0.216 0.001 0.035 0.010 0.017 0.121 0.590 
 136 T _   0.008 0.242 0.001 0.042 0.011 0.017 0.120 0.559 
 137 P _   0.008 0.259 0.001 0.047 0.011 0.017 0.119 0.538 
 138 V _   0.008 0.267 0.001 0.050 0.011 0.016 0.119 0.528 
 139 Q _   0.008 0.270 0.001 0.050 0.011 0.015 0.120 0.525 
 140 N _   0.008 0.267 0.001 0.048 0.010 0.015 0.122 0.529 
 141 L _   0.008 0.257 0.001 0.045 0.010 0.014 0.125 0.541 
 142 E _   0.008 0.240 0.001 0.040 0.009 0.013 0.129 0.561 
 143 Q _   0.009 0.214 0.001 0.033 0.008 0.012 0.135 0.589 
 144 S _   0.009 0.180 0.001 0.027 0.006 0.011 0.141 0.624 
 145 Y _   0.009 0.145 0.001 0.021 0.005 0.010 0.148 0.661 
 146 M _   0.008 0.114 0.001 0.016 0.004 0.009 0.154 0.695 
 147 P _   0.008 0.089 0.000 0.011 0.003 0.008 0.159 0.722 
 148 P _   0.007 0.073 0.000 0.008 0.002 0.007 0.162 0.742 
 149 D _   0.006 0.063 0.000 0.006 0.002 0.006 0.164 0.754 
 150 S _   0.005 0.058 0.000 0.004 0.001 0.005 0.165 0.762 
 151 S _   0.004 0.056 0.000 0.004 0.001 0.005 0.165 0.765 
 152 S _   0.004 0.056 0.000 0.004 0.001 0.006 0.163 0.765 
 153 P _   0.004 0.060 0.000 0.005 0.002 0.007 0.161 0.761 
 154 E _   0.004 0.068 0.000 0.008 0.002 0.008 0.158 0.752 
 155 N _   0.005 0.083 0.000 0.011 0.003 0.010 0.153 0.735 
 156 K _   0.005 0.108 0.001 0.015 0.004 0.012 0.146 0.708 
 157 S _   0.006 0.144 0.001 0.020 0.006 0.014 0.138 0.671 
 158 L _   0.006 0.187 0.001 0.025 0.007 0.015 0.129 0.630 
 159 E _   0.006 0.231 0.001 0.029 0.008 0.016 0.121 0.588 
 160 V _   0.005 0.272 0.001 0.031 0.009 0.016 0.113 0.552 
 161 S _   0.005 0.307 0.001 0.033 0.009 0.016 0.107 0.522 
 162 D _   0.005 0.335 0.001 0.034 0.009 0.016 0.102 0.498 
 163 T _   0.005 0.357 0.001 0.035 0.009 0.016 0.097 0.478 
 164 R _   0.006 0.374 0.001 0.036 0.010 0.016 0.094 0.463 
 165 F _   0.006 0.386 0.001 0.038 0.010 0.016 0.091 0.452 
 166 H _   0.006 0.394 0.001 0.039 0.010 0.016 0.089 0.444 
 167 S _   0.006 0.397 0.001 0.041 0.010 0.016 0.088 0.441 
 168 F _   0.007 0.396 0.001 0.041 0.010 0.015 0.088 0.442 
 169 S _   0.007 0.390 0.001 0.041 0.010 0.015 0.088 0.448 
 170 F _   0.008 0.377 0.001 0.040 0.010 0.014 0.088 0.461 
 171 Y _   0.008 0.356 0.001 0.038 0.010 0.014 0.090 0.483 
 172 E _   0.009 0.324 0.001 0.034 0.009 0.013 0.092 0.516 
 173 L _   0.009 0.280 0.001 0.030 0.009 0.013 0.096 0.562 
 174 K _   0.010 0.226 0.001 0.025 0.008 0.012 0.100 0.618 
 175 N _   0.010 0.171 0.001 0.020 0.007 0.011 0.104 0.675 
 176 V _   0.010 0.124 0.001 0.016 0.005 0.011 0.108 0.726 
 177 T _   0.009 0.089 0.001 0.012 0.004 0.010 0.111 0.764 
 178 N _   0.008 0.066 0.000 0.010 0.003 0.009 0.113 0.790 
 179 N _   0.007 0.052 0.000 0.008 0.003 0.008 0.115 0.807 
 180 F _   0.007 0.043 0.000 0.007 0.002 0.008 0.116 0.817 
 181 D _   0.006 0.037 0.000 0.007 0.002 0.007 0.116 0.823 
 182 E _   0.006 0.034 0.000 0.007 0.002 0.007 0.116 0.828 
 183 R _   0.005 0.032 0.000 0.007 0.002 0.007 0.115 0.831 
 184 P _   0.005 0.031 0.000 0.007 0.002 0.007 0.114 0.834 
 185 I _   0.005 0.030 0.000 0.007 0.002 0.007 0.113 0.836 
 186 S _   0.005 0.030 0.000 0.007 0.002 0.007 0.111 0.837 
 187 V _   0.005 0.032 0.000 0.007 0.002 0.008 0.108 0.837 
 188 G _   0.005 0.034 0.000 0.008 0.003 0.009 0.106 0.835 
 189 G _   0.006 0.038 0.000 0.009 0.003 0.011 0.102 0.829 
 190 N _   0.007 0.045 0.001 0.011 0.005 0.014 0.099 0.820 
 191 K _   0.008 0.055 0.001 0.014 0.006 0.017 0.095 0.805 
 192 M _   0.010 0.068 0.001 0.019 0.009 0.020 0.090 0.784 
 193 G _   0.011 0.085 0.001 0.025 0.012 0.024 0.085 0.757 
 194 E _   0.012 0.102 0.001 0.033 0.015 0.027 0.081 0.729 
 195 G _   0.013 0.119 0.001 0.041 0.018 0.029 0.076 0.702 
 196 G _   0.015 0.131 0.001 0.047 0.020 0.031 0.073 0.682 
 197 F _   0.015 0.139 0.002 0.053 0.022 0.032 0.070 0.668 
 198 G _   0.016 0.142 0.002 0.055 0.022 0.032 0.068 0.663 
 199 V _   0.017 0.140 0.002 0.054 0.022 0.031 0.066 0.668 
 200 V _   0.017 0.133 0.002 0.050 0.021 0.030 0.065 0.683 
 201 Y _   0.017 0.121 0.002 0.043 0.018 0.029 0.065 0.707 
 202 K _   0.016 0.102 0.002 0.034 0.016 0.027 0.065 0.738 
 203 G _   0.016 0.078 0.001 0.026 0.013 0.025 0.065 0.775 
 204 Y _   0.016 0.055 0.001 0.018 0.010 0.024 0.065 0.810 
 205 V _   0.016 0.036 0.001 0.012 0.008 0.023 0.066 0.837 
 206 N _   0.016 0.024 0.001 0.009 0.006 0.023 0.066 0.855 
 207 N _   0.018 0.018 0.001 0.006 0.006 0.024 0.065 0.863 
 208 T _   0.020 0.015 0.001 0.005 0.005 0.025 0.065 0.864 
 209 T _   0.024 0.014 0.001 0.006 0.006 0.027 0.064 0.858 
 210 V _   0.030 0.015 0.001 0.007 0.008 0.031 0.063 0.846 
 211 A _   0.036 0.018 0.001 0.009 0.011 0.034 0.062 0.829 
 212 V _   0.042 0.022 0.001 0.012 0.015 0.038 0.061 0.808 
 213 K _   0.048 0.029 0.001 0.016 0.019 0.042 0.060 0.785 
 214 K _   0.053 0.036 0.002 0.021 0.023 0.044 0.059 0.762 
 215 L _   0.057 0.043 0.002 0.025 0.027 0.046 0.058 0.743 
 216 A _   0.059 0.049 0.002 0.029 0.028 0.046 0.058 0.729 
 217 A _   0.059 0.053 0.002 0.032 0.029 0.045 0.058 0.722 
 218 M _   0.058 0.055 0.002 0.034 0.028 0.043 0.058 0.722 
 219 V _   0.055 0.055 0.002 0.034 0.025 0.039 0.059 0.730 
 220 D _   0.051 0.053 0.002 0.032 0.022 0.036 0.060 0.744 
 221 I _   0.046 0.049 0.001 0.029 0.018 0.032 0.062 0.762 
 222 T _   0.041 0.042 0.001 0.025 0.015 0.027 0.063 0.785 
 223 T _   0.035 0.034 0.001 0.020 0.011 0.023 0.064 0.811 
 224 E _   0.029 0.025 0.001 0.015 0.008 0.020 0.066 0.836 
 225 E _   0.024 0.017 0.001 0.010 0.006 0.016 0.067 0.859 
 226 L _   0.020 0.011 0.001 0.007 0.004 0.014 0.067 0.876 
 227 K _   0.016 0.008 0.000 0.005 0.003 0.012 0.068 0.888 
 228 Q _   0.013 0.006 0.000 0.004 0.003 0.011 0.067 0.896 
 229 Q _   0.012 0.006 0.000 0.004 0.002 0.010 0.067 0.899 
 230 F _   0.011 0.006 0.000 0.004 0.003 0.011 0.066 0.899 
 231 D _   0.011 0.007 0.000 0.005 0.003 0.012 0.065 0.896 
 232 Q _   0.011 0.010 0.000 0.007 0.004 0.013 0.064 0.890 
 233 E _   0.012 0.014 0.001 0.009 0.005 0.015 0.063 0.882 
 234 I _   0.012 0.019 0.001 0.012 0.006 0.016 0.062 0.872 
 235 K _   0.013 0.025 0.001 0.014 0.007 0.018 0.060 0.863 
 236 V _   0.014 0.030 0.001 0.015 0.007 0.019 0.059 0.856 
 237 M _   0.014 0.035 0.001 0.015 0.008 0.021 0.057 0.849 
 238 A _   0.015 0.040 0.001 0.015 0.008 0.023 0.055 0.843 
 239 K _   0.016 0.044 0.001 0.015 0.009 0.025 0.054 0.836 
 240 C _   0.018 0.051 0.001 0.015 0.011 0.027 0.052 0.825 
 241 Q _   0.020 0.059 0.001 0.018 0.013 0.030 0.050 0.809 
 242 H _   0.023 0.071 0.001 0.023 0.017 0.032 0.048 0.785 
 243 E _   0.025 0.086 0.002 0.031 0.021 0.034 0.046 0.756 
 244 N _   0.027 0.101 0.002 0.041 0.024 0.035 0.044 0.726 
 245 L _   0.028 0.113 0.002 0.050 0.025 0.035 0.043 0.703 
 246 V _   0.028 0.120 0.002 0.058 0.025 0.034 0.042 0.691 
 247 E _   0.027 0.122 0.002 0.060 0.024 0.032 0.042 0.692 
 248 L _   0.025 0.118 0.002 0.057 0.021 0.029 0.042 0.707 
 249 L _   0.023 0.107 0.002 0.048 0.018 0.025 0.043 0.735 
 250 G _   0.020 0.087 0.001 0.036 0.013 0.021 0.044 0.776 
 251 F _   0.018 0.061 0.001 0.023 0.009 0.018 0.044 0.825 
 252 S _   0.015 0.036 0.001 0.013 0.006 0.015 0.045 0.869 
 253 S _   0.013 0.020 0.000 0.007 0.004 0.013 0.045 0.898 
 254 D _   0.011 0.014 0.000 0.004 0.003 0.013 0.045 0.911 
 255 G _   0.012 0.012 0.000 0.003 0.002 0.014 0.044 0.913 
 256 D _   0.014 0.013 0.000 0.003 0.003 0.016 0.044 0.907 
 257 D _   0.018 0.017 0.001 0.006 0.006 0.020 0.042 0.891 
 258 L _   0.022 0.031 0.001 0.011 0.010 0.025 0.041 0.858 
 259 C _   0.026 0.061 0.001 0.020 0.015 0.030 0.039 0.808 
 260 L _   0.028 0.100 0.002 0.032 0.020 0.033 0.037 0.749 
 261 V _   0.028 0.136 0.002 0.042 0.023 0.035 0.035 0.699 
 262 Y _   0.028 0.161 0.002 0.049 0.024 0.035 0.033 0.669 
 263 V _   0.027 0.175 0.002 0.051 0.024 0.034 0.032 0.655 
 264 Y _   0.026 0.181 0.002 0.050 0.023 0.033 0.032 0.655 
 265 M _   0.024 0.182 0.002 0.045 0.021 0.031 0.031 0.665 
 266 P _   0.022 0.177 0.001 0.039 0.018 0.028 0.031 0.683 
 267 N _   0.020 0.170 0.001 0.032 0.015 0.026 0.032 0.705 
 268 G _   0.018 0.159 0.001 0.025 0.012 0.024 0.032 0.728 
 269 S _   0.016 0.149 0.001 0.021 0.010 0.022 0.032 0.749 
 270 L _   0.015 0.141 0.001 0.018 0.009 0.020 0.032 0.764 
 271 L _   0.014 0.134 0.001 0.016 0.008 0.019 0.033 0.777 
 272 D _   0.013 0.128 0.001 0.016 0.007 0.017 0.033 0.786 
 273 R _   0.012 0.123 0.001 0.016 0.007 0.016 0.033 0.792 
 274 L _   0.011 0.118 0.001 0.016 0.006 0.015 0.033 0.799 
 275 S _   0.011 0.112 0.001 0.016 0.006 0.014 0.033 0.807 
 276 C _   0.010 0.106 0.001 0.015 0.006 0.013 0.033 0.815 
 277 L _   0.010 0.099 0.001 0.014 0.005 0.013 0.034 0.825 
 278 D _   0.009 0.093 0.001 0.012 0.005 0.012 0.034 0.835 
 279 G _   0.009 0.086 0.001 0.010 0.004 0.012 0.034 0.844 
 280 T _   0.009 0.081 0.000 0.009 0.004 0.012 0.034 0.852 
 281 P _   0.009 0.078 0.000 0.008 0.004 0.012 0.034 0.855 
 282 P _   0.009 0.076 0.000 0.007 0.004 0.013 0.034 0.856 
 283 L _   0.010 0.077 0.001 0.008 0.004 0.015 0.033 0.852 
 284 S _   0.011 0.080 0.001 0.009 0.005 0.016 0.033 0.844 
 285 W _   0.013 0.086 0.001 0.011 0.007 0.018 0.032 0.833 
 286 H _   0.014 0.095 0.001 0.014 0.008 0.021 0.031 0.816 
 287 M _   0.015 0.108 0.001 0.017 0.010 0.023 0.031 0.794 
 288 R _   0.016 0.122 0.001 0.021 0.012 0.024 0.030 0.773 
 289 C _   0.017 0.137 0.001 0.024 0.014 0.025 0.029 0.752 
 290 K _   0.018 0.150 0.001 0.027 0.015 0.026 0.028 0.734 
 291 I _   0.018 0.160 0.001 0.030 0.016 0.026 0.028 0.721 
 292 A _   0.018 0.168 0.001 0.031 0.016 0.026 0.027 0.712 
 293 Q _   0.018 0.172 0.001 0.032 0.016 0.026 0.027 0.707 
 294 G _   0.018 0.174 0.001 0.033 0.016 0.025 0.027 0.706 
 295 A _   0.018 0.173 0.001 0.032 0.015 0.024 0.028 0.708 
 296 A _   0.017 0.170 0.001 0.032 0.014 0.023 0.028 0.715 
 297 N _   0.017 0.164 0.001 0.031 0.013 0.022 0.029 0.724 
 298 G _   0.016 0.156 0.001 0.029 0.012 0.020 0.029 0.736 
 299 I _   0.016 0.145 0.001 0.027 0.011 0.019 0.030 0.751 
 300 N _   0.015 0.132 0.001 0.025 0.010 0.017 0.031 0.769 
 301 F _   0.014 0.116 0.001 0.022 0.008 0.016 0.033 0.791 
 302 L _   0.013 0.098 0.001 0.019 0.007 0.014 0.034 0.814 
 303 H _   0.012 0.080 0.001 0.016 0.006 0.013 0.035 0.837 
 304 E _   0.010 0.064 0.001 0.014 0.005 0.012 0.036 0.859 
 305 N _   0.009 0.050 0.001 0.011 0.004 0.010 0.037 0.878 
 306 H _   0.008 0.039 0.000 0.009 0.004 0.009 0.037 0.893 
 307 H _   0.007 0.031 0.000 0.008 0.003 0.009 0.038 0.904 
 308 I _   0.007 0.026 0.000 0.007 0.003 0.008 0.038 0.912 
 309 H _   0.006 0.023 0.000 0.006 0.002 0.008 0.038 0.916 
 310 R _   0.006 0.021 0.000 0.006 0.002 0.008 0.038 0.919 
 311 D _   0.006 0.020 0.000 0.006 0.003 0.009 0.037 0.919 
 312 I _   0.007 0.020 0.000 0.007 0.003 0.010 0.037 0.916 
 313 K _   0.007 0.022 0.000 0.008 0.004 0.012 0.036 0.911 
 314 S _   0.009 0.024 0.001 0.010 0.005 0.014 0.035 0.903 
 315 A _   0.010 0.028 0.001 0.012 0.006 0.017 0.034 0.893 
 316 N _   0.012 0.032 0.001 0.015 0.008 0.020 0.032 0.879 
 317 I _   0.015 0.037 0.001 0.019 0.010 0.023 0.031 0.864 
 318 L _   0.017 0.042 0.001 0.022 0.012 0.026 0.030 0.850 
 319 L _   0.020 0.046 0.001 0.025 0.014 0.028 0.029 0.836 
 320 D _   0.023 0.049 0.001 0.027 0.016 0.030 0.028 0.826 
 321 E _   0.025 0.050 0.001 0.028 0.017 0.031 0.027 0.820 
 322 A _   0.027 0.050 0.001 0.028 0.018 0.032 0.027 0.817 
 323 F _   0.029 0.049 0.001 0.026 0.018 0.032 0.027 0.818 
 324 T _   0.030 0.046 0.001 0.025 0.017 0.031 0.026 0.823 
 325 A _   0.031 0.043 0.001 0.023 0.016 0.030 0.026 0.830 
 326 K _   0.031 0.038 0.001 0.021 0.015 0.029 0.026 0.838 
 327 I _   0.031 0.034 0.001 0.019 0.013 0.028 0.026 0.848 
 328 S _   0.031 0.028 0.001 0.017 0.012 0.026 0.026 0.859 
 329 D _   0.030 0.023 0.001 0.015 0.010 0.025 0.026 0.869 
 330 F _   0.030 0.017 0.001 0.013 0.009 0.023 0.026 0.880 
 331 G _   0.031 0.012 0.001 0.011 0.008 0.022 0.026 0.889 
 332 L _   0.031 0.008 0.001 0.009 0.007 0.021 0.026 0.897 
 333 A _   0.033 0.005 0.001 0.007 0.006 0.020 0.026 0.903 
 334 R _   0.036 0.003 0.001 0.005 0.005 0.020 0.025 0.905 
 335 A _   0.041 0.001 0.001 0.004 0.005 0.020 0.025 0.903 
 336 S _   0.050 0.001 0.001 0.003 0.005 0.021 0.024 0.895 
 337 E _   0.062 0.000 0.001 0.003 0.006 0.023 0.023 0.882 
 338 K _   0.078 0.000 0.001 0.003 0.007 0.025 0.022 0.863 
 339 F _   0.099 0.000 0.001 0.003 0.009 0.029 0.021 0.838 
 340 A _   0.124 0.000 0.001 0.004 0.011 0.033 0.020 0.807 
 341 Q _   0.151 0.000 0.001 0.004 0.015 0.037 0.019 0.773 
 342 T _   0.178 0.000 0.001 0.005 0.019 0.041 0.018 0.737 
 343 V _   0.206 0.001 0.001 0.006 0.024 0.044 0.018 0.701 
 344 M _   0.228 0.001 0.002 0.007 0.028 0.047 0.017 0.670 
 345 T _   0.247 0.001 0.002 0.008 0.031 0.049 0.017 0.646 
 346 S _   0.261 0.001 0.002 0.008 0.033 0.049 0.017 0.629 
 347 R _   0.267 0.001 0.002 0.009 0.034 0.049 0.017 0.621 
 348 I _   0.268 0.002 0.002 0.009 0.033 0.048 0.017 0.622 
 349 V _   0.261 0.002 0.002 0.009 0.032 0.047 0.017 0.630 
 350 G _   0.249 0.002 0.002 0.009 0.030 0.045 0.018 0.645 
 351 T _   0.232 0.002 0.002 0.009 0.028 0.043 0.018 0.666 
 352 T _   0.210 0.002 0.002 0.010 0.025 0.041 0.019 0.691 
 353 A _   0.184 0.002 0.002 0.011 0.022 0.038 0.020 0.721 
 354 Y _   0.157 0.002 0.001 0.012 0.020 0.036 0.021 0.752 
 355 M _   0.129 0.003 0.001 0.013 0.017 0.033 0.021 0.783 
 356 A _   0.104 0.003 0.001 0.013 0.015 0.030 0.022 0.812 
 357 P _   0.083 0.003 0.001 0.014 0.013 0.027 0.023 0.837 
 358 E _   0.065 0.003 0.001 0.014 0.011 0.024 0.023 0.858 
 359 A _   0.052 0.003 0.001 0.014 0.009 0.021 0.024 0.877 
 360 L _   0.042 0.003 0.001 0.012 0.008 0.018 0.024 0.892 
 361 R _   0.035 0.002 0.001 0.011 0.006 0.016 0.024 0.905 
 362 G _   0.031 0.002 0.001 0.009 0.005 0.013 0.025 0.916 
 363 E _   0.029 0.001 0.001 0.007 0.004 0.012 0.024 0.923 
 364 I _   0.031 0.001 0.000 0.005 0.003 0.010 0.024 0.926 
 365 T _   0.037 0.000 0.000 0.003 0.003 0.009 0.024 0.923 
 366 P _   0.051 0.000 0.000 0.002 0.003 0.009 0.023 0.912 
 367 K _   0.075 0.000 0.000 0.002 0.003 0.010 0.022 0.888 
 368 S _   0.118 0.000 0.001 0.001 0.004 0.012 0.020 0.844 
 369 D _   0.187 0.000 0.001 0.001 0.006 0.014 0.019 0.773 
 370 I _   0.282 0.000 0.001 0.001 0.009 0.017 0.017 0.673 
 371 Y _   0.398 0.000 0.001 0.001 0.013 0.021 0.015 0.551 
 372 S H   0.514 0.000 0.001 0.002 0.018 0.024 0.013 0.428 
 373 F H   0.615 0.000 0.002 0.002 0.024 0.026 0.012 0.320 
 374 G H   0.692 0.000 0.002 0.002 0.029 0.026 0.012 0.237 
 375 V H   0.742 0.000 0.002 0.002 0.032 0.026 0.012 0.183 
 376 V H   0.772 0.000 0.002 0.002 0.034 0.024 0.013 0.152 
 377 L H   0.782 0.000 0.002 0.003 0.036 0.023 0.015 0.140 
 378 L H   0.777 0.000 0.002 0.003 0.036 0.022 0.017 0.142 
 379 E H   0.757 0.000 0.002 0.004 0.036 0.021 0.021 0.160 
 380 I H   0.716 0.000 0.002 0.004 0.034 0.020 0.025 0.197 
 381 I H   0.650 0.000 0.002 0.005 0.031 0.020 0.033 0.259 
 382 T H   0.561 0.000 0.002 0.005 0.026 0.018 0.042 0.344 
 383 G H   0.458 0.000 0.002 0.005 0.019 0.017 0.054 0.444 
 384 L _   0.352 0.000 0.001 0.005 0.013 0.015 0.068 0.547 
 385 P _   0.254 0.000 0.001 0.004 0.009 0.013 0.080 0.639 
 386 A _   0.171 0.000 0.001 0.004 0.006 0.011 0.092 0.716 
 387 V _   0.111 0.000 0.001 0.003 0.004 0.009 0.101 0.771 
 388 D _   0.071 0.000 0.000 0.003 0.003 0.008 0.108 0.806 
 389 E _   0.045 0.000 0.000 0.003 0.003 0.008 0.114 0.827 
 390 H _   0.030 0.000 0.000 0.003 0.002 0.007 0.119 0.838 
 391 R _   0.020 0.001 0.000 0.004 0.002 0.007 0.123 0.842 
 392 E _   0.015 0.001 0.000 0.005 0.002 0.007 0.126 0.843 
 393 P _   0.012 0.002 0.000 0.007 0.003 0.008 0.129 0.840 
 394 Q _   0.010 0.003 0.000 0.009 0.003 0.008 0.131 0.835 
 395 L _   0.009 0.005 0.000 0.011 0.004 0.009 0.134 0.829 
 396 L _   0.008 0.006 0.000 0.013 0.004 0.009 0.136 0.823 
 397 L _   0.008 0.007 0.000 0.014 0.004 0.009 0.138 0.819 
 398 D _   0.007 0.008 0.001 0.014 0.004 0.009 0.141 0.816 
 399 I _   0.007 0.009 0.000 0.014 0.004 0.009 0.143 0.815 
 400 K _   0.006 0.009 0.000 0.013 0.004 0.008 0.146 0.814 
 401 E _   0.006 0.009 0.000 0.011 0.003 0.008 0.148 0.814 
 402 E _   0.006 0.008 0.000 0.010 0.003 0.007 0.151 0.814 
 403 I _   0.005 0.008 0.000 0.009 0.003 0.007 0.153 0.814 
 404 E _   0.005 0.008 0.000 0.009 0.003 0.007 0.155 0.812 
 405 D _   0.005 0.009 0.000 0.009 0.003 0.007 0.157 0.809 
 406 E _   0.006 0.009 0.000 0.010 0.003 0.008 0.159 0.805 
 407 E _   0.006 0.010 0.000 0.012 0.003 0.008 0.161 0.799 
 408 K _   0.006 0.011 0.000 0.014 0.004 0.009 0.163 0.794 
 409 T _   0.006 0.012 0.000 0.016 0.004 0.009 0.165 0.788 
 410 I _   0.006 0.013 0.000 0.017 0.004 0.009 0.167 0.783 
 411 E _   0.006 0.013 0.001 0.018 0.004 0.009 0.169 0.780 
 412 D _   0.006 0.012 0.000 0.017 0.004 0.008 0.172 0.779 
 413 Y _   0.005 0.011 0.000 0.016 0.004 0.008 0.175 0.780 
 414 I _   0.005 0.010 0.000 0.013 0.003 0.007 0.178 0.783 
 415 D _   0.005 0.008 0.000 0.010 0.003 0.007 0.181 0.786 
 416 K _   0.005 0.006 0.000 0.007 0.002 0.006 0.184 0.790 
 417 K _   0.004 0.005 0.000 0.005 0.002 0.006 0.186 0.792 
 418 M _   0.004 0.004 0.000 0.004 0.001 0.006 0.187 0.793 
 419 N _   0.005 0.004 0.000 0.003 0.001 0.007 0.188 0.792 
 420 D _   0.006 0.005 0.000 0.003 0.002 0.009 0.187 0.788 
 421 A _   0.008 0.007 0.000 0.004 0.002 0.012 0.187 0.779 
 422 D _   0.013 0.014 0.000 0.006 0.005 0.018 0.185 0.758 
 423 S _   0.021 0.034 0.001 0.010 0.010 0.027 0.182 0.716 
 424 T _   0.028 0.080 0.002 0.018 0.019 0.036 0.177 0.639 
 425 S _   0.034 0.166 0.003 0.028 0.030 0.043 0.171 0.525 
 426 V _   0.036 0.276 0.003 0.039 0.037 0.046 0.165 0.397 
 427 E E   0.034 0.378 0.003 0.049 0.039 0.045 0.161 0.292 
 428 A E   0.031 0.444 0.002 0.056 0.037 0.042 0.159 0.228 
 429 M E   0.030 0.481 0.002 0.060 0.034 0.039 0.159 0.195 
 430 Y E   0.028 0.497 0.002 0.062 0.032 0.036 0.161 0.182 
 431 S E   0.027 0.502 0.002 0.062 0.029 0.033 0.165 0.181 
 432 V E   0.025 0.497 0.002 0.060 0.027 0.030 0.171 0.189 
 433 A E   0.024 0.480 0.002 0.056 0.024 0.027 0.179 0.209 
 434 S E   0.023 0.444 0.002 0.050 0.021 0.024 0.191 0.246 
 435 Q E   0.022 0.383 0.002 0.043 0.018 0.021 0.207 0.302 
 436 C _   0.021 0.301 0.002 0.035 0.015 0.019 0.228 0.377 
 437 L _   0.020 0.213 0.002 0.027 0.012 0.017 0.251 0.459 
 438 H _   0.017 0.140 0.001 0.018 0.008 0.014 0.271 0.530 
 439 E _   0.014 0.093 0.001 0.011 0.005 0.012 0.287 0.578 
 440 K _   0.011 0.067 0.000 0.007 0.003 0.009 0.297 0.606 
 441 K _   0.008 0.055 0.000 0.004 0.002 0.008 0.303 0.619 
 442 N _   0.006 0.050 0.000 0.003 0.001 0.007 0.307 0.624 
 443 K _   0.006 0.049 0.000 0.003 0.001 0.007 0.310 0.624 
 444 R _   0.006 0.052 0.000 0.004 0.002 0.008 0.311 0.618 
 445 P _   0.006 0.059 0.000 0.006 0.002 0.011 0.310 0.605 
 446 D _   0.008 0.077 0.001 0.010 0.004 0.014 0.308 0.579 
 447 I _   0.010 0.118 0.001 0.016 0.007 0.017 0.303 0.528 
 448 K _   0.010 0.190 0.001 0.024 0.011 0.019 0.296 0.448 
 449 K _   0.010 0.286 0.002 0.033 0.013 0.020 0.288 0.350 
 450 V E   0.008 0.380 0.002 0.039 0.013 0.018 0.281 0.259 
 451 Q E   0.006 0.448 0.001 0.042 0.012 0.016 0.277 0.197 
 452 Q E   0.005 0.488 0.001 0.044 0.011 0.014 0.276 0.163 
 453 L E   0.004 0.508 0.001 0.043 0.009 0.011 0.277 0.147 
 454 L E   0.003 0.518 0.001 0.042 0.007 0.009 0.279 0.141 
 455 Q E   0.002 0.518 0.001 0.039 0.006 0.007 0.283 0.144 
 456 E E   0.002 0.511 0.001 0.033 0.004 0.004 0.290 0.155 
 457 M E   0.001 0.488 0.000 0.026 0.002 0.002 0.299 0.182 
 458 T E   0.001 0.447 0.000 0.018 0.001 0.001 0.305 0.227 
 459 A E   0.001 0.406 0.000 0.018 0.001 0.001 0.306 0.268 
 460 S E   0.003 0.376 0.002 0.026 0.005 0.004 0.300 0.283 
