#TopoPred_TM8: 8-state transmembrane topology prediction results by no_profile mode 
#probabilities are in the order of H E C I L F X _, the 8 transmembrane topology types used in PDBTM 
   1 M X   0.004 0.000 0.001 0.028 0.006 0.004 0.942 0.014 
   2 L X   0.001 0.000 0.000 0.012 0.001 0.002 0.972 0.012 
   3 T X   0.000 0.000 0.000 0.005 0.000 0.001 0.982 0.012 
   4 K X   0.000 0.000 0.000 0.003 0.000 0.000 0.985 0.011 
   5 P X   0.000 0.000 0.000 0.002 0.000 0.001 0.986 0.011 
   6 L X   0.000 0.000 0.000 0.001 0.000 0.001 0.986 0.011 
   7 Q X   0.000 0.000 0.000 0.001 0.000 0.001 0.987 0.011 
   8 G X   0.000 0.000 0.000 0.001 0.000 0.001 0.986 0.012 
   9 P X   0.000 0.000 0.000 0.001 0.000 0.001 0.986 0.013 
  10 P X   0.000 0.000 0.000 0.001 0.000 0.001 0.985 0.014 
  11 A X   0.000 0.000 0.000 0.001 0.000 0.001 0.983 0.015 
  12 P X   0.000 0.000 0.000 0.001 0.000 0.001 0.981 0.017 
  13 P X   0.000 0.000 0.000 0.001 0.000 0.001 0.979 0.019 
  14 G X   0.000 0.000 0.000 0.001 0.000 0.001 0.976 0.022 
  15 T X   0.000 0.000 0.000 0.001 0.000 0.001 0.973 0.025 
  16 P X   0.000 0.000 0.000 0.001 0.000 0.001 0.968 0.030 
  17 T X   0.001 0.000 0.000 0.001 0.000 0.001 0.962 0.036 
  18 P X   0.001 0.000 0.000 0.001 0.000 0.001 0.953 0.044 
  19 P X   0.001 0.000 0.000 0.001 0.000 0.001 0.942 0.054 
  20 P X   0.001 0.001 0.000 0.002 0.001 0.002 0.926 0.067 
  21 G X   0.001 0.001 0.000 0.003 0.001 0.003 0.907 0.084 
  22 G X   0.001 0.003 0.000 0.004 0.001 0.004 0.882 0.104 
  23 K X   0.002 0.006 0.000 0.007 0.002 0.006 0.851 0.126 
  24 D X   0.002 0.012 0.001 0.012 0.003 0.009 0.812 0.148 
  25 R X   0.003 0.023 0.001 0.018 0.005 0.012 0.766 0.171 
  26 E X   0.004 0.039 0.001 0.026 0.007 0.015 0.716 0.192 
  27 A X   0.004 0.058 0.001 0.035 0.009 0.018 0.663 0.212 
  28 F X   0.004 0.077 0.001 0.042 0.011 0.020 0.615 0.230 
  29 E X   0.005 0.093 0.001 0.047 0.012 0.021 0.572 0.250 
  30 A X   0.005 0.105 0.001 0.048 0.012 0.022 0.536 0.271 
  31 E X   0.005 0.112 0.001 0.048 0.012 0.023 0.504 0.294 
  32 Y X   0.005 0.117 0.001 0.044 0.012 0.023 0.478 0.319 
  33 R X   0.006 0.119 0.001 0.040 0.011 0.024 0.454 0.345 
  34 L X   0.006 0.119 0.001 0.035 0.011 0.025 0.433 0.370 
  35 G X   0.007 0.117 0.001 0.029 0.011 0.026 0.415 0.394 
  36 P _   0.009 0.115 0.001 0.024 0.010 0.028 0.398 0.415 
  37 L _   0.011 0.113 0.001 0.021 0.011 0.030 0.382 0.433 
  38 L _   0.013 0.111 0.001 0.018 0.011 0.032 0.366 0.447 
  39 G _   0.016 0.111 0.001 0.018 0.013 0.035 0.350 0.456 
  40 K _   0.019 0.111 0.001 0.018 0.015 0.038 0.335 0.462 
  41 G _   0.022 0.113 0.001 0.021 0.018 0.041 0.319 0.464 
  42 G _   0.026 0.116 0.001 0.024 0.022 0.043 0.304 0.464 
  43 F _   0.029 0.118 0.002 0.028 0.024 0.044 0.291 0.464 
  44 G _   0.031 0.119 0.002 0.032 0.026 0.045 0.278 0.466 
  45 T _   0.033 0.118 0.002 0.035 0.027 0.044 0.268 0.473 
  46 V _   0.034 0.114 0.002 0.035 0.027 0.043 0.259 0.486 
  47 F _   0.034 0.106 0.002 0.034 0.025 0.041 0.252 0.507 
  48 A _   0.033 0.095 0.002 0.030 0.023 0.039 0.245 0.535 
  49 G _   0.032 0.079 0.002 0.024 0.019 0.036 0.239 0.568 
  50 H _   0.032 0.061 0.001 0.018 0.016 0.033 0.234 0.604 
  51 R _   0.030 0.046 0.001 0.014 0.013 0.031 0.230 0.636 
  52 L _   0.028 0.034 0.001 0.010 0.011 0.029 0.225 0.662 
  53 T _   0.027 0.026 0.001 0.008 0.009 0.028 0.221 0.680 
  54 D _   0.026 0.022 0.001 0.008 0.008 0.027 0.216 0.692 
  55 R _   0.026 0.020 0.001 0.008 0.008 0.026 0.212 0.698 
  56 L _   0.026 0.020 0.001 0.010 0.009 0.026 0.208 0.701 
  57 Q _   0.026 0.020 0.001 0.012 0.010 0.026 0.203 0.701 
  58 V _   0.026 0.021 0.001 0.014 0.011 0.026 0.199 0.701 
  59 A _   0.026 0.022 0.001 0.016 0.012 0.025 0.195 0.702 
  60 I _   0.025 0.023 0.001 0.018 0.012 0.025 0.191 0.705 
  61 K _   0.024 0.023 0.001 0.019 0.012 0.024 0.188 0.710 
  62 V _   0.023 0.022 0.001 0.019 0.011 0.023 0.184 0.716 
  63 I _   0.021 0.021 0.001 0.019 0.011 0.021 0.181 0.724 
  64 P _   0.020 0.020 0.001 0.018 0.010 0.020 0.179 0.733 
  65 R _   0.018 0.018 0.001 0.017 0.009 0.019 0.176 0.742 
  66 N _   0.017 0.016 0.001 0.016 0.008 0.017 0.174 0.751 
  67 R _   0.016 0.014 0.001 0.014 0.007 0.016 0.173 0.760 
  68 V _   0.014 0.012 0.001 0.013 0.006 0.014 0.171 0.769 
  69 L _   0.012 0.010 0.001 0.011 0.005 0.013 0.169 0.779 
  70 G _   0.011 0.007 0.001 0.010 0.004 0.012 0.167 0.788 
  71 W _   0.010 0.005 0.000 0.008 0.004 0.010 0.165 0.797 
  72 S _   0.009 0.004 0.000 0.006 0.003 0.010 0.163 0.805 
  73 P _   0.008 0.003 0.000 0.005 0.003 0.009 0.160 0.811 
  74 L _   0.008 0.002 0.000 0.004 0.002 0.010 0.158 0.816 
  75 S _   0.009 0.002 0.000 0.004 0.002 0.011 0.154 0.818 
  76 D _   0.010 0.002 0.000 0.004 0.003 0.013 0.151 0.817 
  77 S _   0.013 0.002 0.000 0.004 0.004 0.016 0.147 0.814 
  78 V _   0.017 0.004 0.001 0.005 0.005 0.020 0.143 0.806 
  79 T _   0.022 0.007 0.001 0.008 0.008 0.025 0.137 0.792 
  80 C _   0.027 0.013 0.001 0.012 0.012 0.030 0.132 0.773 
  81 P _   0.033 0.023 0.001 0.018 0.017 0.036 0.126 0.747 
  82 L _   0.038 0.035 0.002 0.024 0.022 0.040 0.120 0.719 
  83 E _   0.041 0.046 0.002 0.031 0.027 0.044 0.114 0.695 
  84 V _   0.044 0.055 0.002 0.037 0.030 0.045 0.109 0.677 
  85 A _   0.045 0.062 0.002 0.041 0.032 0.046 0.105 0.668 
  86 L _   0.045 0.065 0.002 0.043 0.031 0.045 0.101 0.668 
  87 L _   0.044 0.065 0.002 0.042 0.029 0.042 0.099 0.677 
  88 W _   0.042 0.063 0.002 0.038 0.026 0.039 0.097 0.694 
  89 K _   0.039 0.058 0.002 0.032 0.022 0.035 0.095 0.716 
  90 V _   0.036 0.050 0.001 0.026 0.018 0.032 0.094 0.743 
  91 G _   0.033 0.042 0.001 0.019 0.013 0.028 0.094 0.770 
  92 A _   0.029 0.033 0.001 0.014 0.010 0.025 0.093 0.795 
  93 G _   0.026 0.026 0.001 0.010 0.008 0.023 0.092 0.814 
  94 G _   0.024 0.022 0.001 0.008 0.006 0.021 0.091 0.827 
  95 G _   0.022 0.019 0.001 0.006 0.005 0.021 0.090 0.835 
  96 H _   0.021 0.018 0.001 0.006 0.005 0.021 0.089 0.838 
  97 P _   0.021 0.019 0.001 0.007 0.006 0.021 0.088 0.837 
  98 G _   0.022 0.020 0.001 0.008 0.007 0.022 0.087 0.833 
  99 V _   0.023 0.023 0.001 0.010 0.008 0.024 0.086 0.827 
 100 I _   0.023 0.027 0.001 0.012 0.009 0.025 0.085 0.819 
 101 R _   0.024 0.031 0.001 0.013 0.010 0.026 0.083 0.812 
 102 L _   0.024 0.035 0.001 0.014 0.011 0.027 0.082 0.806 
 103 L _   0.024 0.039 0.001 0.015 0.011 0.028 0.081 0.802 
 104 D _   0.023 0.042 0.001 0.015 0.012 0.028 0.080 0.798 
 105 W _   0.023 0.046 0.001 0.015 0.012 0.029 0.079 0.794 
 106 F _   0.024 0.050 0.001 0.015 0.013 0.029 0.078 0.790 
 107 E _   0.025 0.054 0.001 0.016 0.014 0.030 0.077 0.783 
 108 T _   0.025 0.059 0.001 0.018 0.015 0.030 0.077 0.773 
 109 Q _   0.026 0.066 0.001 0.022 0.016 0.031 0.077 0.762 
 110 E _   0.027 0.072 0.001 0.026 0.017 0.030 0.077 0.750 
 111 G _   0.027 0.077 0.001 0.031 0.017 0.030 0.077 0.741 
 112 F _   0.026 0.081 0.001 0.034 0.017 0.028 0.077 0.735 
 113 M _   0.026 0.082 0.001 0.036 0.017 0.027 0.078 0.734 
 114 L _   0.024 0.080 0.001 0.036 0.015 0.024 0.080 0.739 
 115 V _   0.023 0.075 0.001 0.033 0.013 0.022 0.081 0.752 
 116 L _   0.020 0.067 0.001 0.028 0.011 0.019 0.083 0.771 
 117 E _   0.018 0.056 0.001 0.022 0.009 0.017 0.086 0.793 
 118 R _   0.015 0.043 0.001 0.016 0.007 0.014 0.088 0.816 
 119 P _   0.013 0.032 0.001 0.012 0.005 0.012 0.089 0.835 
 120 L _   0.012 0.024 0.000 0.009 0.004 0.011 0.091 0.850 
 121 P _   0.010 0.019 0.000 0.007 0.003 0.010 0.092 0.859 
 122 A _   0.009 0.016 0.000 0.006 0.003 0.009 0.093 0.863 
 123 Q _   0.009 0.014 0.000 0.007 0.003 0.009 0.094 0.864 
 124 D _   0.009 0.013 0.000 0.008 0.003 0.009 0.094 0.863 
 125 L _   0.009 0.013 0.000 0.010 0.004 0.009 0.094 0.860 
 126 F _   0.008 0.013 0.000 0.013 0.004 0.010 0.095 0.857 
 127 D _   0.008 0.013 0.001 0.014 0.004 0.010 0.095 0.855 
 128 Y _   0.008 0.012 0.001 0.015 0.004 0.009 0.095 0.855 
 129 I _   0.007 0.011 0.001 0.015 0.004 0.009 0.096 0.856 
 130 T _   0.007 0.010 0.000 0.014 0.004 0.009 0.096 0.860 
 131 E _   0.006 0.008 0.000 0.012 0.003 0.008 0.097 0.866 
 132 K _   0.006 0.006 0.000 0.009 0.003 0.007 0.097 0.872 
 133 G _   0.006 0.004 0.000 0.007 0.002 0.007 0.097 0.877 
 134 P _   0.006 0.002 0.000 0.005 0.002 0.007 0.097 0.881 
 135 L _   0.006 0.001 0.000 0.004 0.002 0.008 0.096 0.883 
 136 G _   0.009 0.001 0.000 0.003 0.002 0.009 0.095 0.882 
 137 E _   0.013 0.000 0.000 0.003 0.002 0.012 0.093 0.876 
 138 G _   0.022 0.000 0.000 0.003 0.003 0.017 0.091 0.863 
 139 P _   0.039 0.000 0.001 0.003 0.005 0.025 0.088 0.839 
 140 S _   0.065 0.001 0.001 0.005 0.010 0.036 0.084 0.798 
 141 R _   0.101 0.002 0.001 0.007 0.019 0.051 0.079 0.740 
 142 C _   0.143 0.005 0.002 0.010 0.033 0.066 0.074 0.667 
 143 F _   0.185 0.011 0.002 0.015 0.049 0.079 0.069 0.588 
 144 F _   0.221 0.018 0.003 0.021 0.066 0.089 0.065 0.517 
 145 G _   0.249 0.026 0.003 0.028 0.078 0.094 0.062 0.461 
 146 Q _   0.269 0.031 0.003 0.032 0.085 0.095 0.060 0.424 
 147 V _   0.282 0.035 0.003 0.034 0.086 0.093 0.059 0.408 
 148 V _   0.288 0.036 0.003 0.033 0.084 0.088 0.058 0.410 
 149 A _   0.284 0.034 0.003 0.030 0.078 0.082 0.058 0.430 
 150 A _   0.272 0.030 0.003 0.025 0.068 0.075 0.059 0.467 
 151 I _   0.251 0.025 0.003 0.020 0.057 0.067 0.060 0.516 
 152 Q _   0.222 0.019 0.002 0.016 0.045 0.059 0.062 0.574 
 153 H _   0.188 0.014 0.002 0.014 0.034 0.051 0.064 0.634 
 154 C _   0.152 0.011 0.002 0.012 0.025 0.044 0.066 0.689 
 155 H _   0.121 0.009 0.001 0.011 0.018 0.037 0.068 0.734 
 156 S _   0.094 0.007 0.001 0.012 0.014 0.032 0.070 0.771 
 157 R _   0.071 0.007 0.001 0.012 0.010 0.027 0.072 0.801 
 158 G _   0.052 0.006 0.001 0.012 0.008 0.022 0.073 0.826 
 159 V _   0.038 0.005 0.001 0.011 0.006 0.018 0.074 0.845 
 160 V _   0.028 0.005 0.001 0.010 0.005 0.015 0.075 0.861 
 161 H _   0.021 0.005 0.001 0.008 0.004 0.013 0.075 0.874 
 162 R _   0.015 0.004 0.000 0.007 0.003 0.011 0.076 0.884 
 163 D _   0.012 0.004 0.000 0.006 0.003 0.009 0.076 0.891 
 164 I _   0.009 0.004 0.000 0.005 0.002 0.009 0.075 0.895 
 165 K _   0.008 0.005 0.000 0.005 0.002 0.008 0.075 0.897 
 166 D _   0.008 0.006 0.000 0.005 0.002 0.009 0.074 0.895 
 167 E _   0.008 0.009 0.000 0.006 0.003 0.010 0.073 0.891 
 168 N _   0.008 0.014 0.000 0.007 0.004 0.012 0.072 0.882 
 169 I _   0.009 0.023 0.001 0.010 0.005 0.014 0.070 0.868 
 170 L _   0.010 0.036 0.001 0.013 0.006 0.016 0.068 0.850 
 171 I _   0.012 0.052 0.001 0.016 0.008 0.018 0.066 0.827 
 172 D _   0.013 0.070 0.001 0.020 0.009 0.020 0.064 0.804 
 173 L _   0.014 0.087 0.001 0.022 0.011 0.022 0.062 0.782 
 174 R _   0.014 0.102 0.001 0.025 0.012 0.023 0.060 0.763 
 175 R _   0.015 0.115 0.001 0.026 0.013 0.025 0.058 0.747 
 176 G _   0.016 0.125 0.001 0.027 0.014 0.026 0.057 0.734 
 177 C _   0.017 0.134 0.001 0.028 0.015 0.026 0.056 0.723 
 178 A _   0.018 0.141 0.001 0.029 0.015 0.027 0.055 0.715 
 179 K _   0.019 0.146 0.001 0.029 0.015 0.027 0.055 0.709 
 180 L _   0.019 0.150 0.001 0.029 0.015 0.026 0.054 0.705 
 181 I _   0.020 0.152 0.001 0.030 0.014 0.025 0.054 0.703 
 182 D _   0.019 0.153 0.001 0.031 0.014 0.024 0.055 0.703 
 183 F _   0.019 0.152 0.001 0.031 0.013 0.023 0.055 0.705 
 184 G _   0.019 0.148 0.001 0.032 0.013 0.022 0.056 0.710 
 185 S _   0.018 0.142 0.001 0.031 0.012 0.021 0.057 0.718 
 186 G _   0.018 0.133 0.001 0.030 0.011 0.019 0.058 0.729 
 187 A _   0.017 0.121 0.001 0.028 0.010 0.017 0.059 0.746 
 188 L _   0.016 0.104 0.001 0.025 0.008 0.016 0.061 0.769 
 189 L _   0.015 0.085 0.001 0.021 0.007 0.014 0.063 0.794 
 190 H _   0.014 0.064 0.001 0.017 0.006 0.012 0.065 0.822 
 191 D _   0.012 0.045 0.001 0.013 0.005 0.011 0.067 0.848 
 192 E _   0.011 0.029 0.001 0.010 0.004 0.009 0.068 0.869 
 193 P _   0.009 0.018 0.000 0.007 0.003 0.008 0.069 0.885 
 194 Y _   0.008 0.011 0.000 0.006 0.002 0.007 0.069 0.896 
 195 T _   0.007 0.007 0.000 0.005 0.002 0.007 0.069 0.903 
 196 D _   0.007 0.005 0.000 0.004 0.002 0.006 0.068 0.907 
 197 F _   0.006 0.004 0.000 0.004 0.002 0.006 0.068 0.910 
 198 D _   0.006 0.003 0.000 0.005 0.002 0.007 0.066 0.911 
 199 G _   0.006 0.003 0.000 0.006 0.002 0.007 0.065 0.911 
 200 T _   0.006 0.003 0.000 0.007 0.003 0.008 0.063 0.911 
 201 R _   0.006 0.003 0.000 0.008 0.003 0.009 0.061 0.910 
 202 V _   0.007 0.003 0.000 0.009 0.003 0.009 0.058 0.909 
 203 Y _   0.007 0.003 0.000 0.011 0.004 0.010 0.056 0.909 
 204 S _   0.007 0.003 0.001 0.012 0.004 0.011 0.053 0.908 
 205 P _   0.008 0.004 0.001 0.013 0.005 0.012 0.051 0.908 
 206 P _   0.009 0.003 0.001 0.013 0.005 0.012 0.048 0.908 
 207 E _   0.011 0.003 0.001 0.013 0.005 0.013 0.046 0.908 
 208 W _   0.015 0.003 0.001 0.012 0.006 0.013 0.043 0.908 
 209 I _   0.020 0.002 0.001 0.010 0.006 0.013 0.041 0.907 
 210 S _   0.030 0.001 0.001 0.008 0.006 0.014 0.038 0.903 
 211 R _   0.044 0.001 0.001 0.006 0.006 0.014 0.035 0.893 
 212 H _   0.068 0.000 0.001 0.005 0.006 0.015 0.032 0.874 
 213 Q _   0.104 0.000 0.001 0.003 0.006 0.015 0.028 0.842 
 214 Y _   0.156 0.000 0.001 0.002 0.007 0.016 0.024 0.794 
 215 H _   0.224 0.000 0.001 0.002 0.008 0.016 0.020 0.729 
 216 A _   0.307 0.000 0.001 0.001 0.009 0.016 0.016 0.649 
 217 L _   0.407 0.000 0.001 0.001 0.011 0.016 0.013 0.551 
 218 P H   0.516 0.000 0.001 0.001 0.012 0.016 0.010 0.444 
 219 A H   0.621 0.000 0.001 0.001 0.014 0.015 0.007 0.341 
 220 T H   0.712 0.000 0.001 0.001 0.015 0.013 0.006 0.251 
 221 V H   0.785 0.000 0.001 0.001 0.016 0.012 0.005 0.181 
 222 W H   0.834 0.000 0.001 0.001 0.017 0.011 0.004 0.133 
 223 S H   0.865 0.000 0.001 0.001 0.017 0.009 0.004 0.104 
 224 L H   0.880 0.000 0.001 0.001 0.017 0.009 0.004 0.089 
 225 G H   0.884 0.000 0.001 0.001 0.018 0.008 0.004 0.084 
 226 I H   0.879 0.000 0.001 0.001 0.018 0.008 0.005 0.088 
 227 L H   0.861 0.000 0.001 0.001 0.019 0.008 0.006 0.103 
 228 L H   0.828 0.000 0.001 0.001 0.020 0.009 0.008 0.132 
 229 Y H   0.778 0.000 0.002 0.001 0.020 0.010 0.012 0.178 
 230 D H   0.705 0.000 0.002 0.002 0.020 0.010 0.017 0.244 
 231 M H   0.611 0.000 0.002 0.002 0.018 0.011 0.025 0.330 
 232 V H   0.502 0.000 0.002 0.003 0.015 0.012 0.036 0.430 
 233 C _   0.390 0.000 0.001 0.003 0.012 0.011 0.049 0.533 
 234 G _   0.285 0.000 0.001 0.004 0.009 0.011 0.062 0.628 
 235 D _   0.198 0.000 0.001 0.004 0.007 0.010 0.074 0.706 
 236 I _   0.131 0.000 0.001 0.004 0.005 0.009 0.084 0.767 
 237 P _   0.082 0.000 0.001 0.003 0.003 0.008 0.093 0.810 
 238 F _   0.050 0.000 0.000 0.003 0.003 0.008 0.099 0.836 
 239 E _   0.032 0.000 0.000 0.003 0.002 0.008 0.104 0.850 
 240 R _   0.021 0.001 0.000 0.003 0.002 0.008 0.109 0.855 
 241 D _   0.016 0.001 0.000 0.004 0.003 0.009 0.112 0.854 
 242 Q _   0.013 0.003 0.000 0.007 0.003 0.011 0.115 0.847 
 243 E _   0.012 0.007 0.001 0.010 0.005 0.012 0.118 0.835 
 244 I _   0.012 0.012 0.001 0.016 0.006 0.014 0.121 0.819 
 245 L _   0.012 0.017 0.001 0.022 0.008 0.016 0.124 0.801 
 246 E _   0.011 0.022 0.001 0.027 0.009 0.017 0.128 0.785 
 247 A _   0.011 0.025 0.001 0.030 0.010 0.017 0.132 0.774 
 248 E _   0.010 0.026 0.001 0.031 0.010 0.017 0.136 0.768 
 249 L _   0.010 0.026 0.001 0.028 0.009 0.017 0.142 0.768 
 250 H _   0.009 0.024 0.001 0.023 0.008 0.016 0.148 0.771 
 251 F _   0.009 0.022 0.001 0.017 0.006 0.015 0.154 0.776 
 252 P _   0.009 0.019 0.001 0.012 0.005 0.015 0.160 0.780 
 253 A _   0.010 0.016 0.000 0.008 0.004 0.015 0.166 0.780 
 254 H _   0.011 0.015 0.000 0.006 0.004 0.016 0.171 0.777 
 255 V _   0.013 0.016 0.000 0.005 0.004 0.018 0.175 0.768 
 256 S _   0.016 0.018 0.001 0.006 0.006 0.022 0.180 0.753 
 257 P _   0.020 0.025 0.001 0.010 0.009 0.026 0.184 0.726 
 258 D _   0.024 0.041 0.001 0.018 0.015 0.032 0.187 0.682 
 259 C _   0.027 0.069 0.002 0.031 0.022 0.036 0.191 0.622 
 260 C _   0.029 0.104 0.002 0.048 0.027 0.039 0.196 0.555 
 261 A _   0.030 0.133 0.002 0.065 0.031 0.039 0.202 0.498 
 262 L _   0.029 0.151 0.002 0.078 0.032 0.038 0.210 0.461 
 263 I _   0.027 0.158 0.002 0.084 0.031 0.036 0.220 0.442 
 264 R _   0.024 0.158 0.002 0.083 0.028 0.033 0.232 0.439 
 265 R _   0.021 0.151 0.002 0.075 0.024 0.029 0.248 0.449 
 266 C _   0.019 0.136 0.002 0.061 0.019 0.024 0.267 0.472 
 267 L _   0.016 0.110 0.002 0.045 0.014 0.020 0.289 0.505 
 268 A _   0.014 0.077 0.001 0.029 0.010 0.016 0.312 0.543 
 269 P _   0.011 0.048 0.001 0.016 0.006 0.012 0.332 0.574 
 270 K _   0.009 0.029 0.001 0.008 0.003 0.010 0.348 0.593 
 271 P _   0.007 0.020 0.000 0.004 0.002 0.008 0.359 0.600 
 272 S _   0.006 0.017 0.000 0.003 0.002 0.007 0.367 0.598 
 273 S _   0.005 0.016 0.000 0.003 0.002 0.008 0.374 0.592 
 274 R _   0.006 0.018 0.000 0.004 0.002 0.009 0.379 0.582 
 275 P _   0.007 0.023 0.000 0.006 0.003 0.011 0.384 0.565 
 276 S _   0.008 0.035 0.001 0.011 0.005 0.014 0.388 0.539 
 277 L _   0.009 0.055 0.001 0.019 0.007 0.016 0.391 0.502 
 278 E _   0.010 0.080 0.001 0.027 0.010 0.018 0.395 0.459 
 279 E _   0.009 0.103 0.001 0.036 0.011 0.019 0.399 0.421 
 280 I X   0.009 0.121 0.001 0.043 0.013 0.020 0.404 0.390 
 281 L X   0.009 0.131 0.001 0.048 0.013 0.020 0.411 0.366 
 282 L X   0.009 0.137 0.001 0.050 0.013 0.019 0.420 0.350 
 283 D X   0.009 0.138 0.001 0.050 0.013 0.019 0.431 0.338 
 284 P X   0.009 0.136 0.001 0.048 0.013 0.017 0.445 0.331 
 285 W X   0.009 0.130 0.001 0.044 0.011 0.016 0.462 0.326 
 286 M X   0.008 0.121 0.001 0.039 0.010 0.015 0.482 0.324 
 287 Q X   0.008 0.107 0.001 0.033 0.009 0.013 0.506 0.324 
 288 T X   0.008 0.091 0.001 0.026 0.007 0.012 0.531 0.325 
 289 P X   0.007 0.075 0.001 0.020 0.006 0.010 0.556 0.325 
 290 A X   0.006 0.060 0.001 0.015 0.004 0.008 0.581 0.324 
 291 E X   0.006 0.047 0.000 0.011 0.003 0.007 0.602 0.324 
 292 D X   0.005 0.038 0.000 0.008 0.002 0.006 0.620 0.321 
 293 V X   0.004 0.032 0.000 0.005 0.002 0.004 0.634 0.318 
 294 P X   0.004 0.028 0.000 0.004 0.001 0.004 0.645 0.315 
 295 L X   0.003 0.026 0.000 0.003 0.001 0.003 0.652 0.312 
 296 N X   0.003 0.025 0.000 0.002 0.001 0.003 0.658 0.308 
 297 P X   0.002 0.026 0.000 0.002 0.001 0.003 0.662 0.304 
 298 S X   0.002 0.027 0.000 0.003 0.001 0.004 0.664 0.299 
 299 K X   0.003 0.031 0.000 0.004 0.001 0.005 0.664 0.292 
 300 G X   0.003 0.039 0.000 0.006 0.002 0.006 0.664 0.281 
 301 G X   0.004 0.054 0.000 0.009 0.003 0.007 0.661 0.262 
 302 P X   0.004 0.079 0.001 0.013 0.004 0.008 0.657 0.235 
 303 A X   0.004 0.111 0.001 0.019 0.005 0.008 0.651 0.203 
 304 P X   0.003 0.143 0.001 0.023 0.005 0.008 0.645 0.172 
 305 L X   0.002 0.170 0.001 0.026 0.004 0.006 0.642 0.149 
 306 A X   0.001 0.184 0.000 0.028 0.003 0.005 0.641 0.137 
 307 W X   0.001 0.191 0.000 0.027 0.002 0.003 0.642 0.133 
 308 S X   0.001 0.192 0.000 0.024 0.001 0.001 0.644 0.136 
 309 L X   0.000 0.190 0.000 0.021 0.000 0.001 0.644 0.144 
 310 L X   0.000 0.185 0.000 0.021 0.000 0.001 0.639 0.153 
 311 P X   0.003 0.178 0.002 0.029 0.004 0.003 0.623 0.160 
