#TopoPred_TM8: 8-state transmembrane topology prediction results by no_profile mode 
#probabilities are in the order of H E C I L F X _, the 8 transmembrane topology types used in PDBTM 
   1 M _   0.072 0.000 0.003 0.008 0.016 0.020 0.213 0.668 
   2 I _   0.064 0.000 0.000 0.002 0.005 0.013 0.215 0.700 
   3 L _   0.080 0.000 0.000 0.001 0.003 0.011 0.211 0.693 
   4 I _   0.171 0.000 0.001 0.001 0.006 0.012 0.196 0.614 
   5 P _   0.334 0.000 0.001 0.001 0.009 0.013 0.164 0.479 
   6 R H   0.500 0.000 0.002 0.001 0.012 0.013 0.124 0.347 
   7 M H   0.644 0.000 0.002 0.001 0.014 0.011 0.092 0.236 
   8 L H   0.744 0.000 0.001 0.001 0.015 0.010 0.069 0.160 
   9 L H   0.804 0.000 0.001 0.000 0.015 0.008 0.055 0.116 
  10 V H   0.835 0.000 0.001 0.000 0.016 0.007 0.047 0.094 
  11 L H   0.850 0.000 0.001 0.000 0.016 0.006 0.041 0.085 
  12 F H   0.852 0.000 0.001 0.000 0.016 0.006 0.038 0.087 
  13 L H   0.842 0.000 0.001 0.000 0.016 0.006 0.036 0.098 
  14 L H   0.818 0.000 0.001 0.001 0.016 0.006 0.035 0.123 
  15 L H   0.776 0.000 0.001 0.001 0.015 0.007 0.035 0.166 
  16 P H   0.711 0.000 0.001 0.001 0.014 0.007 0.036 0.230 
  17 I H   0.624 0.000 0.001 0.001 0.012 0.008 0.038 0.316 
  18 L H   0.523 0.000 0.001 0.001 0.010 0.008 0.040 0.416 
  19 S _   0.420 0.000 0.001 0.001 0.008 0.008 0.044 0.518 
  20 S _   0.324 0.000 0.001 0.001 0.007 0.009 0.048 0.610 
  21 A _   0.244 0.000 0.001 0.001 0.005 0.009 0.052 0.687 
  22 K _   0.182 0.000 0.001 0.002 0.005 0.009 0.057 0.745 
  23 A _   0.135 0.000 0.001 0.002 0.004 0.010 0.060 0.787 
  24 Q _   0.102 0.000 0.001 0.003 0.004 0.011 0.064 0.815 
  25 V _   0.078 0.001 0.001 0.004 0.005 0.012 0.067 0.833 
  26 N _   0.061 0.001 0.001 0.006 0.005 0.013 0.070 0.843 
  27 P _   0.049 0.003 0.001 0.008 0.006 0.014 0.072 0.846 
  28 A _   0.040 0.006 0.001 0.011 0.007 0.015 0.075 0.845 
  29 I _   0.033 0.008 0.001 0.015 0.008 0.016 0.077 0.841 
  30 C _   0.027 0.011 0.001 0.018 0.009 0.016 0.080 0.837 
  31 R _   0.023 0.014 0.001 0.021 0.009 0.016 0.083 0.833 
  32 Y _   0.019 0.016 0.001 0.023 0.009 0.016 0.086 0.831 
  33 P _   0.017 0.017 0.001 0.023 0.008 0.015 0.089 0.831 
  34 L _   0.014 0.017 0.001 0.022 0.007 0.014 0.093 0.832 
  35 G _   0.012 0.016 0.001 0.020 0.006 0.012 0.097 0.835 
  36 M _   0.011 0.015 0.001 0.017 0.005 0.011 0.100 0.840 
  37 S _   0.009 0.014 0.001 0.014 0.004 0.009 0.104 0.844 
  38 G _   0.008 0.013 0.000 0.011 0.004 0.008 0.108 0.848 
  39 G _   0.007 0.011 0.000 0.009 0.003 0.007 0.111 0.850 
  40 Q _   0.006 0.010 0.000 0.008 0.003 0.007 0.114 0.852 
  41 I _   0.006 0.009 0.000 0.007 0.002 0.006 0.117 0.853 
  42 P _   0.005 0.009 0.000 0.006 0.002 0.006 0.119 0.852 
  43 D _   0.005 0.010 0.000 0.006 0.002 0.006 0.121 0.850 
  44 E _   0.005 0.010 0.000 0.007 0.002 0.006 0.122 0.848 
  45 D _   0.005 0.012 0.000 0.007 0.002 0.006 0.123 0.844 
  46 I _   0.005 0.014 0.000 0.008 0.002 0.007 0.124 0.840 
  47 T _   0.005 0.017 0.000 0.009 0.003 0.007 0.125 0.834 
  48 A _   0.005 0.020 0.000 0.011 0.003 0.008 0.125 0.827 
  49 S _   0.005 0.025 0.000 0.013 0.003 0.009 0.125 0.819 
  50 S _   0.005 0.030 0.000 0.016 0.004 0.009 0.125 0.810 
  51 Q _   0.005 0.035 0.001 0.019 0.005 0.010 0.125 0.800 
  52 W _   0.005 0.040 0.001 0.023 0.005 0.011 0.126 0.790 
  53 S _   0.005 0.045 0.001 0.027 0.006 0.011 0.126 0.779 
  54 E _   0.006 0.049 0.001 0.030 0.006 0.012 0.127 0.769 
  55 S _   0.006 0.051 0.001 0.032 0.007 0.012 0.129 0.762 
  56 T _   0.006 0.052 0.001 0.033 0.007 0.012 0.131 0.758 
  57 A _   0.007 0.051 0.001 0.033 0.006 0.012 0.134 0.757 
  58 A _   0.007 0.048 0.001 0.030 0.006 0.011 0.138 0.760 
  59 K _   0.007 0.043 0.001 0.026 0.005 0.010 0.142 0.766 
  60 Y _   0.006 0.037 0.001 0.021 0.004 0.009 0.146 0.776 
  61 G _   0.006 0.029 0.000 0.016 0.003 0.008 0.151 0.786 
  62 R _   0.006 0.022 0.000 0.012 0.003 0.007 0.155 0.796 
  63 L _   0.005 0.016 0.000 0.009 0.002 0.006 0.158 0.804 
  64 D _   0.005 0.011 0.000 0.006 0.002 0.005 0.161 0.809 
  65 S _   0.005 0.008 0.000 0.005 0.001 0.005 0.163 0.813 
  66 E _   0.004 0.006 0.000 0.004 0.001 0.005 0.164 0.814 
  67 E _   0.004 0.006 0.000 0.005 0.001 0.005 0.165 0.814 
  68 G _   0.005 0.005 0.000 0.006 0.002 0.006 0.165 0.812 
  69 D _   0.005 0.006 0.000 0.007 0.002 0.006 0.165 0.808 
  70 G _   0.005 0.006 0.000 0.010 0.002 0.007 0.164 0.804 
  71 A _   0.006 0.007 0.000 0.012 0.003 0.008 0.164 0.801 
  72 W _   0.006 0.007 0.000 0.014 0.003 0.008 0.163 0.798 
  73 C _   0.006 0.007 0.000 0.015 0.003 0.008 0.163 0.797 
  74 P _   0.006 0.007 0.000 0.015 0.003 0.008 0.162 0.799 
  75 E _   0.005 0.006 0.000 0.013 0.003 0.008 0.162 0.802 
  76 I _   0.005 0.005 0.000 0.011 0.003 0.007 0.161 0.807 
  77 P _   0.005 0.004 0.000 0.009 0.002 0.007 0.161 0.813 
  78 V _   0.004 0.003 0.000 0.007 0.002 0.006 0.160 0.818 
  79 E _   0.004 0.002 0.000 0.005 0.002 0.006 0.159 0.821 
  80 P _   0.004 0.002 0.000 0.004 0.002 0.007 0.157 0.824 
  81 D _   0.005 0.001 0.000 0.004 0.002 0.008 0.155 0.825 
  82 D _   0.005 0.001 0.000 0.005 0.002 0.009 0.152 0.825 
  83 L _   0.007 0.001 0.000 0.005 0.003 0.012 0.149 0.823 
  84 K _   0.009 0.002 0.000 0.006 0.003 0.015 0.146 0.819 
  85 E _   0.012 0.002 0.000 0.008 0.004 0.019 0.142 0.813 
  86 F _   0.016 0.003 0.001 0.009 0.006 0.023 0.137 0.806 
  87 L _   0.023 0.003 0.001 0.009 0.007 0.029 0.132 0.795 
  88 Q _   0.033 0.004 0.001 0.010 0.010 0.035 0.127 0.781 
  89 I _   0.047 0.005 0.001 0.010 0.014 0.043 0.120 0.760 
  90 D _   0.066 0.007 0.001 0.010 0.021 0.051 0.114 0.729 
  91 L _   0.089 0.010 0.002 0.011 0.029 0.060 0.108 0.692 
  92 H _   0.114 0.015 0.002 0.013 0.040 0.067 0.102 0.647 
  93 T _   0.140 0.023 0.002 0.016 0.051 0.073 0.097 0.597 
  94 L _   0.160 0.033 0.003 0.022 0.060 0.077 0.093 0.551 
  95 H _   0.176 0.045 0.003 0.029 0.066 0.077 0.091 0.514 
  96 F _   0.183 0.054 0.003 0.037 0.066 0.075 0.089 0.493 
  97 I _   0.183 0.060 0.003 0.042 0.064 0.070 0.088 0.491 
  98 T _   0.175 0.062 0.003 0.044 0.058 0.064 0.088 0.506 
  99 L _   0.161 0.060 0.003 0.043 0.049 0.057 0.089 0.538 
 100 V _   0.142 0.054 0.003 0.037 0.039 0.049 0.090 0.586 
 101 G _   0.119 0.044 0.002 0.029 0.029 0.041 0.091 0.646 
 102 T _   0.093 0.031 0.002 0.020 0.019 0.033 0.092 0.710 
 103 Q _   0.070 0.020 0.001 0.012 0.011 0.026 0.094 0.766 
 104 G _   0.049 0.012 0.001 0.007 0.007 0.021 0.094 0.809 
 105 R _   0.034 0.009 0.000 0.004 0.004 0.017 0.094 0.837 
 106 H _   0.024 0.008 0.000 0.003 0.003 0.016 0.093 0.852 
 107 A _   0.019 0.008 0.000 0.004 0.003 0.015 0.092 0.859 
 108 G _   0.016 0.011 0.000 0.005 0.004 0.016 0.091 0.857 
 109 G _   0.015 0.020 0.001 0.009 0.006 0.018 0.089 0.844 
 110 H _   0.015 0.037 0.001 0.017 0.008 0.020 0.086 0.818 
 111 G _   0.015 0.062 0.001 0.027 0.011 0.021 0.083 0.780 
 112 I _   0.014 0.089 0.001 0.037 0.014 0.022 0.080 0.743 
 113 E _   0.013 0.109 0.001 0.047 0.015 0.022 0.077 0.715 
 114 F _   0.013 0.121 0.001 0.052 0.016 0.022 0.076 0.700 
 115 A _   0.012 0.126 0.001 0.054 0.015 0.021 0.075 0.697 
 116 P _   0.011 0.126 0.001 0.050 0.014 0.019 0.075 0.703 
 117 M _   0.011 0.122 0.001 0.043 0.012 0.017 0.076 0.719 
 118 Y _   0.010 0.113 0.001 0.035 0.010 0.015 0.077 0.740 
 119 K _   0.009 0.100 0.001 0.026 0.008 0.013 0.078 0.766 
 120 I _   0.009 0.086 0.001 0.018 0.006 0.012 0.079 0.790 
 121 N _   0.008 0.074 0.001 0.012 0.004 0.011 0.080 0.810 
 122 Y _   0.007 0.066 0.000 0.009 0.003 0.010 0.081 0.823 
 123 S _   0.007 0.061 0.000 0.008 0.003 0.009 0.082 0.830 
 124 R _   0.007 0.059 0.000 0.008 0.003 0.010 0.082 0.831 
 125 D _   0.007 0.060 0.000 0.009 0.003 0.010 0.082 0.829 
 126 G _   0.007 0.062 0.000 0.011 0.004 0.011 0.082 0.824 
 127 T _   0.007 0.065 0.001 0.014 0.005 0.011 0.082 0.816 
 128 R _   0.008 0.069 0.001 0.017 0.005 0.012 0.081 0.807 
 129 W _   0.008 0.072 0.001 0.020 0.006 0.012 0.081 0.800 
 130 I _   0.008 0.075 0.001 0.023 0.007 0.013 0.081 0.794 
 131 S _   0.008 0.076 0.001 0.024 0.007 0.013 0.081 0.791 
 132 W _   0.008 0.076 0.001 0.025 0.007 0.012 0.081 0.790 
 133 R _   0.007 0.075 0.001 0.024 0.007 0.012 0.082 0.792 
 134 N _   0.007 0.072 0.001 0.024 0.006 0.012 0.083 0.795 
 135 R _   0.008 0.068 0.001 0.023 0.006 0.011 0.085 0.799 
 136 H _   0.008 0.063 0.001 0.021 0.006 0.011 0.086 0.805 
 137 G _   0.008 0.057 0.001 0.020 0.005 0.010 0.088 0.811 
 138 K _   0.008 0.050 0.001 0.017 0.005 0.009 0.090 0.820 
 139 Q _   0.008 0.042 0.001 0.015 0.004 0.009 0.092 0.830 
 140 V _   0.007 0.034 0.000 0.012 0.003 0.008 0.094 0.840 
 141 L _   0.007 0.027 0.000 0.010 0.003 0.007 0.096 0.850 
 142 D _   0.006 0.021 0.000 0.008 0.002 0.006 0.097 0.859 
 143 G _   0.005 0.016 0.000 0.006 0.002 0.006 0.098 0.866 
 144 N _   0.005 0.013 0.000 0.005 0.002 0.006 0.098 0.871 
 145 S _   0.005 0.011 0.000 0.005 0.002 0.006 0.098 0.874 
 146 N _   0.005 0.011 0.000 0.005 0.002 0.006 0.098 0.874 
 147 P _   0.005 0.011 0.000 0.005 0.002 0.007 0.097 0.874 
 148 Y _   0.005 0.012 0.000 0.007 0.002 0.007 0.095 0.871 
 149 D _   0.005 0.013 0.000 0.008 0.003 0.008 0.094 0.868 
 150 I _   0.006 0.015 0.000 0.009 0.003 0.010 0.092 0.865 
 151 F _   0.006 0.018 0.000 0.011 0.004 0.011 0.089 0.861 
 152 L _   0.006 0.021 0.000 0.012 0.004 0.012 0.087 0.858 
 153 K _   0.007 0.024 0.001 0.012 0.004 0.014 0.084 0.854 
 154 D _   0.007 0.028 0.001 0.012 0.005 0.016 0.081 0.850 
 155 L _   0.009 0.032 0.001 0.013 0.006 0.019 0.079 0.842 
 156 E _   0.010 0.038 0.001 0.014 0.008 0.022 0.076 0.831 
 157 P _   0.013 0.045 0.001 0.017 0.010 0.027 0.072 0.814 
 158 P _   0.017 0.056 0.001 0.022 0.014 0.031 0.069 0.790 
 159 I _   0.020 0.070 0.001 0.028 0.019 0.036 0.066 0.760 
 160 V _   0.024 0.085 0.002 0.037 0.024 0.040 0.062 0.727 
 161 A _   0.027 0.098 0.002 0.046 0.028 0.042 0.059 0.697 
 162 R _   0.029 0.107 0.002 0.054 0.031 0.044 0.057 0.677 
 163 F _   0.030 0.111 0.002 0.059 0.032 0.043 0.055 0.668 
 164 V _   0.030 0.110 0.002 0.060 0.031 0.042 0.054 0.672 
 165 R _   0.029 0.104 0.002 0.055 0.028 0.039 0.054 0.689 
 166 F _   0.028 0.093 0.002 0.047 0.024 0.036 0.054 0.717 
 167 I _   0.026 0.074 0.002 0.036 0.019 0.033 0.054 0.756 
 168 P _   0.025 0.051 0.001 0.025 0.014 0.029 0.054 0.799 
 169 V _   0.025 0.029 0.001 0.015 0.010 0.027 0.055 0.838 
 170 T _   0.025 0.013 0.001 0.009 0.007 0.025 0.055 0.865 
 171 D _   0.027 0.005 0.001 0.005 0.005 0.025 0.054 0.878 
 172 H _   0.032 0.002 0.000 0.003 0.004 0.026 0.053 0.879 
 173 S _   0.040 0.001 0.001 0.003 0.005 0.028 0.052 0.870 
 174 M _   0.054 0.001 0.001 0.003 0.006 0.033 0.051 0.851 
 175 N _   0.073 0.001 0.001 0.004 0.010 0.039 0.050 0.822 
 176 V _   0.096 0.002 0.001 0.006 0.016 0.047 0.048 0.784 
 177 C _   0.122 0.003 0.001 0.008 0.024 0.055 0.047 0.740 
 178 M _   0.147 0.007 0.002 0.011 0.033 0.063 0.045 0.692 
 179 R _   0.168 0.012 0.002 0.015 0.042 0.068 0.044 0.649 
 180 V _   0.185 0.017 0.002 0.018 0.051 0.072 0.043 0.613 
 181 E _   0.196 0.022 0.003 0.021 0.057 0.074 0.042 0.586 
 182 L _   0.201 0.026 0.003 0.024 0.060 0.073 0.042 0.571 
 183 Y _   0.201 0.030 0.003 0.026 0.061 0.071 0.042 0.566 
 184 G _   0.195 0.032 0.003 0.029 0.059 0.067 0.043 0.572 
 185 C _   0.184 0.033 0.003 0.031 0.053 0.062 0.044 0.589 
 186 V _   0.168 0.033 0.003 0.033 0.046 0.056 0.046 0.616 
 187 W _   0.147 0.031 0.002 0.032 0.037 0.048 0.049 0.653 
 188 L _   0.124 0.028 0.002 0.029 0.028 0.041 0.051 0.697 
 189 D _   0.100 0.023 0.002 0.023 0.020 0.034 0.054 0.744 
 190 G _   0.078 0.017 0.001 0.018 0.013 0.027 0.056 0.790 
 191 L _   0.059 0.011 0.001 0.012 0.009 0.021 0.057 0.830 
 192 V _   0.042 0.007 0.001 0.008 0.005 0.017 0.059 0.862 
 193 S _   0.029 0.004 0.000 0.005 0.003 0.013 0.059 0.885 
 194 Y _   0.021 0.003 0.000 0.004 0.002 0.011 0.059 0.900 
 195 N _   0.016 0.002 0.000 0.003 0.002 0.010 0.059 0.908 
 196 A _   0.013 0.003 0.000 0.003 0.002 0.010 0.058 0.911 
 197 P _   0.012 0.004 0.000 0.003 0.002 0.011 0.057 0.909 
 198 A _   0.012 0.008 0.000 0.005 0.004 0.014 0.056 0.901 
 199 G _   0.013 0.018 0.001 0.008 0.005 0.017 0.054 0.883 
 200 Q _   0.015 0.037 0.001 0.013 0.008 0.020 0.051 0.854 
 201 Q _   0.016 0.067 0.001 0.019 0.011 0.023 0.048 0.814 
 202 F _   0.016 0.106 0.002 0.026 0.015 0.025 0.045 0.766 
 203 V _   0.016 0.146 0.002 0.033 0.017 0.026 0.042 0.718 
 204 L _   0.016 0.180 0.002 0.039 0.018 0.026 0.039 0.680 
 205 P _   0.015 0.205 0.002 0.044 0.019 0.026 0.037 0.653 
 206 G _   0.015 0.222 0.001 0.046 0.019 0.026 0.035 0.636 
 207 G _   0.015 0.231 0.001 0.047 0.018 0.025 0.034 0.629 
 208 S _   0.015 0.235 0.001 0.045 0.017 0.023 0.034 0.631 
 209 I _   0.014 0.233 0.001 0.041 0.015 0.022 0.034 0.640 
 210 I _   0.013 0.227 0.001 0.035 0.013 0.020 0.034 0.658 
 211 Y _   0.013 0.216 0.001 0.028 0.010 0.018 0.034 0.681 
 212 L _   0.012 0.203 0.001 0.021 0.008 0.016 0.034 0.706 
 213 N _   0.011 0.190 0.001 0.015 0.006 0.015 0.035 0.729 
 214 D _   0.010 0.180 0.001 0.011 0.005 0.014 0.035 0.747 
 215 S _   0.009 0.174 0.000 0.008 0.004 0.013 0.034 0.757 
 216 V _   0.009 0.172 0.000 0.007 0.004 0.013 0.034 0.760 
 217 Y _   0.009 0.176 0.000 0.007 0.004 0.014 0.033 0.755 
 218 D _   0.010 0.185 0.001 0.009 0.005 0.016 0.033 0.741 
 219 G _   0.011 0.205 0.001 0.012 0.007 0.017 0.031 0.715 
 220 A _   0.012 0.236 0.001 0.017 0.009 0.019 0.029 0.676 
 221 V _   0.012 0.277 0.001 0.022 0.011 0.020 0.027 0.629 
 222 G _   0.012 0.321 0.001 0.027 0.013 0.020 0.026 0.580 
 223 Y _   0.011 0.360 0.001 0.031 0.014 0.020 0.024 0.539 
 224 S _   0.011 0.390 0.001 0.034 0.014 0.020 0.023 0.508 
 225 M _   0.010 0.411 0.001 0.035 0.014 0.019 0.022 0.488 
 226 T _   0.010 0.425 0.001 0.036 0.013 0.018 0.021 0.475 
 227 E _   0.009 0.433 0.001 0.037 0.013 0.017 0.021 0.469 
 228 G _   0.009 0.435 0.001 0.037 0.012 0.016 0.021 0.469 
 229 L _   0.009 0.433 0.001 0.036 0.011 0.016 0.021 0.475 
 230 G _   0.008 0.424 0.001 0.034 0.010 0.015 0.021 0.486 
 231 Q _   0.008 0.410 0.001 0.032 0.009 0.014 0.022 0.503 
 232 L _   0.008 0.388 0.001 0.030 0.009 0.013 0.023 0.528 
 233 T _   0.008 0.359 0.001 0.027 0.008 0.012 0.024 0.561 
 234 D _   0.008 0.322 0.001 0.024 0.007 0.011 0.026 0.600 
 235 G _   0.008 0.283 0.001 0.020 0.006 0.011 0.028 0.642 
 236 V _   0.008 0.246 0.001 0.017 0.005 0.010 0.030 0.683 
 237 S _   0.008 0.215 0.001 0.014 0.004 0.010 0.031 0.718 
 238 G _   0.007 0.190 0.001 0.011 0.004 0.009 0.032 0.746 
 239 L _   0.007 0.173 0.000 0.009 0.003 0.009 0.033 0.766 
 240 D _   0.006 0.161 0.000 0.008 0.003 0.008 0.034 0.779 
 241 D _   0.006 0.155 0.000 0.007 0.003 0.008 0.034 0.787 
 242 F _   0.006 0.151 0.000 0.008 0.003 0.009 0.034 0.790 
 243 T _   0.006 0.151 0.000 0.008 0.003 0.009 0.034 0.789 
 244 Q _   0.006 0.153 0.000 0.010 0.003 0.010 0.033 0.785 
 245 T _   0.006 0.157 0.000 0.012 0.004 0.010 0.033 0.778 
 246 H _   0.006 0.163 0.001 0.014 0.004 0.011 0.032 0.770 
 247 E _   0.006 0.170 0.001 0.016 0.005 0.011 0.031 0.760 
 248 Y _   0.006 0.177 0.001 0.018 0.005 0.011 0.031 0.751 
 249 H _   0.006 0.183 0.001 0.020 0.006 0.012 0.030 0.742 
 250 V _   0.006 0.188 0.001 0.022 0.006 0.012 0.029 0.736 
 251 W _   0.006 0.192 0.001 0.023 0.007 0.012 0.029 0.731 
 252 P _   0.006 0.194 0.001 0.024 0.007 0.012 0.029 0.728 
 253 G _   0.006 0.194 0.001 0.024 0.007 0.011 0.029 0.728 
 254 Y _   0.006 0.192 0.001 0.024 0.006 0.011 0.029 0.730 
 255 D _   0.006 0.189 0.001 0.022 0.006 0.011 0.029 0.736 
 256 Y _   0.006 0.183 0.001 0.020 0.005 0.010 0.030 0.745 
 257 V _   0.006 0.177 0.001 0.017 0.005 0.010 0.030 0.755 
 258 G _   0.006 0.169 0.001 0.014 0.004 0.009 0.031 0.766 
 259 W _   0.006 0.163 0.000 0.011 0.003 0.009 0.031 0.777 
 260 R _   0.005 0.158 0.000 0.009 0.003 0.009 0.031 0.785 
 261 N _   0.006 0.155 0.000 0.007 0.003 0.010 0.030 0.789 
 262 E _   0.006 0.156 0.000 0.007 0.003 0.011 0.030 0.787 
 263 S _   0.007 0.161 0.000 0.008 0.004 0.013 0.029 0.778 
 264 A _   0.008 0.173 0.001 0.010 0.006 0.016 0.028 0.758 
 265 T _   0.010 0.199 0.001 0.015 0.009 0.019 0.027 0.720 
 266 N _   0.012 0.243 0.001 0.023 0.013 0.023 0.024 0.661 
 267 G _   0.013 0.301 0.002 0.031 0.017 0.025 0.022 0.589 
 268 Y _   0.013 0.358 0.002 0.040 0.019 0.026 0.020 0.523 
 269 I _   0.013 0.398 0.002 0.046 0.019 0.026 0.019 0.477 
 270 E _   0.013 0.421 0.001 0.049 0.019 0.026 0.018 0.453 
 271 I _   0.013 0.431 0.001 0.049 0.019 0.025 0.017 0.444 
 272 M _   0.013 0.433 0.001 0.046 0.018 0.025 0.017 0.447 
 273 F _   0.013 0.427 0.001 0.041 0.017 0.024 0.017 0.461 
 274 E _   0.013 0.412 0.001 0.035 0.016 0.023 0.017 0.483 
 275 F _   0.013 0.391 0.001 0.028 0.014 0.023 0.017 0.512 
 276 D _   0.013 0.367 0.001 0.023 0.013 0.023 0.018 0.543 
 277 R _   0.014 0.344 0.001 0.019 0.012 0.022 0.018 0.569 
 278 I _   0.014 0.326 0.001 0.017 0.011 0.022 0.019 0.591 
 279 R _   0.014 0.312 0.001 0.017 0.010 0.022 0.019 0.606 
 280 N _   0.014 0.301 0.001 0.017 0.010 0.022 0.020 0.616 
 281 F _   0.014 0.292 0.001 0.019 0.010 0.021 0.020 0.623 
 282 T _   0.013 0.283 0.001 0.020 0.010 0.020 0.021 0.631 
 283 T _   0.013 0.273 0.001 0.020 0.010 0.020 0.021 0.642 
 284 M _   0.013 0.260 0.001 0.020 0.010 0.019 0.022 0.656 
 285 K _   0.013 0.244 0.001 0.019 0.009 0.018 0.023 0.673 
 286 V _   0.012 0.226 0.001 0.017 0.009 0.018 0.024 0.694 
 287 H _   0.013 0.208 0.001 0.015 0.008 0.017 0.024 0.714 
 288 C _   0.013 0.192 0.001 0.013 0.007 0.017 0.025 0.731 
 289 N _   0.014 0.178 0.001 0.012 0.007 0.017 0.026 0.745 
 290 N _   0.014 0.168 0.001 0.011 0.007 0.018 0.027 0.754 
 291 M _   0.015 0.161 0.001 0.011 0.007 0.019 0.028 0.759 
 292 F _   0.016 0.157 0.001 0.011 0.007 0.019 0.028 0.761 
 293 A _   0.017 0.154 0.001 0.011 0.008 0.020 0.029 0.760 
 294 K _   0.018 0.153 0.001 0.012 0.008 0.021 0.029 0.757 
 295 G _   0.019 0.153 0.001 0.014 0.009 0.022 0.030 0.752 
 296 V _   0.020 0.155 0.001 0.016 0.010 0.023 0.030 0.746 
 297 K _   0.021 0.157 0.001 0.018 0.011 0.024 0.031 0.738 
 298 I _   0.021 0.159 0.001 0.021 0.012 0.024 0.031 0.731 
 299 F _   0.021 0.160 0.001 0.024 0.013 0.024 0.032 0.725 
 300 K _   0.021 0.160 0.001 0.027 0.014 0.024 0.032 0.721 
 301 E _   0.021 0.158 0.001 0.029 0.014 0.023 0.033 0.721 
 302 V _   0.019 0.153 0.001 0.031 0.013 0.022 0.035 0.726 
 303 Q _   0.018 0.145 0.001 0.031 0.012 0.020 0.036 0.737 
 304 C _   0.016 0.132 0.001 0.029 0.011 0.018 0.038 0.755 
 305 Y _   0.015 0.114 0.001 0.025 0.009 0.016 0.040 0.780 
 306 F _   0.013 0.093 0.001 0.020 0.008 0.014 0.042 0.809 
 307 R _   0.012 0.071 0.001 0.015 0.006 0.012 0.044 0.839 
 308 S _   0.010 0.052 0.001 0.011 0.004 0.011 0.045 0.866 
 309 E _   0.009 0.037 0.000 0.008 0.003 0.010 0.046 0.886 
 310 A _   0.008 0.029 0.000 0.006 0.003 0.009 0.047 0.898 
 311 S _   0.007 0.024 0.000 0.005 0.002 0.009 0.048 0.905 
 312 E _   0.007 0.023 0.000 0.005 0.002 0.009 0.048 0.905 
 313 W _   0.008 0.023 0.000 0.006 0.003 0.011 0.048 0.902 
 314 E _   0.009 0.025 0.000 0.008 0.004 0.013 0.047 0.893 
 315 P _   0.010 0.031 0.001 0.013 0.006 0.015 0.047 0.877 
 316 N _   0.012 0.038 0.001 0.021 0.008 0.017 0.046 0.857 
 317 A _   0.013 0.046 0.001 0.029 0.011 0.019 0.045 0.835 
 318 I _   0.014 0.053 0.001 0.037 0.013 0.020 0.045 0.817 
 319 S _   0.014 0.057 0.001 0.042 0.014 0.021 0.045 0.807 
 320 F _   0.014 0.057 0.001 0.044 0.013 0.020 0.045 0.805 
 321 P _   0.013 0.055 0.001 0.041 0.012 0.019 0.046 0.812 
 322 L _   0.013 0.049 0.001 0.035 0.010 0.017 0.047 0.827 
 323 V _   0.012 0.040 0.001 0.026 0.008 0.015 0.048 0.849 
 324 L _   0.011 0.028 0.001 0.018 0.006 0.014 0.050 0.873 
 325 D _   0.010 0.018 0.001 0.011 0.004 0.012 0.051 0.894 
 326 D _   0.010 0.010 0.000 0.006 0.003 0.012 0.051 0.908 
 327 V _   0.010 0.006 0.000 0.004 0.002 0.012 0.052 0.914 
 328 N _   0.010 0.005 0.000 0.003 0.002 0.013 0.052 0.915 
 329 P _   0.013 0.005 0.000 0.003 0.003 0.016 0.051 0.909 
 330 S _   0.016 0.006 0.000 0.004 0.004 0.020 0.051 0.899 
 331 A _   0.020 0.010 0.001 0.007 0.007 0.025 0.050 0.881 
 332 R _   0.025 0.017 0.001 0.011 0.011 0.031 0.049 0.855 
 333 F _   0.030 0.030 0.001 0.018 0.015 0.036 0.048 0.822 
 334 V _   0.033 0.044 0.001 0.024 0.020 0.041 0.047 0.790 
 335 T _   0.035 0.056 0.002 0.030 0.023 0.045 0.046 0.763 
 336 V _   0.037 0.066 0.002 0.034 0.026 0.047 0.045 0.744 
 337 P _   0.038 0.072 0.002 0.036 0.028 0.048 0.044 0.731 
 338 L _   0.039 0.075 0.002 0.037 0.029 0.049 0.044 0.725 
 339 H _   0.039 0.076 0.002 0.036 0.029 0.049 0.044 0.726 
 340 H _   0.039 0.075 0.002 0.034 0.028 0.048 0.044 0.731 
 341 R _   0.038 0.071 0.002 0.032 0.026 0.046 0.045 0.740 
 342 M _   0.037 0.066 0.002 0.030 0.024 0.044 0.046 0.751 
 343 A _   0.036 0.060 0.001 0.027 0.021 0.042 0.047 0.766 
 344 S _   0.036 0.052 0.001 0.024 0.018 0.040 0.048 0.782 
 345 A _   0.035 0.043 0.001 0.020 0.015 0.037 0.049 0.799 
 346 I _   0.035 0.033 0.001 0.016 0.012 0.035 0.050 0.817 
 347 K _   0.035 0.024 0.001 0.012 0.010 0.034 0.051 0.833 
 348 C _   0.036 0.017 0.001 0.009 0.009 0.033 0.052 0.844 
 349 Q _   0.039 0.012 0.001 0.006 0.008 0.033 0.052 0.849 
 350 Y _   0.043 0.010 0.001 0.005 0.008 0.035 0.052 0.848 
 351 H _   0.049 0.009 0.001 0.004 0.009 0.037 0.053 0.839 
 352 F _   0.057 0.010 0.001 0.005 0.011 0.041 0.053 0.822 
 353 A _   0.068 0.013 0.001 0.007 0.016 0.046 0.053 0.796 
 354 D _   0.080 0.021 0.002 0.011 0.023 0.051 0.053 0.761 
 355 T _   0.091 0.035 0.002 0.017 0.031 0.055 0.053 0.717 
 356 W _   0.098 0.053 0.002 0.026 0.037 0.057 0.053 0.672 
 357 M _   0.102 0.071 0.003 0.035 0.042 0.058 0.054 0.636 
 358 M _   0.102 0.084 0.003 0.043 0.043 0.056 0.055 0.613 
 359 F _   0.099 0.092 0.002 0.048 0.043 0.053 0.057 0.606 
 360 S _   0.093 0.094 0.002 0.049 0.039 0.049 0.059 0.614 
 361 E _   0.084 0.092 0.002 0.047 0.034 0.044 0.062 0.634 
 362 I _   0.073 0.086 0.002 0.042 0.028 0.038 0.065 0.665 
 363 T _   0.061 0.076 0.002 0.034 0.022 0.033 0.069 0.703 
 364 F _   0.050 0.062 0.001 0.027 0.016 0.027 0.073 0.743 
 365 Q _   0.040 0.047 0.001 0.021 0.011 0.022 0.077 0.781 
 366 S _   0.031 0.033 0.001 0.015 0.008 0.018 0.081 0.813 
 367 D _   0.024 0.023 0.001 0.012 0.005 0.015 0.084 0.838 
 368 A _   0.019 0.015 0.000 0.009 0.004 0.012 0.086 0.855 
 369 A _   0.015 0.011 0.000 0.007 0.003 0.010 0.088 0.867 
 370 M _   0.012 0.007 0.000 0.006 0.002 0.008 0.089 0.875 
 371 Y _   0.009 0.005 0.000 0.005 0.002 0.007 0.090 0.881 
 372 N _   0.008 0.004 0.000 0.005 0.002 0.007 0.090 0.885 
 373 N _   0.007 0.004 0.000 0.005 0.002 0.006 0.090 0.887 
 374 S _   0.006 0.003 0.000 0.005 0.002 0.006 0.089 0.888 
 375 E _   0.006 0.003 0.000 0.005 0.002 0.006 0.088 0.889 
 376 A _   0.006 0.004 0.000 0.006 0.002 0.007 0.086 0.888 
 377 L _   0.006 0.005 0.000 0.007 0.002 0.008 0.085 0.887 
 378 P _   0.006 0.006 0.000 0.009 0.003 0.008 0.083 0.884 
 379 T _   0.007 0.007 0.000 0.011 0.004 0.009 0.080 0.881 
 380 S _   0.007 0.009 0.000 0.014 0.004 0.010 0.078 0.877 
 381 P _   0.007 0.011 0.001 0.017 0.005 0.011 0.075 0.873 
 382 M _   0.007 0.013 0.001 0.020 0.006 0.011 0.073 0.870 
 383 A _   0.007 0.014 0.001 0.022 0.006 0.011 0.071 0.868 
 384 P _   0.007 0.014 0.001 0.023 0.006 0.011 0.069 0.868 
 385 T _   0.007 0.014 0.001 0.023 0.006 0.011 0.067 0.871 
 386 T _   0.007 0.013 0.001 0.021 0.006 0.010 0.066 0.877 
 387 Y _   0.007 0.011 0.001 0.019 0.005 0.009 0.065 0.884 
 388 D _   0.007 0.008 0.001 0.015 0.004 0.008 0.063 0.894 
 389 P _   0.007 0.006 0.000 0.011 0.003 0.007 0.062 0.904 
 390 M _   0.007 0.003 0.000 0.007 0.002 0.005 0.060 0.914 
 391 L _   0.008 0.002 0.000 0.004 0.002 0.004 0.058 0.922 
 392 K _   0.009 0.001 0.000 0.002 0.001 0.004 0.056 0.927 
 393 V _   0.013 0.000 0.000 0.001 0.001 0.003 0.052 0.929 
 394 D _   0.022 0.000 0.000 0.001 0.001 0.003 0.049 0.924 
 395 D _   0.041 0.000 0.000 0.001 0.002 0.003 0.044 0.909 
 396 S _   0.079 0.000 0.000 0.000 0.002 0.004 0.040 0.874 
 397 N _   0.145 0.000 0.000 0.000 0.003 0.005 0.035 0.812 
 398 T _   0.242 0.000 0.001 0.000 0.004 0.005 0.029 0.719 
 399 R _   0.360 0.000 0.001 0.000 0.004 0.006 0.024 0.605 
 400 I H   0.487 0.000 0.001 0.000 0.005 0.006 0.020 0.481 
 401 L H   0.612 0.000 0.001 0.000 0.006 0.005 0.016 0.360 
 402 I H   0.720 0.000 0.001 0.000 0.006 0.005 0.012 0.256 
 403 G H   0.806 0.000 0.001 0.000 0.006 0.004 0.010 0.174 
 404 C H   0.868 0.000 0.001 0.000 0.005 0.003 0.008 0.115 
 405 L H   0.910 0.000 0.001 0.000 0.005 0.003 0.006 0.075 
 406 V H   0.936 0.000 0.001 0.000 0.005 0.002 0.005 0.050 
 407 A H   0.954 0.000 0.001 0.000 0.005 0.002 0.004 0.034 
 408 I H   0.964 0.000 0.001 0.000 0.005 0.002 0.004 0.025 
 409 I H   0.970 0.000 0.001 0.000 0.005 0.002 0.003 0.019 
 410 F H   0.973 0.000 0.001 0.000 0.005 0.002 0.003 0.017 
 411 I H   0.973 0.000 0.001 0.000 0.006 0.002 0.003 0.017 
 412 L H   0.970 0.000 0.001 0.000 0.006 0.002 0.002 0.019 
 413 L H   0.964 0.000 0.001 0.000 0.006 0.002 0.002 0.024 
 414 A H   0.955 0.000 0.001 0.000 0.007 0.002 0.002 0.033 
 415 I H   0.940 0.000 0.001 0.000 0.007 0.002 0.003 0.047 
 416 I H   0.919 0.000 0.001 0.000 0.008 0.003 0.003 0.066 
 417 V H   0.892 0.000 0.001 0.000 0.008 0.003 0.003 0.092 
 418 I H   0.855 0.000 0.001 0.000 0.009 0.004 0.004 0.127 
 419 I H   0.808 0.000 0.001 0.000 0.009 0.005 0.005 0.171 
 420 L H   0.750 0.000 0.001 0.001 0.010 0.006 0.007 0.226 
 421 W H   0.678 0.000 0.001 0.001 0.010 0.007 0.010 0.294 
 422 R H   0.595 0.000 0.001 0.001 0.010 0.008 0.014 0.371 
 423 Q H   0.502 0.000 0.001 0.001 0.010 0.009 0.019 0.457 
 424 F _   0.408 0.000 0.001 0.002 0.010 0.010 0.025 0.543 
 425 W _   0.318 0.000 0.001 0.002 0.009 0.011 0.033 0.626 
 426 Q _   0.237 0.000 0.001 0.003 0.008 0.012 0.040 0.698 
 427 K _   0.171 0.000 0.001 0.004 0.007 0.012 0.048 0.757 
 428 M _   0.121 0.000 0.001 0.005 0.006 0.011 0.054 0.801 
 429 L _   0.084 0.001 0.001 0.006 0.005 0.011 0.059 0.834 
 430 E _   0.058 0.001 0.001 0.006 0.004 0.011 0.064 0.856 
 431 K _   0.040 0.001 0.001 0.006 0.004 0.010 0.068 0.870 
 432 A _   0.028 0.002 0.000 0.006 0.004 0.010 0.072 0.878 
 433 S _   0.021 0.003 0.000 0.006 0.003 0.010 0.075 0.882 
 434 R _   0.016 0.004 0.000 0.007 0.003 0.010 0.077 0.882 
 435 R _   0.014 0.006 0.000 0.008 0.004 0.010 0.080 0.879 
 436 M _   0.012 0.009 0.000 0.009 0.004 0.011 0.082 0.873 
 437 L _   0.011 0.013 0.001 0.011 0.005 0.011 0.084 0.864 
 438 D _   0.011 0.018 0.001 0.013 0.005 0.012 0.087 0.854 
 439 D _   0.011 0.023 0.001 0.016 0.006 0.013 0.089 0.842 
 440 E _   0.010 0.028 0.001 0.019 0.006 0.014 0.091 0.831 
 441 M _   0.010 0.033 0.001 0.022 0.007 0.014 0.093 0.820 
 442 T _   0.010 0.036 0.001 0.024 0.007 0.014 0.096 0.812 
 443 V _   0.010 0.039 0.001 0.026 0.007 0.014 0.099 0.805 
 444 S _   0.009 0.041 0.001 0.026 0.007 0.013 0.103 0.800 
 445 L _   0.009 0.041 0.001 0.026 0.007 0.013 0.106 0.798 
 446 S _   0.008 0.040 0.001 0.025 0.006 0.012 0.111 0.797 
 447 L _   0.008 0.039 0.001 0.023 0.006 0.011 0.115 0.798 
 448 P _   0.007 0.037 0.001 0.021 0.005 0.010 0.120 0.799 
 449 S _   0.007 0.034 0.001 0.019 0.004 0.009 0.125 0.801 
 450 D _   0.007 0.030 0.000 0.017 0.004 0.009 0.130 0.803 
 451 S _   0.006 0.026 0.000 0.015 0.003 0.008 0.135 0.805 
 452 S _   0.006 0.023 0.000 0.013 0.003 0.007 0.140 0.808 
 453 M _   0.006 0.019 0.000 0.011 0.003 0.007 0.144 0.809 
 454 F _   0.005 0.017 0.000 0.010 0.002 0.006 0.148 0.811 
 455 N _   0.005 0.014 0.000 0.009 0.002 0.006 0.152 0.812 
 456 N _   0.005 0.012 0.000 0.008 0.002 0.006 0.154 0.813 
 457 N _   0.005 0.011 0.000 0.007 0.002 0.005 0.157 0.813 
 458 R _   0.004 0.010 0.000 0.007 0.002 0.005 0.159 0.814 
 459 S _   0.004 0.009 0.000 0.006 0.001 0.005 0.160 0.814 
 460 S _   0.004 0.009 0.000 0.006 0.001 0.005 0.160 0.814 
 461 S _   0.004 0.009 0.000 0.006 0.001 0.005 0.161 0.814 
 462 P _   0.004 0.009 0.000 0.006 0.001 0.005 0.160 0.815 
 463 S _   0.004 0.010 0.000 0.006 0.001 0.005 0.159 0.815 
 464 E _   0.003 0.011 0.000 0.007 0.002 0.006 0.157 0.814 
 465 Q _   0.004 0.013 0.000 0.007 0.002 0.006 0.155 0.813 
 466 G _   0.004 0.016 0.000 0.008 0.002 0.007 0.152 0.810 
 467 S _   0.004 0.021 0.000 0.010 0.002 0.008 0.149 0.806 
 468 N _   0.004 0.027 0.000 0.013 0.003 0.009 0.146 0.798 
 469 S _   0.004 0.034 0.000 0.017 0.004 0.010 0.142 0.788 
 470 T _   0.005 0.042 0.001 0.022 0.005 0.011 0.138 0.777 
 471 Y _   0.005 0.050 0.001 0.026 0.006 0.011 0.135 0.766 
 472 D _   0.005 0.057 0.001 0.030 0.006 0.012 0.133 0.757 
 473 R _   0.006 0.061 0.001 0.032 0.006 0.012 0.130 0.751 
 474 I _   0.006 0.063 0.001 0.032 0.006 0.012 0.129 0.751 
 475 F _   0.006 0.063 0.001 0.030 0.006 0.011 0.128 0.755 
 476 P _   0.006 0.061 0.001 0.025 0.005 0.010 0.128 0.764 
 477 L _   0.005 0.057 0.001 0.020 0.004 0.009 0.128 0.775 
 478 R _   0.005 0.052 0.000 0.015 0.004 0.008 0.128 0.787 
 479 P _   0.005 0.047 0.000 0.011 0.003 0.008 0.128 0.798 
 480 D _   0.005 0.044 0.000 0.008 0.002 0.007 0.128 0.806 
 481 Y _   0.005 0.041 0.000 0.007 0.002 0.007 0.127 0.810 
 482 Q _   0.005 0.041 0.000 0.007 0.002 0.007 0.126 0.811 
 483 E _   0.005 0.042 0.000 0.007 0.002 0.008 0.125 0.809 
 484 P _   0.006 0.045 0.000 0.010 0.003 0.009 0.124 0.804 
 485 S _   0.006 0.049 0.000 0.013 0.004 0.010 0.122 0.796 
 486 R _   0.006 0.055 0.001 0.016 0.005 0.010 0.120 0.786 
 487 L _   0.006 0.061 0.001 0.020 0.005 0.011 0.119 0.778 
 488 I _   0.006 0.065 0.001 0.023 0.006 0.011 0.117 0.771 
 489 R _   0.006 0.068 0.001 0.025 0.006 0.011 0.116 0.767 
 490 K _   0.006 0.070 0.001 0.026 0.006 0.010 0.115 0.767 
 491 L _   0.006 0.069 0.001 0.024 0.005 0.010 0.114 0.771 
 492 P _   0.005 0.067 0.001 0.022 0.005 0.009 0.114 0.777 
 493 E _   0.005 0.063 0.001 0.019 0.004 0.008 0.114 0.785 
 494 F _   0.005 0.059 0.000 0.016 0.004 0.008 0.114 0.795 
 495 A _   0.005 0.054 0.000 0.013 0.003 0.007 0.114 0.804 
 496 P _   0.005 0.050 0.000 0.010 0.003 0.006 0.114 0.812 
 497 G _   0.004 0.046 0.000 0.009 0.002 0.006 0.114 0.818 
 498 E _   0.004 0.044 0.000 0.008 0.002 0.006 0.113 0.822 
 499 E _   0.004 0.043 0.000 0.008 0.002 0.006 0.112 0.824 
 500 E _   0.004 0.044 0.000 0.009 0.002 0.007 0.111 0.823 
 501 S _   0.005 0.045 0.000 0.010 0.003 0.007 0.110 0.820 
 502 G _   0.005 0.047 0.000 0.013 0.003 0.008 0.108 0.815 
 503 C _   0.005 0.050 0.000 0.017 0.004 0.009 0.107 0.808 
 504 S _   0.005 0.052 0.001 0.021 0.005 0.010 0.105 0.801 
 505 G _   0.006 0.055 0.001 0.024 0.005 0.010 0.104 0.795 
 506 V _   0.006 0.056 0.001 0.027 0.006 0.010 0.103 0.792 
 507 V _   0.006 0.055 0.001 0.027 0.006 0.010 0.103 0.793 
 508 K _   0.006 0.052 0.001 0.025 0.005 0.010 0.103 0.799 
 509 P _   0.006 0.048 0.001 0.021 0.005 0.009 0.103 0.808 
 510 V _   0.006 0.042 0.001 0.016 0.004 0.008 0.103 0.820 
 511 Q _   0.005 0.035 0.000 0.012 0.003 0.007 0.103 0.833 
 512 P _   0.005 0.030 0.000 0.009 0.002 0.007 0.103 0.844 
 513 S _   0.005 0.026 0.000 0.006 0.002 0.006 0.103 0.852 
 514 G _   0.004 0.024 0.000 0.005 0.002 0.006 0.103 0.856 
 515 P _   0.005 0.024 0.000 0.004 0.002 0.007 0.101 0.857 
 516 E _   0.005 0.025 0.000 0.005 0.002 0.008 0.100 0.855 
 517 G _   0.006 0.029 0.000 0.006 0.003 0.010 0.097 0.848 
 518 V _   0.007 0.038 0.000 0.009 0.004 0.012 0.094 0.836 
 519 P _   0.008 0.052 0.001 0.013 0.005 0.014 0.091 0.817 
 520 H _   0.009 0.070 0.001 0.017 0.007 0.017 0.086 0.793 
 521 Y _   0.009 0.093 0.001 0.022 0.009 0.019 0.082 0.765 
 522 A _   0.010 0.117 0.001 0.027 0.011 0.021 0.077 0.736 
 523 E _   0.010 0.140 0.001 0.032 0.013 0.023 0.073 0.709 
 524 A _   0.010 0.159 0.001 0.036 0.014 0.024 0.069 0.686 
 525 D _   0.011 0.175 0.001 0.039 0.015 0.025 0.066 0.668 
 526 I _   0.012 0.186 0.001 0.042 0.016 0.025 0.063 0.654 
 527 V _   0.012 0.193 0.001 0.044 0.017 0.025 0.061 0.646 
 528 N _   0.013 0.195 0.001 0.044 0.017 0.025 0.060 0.644 
 529 L _   0.014 0.193 0.001 0.043 0.016 0.025 0.059 0.649 
 530 Q _   0.014 0.187 0.001 0.039 0.015 0.024 0.059 0.661 
 531 G _   0.014 0.175 0.001 0.034 0.014 0.022 0.058 0.681 
 532 V _   0.014 0.160 0.001 0.028 0.012 0.021 0.059 0.706 
 533 T _   0.013 0.141 0.001 0.022 0.010 0.020 0.059 0.734 
 534 G _   0.013 0.122 0.001 0.016 0.008 0.019 0.059 0.761 
 535 G _   0.013 0.108 0.001 0.012 0.007 0.019 0.060 0.781 
 536 N _   0.013 0.099 0.001 0.010 0.006 0.018 0.060 0.793 
 537 T _   0.013 0.094 0.001 0.010 0.006 0.018 0.060 0.798 
 538 Y _   0.014 0.092 0.001 0.011 0.007 0.019 0.060 0.798 
 539 S _   0.014 0.092 0.001 0.013 0.007 0.019 0.059 0.794 
 540 V _   0.014 0.094 0.001 0.017 0.009 0.020 0.059 0.787 
 541 P _   0.014 0.097 0.001 0.021 0.010 0.020 0.059 0.779 
 542 A _   0.014 0.098 0.001 0.024 0.010 0.020 0.059 0.773 
 543 V _   0.014 0.098 0.001 0.026 0.010 0.019 0.060 0.771 
 544 T _   0.014 0.096 0.001 0.026 0.010 0.018 0.060 0.775 
 545 M _   0.013 0.091 0.001 0.024 0.009 0.016 0.061 0.785 
 546 D _   0.012 0.084 0.001 0.020 0.008 0.015 0.062 0.798 
 547 L _   0.011 0.075 0.001 0.016 0.006 0.013 0.063 0.815 
 548 L _   0.010 0.065 0.001 0.012 0.005 0.012 0.064 0.831 
 549 S _   0.009 0.057 0.001 0.009 0.004 0.011 0.065 0.844 
 550 G _   0.009 0.052 0.000 0.007 0.004 0.011 0.065 0.852 
 551 K _   0.009 0.049 0.000 0.007 0.003 0.011 0.066 0.854 
 552 D _   0.009 0.049 0.000 0.007 0.004 0.012 0.066 0.853 
 553 V _   0.010 0.051 0.000 0.009 0.004 0.012 0.066 0.847 
 554 A _   0.011 0.054 0.001 0.011 0.005 0.014 0.066 0.838 
 555 V _   0.012 0.060 0.001 0.014 0.006 0.014 0.066 0.827 
 556 E _   0.012 0.065 0.001 0.018 0.007 0.015 0.066 0.815 
 557 E _   0.012 0.070 0.001 0.022 0.008 0.016 0.066 0.805 
 558 F _   0.012 0.074 0.001 0.024 0.008 0.016 0.066 0.799 
 559 P _   0.012 0.075 0.001 0.025 0.008 0.015 0.067 0.798 
 560 R _   0.011 0.075 0.001 0.024 0.008 0.014 0.067 0.800 
 561 K _   0.011 0.073 0.001 0.022 0.007 0.013 0.068 0.806 
 562 L _   0.010 0.069 0.001 0.019 0.006 0.012 0.070 0.813 
 563 L _   0.009 0.064 0.001 0.016 0.005 0.011 0.071 0.822 
 564 T _   0.008 0.060 0.001 0.013 0.004 0.010 0.072 0.831 
 565 F _   0.008 0.055 0.000 0.011 0.004 0.009 0.074 0.839 
 566 K _   0.007 0.051 0.000 0.009 0.003 0.009 0.075 0.846 
 567 E _   0.007 0.049 0.000 0.007 0.003 0.009 0.076 0.850 
 568 K _   0.007 0.048 0.000 0.006 0.003 0.009 0.076 0.852 
 569 L _   0.007 0.048 0.000 0.006 0.003 0.009 0.076 0.850 
 570 G _   0.007 0.051 0.000 0.007 0.003 0.010 0.076 0.846 
 571 E _   0.008 0.055 0.000 0.008 0.004 0.011 0.076 0.838 
 572 G _   0.009 0.063 0.001 0.010 0.005 0.013 0.076 0.824 
 573 Q _   0.010 0.076 0.001 0.013 0.006 0.015 0.075 0.804 
 574 F _   0.011 0.093 0.001 0.017 0.008 0.017 0.074 0.778 
 575 G _   0.013 0.113 0.001 0.022 0.010 0.019 0.073 0.749 
 576 E _   0.013 0.134 0.001 0.029 0.012 0.021 0.072 0.718 
 577 V _   0.014 0.153 0.001 0.035 0.014 0.022 0.072 0.690 
 578 H _   0.014 0.167 0.001 0.041 0.015 0.022 0.072 0.667 
 579 L _   0.014 0.176 0.001 0.046 0.015 0.022 0.073 0.652 
 580 C _   0.014 0.180 0.001 0.048 0.015 0.021 0.074 0.647 
 581 E _   0.014 0.178 0.001 0.047 0.014 0.020 0.076 0.649 
 582 V _   0.013 0.172 0.001 0.044 0.012 0.018 0.079 0.660 
 583 E _   0.012 0.160 0.001 0.038 0.010 0.016 0.082 0.680 
 584 G _   0.011 0.141 0.001 0.031 0.008 0.014 0.086 0.707 
 585 M _   0.010 0.117 0.001 0.023 0.007 0.013 0.090 0.740 
 586 E _   0.009 0.092 0.001 0.017 0.005 0.011 0.093 0.772 
 587 K _   0.008 0.071 0.001 0.011 0.004 0.009 0.096 0.799 
 588 F _   0.007 0.057 0.000 0.008 0.003 0.008 0.099 0.818 
 589 K _   0.006 0.049 0.000 0.006 0.002 0.007 0.101 0.828 
 590 D _   0.005 0.045 0.000 0.005 0.002 0.007 0.102 0.833 
 591 K _   0.005 0.044 0.000 0.005 0.002 0.007 0.103 0.834 
 592 D _   0.005 0.044 0.000 0.006 0.002 0.008 0.103 0.832 
 593 F _   0.006 0.046 0.000 0.007 0.002 0.009 0.103 0.828 
 594 A _   0.006 0.050 0.000 0.008 0.003 0.010 0.102 0.821 
 595 L _   0.006 0.056 0.000 0.009 0.003 0.011 0.101 0.812 
 596 D _   0.007 0.064 0.001 0.011 0.004 0.013 0.100 0.801 
 597 V _   0.008 0.074 0.001 0.012 0.005 0.015 0.099 0.786 
 598 S _   0.009 0.088 0.001 0.014 0.006 0.017 0.097 0.767 
 599 A _   0.011 0.105 0.001 0.017 0.008 0.020 0.095 0.742 
 600 N _   0.013 0.127 0.001 0.022 0.011 0.023 0.093 0.709 
 601 Q _   0.015 0.154 0.001 0.027 0.014 0.026 0.091 0.670 
 602 P _   0.017 0.185 0.002 0.035 0.017 0.028 0.090 0.627 
 603 V _   0.018 0.214 0.002 0.044 0.019 0.029 0.089 0.586 
 604 L _   0.018 0.237 0.002 0.053 0.021 0.030 0.088 0.552 
 605 V _   0.019 0.251 0.002 0.060 0.021 0.029 0.088 0.530 
 606 A _   0.019 0.258 0.001 0.064 0.021 0.028 0.089 0.519 
 607 V _   0.018 0.258 0.001 0.065 0.019 0.026 0.091 0.520 
 608 K _   0.018 0.251 0.001 0.062 0.018 0.024 0.094 0.532 
 609 M _   0.017 0.234 0.001 0.055 0.015 0.021 0.099 0.558 
 610 L _   0.015 0.204 0.001 0.046 0.013 0.019 0.104 0.598 
 611 R _   0.014 0.160 0.001 0.035 0.010 0.016 0.110 0.653 
 612 A _   0.013 0.110 0.001 0.024 0.008 0.013 0.117 0.713 
 613 D _   0.011 0.066 0.001 0.016 0.005 0.011 0.123 0.768 
 614 A _   0.009 0.036 0.000 0.009 0.003 0.009 0.127 0.806 
 615 N _   0.007 0.019 0.000 0.005 0.002 0.007 0.129 0.829 
 616 K _   0.006 0.012 0.000 0.004 0.001 0.006 0.131 0.841 
 617 N _   0.005 0.008 0.000 0.003 0.001 0.006 0.131 0.845 
 618 A _   0.005 0.007 0.000 0.003 0.001 0.006 0.131 0.846 
 619 R _   0.005 0.008 0.000 0.004 0.002 0.008 0.130 0.843 
 620 N _   0.006 0.009 0.000 0.006 0.002 0.010 0.129 0.837 
 621 D _   0.007 0.012 0.000 0.010 0.004 0.012 0.127 0.827 
 622 F _   0.008 0.018 0.001 0.016 0.005 0.015 0.124 0.813 
 623 L _   0.009 0.025 0.001 0.024 0.008 0.018 0.121 0.795 
 624 K _   0.010 0.031 0.001 0.032 0.010 0.020 0.118 0.779 
 625 E _   0.011 0.034 0.001 0.038 0.011 0.021 0.116 0.768 
 626 I _   0.011 0.036 0.001 0.041 0.012 0.022 0.115 0.763 
 627 K _   0.011 0.036 0.001 0.040 0.012 0.022 0.114 0.765 
 628 I _   0.012 0.033 0.001 0.036 0.011 0.021 0.114 0.774 
 629 M _   0.012 0.027 0.001 0.028 0.009 0.020 0.114 0.788 
 630 S _   0.013 0.020 0.001 0.020 0.008 0.020 0.114 0.805 
 631 R _   0.015 0.012 0.001 0.013 0.006 0.019 0.115 0.820 
 632 L _   0.017 0.006 0.001 0.007 0.005 0.020 0.115 0.830 
 633 K _   0.020 0.003 0.000 0.004 0.004 0.021 0.115 0.833 
 634 D _   0.025 0.001 0.000 0.003 0.004 0.024 0.114 0.828 
 635 P _   0.034 0.001 0.000 0.003 0.006 0.028 0.114 0.814 
 636 N _   0.047 0.001 0.001 0.004 0.009 0.034 0.113 0.791 
 637 I _   0.062 0.003 0.001 0.007 0.015 0.042 0.112 0.759 
 638 I _   0.078 0.007 0.001 0.012 0.023 0.050 0.111 0.718 
 639 H _   0.091 0.013 0.002 0.020 0.031 0.056 0.110 0.677 
 640 L _   0.100 0.019 0.002 0.028 0.037 0.060 0.110 0.644 
 641 L _   0.103 0.024 0.002 0.034 0.041 0.061 0.110 0.624 
 642 A _   0.103 0.026 0.002 0.037 0.041 0.060 0.111 0.620 
 643 V _   0.099 0.025 0.002 0.034 0.038 0.057 0.113 0.631 
 644 C _   0.093 0.023 0.002 0.028 0.033 0.054 0.115 0.651 
 645 I _   0.086 0.020 0.002 0.021 0.027 0.049 0.117 0.677 
 646 T _   0.078 0.016 0.001 0.015 0.021 0.045 0.120 0.703 
 647 D _   0.069 0.014 0.001 0.011 0.017 0.042 0.122 0.724 
 648 D _   0.063 0.012 0.001 0.009 0.014 0.039 0.124 0.737 
 649 P _   0.057 0.012 0.001 0.010 0.013 0.037 0.127 0.743 
 650 L _   0.051 0.013 0.001 0.012 0.013 0.035 0.129 0.745 
 651 C _   0.046 0.015 0.001 0.016 0.013 0.033 0.132 0.743 
 652 M _   0.042 0.018 0.001 0.020 0.014 0.031 0.135 0.739 
 653 I _   0.037 0.020 0.001 0.024 0.014 0.029 0.138 0.738 
 654 T _   0.031 0.021 0.001 0.026 0.013 0.026 0.142 0.740 
 655 E _   0.026 0.020 0.001 0.026 0.011 0.023 0.146 0.747 
 656 Y _   0.021 0.019 0.001 0.023 0.009 0.019 0.150 0.758 
 657 M _   0.017 0.017 0.001 0.019 0.007 0.016 0.154 0.769 
 658 E _   0.014 0.014 0.001 0.015 0.005 0.014 0.158 0.780 
 659 N _   0.011 0.011 0.001 0.011 0.004 0.011 0.162 0.789 
 660 G _   0.010 0.009 0.000 0.009 0.003 0.010 0.165 0.794 
 661 D _   0.009 0.007 0.000 0.008 0.003 0.009 0.168 0.796 
 662 L _   0.008 0.006 0.000 0.008 0.003 0.008 0.171 0.795 
 663 N _   0.008 0.006 0.000 0.009 0.003 0.008 0.173 0.793 
