#TopoPred_TM8: 8-state transmembrane topology prediction results by no_profile mode 
#probabilities are in the order of H E C I L F X _, the 8 transmembrane topology types used in PDBTM 
   1 M X   0.015 0.001 0.002 0.050 0.010 0.012 0.732 0.178 
   2 R X   0.006 0.001 0.000 0.032 0.002 0.007 0.752 0.200 
   3 R X   0.003 0.000 0.000 0.021 0.001 0.006 0.755 0.214 
   4 L X   0.002 0.001 0.000 0.017 0.001 0.006 0.752 0.221 
   5 S X   0.003 0.001 0.000 0.016 0.001 0.008 0.743 0.227 
   6 S X   0.004 0.001 0.000 0.017 0.002 0.010 0.731 0.234 
   7 W X   0.006 0.002 0.000 0.019 0.003 0.011 0.718 0.240 
   8 R X   0.007 0.003 0.000 0.022 0.004 0.012 0.703 0.248 
   9 K X   0.007 0.004 0.001 0.023 0.004 0.012 0.689 0.259 
  10 M X   0.007 0.005 0.001 0.024 0.005 0.011 0.675 0.272 
  11 A X   0.006 0.005 0.001 0.022 0.005 0.010 0.663 0.289 
  12 T X   0.005 0.005 0.001 0.018 0.004 0.009 0.651 0.307 
  13 A X   0.005 0.004 0.000 0.014 0.003 0.007 0.640 0.326 
  14 E X   0.004 0.003 0.000 0.009 0.002 0.006 0.630 0.344 
  15 K X   0.004 0.002 0.000 0.006 0.002 0.005 0.620 0.361 
  16 Q X   0.003 0.001 0.000 0.004 0.001 0.005 0.610 0.375 
  17 K X   0.003 0.001 0.000 0.003 0.001 0.005 0.598 0.388 
  18 H X   0.003 0.001 0.000 0.003 0.001 0.005 0.586 0.401 
  19 D X   0.004 0.001 0.000 0.003 0.002 0.006 0.571 0.413 
  20 G X   0.004 0.002 0.000 0.004 0.002 0.009 0.554 0.424 
  21 R X   0.006 0.005 0.000 0.006 0.004 0.012 0.534 0.433 
  22 V X   0.008 0.009 0.001 0.010 0.006 0.016 0.510 0.440 
  23 K X   0.010 0.017 0.001 0.015 0.009 0.021 0.484 0.443 
  24 I X   0.012 0.028 0.001 0.021 0.012 0.026 0.456 0.444 
  25 G _   0.014 0.039 0.001 0.027 0.016 0.030 0.429 0.443 
  26 H _   0.017 0.050 0.002 0.031 0.019 0.034 0.403 0.444 
  27 Y _   0.019 0.059 0.002 0.034 0.022 0.037 0.379 0.447 
  28 I _   0.022 0.066 0.002 0.035 0.025 0.040 0.359 0.452 
  29 L _   0.024 0.072 0.002 0.035 0.026 0.041 0.341 0.459 
  30 G _   0.027 0.076 0.002 0.035 0.027 0.042 0.325 0.468 
  31 D _   0.029 0.078 0.002 0.034 0.026 0.042 0.312 0.479 
  32 T _   0.030 0.079 0.002 0.033 0.026 0.040 0.299 0.491 
  33 L _   0.031 0.078 0.002 0.032 0.024 0.039 0.289 0.505 
  34 G _   0.031 0.077 0.002 0.030 0.022 0.037 0.280 0.521 
  35 V _   0.030 0.074 0.001 0.029 0.020 0.034 0.272 0.538 
  36 G _   0.029 0.070 0.001 0.028 0.018 0.031 0.266 0.558 
  37 T _   0.026 0.064 0.001 0.025 0.015 0.028 0.259 0.581 
  38 F _   0.023 0.057 0.001 0.022 0.012 0.024 0.254 0.606 
  39 G _   0.020 0.049 0.001 0.019 0.010 0.021 0.249 0.631 
  40 K _   0.017 0.040 0.001 0.016 0.008 0.019 0.244 0.655 
  41 V _   0.015 0.032 0.001 0.012 0.006 0.016 0.239 0.678 
  42 K _   0.012 0.026 0.001 0.010 0.005 0.014 0.234 0.699 
  43 V _   0.011 0.021 0.001 0.007 0.004 0.012 0.229 0.716 
  44 G _   0.009 0.018 0.000 0.006 0.003 0.011 0.223 0.729 
  45 K _   0.009 0.017 0.000 0.005 0.003 0.011 0.217 0.738 
  46 H _   0.009 0.016 0.000 0.005 0.003 0.011 0.210 0.745 
  47 E _   0.009 0.017 0.000 0.006 0.004 0.012 0.203 0.748 
  48 L _   0.009 0.020 0.001 0.008 0.005 0.014 0.196 0.749 
  49 T _   0.010 0.024 0.001 0.010 0.006 0.015 0.188 0.746 
  50 G _   0.011 0.030 0.001 0.014 0.008 0.017 0.179 0.740 
  51 H _   0.012 0.038 0.001 0.019 0.010 0.019 0.170 0.730 
  52 K _   0.013 0.047 0.001 0.025 0.011 0.021 0.162 0.720 
  53 V _   0.014 0.054 0.001 0.030 0.013 0.022 0.154 0.712 
  54 A _   0.015 0.059 0.001 0.033 0.014 0.023 0.147 0.708 
  55 V _   0.015 0.062 0.001 0.035 0.014 0.023 0.141 0.709 
  56 K _   0.015 0.063 0.001 0.034 0.014 0.022 0.136 0.715 
  57 I _   0.015 0.061 0.001 0.032 0.013 0.021 0.131 0.726 
  58 L _   0.014 0.057 0.001 0.027 0.011 0.020 0.128 0.742 
  59 N _   0.014 0.051 0.001 0.022 0.010 0.018 0.124 0.760 
  60 R _   0.013 0.044 0.001 0.017 0.008 0.017 0.121 0.778 
  61 Q _   0.012 0.038 0.001 0.013 0.007 0.016 0.119 0.794 
  62 K _   0.012 0.032 0.001 0.011 0.006 0.015 0.116 0.807 
  63 I _   0.011 0.029 0.001 0.009 0.005 0.015 0.114 0.817 
  64 R _   0.011 0.026 0.001 0.008 0.005 0.015 0.111 0.823 
  65 S _   0.012 0.025 0.001 0.009 0.005 0.015 0.108 0.825 
  66 L _   0.012 0.025 0.001 0.010 0.006 0.016 0.105 0.825 
  67 D _   0.013 0.026 0.001 0.012 0.006 0.017 0.102 0.823 
  68 V _   0.014 0.027 0.001 0.014 0.007 0.018 0.099 0.820 
  69 V _   0.015 0.028 0.001 0.016 0.008 0.018 0.097 0.817 
  70 G _   0.015 0.029 0.001 0.018 0.009 0.019 0.094 0.815 
  71 K _   0.016 0.029 0.001 0.019 0.010 0.020 0.092 0.814 
  72 I _   0.016 0.028 0.001 0.020 0.010 0.020 0.089 0.816 
  73 R _   0.016 0.027 0.001 0.019 0.010 0.020 0.088 0.820 
  74 R _   0.016 0.025 0.001 0.018 0.009 0.020 0.086 0.826 
  75 E _   0.016 0.022 0.001 0.016 0.009 0.019 0.085 0.833 
  76 I _   0.016 0.019 0.001 0.014 0.008 0.019 0.083 0.840 
  77 Q _   0.016 0.016 0.001 0.012 0.007 0.018 0.082 0.848 
  78 N _   0.016 0.014 0.001 0.011 0.007 0.018 0.081 0.854 
  79 L _   0.016 0.012 0.001 0.010 0.006 0.018 0.079 0.859 
  80 K _   0.016 0.010 0.001 0.009 0.006 0.018 0.078 0.862 
  81 L _   0.017 0.009 0.001 0.009 0.006 0.018 0.077 0.864 
  82 F _   0.017 0.008 0.001 0.009 0.007 0.019 0.076 0.864 
  83 R _   0.018 0.007 0.001 0.009 0.007 0.020 0.074 0.863 
  84 H _   0.020 0.007 0.001 0.010 0.008 0.021 0.073 0.861 
  85 P _   0.021 0.007 0.001 0.011 0.009 0.022 0.072 0.857 
  86 H _   0.024 0.007 0.001 0.013 0.010 0.023 0.070 0.853 
  87 I _   0.026 0.007 0.001 0.014 0.011 0.024 0.069 0.848 
  88 I _   0.028 0.007 0.001 0.015 0.011 0.025 0.069 0.845 
  89 K _   0.029 0.006 0.001 0.015 0.011 0.025 0.068 0.845 
  90 L _   0.031 0.005 0.001 0.014 0.010 0.025 0.067 0.846 
  91 Y _   0.032 0.004 0.001 0.012 0.009 0.025 0.067 0.850 
  92 Q _   0.034 0.003 0.001 0.009 0.008 0.025 0.066 0.855 
  93 V _   0.036 0.002 0.001 0.007 0.007 0.025 0.065 0.857 
  94 I _   0.039 0.001 0.001 0.005 0.006 0.027 0.065 0.857 
  95 S _   0.045 0.001 0.001 0.004 0.006 0.029 0.064 0.852 
  96 T _   0.054 0.001 0.001 0.003 0.007 0.032 0.063 0.840 
  97 P _   0.065 0.001 0.001 0.003 0.010 0.037 0.062 0.821 
  98 S _   0.080 0.002 0.001 0.005 0.014 0.043 0.060 0.794 
  99 D _   0.096 0.005 0.001 0.007 0.020 0.050 0.059 0.761 
 100 I _   0.110 0.011 0.002 0.011 0.028 0.057 0.058 0.723 
 101 F _   0.123 0.020 0.002 0.016 0.036 0.061 0.057 0.685 
 102 M _   0.131 0.031 0.002 0.021 0.042 0.065 0.057 0.651 
 103 V _   0.135 0.042 0.002 0.026 0.046 0.066 0.056 0.627 
 104 M _   0.134 0.050 0.002 0.029 0.047 0.065 0.056 0.616 
 105 E _   0.129 0.055 0.002 0.030 0.046 0.063 0.057 0.617 
 106 Y _   0.121 0.058 0.002 0.030 0.043 0.060 0.058 0.627 
 107 V _   0.111 0.060 0.002 0.029 0.039 0.056 0.059 0.644 
 108 S _   0.100 0.060 0.002 0.029 0.034 0.051 0.061 0.663 
 109 G _   0.089 0.059 0.002 0.028 0.029 0.046 0.062 0.684 
 110 G _   0.077 0.058 0.002 0.028 0.024 0.041 0.065 0.705 
 111 E _   0.065 0.055 0.001 0.028 0.020 0.036 0.067 0.727 
 112 L _   0.054 0.051 0.001 0.027 0.016 0.032 0.070 0.748 
 113 F _   0.044 0.047 0.001 0.025 0.013 0.027 0.072 0.771 
 114 D _   0.035 0.040 0.001 0.022 0.010 0.022 0.075 0.794 
 115 Y _   0.027 0.033 0.001 0.018 0.007 0.018 0.078 0.817 
 116 I _   0.020 0.026 0.001 0.015 0.005 0.015 0.080 0.838 
 117 C _   0.016 0.020 0.001 0.011 0.004 0.012 0.082 0.856 
 118 K _   0.012 0.014 0.000 0.008 0.003 0.009 0.083 0.870 
 119 N _   0.009 0.011 0.000 0.006 0.002 0.008 0.084 0.880 
 120 G _   0.007 0.009 0.000 0.004 0.002 0.007 0.084 0.887 
 121 R _   0.006 0.008 0.000 0.003 0.001 0.007 0.084 0.890 
 122 L _   0.006 0.008 0.000 0.003 0.001 0.007 0.083 0.892 
 123 D _   0.006 0.009 0.000 0.003 0.002 0.008 0.082 0.891 
 124 E _   0.006 0.012 0.000 0.005 0.002 0.010 0.080 0.885 
 125 K _   0.008 0.019 0.000 0.007 0.003 0.013 0.077 0.872 
 126 E _   0.010 0.035 0.001 0.011 0.006 0.017 0.073 0.847 
 127 S _   0.012 0.065 0.001 0.017 0.009 0.022 0.068 0.806 
 128 R _   0.014 0.109 0.001 0.025 0.013 0.026 0.062 0.749 
 129 R _   0.015 0.162 0.002 0.034 0.017 0.029 0.057 0.685 
 130 L _   0.016 0.209 0.002 0.041 0.019 0.031 0.051 0.631 
 131 F _   0.016 0.244 0.002 0.046 0.020 0.032 0.047 0.594 
 132 Q _   0.016 0.265 0.002 0.049 0.021 0.032 0.044 0.571 
 133 Q _   0.016 0.278 0.001 0.048 0.021 0.032 0.042 0.562 
 134 I _   0.017 0.283 0.001 0.045 0.020 0.031 0.040 0.563 
 135 L _   0.018 0.282 0.001 0.040 0.019 0.030 0.039 0.572 
 136 S _   0.018 0.276 0.001 0.033 0.017 0.029 0.038 0.587 
 137 G _   0.019 0.268 0.001 0.027 0.015 0.028 0.037 0.605 
 138 V _   0.020 0.258 0.001 0.022 0.014 0.027 0.037 0.622 
 139 D _   0.020 0.249 0.001 0.019 0.013 0.026 0.036 0.636 
 140 Y _   0.020 0.241 0.001 0.018 0.012 0.026 0.036 0.647 
 141 C _   0.020 0.236 0.001 0.018 0.012 0.025 0.035 0.654 
 142 H _   0.020 0.232 0.001 0.019 0.011 0.024 0.035 0.658 
 143 R _   0.019 0.228 0.001 0.021 0.011 0.022 0.035 0.662 
 144 H _   0.018 0.224 0.001 0.023 0.011 0.021 0.035 0.668 
 145 M _   0.017 0.217 0.001 0.023 0.010 0.019 0.035 0.677 
 146 V _   0.016 0.208 0.001 0.023 0.009 0.018 0.035 0.691 
 147 V _   0.014 0.195 0.001 0.021 0.008 0.016 0.035 0.710 
 148 H _   0.013 0.180 0.001 0.018 0.007 0.014 0.035 0.732 
 149 R _   0.011 0.162 0.001 0.015 0.006 0.013 0.035 0.757 
 150 D _   0.010 0.146 0.001 0.012 0.005 0.012 0.036 0.780 
 151 L _   0.009 0.132 0.001 0.009 0.004 0.011 0.036 0.798 
 152 K _   0.008 0.123 0.000 0.008 0.003 0.010 0.036 0.811 
 153 P _   0.008 0.119 0.000 0.007 0.003 0.010 0.036 0.818 
 154 E _   0.007 0.118 0.000 0.007 0.003 0.010 0.035 0.819 
 155 N _   0.008 0.120 0.000 0.007 0.003 0.011 0.034 0.815 
 156 V _   0.008 0.125 0.000 0.009 0.004 0.012 0.034 0.808 
 157 L _   0.009 0.134 0.001 0.011 0.005 0.013 0.033 0.795 
 158 L _   0.010 0.145 0.001 0.013 0.006 0.014 0.031 0.780 
 159 D _   0.010 0.158 0.001 0.015 0.007 0.015 0.030 0.764 
 160 A _   0.010 0.171 0.001 0.017 0.008 0.016 0.029 0.748 
 161 H _   0.011 0.184 0.001 0.018 0.009 0.017 0.028 0.733 
 162 M _   0.012 0.196 0.001 0.020 0.010 0.018 0.026 0.718 
 163 N _   0.012 0.206 0.001 0.021 0.010 0.019 0.025 0.704 
 164 A _   0.013 0.216 0.001 0.023 0.011 0.020 0.025 0.692 
 165 K _   0.014 0.224 0.001 0.024 0.011 0.020 0.024 0.683 
 166 I _   0.014 0.229 0.001 0.025 0.011 0.020 0.024 0.677 
 167 A _   0.015 0.231 0.001 0.025 0.011 0.019 0.023 0.675 
 168 D _   0.014 0.231 0.001 0.024 0.010 0.019 0.023 0.677 
 169 F _   0.014 0.228 0.001 0.023 0.010 0.018 0.023 0.683 
 170 G _   0.014 0.223 0.001 0.021 0.009 0.017 0.023 0.692 
 171 L _   0.013 0.216 0.001 0.019 0.008 0.016 0.023 0.703 
 172 S _   0.013 0.207 0.001 0.017 0.008 0.016 0.023 0.715 
 173 N _   0.012 0.198 0.001 0.016 0.007 0.015 0.024 0.727 
 174 M _   0.012 0.190 0.001 0.016 0.007 0.015 0.024 0.736 
 175 M _   0.011 0.183 0.001 0.017 0.007 0.014 0.024 0.744 
 176 S _   0.011 0.176 0.001 0.018 0.007 0.014 0.024 0.750 
 177 D _   0.011 0.169 0.001 0.019 0.007 0.014 0.025 0.756 
 178 G _   0.011 0.161 0.001 0.021 0.007 0.013 0.025 0.762 
 179 E _   0.010 0.152 0.001 0.022 0.007 0.013 0.025 0.770 
 180 F _   0.010 0.140 0.001 0.022 0.007 0.012 0.026 0.783 
 181 L _   0.009 0.124 0.001 0.021 0.006 0.011 0.027 0.800 
 182 R _   0.009 0.105 0.001 0.019 0.006 0.011 0.027 0.823 
 183 T _   0.008 0.083 0.001 0.016 0.005 0.010 0.028 0.849 
 184 S _   0.008 0.063 0.001 0.012 0.004 0.009 0.029 0.875 
 185 C _   0.007 0.046 0.000 0.009 0.003 0.008 0.030 0.897 
 186 G _   0.006 0.035 0.000 0.007 0.003 0.007 0.030 0.912 
 187 S _   0.006 0.028 0.000 0.006 0.002 0.007 0.030 0.921 
 188 P _   0.006 0.024 0.000 0.005 0.002 0.008 0.030 0.925 
 189 N _   0.006 0.023 0.000 0.006 0.002 0.008 0.029 0.926 
 190 Y _   0.006 0.023 0.000 0.007 0.003 0.009 0.029 0.923 
 191 A _   0.007 0.024 0.000 0.010 0.004 0.011 0.028 0.917 
 192 A _   0.008 0.027 0.001 0.013 0.005 0.012 0.027 0.908 
 193 P _   0.008 0.030 0.001 0.018 0.006 0.014 0.026 0.897 
 194 E _   0.009 0.033 0.001 0.023 0.008 0.016 0.024 0.887 
 195 V _   0.009 0.036 0.001 0.027 0.009 0.017 0.023 0.878 
 196 I _   0.010 0.038 0.001 0.030 0.010 0.018 0.022 0.871 
 197 S _   0.011 0.037 0.001 0.031 0.011 0.018 0.021 0.869 
 198 G _   0.012 0.036 0.001 0.031 0.011 0.019 0.021 0.870 
 199 R _   0.014 0.032 0.001 0.028 0.011 0.019 0.020 0.876 
 200 L _   0.016 0.027 0.001 0.024 0.010 0.018 0.020 0.885 
 201 Y _   0.019 0.020 0.001 0.019 0.009 0.018 0.019 0.895 
 202 A _   0.024 0.013 0.001 0.014 0.007 0.017 0.019 0.904 
 203 G _   0.034 0.007 0.001 0.010 0.006 0.016 0.018 0.908 
 204 P _   0.049 0.003 0.001 0.006 0.005 0.016 0.018 0.902 
 205 E _   0.071 0.001 0.001 0.004 0.005 0.016 0.017 0.885 
 206 V _   0.106 0.000 0.001 0.002 0.005 0.017 0.016 0.853 
 207 D _   0.157 0.000 0.001 0.002 0.006 0.019 0.014 0.801 
 208 I _   0.230 0.000 0.001 0.002 0.009 0.021 0.013 0.724 
 209 W _   0.322 0.000 0.001 0.002 0.013 0.025 0.012 0.627 
 210 S _   0.421 0.000 0.001 0.002 0.018 0.028 0.010 0.519 
 211 S H   0.517 0.000 0.002 0.002 0.025 0.031 0.009 0.414 
 212 G H   0.596 0.000 0.002 0.002 0.032 0.032 0.008 0.327 
 213 V H   0.657 0.000 0.002 0.003 0.038 0.033 0.008 0.259 
 214 I H   0.697 0.001 0.002 0.003 0.042 0.032 0.009 0.215 
 215 L H   0.716 0.001 0.002 0.004 0.045 0.031 0.009 0.192 
 216 Y H   0.719 0.002 0.002 0.006 0.046 0.029 0.010 0.186 
 217 A H   0.706 0.002 0.002 0.007 0.045 0.028 0.012 0.198 
 218 L H   0.671 0.002 0.003 0.008 0.043 0.026 0.014 0.232 
 219 L H   0.612 0.002 0.003 0.010 0.039 0.025 0.017 0.293 
 220 C H   0.528 0.002 0.003 0.010 0.032 0.022 0.021 0.382 
 221 G _   0.426 0.001 0.002 0.009 0.024 0.019 0.026 0.493 
 222 T _   0.319 0.001 0.002 0.006 0.015 0.016 0.031 0.610 
 223 L _   0.219 0.000 0.001 0.004 0.009 0.013 0.036 0.717 
 224 P _   0.138 0.000 0.001 0.003 0.005 0.010 0.040 0.803 
 225 F _   0.081 0.000 0.000 0.002 0.003 0.008 0.043 0.862 
 226 D _   0.046 0.000 0.000 0.002 0.002 0.007 0.044 0.898 
 227 D _   0.028 0.000 0.000 0.002 0.002 0.007 0.046 0.916 
 228 D _   0.019 0.000 0.000 0.002 0.002 0.008 0.046 0.923 
 229 H _   0.016 0.001 0.000 0.002 0.002 0.010 0.047 0.921 
 230 V _   0.016 0.003 0.000 0.004 0.003 0.014 0.047 0.913 
 231 P _   0.017 0.008 0.001 0.008 0.006 0.018 0.047 0.895 
 232 T _   0.019 0.020 0.001 0.014 0.009 0.023 0.046 0.867 
 233 L _   0.021 0.038 0.001 0.023 0.013 0.028 0.045 0.831 
 234 F _   0.022 0.058 0.001 0.032 0.018 0.032 0.044 0.794 
 235 K _   0.022 0.075 0.002 0.040 0.021 0.035 0.043 0.762 
 236 K _   0.023 0.087 0.002 0.046 0.024 0.037 0.043 0.738 
 237 I _   0.023 0.094 0.002 0.050 0.026 0.038 0.042 0.724 
 238 C _   0.024 0.097 0.002 0.051 0.027 0.038 0.043 0.719 
 239 D _   0.025 0.097 0.002 0.050 0.026 0.037 0.043 0.720 
 240 G _   0.025 0.094 0.002 0.047 0.025 0.036 0.044 0.727 
 241 I _   0.026 0.087 0.002 0.042 0.022 0.034 0.046 0.742 
 242 F _   0.026 0.075 0.002 0.034 0.019 0.032 0.048 0.764 
 243 Y _   0.025 0.060 0.001 0.027 0.016 0.030 0.050 0.791 
 244 T _   0.025 0.043 0.001 0.019 0.012 0.028 0.052 0.819 
 245 P _   0.024 0.029 0.001 0.013 0.009 0.027 0.054 0.844 
 246 Q _   0.024 0.018 0.001 0.008 0.007 0.026 0.055 0.861 
 247 Y _   0.023 0.013 0.001 0.006 0.006 0.025 0.056 0.870 
 248 L _   0.024 0.010 0.001 0.004 0.006 0.026 0.057 0.872 
 249 N _   0.027 0.010 0.001 0.004 0.006 0.027 0.058 0.867 
 250 P _   0.030 0.011 0.001 0.006 0.008 0.030 0.058 0.855 
 251 S _   0.035 0.015 0.001 0.009 0.012 0.033 0.059 0.836 
 252 V _   0.039 0.023 0.001 0.015 0.016 0.036 0.059 0.811 
 253 I _   0.042 0.033 0.002 0.022 0.020 0.039 0.060 0.782 
 254 S _   0.043 0.043 0.002 0.030 0.024 0.040 0.060 0.758 
 255 L _   0.043 0.050 0.002 0.037 0.025 0.039 0.061 0.743 
 256 L _   0.041 0.054 0.002 0.040 0.026 0.038 0.063 0.736 
 257 K _   0.039 0.055 0.002 0.040 0.024 0.035 0.065 0.741 
 258 H _   0.036 0.053 0.002 0.036 0.021 0.032 0.067 0.752 
 259 M _   0.032 0.049 0.001 0.031 0.018 0.029 0.070 0.771 
 260 L _   0.028 0.042 0.001 0.025 0.014 0.025 0.072 0.793 
 261 Q _   0.025 0.035 0.001 0.019 0.010 0.021 0.075 0.814 
 262 V _   0.021 0.028 0.001 0.014 0.008 0.018 0.078 0.832 
 263 D _   0.019 0.022 0.001 0.011 0.006 0.016 0.080 0.846 
 264 P _   0.017 0.018 0.001 0.008 0.005 0.014 0.082 0.855 
 265 M _   0.015 0.016 0.000 0.007 0.004 0.013 0.084 0.861 
 266 K _   0.014 0.015 0.000 0.007 0.004 0.012 0.085 0.863 
 267 R _   0.013 0.014 0.000 0.007 0.004 0.012 0.087 0.864 
 268 A _   0.012 0.014 0.000 0.007 0.004 0.011 0.088 0.863 
 269 T _   0.012 0.014 0.000 0.008 0.004 0.011 0.089 0.862 
 270 I _   0.011 0.015 0.000 0.009 0.004 0.011 0.090 0.859 
 271 K _   0.011 0.017 0.001 0.010 0.004 0.012 0.091 0.855 
 272 D _   0.011 0.019 0.001 0.011 0.005 0.012 0.091 0.851 
 273 I _   0.011 0.021 0.001 0.012 0.005 0.012 0.092 0.846 
 274 R _   0.011 0.023 0.001 0.014 0.005 0.012 0.093 0.841 
 275 E _   0.011 0.024 0.001 0.015 0.006 0.013 0.094 0.837 
 276 H _   0.010 0.026 0.001 0.016 0.006 0.013 0.095 0.834 
 277 E _   0.010 0.027 0.001 0.017 0.006 0.012 0.096 0.832 
 278 W _   0.010 0.028 0.001 0.017 0.006 0.012 0.097 0.831 
 279 F _   0.009 0.028 0.001 0.016 0.005 0.012 0.098 0.831 
 280 K _   0.009 0.028 0.001 0.016 0.005 0.011 0.100 0.831 
 281 Q _   0.009 0.027 0.001 0.015 0.005 0.011 0.101 0.832 
 282 D _   0.009 0.027 0.001 0.014 0.005 0.010 0.103 0.833 
 283 L _   0.008 0.026 0.001 0.014 0.004 0.010 0.104 0.833 
 284 P _   0.008 0.025 0.000 0.013 0.004 0.009 0.106 0.835 
 285 K _   0.008 0.024 0.000 0.012 0.004 0.009 0.107 0.836 
 286 Y _   0.008 0.023 0.000 0.011 0.003 0.008 0.109 0.837 
 287 L _   0.007 0.022 0.000 0.011 0.003 0.008 0.110 0.839 
 288 F _   0.007 0.021 0.000 0.010 0.003 0.007 0.111 0.841 
 289 P _   0.006 0.020 0.000 0.009 0.003 0.007 0.112 0.844 
 290 E _   0.006 0.020 0.000 0.008 0.002 0.006 0.112 0.846 
 291 D _   0.005 0.020 0.000 0.007 0.002 0.006 0.112 0.848 
 292 P _   0.005 0.021 0.000 0.006 0.002 0.006 0.111 0.849 
 293 S _   0.005 0.023 0.000 0.006 0.002 0.006 0.110 0.848 
 294 Y _   0.004 0.026 0.000 0.007 0.002 0.006 0.109 0.846 
 295 S _   0.004 0.030 0.000 0.008 0.002 0.007 0.107 0.841 
 296 S _   0.004 0.038 0.000 0.009 0.003 0.007 0.105 0.833 
 297 T _   0.004 0.049 0.000 0.012 0.003 0.008 0.102 0.821 
 298 M _   0.005 0.065 0.001 0.014 0.004 0.009 0.099 0.804 
 299 I _   0.005 0.084 0.001 0.017 0.005 0.010 0.095 0.784 
 300 D _   0.005 0.106 0.001 0.020 0.005 0.011 0.091 0.762 
 301 D _   0.005 0.130 0.001 0.022 0.006 0.012 0.087 0.738 
 302 E _   0.005 0.153 0.001 0.024 0.007 0.012 0.084 0.715 
 303 A _   0.005 0.174 0.001 0.025 0.007 0.013 0.081 0.695 
 304 L _   0.005 0.191 0.001 0.025 0.007 0.013 0.078 0.679 
 305 K _   0.005 0.205 0.001 0.025 0.007 0.014 0.076 0.666 
 306 E _   0.006 0.217 0.001 0.025 0.007 0.014 0.074 0.656 
 307 V _   0.006 0.227 0.001 0.023 0.007 0.015 0.073 0.648 
 308 C _   0.007 0.235 0.001 0.022 0.007 0.016 0.072 0.641 
 309 E _   0.008 0.241 0.001 0.020 0.007 0.017 0.071 0.635 
 310 K _   0.009 0.248 0.001 0.020 0.008 0.018 0.070 0.627 
 311 F _   0.010 0.255 0.001 0.020 0.009 0.019 0.070 0.617 
 312 E _   0.011 0.262 0.001 0.021 0.010 0.021 0.069 0.605 
 313 C _   0.012 0.271 0.001 0.024 0.011 0.022 0.068 0.590 
 314 S _   0.013 0.280 0.001 0.028 0.013 0.023 0.068 0.573 
 315 E _   0.014 0.289 0.001 0.034 0.015 0.023 0.068 0.555 
 316 E _   0.015 0.296 0.001 0.040 0.016 0.023 0.068 0.541 
 317 E _   0.016 0.298 0.001 0.045 0.016 0.023 0.069 0.532 
 318 V _   0.016 0.296 0.001 0.048 0.016 0.022 0.071 0.531 
 319 L _   0.016 0.286 0.001 0.048 0.015 0.021 0.073 0.540 
 320 S _   0.015 0.266 0.001 0.045 0.014 0.019 0.076 0.564 
 321 C _   0.014 0.231 0.002 0.039 0.013 0.017 0.081 0.603 
 322 L _   0.014 0.181 0.002 0.031 0.011 0.016 0.086 0.660 
 323 Y _   0.013 0.122 0.001 0.022 0.008 0.014 0.091 0.728 
 324 N _   0.012 0.070 0.001 0.014 0.006 0.012 0.097 0.789 
 325 R _   0.010 0.036 0.001 0.008 0.004 0.011 0.100 0.831 
 326 N _   0.008 0.020 0.000 0.004 0.002 0.010 0.103 0.851 
 327 H _   0.008 0.014 0.000 0.003 0.002 0.010 0.104 0.858 
 328 Q _   0.009 0.013 0.000 0.003 0.002 0.012 0.105 0.856 
 329 D _   0.011 0.014 0.000 0.004 0.003 0.015 0.106 0.847 
 330 P _   0.015 0.019 0.001 0.007 0.006 0.020 0.106 0.827 
 331 L _   0.020 0.034 0.001 0.013 0.010 0.026 0.105 0.792 
 332 A _   0.025 0.061 0.001 0.023 0.016 0.031 0.104 0.740 
 333 V _   0.028 0.094 0.002 0.035 0.021 0.035 0.103 0.682 
 334 A _   0.029 0.123 0.002 0.046 0.025 0.037 0.103 0.636 
 335 Y _   0.029 0.141 0.002 0.053 0.026 0.038 0.103 0.608 
 336 H _   0.029 0.151 0.002 0.056 0.026 0.037 0.105 0.594 
 337 L _   0.029 0.154 0.002 0.054 0.025 0.036 0.107 0.593 
 338 I _   0.028 0.153 0.002 0.049 0.023 0.034 0.110 0.601 
 339 I _   0.026 0.147 0.002 0.042 0.020 0.031 0.114 0.617 
 340 D _   0.025 0.137 0.001 0.034 0.017 0.028 0.119 0.639 
 341 N _   0.023 0.123 0.001 0.027 0.014 0.025 0.124 0.663 
 342 R _   0.021 0.109 0.001 0.020 0.011 0.023 0.129 0.687 
 343 R _   0.018 0.096 0.001 0.016 0.008 0.020 0.134 0.706 
 344 I _   0.016 0.087 0.001 0.013 0.007 0.019 0.139 0.719 
 345 M _   0.014 0.080 0.001 0.012 0.006 0.017 0.143 0.727 
 346 N _   0.013 0.076 0.001 0.012 0.005 0.016 0.146 0.731 
 347 E _   0.012 0.074 0.001 0.013 0.005 0.015 0.149 0.730 
 348 A _   0.012 0.073 0.001 0.015 0.006 0.015 0.153 0.727 
 349 K _   0.011 0.072 0.001 0.017 0.006 0.014 0.156 0.723 
 350 D _   0.011 0.070 0.001 0.020 0.006 0.014 0.160 0.719 
 351 F _   0.011 0.068 0.001 0.021 0.006 0.013 0.164 0.717 
 352 Y _   0.010 0.064 0.001 0.021 0.006 0.012 0.168 0.717 
 353 L _   0.009 0.058 0.001 0.020 0.006 0.011 0.174 0.721 
 354 A _   0.009 0.051 0.001 0.018 0.005 0.010 0.179 0.728 
 355 T _   0.008 0.042 0.001 0.015 0.004 0.009 0.185 0.736 
 356 S _   0.007 0.034 0.000 0.012 0.003 0.008 0.190 0.746 
 357 P _   0.007 0.026 0.000 0.009 0.003 0.007 0.195 0.754 
 358 P _   0.006 0.020 0.000 0.007 0.002 0.006 0.199 0.759 
 359 D _   0.006 0.017 0.000 0.006 0.002 0.006 0.202 0.762 
 360 S _   0.006 0.014 0.000 0.005 0.002 0.006 0.205 0.763 
 361 F _   0.005 0.013 0.000 0.005 0.002 0.006 0.207 0.762 
 362 L _   0.005 0.013 0.000 0.005 0.002 0.006 0.208 0.761 
 363 D _   0.005 0.013 0.000 0.006 0.002 0.006 0.208 0.760 
 364 D _   0.005 0.014 0.000 0.006 0.002 0.006 0.208 0.758 
 365 H _   0.005 0.016 0.000 0.007 0.002 0.007 0.208 0.756 
 366 H _   0.005 0.018 0.000 0.007 0.002 0.007 0.206 0.754 
 367 L _   0.005 0.022 0.000 0.007 0.002 0.008 0.204 0.752 
 368 T _   0.005 0.026 0.000 0.008 0.003 0.009 0.202 0.747 
 369 R _   0.005 0.033 0.000 0.009 0.003 0.010 0.199 0.740 
 370 P _   0.006 0.043 0.000 0.011 0.004 0.011 0.196 0.730 
 371 H _   0.006 0.058 0.001 0.013 0.005 0.013 0.191 0.712 
 372 P _   0.007 0.082 0.001 0.017 0.007 0.015 0.186 0.684 
 373 E _   0.008 0.115 0.001 0.022 0.009 0.017 0.181 0.646 
 374 R _   0.009 0.157 0.001 0.029 0.011 0.019 0.175 0.599 
 375 V _   0.009 0.202 0.001 0.036 0.013 0.020 0.169 0.549 
 376 P _   0.009 0.241 0.001 0.042 0.014 0.020 0.165 0.507 
 377 F _   0.009 0.269 0.001 0.047 0.014 0.020 0.162 0.477 
 378 L _   0.009 0.286 0.001 0.051 0.014 0.019 0.161 0.459 
 379 V _   0.009 0.295 0.001 0.052 0.013 0.019 0.160 0.450 
 380 A _   0.009 0.298 0.001 0.051 0.013 0.018 0.161 0.450 
 381 E _   0.009 0.295 0.001 0.049 0.012 0.017 0.162 0.456 
 382 T _   0.009 0.285 0.001 0.044 0.011 0.016 0.165 0.469 
 383 P _   0.009 0.269 0.001 0.039 0.010 0.015 0.169 0.489 
 384 R _   0.010 0.245 0.001 0.034 0.009 0.014 0.174 0.514 
 385 A _   0.010 0.215 0.001 0.029 0.008 0.013 0.180 0.545 
 386 R _   0.010 0.179 0.001 0.025 0.007 0.012 0.187 0.579 
 387 H _   0.010 0.144 0.001 0.021 0.006 0.011 0.195 0.613 
 388 T _   0.010 0.111 0.001 0.017 0.005 0.010 0.202 0.645 
 389 L _   0.009 0.083 0.001 0.014 0.004 0.009 0.208 0.673 
 390 D _   0.008 0.060 0.000 0.010 0.003 0.008 0.213 0.697 
 391 E _   0.007 0.044 0.000 0.008 0.002 0.007 0.216 0.715 
 392 L _   0.006 0.034 0.000 0.006 0.002 0.006 0.218 0.728 
 393 N _   0.005 0.027 0.000 0.004 0.001 0.005 0.219 0.737 
 394 P _   0.005 0.024 0.000 0.003 0.001 0.005 0.219 0.743 
 395 Q _   0.004 0.023 0.000 0.003 0.001 0.005 0.217 0.746 
 396 K _   0.004 0.024 0.000 0.004 0.001 0.006 0.215 0.746 
 397 S _   0.004 0.026 0.000 0.005 0.002 0.007 0.211 0.744 
 398 K _   0.005 0.032 0.000 0.008 0.002 0.009 0.206 0.738 
 399 H _   0.005 0.043 0.000 0.012 0.004 0.011 0.200 0.724 
 400 Q _   0.006 0.062 0.001 0.018 0.005 0.014 0.191 0.703 
 401 G _   0.007 0.087 0.001 0.026 0.007 0.016 0.181 0.675 
 402 V _   0.007 0.114 0.001 0.035 0.009 0.017 0.171 0.645 
 403 R _   0.007 0.137 0.001 0.043 0.011 0.019 0.163 0.620 
 404 K _   0.007 0.153 0.001 0.051 0.012 0.019 0.156 0.601 
 405 A _   0.007 0.163 0.001 0.056 0.013 0.019 0.150 0.591 
 406 K _   0.007 0.167 0.001 0.058 0.013 0.019 0.146 0.589 
 407 W _   0.007 0.167 0.001 0.057 0.013 0.018 0.144 0.594 
 408 H _   0.007 0.161 0.001 0.053 0.012 0.017 0.142 0.606 
 409 L _   0.007 0.150 0.001 0.046 0.011 0.016 0.141 0.627 
 410 G _   0.008 0.131 0.001 0.038 0.009 0.015 0.141 0.656 
 411 I _   0.008 0.106 0.001 0.029 0.008 0.014 0.142 0.692 
 412 R _   0.008 0.077 0.001 0.020 0.006 0.013 0.143 0.732 
 413 S _   0.008 0.049 0.001 0.013 0.005 0.013 0.144 0.767 
 414 Q _   0.008 0.030 0.001 0.008 0.004 0.013 0.144 0.793 
 415 S _   0.009 0.019 0.000 0.005 0.003 0.014 0.143 0.807 
 416 R _   0.010 0.015 0.000 0.004 0.003 0.015 0.142 0.810 
 417 P _   0.014 0.014 0.000 0.004 0.004 0.018 0.141 0.806 
 418 N _   0.019 0.015 0.001 0.005 0.005 0.023 0.139 0.793 
 419 D _   0.026 0.020 0.001 0.008 0.009 0.030 0.136 0.770 
 420 I _   0.035 0.030 0.001 0.015 0.015 0.037 0.133 0.734 
 421 M _   0.042 0.048 0.002 0.025 0.023 0.043 0.129 0.688 
 422 A _   0.047 0.066 0.002 0.037 0.030 0.048 0.126 0.644 
 423 E _   0.051 0.081 0.002 0.048 0.034 0.050 0.123 0.612 
 424 V _   0.052 0.089 0.002 0.055 0.036 0.050 0.121 0.594 
 425 C _   0.052 0.093 0.002 0.057 0.036 0.049 0.120 0.591 
 426 R _   0.051 0.091 0.002 0.055 0.034 0.046 0.120 0.601 
 427 A _   0.048 0.086 0.002 0.048 0.030 0.042 0.121 0.623 
 428 I _   0.045 0.075 0.002 0.038 0.024 0.037 0.122 0.656 
 429 K _   0.041 0.060 0.002 0.028 0.019 0.032 0.124 0.694 
 430 Q _   0.036 0.043 0.001 0.019 0.014 0.028 0.126 0.733 
 431 L _   0.031 0.029 0.001 0.013 0.010 0.024 0.127 0.766 
 432 D _   0.026 0.019 0.001 0.009 0.007 0.021 0.128 0.790 
 433 Y _   0.023 0.014 0.001 0.006 0.005 0.018 0.129 0.804 
 434 E _   0.020 0.011 0.000 0.005 0.004 0.016 0.130 0.813 
 435 W _   0.018 0.010 0.000 0.005 0.004 0.015 0.130 0.817 
 436 K _   0.017 0.010 0.000 0.006 0.004 0.015 0.130 0.818 
 437 V _   0.016 0.011 0.001 0.007 0.005 0.015 0.129 0.816 
 438 V _   0.016 0.013 0.001 0.009 0.005 0.015 0.129 0.813 
 439 N _   0.016 0.015 0.001 0.011 0.006 0.015 0.129 0.808 
 440 P _   0.015 0.017 0.001 0.013 0.007 0.015 0.128 0.804 
 441 Y _   0.015 0.020 0.001 0.015 0.007 0.015 0.128 0.799 
 442 Y _   0.015 0.022 0.001 0.016 0.008 0.015 0.128 0.796 
 443 L _   0.014 0.024 0.001 0.017 0.008 0.015 0.128 0.795 
 444 R _   0.013 0.025 0.001 0.017 0.007 0.015 0.128 0.795 
 445 V _   0.012 0.025 0.001 0.016 0.007 0.014 0.128 0.797 
 446 R _   0.011 0.025 0.001 0.014 0.006 0.013 0.129 0.801 
 447 R _   0.010 0.025 0.001 0.013 0.005 0.012 0.130 0.804 
 448 K _   0.010 0.025 0.001 0.011 0.005 0.011 0.130 0.807 
 449 N _   0.009 0.025 0.001 0.010 0.004 0.011 0.131 0.810 
 450 P _   0.009 0.025 0.000 0.009 0.004 0.010 0.131 0.812 
 451 V _   0.008 0.026 0.000 0.008 0.004 0.010 0.131 0.812 
 452 T _   0.008 0.028 0.000 0.008 0.004 0.011 0.131 0.810 
 453 S _   0.008 0.030 0.000 0.008 0.004 0.011 0.131 0.806 
 454 T _   0.009 0.034 0.001 0.010 0.005 0.012 0.131 0.799 
 455 Y _   0.009 0.040 0.001 0.012 0.006 0.014 0.130 0.789 
 456 S _   0.010 0.047 0.001 0.015 0.007 0.015 0.130 0.776 
 457 K _   0.010 0.056 0.001 0.019 0.008 0.016 0.129 0.761 
 458 M _   0.011 0.065 0.001 0.023 0.009 0.017 0.129 0.746 
 459 S _   0.011 0.072 0.001 0.027 0.010 0.018 0.129 0.733 
 460 L _   0.011 0.077 0.001 0.029 0.010 0.018 0.129 0.724 
 461 Q _   0.011 0.080 0.001 0.030 0.010 0.017 0.130 0.720 
 462 L _   0.011 0.080 0.001 0.030 0.010 0.016 0.131 0.721 
 463 Y _   0.010 0.079 0.001 0.028 0.009 0.016 0.133 0.725 
 464 Q _   0.010 0.075 0.001 0.025 0.008 0.015 0.135 0.731 
 465 V _   0.010 0.070 0.001 0.022 0.007 0.014 0.137 0.739 
 466 D _   0.010 0.064 0.001 0.019 0.007 0.013 0.140 0.747 
 467 S _   0.009 0.057 0.001 0.016 0.006 0.012 0.144 0.754 
 468 R _   0.009 0.051 0.001 0.015 0.005 0.011 0.147 0.760 
 469 T _   0.009 0.046 0.001 0.013 0.005 0.011 0.150 0.766 
 470 Y _   0.009 0.040 0.001 0.012 0.004 0.010 0.153 0.770 
 471 L _   0.008 0.036 0.001 0.012 0.004 0.009 0.156 0.774 
 472 L _   0.008 0.032 0.000 0.011 0.004 0.009 0.159 0.778 
 473 D _   0.007 0.029 0.000 0.010 0.003 0.008 0.161 0.781 
 474 F _   0.007 0.026 0.000 0.009 0.003 0.007 0.164 0.784 
 475 R _   0.006 0.024 0.000 0.008 0.003 0.007 0.165 0.787 
 476 S _   0.006 0.022 0.000 0.008 0.003 0.007 0.167 0.788 
 477 I _   0.005 0.021 0.000 0.008 0.002 0.006 0.168 0.789 
 478 D _   0.005 0.021 0.000 0.008 0.002 0.006 0.169 0.789 
 479 D _   0.005 0.021 0.000 0.008 0.002 0.006 0.169 0.787 
 480 E _   0.005 0.022 0.000 0.009 0.003 0.007 0.169 0.786 
 481 I _   0.005 0.023 0.000 0.010 0.003 0.007 0.170 0.783 
 482 T _   0.005 0.024 0.000 0.010 0.003 0.007 0.169 0.781 
 483 E _   0.005 0.026 0.000 0.011 0.003 0.007 0.169 0.778 
 484 A _   0.005 0.028 0.000 0.012 0.003 0.007 0.169 0.776 
 485 K _   0.005 0.029 0.000 0.012 0.003 0.007 0.169 0.774 
 486 S _   0.005 0.031 0.000 0.012 0.003 0.007 0.169 0.772 
 487 G _   0.005 0.033 0.000 0.012 0.003 0.007 0.169 0.771 
 488 T _   0.005 0.035 0.000 0.012 0.003 0.008 0.168 0.769 
 489 A _   0.005 0.037 0.000 0.012 0.003 0.008 0.168 0.767 
 490 T _   0.005 0.039 0.000 0.012 0.003 0.008 0.168 0.766 
 491 P _   0.005 0.041 0.000 0.012 0.003 0.008 0.167 0.763 
 492 Q _   0.005 0.043 0.000 0.013 0.003 0.008 0.167 0.761 
 493 R _   0.005 0.046 0.000 0.013 0.003 0.008 0.167 0.758 
 494 S _   0.005 0.049 0.000 0.014 0.003 0.008 0.166 0.754 
 495 G _   0.005 0.051 0.000 0.016 0.004 0.008 0.166 0.750 
 496 S _   0.005 0.054 0.000 0.017 0.004 0.008 0.165 0.746 
 497 V _   0.005 0.057 0.000 0.018 0.004 0.009 0.165 0.742 
 498 S _   0.005 0.058 0.000 0.019 0.004 0.009 0.165 0.739 
 499 N _   0.005 0.059 0.000 0.019 0.004 0.008 0.166 0.738 
 500 Y _   0.005 0.059 0.000 0.018 0.004 0.008 0.166 0.739 
 501 R _   0.005 0.059 0.000 0.017 0.003 0.008 0.167 0.742 
 502 S _   0.005 0.057 0.000 0.014 0.003 0.007 0.168 0.746 
 503 C _   0.004 0.056 0.000 0.012 0.002 0.006 0.168 0.751 
 504 Q _   0.004 0.054 0.000 0.010 0.002 0.006 0.169 0.755 
 505 R _   0.004 0.054 0.000 0.009 0.002 0.006 0.168 0.758 
 506 S _   0.003 0.054 0.000 0.008 0.002 0.005 0.168 0.760 
 507 D _   0.003 0.055 0.000 0.007 0.002 0.006 0.167 0.760 
 508 S _   0.003 0.058 0.000 0.007 0.002 0.006 0.165 0.759 
 509 D _   0.003 0.063 0.000 0.008 0.002 0.006 0.162 0.755 
 510 A _   0.003 0.071 0.000 0.009 0.002 0.007 0.159 0.748 
 511 E _   0.004 0.082 0.000 0.011 0.003 0.008 0.154 0.737 
 512 A _   0.004 0.100 0.000 0.014 0.003 0.009 0.149 0.720 
 513 Q _   0.004 0.124 0.001 0.017 0.004 0.011 0.142 0.697 
 514 G _   0.005 0.156 0.001 0.021 0.006 0.013 0.135 0.664 
 515 K _   0.005 0.197 0.001 0.026 0.007 0.014 0.127 0.622 
 516 S _   0.005 0.244 0.001 0.032 0.009 0.015 0.118 0.575 
 517 S _   0.006 0.295 0.001 0.038 0.010 0.016 0.110 0.524 
 518 E _   0.006 0.341 0.001 0.044 0.011 0.017 0.103 0.477 
 519 V _   0.006 0.376 0.001 0.050 0.012 0.017 0.098 0.441 
 520 S _   0.006 0.399 0.001 0.055 0.012 0.017 0.095 0.415 
 521 L E   0.006 0.412 0.001 0.058 0.012 0.016 0.093 0.401 
 522 T E   0.006 0.417 0.001 0.059 0.012 0.016 0.092 0.397 
 523 S E   0.006 0.414 0.001 0.058 0.011 0.015 0.092 0.402 
 524 S _   0.006 0.404 0.001 0.054 0.011 0.014 0.093 0.416 
 525 V _   0.007 0.382 0.001 0.049 0.010 0.013 0.095 0.441 
 526 T _   0.008 0.345 0.001 0.043 0.010 0.013 0.098 0.481 
 527 S _   0.009 0.292 0.001 0.037 0.009 0.013 0.103 0.536 
 528 L _   0.009 0.228 0.001 0.030 0.009 0.012 0.109 0.601 
 529 D _   0.010 0.163 0.001 0.024 0.007 0.012 0.115 0.668 
 530 S _   0.010 0.107 0.001 0.019 0.006 0.011 0.121 0.726 
 531 S _   0.009 0.065 0.001 0.014 0.004 0.010 0.126 0.771 
 532 P _   0.008 0.038 0.000 0.010 0.003 0.009 0.130 0.802 
 533 V _   0.007 0.021 0.000 0.007 0.002 0.008 0.132 0.822 
 534 D _   0.007 0.011 0.000 0.005 0.002 0.007 0.133 0.835 
 535 L _   0.007 0.005 0.000 0.004 0.002 0.006 0.133 0.843 
 536 T _   0.008 0.002 0.000 0.003 0.001 0.006 0.132 0.847 
 537 P _   0.012 0.001 0.000 0.002 0.001 0.007 0.131 0.846 
 538 R _   0.020 0.000 0.000 0.002 0.002 0.008 0.128 0.840 
 539 P _   0.036 0.000 0.000 0.002 0.002 0.010 0.125 0.824 
 540 G _   0.068 0.000 0.000 0.002 0.004 0.014 0.120 0.791 
 541 S _   0.122 0.000 0.001 0.003 0.006 0.019 0.115 0.734 
 542 H _   0.202 0.000 0.001 0.003 0.010 0.025 0.108 0.651 
 543 T _   0.300 0.000 0.001 0.003 0.016 0.032 0.101 0.547 
 544 I _   0.400 0.000 0.002 0.003 0.022 0.036 0.095 0.442 
 545 E H   0.489 0.000 0.002 0.003 0.029 0.039 0.090 0.348 
 546 F H   0.560 0.000 0.002 0.003 0.034 0.040 0.088 0.273 
 547 F H   0.613 0.000 0.002 0.002 0.038 0.039 0.086 0.219 
 548 E H   0.649 0.000 0.002 0.002 0.041 0.037 0.087 0.183 
 549 M H   0.669 0.000 0.002 0.002 0.042 0.035 0.089 0.161 
 550 C H   0.674 0.000 0.002 0.002 0.043 0.033 0.093 0.153 
 551 A H   0.663 0.000 0.002 0.002 0.045 0.031 0.099 0.159 
 552 N H   0.631 0.000 0.002 0.002 0.045 0.029 0.110 0.181 
 553 L H   0.580 0.000 0.003 0.003 0.043 0.026 0.128 0.217 
 554 I H   0.494 0.000 0.003 0.004 0.036 0.023 0.159 0.282 
 555 K _   0.362 0.000 0.003 0.005 0.022 0.016 0.207 0.385 
 556 I _   0.207 0.000 0.001 0.003 0.007 0.009 0.253 0.519 
 557 L _   0.075 0.000 0.000 0.001 0.002 0.005 0.276 0.641 
 558 A _   0.033 0.000 0.000 0.001 0.001 0.004 0.280 0.681 
 559 Q _   0.032 0.000 0.001 0.003 0.005 0.006 0.276 0.676 
