#TopoPred_TM8: 8-state transmembrane topology prediction results by no_profile mode 
#probabilities are in the order of H E C I L F X _, the 8 transmembrane topology types used in PDBTM 
   1 M X   0.014 0.001 0.002 0.046 0.008 0.009 0.650 0.270 
   2 A X   0.004 0.001 0.000 0.022 0.001 0.003 0.665 0.304 
   3 N X   0.001 0.000 0.000 0.010 0.000 0.002 0.666 0.321 
   4 D X   0.001 0.001 0.000 0.007 0.000 0.002 0.661 0.328 
   5 S X   0.001 0.001 0.000 0.008 0.001 0.004 0.652 0.332 
   6 P X   0.002 0.003 0.000 0.012 0.002 0.007 0.638 0.336 
   7 A X   0.004 0.007 0.000 0.018 0.003 0.010 0.621 0.337 
   8 K X   0.005 0.013 0.001 0.027 0.004 0.013 0.599 0.339 
   9 S X   0.005 0.020 0.001 0.037 0.006 0.016 0.573 0.342 
  10 L X   0.005 0.027 0.001 0.047 0.008 0.017 0.548 0.348 
  11 V X   0.005 0.031 0.001 0.053 0.009 0.018 0.525 0.359 
  12 D X   0.005 0.033 0.001 0.053 0.009 0.017 0.506 0.376 
  13 I X   0.005 0.033 0.001 0.048 0.009 0.016 0.491 0.397 
  14 D X   0.005 0.031 0.001 0.040 0.008 0.015 0.478 0.422 
  15 L X   0.005 0.027 0.001 0.030 0.006 0.014 0.467 0.450 
  16 S _   0.005 0.022 0.001 0.020 0.005 0.013 0.458 0.476 
  17 S _   0.005 0.017 0.001 0.013 0.004 0.013 0.449 0.498 
  18 L _   0.005 0.014 0.000 0.009 0.003 0.013 0.440 0.515 
  19 R _   0.006 0.012 0.000 0.006 0.003 0.014 0.431 0.527 
  20 D _   0.008 0.011 0.000 0.005 0.003 0.016 0.422 0.534 
  21 P _   0.011 0.012 0.000 0.006 0.005 0.019 0.411 0.536 
  22 A _   0.015 0.015 0.001 0.008 0.007 0.023 0.399 0.533 
  23 G _   0.019 0.020 0.001 0.013 0.011 0.028 0.385 0.522 
  24 I _   0.024 0.028 0.001 0.019 0.016 0.033 0.370 0.508 
  25 F _   0.028 0.038 0.002 0.026 0.021 0.037 0.356 0.493 
  26 E _   0.032 0.047 0.002 0.033 0.025 0.039 0.343 0.480 
  27 L _   0.034 0.053 0.002 0.037 0.027 0.040 0.332 0.475 
  28 V _   0.035 0.057 0.002 0.040 0.028 0.040 0.323 0.476 
  29 E _   0.035 0.058 0.002 0.039 0.027 0.038 0.316 0.484 
  30 V _   0.035 0.057 0.002 0.036 0.025 0.036 0.310 0.499 
  31 V _   0.034 0.054 0.002 0.032 0.022 0.033 0.305 0.520 
  32 G _   0.031 0.048 0.001 0.027 0.018 0.030 0.301 0.543 
  33 N _   0.029 0.041 0.001 0.023 0.015 0.026 0.297 0.567 
  34 G _   0.026 0.034 0.001 0.018 0.012 0.023 0.295 0.592 
  35 T _   0.023 0.026 0.001 0.014 0.009 0.020 0.292 0.615 
  36 Y _   0.019 0.019 0.001 0.011 0.007 0.017 0.289 0.636 
  37 G _   0.016 0.014 0.001 0.008 0.005 0.015 0.287 0.654 
  38 Q _   0.013 0.011 0.000 0.007 0.004 0.013 0.283 0.668 
  39 V _   0.011 0.009 0.000 0.005 0.003 0.012 0.280 0.679 
  40 Y _   0.010 0.007 0.000 0.004 0.003 0.011 0.276 0.688 
  41 K _   0.009 0.007 0.000 0.004 0.003 0.012 0.271 0.694 
  42 G _   0.010 0.008 0.000 0.004 0.003 0.012 0.266 0.697 
  43 R _   0.010 0.010 0.000 0.005 0.004 0.014 0.260 0.697 
  44 H _   0.012 0.014 0.001 0.007 0.005 0.016 0.253 0.692 
  45 V _   0.014 0.022 0.001 0.011 0.008 0.020 0.245 0.680 
  46 K _   0.016 0.036 0.001 0.017 0.011 0.023 0.236 0.661 
  47 T _   0.017 0.056 0.001 0.024 0.015 0.026 0.227 0.634 
  48 G _   0.018 0.078 0.002 0.034 0.018 0.028 0.218 0.605 
  49 Q _   0.019 0.096 0.002 0.043 0.020 0.028 0.210 0.582 
  50 L _   0.019 0.109 0.002 0.050 0.021 0.028 0.204 0.567 
  51 A _   0.019 0.116 0.002 0.055 0.020 0.027 0.200 0.561 
  52 A _   0.019 0.119 0.001 0.055 0.019 0.025 0.197 0.565 
  53 I _   0.018 0.116 0.001 0.051 0.017 0.023 0.195 0.579 
  54 K _   0.016 0.109 0.001 0.044 0.014 0.020 0.194 0.602 
  55 V _   0.015 0.096 0.001 0.035 0.011 0.017 0.193 0.632 
  56 M _   0.013 0.078 0.001 0.025 0.008 0.014 0.193 0.667 
  57 D _   0.012 0.058 0.001 0.017 0.006 0.012 0.193 0.702 
  58 V _   0.010 0.042 0.001 0.010 0.004 0.010 0.193 0.731 
  59 T _   0.008 0.031 0.000 0.006 0.003 0.009 0.192 0.751 
  60 E _   0.007 0.026 0.000 0.004 0.002 0.008 0.190 0.763 
  61 D _   0.006 0.024 0.000 0.004 0.002 0.007 0.187 0.770 
  62 E _   0.006 0.024 0.000 0.004 0.002 0.008 0.184 0.772 
  63 E _   0.006 0.026 0.000 0.006 0.003 0.009 0.180 0.769 
  64 E _   0.007 0.033 0.000 0.009 0.004 0.011 0.175 0.761 
  65 E _   0.008 0.044 0.001 0.015 0.006 0.014 0.169 0.744 
  66 I _   0.008 0.061 0.001 0.023 0.008 0.016 0.162 0.722 
  67 K _   0.009 0.078 0.001 0.032 0.010 0.017 0.155 0.698 
  68 L _   0.009 0.092 0.001 0.040 0.011 0.018 0.149 0.680 
  69 E _   0.009 0.100 0.001 0.045 0.012 0.019 0.144 0.670 
  70 I _   0.009 0.104 0.001 0.047 0.012 0.019 0.141 0.668 
  71 N _   0.009 0.104 0.001 0.044 0.011 0.018 0.138 0.674 
  72 M _   0.009 0.100 0.001 0.038 0.010 0.017 0.137 0.688 
  73 L _   0.009 0.092 0.001 0.030 0.008 0.016 0.136 0.708 
  74 K _   0.009 0.081 0.001 0.021 0.007 0.015 0.135 0.731 
  75 K _   0.009 0.070 0.001 0.014 0.005 0.014 0.134 0.752 
  76 Y _   0.009 0.061 0.001 0.009 0.004 0.014 0.133 0.768 
  77 S _   0.009 0.056 0.000 0.007 0.004 0.015 0.132 0.777 
  78 H _   0.011 0.054 0.000 0.006 0.004 0.016 0.131 0.778 
  79 H _   0.013 0.057 0.001 0.008 0.005 0.019 0.129 0.769 
  80 R _   0.016 0.065 0.001 0.012 0.008 0.022 0.126 0.750 
  81 N _   0.019 0.082 0.001 0.020 0.012 0.025 0.123 0.718 
  82 I _   0.022 0.108 0.002 0.032 0.016 0.028 0.119 0.673 
  83 A _   0.023 0.134 0.002 0.047 0.020 0.030 0.116 0.629 
  84 T _   0.022 0.153 0.002 0.060 0.022 0.030 0.113 0.598 
  85 Y _   0.022 0.164 0.002 0.069 0.022 0.029 0.112 0.581 
  86 Y _   0.021 0.167 0.002 0.072 0.021 0.027 0.112 0.579 
  87 G _   0.020 0.163 0.002 0.069 0.019 0.025 0.113 0.590 
  88 A _   0.018 0.152 0.001 0.061 0.016 0.022 0.115 0.616 
  89 F _   0.016 0.129 0.001 0.048 0.013 0.018 0.117 0.656 
  90 I _   0.015 0.096 0.001 0.034 0.009 0.015 0.121 0.709 
  91 K _   0.013 0.057 0.001 0.021 0.006 0.012 0.124 0.766 
  92 K _   0.011 0.027 0.001 0.011 0.004 0.009 0.126 0.812 
  93 S _   0.009 0.009 0.000 0.005 0.002 0.007 0.127 0.841 
  94 P _   0.008 0.002 0.000 0.002 0.001 0.006 0.127 0.854 
  95 P _   0.009 0.001 0.000 0.001 0.001 0.006 0.125 0.857 
  96 G _   0.015 0.000 0.000 0.001 0.001 0.007 0.123 0.853 
  97 H _   0.029 0.000 0.000 0.001 0.002 0.011 0.120 0.837 
  98 D _   0.058 0.000 0.000 0.001 0.003 0.018 0.116 0.802 
  99 D _   0.110 0.000 0.001 0.002 0.007 0.030 0.110 0.740 
 100 Q _   0.182 0.000 0.001 0.003 0.016 0.046 0.102 0.648 
 101 L _   0.257 0.002 0.002 0.006 0.032 0.062 0.094 0.545 
 102 W _   0.323 0.006 0.003 0.010 0.051 0.076 0.087 0.444 
 103 L H   0.372 0.012 0.003 0.015 0.068 0.084 0.081 0.364 
 104 V H   0.403 0.019 0.003 0.019 0.079 0.087 0.078 0.311 
 105 M H   0.420 0.025 0.003 0.023 0.086 0.087 0.075 0.280 
 106 E H   0.426 0.029 0.003 0.026 0.090 0.083 0.074 0.269 
 107 F H   0.423 0.030 0.003 0.026 0.089 0.079 0.074 0.276 
 108 C H   0.411 0.030 0.003 0.024 0.084 0.073 0.075 0.300 
 109 G H   0.390 0.027 0.003 0.023 0.075 0.066 0.077 0.339 
 110 A _   0.355 0.024 0.003 0.021 0.064 0.059 0.079 0.395 
 111 G _   0.311 0.020 0.003 0.019 0.051 0.052 0.083 0.463 
 112 S _   0.263 0.015 0.002 0.017 0.037 0.044 0.087 0.535 
 113 I _   0.212 0.011 0.002 0.015 0.026 0.037 0.091 0.607 
 114 T _   0.163 0.008 0.001 0.013 0.017 0.030 0.095 0.673 
 115 D _   0.119 0.005 0.001 0.011 0.011 0.024 0.099 0.731 
 116 L _   0.083 0.003 0.001 0.009 0.007 0.019 0.101 0.777 
 117 V _   0.056 0.002 0.001 0.007 0.005 0.015 0.103 0.812 
 118 K _   0.037 0.001 0.000 0.005 0.003 0.012 0.105 0.837 
 119 N _   0.024 0.001 0.000 0.004 0.002 0.009 0.105 0.854 
 120 T _   0.016 0.000 0.000 0.003 0.002 0.008 0.105 0.865 
 121 K _   0.012 0.000 0.000 0.003 0.002 0.008 0.104 0.872 
 122 G _   0.009 0.000 0.000 0.003 0.002 0.008 0.103 0.875 
 123 N _   0.009 0.000 0.000 0.003 0.002 0.009 0.102 0.875 
 124 T _   0.010 0.000 0.000 0.003 0.002 0.011 0.100 0.873 
 125 L _   0.013 0.000 0.000 0.004 0.003 0.014 0.098 0.868 
 126 K _   0.017 0.001 0.000 0.005 0.004 0.019 0.095 0.858 
 127 E _   0.023 0.001 0.001 0.007 0.006 0.024 0.092 0.845 
 128 D _   0.031 0.001 0.001 0.009 0.009 0.031 0.089 0.829 
 129 W _   0.042 0.002 0.001 0.011 0.013 0.037 0.086 0.808 
 130 I _   0.054 0.003 0.001 0.013 0.017 0.044 0.082 0.785 
 131 A _   0.069 0.003 0.001 0.015 0.022 0.051 0.079 0.760 
 132 Y _   0.085 0.004 0.002 0.015 0.026 0.057 0.075 0.735 
 133 I _   0.102 0.004 0.002 0.015 0.031 0.063 0.073 0.711 
 134 S _   0.118 0.005 0.002 0.015 0.035 0.067 0.070 0.689 
 135 R _   0.132 0.005 0.002 0.015 0.037 0.069 0.068 0.672 
 136 E _   0.144 0.005 0.002 0.014 0.039 0.071 0.067 0.659 
 137 I _   0.154 0.005 0.002 0.013 0.040 0.071 0.066 0.650 
 138 L _   0.160 0.005 0.002 0.013 0.039 0.070 0.065 0.647 
 139 R _   0.163 0.005 0.002 0.012 0.038 0.068 0.065 0.648 
 140 G _   0.162 0.005 0.002 0.012 0.036 0.065 0.065 0.654 
 141 L _   0.158 0.005 0.002 0.012 0.034 0.062 0.065 0.664 
 142 A _   0.150 0.005 0.002 0.012 0.032 0.058 0.066 0.676 
 143 H _   0.140 0.005 0.002 0.013 0.029 0.054 0.066 0.691 
 144 L _   0.127 0.005 0.002 0.014 0.027 0.049 0.067 0.709 
 145 H _   0.113 0.006 0.002 0.015 0.024 0.045 0.069 0.728 
 146 I _   0.099 0.006 0.002 0.016 0.021 0.040 0.070 0.747 
 147 H _   0.084 0.006 0.001 0.016 0.018 0.035 0.072 0.768 
 148 H _   0.070 0.005 0.001 0.016 0.015 0.030 0.074 0.789 
 149 V _   0.057 0.005 0.001 0.014 0.012 0.026 0.076 0.809 
 150 I _   0.046 0.004 0.001 0.012 0.009 0.022 0.078 0.828 
 151 H _   0.037 0.003 0.001 0.010 0.007 0.019 0.079 0.844 
 152 R _   0.029 0.002 0.001 0.008 0.005 0.016 0.080 0.859 
 153 D _   0.022 0.002 0.001 0.006 0.004 0.014 0.081 0.870 
 154 I _   0.018 0.001 0.000 0.005 0.003 0.012 0.082 0.877 
 155 K _   0.015 0.001 0.000 0.005 0.003 0.011 0.083 0.882 
 156 G _   0.013 0.002 0.000 0.004 0.003 0.011 0.083 0.884 
 157 Q _   0.012 0.002 0.000 0.005 0.003 0.012 0.083 0.883 
 158 N _   0.012 0.003 0.000 0.006 0.004 0.012 0.083 0.880 
 159 V _   0.012 0.005 0.001 0.007 0.005 0.014 0.082 0.875 
 160 L _   0.012 0.008 0.001 0.010 0.005 0.015 0.082 0.867 
 161 L _   0.013 0.011 0.001 0.012 0.007 0.017 0.081 0.859 
 162 T _   0.014 0.015 0.001 0.014 0.008 0.018 0.081 0.850 
 163 E _   0.015 0.018 0.001 0.016 0.009 0.020 0.080 0.841 
 164 N _   0.016 0.022 0.001 0.018 0.010 0.021 0.080 0.833 
 165 A _   0.017 0.025 0.001 0.019 0.011 0.022 0.080 0.826 
 166 E _   0.018 0.027 0.001 0.019 0.011 0.023 0.080 0.820 
 167 V _   0.019 0.030 0.001 0.019 0.012 0.024 0.080 0.815 
 168 K _   0.021 0.032 0.001 0.020 0.012 0.024 0.081 0.810 
 169 L _   0.022 0.033 0.001 0.020 0.012 0.025 0.082 0.805 
 170 V _   0.023 0.034 0.001 0.020 0.013 0.025 0.083 0.802 
 171 D _   0.023 0.034 0.001 0.021 0.012 0.024 0.084 0.800 
 172 F _   0.023 0.034 0.001 0.020 0.012 0.024 0.086 0.800 
 173 G _   0.023 0.034 0.001 0.020 0.011 0.023 0.087 0.801 
 174 V _   0.022 0.033 0.001 0.019 0.011 0.022 0.089 0.804 
 175 S _   0.021 0.031 0.001 0.017 0.010 0.021 0.091 0.809 
 176 A _   0.020 0.029 0.001 0.015 0.009 0.019 0.094 0.814 
 177 Q _   0.018 0.026 0.001 0.013 0.007 0.018 0.096 0.820 
 178 L _   0.017 0.024 0.001 0.011 0.006 0.017 0.098 0.826 
 179 D _   0.016 0.022 0.001 0.009 0.006 0.016 0.100 0.830 
 180 R _   0.016 0.021 0.001 0.008 0.005 0.016 0.102 0.832 
 181 T _   0.015 0.020 0.001 0.007 0.005 0.016 0.104 0.833 
 182 V _   0.015 0.020 0.001 0.007 0.005 0.016 0.105 0.831 
 183 G _   0.015 0.021 0.001 0.007 0.005 0.017 0.107 0.827 
 184 R _   0.015 0.024 0.001 0.008 0.006 0.018 0.108 0.820 
 185 R _   0.016 0.028 0.001 0.009 0.007 0.019 0.110 0.810 
 186 N _   0.017 0.034 0.001 0.011 0.008 0.021 0.111 0.797 
 187 T _   0.018 0.041 0.001 0.013 0.010 0.023 0.112 0.781 
 188 F _   0.020 0.051 0.001 0.016 0.011 0.025 0.114 0.762 
 189 I _   0.021 0.063 0.001 0.019 0.013 0.027 0.115 0.740 
 190 G _   0.022 0.077 0.001 0.023 0.016 0.029 0.117 0.716 
 191 T _   0.023 0.091 0.001 0.027 0.018 0.030 0.118 0.692 
 192 P _   0.023 0.104 0.002 0.032 0.019 0.031 0.121 0.668 
 193 Y _   0.023 0.114 0.002 0.037 0.021 0.031 0.124 0.649 
 194 W _   0.023 0.122 0.002 0.041 0.021 0.030 0.127 0.634 
 195 M _   0.022 0.127 0.002 0.044 0.021 0.029 0.132 0.624 
 196 A _   0.020 0.129 0.001 0.046 0.020 0.027 0.137 0.619 
 197 P _   0.019 0.128 0.001 0.046 0.018 0.025 0.143 0.619 
 198 E _   0.017 0.124 0.001 0.044 0.016 0.023 0.151 0.624 
 199 V _   0.016 0.116 0.001 0.040 0.014 0.020 0.159 0.634 
 200 I _   0.014 0.104 0.001 0.035 0.011 0.018 0.168 0.648 
 201 A _   0.013 0.088 0.001 0.030 0.009 0.015 0.178 0.666 
 202 C _   0.011 0.069 0.001 0.024 0.007 0.013 0.188 0.686 
 203 D _   0.010 0.050 0.001 0.018 0.005 0.011 0.198 0.706 
 204 E _   0.008 0.033 0.001 0.013 0.004 0.009 0.207 0.724 
 205 N _   0.007 0.020 0.000 0.009 0.003 0.008 0.215 0.738 
 206 P _   0.006 0.012 0.000 0.006 0.002 0.007 0.221 0.747 
 207 D _   0.005 0.007 0.000 0.005 0.002 0.006 0.225 0.751 
 208 A _   0.004 0.004 0.000 0.003 0.001 0.006 0.228 0.753 
 209 T _   0.004 0.002 0.000 0.003 0.001 0.006 0.230 0.753 
 210 Y _   0.005 0.002 0.000 0.002 0.001 0.007 0.232 0.751 
 211 D _   0.006 0.002 0.000 0.002 0.001 0.009 0.232 0.747 
 212 Y _   0.008 0.002 0.000 0.003 0.002 0.012 0.232 0.741 
 213 R _   0.012 0.003 0.000 0.004 0.003 0.017 0.232 0.729 
 214 S _   0.019 0.007 0.001 0.006 0.006 0.024 0.230 0.708 
 215 D _   0.029 0.015 0.001 0.009 0.011 0.033 0.228 0.674 
 216 L _   0.042 0.031 0.001 0.014 0.020 0.043 0.225 0.623 
 217 W _   0.055 0.060 0.002 0.021 0.032 0.053 0.221 0.556 
 218 S _   0.065 0.098 0.003 0.030 0.043 0.060 0.218 0.483 
 219 C _   0.073 0.138 0.003 0.041 0.051 0.063 0.217 0.415 
 220 G _   0.077 0.170 0.003 0.050 0.056 0.064 0.217 0.362 
 221 I _   0.080 0.192 0.003 0.059 0.057 0.062 0.218 0.330 
 222 T _   0.079 0.202 0.003 0.063 0.056 0.059 0.222 0.316 
 223 A _   0.077 0.204 0.003 0.064 0.052 0.055 0.228 0.316 
 224 I _   0.074 0.200 0.003 0.060 0.047 0.050 0.235 0.330 
 225 E _   0.068 0.187 0.003 0.053 0.040 0.045 0.246 0.359 
 226 M _   0.061 0.163 0.002 0.043 0.032 0.038 0.258 0.403 
 227 A _   0.051 0.128 0.002 0.033 0.024 0.032 0.273 0.457 
 228 E _   0.041 0.089 0.002 0.023 0.016 0.027 0.287 0.515 
 229 G _   0.032 0.056 0.001 0.014 0.010 0.021 0.301 0.564 
 230 A _   0.024 0.035 0.001 0.009 0.006 0.017 0.312 0.597 
 231 P _   0.017 0.024 0.000 0.005 0.004 0.014 0.319 0.615 
 232 P _   0.013 0.020 0.000 0.004 0.003 0.013 0.325 0.622 
 233 L _   0.011 0.019 0.000 0.004 0.002 0.012 0.329 0.623 
 234 C _   0.010 0.019 0.000 0.004 0.003 0.012 0.333 0.619 
 235 D _   0.010 0.022 0.000 0.007 0.004 0.013 0.335 0.609 
 236 M _   0.010 0.029 0.001 0.011 0.005 0.015 0.338 0.591 
 237 H _   0.011 0.040 0.001 0.018 0.007 0.017 0.340 0.567 
 238 P _   0.011 0.053 0.001 0.028 0.010 0.018 0.342 0.536 
 239 M _   0.011 0.066 0.001 0.038 0.012 0.019 0.345 0.508 
 240 R _   0.012 0.074 0.001 0.046 0.013 0.019 0.350 0.485 
 241 A _   0.012 0.078 0.001 0.051 0.013 0.019 0.357 0.470 
 242 L _   0.011 0.078 0.001 0.051 0.013 0.017 0.365 0.464 
 243 F _   0.010 0.075 0.001 0.047 0.011 0.016 0.376 0.464 
 244 L _   0.009 0.068 0.001 0.040 0.009 0.014 0.389 0.470 
 245 I _   0.008 0.056 0.001 0.031 0.007 0.011 0.404 0.482 
 246 P _   0.007 0.041 0.001 0.021 0.005 0.009 0.420 0.496 
 247 R _   0.007 0.026 0.001 0.013 0.004 0.007 0.435 0.507 
 248 N _   0.006 0.015 0.000 0.008 0.002 0.006 0.448 0.515 
 249 P _   0.005 0.008 0.000 0.005 0.002 0.005 0.458 0.518 
 250 P _   0.004 0.004 0.000 0.003 0.001 0.004 0.465 0.519 
 251 P _   0.003 0.002 0.000 0.002 0.001 0.004 0.470 0.517 
 252 R _   0.003 0.001 0.000 0.002 0.001 0.004 0.474 0.515 
 253 L _   0.003 0.001 0.000 0.002 0.001 0.004 0.476 0.513 
 254 K _   0.003 0.001 0.000 0.002 0.001 0.005 0.477 0.511 
 255 S _   0.004 0.002 0.000 0.002 0.001 0.007 0.476 0.507 
 256 K _   0.006 0.003 0.000 0.003 0.002 0.010 0.475 0.502 
 257 K _   0.009 0.005 0.000 0.004 0.003 0.014 0.473 0.493 
 258 W _   0.013 0.011 0.001 0.006 0.005 0.020 0.469 0.476 
 259 S X   0.019 0.023 0.001 0.009 0.010 0.027 0.463 0.447 
 260 K X   0.027 0.046 0.001 0.014 0.018 0.035 0.456 0.403 
 261 K X   0.034 0.079 0.002 0.021 0.027 0.042 0.449 0.346 
 262 F X   0.039 0.117 0.002 0.028 0.035 0.047 0.442 0.289 
 263 F X   0.043 0.150 0.002 0.035 0.041 0.049 0.438 0.242 
 264 S X   0.046 0.173 0.002 0.041 0.043 0.049 0.436 0.210 
 265 F X   0.048 0.187 0.002 0.045 0.043 0.048 0.437 0.191 
 266 I X   0.048 0.193 0.002 0.047 0.043 0.045 0.440 0.182 
 267 E X   0.048 0.193 0.002 0.046 0.041 0.043 0.445 0.182 
 268 G X   0.048 0.188 0.002 0.043 0.037 0.039 0.452 0.190 
 269 C X   0.047 0.177 0.002 0.038 0.033 0.036 0.463 0.206 
 270 L X   0.044 0.156 0.002 0.032 0.028 0.032 0.476 0.230 
 271 V X   0.040 0.127 0.002 0.026 0.023 0.028 0.492 0.262 
 272 K X   0.035 0.095 0.002 0.021 0.017 0.024 0.511 0.296 
 273 N X   0.030 0.065 0.001 0.015 0.012 0.021 0.530 0.327 
 274 Y X   0.024 0.042 0.001 0.011 0.008 0.017 0.547 0.350 
 275 M X   0.019 0.028 0.001 0.008 0.005 0.014 0.561 0.365 
 276 Q X   0.014 0.019 0.000 0.006 0.004 0.012 0.572 0.372 
 277 R X   0.011 0.015 0.000 0.005 0.003 0.010 0.581 0.375 
 278 P X   0.009 0.013 0.000 0.004 0.002 0.009 0.589 0.374 
 279 S X   0.007 0.012 0.000 0.005 0.002 0.008 0.595 0.370 
 280 T X   0.006 0.011 0.000 0.006 0.003 0.008 0.601 0.364 
 281 E X   0.006 0.011 0.000 0.007 0.003 0.008 0.607 0.357 
 282 Q X   0.005 0.012 0.000 0.009 0.003 0.008 0.613 0.349 
 283 L X   0.005 0.012 0.000 0.011 0.003 0.007 0.620 0.341 
 284 L X   0.005 0.012 0.000 0.012 0.004 0.007 0.627 0.333 
 285 K X   0.004 0.011 0.000 0.012 0.003 0.006 0.635 0.327 
 286 H X   0.004 0.011 0.000 0.011 0.003 0.006 0.643 0.323 
 287 P X   0.003 0.009 0.000 0.009 0.003 0.005 0.651 0.319 
 288 F X   0.003 0.008 0.000 0.007 0.002 0.004 0.659 0.317 
 289 I X   0.003 0.006 0.000 0.005 0.002 0.004 0.666 0.314 
 290 R X   0.002 0.005 0.000 0.004 0.001 0.003 0.673 0.311 
 291 D X   0.002 0.004 0.000 0.003 0.001 0.003 0.679 0.308 
 292 Q X   0.002 0.004 0.000 0.002 0.001 0.003 0.684 0.304 
 293 P X   0.002 0.004 0.000 0.002 0.001 0.003 0.688 0.300 
 294 N X   0.002 0.005 0.000 0.003 0.001 0.004 0.691 0.294 
 295 E X   0.003 0.007 0.000 0.004 0.001 0.005 0.694 0.286 
 296 R X   0.003 0.010 0.000 0.007 0.002 0.006 0.696 0.276 
 297 Q X   0.003 0.014 0.000 0.011 0.003 0.007 0.699 0.264 
 298 V X   0.004 0.019 0.000 0.015 0.004 0.008 0.701 0.250 
 299 R X   0.004 0.023 0.000 0.019 0.005 0.008 0.705 0.237 
 300 I X   0.004 0.025 0.001 0.022 0.005 0.008 0.709 0.226 
 301 Q X   0.004 0.026 0.001 0.024 0.005 0.008 0.716 0.216 
 302 L X   0.003 0.026 0.001 0.024 0.005 0.008 0.724 0.209 
 303 K X   0.003 0.025 0.001 0.022 0.005 0.007 0.733 0.203 
 304 D X   0.003 0.023 0.000 0.019 0.004 0.007 0.745 0.198 
 305 H X   0.003 0.020 0.000 0.016 0.003 0.006 0.758 0.193 
 306 I X   0.003 0.016 0.000 0.012 0.003 0.005 0.772 0.189 
 307 D X   0.003 0.012 0.000 0.009 0.002 0.004 0.786 0.184 
 308 R X   0.003 0.009 0.000 0.006 0.002 0.004 0.798 0.179 
 309 T X   0.002 0.006 0.000 0.005 0.001 0.003 0.809 0.174 
 310 R X   0.002 0.004 0.000 0.003 0.001 0.003 0.818 0.169 
 311 K X   0.002 0.003 0.000 0.003 0.001 0.002 0.825 0.164 
 312 K X   0.002 0.002 0.000 0.002 0.001 0.002 0.831 0.160 
 313 R X   0.001 0.002 0.000 0.002 0.001 0.002 0.836 0.157 
 314 G X   0.001 0.001 0.000 0.002 0.001 0.002 0.840 0.154 
 315 E X   0.001 0.001 0.000 0.002 0.001 0.002 0.842 0.151 
 316 K X   0.001 0.001 0.000 0.002 0.001 0.002 0.844 0.149 
 317 D X   0.001 0.001 0.000 0.002 0.001 0.002 0.846 0.147 
 318 E X   0.001 0.001 0.000 0.002 0.001 0.002 0.847 0.146 
 319 T X   0.001 0.001 0.000 0.003 0.001 0.002 0.848 0.145 
 320 E X   0.001 0.001 0.000 0.003 0.001 0.002 0.848 0.145 
 321 Y X   0.001 0.001 0.000 0.003 0.001 0.002 0.847 0.146 
 322 E X   0.001 0.001 0.000 0.003 0.001 0.002 0.846 0.146 
 323 Y X   0.001 0.001 0.000 0.002 0.001 0.002 0.845 0.148 
 324 S X   0.001 0.002 0.000 0.002 0.001 0.002 0.843 0.150 
 325 G X   0.001 0.002 0.000 0.002 0.001 0.002 0.841 0.152 
 326 S X   0.001 0.002 0.000 0.003 0.001 0.002 0.837 0.154 
 327 E X   0.001 0.003 0.000 0.003 0.001 0.002 0.833 0.158 
 328 E X   0.001 0.003 0.000 0.003 0.001 0.002 0.828 0.161 
 329 E X   0.001 0.004 0.000 0.004 0.001 0.002 0.822 0.165 
 330 E X   0.001 0.006 0.000 0.004 0.001 0.003 0.816 0.169 
 331 E X   0.001 0.008 0.000 0.005 0.001 0.003 0.808 0.174 
 332 E X   0.001 0.010 0.000 0.006 0.001 0.003 0.799 0.179 
 333 V X   0.001 0.013 0.000 0.006 0.001 0.003 0.790 0.184 
 334 P X   0.001 0.016 0.000 0.007 0.001 0.004 0.781 0.190 
 335 E X   0.001 0.019 0.000 0.007 0.002 0.004 0.772 0.195 
 336 Q X   0.001 0.023 0.000 0.007 0.002 0.004 0.762 0.200 
 337 E X   0.001 0.027 0.000 0.007 0.002 0.004 0.753 0.205 
 338 G X   0.002 0.031 0.000 0.008 0.002 0.005 0.744 0.209 
 339 E X   0.002 0.037 0.000 0.008 0.002 0.005 0.735 0.212 
 340 P X   0.002 0.043 0.000 0.008 0.002 0.005 0.726 0.213 
 341 S X   0.002 0.050 0.000 0.009 0.003 0.006 0.716 0.213 
 342 S X   0.002 0.059 0.000 0.010 0.003 0.007 0.707 0.211 
 343 I X   0.002 0.070 0.000 0.012 0.004 0.007 0.698 0.207 
 344 V X   0.003 0.081 0.001 0.013 0.004 0.008 0.689 0.202 
 345 N X   0.003 0.093 0.001 0.015 0.005 0.008 0.680 0.196 
 346 V X   0.003 0.104 0.001 0.016 0.005 0.009 0.673 0.191 
 347 P X   0.003 0.113 0.001 0.017 0.005 0.009 0.667 0.186 
 348 G X   0.003 0.120 0.001 0.018 0.005 0.009 0.662 0.182 
 349 E X   0.003 0.125 0.001 0.019 0.005 0.009 0.658 0.180 
 350 S X   0.003 0.128 0.001 0.019 0.005 0.009 0.656 0.178 
 351 T X   0.003 0.130 0.000 0.020 0.006 0.009 0.654 0.178 
 352 L X   0.003 0.131 0.000 0.020 0.006 0.009 0.653 0.178 
 353 R X   0.003 0.130 0.001 0.021 0.005 0.009 0.654 0.178 
 354 R X   0.004 0.127 0.001 0.021 0.005 0.008 0.655 0.180 
 355 D X   0.004 0.123 0.001 0.020 0.005 0.008 0.658 0.182 
 356 F X   0.004 0.115 0.001 0.019 0.005 0.007 0.662 0.187 
 357 L X   0.004 0.104 0.001 0.018 0.005 0.007 0.668 0.194 
 358 R X   0.004 0.090 0.001 0.015 0.004 0.006 0.676 0.205 
 359 L X   0.004 0.071 0.001 0.012 0.004 0.006 0.684 0.219 
 360 Q X   0.004 0.052 0.000 0.009 0.003 0.005 0.693 0.233 
 361 Q X   0.003 0.036 0.000 0.007 0.002 0.004 0.702 0.246 
 362 E X   0.003 0.024 0.000 0.005 0.002 0.004 0.708 0.255 
 363 N X   0.003 0.017 0.000 0.003 0.001 0.003 0.713 0.260 
 364 K X   0.002 0.013 0.000 0.002 0.001 0.003 0.717 0.261 
 365 E X   0.002 0.011 0.000 0.002 0.001 0.003 0.720 0.261 
 366 R X   0.002 0.011 0.000 0.002 0.001 0.003 0.721 0.260 
 367 S X   0.002 0.011 0.000 0.003 0.001 0.003 0.722 0.258 
 368 E X   0.002 0.011 0.000 0.004 0.001 0.004 0.723 0.254 
 369 A X   0.002 0.012 0.000 0.006 0.002 0.004 0.723 0.251 
 370 L X   0.002 0.013 0.000 0.007 0.002 0.005 0.723 0.247 
 371 R X   0.002 0.014 0.000 0.009 0.002 0.005 0.724 0.244 
 372 R X   0.002 0.014 0.000 0.010 0.002 0.005 0.725 0.241 
 373 Q X   0.002 0.014 0.000 0.010 0.002 0.005 0.726 0.239 
 374 Q X   0.002 0.014 0.000 0.010 0.002 0.005 0.729 0.238 
 375 L X   0.002 0.013 0.000 0.009 0.002 0.004 0.731 0.238 
 376 L X   0.002 0.012 0.000 0.008 0.002 0.004 0.734 0.237 
 377 Q X   0.002 0.011 0.000 0.007 0.002 0.004 0.738 0.237 
 378 E X   0.002 0.010 0.000 0.005 0.001 0.003 0.741 0.236 
 379 Q X   0.002 0.009 0.000 0.005 0.001 0.003 0.745 0.236 
 380 Q X   0.002 0.007 0.000 0.004 0.001 0.003 0.748 0.234 
 381 L X   0.002 0.007 0.000 0.003 0.001 0.003 0.751 0.233 
 382 R X   0.002 0.006 0.000 0.003 0.001 0.003 0.754 0.231 
 383 E X   0.002 0.006 0.000 0.003 0.001 0.003 0.756 0.230 
 384 Q X   0.002 0.006 0.000 0.003 0.001 0.003 0.758 0.228 
 385 E X   0.002 0.006 0.000 0.003 0.001 0.003 0.760 0.225 
 386 E X   0.002 0.006 0.000 0.004 0.001 0.003 0.762 0.223 
 387 Y X   0.002 0.006 0.000 0.004 0.001 0.003 0.763 0.220 
 388 K X   0.002 0.007 0.000 0.005 0.001 0.003 0.765 0.216 
 389 R X   0.002 0.007 0.000 0.006 0.002 0.004 0.767 0.213 
 390 Q X   0.002 0.008 0.000 0.007 0.002 0.004 0.769 0.209 
 391 L X   0.002 0.008 0.000 0.008 0.002 0.004 0.771 0.205 
 392 L X   0.002 0.008 0.000 0.008 0.002 0.004 0.774 0.201 
 393 A X   0.002 0.008 0.000 0.008 0.002 0.004 0.778 0.197 
 394 E X   0.002 0.008 0.000 0.008 0.002 0.004 0.783 0.194 
 395 R X   0.002 0.007 0.000 0.007 0.002 0.004 0.788 0.190 
 396 Q X   0.002 0.006 0.000 0.006 0.002 0.003 0.793 0.187 
 397 K X   0.002 0.005 0.000 0.005 0.001 0.003 0.799 0.183 
 398 R X   0.002 0.005 0.000 0.005 0.001 0.003 0.805 0.179 
 399 I X   0.002 0.004 0.000 0.004 0.001 0.003 0.811 0.175 
 400 E X   0.002 0.003 0.000 0.003 0.001 0.003 0.817 0.171 
 401 Q X   0.002 0.003 0.000 0.003 0.001 0.002 0.822 0.167 
 402 Q X   0.002 0.002 0.000 0.003 0.001 0.002 0.827 0.163 
 403 K X   0.002 0.002 0.000 0.003 0.001 0.002 0.832 0.159 
 404 E X   0.002 0.002 0.000 0.002 0.001 0.002 0.836 0.155 
 405 Q X   0.001 0.001 0.000 0.002 0.001 0.002 0.840 0.152 
 406 R X   0.001 0.001 0.000 0.002 0.001 0.002 0.844 0.149 
 407 R X   0.001 0.001 0.000 0.002 0.001 0.002 0.847 0.146 
 408 R X   0.001 0.001 0.000 0.002 0.001 0.002 0.850 0.143 
 409 L X   0.001 0.001 0.000 0.002 0.001 0.002 0.853 0.140 
 410 E X   0.001 0.001 0.000 0.002 0.001 0.002 0.855 0.138 
 411 E X   0.001 0.001 0.000 0.002 0.001 0.002 0.858 0.135 
 412 Q X   0.001 0.001 0.000 0.002 0.001 0.002 0.860 0.133 
 413 Q X   0.001 0.001 0.000 0.002 0.001 0.002 0.862 0.131 
 414 R X   0.001 0.001 0.000 0.002 0.001 0.002 0.864 0.130 
 415 R X   0.001 0.001 0.000 0.002 0.001 0.002 0.865 0.128 
 416 E X   0.001 0.001 0.000 0.003 0.001 0.002 0.867 0.126 
 417 R X   0.001 0.001 0.000 0.003 0.001 0.002 0.869 0.124 
 418 E X   0.001 0.001 0.000 0.003 0.001 0.002 0.871 0.122 
 419 A X   0.001 0.001 0.000 0.003 0.001 0.002 0.873 0.120 
 420 R X   0.001 0.001 0.000 0.003 0.001 0.002 0.874 0.118 
 421 R X   0.001 0.001 0.000 0.003 0.001 0.002 0.876 0.116 
 422 Q X   0.001 0.001 0.000 0.003 0.001 0.002 0.878 0.115 
 423 Q X   0.001 0.001 0.000 0.003 0.001 0.002 0.880 0.113 
 424 E X   0.001 0.001 0.000 0.002 0.001 0.002 0.882 0.112 
 425 R X   0.001 0.001 0.000 0.002 0.001 0.001 0.883 0.111 
 426 E X   0.001 0.001 0.000 0.002 0.001 0.001 0.885 0.109 
 427 Q X   0.001 0.001 0.000 0.002 0.000 0.001 0.886 0.109 
 428 R X   0.001 0.001 0.000 0.002 0.000 0.001 0.887 0.108 
 429 R X   0.001 0.001 0.000 0.002 0.000 0.001 0.888 0.107 
 430 R X   0.001 0.001 0.000 0.001 0.000 0.001 0.889 0.107 
 431 E X   0.001 0.001 0.000 0.001 0.000 0.001 0.889 0.106 
 432 Q X   0.001 0.001 0.000 0.002 0.000 0.001 0.889 0.106 
 433 E X   0.001 0.001 0.000 0.002 0.000 0.001 0.889 0.106 
 434 E X   0.001 0.001 0.000 0.002 0.001 0.001 0.889 0.106 
 435 K X   0.001 0.001 0.000 0.002 0.001 0.001 0.888 0.106 
 436 R X   0.001 0.001 0.000 0.003 0.001 0.002 0.888 0.106 
 437 R X   0.001 0.001 0.000 0.003 0.001 0.002 0.887 0.106 
 438 L X   0.001 0.001 0.000 0.003 0.001 0.002 0.887 0.105 
 439 E X   0.001 0.001 0.000 0.003 0.001 0.002 0.886 0.105 
 440 E X   0.001 0.001 0.000 0.003 0.001 0.002 0.886 0.106 
 441 L X   0.001 0.001 0.000 0.003 0.001 0.002 0.886 0.106 
 442 E X   0.001 0.001 0.000 0.003 0.001 0.002 0.886 0.106 
 443 R X   0.001 0.001 0.000 0.003 0.001 0.001 0.886 0.107 
 444 R X   0.001 0.001 0.000 0.002 0.001 0.001 0.886 0.107 
 445 R X   0.001 0.001 0.000 0.002 0.000 0.001 0.886 0.108 
 446 K X   0.001 0.001 0.000 0.002 0.000 0.001 0.886 0.109 
 447 E X   0.001 0.001 0.000 0.002 0.000 0.001 0.885 0.110 
 448 E X   0.001 0.001 0.000 0.002 0.000 0.001 0.884 0.111 
 449 E X   0.001 0.001 0.000 0.002 0.000 0.001 0.883 0.112 
 450 E X   0.001 0.001 0.000 0.002 0.000 0.001 0.881 0.114 
 451 R X   0.001 0.001 0.000 0.002 0.000 0.001 0.878 0.116 
 452 R X   0.001 0.001 0.000 0.002 0.001 0.001 0.876 0.118 
 453 R X   0.001 0.002 0.000 0.002 0.001 0.002 0.872 0.121 
 454 A X   0.001 0.002 0.000 0.002 0.001 0.002 0.869 0.124 
 455 E X   0.001 0.003 0.000 0.002 0.001 0.002 0.865 0.127 
 456 E X   0.001 0.003 0.000 0.003 0.001 0.002 0.860 0.130 
 457 E X   0.001 0.004 0.000 0.003 0.001 0.002 0.856 0.134 
 458 K X   0.001 0.005 0.000 0.003 0.001 0.002 0.851 0.138 
 459 R X   0.001 0.006 0.000 0.003 0.001 0.002 0.845 0.141 
 460 R X   0.001 0.007 0.000 0.004 0.001 0.003 0.840 0.144 
 461 V X   0.001 0.009 0.000 0.004 0.001 0.003 0.834 0.147 
 462 E X   0.001 0.012 0.000 0.005 0.001 0.003 0.828 0.149 
 463 R X   0.001 0.014 0.000 0.006 0.002 0.003 0.823 0.150 
 464 E X   0.001 0.017 0.000 0.006 0.002 0.004 0.817 0.151 
 465 Q X   0.002 0.020 0.000 0.007 0.002 0.004 0.812 0.152 
 466 E X   0.002 0.023 0.000 0.008 0.002 0.004 0.808 0.153 
 467 Y X   0.002 0.025 0.000 0.008 0.002 0.004 0.805 0.153 
 468 I X   0.002 0.027 0.000 0.008 0.002 0.004 0.802 0.155 
 469 R X   0.002 0.028 0.000 0.007 0.002 0.004 0.800 0.156 
 470 R X   0.002 0.029 0.000 0.007 0.002 0.004 0.798 0.158 
 471 Q X   0.002 0.030 0.000 0.006 0.002 0.004 0.797 0.160 
 472 L X   0.002 0.030 0.000 0.005 0.002 0.004 0.796 0.162 
 473 E X   0.002 0.030 0.000 0.004 0.001 0.004 0.795 0.163 
 474 E X   0.002 0.031 0.000 0.004 0.001 0.004 0.794 0.164 
 475 E X   0.002 0.032 0.000 0.003 0.002 0.004 0.793 0.164 
 476 Q X   0.002 0.033 0.000 0.004 0.002 0.005 0.792 0.162 
 477 R X   0.003 0.035 0.000 0.004 0.002 0.005 0.792 0.159 
 478 H X   0.003 0.039 0.000 0.005 0.002 0.006 0.791 0.154 
 479 L X   0.003 0.043 0.000 0.006 0.003 0.006 0.790 0.148 
 480 E X   0.003 0.048 0.000 0.007 0.003 0.007 0.789 0.142 
 481 V X   0.004 0.052 0.000 0.009 0.004 0.007 0.788 0.136 
 482 L X   0.004 0.056 0.000 0.010 0.004 0.008 0.788 0.130 
 483 Q X   0.004 0.059 0.000 0.011 0.004 0.008 0.789 0.125 
 484 Q X   0.004 0.061 0.000 0.012 0.004 0.008 0.791 0.120 
 485 Q X   0.004 0.062 0.000 0.013 0.005 0.008 0.793 0.116 
 486 L X   0.004 0.063 0.000 0.013 0.005 0.008 0.796 0.112 
 487 L X   0.004 0.062 0.000 0.013 0.005 0.008 0.800 0.108 
 488 Q X   0.004 0.061 0.000 0.014 0.005 0.007 0.805 0.104 
 489 E X   0.004 0.059 0.000 0.014 0.004 0.007 0.811 0.100 
 490 Q X   0.004 0.056 0.000 0.014 0.004 0.007 0.818 0.097 
 491 A X   0.004 0.052 0.000 0.013 0.004 0.006 0.827 0.093 
 492 M X   0.004 0.047 0.000 0.012 0.004 0.006 0.838 0.090 
 493 L X   0.003 0.040 0.000 0.011 0.003 0.005 0.850 0.087 
 494 L X   0.003 0.032 0.000 0.009 0.003 0.005 0.863 0.084 
 495 H X   0.003 0.025 0.000 0.008 0.002 0.004 0.877 0.081 
 496 D X   0.003 0.017 0.000 0.006 0.002 0.004 0.891 0.077 
 497 H X   0.003 0.011 0.000 0.005 0.002 0.003 0.905 0.072 
 498 R X   0.002 0.007 0.000 0.003 0.001 0.002 0.916 0.068 
 499 R X   0.002 0.004 0.000 0.002 0.001 0.002 0.926 0.063 
 500 P X   0.001 0.002 0.000 0.002 0.001 0.001 0.934 0.059 
 501 H X   0.001 0.001 0.000 0.001 0.000 0.001 0.940 0.055 
 502 P X   0.001 0.001 0.000 0.001 0.000 0.001 0.944 0.052 
 503 Q X   0.001 0.000 0.000 0.001 0.000 0.001 0.948 0.049 
 504 H X   0.001 0.000 0.000 0.001 0.000 0.001 0.950 0.047 
 505 S X   0.001 0.000 0.000 0.001 0.000 0.001 0.952 0.046 
 506 Q X   0.000 0.000 0.000 0.001 0.000 0.001 0.953 0.045 
 507 Q X   0.000 0.000 0.000 0.001 0.000 0.001 0.954 0.044 
 508 P X   0.000 0.000 0.000 0.001 0.000 0.001 0.954 0.044 
 509 P X   0.000 0.000 0.000 0.001 0.000 0.001 0.953 0.044 
 510 P X   0.000 0.000 0.000 0.001 0.000 0.001 0.953 0.045 
 511 P X   0.000 0.000 0.000 0.001 0.000 0.001 0.952 0.046 
 512 Q X   0.000 0.000 0.000 0.001 0.000 0.001 0.950 0.047 
 513 Q X   0.000 0.000 0.000 0.001 0.000 0.001 0.949 0.048 
 514 E X   0.000 0.000 0.000 0.001 0.000 0.001 0.947 0.050 
 515 R X   0.000 0.000 0.000 0.002 0.000 0.001 0.944 0.052 
 516 S X   0.000 0.000 0.000 0.002 0.000 0.001 0.942 0.054 
 517 K X   0.001 0.000 0.000 0.002 0.000 0.001 0.939 0.056 
 518 P X   0.001 0.001 0.000 0.002 0.000 0.001 0.936 0.059 
 519 S X   0.001 0.001 0.000 0.002 0.000 0.001 0.933 0.062 
 520 F X   0.001 0.001 0.000 0.002 0.000 0.001 0.929 0.066 
 521 H X   0.001 0.001 0.000 0.002 0.001 0.001 0.925 0.069 
 522 A X   0.001 0.001 0.000 0.002 0.001 0.001 0.921 0.073 
 523 P X   0.001 0.001 0.000 0.002 0.001 0.002 0.915 0.078 
 524 E X   0.001 0.002 0.000 0.002 0.001 0.002 0.910 0.083 
 525 P X   0.001 0.002 0.000 0.003 0.001 0.002 0.903 0.089 
 526 K X   0.001 0.002 0.000 0.003 0.001 0.002 0.896 0.095 
 527 A X   0.001 0.003 0.000 0.003 0.001 0.002 0.888 0.102 
 528 H X   0.001 0.004 0.000 0.003 0.001 0.002 0.879 0.109 
 529 Y X   0.001 0.005 0.000 0.004 0.001 0.003 0.868 0.117 
 530 E X   0.001 0.008 0.000 0.005 0.001 0.003 0.857 0.125 
 531 P X   0.001 0.011 0.000 0.007 0.002 0.004 0.843 0.132 
 532 A X   0.001 0.015 0.000 0.009 0.002 0.005 0.829 0.138 
 533 D X   0.002 0.021 0.000 0.011 0.003 0.005 0.814 0.144 
 534 R X   0.002 0.028 0.000 0.015 0.003 0.006 0.799 0.148 
 535 A X   0.002 0.034 0.000 0.018 0.004 0.007 0.784 0.151 
 536 R X   0.002 0.040 0.000 0.021 0.004 0.007 0.772 0.155 
 537 E X   0.002 0.044 0.000 0.023 0.004 0.007 0.761 0.158 
 538 V X   0.002 0.046 0.000 0.025 0.004 0.007 0.753 0.162 
 539 E X   0.002 0.047 0.000 0.025 0.004 0.007 0.747 0.167 
 540 D X   0.002 0.047 0.000 0.024 0.004 0.007 0.743 0.173 
 541 R X   0.002 0.045 0.000 0.021 0.004 0.006 0.741 0.180 
 542 F X   0.002 0.042 0.000 0.018 0.003 0.006 0.739 0.189 
 543 R X   0.003 0.038 0.000 0.014 0.003 0.005 0.739 0.199 
 544 K X   0.002 0.032 0.000 0.011 0.002 0.004 0.739 0.209 
 545 T X   0.002 0.025 0.000 0.008 0.002 0.004 0.740 0.219 
 546 N X   0.002 0.020 0.000 0.006 0.001 0.003 0.740 0.227 
 547 H X   0.002 0.015 0.000 0.004 0.001 0.003 0.740 0.235 
 548 S X   0.002 0.013 0.000 0.003 0.001 0.003 0.738 0.241 
 549 S X   0.002 0.011 0.000 0.002 0.001 0.002 0.736 0.245 
 550 P X   0.002 0.010 0.000 0.002 0.001 0.002 0.734 0.249 
 551 E X   0.002 0.009 0.000 0.003 0.001 0.003 0.730 0.253 
 552 A X   0.002 0.010 0.000 0.003 0.001 0.003 0.725 0.256 
 553 Q X   0.002 0.010 0.000 0.004 0.001 0.003 0.720 0.258 
 554 S X   0.002 0.012 0.000 0.006 0.002 0.004 0.714 0.260 
 555 K X   0.002 0.013 0.000 0.008 0.002 0.005 0.708 0.261 
 556 Q X   0.002 0.015 0.000 0.010 0.003 0.005 0.702 0.262 
 557 T X   0.002 0.017 0.000 0.012 0.003 0.005 0.696 0.263 
 558 G X   0.003 0.018 0.000 0.014 0.003 0.006 0.691 0.265 
 559 R X   0.003 0.019 0.000 0.014 0.003 0.006 0.687 0.268 
 560 V X   0.003 0.019 0.000 0.014 0.003 0.005 0.684 0.272 
 561 L X   0.003 0.018 0.000 0.013 0.003 0.005 0.682 0.276 
 562 E X   0.002 0.017 0.000 0.011 0.002 0.005 0.680 0.282 
 563 P X   0.002 0.016 0.000 0.009 0.002 0.004 0.678 0.287 
 564 P X   0.002 0.014 0.000 0.008 0.002 0.004 0.677 0.293 
 565 V X   0.002 0.013 0.000 0.006 0.001 0.004 0.675 0.298 
 566 P X   0.002 0.012 0.000 0.005 0.001 0.003 0.674 0.302 
 567 S X   0.002 0.011 0.000 0.005 0.001 0.003 0.672 0.306 
 568 R X   0.002 0.010 0.000 0.004 0.001 0.003 0.670 0.310 
 569 S X   0.002 0.009 0.000 0.004 0.001 0.003 0.667 0.314 
 570 E X   0.002 0.009 0.000 0.004 0.001 0.003 0.663 0.318 
 571 S X   0.002 0.009 0.000 0.004 0.001 0.003 0.659 0.322 
 572 F X   0.002 0.010 0.000 0.004 0.001 0.003 0.654 0.326 
 573 S X   0.002 0.010 0.000 0.004 0.001 0.003 0.648 0.331 
 574 N X   0.002 0.011 0.000 0.005 0.001 0.003 0.642 0.335 
 575 G X   0.002 0.013 0.000 0.006 0.001 0.004 0.635 0.339 
 576 N X   0.002 0.015 0.000 0.006 0.002 0.004 0.627 0.343 
 577 S X   0.002 0.018 0.000 0.007 0.002 0.005 0.620 0.346 
 578 E X   0.002 0.022 0.000 0.008 0.002 0.005 0.612 0.348 
 579 S X   0.002 0.025 0.000 0.009 0.002 0.005 0.604 0.351 
 580 V X   0.002 0.030 0.000 0.010 0.003 0.006 0.596 0.353 
 581 H X   0.003 0.034 0.000 0.011 0.003 0.006 0.589 0.355 
 582 P X   0.003 0.038 0.000 0.012 0.003 0.006 0.581 0.357 
 583 A X   0.003 0.042 0.000 0.012 0.003 0.007 0.574 0.358 
 584 L X   0.003 0.046 0.000 0.012 0.003 0.007 0.568 0.360 
 585 Q X   0.003 0.050 0.000 0.012 0.003 0.007 0.562 0.362 
 586 R X   0.003 0.053 0.000 0.012 0.003 0.007 0.557 0.364 
 587 P X   0.003 0.056 0.000 0.012 0.003 0.007 0.553 0.365 
 588 A X   0.003 0.059 0.000 0.012 0.004 0.008 0.548 0.365 
 589 E X   0.003 0.062 0.000 0.013 0.004 0.008 0.545 0.365 
 590 P X   0.004 0.065 0.000 0.013 0.004 0.008 0.541 0.364 
 591 Q X   0.004 0.068 0.000 0.014 0.004 0.009 0.538 0.362 
 592 V X   0.004 0.071 0.000 0.015 0.004 0.009 0.536 0.361 
 593 P X   0.004 0.072 0.000 0.016 0.005 0.009 0.534 0.360 
 594 V X   0.004 0.073 0.000 0.016 0.005 0.009 0.533 0.359 
 595 R X   0.005 0.073 0.001 0.017 0.005 0.009 0.533 0.359 
 596 T X   0.005 0.072 0.001 0.017 0.005 0.009 0.533 0.360 
 597 T X   0.005 0.070 0.001 0.016 0.005 0.008 0.534 0.362 
 598 S X   0.004 0.067 0.001 0.016 0.004 0.008 0.536 0.364 
 599 R X   0.004 0.063 0.000 0.014 0.004 0.008 0.539 0.367 
 600 S X   0.004 0.058 0.000 0.013 0.004 0.007 0.541 0.371 
 601 P X   0.004 0.053 0.000 0.012 0.003 0.007 0.545 0.375 
 602 V X   0.004 0.048 0.000 0.011 0.003 0.006 0.548 0.379 
 603 L X   0.004 0.043 0.000 0.010 0.003 0.006 0.552 0.383 
 604 S X   0.004 0.038 0.000 0.009 0.002 0.005 0.555 0.386 
 605 R X   0.004 0.033 0.000 0.008 0.002 0.005 0.559 0.389 
 606 R X   0.004 0.029 0.000 0.007 0.002 0.005 0.562 0.391 
 607 D X   0.003 0.026 0.000 0.006 0.002 0.005 0.565 0.393 
 608 S X   0.003 0.023 0.000 0.006 0.002 0.004 0.568 0.394 
 609 P X   0.003 0.021 0.000 0.005 0.002 0.004 0.570 0.395 
 610 L X   0.003 0.019 0.000 0.005 0.001 0.004 0.572 0.395 
 611 Q X   0.003 0.018 0.000 0.005 0.001 0.004 0.573 0.396 
 612 G X   0.003 0.017 0.000 0.005 0.001 0.004 0.573 0.396 
 613 S X   0.003 0.017 0.000 0.005 0.001 0.004 0.574 0.396 
 614 G X   0.003 0.016 0.000 0.006 0.001 0.004 0.574 0.396 
 615 Q X   0.002 0.016 0.000 0.006 0.001 0.004 0.573 0.396 
 616 Q X   0.002 0.016 0.000 0.006 0.002 0.004 0.573 0.396 
 617 N X   0.002 0.017 0.000 0.006 0.002 0.004 0.572 0.397 
 618 S X   0.002 0.017 0.000 0.006 0.002 0.004 0.571 0.397 
 619 Q X   0.002 0.017 0.000 0.006 0.001 0.004 0.570 0.398 
 620 A X   0.002 0.018 0.000 0.006 0.001 0.004 0.569 0.400 
 621 G X   0.002 0.018 0.000 0.005 0.001 0.004 0.567 0.401 
 622 Q X   0.002 0.019 0.000 0.005 0.001 0.004 0.565 0.402 
 623 R X   0.002 0.021 0.000 0.005 0.001 0.005 0.563 0.403 
 624 N X   0.002 0.023 0.000 0.005 0.002 0.005 0.560 0.403 
 625 S X   0.003 0.026 0.000 0.006 0.002 0.006 0.556 0.401 
 626 T X   0.003 0.032 0.000 0.007 0.002 0.007 0.552 0.397 
 627 S X   0.004 0.040 0.000 0.009 0.003 0.009 0.546 0.388 
 628 S X   0.005 0.054 0.001 0.012 0.005 0.011 0.540 0.374 
 629 I X   0.005 0.074 0.001 0.016 0.006 0.013 0.532 0.352 
 630 E X   0.006 0.101 0.001 0.021 0.008 0.015 0.524 0.324 
 631 P X   0.006 0.130 0.001 0.026 0.010 0.016 0.517 0.294 
 632 R X   0.007 0.156 0.001 0.032 0.011 0.016 0.510 0.267 
 633 L X   0.007 0.175 0.001 0.037 0.012 0.016 0.506 0.247 
 634 L X   0.006 0.187 0.001 0.040 0.012 0.016 0.503 0.233 
 635 W X   0.006 0.194 0.001 0.042 0.012 0.016 0.503 0.226 
 636 E X   0.006 0.196 0.001 0.043 0.012 0.015 0.504 0.223 
 637 R X   0.006 0.195 0.001 0.041 0.011 0.014 0.507 0.225 
 638 V X   0.006 0.190 0.001 0.038 0.010 0.013 0.512 0.231 
 639 E X   0.006 0.180 0.001 0.034 0.009 0.012 0.518 0.241 
 640 K X   0.006 0.166 0.001 0.029 0.007 0.010 0.526 0.255 
 641 L X   0.005 0.147 0.001 0.024 0.006 0.009 0.536 0.272 
 642 V X   0.005 0.126 0.001 0.019 0.005 0.008 0.546 0.290 
 643 P X   0.005 0.105 0.001 0.015 0.004 0.007 0.556 0.307 
 644 R X   0.004 0.087 0.000 0.012 0.003 0.006 0.565 0.321 
 645 P X   0.004 0.073 0.000 0.009 0.002 0.006 0.574 0.331 
 646 G X   0.003 0.063 0.000 0.008 0.002 0.005 0.580 0.338 
 647 S X   0.003 0.056 0.000 0.007 0.002 0.005 0.586 0.342 
 648 G X   0.003 0.051 0.000 0.006 0.001 0.004 0.590 0.344 
 649 S X   0.002 0.048 0.000 0.006 0.001 0.004 0.594 0.344 
 650 S X   0.002 0.046 0.000 0.006 0.001 0.004 0.597 0.344 
 651 S X   0.002 0.045 0.000 0.007 0.001 0.004 0.599 0.342 
 652 G X   0.002 0.044 0.000 0.007 0.001 0.004 0.601 0.341 
 653 S X   0.002 0.043 0.000 0.008 0.001 0.004 0.603 0.339 
 654 S X   0.002 0.042 0.000 0.008 0.002 0.004 0.605 0.338 
 655 N X   0.002 0.041 0.000 0.009 0.002 0.004 0.607 0.336 
 656 S X   0.002 0.041 0.000 0.009 0.002 0.004 0.609 0.334 
 657 G X   0.002 0.040 0.000 0.008 0.002 0.004 0.611 0.333 
 658 S X   0.002 0.039 0.000 0.008 0.001 0.004 0.613 0.333 
 659 Q X   0.002 0.038 0.000 0.007 0.001 0.004 0.615 0.333 
 660 P X   0.002 0.037 0.000 0.006 0.001 0.003 0.618 0.333 
 661 G X   0.002 0.036 0.000 0.005 0.001 0.003 0.619 0.333 
 662 S X   0.001 0.036 0.000 0.005 0.001 0.003 0.620 0.334 
 663 H X   0.001 0.036 0.000 0.004 0.001 0.003 0.621 0.333 
