#TopoPred_TM8: 8-state transmembrane topology prediction results by no_profile mode 
#probabilities are in the order of H E C I L F X _, the 8 transmembrane topology types used in PDBTM 
   1 M _   0.093 0.000 0.003 0.012 0.018 0.027 0.250 0.597 
   2 E _   0.088 0.000 0.000 0.004 0.006 0.021 0.253 0.628 
   3 L _   0.107 0.000 0.001 0.003 0.005 0.019 0.249 0.617 
   4 R _   0.199 0.000 0.001 0.002 0.008 0.020 0.231 0.538 
   5 V _   0.341 0.000 0.001 0.002 0.013 0.023 0.196 0.424 
   6 L H   0.481 0.000 0.002 0.002 0.019 0.023 0.153 0.320 
   7 L H   0.594 0.000 0.002 0.001 0.023 0.022 0.121 0.238 
   8 C H   0.674 0.000 0.002 0.001 0.023 0.019 0.100 0.181 
   9 W H   0.722 0.000 0.002 0.001 0.022 0.016 0.088 0.149 
  10 A H   0.746 0.000 0.001 0.001 0.022 0.014 0.080 0.136 
  11 S H   0.754 0.000 0.001 0.001 0.022 0.013 0.074 0.135 
  12 L H   0.748 0.000 0.001 0.001 0.021 0.012 0.071 0.146 
  13 A H   0.728 0.000 0.001 0.001 0.020 0.012 0.069 0.169 
  14 A H   0.693 0.000 0.001 0.001 0.018 0.012 0.068 0.206 
  15 A H   0.641 0.000 0.001 0.001 0.016 0.011 0.068 0.260 
  16 L H   0.575 0.000 0.001 0.002 0.014 0.011 0.070 0.327 
  17 E H   0.496 0.000 0.001 0.002 0.012 0.011 0.072 0.406 
  18 E _   0.411 0.000 0.001 0.002 0.009 0.011 0.075 0.490 
  19 T _   0.328 0.000 0.001 0.002 0.008 0.011 0.079 0.571 
  20 L _   0.253 0.000 0.001 0.002 0.006 0.011 0.082 0.644 
  21 L _   0.190 0.000 0.001 0.003 0.005 0.011 0.086 0.704 
  22 N _   0.141 0.000 0.001 0.003 0.004 0.011 0.088 0.752 
  23 T _   0.104 0.000 0.001 0.003 0.004 0.011 0.091 0.787 
  24 K _   0.078 0.000 0.000 0.003 0.004 0.011 0.092 0.811 
  25 L _   0.060 0.000 0.000 0.004 0.004 0.012 0.094 0.826 
  26 E _   0.048 0.001 0.000 0.005 0.004 0.012 0.095 0.836 
  27 T _   0.039 0.001 0.001 0.006 0.004 0.013 0.095 0.840 
  28 A _   0.034 0.002 0.001 0.008 0.005 0.014 0.096 0.841 
  29 D _   0.030 0.004 0.001 0.010 0.006 0.015 0.096 0.839 
  30 L _   0.027 0.005 0.001 0.012 0.007 0.015 0.097 0.836 
  31 K _   0.025 0.007 0.001 0.015 0.007 0.016 0.097 0.833 
  32 W _   0.022 0.008 0.001 0.017 0.008 0.015 0.098 0.831 
  33 V _   0.020 0.010 0.001 0.018 0.008 0.015 0.099 0.831 
  34 T _   0.018 0.010 0.001 0.018 0.007 0.014 0.100 0.833 
  35 F _   0.016 0.010 0.001 0.017 0.006 0.013 0.100 0.836 
  36 P _   0.014 0.010 0.001 0.016 0.006 0.012 0.102 0.840 
  37 Q _   0.013 0.009 0.001 0.014 0.005 0.011 0.103 0.845 
  38 V _   0.011 0.008 0.001 0.013 0.004 0.010 0.104 0.849 
  39 D _   0.010 0.007 0.000 0.011 0.004 0.009 0.105 0.853 
  40 G _   0.009 0.006 0.000 0.010 0.003 0.008 0.106 0.856 
  41 Q _   0.009 0.006 0.000 0.009 0.003 0.008 0.106 0.859 
  42 W _   0.008 0.005 0.000 0.008 0.003 0.007 0.107 0.862 
  43 E _   0.007 0.004 0.000 0.007 0.002 0.006 0.107 0.865 
  44 E _   0.006 0.004 0.000 0.006 0.002 0.006 0.107 0.868 
  45 L _   0.006 0.003 0.000 0.006 0.002 0.006 0.107 0.871 
  46 S _   0.005 0.003 0.000 0.005 0.002 0.005 0.106 0.873 
  47 G _   0.005 0.003 0.000 0.005 0.002 0.006 0.105 0.875 
  48 L _   0.005 0.003 0.000 0.005 0.002 0.006 0.103 0.876 
  49 D _   0.005 0.004 0.000 0.005 0.002 0.006 0.101 0.877 
  50 E _   0.005 0.005 0.000 0.006 0.002 0.007 0.099 0.876 
  51 E _   0.005 0.006 0.000 0.007 0.003 0.008 0.096 0.874 
  52 Q _   0.006 0.008 0.000 0.009 0.003 0.009 0.093 0.871 
  53 H _   0.006 0.011 0.000 0.011 0.004 0.010 0.090 0.867 
  54 S _   0.007 0.015 0.001 0.014 0.005 0.012 0.087 0.861 
  55 V _   0.008 0.018 0.001 0.018 0.006 0.013 0.083 0.853 
  56 R _   0.008 0.022 0.001 0.022 0.007 0.014 0.080 0.847 
  57 T _   0.009 0.025 0.001 0.024 0.008 0.015 0.077 0.842 
  58 Y _   0.009 0.027 0.001 0.026 0.008 0.015 0.075 0.839 
  59 E _   0.009 0.027 0.001 0.027 0.008 0.015 0.073 0.839 
  60 V _   0.010 0.027 0.001 0.026 0.008 0.015 0.071 0.843 
  61 C _   0.010 0.026 0.001 0.023 0.007 0.014 0.070 0.850 
  62 D _   0.009 0.023 0.001 0.020 0.006 0.013 0.068 0.859 
  63 V _   0.009 0.020 0.001 0.016 0.006 0.013 0.067 0.869 
  64 Q _   0.009 0.017 0.001 0.013 0.005 0.012 0.066 0.878 
  65 R _   0.009 0.014 0.001 0.010 0.004 0.012 0.064 0.885 
  66 A _   0.009 0.012 0.000 0.009 0.004 0.012 0.063 0.891 
  67 P _   0.009 0.010 0.000 0.008 0.004 0.012 0.062 0.894 
  68 G _   0.010 0.009 0.000 0.008 0.004 0.013 0.060 0.895 
  69 Q _   0.010 0.009 0.001 0.009 0.005 0.014 0.058 0.894 
  70 A _   0.011 0.009 0.001 0.010 0.005 0.015 0.057 0.892 
  71 H _   0.012 0.009 0.001 0.012 0.006 0.016 0.055 0.889 
  72 W _   0.014 0.009 0.001 0.013 0.007 0.017 0.053 0.886 
  73 L _   0.015 0.008 0.001 0.015 0.008 0.019 0.051 0.884 
  74 R _   0.017 0.008 0.001 0.015 0.008 0.020 0.049 0.881 
  75 T _   0.020 0.007 0.001 0.015 0.009 0.021 0.048 0.880 
  76 G _   0.025 0.006 0.001 0.014 0.009 0.022 0.046 0.877 
  77 W _   0.031 0.005 0.001 0.012 0.009 0.024 0.044 0.874 
  78 V _   0.041 0.003 0.001 0.010 0.009 0.025 0.043 0.868 
  79 P _   0.055 0.002 0.001 0.008 0.009 0.027 0.041 0.857 
  80 R _   0.074 0.001 0.001 0.006 0.009 0.029 0.039 0.840 
  81 R _   0.100 0.001 0.001 0.005 0.010 0.032 0.037 0.814 
  82 G _   0.133 0.000 0.001 0.004 0.012 0.036 0.035 0.779 
  83 A _   0.171 0.000 0.001 0.004 0.014 0.040 0.033 0.736 
  84 V _   0.218 0.000 0.001 0.003 0.018 0.044 0.031 0.684 
  85 H _   0.268 0.000 0.001 0.004 0.023 0.049 0.030 0.625 
  86 V _   0.319 0.000 0.002 0.004 0.031 0.053 0.028 0.563 
  87 Y _   0.366 0.001 0.002 0.005 0.038 0.057 0.026 0.505 
  88 A _   0.404 0.001 0.002 0.006 0.046 0.059 0.026 0.456 
  89 T H   0.431 0.002 0.002 0.007 0.053 0.060 0.025 0.419 
  90 L H   0.447 0.004 0.002 0.009 0.057 0.060 0.025 0.394 
  91 R H   0.450 0.005 0.003 0.012 0.060 0.058 0.026 0.386 
  92 F H   0.442 0.007 0.003 0.014 0.059 0.056 0.027 0.393 
  93 T H   0.423 0.008 0.003 0.016 0.056 0.052 0.028 0.415 
  94 M _   0.391 0.008 0.003 0.018 0.050 0.048 0.030 0.453 
  95 L _   0.348 0.007 0.003 0.018 0.042 0.043 0.033 0.507 
  96 E _   0.298 0.006 0.002 0.016 0.033 0.038 0.036 0.571 
  97 C _   0.244 0.005 0.002 0.014 0.024 0.032 0.038 0.641 
  98 L _   0.191 0.003 0.001 0.012 0.016 0.027 0.041 0.709 
  99 S _   0.143 0.002 0.001 0.009 0.011 0.022 0.044 0.769 
 100 L _   0.103 0.001 0.001 0.007 0.007 0.018 0.046 0.818 
 101 P _   0.072 0.001 0.001 0.005 0.005 0.015 0.047 0.856 
 102 R _   0.050 0.001 0.000 0.004 0.003 0.013 0.048 0.882 
 103 A _   0.034 0.001 0.000 0.003 0.003 0.012 0.048 0.899 
 104 G _   0.025 0.001 0.000 0.003 0.003 0.011 0.048 0.908 
 105 R _   0.020 0.002 0.000 0.004 0.003 0.012 0.048 0.910 
 106 S _   0.017 0.005 0.000 0.006 0.004 0.014 0.047 0.906 
 107 C _   0.016 0.011 0.001 0.011 0.006 0.016 0.047 0.893 
 108 K _   0.016 0.022 0.001 0.018 0.008 0.018 0.045 0.872 
 109 E _   0.015 0.036 0.001 0.027 0.010 0.019 0.044 0.847 
 110 T _   0.015 0.050 0.001 0.036 0.012 0.020 0.043 0.823 
 111 F _   0.015 0.059 0.001 0.043 0.013 0.020 0.042 0.807 
 112 T _   0.014 0.064 0.001 0.047 0.013 0.019 0.041 0.801 
 113 V _   0.013 0.065 0.001 0.045 0.012 0.018 0.041 0.804 
 114 F _   0.011 0.063 0.001 0.040 0.010 0.016 0.041 0.817 
 115 Y _   0.010 0.058 0.001 0.032 0.008 0.014 0.042 0.836 
 116 Y _   0.009 0.050 0.001 0.022 0.006 0.012 0.042 0.858 
 117 E _   0.007 0.041 0.001 0.014 0.004 0.010 0.043 0.879 
 118 S _   0.006 0.035 0.000 0.009 0.003 0.009 0.043 0.895 
 119 D _   0.006 0.031 0.000 0.006 0.002 0.008 0.043 0.903 
 120 A _   0.006 0.030 0.000 0.005 0.002 0.009 0.042 0.905 
 121 D _   0.006 0.031 0.000 0.006 0.003 0.010 0.042 0.902 
 122 T _   0.007 0.036 0.000 0.009 0.004 0.012 0.041 0.892 
 123 A _   0.008 0.046 0.001 0.014 0.006 0.014 0.039 0.873 
 124 T _   0.009 0.060 0.001 0.022 0.008 0.016 0.037 0.847 
 125 A _   0.010 0.076 0.001 0.030 0.010 0.018 0.036 0.820 
 126 L _   0.010 0.089 0.001 0.038 0.012 0.018 0.034 0.798 
 127 T _   0.010 0.097 0.001 0.042 0.012 0.019 0.033 0.785 
 128 P _   0.010 0.101 0.001 0.043 0.013 0.019 0.032 0.781 
 129 A _   0.011 0.101 0.001 0.041 0.012 0.018 0.032 0.785 
 130 W _   0.011 0.097 0.001 0.035 0.011 0.017 0.032 0.796 
 131 M _   0.011 0.091 0.001 0.028 0.009 0.016 0.032 0.811 
 132 E _   0.011 0.082 0.001 0.022 0.008 0.015 0.033 0.829 
 133 N _   0.011 0.072 0.001 0.016 0.006 0.014 0.034 0.846 
 134 P _   0.011 0.064 0.001 0.012 0.005 0.014 0.034 0.859 
 135 Y _   0.011 0.059 0.001 0.010 0.005 0.014 0.034 0.867 
 136 I _   0.011 0.057 0.001 0.009 0.005 0.014 0.035 0.869 
 137 K _   0.012 0.056 0.001 0.010 0.005 0.015 0.035 0.866 
 138 V _   0.013 0.058 0.001 0.012 0.006 0.016 0.035 0.860 
 139 D _   0.014 0.061 0.001 0.016 0.007 0.016 0.035 0.850 
 140 T _   0.014 0.064 0.001 0.021 0.008 0.017 0.035 0.840 
 141 V _   0.014 0.066 0.001 0.025 0.009 0.017 0.035 0.833 
 142 A _   0.014 0.068 0.001 0.027 0.009 0.016 0.035 0.829 
 143 A _   0.013 0.067 0.001 0.028 0.009 0.016 0.036 0.831 
 144 E _   0.012 0.064 0.001 0.026 0.008 0.014 0.036 0.839 
 145 H _   0.011 0.058 0.001 0.023 0.007 0.013 0.037 0.851 
 146 L _   0.010 0.051 0.001 0.018 0.006 0.011 0.038 0.866 
 147 T _   0.009 0.043 0.001 0.014 0.004 0.010 0.038 0.882 
 148 R _   0.008 0.036 0.000 0.010 0.003 0.009 0.039 0.895 
 149 K _   0.007 0.030 0.000 0.008 0.003 0.008 0.039 0.905 
 150 R _   0.006 0.027 0.000 0.006 0.002 0.007 0.039 0.912 
 151 P _   0.006 0.025 0.000 0.006 0.002 0.007 0.039 0.915 
 152 G _   0.006 0.025 0.000 0.006 0.002 0.007 0.039 0.915 
 153 A _   0.006 0.026 0.000 0.007 0.002 0.008 0.038 0.913 
 154 E _   0.006 0.028 0.000 0.008 0.003 0.008 0.037 0.909 
 155 A _   0.007 0.031 0.000 0.010 0.003 0.009 0.036 0.903 
 156 T _   0.007 0.035 0.001 0.013 0.004 0.010 0.035 0.896 
 157 G _   0.007 0.040 0.001 0.015 0.005 0.011 0.034 0.887 
 158 K _   0.007 0.045 0.001 0.018 0.006 0.012 0.033 0.879 
 159 V _   0.007 0.049 0.001 0.021 0.006 0.013 0.031 0.871 
 160 N _   0.008 0.052 0.001 0.024 0.007 0.013 0.030 0.865 
 161 V _   0.008 0.054 0.001 0.025 0.007 0.014 0.030 0.861 
 162 K _   0.008 0.055 0.001 0.025 0.007 0.014 0.029 0.860 
 163 T _   0.008 0.054 0.001 0.024 0.007 0.014 0.028 0.863 
 164 L _   0.008 0.052 0.001 0.023 0.007 0.014 0.028 0.868 
 165 R _   0.008 0.048 0.001 0.020 0.006 0.013 0.028 0.876 
 166 L _   0.008 0.043 0.001 0.018 0.006 0.013 0.028 0.884 
 167 G _   0.008 0.038 0.001 0.015 0.005 0.013 0.027 0.893 
 168 P _   0.008 0.033 0.001 0.013 0.005 0.013 0.027 0.899 
 169 L _   0.009 0.029 0.001 0.012 0.005 0.014 0.027 0.903 
 170 S _   0.010 0.026 0.001 0.012 0.005 0.015 0.027 0.904 
 171 K _   0.011 0.024 0.001 0.013 0.006 0.017 0.026 0.903 
 172 A _   0.013 0.021 0.001 0.014 0.006 0.018 0.026 0.901 
 173 G _   0.016 0.019 0.001 0.014 0.007 0.020 0.026 0.897 
 174 F _   0.020 0.016 0.001 0.015 0.008 0.022 0.025 0.893 
 175 Y _   0.026 0.013 0.001 0.014 0.008 0.023 0.025 0.889 
 176 L _   0.035 0.010 0.001 0.013 0.009 0.025 0.025 0.882 
 177 A _   0.048 0.007 0.001 0.011 0.009 0.027 0.024 0.873 
 178 F _   0.066 0.004 0.001 0.008 0.010 0.030 0.023 0.858 
 179 Q _   0.091 0.002 0.001 0.006 0.011 0.033 0.023 0.833 
 180 D _   0.125 0.001 0.001 0.005 0.013 0.036 0.022 0.797 
 181 Q _   0.169 0.001 0.001 0.004 0.017 0.040 0.021 0.747 
 182 G _   0.223 0.000 0.001 0.004 0.022 0.045 0.020 0.684 
 183 A _   0.278 0.001 0.002 0.004 0.029 0.049 0.019 0.618 
 184 C _   0.330 0.001 0.002 0.005 0.036 0.052 0.019 0.556 
 185 M _   0.372 0.001 0.002 0.007 0.041 0.053 0.019 0.504 
 186 A _   0.403 0.002 0.002 0.009 0.045 0.053 0.019 0.467 
 187 L _   0.421 0.003 0.002 0.011 0.047 0.051 0.020 0.446 
 188 L _   0.426 0.003 0.002 0.011 0.046 0.049 0.021 0.442 
 189 S _   0.419 0.003 0.002 0.011 0.042 0.045 0.022 0.454 
 190 L _   0.401 0.002 0.002 0.010 0.037 0.041 0.024 0.482 
 191 H _   0.371 0.002 0.002 0.008 0.030 0.037 0.026 0.523 
 192 L _   0.333 0.001 0.002 0.006 0.023 0.033 0.028 0.574 
 193 F _   0.290 0.000 0.001 0.004 0.017 0.029 0.030 0.627 
 194 Y _   0.245 0.000 0.001 0.003 0.012 0.026 0.033 0.679 
 195 K _   0.202 0.000 0.001 0.003 0.009 0.023 0.035 0.727 
 196 K _   0.165 0.000 0.001 0.003 0.008 0.022 0.037 0.765 
 197 C _   0.136 0.000 0.001 0.003 0.007 0.021 0.039 0.793 
 198 A _   0.112 0.000 0.001 0.004 0.007 0.021 0.041 0.813 
 199 Q _   0.094 0.001 0.001 0.006 0.007 0.021 0.043 0.828 
 200 L _   0.079 0.001 0.001 0.008 0.008 0.021 0.045 0.838 
 201 T _   0.066 0.002 0.001 0.010 0.009 0.020 0.047 0.845 
 202 V _   0.056 0.002 0.001 0.012 0.009 0.020 0.048 0.851 
 203 N _   0.048 0.002 0.001 0.014 0.009 0.019 0.050 0.857 
 204 L _   0.040 0.002 0.001 0.013 0.008 0.018 0.052 0.865 
 205 T _   0.034 0.002 0.001 0.012 0.007 0.017 0.053 0.874 
 206 R _   0.028 0.002 0.001 0.010 0.006 0.016 0.055 0.882 
 207 F _   0.024 0.001 0.001 0.007 0.005 0.015 0.056 0.890 
 208 P _   0.022 0.001 0.000 0.005 0.004 0.015 0.057 0.895 
 209 E _   0.020 0.001 0.000 0.004 0.004 0.015 0.058 0.898 
 210 T _   0.021 0.000 0.000 0.003 0.003 0.016 0.059 0.897 
 211 V _   0.023 0.001 0.000 0.003 0.004 0.018 0.060 0.891 
 212 P _   0.027 0.001 0.001 0.004 0.005 0.021 0.060 0.882 
 213 R _   0.033 0.002 0.001 0.004 0.007 0.026 0.060 0.867 
 214 E _   0.041 0.005 0.001 0.006 0.010 0.031 0.060 0.845 
 215 L _   0.049 0.011 0.001 0.009 0.015 0.037 0.060 0.817 
 216 V _   0.058 0.021 0.002 0.013 0.021 0.043 0.060 0.782 
 217 V _   0.065 0.036 0.002 0.019 0.028 0.048 0.060 0.741 
 218 P _   0.071 0.054 0.002 0.025 0.034 0.052 0.060 0.701 
 219 V _   0.075 0.072 0.002 0.032 0.039 0.053 0.061 0.664 
 220 A _   0.077 0.088 0.002 0.039 0.041 0.053 0.062 0.636 
 221 G _   0.076 0.099 0.002 0.046 0.042 0.052 0.064 0.620 
 222 S _   0.072 0.105 0.002 0.050 0.039 0.049 0.067 0.617 
 223 C _   0.066 0.107 0.002 0.051 0.035 0.045 0.070 0.625 
 224 V _   0.058 0.104 0.002 0.049 0.030 0.040 0.074 0.642 
 225 V _   0.051 0.098 0.002 0.045 0.024 0.035 0.078 0.668 
 226 D _   0.043 0.087 0.002 0.037 0.018 0.029 0.083 0.701 
 227 A _   0.035 0.072 0.001 0.029 0.013 0.024 0.088 0.737 
 228 V _   0.029 0.055 0.001 0.021 0.009 0.019 0.093 0.773 
 229 P _   0.023 0.040 0.001 0.014 0.006 0.015 0.097 0.805 
 230 A _   0.018 0.028 0.001 0.010 0.004 0.012 0.100 0.828 
 231 P _   0.014 0.021 0.000 0.007 0.003 0.010 0.102 0.844 
 232 G _   0.011 0.017 0.000 0.005 0.002 0.008 0.104 0.853 
 233 P _   0.009 0.015 0.000 0.005 0.002 0.007 0.105 0.858 
 234 S _   0.008 0.015 0.000 0.004 0.002 0.007 0.105 0.859 
 235 P _   0.007 0.015 0.000 0.005 0.002 0.007 0.105 0.859 
 236 S _   0.007 0.017 0.000 0.006 0.002 0.007 0.104 0.857 
 237 L _   0.006 0.020 0.000 0.007 0.002 0.007 0.103 0.854 
 238 Y _   0.006 0.025 0.000 0.008 0.002 0.008 0.101 0.850 
 239 C _   0.006 0.031 0.000 0.009 0.003 0.008 0.099 0.844 
 240 R _   0.005 0.039 0.000 0.011 0.003 0.008 0.096 0.837 
 241 E _   0.005 0.049 0.000 0.012 0.003 0.009 0.093 0.828 
 242 D _   0.005 0.061 0.000 0.014 0.004 0.009 0.090 0.817 
 243 G _   0.005 0.074 0.001 0.015 0.004 0.010 0.087 0.805 
 244 Q _   0.005 0.089 0.001 0.016 0.004 0.010 0.083 0.791 
 245 W _   0.005 0.105 0.001 0.017 0.005 0.010 0.080 0.777 
 246 A _   0.005 0.122 0.001 0.018 0.005 0.010 0.076 0.762 
 247 E _   0.005 0.140 0.001 0.019 0.005 0.011 0.073 0.747 
 248 Q _   0.005 0.157 0.001 0.019 0.005 0.011 0.069 0.732 
 249 P _   0.005 0.174 0.001 0.019 0.005 0.011 0.066 0.718 
 250 V _   0.005 0.192 0.001 0.020 0.005 0.011 0.063 0.704 
 251 T _   0.005 0.209 0.001 0.020 0.006 0.011 0.060 0.688 
 252 G _   0.005 0.227 0.001 0.021 0.006 0.011 0.058 0.672 
 253 C _   0.005 0.245 0.001 0.022 0.006 0.011 0.055 0.656 
 254 S _   0.005 0.261 0.001 0.023 0.006 0.011 0.053 0.640 
 255 C _   0.005 0.277 0.001 0.024 0.006 0.011 0.051 0.625 
 256 A _   0.005 0.290 0.001 0.025 0.006 0.011 0.049 0.613 
 257 P _   0.005 0.300 0.001 0.026 0.006 0.010 0.048 0.604 
 258 G _   0.005 0.307 0.001 0.025 0.006 0.010 0.047 0.600 
 259 F _   0.005 0.310 0.001 0.023 0.005 0.009 0.046 0.600 
 260 E _   0.005 0.311 0.001 0.021 0.005 0.009 0.046 0.604 
 261 A _   0.005 0.309 0.001 0.017 0.004 0.008 0.045 0.611 
 262 A _   0.004 0.306 0.000 0.014 0.004 0.008 0.045 0.618 
 263 E _   0.004 0.304 0.000 0.012 0.003 0.008 0.044 0.625 
 264 G _   0.004 0.302 0.000 0.010 0.003 0.008 0.044 0.629 
 265 N _   0.004 0.303 0.000 0.010 0.003 0.008 0.043 0.628 
 266 T _   0.005 0.308 0.000 0.011 0.003 0.009 0.042 0.621 
 267 K _   0.005 0.318 0.001 0.013 0.004 0.010 0.041 0.608 
 268 C _   0.005 0.332 0.001 0.018 0.005 0.011 0.040 0.588 
 269 R _   0.006 0.350 0.001 0.023 0.007 0.012 0.039 0.563 
 270 A _   0.006 0.367 0.001 0.030 0.008 0.013 0.037 0.539 
 271 C _   0.006 0.379 0.001 0.035 0.009 0.013 0.037 0.521 
 272 A _   0.006 0.386 0.001 0.039 0.009 0.013 0.036 0.511 
 273 Q _   0.006 0.387 0.001 0.041 0.009 0.012 0.036 0.508 
 274 G _   0.006 0.382 0.001 0.040 0.009 0.012 0.037 0.514 
 275 T _   0.006 0.369 0.001 0.038 0.009 0.012 0.038 0.528 
 276 F _   0.006 0.348 0.001 0.035 0.008 0.011 0.039 0.551 
 277 K _   0.006 0.317 0.001 0.031 0.008 0.011 0.041 0.584 
 278 P _   0.007 0.279 0.001 0.027 0.007 0.011 0.044 0.624 
 279 L _   0.007 0.239 0.001 0.024 0.007 0.011 0.047 0.665 
 280 S _   0.007 0.201 0.001 0.021 0.006 0.011 0.050 0.704 
 281 G _   0.007 0.168 0.001 0.019 0.005 0.010 0.053 0.737 
 282 E _   0.006 0.142 0.001 0.017 0.004 0.010 0.055 0.764 
 283 G _   0.006 0.121 0.001 0.016 0.004 0.010 0.058 0.786 
 284 S _   0.006 0.103 0.001 0.014 0.004 0.009 0.059 0.805 
 285 C _   0.005 0.088 0.000 0.012 0.003 0.009 0.061 0.821 
 286 Q _   0.005 0.076 0.000 0.011 0.003 0.008 0.062 0.835 
 287 P _   0.004 0.067 0.000 0.009 0.002 0.008 0.062 0.847 
 288 C _   0.004 0.061 0.000 0.007 0.002 0.008 0.063 0.855 
 289 P _   0.004 0.057 0.000 0.006 0.002 0.009 0.063 0.859 
 290 A _   0.005 0.056 0.000 0.006 0.002 0.010 0.062 0.860 
 291 N _   0.006 0.056 0.000 0.006 0.003 0.013 0.061 0.855 
 292 S _   0.008 0.060 0.000 0.007 0.004 0.017 0.060 0.844 
 293 H _   0.012 0.070 0.001 0.009 0.006 0.022 0.058 0.821 
 294 S _   0.018 0.090 0.001 0.014 0.011 0.030 0.056 0.780 
 295 N _   0.025 0.128 0.002 0.020 0.019 0.039 0.052 0.716 
 296 T _   0.033 0.190 0.002 0.027 0.029 0.047 0.048 0.624 
 297 I _   0.039 0.271 0.003 0.034 0.038 0.052 0.044 0.519 
 298 G _   0.042 0.355 0.003 0.039 0.045 0.055 0.040 0.421 
 299 S E   0.044 0.426 0.003 0.043 0.047 0.055 0.037 0.344 
 300 A E   0.045 0.479 0.003 0.046 0.048 0.053 0.035 0.291 
 301 V E   0.045 0.514 0.002 0.048 0.047 0.050 0.035 0.258 
 302 C E   0.045 0.534 0.002 0.049 0.045 0.047 0.034 0.242 
 303 Q E   0.045 0.543 0.002 0.050 0.042 0.044 0.035 0.239 
 304 C E   0.043 0.542 0.002 0.051 0.038 0.041 0.036 0.247 
 305 R E   0.041 0.533 0.002 0.050 0.034 0.037 0.038 0.264 
 306 V E   0.039 0.513 0.002 0.048 0.030 0.033 0.040 0.294 
 307 G E   0.036 0.476 0.002 0.045 0.026 0.030 0.044 0.341 
 308 Y E   0.033 0.418 0.002 0.040 0.022 0.027 0.048 0.409 
 309 F _   0.030 0.342 0.002 0.035 0.018 0.024 0.054 0.494 
 310 R _   0.027 0.259 0.002 0.028 0.014 0.021 0.060 0.588 
 311 A _   0.023 0.185 0.001 0.021 0.010 0.018 0.066 0.675 
 312 R _   0.019 0.128 0.001 0.015 0.007 0.015 0.071 0.744 
 313 T _   0.015 0.091 0.001 0.010 0.005 0.013 0.074 0.791 
 314 D _   0.011 0.072 0.000 0.007 0.003 0.010 0.076 0.819 
 315 P _   0.009 0.063 0.000 0.006 0.002 0.009 0.077 0.833 
 316 R _   0.008 0.058 0.000 0.005 0.002 0.008 0.078 0.840 
 317 G _   0.007 0.057 0.000 0.005 0.002 0.008 0.078 0.842 
 318 A _   0.007 0.058 0.000 0.006 0.002 0.008 0.078 0.842 
 319 P _   0.006 0.060 0.000 0.007 0.002 0.008 0.077 0.839 
 320 C _   0.006 0.065 0.000 0.008 0.003 0.009 0.075 0.834 
 321 T _   0.006 0.072 0.000 0.009 0.003 0.009 0.073 0.826 
 322 T _   0.006 0.083 0.000 0.011 0.004 0.010 0.071 0.815 
 323 P _   0.006 0.098 0.001 0.013 0.004 0.011 0.068 0.799 
 324 P _   0.006 0.117 0.001 0.016 0.005 0.012 0.065 0.778 
 325 S _   0.006 0.143 0.001 0.019 0.007 0.013 0.062 0.750 
 326 A _   0.007 0.173 0.001 0.023 0.008 0.014 0.058 0.717 
 327 P _   0.007 0.205 0.001 0.027 0.009 0.015 0.054 0.683 
 328 R _   0.006 0.235 0.001 0.031 0.009 0.015 0.051 0.652 
 329 S _   0.006 0.259 0.001 0.034 0.010 0.014 0.049 0.627 
 330 V _   0.006 0.276 0.001 0.035 0.009 0.014 0.047 0.611 
 331 V _   0.006 0.288 0.001 0.035 0.009 0.014 0.045 0.603 
 332 S _   0.006 0.294 0.001 0.033 0.008 0.013 0.044 0.601 
 333 R _   0.006 0.295 0.001 0.031 0.008 0.012 0.043 0.605 
 334 L _   0.006 0.293 0.001 0.027 0.007 0.012 0.043 0.612 
 335 N _   0.006 0.289 0.001 0.024 0.006 0.011 0.043 0.621 
 336 G _   0.006 0.283 0.001 0.021 0.006 0.011 0.043 0.630 
 337 S _   0.006 0.276 0.001 0.020 0.005 0.011 0.043 0.639 
 338 S _   0.006 0.270 0.001 0.019 0.005 0.011 0.043 0.646 
 339 L _   0.007 0.263 0.001 0.019 0.005 0.011 0.043 0.652 
 340 H _   0.007 0.256 0.001 0.019 0.005 0.011 0.044 0.659 
 341 L _   0.007 0.247 0.001 0.019 0.005 0.010 0.044 0.666 
 342 E _   0.007 0.238 0.001 0.019 0.005 0.010 0.045 0.675 
 343 W _   0.007 0.227 0.001 0.018 0.005 0.010 0.046 0.687 
 344 S _   0.007 0.213 0.001 0.017 0.005 0.009 0.047 0.702 
 345 A _   0.007 0.198 0.001 0.014 0.004 0.009 0.048 0.720 
 346 P _   0.007 0.182 0.000 0.012 0.004 0.008 0.048 0.739 
 347 L _   0.006 0.168 0.000 0.009 0.003 0.008 0.049 0.756 
 348 E _   0.006 0.158 0.000 0.008 0.003 0.008 0.050 0.768 
 349 S _   0.006 0.152 0.000 0.006 0.002 0.008 0.050 0.777 
 350 G _   0.005 0.149 0.000 0.006 0.002 0.008 0.049 0.780 
 351 G _   0.006 0.150 0.000 0.007 0.003 0.009 0.049 0.777 
 352 R _   0.006 0.155 0.000 0.008 0.003 0.010 0.048 0.769 
 353 E _   0.007 0.165 0.001 0.012 0.004 0.011 0.047 0.754 
 354 D _   0.007 0.180 0.001 0.016 0.006 0.013 0.046 0.732 
 355 L _   0.008 0.198 0.001 0.021 0.007 0.014 0.044 0.708 
 356 T _   0.008 0.215 0.001 0.026 0.008 0.014 0.043 0.686 
 357 Y _   0.008 0.228 0.001 0.030 0.008 0.015 0.041 0.669 
 358 A _   0.008 0.237 0.001 0.032 0.009 0.014 0.040 0.659 
 359 L _   0.007 0.241 0.001 0.033 0.009 0.014 0.040 0.656 
 360 R _   0.007 0.240 0.001 0.031 0.008 0.013 0.040 0.659 
 361 C _   0.007 0.236 0.001 0.028 0.007 0.013 0.040 0.669 
 362 R _   0.007 0.228 0.001 0.024 0.007 0.012 0.040 0.682 
 363 E _   0.006 0.219 0.001 0.020 0.006 0.011 0.040 0.697 
 364 C _   0.006 0.209 0.001 0.016 0.005 0.011 0.041 0.712 
 365 R _   0.006 0.200 0.001 0.014 0.004 0.010 0.041 0.723 
 366 P _   0.006 0.194 0.000 0.013 0.004 0.010 0.041 0.730 
 367 G _   0.006 0.190 0.001 0.014 0.004 0.010 0.042 0.732 
 368 G _   0.007 0.189 0.001 0.016 0.005 0.011 0.042 0.731 
 369 S _   0.007 0.187 0.001 0.019 0.005 0.011 0.042 0.728 
 370 C _   0.007 0.186 0.001 0.022 0.006 0.011 0.042 0.725 
 371 A _   0.007 0.184 0.001 0.025 0.006 0.012 0.042 0.723 
 372 P _   0.007 0.179 0.001 0.027 0.007 0.011 0.043 0.725 
 373 C _   0.007 0.171 0.001 0.028 0.007 0.011 0.044 0.731 
 374 G _   0.007 0.160 0.001 0.027 0.007 0.011 0.045 0.742 
 375 G _   0.007 0.144 0.001 0.025 0.006 0.010 0.046 0.761 
 376 D _   0.007 0.123 0.001 0.021 0.005 0.010 0.048 0.785 
 377 L _   0.007 0.098 0.001 0.017 0.005 0.009 0.050 0.813 
 378 T _   0.007 0.074 0.001 0.013 0.004 0.008 0.052 0.842 
 379 F _   0.006 0.055 0.000 0.009 0.003 0.007 0.053 0.867 
 380 D _   0.005 0.042 0.000 0.006 0.002 0.007 0.054 0.884 
 381 P _   0.005 0.035 0.000 0.005 0.002 0.007 0.054 0.893 
 382 G _   0.005 0.032 0.000 0.004 0.002 0.007 0.054 0.896 
 383 P _   0.005 0.032 0.000 0.004 0.002 0.009 0.053 0.894 
 384 R _   0.006 0.035 0.000 0.006 0.003 0.011 0.052 0.886 
 385 D _   0.008 0.043 0.001 0.010 0.005 0.015 0.050 0.868 
 386 L _   0.010 0.059 0.001 0.017 0.007 0.019 0.048 0.839 
 387 V _   0.011 0.083 0.001 0.027 0.011 0.023 0.045 0.798 
 388 E _   0.012 0.110 0.001 0.038 0.015 0.027 0.042 0.755 
 389 P _   0.013 0.132 0.001 0.049 0.017 0.029 0.040 0.720 
 390 W _   0.013 0.146 0.001 0.056 0.019 0.030 0.038 0.696 
 391 V _   0.014 0.153 0.001 0.059 0.020 0.031 0.036 0.686 
 392 V _   0.014 0.154 0.001 0.058 0.020 0.031 0.035 0.687 
 393 V _   0.014 0.149 0.001 0.052 0.019 0.030 0.035 0.699 
 394 R _   0.015 0.139 0.001 0.043 0.017 0.029 0.035 0.721 
 395 G _   0.015 0.123 0.001 0.032 0.014 0.028 0.035 0.751 
 396 L _   0.016 0.103 0.001 0.023 0.012 0.028 0.035 0.782 
 397 R _   0.017 0.085 0.001 0.015 0.010 0.028 0.035 0.809 
 398 P _   0.018 0.073 0.001 0.010 0.008 0.028 0.035 0.826 
 399 D _   0.020 0.067 0.001 0.008 0.008 0.030 0.035 0.832 
 400 F _   0.023 0.066 0.001 0.008 0.009 0.032 0.034 0.828 
 401 T _   0.027 0.068 0.001 0.009 0.011 0.034 0.034 0.817 
 402 Y _   0.031 0.074 0.001 0.013 0.014 0.037 0.033 0.797 
 403 T _   0.034 0.085 0.001 0.018 0.018 0.040 0.032 0.771 
 404 F _   0.037 0.097 0.002 0.025 0.022 0.041 0.031 0.745 
 405 E _   0.038 0.108 0.002 0.031 0.024 0.042 0.031 0.724 
 406 V _   0.039 0.116 0.002 0.035 0.025 0.041 0.031 0.711 
 407 T _   0.038 0.120 0.002 0.036 0.025 0.040 0.031 0.708 
 408 A _   0.037 0.121 0.002 0.036 0.024 0.038 0.031 0.713 
 409 L _   0.035 0.118 0.002 0.032 0.022 0.035 0.031 0.726 
 410 N _   0.032 0.112 0.001 0.028 0.019 0.033 0.031 0.743 
 411 G _   0.030 0.104 0.001 0.024 0.017 0.030 0.032 0.761 
 412 V _   0.028 0.095 0.001 0.020 0.014 0.028 0.033 0.781 
 413 S _   0.026 0.086 0.001 0.017 0.012 0.026 0.033 0.799 
 414 S _   0.024 0.077 0.001 0.015 0.010 0.024 0.034 0.814 
 415 L _   0.022 0.071 0.001 0.014 0.009 0.022 0.035 0.826 
 416 A _   0.020 0.066 0.001 0.013 0.008 0.021 0.035 0.835 
 417 T _   0.019 0.062 0.001 0.013 0.008 0.020 0.036 0.842 
 418 G _   0.017 0.059 0.001 0.013 0.007 0.019 0.036 0.847 
 419 P _   0.016 0.057 0.001 0.013 0.007 0.018 0.037 0.851 
 420 V _   0.015 0.055 0.001 0.014 0.007 0.017 0.037 0.854 
 421 P _   0.015 0.053 0.001 0.014 0.007 0.016 0.038 0.857 
 422 F _   0.014 0.051 0.001 0.015 0.007 0.015 0.039 0.859 
 423 E _   0.013 0.049 0.001 0.015 0.007 0.015 0.039 0.862 
 424 P _   0.012 0.047 0.001 0.014 0.006 0.014 0.040 0.866 
 425 V _   0.012 0.045 0.001 0.014 0.006 0.013 0.041 0.869 
 426 N _   0.011 0.042 0.001 0.013 0.006 0.012 0.041 0.873 
 427 V _   0.010 0.040 0.001 0.013 0.005 0.012 0.042 0.878 
 428 T _   0.009 0.038 0.001 0.011 0.005 0.011 0.043 0.882 
 429 T _   0.009 0.036 0.001 0.010 0.004 0.011 0.043 0.886 
 430 D _   0.008 0.035 0.000 0.009 0.004 0.010 0.044 0.889 
 431 R _   0.008 0.035 0.000 0.008 0.004 0.010 0.044 0.890 
 432 E _   0.008 0.035 0.000 0.008 0.004 0.010 0.044 0.890 
 433 V _   0.008 0.037 0.000 0.009 0.004 0.011 0.044 0.887 
 434 P _   0.008 0.040 0.001 0.010 0.004 0.011 0.044 0.882 
 435 P _   0.009 0.045 0.001 0.012 0.005 0.012 0.044 0.872 
 436 A _   0.009 0.051 0.001 0.015 0.006 0.013 0.044 0.860 
 437 V _   0.009 0.058 0.001 0.019 0.007 0.014 0.044 0.847 
 438 S _   0.010 0.065 0.001 0.023 0.008 0.015 0.044 0.834 
 439 D _   0.010 0.070 0.001 0.026 0.009 0.015 0.044 0.825 
 440 I _   0.010 0.073 0.001 0.027 0.009 0.015 0.044 0.821 
 441 R _   0.009 0.074 0.001 0.026 0.008 0.015 0.045 0.823 
 442 V _   0.009 0.073 0.001 0.023 0.007 0.014 0.045 0.829 
 443 T _   0.008 0.071 0.001 0.018 0.006 0.013 0.046 0.837 
 444 R _   0.008 0.068 0.001 0.014 0.005 0.012 0.046 0.847 
 445 S _   0.007 0.065 0.000 0.010 0.004 0.012 0.047 0.855 
 446 S _   0.007 0.064 0.000 0.008 0.004 0.012 0.047 0.859 
 447 P _   0.008 0.065 0.000 0.008 0.004 0.013 0.047 0.856 
 448 S _   0.009 0.069 0.000 0.009 0.005 0.014 0.047 0.848 
 449 S _   0.010 0.078 0.001 0.012 0.006 0.016 0.046 0.830 
 450 L _   0.012 0.094 0.001 0.017 0.009 0.019 0.046 0.802 
 451 S _   0.013 0.115 0.001 0.025 0.012 0.021 0.045 0.767 
 452 L _   0.014 0.138 0.001 0.034 0.014 0.022 0.045 0.732 
 453 A _   0.015 0.156 0.001 0.041 0.015 0.023 0.044 0.705 
 454 W _   0.015 0.167 0.001 0.045 0.016 0.023 0.045 0.689 
 455 A _   0.014 0.172 0.001 0.046 0.015 0.022 0.045 0.683 
 456 V _   0.014 0.172 0.001 0.043 0.014 0.021 0.046 0.687 
 457 P _   0.014 0.168 0.001 0.039 0.013 0.020 0.048 0.698 
 458 R _   0.013 0.160 0.001 0.033 0.011 0.018 0.050 0.714 
 459 A _   0.013 0.148 0.001 0.027 0.010 0.017 0.052 0.732 
 460 P _   0.013 0.135 0.001 0.023 0.008 0.015 0.054 0.751 
 461 S _   0.012 0.122 0.001 0.020 0.007 0.014 0.057 0.767 
 462 G _   0.012 0.110 0.001 0.018 0.006 0.014 0.059 0.781 
 463 A _   0.011 0.100 0.001 0.017 0.006 0.013 0.062 0.791 
 464 V _   0.011 0.091 0.001 0.016 0.005 0.012 0.064 0.800 
 465 L _   0.011 0.083 0.001 0.016 0.005 0.011 0.066 0.807 
 466 D _   0.010 0.075 0.001 0.015 0.004 0.011 0.069 0.816 
 467 Y _   0.010 0.067 0.001 0.014 0.004 0.010 0.070 0.825 
 468 E _   0.009 0.059 0.000 0.012 0.003 0.009 0.072 0.835 
 469 V _   0.008 0.052 0.000 0.010 0.003 0.008 0.074 0.844 
 470 K _   0.007 0.046 0.000 0.008 0.003 0.007 0.075 0.853 
 471 Y _   0.007 0.041 0.000 0.007 0.002 0.007 0.076 0.861 
 472 H _   0.006 0.038 0.000 0.006 0.002 0.006 0.076 0.866 
 473 E _   0.005 0.037 0.000 0.005 0.002 0.006 0.076 0.869 
 474 K _   0.005 0.037 0.000 0.005 0.002 0.006 0.075 0.870 
 475 G _   0.005 0.039 0.000 0.005 0.002 0.007 0.074 0.868 
 476 A _   0.005 0.044 0.000 0.006 0.002 0.007 0.073 0.862 
 477 E _   0.006 0.053 0.000 0.009 0.003 0.008 0.070 0.851 
 478 G _   0.006 0.067 0.001 0.012 0.004 0.010 0.068 0.833 
 479 P _   0.006 0.087 0.001 0.016 0.005 0.011 0.065 0.810 
 480 S _   0.006 0.110 0.001 0.020 0.006 0.012 0.062 0.784 
 481 S _   0.006 0.132 0.001 0.024 0.006 0.012 0.059 0.760 
 482 V _   0.006 0.151 0.001 0.026 0.007 0.012 0.056 0.741 
 483 R _   0.006 0.165 0.001 0.027 0.007 0.012 0.054 0.729 
 484 F _   0.006 0.174 0.001 0.026 0.006 0.011 0.053 0.723 
 485 L _   0.005 0.180 0.001 0.024 0.006 0.011 0.051 0.723 
 486 K _   0.005 0.183 0.001 0.021 0.005 0.010 0.050 0.725 
 487 T _   0.005 0.185 0.001 0.018 0.004 0.009 0.049 0.730 
 488 S _   0.005 0.186 0.000 0.015 0.004 0.009 0.049 0.733 
 489 E _   0.005 0.187 0.000 0.013 0.003 0.009 0.048 0.735 
 490 N _   0.005 0.190 0.000 0.012 0.003 0.009 0.047 0.734 
 491 R _   0.005 0.194 0.000 0.012 0.003 0.009 0.046 0.731 
 492 A _   0.005 0.200 0.000 0.012 0.004 0.009 0.045 0.725 
 493 E _   0.005 0.208 0.000 0.013 0.004 0.009 0.043 0.717 
 494 L _   0.005 0.217 0.001 0.014 0.004 0.010 0.042 0.707 
 495 R _   0.006 0.227 0.001 0.014 0.005 0.010 0.041 0.697 
 496 G _   0.006 0.237 0.001 0.015 0.005 0.011 0.039 0.687 
 497 L _   0.006 0.247 0.001 0.016 0.005 0.011 0.038 0.676 
 498 K _   0.006 0.256 0.001 0.016 0.006 0.012 0.037 0.666 
 499 R _   0.006 0.266 0.001 0.017 0.006 0.012 0.036 0.656 
 500 G _   0.007 0.275 0.001 0.019 0.007 0.013 0.035 0.645 
 501 A _   0.007 0.283 0.001 0.020 0.007 0.013 0.034 0.634 
 502 S _   0.008 0.290 0.001 0.022 0.008 0.014 0.034 0.625 
 503 Y _   0.008 0.296 0.001 0.024 0.008 0.014 0.033 0.616 
 504 L _   0.008 0.300 0.001 0.025 0.008 0.014 0.033 0.610 
 505 V _   0.009 0.301 0.001 0.026 0.008 0.014 0.033 0.608 
 506 Q _   0.009 0.300 0.001 0.026 0.008 0.013 0.034 0.610 
 507 V _   0.009 0.295 0.001 0.025 0.008 0.013 0.034 0.616 
 508 R _   0.009 0.287 0.001 0.024 0.007 0.012 0.035 0.625 
 509 A _   0.008 0.275 0.001 0.023 0.007 0.012 0.036 0.638 
 510 R _   0.008 0.260 0.001 0.021 0.007 0.012 0.037 0.654 
 511 S _   0.008 0.243 0.001 0.020 0.006 0.011 0.038 0.672 
 512 E _   0.008 0.225 0.001 0.019 0.006 0.011 0.040 0.691 
 513 A _   0.008 0.206 0.001 0.018 0.006 0.011 0.041 0.709 
 514 G _   0.008 0.189 0.001 0.017 0.005 0.011 0.043 0.726 
 515 Y _   0.008 0.172 0.001 0.017 0.005 0.011 0.045 0.741 
 516 G _   0.008 0.155 0.001 0.017 0.005 0.011 0.047 0.756 
 517 P _   0.009 0.139 0.001 0.017 0.005 0.010 0.049 0.771 
 518 F _   0.009 0.121 0.001 0.017 0.005 0.010 0.051 0.787 
 519 G _   0.008 0.103 0.001 0.017 0.005 0.010 0.053 0.804 
 520 Q _   0.008 0.084 0.001 0.016 0.004 0.009 0.055 0.822 
 521 E _   0.008 0.066 0.001 0.014 0.004 0.009 0.057 0.842 
 522 H _   0.007 0.048 0.000 0.012 0.003 0.008 0.059 0.861 
 523 H _   0.007 0.033 0.000 0.010 0.003 0.007 0.061 0.879 
 524 S _   0.006 0.021 0.000 0.008 0.002 0.006 0.062 0.894 
 525 Q _   0.006 0.013 0.000 0.006 0.002 0.006 0.062 0.906 
 526 T _   0.005 0.007 0.000 0.005 0.002 0.005 0.062 0.914 
 527 Q _   0.006 0.003 0.000 0.004 0.001 0.004 0.062 0.920 
 528 L _   0.007 0.002 0.000 0.003 0.001 0.004 0.060 0.923 
 529 D _   0.009 0.001 0.000 0.002 0.001 0.004 0.059 0.924 
 530 E _   0.015 0.000 0.000 0.002 0.001 0.004 0.057 0.920 
 531 S _   0.028 0.000 0.000 0.002 0.002 0.005 0.054 0.910 
 532 E _   0.051 0.000 0.000 0.001 0.002 0.006 0.051 0.888 
 533 G _   0.091 0.000 0.000 0.001 0.003 0.007 0.047 0.851 
 534 W _   0.147 0.000 0.001 0.001 0.004 0.007 0.042 0.799 
 535 R _   0.216 0.000 0.001 0.001 0.004 0.008 0.038 0.732 
 536 E _   0.293 0.000 0.001 0.001 0.005 0.007 0.034 0.659 
 537 Q _   0.372 0.000 0.001 0.000 0.005 0.007 0.031 0.583 
 538 L _   0.451 0.000 0.001 0.000 0.005 0.006 0.029 0.507 
 539 A H   0.528 0.000 0.001 0.000 0.005 0.005 0.028 0.434 
 540 L H   0.599 0.000 0.001 0.000 0.005 0.004 0.026 0.364 
 541 I H   0.667 0.000 0.001 0.000 0.004 0.004 0.025 0.298 
 542 A H   0.725 0.000 0.001 0.000 0.004 0.003 0.024 0.243 
 543 G H   0.776 0.000 0.001 0.000 0.004 0.003 0.023 0.193 
 544 T H   0.819 0.000 0.001 0.000 0.004 0.002 0.022 0.151 
 545 A H   0.855 0.000 0.001 0.000 0.003 0.002 0.021 0.117 
 546 V H   0.887 0.000 0.001 0.000 0.003 0.002 0.020 0.087 
 547 V H   0.913 0.000 0.001 0.000 0.003 0.002 0.018 0.063 
 548 G H   0.932 0.000 0.001 0.000 0.003 0.002 0.016 0.045 
 549 V H   0.947 0.000 0.001 0.000 0.004 0.002 0.014 0.033 
 550 V H   0.956 0.000 0.001 0.000 0.004 0.002 0.013 0.024 
 551 L H   0.961 0.000 0.001 0.000 0.005 0.002 0.011 0.020 
 552 V H   0.962 0.000 0.001 0.000 0.005 0.002 0.010 0.020 
 553 L H   0.960 0.000 0.001 0.000 0.006 0.002 0.009 0.022 
 554 V H   0.954 0.000 0.001 0.000 0.007 0.002 0.009 0.027 
 555 V H   0.943 0.000 0.001 0.000 0.008 0.002 0.008 0.037 
 556 I H   0.926 0.000 0.001 0.000 0.009 0.003 0.008 0.053 
 557 V H   0.901 0.000 0.001 0.000 0.009 0.003 0.009 0.077 
 558 V H   0.867 0.000 0.001 0.000 0.010 0.004 0.009 0.109 
 559 A H   0.819 0.000 0.001 0.001 0.011 0.004 0.011 0.154 
 560 V H   0.754 0.000 0.001 0.001 0.011 0.005 0.013 0.215 
 561 L H   0.669 0.000 0.001 0.001 0.011 0.006 0.018 0.294 
 562 C H   0.565 0.000 0.001 0.001 0.010 0.007 0.024 0.392 
 563 L _   0.447 0.000 0.001 0.002 0.008 0.007 0.033 0.502 
 564 R _   0.332 0.000 0.001 0.002 0.006 0.007 0.044 0.609 
 565 K _   0.230 0.000 0.001 0.002 0.005 0.007 0.054 0.702 
 566 Q _   0.148 0.000 0.001 0.002 0.003 0.006 0.063 0.777 
 567 S _   0.091 0.000 0.000 0.003 0.003 0.006 0.070 0.829 
 568 N _   0.054 0.000 0.000 0.003 0.002 0.005 0.075 0.861 
 569 G _   0.032 0.000 0.000 0.003 0.002 0.005 0.078 0.880 
 570 R _   0.020 0.001 0.000 0.003 0.001 0.005 0.081 0.890 
 571 E _   0.013 0.001 0.000 0.003 0.001 0.005 0.082 0.895 
 572 A _   0.009 0.002 0.000 0.003 0.001 0.005 0.083 0.896 
 573 E _   0.007 0.004 0.000 0.004 0.001 0.006 0.083 0.895 
 574 Y _   0.006 0.008 0.000 0.005 0.002 0.007 0.082 0.890 
 575 S _   0.006 0.015 0.000 0.007 0.002 0.008 0.080 0.881 
 576 D _   0.006 0.029 0.000 0.010 0.003 0.010 0.078 0.862 
 577 K _   0.007 0.052 0.001 0.015 0.005 0.013 0.074 0.834 
 578 H _   0.007 0.086 0.001 0.021 0.007 0.015 0.070 0.792 
 579 G _   0.008 0.129 0.001 0.028 0.009 0.018 0.066 0.741 
 580 Q _   0.008 0.175 0.001 0.035 0.011 0.019 0.062 0.689 
 581 Y _   0.008 0.217 0.001 0.041 0.012 0.020 0.058 0.642 
 582 L _   0.008 0.249 0.001 0.047 0.013 0.021 0.055 0.605 
 583 I _   0.008 0.272 0.001 0.051 0.014 0.021 0.053 0.579 
 584 G _   0.009 0.286 0.001 0.054 0.015 0.021 0.052 0.563 
 585 H _   0.009 0.293 0.001 0.055 0.015 0.021 0.051 0.556 
 586 G _   0.009 0.294 0.001 0.054 0.015 0.020 0.050 0.556 
 587 T _   0.010 0.289 0.001 0.052 0.014 0.019 0.051 0.563 
 588 K _   0.010 0.279 0.001 0.049 0.014 0.019 0.052 0.577 
 589 V _   0.011 0.262 0.001 0.045 0.013 0.018 0.053 0.598 
 590 Y _   0.011 0.236 0.001 0.040 0.011 0.016 0.055 0.628 
 591 I _   0.011 0.202 0.001 0.034 0.010 0.015 0.058 0.668 
 592 D _   0.011 0.162 0.001 0.028 0.009 0.014 0.061 0.714 
 593 P _   0.011 0.121 0.001 0.022 0.007 0.012 0.064 0.763 
 594 F _   0.010 0.083 0.001 0.016 0.005 0.011 0.066 0.808 
 595 T _   0.009 0.053 0.001 0.011 0.004 0.009 0.068 0.846 
 596 Y _   0.007 0.035 0.000 0.007 0.003 0.008 0.069 0.870 
 597 E _   0.006 0.025 0.000 0.005 0.002 0.008 0.069 0.884 
 598 D _   0.005 0.021 0.000 0.004 0.002 0.007 0.069 0.891 
 599 P _   0.005 0.020 0.000 0.004 0.002 0.008 0.069 0.892 
 600 N _   0.006 0.020 0.000 0.005 0.002 0.009 0.067 0.889 
 601 E _   0.007 0.023 0.000 0.008 0.003 0.011 0.066 0.881 
 602 A _   0.008 0.028 0.001 0.012 0.005 0.014 0.064 0.868 
 603 V _   0.010 0.035 0.001 0.018 0.007 0.017 0.062 0.851 
 604 R _   0.011 0.043 0.001 0.024 0.009 0.019 0.060 0.834 
 605 E _   0.011 0.049 0.001 0.029 0.010 0.020 0.058 0.822 
 606 F _   0.012 0.053 0.001 0.032 0.011 0.021 0.056 0.815 
 607 A _   0.012 0.054 0.001 0.032 0.012 0.021 0.055 0.813 
 608 K _   0.013 0.053 0.001 0.029 0.012 0.021 0.054 0.817 
 609 E _   0.013 0.051 0.001 0.025 0.011 0.021 0.053 0.824 
 610 I _   0.014 0.047 0.001 0.021 0.010 0.020 0.053 0.834 
 611 D _   0.015 0.043 0.001 0.017 0.009 0.020 0.053 0.843 
 612 V _   0.016 0.038 0.001 0.014 0.008 0.020 0.052 0.852 
 613 S _   0.017 0.035 0.001 0.011 0.007 0.020 0.052 0.858 
 614 Y _   0.017 0.032 0.001 0.010 0.007 0.020 0.052 0.861 
 615 V _   0.018 0.031 0.001 0.009 0.007 0.020 0.052 0.862 
 616 K _   0.020 0.031 0.001 0.009 0.007 0.021 0.052 0.861 
 617 I _   0.021 0.031 0.001 0.009 0.007 0.021 0.051 0.857 
 618 E _   0.022 0.033 0.001 0.010 0.008 0.022 0.051 0.852 
 619 E _   0.023 0.036 0.001 0.011 0.009 0.023 0.051 0.846 
 620 V _   0.024 0.040 0.001 0.013 0.010 0.024 0.050 0.838 
 621 I _   0.024 0.045 0.001 0.015 0.011 0.025 0.050 0.829 
 622 G _   0.024 0.051 0.001 0.018 0.012 0.026 0.049 0.818 
 623 A _   0.024 0.057 0.001 0.021 0.013 0.026 0.049 0.808 
 624 G _   0.024 0.063 0.001 0.025 0.014 0.026 0.048 0.798 
 625 E _   0.024 0.068 0.001 0.029 0.014 0.025 0.048 0.791 
 626 F _   0.023 0.071 0.001 0.031 0.014 0.024 0.049 0.788 
 627 G _   0.021 0.071 0.001 0.032 0.013 0.023 0.049 0.789 
 628 E _   0.020 0.070 0.001 0.031 0.012 0.021 0.050 0.795 
 629 V _   0.018 0.067 0.001 0.029 0.010 0.019 0.051 0.805 
 630 C _   0.016 0.061 0.001 0.026 0.009 0.016 0.052 0.818 
 631 R _   0.014 0.054 0.001 0.021 0.007 0.014 0.054 0.835 
 632 G _   0.012 0.045 0.001 0.017 0.005 0.012 0.055 0.853 
 633 R _   0.011 0.036 0.001 0.012 0.004 0.010 0.056 0.870 
 634 L _   0.009 0.029 0.000 0.008 0.003 0.009 0.057 0.885 
 635 K _   0.008 0.024 0.000 0.006 0.002 0.008 0.057 0.895 
 636 A _   0.007 0.021 0.000 0.004 0.002 0.007 0.057 0.902 
 637 P _   0.006 0.020 0.000 0.004 0.002 0.007 0.057 0.905 
 638 G _   0.006 0.021 0.000 0.004 0.002 0.008 0.056 0.903 
 639 K _   0.007 0.025 0.000 0.005 0.003 0.010 0.054 0.896 
 640 K _   0.008 0.035 0.000 0.008 0.004 0.012 0.052 0.879 
 641 E _   0.010 0.056 0.001 0.014 0.006 0.015 0.050 0.848 
 642 S _   0.011 0.091 0.001 0.022 0.010 0.018 0.046 0.801 
 643 C _   0.012 0.135 0.001 0.032 0.012 0.020 0.042 0.745 
 644 V _   0.012 0.178 0.001 0.041 0.014 0.021 0.039 0.694 
 645 A _   0.011 0.209 0.001 0.048 0.015 0.022 0.036 0.657 
 646 I _   0.011 0.228 0.001 0.053 0.015 0.022 0.035 0.635 
 647 K _   0.011 0.237 0.001 0.054 0.015 0.021 0.033 0.627 
 648 T _   0.011 0.239 0.001 0.051 0.014 0.020 0.033 0.631 
 649 L _   0.010 0.235 0.001 0.046 0.013 0.019 0.032 0.644 
 650 K _   0.010 0.224 0.001 0.039 0.011 0.018 0.032 0.664 
 651 G _   0.010 0.207 0.001 0.032 0.010 0.016 0.032 0.691 
 652 G _   0.010 0.186 0.001 0.024 0.008 0.015 0.033 0.723 
 653 Y _   0.010 0.163 0.001 0.018 0.007 0.015 0.033 0.754 
 654 T _   0.010 0.143 0.001 0.013 0.005 0.014 0.034 0.781 
 655 E _   0.009 0.128 0.001 0.010 0.004 0.014 0.034 0.799 
 656 R _   0.009 0.120 0.000 0.008 0.004 0.014 0.034 0.810 
 657 Q _   0.009 0.115 0.000 0.008 0.004 0.015 0.033 0.815 
 658 R _   0.010 0.114 0.000 0.008 0.004 0.016 0.033 0.814 
 659 R _   0.011 0.116 0.001 0.010 0.005 0.018 0.032 0.808 
 660 E _   0.012 0.121 0.001 0.013 0.007 0.020 0.031 0.795 
 661 F _   0.013 0.130 0.001 0.017 0.009 0.022 0.030 0.778 
 662 L _   0.015 0.139 0.001 0.024 0.012 0.024 0.029 0.757 
 663 S _   0.016 0.148 0.001 0.031 0.015 0.026 0.027 0.737 
