#TopoPred_TM8: 8-state transmembrane topology prediction results by no_profile mode 
#probabilities are in the order of H E C I L F X _, the 8 transmembrane topology types used in PDBTM 
   1 M _   0.026 0.001 0.003 0.049 0.012 0.013 0.369 0.527 
   2 A _   0.008 0.000 0.000 0.022 0.002 0.006 0.375 0.586 
   3 K _   0.004 0.000 0.000 0.008 0.001 0.003 0.371 0.612 
   4 A _   0.009 0.000 0.000 0.005 0.001 0.004 0.359 0.621 
   5 T _   0.034 0.000 0.000 0.004 0.003 0.008 0.334 0.616 
   6 S _   0.107 0.000 0.001 0.004 0.006 0.014 0.289 0.580 
   7 G _   0.223 0.000 0.001 0.003 0.009 0.020 0.235 0.509 
   8 A _   0.368 0.000 0.001 0.003 0.012 0.023 0.176 0.418 
   9 A H   0.510 0.000 0.002 0.002 0.014 0.024 0.122 0.326 
  10 G H   0.625 0.000 0.002 0.002 0.017 0.023 0.080 0.250 
  11 L H   0.714 0.000 0.002 0.002 0.020 0.021 0.051 0.190 
  12 R H   0.784 0.000 0.002 0.001 0.020 0.018 0.032 0.143 
  13 L H   0.833 0.000 0.001 0.001 0.019 0.015 0.022 0.110 
  14 L H   0.867 0.000 0.001 0.001 0.017 0.012 0.015 0.087 
  15 L H   0.888 0.000 0.001 0.001 0.015 0.010 0.012 0.073 
  16 L H   0.900 0.000 0.001 0.000 0.014 0.008 0.009 0.067 
  17 L H   0.904 0.000 0.001 0.000 0.013 0.007 0.008 0.067 
  18 L H   0.902 0.000 0.001 0.000 0.012 0.006 0.007 0.071 
  19 L H   0.894 0.000 0.001 0.000 0.011 0.006 0.007 0.081 
  20 P H   0.879 0.000 0.001 0.000 0.011 0.006 0.006 0.096 
  21 L H   0.855 0.000 0.001 0.000 0.011 0.007 0.006 0.120 
  22 L H   0.821 0.000 0.001 0.001 0.011 0.007 0.007 0.152 
  23 G H   0.781 0.000 0.001 0.001 0.011 0.008 0.007 0.191 
  24 K H   0.730 0.000 0.001 0.001 0.012 0.010 0.008 0.238 
  25 V H   0.672 0.000 0.001 0.001 0.013 0.011 0.010 0.292 
  26 A H   0.601 0.000 0.001 0.002 0.013 0.012 0.012 0.358 
  27 L H   0.522 0.000 0.001 0.003 0.013 0.014 0.014 0.433 
  28 G _   0.437 0.000 0.001 0.004 0.012 0.014 0.017 0.513 
  29 L _   0.352 0.000 0.001 0.005 0.011 0.015 0.021 0.595 
  30 Y _   0.272 0.000 0.001 0.006 0.010 0.015 0.024 0.673 
  31 F _   0.203 0.000 0.001 0.006 0.008 0.014 0.026 0.742 
  32 S _   0.146 0.000 0.001 0.005 0.007 0.014 0.029 0.799 
  33 R _   0.104 0.000 0.001 0.005 0.005 0.013 0.030 0.841 
  34 D _   0.074 0.001 0.001 0.005 0.005 0.012 0.032 0.871 
  35 A _   0.052 0.001 0.001 0.005 0.004 0.012 0.033 0.892 
  36 Y _   0.037 0.002 0.000 0.006 0.004 0.012 0.034 0.905 
  37 W _   0.028 0.003 0.000 0.006 0.004 0.011 0.035 0.912 
  38 E _   0.021 0.004 0.000 0.007 0.004 0.011 0.036 0.916 
  39 K _   0.017 0.006 0.001 0.008 0.004 0.012 0.036 0.916 
  40 L _   0.015 0.009 0.001 0.009 0.004 0.012 0.036 0.915 
  41 Y _   0.013 0.012 0.001 0.010 0.004 0.012 0.036 0.912 
  42 V _   0.012 0.016 0.001 0.010 0.005 0.013 0.036 0.908 
  43 D _   0.012 0.020 0.001 0.010 0.005 0.013 0.036 0.903 
  44 Q _   0.012 0.025 0.001 0.011 0.005 0.014 0.036 0.896 
  45 A _   0.012 0.032 0.001 0.013 0.006 0.015 0.035 0.886 
  46 A _   0.013 0.041 0.001 0.015 0.007 0.017 0.035 0.872 
  47 G _   0.013 0.051 0.001 0.019 0.009 0.018 0.035 0.855 
  48 T _   0.014 0.061 0.001 0.023 0.010 0.019 0.034 0.838 
  49 P _   0.014 0.071 0.001 0.027 0.011 0.020 0.034 0.822 
  50 L _   0.015 0.079 0.001 0.031 0.012 0.020 0.034 0.809 
  51 L _   0.015 0.084 0.001 0.033 0.012 0.019 0.035 0.801 
  52 Y _   0.014 0.087 0.001 0.033 0.011 0.018 0.035 0.801 
  53 V _   0.014 0.086 0.001 0.030 0.010 0.017 0.036 0.806 
  54 H _   0.013 0.083 0.001 0.026 0.009 0.016 0.037 0.816 
  55 A _   0.012 0.079 0.001 0.021 0.007 0.014 0.038 0.828 
  56 L _   0.011 0.073 0.001 0.016 0.006 0.013 0.039 0.842 
  57 R _   0.010 0.066 0.001 0.012 0.005 0.012 0.040 0.855 
  58 D _   0.010 0.061 0.000 0.009 0.004 0.011 0.041 0.865 
  59 A _   0.009 0.058 0.000 0.007 0.003 0.011 0.041 0.870 
  60 P _   0.009 0.058 0.000 0.006 0.003 0.011 0.042 0.872 
  61 E _   0.009 0.059 0.000 0.006 0.003 0.011 0.042 0.869 
  62 E _   0.010 0.064 0.000 0.007 0.004 0.013 0.042 0.861 
  63 V _   0.011 0.072 0.001 0.009 0.005 0.014 0.041 0.848 
  64 P _   0.011 0.085 0.001 0.012 0.006 0.016 0.041 0.828 
  65 S _   0.012 0.102 0.001 0.016 0.008 0.017 0.040 0.804 
  66 F _   0.012 0.124 0.001 0.020 0.009 0.019 0.039 0.776 
  67 R _   0.012 0.146 0.001 0.025 0.011 0.020 0.038 0.747 
  68 L _   0.012 0.165 0.001 0.029 0.012 0.020 0.037 0.723 
  69 G _   0.012 0.180 0.001 0.033 0.012 0.020 0.037 0.705 
  70 Q _   0.011 0.190 0.001 0.035 0.013 0.020 0.036 0.693 
  71 H _   0.011 0.196 0.001 0.036 0.012 0.019 0.036 0.688 
  72 L _   0.011 0.198 0.001 0.036 0.012 0.018 0.037 0.689 
  73 Y _   0.010 0.196 0.001 0.033 0.011 0.017 0.037 0.694 
  74 G _   0.010 0.191 0.001 0.030 0.010 0.016 0.038 0.704 
  75 T _   0.010 0.182 0.001 0.026 0.008 0.015 0.039 0.719 
  76 Y _   0.010 0.171 0.001 0.021 0.007 0.014 0.040 0.737 
  77 R _   0.009 0.159 0.001 0.016 0.006 0.013 0.041 0.756 
  78 T _   0.009 0.147 0.001 0.013 0.005 0.012 0.042 0.772 
  79 R _   0.008 0.138 0.001 0.010 0.004 0.011 0.043 0.785 
  80 L _   0.008 0.132 0.000 0.008 0.004 0.011 0.044 0.793 
  81 H _   0.008 0.129 0.000 0.007 0.004 0.011 0.044 0.796 
  82 E _   0.008 0.130 0.000 0.008 0.004 0.012 0.045 0.794 
  83 N _   0.008 0.134 0.001 0.009 0.004 0.013 0.045 0.786 
  84 N _   0.009 0.141 0.001 0.011 0.005 0.014 0.044 0.774 
  85 W _   0.010 0.152 0.001 0.014 0.006 0.015 0.044 0.757 
  86 I _   0.010 0.165 0.001 0.018 0.008 0.017 0.044 0.738 
  87 C _   0.011 0.179 0.001 0.021 0.009 0.018 0.043 0.718 
  88 I _   0.011 0.192 0.001 0.025 0.010 0.018 0.043 0.701 
  89 Q _   0.011 0.202 0.001 0.028 0.011 0.019 0.043 0.685 
  90 E _   0.011 0.211 0.001 0.031 0.012 0.020 0.043 0.672 
  91 D _   0.012 0.216 0.001 0.033 0.012 0.020 0.043 0.663 
  92 T _   0.012 0.219 0.001 0.035 0.012 0.020 0.044 0.658 
  93 G _   0.013 0.218 0.001 0.036 0.012 0.019 0.045 0.656 
  94 L _   0.013 0.214 0.001 0.036 0.012 0.018 0.046 0.660 
  95 L _   0.013 0.205 0.001 0.035 0.011 0.017 0.048 0.669 
  96 Y _   0.013 0.192 0.001 0.033 0.010 0.016 0.050 0.686 
  97 L _   0.012 0.172 0.001 0.029 0.009 0.015 0.053 0.710 
  98 N _   0.011 0.146 0.001 0.024 0.008 0.013 0.055 0.740 
  99 R _   0.011 0.117 0.001 0.019 0.006 0.012 0.058 0.775 
 100 S _   0.010 0.089 0.001 0.015 0.005 0.011 0.061 0.809 
 101 L _   0.009 0.066 0.001 0.011 0.004 0.010 0.063 0.836 
 102 D _   0.008 0.050 0.000 0.008 0.003 0.009 0.065 0.856 
 103 H _   0.007 0.041 0.000 0.006 0.002 0.008 0.067 0.868 
 104 S _   0.006 0.035 0.000 0.006 0.002 0.008 0.067 0.875 
 105 S _   0.006 0.032 0.000 0.006 0.002 0.008 0.068 0.878 
 106 W _   0.006 0.031 0.000 0.006 0.002 0.009 0.068 0.877 
 107 E _   0.006 0.032 0.000 0.007 0.003 0.010 0.067 0.875 
 108 K _   0.006 0.033 0.000 0.008 0.003 0.011 0.067 0.871 
 109 L _   0.007 0.036 0.000 0.009 0.004 0.013 0.066 0.866 
 110 S _   0.008 0.039 0.000 0.010 0.004 0.015 0.065 0.860 
 111 V _   0.009 0.043 0.001 0.011 0.005 0.017 0.064 0.851 
 112 R _   0.011 0.048 0.001 0.012 0.006 0.020 0.063 0.840 
 113 N _   0.014 0.054 0.001 0.013 0.008 0.025 0.061 0.825 
 114 R _   0.019 0.062 0.001 0.014 0.011 0.030 0.060 0.804 
 115 G _   0.024 0.073 0.001 0.016 0.014 0.035 0.058 0.777 
 116 F _   0.031 0.086 0.001 0.019 0.019 0.041 0.057 0.745 
 117 P _   0.038 0.103 0.002 0.024 0.025 0.046 0.055 0.706 
 118 L _   0.045 0.123 0.002 0.029 0.031 0.051 0.054 0.665 
 119 L _   0.050 0.141 0.002 0.036 0.036 0.053 0.053 0.627 
 120 T _   0.054 0.158 0.002 0.042 0.039 0.054 0.053 0.598 
 121 V _   0.055 0.169 0.002 0.048 0.040 0.053 0.053 0.579 
 122 Y _   0.056 0.175 0.002 0.052 0.039 0.051 0.054 0.572 
 123 L _   0.054 0.175 0.002 0.053 0.036 0.047 0.055 0.577 
 124 K _   0.051 0.170 0.002 0.051 0.032 0.043 0.057 0.593 
 125 V _   0.047 0.159 0.002 0.045 0.027 0.038 0.060 0.622 
 126 F _   0.042 0.141 0.002 0.038 0.022 0.033 0.063 0.660 
 127 L _   0.036 0.115 0.002 0.030 0.017 0.028 0.066 0.706 
 128 S _   0.030 0.087 0.001 0.022 0.012 0.024 0.069 0.754 
 129 P _   0.025 0.061 0.001 0.016 0.009 0.020 0.072 0.797 
 130 T _   0.020 0.041 0.001 0.011 0.006 0.017 0.074 0.830 
 131 S _   0.016 0.028 0.001 0.008 0.004 0.014 0.076 0.853 
 132 L _   0.013 0.021 0.000 0.006 0.003 0.013 0.077 0.867 
 133 R _   0.011 0.017 0.000 0.004 0.002 0.012 0.078 0.875 
 134 E _   0.010 0.016 0.000 0.004 0.002 0.012 0.078 0.878 
 135 G _   0.010 0.016 0.000 0.004 0.003 0.013 0.077 0.876 
 136 E _   0.011 0.019 0.000 0.005 0.003 0.015 0.076 0.870 
 137 C _   0.014 0.024 0.001 0.006 0.005 0.019 0.075 0.857 
 138 Q _   0.017 0.037 0.001 0.009 0.008 0.024 0.073 0.832 
 139 W _   0.021 0.061 0.001 0.014 0.012 0.029 0.070 0.791 
 140 P _   0.025 0.105 0.002 0.022 0.019 0.035 0.066 0.728 
 141 G _   0.028 0.164 0.002 0.030 0.026 0.039 0.062 0.650 
 142 C _   0.029 0.230 0.003 0.038 0.031 0.042 0.058 0.569 
 143 A _   0.030 0.290 0.003 0.046 0.034 0.042 0.054 0.501 
 144 R _   0.030 0.333 0.002 0.052 0.035 0.042 0.052 0.454 
 145 V _   0.029 0.360 0.002 0.057 0.035 0.040 0.051 0.426 
 146 Y _   0.029 0.374 0.002 0.060 0.034 0.038 0.050 0.414 
 147 F _   0.028 0.378 0.002 0.060 0.031 0.036 0.050 0.415 
 148 S _   0.027 0.373 0.002 0.057 0.028 0.033 0.051 0.429 
 149 F _   0.026 0.359 0.002 0.052 0.025 0.030 0.052 0.454 
 150 F _   0.024 0.335 0.002 0.046 0.022 0.027 0.054 0.491 
 151 N _   0.023 0.298 0.002 0.039 0.018 0.024 0.056 0.540 
 152 T _   0.022 0.250 0.002 0.031 0.015 0.022 0.059 0.600 
 153 S _   0.020 0.198 0.001 0.024 0.012 0.019 0.063 0.663 
 154 F _   0.018 0.153 0.001 0.018 0.009 0.017 0.066 0.719 
 155 P _   0.015 0.118 0.001 0.013 0.006 0.015 0.068 0.763 
 156 A _   0.013 0.095 0.001 0.010 0.005 0.013 0.070 0.793 
 157 C _   0.011 0.081 0.000 0.008 0.004 0.012 0.071 0.812 
 158 S _   0.010 0.073 0.000 0.007 0.003 0.011 0.072 0.824 
 159 S _   0.009 0.069 0.000 0.007 0.003 0.011 0.072 0.829 
 160 L _   0.009 0.067 0.000 0.008 0.003 0.011 0.072 0.829 
 161 K _   0.008 0.068 0.000 0.009 0.004 0.011 0.072 0.827 
 162 P _   0.009 0.070 0.000 0.012 0.004 0.012 0.072 0.822 
 163 R _   0.009 0.073 0.001 0.015 0.005 0.012 0.071 0.814 
 164 E _   0.009 0.076 0.001 0.018 0.006 0.013 0.071 0.807 
 165 L _   0.009 0.078 0.001 0.021 0.006 0.013 0.070 0.801 
 166 C _   0.009 0.080 0.001 0.023 0.007 0.013 0.070 0.797 
 167 F _   0.009 0.080 0.001 0.025 0.007 0.013 0.071 0.795 
 168 P _   0.009 0.078 0.001 0.025 0.007 0.013 0.071 0.797 
 169 E _   0.009 0.074 0.001 0.024 0.007 0.012 0.072 0.801 
 170 T _   0.009 0.069 0.001 0.022 0.006 0.012 0.073 0.809 
 171 R _   0.009 0.062 0.001 0.020 0.006 0.011 0.074 0.817 
 172 P _   0.008 0.053 0.001 0.018 0.005 0.010 0.076 0.828 
 173 S _   0.008 0.044 0.001 0.015 0.004 0.010 0.078 0.840 
 174 F _   0.008 0.035 0.001 0.013 0.004 0.009 0.079 0.851 
 175 R _   0.007 0.027 0.000 0.011 0.003 0.008 0.081 0.861 
 176 I _   0.007 0.020 0.000 0.009 0.003 0.008 0.082 0.871 
 177 R _   0.006 0.014 0.000 0.007 0.002 0.007 0.083 0.880 
 178 E _   0.006 0.010 0.000 0.005 0.002 0.007 0.084 0.886 
 179 N _   0.006 0.007 0.000 0.004 0.002 0.007 0.084 0.890 
 180 R _   0.006 0.006 0.000 0.004 0.002 0.007 0.084 0.892 
 181 P _   0.006 0.005 0.000 0.004 0.002 0.008 0.083 0.891 
 182 P _   0.007 0.006 0.000 0.004 0.002 0.010 0.082 0.888 
 183 G _   0.008 0.007 0.000 0.006 0.003 0.014 0.080 0.882 
 184 T _   0.011 0.010 0.001 0.008 0.005 0.018 0.079 0.870 
 185 F _   0.013 0.014 0.001 0.012 0.007 0.023 0.076 0.853 
 186 H _   0.016 0.021 0.001 0.017 0.010 0.028 0.074 0.832 
 187 Q _   0.019 0.028 0.001 0.023 0.014 0.033 0.071 0.809 
 188 F _   0.022 0.035 0.001 0.029 0.018 0.038 0.069 0.789 
 189 R _   0.024 0.040 0.001 0.033 0.020 0.041 0.067 0.773 
 190 L _   0.027 0.043 0.002 0.035 0.022 0.044 0.065 0.763 
 191 L _   0.030 0.044 0.002 0.034 0.023 0.045 0.063 0.758 
 192 P _   0.033 0.044 0.002 0.031 0.023 0.046 0.062 0.759 
 193 V _   0.036 0.041 0.002 0.027 0.023 0.047 0.061 0.764 
 194 Q _   0.040 0.038 0.001 0.022 0.021 0.047 0.060 0.771 
 195 F _   0.043 0.034 0.001 0.017 0.020 0.046 0.060 0.778 
 196 L _   0.046 0.030 0.001 0.013 0.018 0.046 0.059 0.785 
 197 C _   0.050 0.028 0.001 0.011 0.018 0.046 0.059 0.787 
 198 P _   0.053 0.026 0.001 0.010 0.017 0.047 0.059 0.787 
 199 N _   0.056 0.027 0.001 0.010 0.018 0.047 0.059 0.783 
 200 I _   0.058 0.028 0.001 0.012 0.019 0.047 0.059 0.776 
 201 S _   0.060 0.032 0.001 0.015 0.020 0.046 0.059 0.767 
 202 V _   0.061 0.036 0.001 0.018 0.021 0.046 0.059 0.758 
 203 A _   0.059 0.039 0.002 0.022 0.022 0.044 0.059 0.752 
 204 Y _   0.056 0.042 0.002 0.025 0.022 0.042 0.059 0.752 
 205 R _   0.051 0.044 0.002 0.027 0.021 0.039 0.060 0.756 
 206 L _   0.046 0.045 0.001 0.027 0.019 0.036 0.061 0.765 
 207 L _   0.040 0.044 0.001 0.027 0.017 0.032 0.061 0.778 
 208 E _   0.034 0.042 0.001 0.025 0.015 0.029 0.062 0.793 
 209 G _   0.029 0.039 0.001 0.023 0.012 0.025 0.064 0.808 
 210 E _   0.024 0.035 0.001 0.020 0.010 0.022 0.065 0.823 
 211 G _   0.021 0.031 0.001 0.018 0.008 0.019 0.066 0.837 
 212 L _   0.018 0.026 0.001 0.015 0.007 0.016 0.067 0.850 
 213 P _   0.015 0.022 0.001 0.012 0.005 0.014 0.068 0.862 
 214 F _   0.013 0.018 0.001 0.010 0.004 0.012 0.069 0.873 
 215 R _   0.011 0.015 0.000 0.008 0.003 0.011 0.069 0.882 
 216 C _   0.009 0.013 0.000 0.006 0.003 0.010 0.070 0.889 
 217 A _   0.008 0.011 0.000 0.006 0.003 0.009 0.070 0.892 
 218 P _   0.008 0.011 0.000 0.006 0.003 0.009 0.070 0.893 
 219 D _   0.008 0.011 0.000 0.007 0.003 0.010 0.069 0.891 
 220 S _   0.009 0.013 0.000 0.009 0.004 0.011 0.069 0.885 
 221 L _   0.010 0.015 0.001 0.013 0.005 0.012 0.068 0.876 
 222 E _   0.011 0.019 0.001 0.018 0.006 0.014 0.068 0.865 
 223 V _   0.011 0.022 0.001 0.024 0.008 0.015 0.067 0.853 
 224 S _   0.011 0.024 0.001 0.028 0.008 0.015 0.067 0.845 
 225 T _   0.011 0.025 0.001 0.031 0.009 0.015 0.067 0.843 
 226 R _   0.011 0.024 0.001 0.030 0.008 0.014 0.067 0.846 
 227 W _   0.010 0.022 0.001 0.026 0.007 0.013 0.067 0.854 
 228 A _   0.009 0.018 0.001 0.021 0.006 0.012 0.068 0.866 
 229 L _   0.009 0.012 0.001 0.014 0.004 0.010 0.069 0.880 
 230 D _   0.009 0.007 0.000 0.009 0.003 0.009 0.069 0.894 
 231 R _   0.009 0.003 0.000 0.005 0.002 0.009 0.069 0.903 
 232 E _   0.010 0.001 0.000 0.003 0.002 0.009 0.068 0.906 
 233 Q _   0.013 0.000 0.000 0.002 0.002 0.010 0.067 0.905 
 234 R _   0.019 0.000 0.000 0.002 0.002 0.013 0.066 0.897 
 235 E _   0.031 0.000 0.000 0.002 0.003 0.019 0.065 0.880 
 236 K _   0.049 0.000 0.001 0.003 0.006 0.026 0.063 0.853 
 237 Y _   0.075 0.000 0.001 0.004 0.010 0.036 0.060 0.812 
 238 E _   0.106 0.001 0.001 0.007 0.018 0.047 0.057 0.762 
 239 L _   0.137 0.003 0.002 0.012 0.027 0.058 0.055 0.707 
 240 V _   0.166 0.005 0.002 0.017 0.037 0.066 0.052 0.655 
 241 A _   0.189 0.007 0.002 0.021 0.045 0.072 0.050 0.614 
 242 V _   0.206 0.008 0.002 0.024 0.049 0.074 0.049 0.587 
 243 C _   0.220 0.008 0.003 0.024 0.051 0.075 0.047 0.572 
 244 T _   0.228 0.008 0.002 0.022 0.050 0.073 0.047 0.569 
 245 V _   0.232 0.007 0.002 0.018 0.047 0.071 0.047 0.577 
 246 H _   0.230 0.005 0.002 0.014 0.041 0.067 0.047 0.594 
 247 A _   0.223 0.003 0.002 0.010 0.035 0.064 0.047 0.616 
 248 G _   0.214 0.002 0.002 0.008 0.029 0.060 0.048 0.639 
 249 A _   0.202 0.001 0.001 0.006 0.023 0.057 0.048 0.661 
 250 R _   0.190 0.001 0.001 0.005 0.020 0.054 0.049 0.679 
 251 E _   0.178 0.001 0.001 0.005 0.019 0.052 0.050 0.693 
 252 E _   0.166 0.002 0.001 0.006 0.019 0.051 0.051 0.704 
 253 V _   0.154 0.004 0.001 0.009 0.020 0.050 0.053 0.710 
 254 V _   0.141 0.007 0.002 0.014 0.022 0.049 0.054 0.712 
 255 M _   0.128 0.012 0.002 0.020 0.024 0.047 0.055 0.714 
 256 V _   0.113 0.016 0.002 0.027 0.025 0.044 0.057 0.716 
 257 P _   0.098 0.020 0.002 0.033 0.024 0.040 0.059 0.724 
 258 F _   0.081 0.021 0.002 0.037 0.023 0.036 0.062 0.738 
 259 P _   0.066 0.021 0.002 0.037 0.019 0.032 0.065 0.758 
 260 V _   0.051 0.019 0.001 0.033 0.015 0.026 0.069 0.785 
 261 T _   0.039 0.016 0.001 0.026 0.011 0.021 0.072 0.814 
 262 V _   0.029 0.012 0.001 0.018 0.007 0.016 0.075 0.841 
 263 Y _   0.021 0.008 0.001 0.012 0.005 0.012 0.077 0.865 
 264 D _   0.014 0.005 0.000 0.007 0.003 0.009 0.079 0.883 
 265 E _   0.010 0.003 0.000 0.004 0.002 0.007 0.080 0.894 
 266 D _   0.007 0.002 0.000 0.003 0.001 0.006 0.080 0.900 
 267 D _   0.006 0.002 0.000 0.003 0.001 0.005 0.080 0.903 
 268 S _   0.005 0.002 0.000 0.003 0.001 0.006 0.079 0.903 
 269 A _   0.006 0.003 0.000 0.004 0.002 0.007 0.079 0.900 
 270 P _   0.006 0.006 0.000 0.005 0.002 0.008 0.077 0.895 
 271 T _   0.007 0.012 0.000 0.008 0.003 0.010 0.075 0.885 
 272 F _   0.008 0.021 0.001 0.011 0.004 0.013 0.073 0.870 
 273 P _   0.009 0.033 0.001 0.015 0.006 0.015 0.070 0.851 
 274 A _   0.009 0.048 0.001 0.020 0.008 0.018 0.067 0.830 
 275 G _   0.010 0.064 0.001 0.025 0.010 0.020 0.063 0.807 
 276 V _   0.011 0.078 0.001 0.030 0.012 0.022 0.060 0.786 
 277 D _   0.012 0.091 0.001 0.034 0.014 0.024 0.058 0.767 
 278 T _   0.013 0.100 0.001 0.038 0.015 0.025 0.056 0.752 
 279 A _   0.013 0.107 0.001 0.042 0.016 0.026 0.054 0.741 
 280 S _   0.014 0.110 0.001 0.043 0.016 0.026 0.053 0.737 
 281 A _   0.014 0.110 0.001 0.043 0.015 0.025 0.053 0.739 
 282 V _   0.015 0.106 0.001 0.039 0.014 0.024 0.052 0.748 
 283 V _   0.014 0.099 0.001 0.034 0.012 0.023 0.052 0.764 
 284 E _   0.014 0.089 0.001 0.027 0.011 0.021 0.052 0.786 
 285 F _   0.014 0.075 0.001 0.020 0.009 0.020 0.052 0.809 
 286 K _   0.014 0.062 0.001 0.014 0.007 0.020 0.052 0.831 
 287 R _   0.014 0.051 0.001 0.010 0.006 0.019 0.052 0.847 
 288 K _   0.014 0.045 0.001 0.008 0.006 0.020 0.052 0.855 
 289 E _   0.015 0.043 0.001 0.007 0.006 0.021 0.052 0.856 
 290 D _   0.017 0.043 0.001 0.009 0.007 0.022 0.051 0.850 
 291 T _   0.019 0.046 0.001 0.013 0.009 0.024 0.050 0.837 
 292 V _   0.021 0.052 0.001 0.018 0.012 0.026 0.050 0.820 
 293 V _   0.024 0.058 0.001 0.025 0.014 0.028 0.049 0.801 
 294 A _   0.025 0.063 0.001 0.031 0.016 0.028 0.049 0.786 
 295 T _   0.025 0.065 0.001 0.035 0.017 0.028 0.049 0.780 
 296 L _   0.025 0.064 0.001 0.035 0.017 0.027 0.049 0.782 
 297 R _   0.023 0.060 0.001 0.032 0.015 0.025 0.049 0.793 
 298 V _   0.022 0.054 0.001 0.026 0.013 0.023 0.050 0.811 
 299 F _   0.020 0.044 0.001 0.019 0.010 0.021 0.051 0.833 
 300 D _   0.019 0.035 0.001 0.013 0.008 0.020 0.052 0.853 
 301 A _   0.018 0.027 0.001 0.009 0.006 0.018 0.052 0.869 
 302 D _   0.017 0.023 0.001 0.006 0.005 0.018 0.053 0.878 
 303 V _   0.017 0.021 0.000 0.005 0.004 0.018 0.053 0.880 
 304 V _   0.018 0.022 0.000 0.005 0.005 0.019 0.053 0.878 
 305 P _   0.019 0.024 0.001 0.007 0.006 0.021 0.053 0.869 
 306 A _   0.021 0.030 0.001 0.010 0.008 0.023 0.053 0.855 
 307 S _   0.022 0.039 0.001 0.015 0.010 0.025 0.052 0.836 
 308 G _   0.023 0.050 0.001 0.020 0.013 0.026 0.052 0.815 
 309 E _   0.024 0.061 0.001 0.025 0.015 0.027 0.051 0.795 
 310 L _   0.024 0.069 0.001 0.029 0.016 0.027 0.051 0.782 
 311 V _   0.023 0.075 0.001 0.031 0.016 0.027 0.051 0.776 
 312 R _   0.022 0.078 0.001 0.031 0.015 0.026 0.052 0.776 
 313 R _   0.020 0.078 0.001 0.029 0.014 0.024 0.052 0.782 
 314 Y _   0.018 0.076 0.001 0.025 0.012 0.022 0.053 0.793 
 315 T _   0.016 0.072 0.001 0.021 0.010 0.020 0.054 0.805 
 316 S _   0.015 0.068 0.001 0.018 0.008 0.018 0.055 0.817 
 317 T _   0.013 0.063 0.001 0.014 0.007 0.017 0.056 0.828 
 318 L _   0.013 0.060 0.001 0.012 0.006 0.016 0.057 0.837 
 319 L _   0.012 0.057 0.001 0.010 0.005 0.015 0.058 0.842 
 320 P _   0.012 0.056 0.001 0.010 0.005 0.015 0.059 0.843 
 321 G _   0.012 0.056 0.001 0.011 0.005 0.015 0.059 0.841 
 322 D _   0.012 0.057 0.001 0.012 0.006 0.015 0.060 0.836 
 323 T _   0.013 0.059 0.001 0.015 0.007 0.016 0.060 0.830 
 324 W _   0.013 0.061 0.001 0.018 0.008 0.016 0.061 0.822 
 325 A _   0.013 0.063 0.001 0.021 0.009 0.016 0.062 0.815 
 326 Q _   0.013 0.064 0.001 0.024 0.009 0.016 0.063 0.810 
 327 Q _   0.012 0.064 0.001 0.025 0.009 0.016 0.064 0.809 
 328 T _   0.012 0.062 0.001 0.025 0.009 0.015 0.065 0.812 
 329 F _   0.011 0.059 0.001 0.024 0.008 0.014 0.067 0.818 
 330 R _   0.010 0.053 0.001 0.021 0.007 0.012 0.068 0.827 
 331 V _   0.009 0.047 0.001 0.017 0.006 0.011 0.070 0.839 
 332 E _   0.008 0.039 0.001 0.014 0.005 0.010 0.072 0.852 
 333 H _   0.007 0.032 0.000 0.010 0.004 0.009 0.074 0.864 
 334 W _   0.007 0.026 0.000 0.008 0.003 0.008 0.075 0.873 
 335 P _   0.006 0.023 0.000 0.006 0.002 0.008 0.076 0.879 
 336 N _   0.006 0.021 0.000 0.005 0.002 0.008 0.076 0.881 
 337 E _   0.006 0.021 0.000 0.005 0.002 0.008 0.077 0.881 
 338 T _   0.007 0.023 0.000 0.005 0.003 0.010 0.076 0.877 
 339 S _   0.008 0.026 0.000 0.006 0.003 0.012 0.076 0.868 
 340 V _   0.010 0.034 0.001 0.009 0.005 0.015 0.075 0.852 
 341 Q _   0.011 0.048 0.001 0.013 0.007 0.018 0.074 0.827 
 342 A _   0.013 0.069 0.001 0.018 0.010 0.022 0.072 0.794 
 343 N _   0.015 0.095 0.001 0.025 0.013 0.024 0.070 0.756 
 344 G _   0.016 0.120 0.001 0.031 0.016 0.027 0.069 0.720 
 345 S _   0.017 0.141 0.001 0.036 0.018 0.028 0.067 0.692 
 346 F _   0.018 0.155 0.001 0.039 0.019 0.029 0.067 0.673 
 347 V _   0.018 0.163 0.001 0.040 0.019 0.029 0.067 0.663 
 348 R _   0.018 0.167 0.001 0.039 0.018 0.029 0.067 0.661 
 349 A _   0.018 0.166 0.001 0.036 0.017 0.028 0.067 0.666 
 350 T _   0.017 0.163 0.001 0.033 0.016 0.026 0.068 0.675 
 351 V _   0.016 0.157 0.001 0.029 0.014 0.025 0.070 0.687 
 352 H _   0.016 0.150 0.001 0.026 0.013 0.024 0.071 0.699 
 353 D _   0.016 0.142 0.001 0.023 0.012 0.022 0.073 0.710 
 354 Y _   0.016 0.134 0.001 0.022 0.011 0.021 0.075 0.721 
 355 R _   0.015 0.125 0.001 0.021 0.010 0.020 0.077 0.731 
 356 L _   0.014 0.116 0.001 0.020 0.009 0.019 0.080 0.742 
 357 V _   0.013 0.106 0.001 0.019 0.008 0.017 0.082 0.753 
 358 L _   0.013 0.096 0.001 0.017 0.007 0.016 0.085 0.766 
 359 N _   0.012 0.085 0.001 0.014 0.006 0.015 0.087 0.780 
 360 R _   0.011 0.075 0.001 0.012 0.005 0.014 0.089 0.793 
 361 N _   0.011 0.066 0.001 0.009 0.004 0.014 0.091 0.804 
 362 L _   0.010 0.060 0.000 0.007 0.004 0.014 0.093 0.811 
 363 S _   0.011 0.057 0.000 0.006 0.004 0.014 0.094 0.814 
 364 I _   0.011 0.056 0.000 0.006 0.004 0.016 0.095 0.811 
 365 S _   0.013 0.059 0.001 0.008 0.005 0.018 0.096 0.801 
 366 E _   0.015 0.065 0.001 0.012 0.008 0.021 0.096 0.782 
 367 N _   0.017 0.077 0.001 0.020 0.011 0.023 0.096 0.754 
 368 R _   0.019 0.094 0.001 0.031 0.015 0.026 0.097 0.718 
 369 T _   0.020 0.110 0.001 0.042 0.018 0.027 0.097 0.685 
 370 M _   0.020 0.120 0.002 0.053 0.019 0.027 0.099 0.660 
 371 Q _   0.019 0.125 0.001 0.059 0.020 0.026 0.101 0.648 
 372 L _   0.018 0.125 0.001 0.060 0.018 0.024 0.104 0.648 
 373 A _   0.017 0.120 0.001 0.056 0.016 0.022 0.108 0.660 
 374 V _   0.015 0.107 0.001 0.047 0.013 0.019 0.114 0.684 
 375 L _   0.014 0.087 0.001 0.035 0.010 0.016 0.119 0.718 
 376 V _   0.012 0.060 0.001 0.024 0.007 0.013 0.125 0.757 
 377 N _   0.010 0.035 0.001 0.014 0.005 0.011 0.131 0.792 
 378 D _   0.009 0.017 0.000 0.008 0.003 0.009 0.135 0.818 
 379 S _   0.008 0.007 0.000 0.004 0.002 0.009 0.138 0.832 
 380 D _   0.007 0.003 0.000 0.003 0.002 0.009 0.140 0.837 
 381 F _   0.007 0.002 0.000 0.002 0.001 0.010 0.141 0.836 
 382 Q _   0.009 0.001 0.000 0.002 0.002 0.013 0.142 0.830 
 383 G _   0.013 0.002 0.000 0.003 0.003 0.018 0.142 0.819 
 384 P _   0.020 0.003 0.000 0.005 0.005 0.025 0.142 0.801 
 385 G _   0.029 0.006 0.001 0.008 0.009 0.034 0.141 0.772 
 386 A _   0.041 0.013 0.001 0.013 0.015 0.045 0.140 0.733 
 387 G _   0.054 0.022 0.002 0.019 0.024 0.056 0.138 0.687 
 388 V _   0.066 0.032 0.002 0.024 0.032 0.065 0.136 0.642 
 389 L _   0.078 0.041 0.002 0.029 0.041 0.072 0.135 0.602 
 390 L _   0.089 0.047 0.002 0.031 0.049 0.078 0.135 0.569 
 391 L _   0.098 0.052 0.002 0.032 0.055 0.081 0.136 0.545 
 392 H _   0.106 0.054 0.003 0.031 0.059 0.082 0.137 0.527 
 393 F _   0.113 0.056 0.003 0.030 0.061 0.082 0.140 0.516 
 394 N _   0.118 0.056 0.003 0.029 0.060 0.080 0.143 0.510 
 395 V _   0.121 0.055 0.003 0.028 0.057 0.076 0.148 0.511 
 396 S _   0.120 0.054 0.002 0.028 0.053 0.072 0.154 0.517 
 397 V _   0.117 0.051 0.002 0.028 0.048 0.066 0.160 0.528 
 398 L _   0.111 0.047 0.002 0.027 0.041 0.060 0.168 0.544 
 399 P _   0.101 0.042 0.002 0.025 0.034 0.054 0.176 0.565 
 400 V _   0.090 0.036 0.002 0.023 0.028 0.047 0.186 0.589 
 401 S _   0.077 0.029 0.002 0.020 0.022 0.040 0.195 0.616 
 402 L _   0.064 0.021 0.001 0.016 0.016 0.034 0.204 0.643 
 403 H _   0.052 0.015 0.001 0.012 0.012 0.028 0.213 0.667 
 404 L _   0.041 0.009 0.001 0.009 0.009 0.024 0.221 0.686 
 405 P _   0.031 0.006 0.001 0.007 0.006 0.020 0.229 0.700 
 406 S _   0.024 0.003 0.001 0.006 0.005 0.017 0.235 0.709 
 407 T _   0.019 0.002 0.000 0.005 0.004 0.015 0.241 0.714 
 408 Y _   0.016 0.001 0.000 0.004 0.004 0.014 0.246 0.715 
 409 S _   0.014 0.001 0.000 0.004 0.003 0.013 0.250 0.713 
 410 L _   0.013 0.001 0.000 0.005 0.003 0.013 0.254 0.709 
 411 S _   0.013 0.001 0.000 0.005 0.004 0.014 0.258 0.704 
 412 V _   0.014 0.001 0.000 0.006 0.004 0.015 0.262 0.698 
 413 S _   0.015 0.001 0.001 0.006 0.005 0.017 0.266 0.690 
 414 R _   0.017 0.001 0.001 0.007 0.006 0.019 0.269 0.681 
 415 R _   0.020 0.001 0.001 0.007 0.006 0.021 0.273 0.671 
 416 A _   0.023 0.001 0.001 0.007 0.008 0.024 0.276 0.659 
 417 R _   0.028 0.001 0.001 0.007 0.009 0.027 0.280 0.646 
 418 R _   0.033 0.002 0.001 0.008 0.010 0.031 0.285 0.631 
 419 F _   0.040 0.002 0.001 0.008 0.012 0.034 0.289 0.613 
 420 A _   0.048 0.003 0.001 0.008 0.015 0.038 0.294 0.592 
 421 Q _   0.056 0.004 0.001 0.009 0.018 0.042 0.300 0.570 
 422 I _   0.065 0.006 0.001 0.010 0.022 0.046 0.306 0.544 
 423 G _   0.073 0.008 0.002 0.012 0.027 0.049 0.313 0.517 
 424 K _   0.078 0.011 0.002 0.015 0.031 0.051 0.322 0.489 
 425 V _   0.082 0.015 0.002 0.018 0.035 0.052 0.332 0.464 
 426 C _   0.083 0.018 0.002 0.022 0.037 0.052 0.344 0.442 
 427 V _   0.082 0.021 0.002 0.026 0.038 0.051 0.358 0.423 
 428 E _   0.078 0.024 0.002 0.029 0.037 0.048 0.374 0.409 
 429 N _   0.071 0.025 0.002 0.031 0.034 0.045 0.392 0.400 
 430 C X   0.064 0.025 0.002 0.031 0.030 0.040 0.412 0.396 
 431 L X   0.055 0.024 0.002 0.030 0.025 0.035 0.434 0.395 
 432 A X   0.046 0.022 0.002 0.027 0.020 0.030 0.458 0.396 
 433 D X   0.037 0.019 0.001 0.023 0.015 0.025 0.483 0.397 
 434 L X   0.028 0.016 0.001 0.019 0.011 0.020 0.507 0.398 
 435 T X   0.021 0.013 0.001 0.015 0.008 0.016 0.530 0.397 
 436 G X   0.016 0.010 0.001 0.011 0.005 0.013 0.550 0.394 
 437 D X   0.012 0.008 0.001 0.009 0.004 0.010 0.569 0.388 
 438 A X   0.009 0.006 0.000 0.007 0.003 0.008 0.585 0.381 
 439 V X   0.007 0.005 0.000 0.006 0.002 0.007 0.600 0.373 
 440 S X   0.005 0.004 0.000 0.005 0.002 0.006 0.612 0.365 
 441 G X   0.004 0.004 0.000 0.005 0.002 0.005 0.623 0.356 
 442 R X   0.004 0.004 0.000 0.005 0.002 0.005 0.633 0.346 
 443 D X   0.003 0.004 0.000 0.006 0.002 0.005 0.642 0.336 
 444 E X   0.003 0.005 0.000 0.008 0.002 0.005 0.651 0.325 
 445 A X   0.003 0.005 0.000 0.009 0.002 0.006 0.660 0.314 
 446 R X   0.003 0.006 0.000 0.011 0.002 0.006 0.669 0.302 
 447 S X   0.003 0.007 0.000 0.013 0.003 0.006 0.678 0.290 
 448 S X   0.003 0.007 0.000 0.014 0.003 0.006 0.688 0.279 
 449 G X   0.003 0.007 0.000 0.014 0.003 0.006 0.698 0.269 
 450 L X   0.003 0.007 0.000 0.013 0.003 0.005 0.708 0.261 
 451 G X   0.002 0.006 0.000 0.012 0.002 0.004 0.718 0.255 
 452 S X   0.002 0.005 0.000 0.009 0.002 0.003 0.728 0.250 
 453 Q X   0.001 0.004 0.000 0.007 0.001 0.002 0.738 0.246 
 454 K X   0.001 0.003 0.000 0.004 0.001 0.001 0.747 0.243 
 455 H X   0.000 0.002 0.000 0.002 0.000 0.000 0.753 0.242 
 456 P X   0.000 0.001 0.000 0.001 0.000 0.000 0.755 0.243 
 457 G X   0.000 0.001 0.000 0.002 0.000 0.000 0.752 0.245 
 458 S X   0.002 0.001 0.001 0.008 0.002 0.002 0.739 0.245 
