#TopoPred_TM8: 8-state transmembrane topology prediction results by no_profile mode 
#probabilities are in the order of H E C I L F X _, the 8 transmembrane topology types used in PDBTM 
   1 M _   0.031 0.001 0.003 0.057 0.014 0.018 0.388 0.487 
   2 K _   0.016 0.000 0.000 0.034 0.004 0.011 0.395 0.540 
   3 N _   0.012 0.000 0.000 0.020 0.002 0.009 0.392 0.566 
   4 I _   0.022 0.000 0.000 0.013 0.002 0.010 0.380 0.573 
   5 Y _   0.048 0.000 0.001 0.010 0.004 0.014 0.355 0.568 
   6 C _   0.097 0.000 0.001 0.006 0.007 0.018 0.316 0.555 
   7 L _   0.165 0.000 0.001 0.004 0.009 0.020 0.272 0.529 
   8 I _   0.243 0.000 0.001 0.003 0.010 0.020 0.226 0.496 
   9 P _   0.327 0.000 0.001 0.002 0.010 0.019 0.181 0.460 
  10 K _   0.407 0.000 0.001 0.002 0.011 0.018 0.141 0.421 
  11 L H   0.487 0.000 0.001 0.001 0.012 0.016 0.107 0.376 
  12 V H   0.567 0.000 0.001 0.001 0.011 0.014 0.080 0.326 
  13 N H   0.645 0.000 0.001 0.001 0.010 0.011 0.059 0.272 
  14 F H   0.718 0.000 0.001 0.001 0.010 0.009 0.044 0.218 
  15 A H   0.782 0.000 0.001 0.000 0.009 0.007 0.032 0.169 
  16 T H   0.837 0.000 0.001 0.000 0.008 0.006 0.023 0.124 
  17 L H   0.879 0.000 0.001 0.000 0.008 0.005 0.017 0.090 
  18 G H   0.909 0.000 0.001 0.000 0.008 0.004 0.012 0.066 
  19 C H   0.929 0.000 0.001 0.000 0.007 0.003 0.009 0.050 
  20 L H   0.942 0.000 0.001 0.000 0.007 0.003 0.007 0.041 
  21 W H   0.948 0.000 0.001 0.000 0.007 0.003 0.005 0.036 
  22 I H   0.950 0.000 0.001 0.000 0.007 0.003 0.004 0.035 
  23 S H   0.948 0.000 0.001 0.000 0.007 0.003 0.004 0.038 
  24 V H   0.941 0.000 0.001 0.000 0.008 0.003 0.003 0.044 
  25 V H   0.930 0.000 0.001 0.000 0.008 0.003 0.003 0.055 
  26 Q H   0.912 0.000 0.001 0.000 0.009 0.003 0.003 0.072 
  27 C H   0.886 0.000 0.001 0.000 0.009 0.004 0.003 0.097 
  28 T H   0.851 0.000 0.001 0.000 0.009 0.005 0.003 0.131 
  29 V H   0.808 0.000 0.001 0.000 0.009 0.006 0.004 0.172 
  30 L H   0.757 0.000 0.001 0.001 0.010 0.007 0.004 0.220 
  31 N H   0.700 0.000 0.001 0.001 0.010 0.008 0.005 0.274 
  32 S H   0.642 0.000 0.001 0.001 0.011 0.010 0.007 0.329 
  33 C H   0.583 0.000 0.001 0.001 0.012 0.012 0.008 0.383 
  34 L H   0.524 0.000 0.001 0.001 0.013 0.014 0.010 0.437 
  35 K _   0.461 0.000 0.001 0.002 0.014 0.016 0.013 0.492 
  36 S _   0.399 0.000 0.001 0.004 0.016 0.019 0.016 0.545 
  37 C _   0.342 0.001 0.002 0.007 0.017 0.021 0.019 0.592 
  38 V _   0.286 0.002 0.002 0.011 0.018 0.022 0.022 0.637 
  39 T _   0.233 0.003 0.002 0.015 0.017 0.022 0.026 0.681 
  40 N _   0.185 0.004 0.002 0.019 0.016 0.022 0.030 0.723 
  41 L _   0.143 0.004 0.001 0.020 0.014 0.021 0.034 0.762 
  42 G _   0.107 0.005 0.001 0.019 0.012 0.019 0.038 0.799 
  43 Q _   0.078 0.004 0.001 0.017 0.009 0.017 0.042 0.832 
  44 Q _   0.056 0.004 0.001 0.014 0.007 0.014 0.045 0.860 
  45 L _   0.039 0.003 0.001 0.011 0.005 0.012 0.048 0.883 
  46 D _   0.027 0.002 0.000 0.008 0.003 0.010 0.050 0.900 
  47 L _   0.019 0.002 0.000 0.006 0.002 0.008 0.052 0.912 
  48 G _   0.013 0.001 0.000 0.004 0.002 0.007 0.053 0.919 
  49 T _   0.010 0.002 0.000 0.003 0.002 0.007 0.054 0.924 
  50 P _   0.008 0.002 0.000 0.003 0.001 0.007 0.054 0.925 
  51 H _   0.007 0.004 0.000 0.003 0.002 0.008 0.053 0.922 
  52 N _   0.008 0.007 0.000 0.005 0.003 0.010 0.053 0.914 
  53 L _   0.009 0.017 0.001 0.008 0.004 0.013 0.051 0.897 
  54 S _   0.011 0.038 0.001 0.015 0.007 0.017 0.049 0.863 
  55 E _   0.012 0.077 0.001 0.025 0.011 0.020 0.046 0.807 
  56 P _   0.013 0.129 0.002 0.037 0.014 0.023 0.043 0.740 
  57 C _   0.012 0.181 0.002 0.050 0.017 0.023 0.040 0.675 
  58 I _   0.012 0.220 0.002 0.061 0.018 0.023 0.038 0.628 
  59 Q _   0.011 0.242 0.001 0.068 0.018 0.023 0.036 0.601 
  60 G _   0.011 0.252 0.001 0.070 0.017 0.022 0.035 0.591 
  61 C _   0.010 0.254 0.001 0.068 0.016 0.020 0.035 0.595 
  62 H _   0.010 0.249 0.001 0.061 0.014 0.018 0.036 0.611 
  63 F _   0.009 0.235 0.001 0.051 0.012 0.016 0.036 0.639 
  64 W _   0.009 0.211 0.001 0.039 0.010 0.014 0.038 0.679 
  65 N _   0.008 0.180 0.001 0.028 0.007 0.012 0.039 0.724 
  66 S _   0.008 0.150 0.001 0.018 0.005 0.011 0.040 0.767 
  67 V _   0.007 0.126 0.001 0.011 0.004 0.009 0.041 0.801 
  68 D _   0.006 0.112 0.000 0.007 0.003 0.008 0.042 0.821 
  69 Q _   0.006 0.105 0.000 0.006 0.002 0.008 0.042 0.831 
  70 K _   0.006 0.103 0.000 0.005 0.002 0.009 0.042 0.834 
  71 N _   0.006 0.105 0.000 0.006 0.003 0.010 0.041 0.829 
  72 C _   0.007 0.112 0.000 0.008 0.003 0.011 0.040 0.818 
  73 A _   0.008 0.126 0.001 0.013 0.005 0.013 0.038 0.797 
  74 L _   0.008 0.148 0.001 0.018 0.007 0.014 0.036 0.767 
  75 K _   0.009 0.174 0.001 0.024 0.008 0.016 0.035 0.734 
  76 C _   0.009 0.198 0.001 0.029 0.010 0.016 0.033 0.705 
  77 R _   0.008 0.216 0.001 0.033 0.010 0.016 0.031 0.683 
  78 E _   0.008 0.228 0.001 0.036 0.010 0.016 0.030 0.671 
  79 S _   0.008 0.234 0.001 0.035 0.010 0.015 0.029 0.667 
  80 C _   0.008 0.236 0.001 0.033 0.009 0.015 0.029 0.669 
  81 E _   0.008 0.235 0.001 0.030 0.008 0.014 0.029 0.676 
  82 V _   0.007 0.230 0.001 0.026 0.007 0.013 0.029 0.687 
  83 G _   0.007 0.223 0.001 0.022 0.006 0.012 0.029 0.700 
  84 C _   0.007 0.215 0.001 0.019 0.006 0.011 0.029 0.712 
  85 S _   0.007 0.208 0.001 0.016 0.005 0.011 0.029 0.723 
  86 S _   0.007 0.201 0.001 0.015 0.005 0.010 0.029 0.732 
  87 A _   0.007 0.196 0.001 0.014 0.004 0.010 0.029 0.738 
  88 E _   0.007 0.192 0.001 0.015 0.004 0.010 0.029 0.742 
  89 G _   0.007 0.188 0.001 0.015 0.005 0.010 0.030 0.745 
  90 A _   0.007 0.186 0.001 0.016 0.005 0.010 0.030 0.747 
  91 Y _   0.007 0.183 0.001 0.016 0.005 0.010 0.030 0.750 
  92 E _   0.007 0.179 0.001 0.016 0.004 0.009 0.030 0.754 
  93 E _   0.006 0.174 0.001 0.015 0.004 0.009 0.030 0.761 
  94 E _   0.006 0.168 0.001 0.014 0.004 0.008 0.030 0.769 
  95 V _   0.006 0.162 0.000 0.012 0.003 0.008 0.030 0.778 
  96 L _   0.005 0.157 0.000 0.010 0.003 0.008 0.030 0.787 
  97 E _   0.005 0.152 0.000 0.009 0.003 0.007 0.030 0.793 
  98 N _   0.005 0.150 0.000 0.008 0.002 0.007 0.030 0.797 
  99 A _   0.005 0.150 0.000 0.007 0.003 0.008 0.030 0.797 
 100 D _   0.005 0.152 0.000 0.008 0.003 0.009 0.029 0.793 
 101 L _   0.006 0.158 0.000 0.009 0.003 0.010 0.029 0.785 
 102 P _   0.006 0.167 0.001 0.012 0.004 0.011 0.028 0.771 
 103 T _   0.007 0.180 0.001 0.015 0.005 0.012 0.027 0.753 
 104 A _   0.007 0.195 0.001 0.018 0.006 0.013 0.026 0.734 
 105 P _   0.008 0.210 0.001 0.021 0.007 0.014 0.025 0.715 
 106 F _   0.008 0.223 0.001 0.023 0.008 0.015 0.024 0.698 
 107 A _   0.008 0.233 0.001 0.025 0.009 0.015 0.023 0.686 
 108 S _   0.008 0.240 0.001 0.027 0.009 0.016 0.022 0.678 
 109 S _   0.008 0.244 0.001 0.027 0.009 0.016 0.022 0.673 
 110 I _   0.008 0.246 0.001 0.028 0.009 0.016 0.021 0.670 
 111 G _   0.008 0.246 0.001 0.028 0.009 0.016 0.021 0.670 
 112 S _   0.009 0.242 0.001 0.028 0.009 0.016 0.021 0.673 
 113 H _   0.009 0.236 0.001 0.028 0.009 0.016 0.021 0.679 
 114 N _   0.010 0.227 0.001 0.027 0.009 0.016 0.022 0.689 
 115 M _   0.010 0.214 0.001 0.026 0.009 0.015 0.022 0.703 
 116 T _   0.010 0.196 0.001 0.023 0.008 0.015 0.023 0.724 
 117 L _   0.010 0.175 0.001 0.020 0.008 0.014 0.024 0.748 
 118 R _   0.010 0.153 0.001 0.017 0.007 0.014 0.024 0.774 
 119 W _   0.010 0.132 0.001 0.013 0.006 0.014 0.025 0.800 
 120 K _   0.010 0.115 0.001 0.010 0.005 0.014 0.026 0.821 
 121 S _   0.010 0.103 0.001 0.008 0.004 0.014 0.026 0.835 
 122 A _   0.010 0.096 0.000 0.007 0.004 0.015 0.026 0.842 
 123 N _   0.011 0.093 0.000 0.007 0.004 0.016 0.026 0.843 
 124 F _   0.013 0.093 0.001 0.007 0.005 0.018 0.026 0.838 
 125 S _   0.014 0.096 0.001 0.009 0.006 0.020 0.026 0.828 
 126 G _   0.017 0.102 0.001 0.011 0.008 0.023 0.025 0.813 
 127 V _   0.020 0.111 0.001 0.014 0.010 0.027 0.025 0.793 
 128 K _   0.022 0.123 0.001 0.018 0.013 0.030 0.024 0.770 
 129 Y _   0.025 0.135 0.001 0.021 0.015 0.033 0.024 0.747 
 130 I _   0.027 0.147 0.001 0.023 0.018 0.035 0.023 0.726 
 131 I _   0.029 0.157 0.001 0.026 0.020 0.037 0.022 0.707 
 132 Q _   0.031 0.166 0.001 0.027 0.021 0.038 0.022 0.693 
 133 W _   0.033 0.173 0.001 0.029 0.022 0.039 0.022 0.682 
 134 K _   0.033 0.177 0.001 0.029 0.023 0.039 0.022 0.676 
 135 Y _   0.034 0.179 0.001 0.030 0.023 0.038 0.022 0.673 
 136 A _   0.033 0.179 0.001 0.030 0.023 0.037 0.022 0.674 
 137 Q _   0.033 0.177 0.001 0.031 0.022 0.035 0.023 0.679 
 138 L _   0.032 0.173 0.001 0.031 0.020 0.033 0.023 0.687 
 139 L _   0.031 0.166 0.001 0.030 0.019 0.031 0.024 0.697 
 140 G _   0.030 0.157 0.001 0.029 0.017 0.028 0.024 0.713 
 141 S _   0.028 0.143 0.001 0.028 0.015 0.026 0.025 0.733 
 142 W _   0.026 0.126 0.001 0.026 0.014 0.024 0.027 0.756 
 143 T _   0.024 0.105 0.001 0.023 0.012 0.021 0.028 0.785 
 144 Y _   0.022 0.082 0.001 0.019 0.010 0.019 0.029 0.818 
 145 T _   0.020 0.059 0.001 0.016 0.008 0.017 0.030 0.850 
 146 K _   0.018 0.039 0.001 0.012 0.006 0.015 0.031 0.878 
 147 T _   0.016 0.024 0.001 0.009 0.005 0.013 0.032 0.901 
 148 V _   0.014 0.014 0.000 0.007 0.004 0.011 0.033 0.917 
 149 S _   0.012 0.008 0.000 0.006 0.003 0.010 0.033 0.927 
 150 R _   0.012 0.005 0.000 0.005 0.003 0.010 0.033 0.933 
 151 P _   0.012 0.003 0.000 0.005 0.003 0.010 0.033 0.935 
 152 S _   0.014 0.002 0.000 0.005 0.003 0.010 0.033 0.934 
 153 Y _   0.016 0.001 0.000 0.005 0.003 0.010 0.032 0.931 
 154 V _   0.021 0.001 0.000 0.005 0.004 0.011 0.031 0.926 
 155 V _   0.029 0.001 0.001 0.005 0.004 0.012 0.030 0.917 
 156 K _   0.043 0.000 0.001 0.005 0.005 0.014 0.029 0.904 
 157 P _   0.063 0.000 0.001 0.005 0.005 0.015 0.027 0.883 
 158 L _   0.095 0.000 0.001 0.004 0.006 0.017 0.026 0.851 
 159 H _   0.140 0.000 0.001 0.003 0.008 0.019 0.024 0.805 
 160 P _   0.201 0.000 0.001 0.003 0.010 0.021 0.021 0.743 
 161 F _   0.280 0.000 0.001 0.002 0.012 0.023 0.019 0.663 
 162 T _   0.370 0.000 0.001 0.002 0.015 0.025 0.017 0.569 
 163 E _   0.465 0.000 0.001 0.002 0.018 0.027 0.015 0.472 
 164 Y H   0.556 0.000 0.002 0.002 0.023 0.028 0.014 0.376 
 165 I H   0.637 0.000 0.002 0.002 0.027 0.028 0.013 0.293 
 166 F H   0.699 0.000 0.002 0.002 0.031 0.027 0.013 0.228 
 167 R H   0.744 0.000 0.002 0.002 0.034 0.026 0.013 0.180 
 168 V H   0.774 0.000 0.002 0.002 0.036 0.025 0.014 0.148 
 169 V H   0.789 0.000 0.002 0.002 0.037 0.023 0.015 0.132 
 170 W H   0.788 0.000 0.002 0.003 0.038 0.023 0.017 0.129 
 171 I H   0.773 0.001 0.002 0.004 0.039 0.022 0.021 0.139 
 172 F H   0.741 0.001 0.002 0.006 0.038 0.022 0.025 0.166 
 173 T H   0.689 0.001 0.002 0.007 0.036 0.021 0.032 0.211 
 174 A H   0.614 0.001 0.003 0.009 0.032 0.020 0.042 0.279 
 175 Q H   0.518 0.001 0.002 0.009 0.026 0.019 0.055 0.370 
 176 L _   0.412 0.001 0.002 0.009 0.018 0.017 0.069 0.472 
 177 Q _   0.308 0.001 0.001 0.007 0.012 0.015 0.084 0.571 
 178 L _   0.218 0.000 0.001 0.006 0.008 0.012 0.097 0.658 
 179 Y _   0.144 0.000 0.001 0.005 0.005 0.010 0.108 0.727 
 180 S _   0.092 0.000 0.000 0.004 0.003 0.008 0.117 0.775 
 181 P _   0.056 0.000 0.000 0.004 0.002 0.007 0.124 0.807 
 182 P _   0.034 0.000 0.000 0.003 0.002 0.006 0.128 0.827 
 183 S _   0.021 0.000 0.000 0.003 0.001 0.005 0.131 0.838 
 184 P _   0.013 0.001 0.000 0.003 0.001 0.005 0.133 0.844 
 185 S _   0.009 0.001 0.000 0.003 0.001 0.005 0.134 0.846 
 186 Y _   0.007 0.002 0.000 0.003 0.001 0.006 0.134 0.847 
 187 R _   0.006 0.004 0.000 0.004 0.002 0.007 0.134 0.844 
 188 T _   0.006 0.007 0.000 0.006 0.002 0.008 0.132 0.839 
 189 H _   0.006 0.015 0.000 0.008 0.003 0.010 0.130 0.828 
 190 P _   0.006 0.029 0.001 0.013 0.005 0.013 0.126 0.808 
 191 H _   0.007 0.052 0.001 0.019 0.007 0.015 0.121 0.778 
 192 G _   0.008 0.085 0.001 0.026 0.009 0.018 0.116 0.738 
 193 V _   0.008 0.124 0.001 0.034 0.011 0.020 0.110 0.690 
 194 P _   0.009 0.164 0.001 0.043 0.014 0.021 0.105 0.643 
 195 E _   0.009 0.197 0.001 0.051 0.015 0.022 0.101 0.603 
 196 T _   0.009 0.220 0.001 0.058 0.016 0.023 0.098 0.576 
 197 A _   0.009 0.234 0.001 0.062 0.017 0.023 0.096 0.560 
 198 P _   0.009 0.240 0.001 0.063 0.016 0.022 0.095 0.554 
 199 L _   0.009 0.240 0.001 0.061 0.016 0.021 0.095 0.557 
 200 I _   0.010 0.235 0.001 0.056 0.014 0.020 0.096 0.568 
 201 R _   0.010 0.223 0.001 0.049 0.013 0.018 0.097 0.589 
 202 N _   0.010 0.203 0.001 0.040 0.011 0.017 0.100 0.618 
 203 I _   0.010 0.177 0.001 0.032 0.009 0.015 0.103 0.653 
 204 E _   0.010 0.146 0.001 0.025 0.008 0.014 0.106 0.690 
 205 S _   0.010 0.118 0.001 0.019 0.006 0.013 0.109 0.725 
 206 S _   0.009 0.094 0.001 0.015 0.005 0.012 0.112 0.752 
 207 S _   0.009 0.077 0.001 0.012 0.004 0.011 0.114 0.772 
 208 P _   0.008 0.065 0.000 0.011 0.004 0.010 0.116 0.785 
 209 D _   0.008 0.057 0.000 0.011 0.003 0.010 0.118 0.793 
 210 T _   0.008 0.051 0.000 0.011 0.003 0.009 0.119 0.798 
 211 V _   0.008 0.046 0.000 0.011 0.003 0.009 0.120 0.802 
 212 E _   0.008 0.042 0.000 0.011 0.003 0.009 0.121 0.806 
 213 V _   0.007 0.038 0.000 0.011 0.003 0.008 0.122 0.810 
 214 S _   0.007 0.034 0.000 0.010 0.003 0.008 0.122 0.816 
 215 W _   0.006 0.031 0.000 0.008 0.003 0.007 0.122 0.823 
 216 D _   0.006 0.028 0.000 0.007 0.002 0.007 0.122 0.829 
 217 P _   0.005 0.026 0.000 0.006 0.002 0.006 0.121 0.834 
 218 P _   0.005 0.025 0.000 0.005 0.002 0.007 0.120 0.837 
 219 Q _   0.005 0.025 0.000 0.005 0.002 0.007 0.118 0.838 
 220 F _   0.005 0.028 0.000 0.005 0.002 0.008 0.116 0.835 
 221 P _   0.006 0.034 0.000 0.007 0.003 0.010 0.113 0.826 
 222 G _   0.007 0.046 0.001 0.011 0.005 0.013 0.109 0.808 
 223 G _   0.009 0.068 0.001 0.018 0.007 0.016 0.104 0.777 
 224 P _   0.009 0.102 0.001 0.028 0.010 0.018 0.098 0.732 
 225 I _   0.010 0.142 0.001 0.040 0.013 0.020 0.092 0.682 
 226 L _   0.010 0.175 0.001 0.051 0.014 0.021 0.087 0.640 
 227 G _   0.010 0.196 0.001 0.059 0.015 0.021 0.084 0.613 
 228 Y _   0.010 0.207 0.001 0.063 0.015 0.021 0.081 0.602 
 229 N _   0.009 0.210 0.001 0.063 0.014 0.020 0.080 0.602 
 230 L _   0.009 0.207 0.001 0.059 0.013 0.018 0.079 0.614 
 231 R _   0.008 0.198 0.001 0.051 0.011 0.016 0.079 0.636 
 232 L _   0.008 0.180 0.001 0.041 0.009 0.014 0.080 0.667 
 233 I _   0.008 0.156 0.001 0.031 0.008 0.013 0.081 0.704 
 234 S _   0.008 0.128 0.001 0.022 0.006 0.011 0.082 0.743 
 235 K _   0.007 0.102 0.001 0.015 0.004 0.010 0.083 0.777 
 236 N _   0.007 0.083 0.000 0.010 0.003 0.009 0.084 0.802 
 237 Q _   0.007 0.071 0.000 0.008 0.003 0.009 0.085 0.818 
 238 K _   0.006 0.065 0.000 0.007 0.002 0.009 0.085 0.826 
 239 L _   0.006 0.062 0.000 0.006 0.002 0.009 0.084 0.829 
 240 D _   0.007 0.061 0.000 0.007 0.003 0.010 0.083 0.829 
 241 A _   0.007 0.062 0.000 0.009 0.003 0.011 0.082 0.825 
 242 G _   0.007 0.065 0.000 0.011 0.004 0.012 0.081 0.819 
 243 T _   0.008 0.068 0.001 0.014 0.005 0.013 0.080 0.812 
 244 Q _   0.008 0.072 0.001 0.017 0.006 0.014 0.078 0.805 
 245 R _   0.008 0.075 0.001 0.020 0.007 0.015 0.076 0.798 
 246 T _   0.008 0.077 0.001 0.022 0.007 0.016 0.075 0.795 
 247 S _   0.008 0.077 0.001 0.022 0.008 0.016 0.074 0.794 
 248 F _   0.008 0.077 0.001 0.022 0.008 0.016 0.073 0.796 
 249 Q _   0.008 0.075 0.001 0.020 0.008 0.016 0.072 0.800 
 250 F _   0.009 0.072 0.001 0.018 0.007 0.016 0.072 0.806 
 251 Y _   0.009 0.068 0.001 0.015 0.007 0.016 0.071 0.813 
 252 S _   0.010 0.065 0.001 0.013 0.006 0.016 0.071 0.819 
 253 T _   0.011 0.062 0.001 0.011 0.006 0.017 0.070 0.823 
 254 L _   0.012 0.060 0.001 0.010 0.006 0.018 0.070 0.823 
 255 P _   0.014 0.061 0.001 0.010 0.007 0.020 0.069 0.818 
 256 N _   0.017 0.063 0.001 0.011 0.009 0.022 0.069 0.808 
 257 T _   0.021 0.069 0.001 0.013 0.011 0.025 0.068 0.793 
 258 I _   0.024 0.077 0.001 0.018 0.014 0.027 0.067 0.772 
 259 Y _   0.026 0.088 0.001 0.025 0.017 0.029 0.066 0.748 
 260 R _   0.028 0.099 0.001 0.032 0.019 0.030 0.066 0.725 
 261 F _   0.028 0.108 0.002 0.039 0.020 0.030 0.065 0.708 
 262 S _   0.028 0.114 0.002 0.044 0.020 0.029 0.066 0.699 
 263 I _   0.026 0.116 0.001 0.045 0.019 0.027 0.066 0.699 
 264 A _   0.024 0.114 0.001 0.044 0.017 0.025 0.067 0.707 
 265 A _   0.021 0.109 0.001 0.040 0.014 0.022 0.069 0.723 
 266 V _   0.019 0.100 0.001 0.034 0.011 0.019 0.070 0.746 
 267 N _   0.016 0.086 0.001 0.027 0.009 0.016 0.072 0.772 
 268 E _   0.014 0.071 0.001 0.020 0.006 0.014 0.074 0.800 
 269 V _   0.012 0.056 0.001 0.014 0.005 0.011 0.076 0.826 
 270 G _   0.010 0.044 0.000 0.010 0.003 0.009 0.077 0.846 
 271 E _   0.008 0.037 0.000 0.007 0.003 0.008 0.077 0.859 
 272 G _   0.007 0.032 0.000 0.006 0.002 0.007 0.078 0.868 
 273 P _   0.007 0.030 0.000 0.005 0.002 0.007 0.077 0.872 
 274 E _   0.006 0.029 0.000 0.005 0.002 0.007 0.077 0.874 
 275 A _   0.006 0.030 0.000 0.005 0.002 0.007 0.076 0.874 
 276 E _   0.006 0.033 0.000 0.006 0.002 0.007 0.074 0.871 
 277 S _   0.006 0.037 0.000 0.007 0.003 0.008 0.072 0.866 
 278 S _   0.006 0.044 0.000 0.009 0.003 0.009 0.070 0.859 
 279 I _   0.006 0.053 0.000 0.011 0.004 0.010 0.068 0.849 
 280 T _   0.006 0.064 0.001 0.013 0.004 0.011 0.065 0.837 
 281 T _   0.006 0.076 0.001 0.015 0.005 0.012 0.062 0.823 
 282 S _   0.006 0.089 0.001 0.017 0.006 0.013 0.059 0.809 
 283 S _   0.007 0.102 0.001 0.019 0.006 0.014 0.057 0.795 
 284 S _   0.007 0.115 0.001 0.021 0.007 0.015 0.054 0.781 
 285 A _   0.007 0.127 0.001 0.023 0.008 0.016 0.052 0.766 
 286 V _   0.008 0.139 0.001 0.025 0.009 0.017 0.049 0.752 
 287 Q _   0.009 0.149 0.001 0.027 0.009 0.018 0.048 0.739 
 288 Q _   0.009 0.157 0.001 0.029 0.010 0.018 0.046 0.729 
 289 E _   0.010 0.163 0.001 0.031 0.011 0.019 0.045 0.721 
 290 E _   0.011 0.166 0.001 0.033 0.011 0.019 0.044 0.716 
 291 Q _   0.011 0.167 0.001 0.033 0.011 0.019 0.043 0.716 
 292 W _   0.011 0.164 0.001 0.033 0.011 0.018 0.043 0.719 
 293 L _   0.011 0.158 0.001 0.032 0.010 0.017 0.042 0.727 
 294 F _   0.012 0.149 0.001 0.030 0.010 0.017 0.043 0.740 
 295 L _   0.012 0.136 0.001 0.027 0.009 0.016 0.043 0.758 
 296 S _   0.011 0.118 0.001 0.023 0.008 0.015 0.044 0.780 
 297 R _   0.011 0.099 0.001 0.019 0.007 0.014 0.044 0.805 
 298 K _   0.011 0.078 0.001 0.016 0.006 0.013 0.045 0.830 
 299 T _   0.010 0.060 0.001 0.013 0.005 0.012 0.046 0.854 
 300 S _   0.009 0.046 0.001 0.010 0.004 0.011 0.046 0.873 
 301 L _   0.009 0.035 0.000 0.008 0.004 0.010 0.046 0.887 
 302 R _   0.008 0.029 0.000 0.007 0.003 0.010 0.046 0.896 
 303 K _   0.008 0.024 0.000 0.007 0.003 0.010 0.046 0.901 
 304 R _   0.008 0.022 0.000 0.007 0.003 0.011 0.045 0.903 
 305 S _   0.008 0.020 0.000 0.008 0.004 0.011 0.045 0.904 
 306 L _   0.009 0.019 0.000 0.009 0.004 0.012 0.044 0.903 
 307 K _   0.009 0.018 0.001 0.010 0.004 0.013 0.043 0.901 
 308 H _   0.010 0.018 0.001 0.011 0.005 0.014 0.042 0.899 
 309 L _   0.010 0.018 0.001 0.012 0.006 0.015 0.041 0.897 
 310 V _   0.011 0.018 0.001 0.013 0.006 0.016 0.040 0.895 
 311 D _   0.013 0.017 0.001 0.013 0.007 0.018 0.039 0.892 
 312 E _   0.014 0.017 0.001 0.014 0.008 0.020 0.038 0.889 
 313 A _   0.016 0.017 0.001 0.014 0.008 0.021 0.037 0.886 
 314 H _   0.018 0.016 0.001 0.014 0.009 0.023 0.036 0.882 
 315 C _   0.021 0.015 0.001 0.014 0.010 0.025 0.035 0.878 
 316 L _   0.023 0.015 0.001 0.015 0.011 0.027 0.034 0.874 
 317 R _   0.026 0.015 0.001 0.015 0.012 0.028 0.034 0.869 
 318 L _   0.029 0.014 0.001 0.015 0.013 0.029 0.033 0.865 
 319 D _   0.032 0.013 0.001 0.016 0.014 0.030 0.032 0.861 
 320 A _   0.035 0.013 0.001 0.016 0.014 0.031 0.032 0.858 
 321 I _   0.037 0.012 0.001 0.016 0.015 0.032 0.032 0.856 
 322 Y _   0.039 0.011 0.001 0.016 0.015 0.032 0.031 0.856 
 323 H _   0.041 0.009 0.001 0.015 0.014 0.032 0.031 0.856 
 324 N _   0.043 0.008 0.001 0.014 0.014 0.032 0.031 0.858 
 325 I _   0.044 0.006 0.001 0.012 0.013 0.031 0.031 0.861 
 326 T _   0.045 0.005 0.001 0.011 0.012 0.031 0.031 0.865 
 327 G _   0.046 0.003 0.001 0.009 0.011 0.031 0.031 0.868 
 328 I _   0.047 0.002 0.001 0.008 0.010 0.031 0.031 0.870 
 329 S _   0.048 0.002 0.001 0.007 0.009 0.031 0.031 0.871 
 330 V _   0.050 0.001 0.001 0.006 0.009 0.032 0.031 0.870 
 331 D _   0.052 0.001 0.001 0.005 0.009 0.033 0.031 0.867 
 332 V _   0.056 0.001 0.001 0.005 0.010 0.035 0.031 0.861 
 333 H _   0.061 0.001 0.001 0.005 0.011 0.037 0.031 0.853 
 334 Q _   0.066 0.002 0.001 0.006 0.013 0.040 0.031 0.841 
 335 Q _   0.072 0.003 0.001 0.007 0.016 0.043 0.030 0.827 
 336 I _   0.078 0.006 0.001 0.009 0.019 0.047 0.030 0.811 
 337 V _   0.083 0.009 0.001 0.011 0.023 0.050 0.030 0.793 
 338 Y _   0.087 0.014 0.002 0.014 0.028 0.052 0.030 0.774 
 339 F _   0.089 0.020 0.002 0.019 0.031 0.053 0.030 0.755 
 340 S _   0.090 0.027 0.002 0.024 0.034 0.053 0.030 0.739 
 341 E _   0.089 0.034 0.002 0.030 0.036 0.052 0.030 0.727 
 342 G _   0.086 0.039 0.002 0.035 0.035 0.050 0.031 0.722 
 343 T _   0.080 0.042 0.002 0.038 0.033 0.047 0.032 0.727 
 344 L _   0.071 0.042 0.002 0.039 0.029 0.042 0.033 0.741 
 345 I _   0.062 0.041 0.002 0.037 0.024 0.037 0.035 0.763 
 346 W _   0.052 0.037 0.002 0.032 0.019 0.032 0.036 0.791 
 347 A _   0.042 0.030 0.001 0.026 0.014 0.026 0.038 0.823 
 348 K _   0.033 0.022 0.001 0.019 0.010 0.021 0.039 0.855 
 349 K _   0.025 0.015 0.001 0.013 0.007 0.017 0.040 0.883 
 350 A _   0.019 0.009 0.001 0.008 0.004 0.013 0.041 0.905 
 351 A _   0.014 0.005 0.000 0.006 0.003 0.011 0.041 0.920 
 352 N _   0.011 0.003 0.000 0.004 0.002 0.009 0.041 0.929 
 353 M _   0.009 0.002 0.000 0.003 0.002 0.009 0.041 0.934 
 354 S _   0.008 0.001 0.000 0.003 0.002 0.009 0.041 0.935 
 355 D _   0.008 0.001 0.000 0.004 0.002 0.010 0.040 0.934 
 356 V _   0.009 0.002 0.000 0.005 0.003 0.012 0.039 0.931 
 357 S _   0.010 0.002 0.000 0.007 0.004 0.014 0.038 0.925 
 358 D _   0.012 0.004 0.001 0.009 0.005 0.017 0.036 0.916 
 359 L _   0.014 0.005 0.001 0.012 0.007 0.021 0.034 0.905 
 360 R _   0.017 0.007 0.001 0.016 0.009 0.025 0.033 0.893 
 361 I _   0.021 0.008 0.001 0.019 0.012 0.028 0.031 0.880 
 362 F _   0.026 0.009 0.001 0.020 0.014 0.032 0.029 0.869 
 363 Y _   0.031 0.009 0.001 0.021 0.016 0.035 0.028 0.858 
 364 R _   0.039 0.009 0.001 0.021 0.018 0.038 0.026 0.847 
 365 G _   0.048 0.009 0.001 0.020 0.020 0.041 0.025 0.836 
 366 S _   0.060 0.008 0.001 0.019 0.020 0.043 0.024 0.825 
 367 G _   0.073 0.007 0.001 0.016 0.021 0.045 0.023 0.813 
 368 L _   0.088 0.006 0.001 0.014 0.021 0.047 0.022 0.801 
 369 I _   0.105 0.004 0.001 0.012 0.022 0.048 0.021 0.787 
 370 S _   0.124 0.003 0.001 0.010 0.021 0.049 0.020 0.771 
 371 S _   0.144 0.002 0.001 0.009 0.022 0.049 0.019 0.753 
 372 I _   0.166 0.002 0.001 0.008 0.021 0.049 0.019 0.733 
 373 S _   0.190 0.001 0.001 0.007 0.021 0.049 0.018 0.713 
 374 I _   0.214 0.001 0.001 0.006 0.021 0.049 0.018 0.691 
 375 D _   0.239 0.000 0.001 0.005 0.020 0.048 0.017 0.668 
 376 W _   0.264 0.000 0.001 0.005 0.020 0.048 0.017 0.645 
 377 L _   0.288 0.000 0.001 0.004 0.020 0.047 0.016 0.623 
 378 Y _   0.310 0.000 0.001 0.003 0.020 0.047 0.016 0.601 
 379 Q _   0.330 0.000 0.001 0.003 0.021 0.047 0.016 0.582 
 380 R _   0.349 0.000 0.001 0.003 0.022 0.046 0.016 0.562 
 381 M _   0.366 0.000 0.001 0.003 0.023 0.047 0.016 0.544 
 382 Y _   0.380 0.000 0.001 0.003 0.026 0.047 0.017 0.527 
 383 F _   0.392 0.000 0.001 0.003 0.028 0.047 0.017 0.511 
 384 I _   0.400 0.000 0.002 0.004 0.031 0.047 0.018 0.498 
 385 M _   0.405 0.001 0.002 0.005 0.035 0.047 0.020 0.487 
 386 D _   0.402 0.001 0.002 0.007 0.037 0.046 0.021 0.484 
 387 E _   0.392 0.001 0.002 0.009 0.039 0.045 0.023 0.489 
 388 L _   0.372 0.002 0.002 0.011 0.039 0.043 0.026 0.505 
 389 V _   0.344 0.002 0.002 0.013 0.036 0.040 0.029 0.533 
 390 C _   0.306 0.003 0.002 0.014 0.032 0.037 0.033 0.572 
 391 V _   0.262 0.002 0.002 0.014 0.027 0.033 0.037 0.623 
 392 C _   0.215 0.002 0.002 0.013 0.020 0.028 0.041 0.678 
 393 D _   0.168 0.002 0.001 0.011 0.015 0.024 0.046 0.733 
 394 L _   0.127 0.001 0.001 0.008 0.010 0.020 0.049 0.783 
 395 E _   0.092 0.001 0.001 0.006 0.007 0.017 0.052 0.824 
 396 N _   0.065 0.000 0.001 0.005 0.005 0.014 0.055 0.855 
 397 C _   0.045 0.000 0.000 0.004 0.004 0.012 0.057 0.878 
 398 S _   0.032 0.000 0.000 0.004 0.003 0.010 0.058 0.892 
 399 N _   0.023 0.000 0.000 0.004 0.003 0.009 0.059 0.901 
 400 I _   0.018 0.000 0.000 0.004 0.003 0.009 0.060 0.906 
 401 E _   0.014 0.001 0.000 0.005 0.003 0.008 0.061 0.909 
 402 E _   0.012 0.001 0.000 0.005 0.003 0.008 0.061 0.910 
 403 I _   0.010 0.001 0.000 0.006 0.003 0.009 0.061 0.910 
 404 T _   0.010 0.002 0.000 0.006 0.003 0.009 0.061 0.909 
 405 P _   0.009 0.003 0.000 0.007 0.003 0.010 0.060 0.907 
 406 P _   0.009 0.004 0.000 0.008 0.004 0.010 0.060 0.904 
 407 S _   0.009 0.005 0.001 0.010 0.005 0.011 0.060 0.900 
 408 I _   0.010 0.007 0.001 0.011 0.005 0.012 0.059 0.896 
 409 S _   0.010 0.008 0.001 0.012 0.006 0.013 0.059 0.892 
 410 A _   0.010 0.010 0.001 0.013 0.006 0.014 0.058 0.889 
 411 P _   0.010 0.011 0.001 0.013 0.006 0.014 0.058 0.887 
 412 Q _   0.010 0.012 0.001 0.013 0.006 0.014 0.058 0.886 
 413 K _   0.010 0.013 0.001 0.012 0.005 0.015 0.057 0.887 
 414 I _   0.011 0.014 0.001 0.010 0.005 0.015 0.057 0.887 
 415 V _   0.011 0.015 0.001 0.009 0.005 0.016 0.056 0.886 
 416 A _   0.012 0.016 0.001 0.008 0.005 0.018 0.056 0.883 
 417 D _   0.014 0.019 0.001 0.008 0.006 0.020 0.055 0.876 
 418 S _   0.017 0.023 0.001 0.010 0.008 0.023 0.054 0.865 
 419 Y _   0.020 0.030 0.001 0.012 0.011 0.026 0.053 0.846 
 420 N _   0.023 0.042 0.001 0.017 0.014 0.030 0.053 0.821 
 421 G _   0.026 0.056 0.001 0.023 0.018 0.033 0.052 0.791 
 422 Y _   0.028 0.072 0.002 0.031 0.021 0.035 0.051 0.761 
 423 V _   0.029 0.085 0.002 0.038 0.023 0.036 0.050 0.737 
 424 F _   0.029 0.095 0.002 0.043 0.024 0.035 0.050 0.721 
 425 Y _   0.029 0.099 0.002 0.046 0.024 0.034 0.050 0.716 
 426 L _   0.028 0.101 0.002 0.046 0.023 0.032 0.051 0.718 
 427 L _   0.025 0.098 0.002 0.044 0.020 0.030 0.052 0.729 
 428 R _   0.023 0.091 0.001 0.039 0.018 0.027 0.053 0.747 
 429 D _   0.021 0.081 0.001 0.034 0.015 0.024 0.055 0.770 
 430 G _   0.019 0.068 0.001 0.027 0.012 0.021 0.057 0.796 
 431 I _   0.016 0.052 0.001 0.021 0.009 0.018 0.059 0.823 
 432 Y _   0.014 0.037 0.001 0.016 0.007 0.015 0.061 0.849 
 433 R _   0.013 0.024 0.001 0.012 0.005 0.013 0.063 0.870 
 434 A _   0.011 0.014 0.000 0.008 0.004 0.011 0.064 0.887 
 435 D _   0.010 0.008 0.000 0.006 0.003 0.010 0.065 0.898 
 436 L _   0.009 0.004 0.000 0.004 0.002 0.010 0.065 0.905 
 437 P _   0.009 0.003 0.000 0.003 0.002 0.010 0.065 0.907 
 438 V _   0.011 0.002 0.000 0.003 0.002 0.012 0.065 0.905 
 439 P _   0.014 0.002 0.000 0.003 0.003 0.015 0.064 0.899 
 440 S _   0.019 0.003 0.000 0.004 0.004 0.019 0.063 0.887 
 441 G _   0.027 0.005 0.001 0.006 0.007 0.026 0.062 0.868 
 442 R _   0.035 0.009 0.001 0.009 0.011 0.033 0.060 0.841 
 443 C _   0.044 0.018 0.001 0.013 0.018 0.041 0.058 0.807 
 444 A _   0.053 0.031 0.002 0.020 0.025 0.047 0.056 0.767 
 445 E _   0.059 0.046 0.002 0.028 0.032 0.052 0.054 0.728 
 446 A _   0.064 0.060 0.002 0.035 0.037 0.055 0.052 0.694 
 447 V _   0.067 0.071 0.002 0.041 0.040 0.056 0.051 0.671 
 448 R _   0.068 0.077 0.002 0.045 0.040 0.055 0.050 0.662 
 449 I _   0.066 0.080 0.002 0.047 0.039 0.052 0.050 0.664 
 450 V _   0.062 0.079 0.002 0.046 0.035 0.049 0.051 0.676 
 451 E _   0.057 0.074 0.002 0.042 0.031 0.044 0.051 0.699 
 452 S _   0.050 0.065 0.002 0.035 0.025 0.039 0.052 0.731 
 453 C _   0.043 0.053 0.002 0.028 0.019 0.033 0.053 0.769 
 454 T _   0.036 0.038 0.001 0.020 0.014 0.028 0.054 0.807 
 455 L _   0.030 0.025 0.001 0.014 0.010 0.024 0.055 0.840 
 456 K _   0.025 0.015 0.001 0.010 0.007 0.020 0.056 0.867 
 457 D _   0.020 0.009 0.001 0.007 0.005 0.017 0.056 0.885 
 458 F _   0.017 0.005 0.000 0.005 0.004 0.015 0.056 0.897 
 459 A _   0.016 0.003 0.000 0.005 0.003 0.014 0.056 0.903 
 460 I _   0.015 0.002 0.000 0.005 0.003 0.014 0.055 0.906 
 461 K _   0.015 0.002 0.000 0.005 0.004 0.014 0.055 0.906 
 462 P _   0.015 0.001 0.000 0.006 0.004 0.015 0.054 0.904 
 463 Q _   0.017 0.001 0.001 0.007 0.005 0.016 0.053 0.901 
 464 A _   0.019 0.001 0.001 0.007 0.005 0.017 0.052 0.898 
 465 K _   0.021 0.001 0.001 0.007 0.005 0.019 0.051 0.894 
 466 R _   0.025 0.001 0.001 0.007 0.006 0.021 0.050 0.890 
 467 I _   0.031 0.001 0.001 0.007 0.006 0.023 0.049 0.883 
 468 I _   0.038 0.001 0.001 0.006 0.007 0.026 0.047 0.874 
 469 Y _   0.048 0.001 0.001 0.005 0.008 0.030 0.045 0.861 
 470 F _   0.063 0.001 0.001 0.005 0.010 0.035 0.044 0.842 
 471 N _   0.081 0.001 0.001 0.005 0.014 0.040 0.042 0.816 
 472 D _   0.102 0.001 0.001 0.006 0.019 0.047 0.040 0.783 
 473 T _   0.126 0.003 0.001 0.007 0.026 0.053 0.038 0.745 
 474 A _   0.147 0.005 0.002 0.010 0.035 0.059 0.036 0.706 
 475 Q _   0.165 0.008 0.002 0.014 0.043 0.063 0.035 0.670 
 476 V _   0.180 0.011 0.002 0.019 0.049 0.066 0.034 0.639 
 477 F _   0.187 0.015 0.003 0.024 0.052 0.066 0.033 0.622 
 478 M _   0.187 0.016 0.003 0.027 0.052 0.064 0.033 0.618 
 479 S _   0.182 0.017 0.003 0.027 0.049 0.060 0.033 0.630 
 480 T _   0.171 0.015 0.002 0.024 0.043 0.056 0.033 0.654 
 481 F _   0.156 0.013 0.002 0.020 0.036 0.050 0.034 0.689 
 482 L _   0.138 0.009 0.002 0.015 0.028 0.045 0.034 0.729 
 483 D _   0.118 0.006 0.001 0.011 0.020 0.039 0.034 0.770 
 484 G _   0.100 0.004 0.001 0.007 0.014 0.035 0.035 0.804 
 485 S _   0.084 0.002 0.001 0.005 0.011 0.031 0.035 0.830 
 486 A _   0.071 0.002 0.001 0.005 0.009 0.029 0.035 0.849 
 487 S _   0.061 0.002 0.001 0.005 0.008 0.027 0.035 0.861 
 488 H _   0.053 0.003 0.001 0.007 0.008 0.026 0.035 0.867 
 489 L _   0.047 0.004 0.001 0.009 0.009 0.026 0.036 0.869 
 490 I _   0.042 0.006 0.001 0.012 0.010 0.026 0.036 0.868 
 491 L _   0.038 0.008 0.001 0.015 0.011 0.025 0.035 0.866 
 492 P _   0.033 0.010 0.001 0.018 0.011 0.025 0.035 0.866 
 493 R _   0.029 0.012 0.001 0.020 0.011 0.023 0.035 0.868 
 494 I _   0.026 0.013 0.001 0.021 0.011 0.022 0.036 0.871 
 495 P _   0.022 0.014 0.001 0.020 0.010 0.020 0.036 0.877 
 496 F _   0.019 0.014 0.001 0.019 0.009 0.019 0.036 0.884 
 497 A _   0.017 0.013 0.001 0.018 0.008 0.017 0.036 0.890 
 498 D _   0.015 0.012 0.001 0.016 0.007 0.016 0.037 0.897 
 499 V _   0.013 0.012 0.001 0.015 0.006 0.014 0.037 0.903 
 500 K _   0.011 0.011 0.001 0.013 0.006 0.013 0.037 0.908 
 501 S _   0.010 0.010 0.001 0.012 0.005 0.012 0.038 0.913 
 502 F _   0.009 0.009 0.001 0.011 0.004 0.011 0.038 0.918 
 503 A _   0.009 0.008 0.000 0.010 0.004 0.010 0.038 0.922 
 504 C _   0.008 0.007 0.000 0.009 0.004 0.009 0.038 0.925 
 505 E _   0.008 0.006 0.000 0.008 0.003 0.009 0.038 0.927 
 506 N _   0.008 0.006 0.000 0.008 0.003 0.009 0.038 0.928 
 507 N _   0.008 0.006 0.000 0.008 0.003 0.010 0.038 0.927 
 508 D _   0.009 0.006 0.000 0.008 0.004 0.010 0.038 0.926 
 509 F _   0.009 0.006 0.000 0.008 0.004 0.011 0.038 0.923 
 510 L _   0.010 0.006 0.001 0.010 0.005 0.012 0.038 0.919 
 511 V _   0.011 0.007 0.001 0.011 0.005 0.014 0.037 0.914 
 512 T _   0.012 0.008 0.001 0.013 0.006 0.015 0.037 0.908 
 513 D _   0.013 0.008 0.001 0.015 0.007 0.016 0.037 0.903 
 514 G _   0.014 0.009 0.001 0.016 0.008 0.017 0.037 0.899 
 515 K _   0.015 0.008 0.001 0.017 0.008 0.018 0.037 0.896 
 516 V _   0.015 0.008 0.001 0.016 0.008 0.019 0.037 0.896 
 517 I _   0.016 0.007 0.001 0.014 0.008 0.019 0.037 0.898 
 518 F _   0.016 0.006 0.001 0.012 0.007 0.020 0.037 0.902 
 519 Q _   0.017 0.004 0.001 0.010 0.006 0.020 0.037 0.905 
 520 Q _   0.018 0.003 0.001 0.008 0.006 0.021 0.037 0.907 
 521 D _   0.020 0.002 0.001 0.006 0.006 0.022 0.037 0.905 
 522 A _   0.023 0.002 0.001 0.006 0.007 0.024 0.037 0.900 
 523 L _   0.028 0.002 0.001 0.006 0.008 0.027 0.036 0.891 
 524 S _   0.034 0.002 0.001 0.008 0.010 0.031 0.036 0.878 
 525 F _   0.041 0.003 0.001 0.010 0.013 0.035 0.036 0.861 
 526 N _   0.048 0.004 0.001 0.014 0.016 0.038 0.035 0.843 
 527 E _   0.055 0.005 0.001 0.017 0.019 0.041 0.035 0.827 
 528 F _   0.061 0.005 0.001 0.019 0.020 0.042 0.035 0.815 
 529 I _   0.067 0.005 0.001 0.019 0.021 0.043 0.035 0.808 
 530 V _   0.072 0.005 0.001 0.018 0.020 0.044 0.035 0.805 
 531 G _   0.076 0.004 0.001 0.015 0.018 0.043 0.035 0.807 
 532 C _   0.081 0.003 0.001 0.011 0.016 0.043 0.035 0.810 
 533 D _   0.086 0.002 0.001 0.008 0.014 0.043 0.036 0.812 
 534 L _   0.092 0.001 0.001 0.006 0.012 0.044 0.036 0.809 
 535 S _   0.100 0.001 0.001 0.004 0.012 0.045 0.036 0.803 
 536 H _   0.110 0.000 0.001 0.004 0.012 0.047 0.036 0.791 
 537 I _   0.123 0.001 0.001 0.004 0.014 0.050 0.036 0.772 
 538 E _   0.139 0.002 0.001 0.005 0.019 0.054 0.036 0.746 
 539 E _   0.155 0.004 0.001 0.006 0.025 0.058 0.036 0.715 
 540 F _   0.170 0.008 0.002 0.009 0.032 0.062 0.036 0.680 
 541 G _   0.182 0.016 0.002 0.014 0.041 0.065 0.037 0.642 
 542 F _   0.189 0.028 0.003 0.021 0.048 0.066 0.037 0.608 
 543 G _   0.190 0.039 0.003 0.028 0.053 0.066 0.039 0.583 
 544 N _   0.187 0.048 0.003 0.035 0.055 0.063 0.040 0.568 
 545 L _   0.179 0.054 0.003 0.041 0.053 0.060 0.043 0.568 
 546 V _   0.166 0.056 0.003 0.043 0.048 0.055 0.046 0.583 
 547 I _   0.148 0.056 0.003 0.043 0.041 0.048 0.050 0.612 
 548 F _   0.126 0.052 0.002 0.039 0.033 0.042 0.054 0.653 
 549 G _   0.102 0.044 0.002 0.033 0.024 0.035 0.058 0.701 
 550 S _   0.080 0.034 0.001 0.025 0.017 0.028 0.063 0.751 
 551 S _   0.060 0.023 0.001 0.018 0.011 0.022 0.067 0.798 
 552 S _   0.043 0.014 0.001 0.012 0.007 0.017 0.071 0.837 
 553 Q _   0.030 0.007 0.000 0.008 0.004 0.012 0.073 0.865 
 554 L _   0.020 0.004 0.000 0.005 0.003 0.009 0.075 0.884 
 555 H _   0.014 0.002 0.000 0.003 0.002 0.007 0.076 0.896 
 556 P _   0.010 0.001 0.000 0.003 0.001 0.006 0.076 0.903 
 557 L _   0.008 0.001 0.000 0.002 0.001 0.006 0.076 0.906 
 558 P _   0.007 0.001 0.000 0.002 0.001 0.006 0.075 0.908 
 559 G _   0.007 0.001 0.000 0.003 0.002 0.008 0.074 0.907 
 560 R _   0.008 0.002 0.000 0.003 0.002 0.010 0.072 0.903 
 561 P _   0.009 0.003 0.000 0.005 0.003 0.013 0.070 0.896 
 562 Q _   0.012 0.007 0.000 0.008 0.005 0.017 0.067 0.884 
 563 E _   0.015 0.014 0.001 0.012 0.007 0.022 0.064 0.865 
 564 L _   0.017 0.024 0.001 0.018 0.011 0.027 0.060 0.842 
 565 S _   0.020 0.035 0.001 0.025 0.015 0.031 0.056 0.816 
 566 V _   0.023 0.047 0.001 0.033 0.019 0.035 0.052 0.791 
 567 L _   0.025 0.056 0.002 0.040 0.022 0.037 0.048 0.771 
 568 F _   0.026 0.061 0.002 0.046 0.024 0.038 0.045 0.758 
 569 G _   0.028 0.064 0.002 0.049 0.025 0.038 0.042 0.752 
 570 S _   0.030 0.063 0.002 0.049 0.025 0.037 0.040 0.755 
 571 H _   0.032 0.060 0.002 0.045 0.023 0.036 0.038 0.765 
 572 Q _   0.034 0.052 0.002 0.039 0.020 0.033 0.036 0.784 
 573 A _   0.037 0.041 0.001 0.031 0.017 0.030 0.035 0.807 
 574 L _   0.042 0.028 0.001 0.022 0.014 0.028 0.033 0.832 
 575 V _   0.049 0.016 0.001 0.014 0.010 0.025 0.032 0.853 
 576 Q _   0.057 0.007 0.001 0.008 0.008 0.022 0.030 0.866 
 577 W _   0.069 0.003 0.001 0.005 0.006 0.021 0.028 0.868 
 578 K _   0.088 0.001 0.001 0.003 0.005 0.020 0.027 0.857 
 579 P _   0.115 0.000 0.001 0.002 0.005 0.020 0.024 0.833 
 580 P _   0.155 0.000 0.001 0.002 0.006 0.020 0.022 0.794 
 581 A _   0.209 0.000 0.001 0.002 0.008 0.022 0.019 0.740 
 582 L _   0.276 0.000 0.001 0.002 0.010 0.023 0.017 0.671 
 583 A _   0.354 0.000 0.001 0.002 0.013 0.025 0.014 0.590 
 584 I _   0.434 0.000 0.001 0.002 0.016 0.026 0.012 0.508 
 585 G H   0.507 0.000 0.001 0.002 0.019 0.027 0.011 0.433 
 586 A H   0.570 0.000 0.001 0.002 0.021 0.027 0.009 0.369 
 587 N H   0.621 0.000 0.001 0.002 0.023 0.027 0.009 0.318 
 588 V H   0.659 0.000 0.001 0.002 0.024 0.026 0.008 0.280 
 589 I H   0.687 0.000 0.001 0.002 0.025 0.025 0.008 0.252 
 590 L H   0.702 0.000 0.001 0.002 0.027 0.025 0.008 0.236 
 591 I H   0.705 0.000 0.001 0.002 0.028 0.024 0.008 0.231 
 592 S H   0.698 0.000 0.001 0.002 0.029 0.024 0.009 0.236 
 593 D H   0.681 0.000 0.002 0.003 0.030 0.024 0.010 0.250 
 594 I H   0.651 0.000 0.002 0.004 0.030 0.024 0.012 0.276 
 595 I H   0.607 0.000 0.002 0.005 0.029 0.025 0.014 0.317 
 596 E H   0.549 0.001 0.002 0.007 0.028 0.024 0.017 0.372 
 597 L H   0.479 0.001 0.002 0.007 0.025 0.024 0.021 0.441 
 598 F _   0.401 0.001 0.002 0.007 0.021 0.023 0.025 0.521 
 599 E _   0.317 0.000 0.002 0.007 0.016 0.021 0.029 0.608 
 600 L _   0.238 0.000 0.001 0.006 0.012 0.019 0.033 0.690 
 601 G _   0.171 0.000 0.001 0.005 0.009 0.017 0.037 0.760 
 602 P _   0.120 0.000 0.001 0.005 0.006 0.016 0.040 0.813 
 603 S _   0.085 0.000 0.001 0.004 0.005 0.015 0.043 0.848 
 604 A _   0.061 0.000 0.001 0.005 0.005 0.014 0.045 0.870 
 605 W _   0.046 0.001 0.001 0.006 0.005 0.014 0.047 0.882 
 606 Q _   0.035 0.001 0.001 0.008 0.005 0.014 0.049 0.888 
 607 N _   0.027 0.002 0.001 0.011 0.006 0.014 0.050 0.890 
 608 W _   0.022 0.003 0.001 0.013 0.006 0.014 0.052 0.889 
 609 T _   0.018 0.003 0.001 0.015 0.006 0.014 0.053 0.889 
 610 Y _   0.016 0.004 0.001 0.016 0.006 0.013 0.055 0.889 
 611 E _   0.014 0.004 0.001 0.015 0.006 0.012 0.057 0.892 
 612 V _   0.012 0.003 0.001 0.013 0.005 0.011 0.058 0.896 
 613 K _   0.011 0.002 0.001 0.011 0.004 0.011 0.060 0.901 
 614 V _   0.010 0.002 0.000 0.008 0.003 0.010 0.061 0.906 
 615 S _   0.010 0.001 0.000 0.005 0.003 0.010 0.062 0.909 
 616 T _   0.011 0.000 0.000 0.003 0.002 0.010 0.063 0.910 
 617 Q _   0.013 0.000 0.000 0.002 0.002 0.011 0.063 0.907 
 618 D _   0.018 0.000 0.000 0.002 0.002 0.014 0.063 0.900 
 619 P _   0.028 0.000 0.000 0.002 0.003 0.019 0.063 0.885 
 620 P _   0.043 0.000 0.001 0.002 0.006 0.026 0.063 0.860 
 621 E _   0.066 0.001 0.001 0.004 0.010 0.036 0.062 0.821 
 622 V _   0.095 0.002 0.001 0.006 0.018 0.047 0.061 0.769 
 623 T _   0.125 0.006 0.002 0.010 0.030 0.059 0.060 0.708 
 624 H _   0.152 0.013 0.002 0.016 0.044 0.070 0.059 0.643 
 625 I _   0.174 0.022 0.003 0.022 0.056 0.077 0.059 0.587 
 626 F _   0.190 0.031 0.003 0.028 0.064 0.081 0.060 0.544 
 627 L _   0.198 0.037 0.003 0.032 0.069 0.082 0.061 0.518 
 628 N _   0.201 0.040 0.003 0.035 0.070 0.080 0.063 0.507 
 629 I _   0.200 0.041 0.003 0.035 0.068 0.077 0.065 0.511 
 630 S _   0.193 0.040 0.003 0.033 0.062 0.072 0.068 0.529 
 631 G _   0.180 0.037 0.003 0.029 0.054 0.066 0.072 0.559 
 632 T _   0.163 0.032 0.002 0.024 0.043 0.059 0.077 0.600 
 633 M _   0.143 0.025 0.002 0.020 0.033 0.052 0.082 0.643 
 634 L _   0.121 0.020 0.002 0.016 0.024 0.045 0.087 0.685 
 635 N _   0.098 0.015 0.001 0.013 0.017 0.039 0.092 0.725 
 636 V _   0.079 0.011 0.001 0.010 0.012 0.033 0.096 0.757 
 637 P _   0.062 0.009 0.001 0.009 0.009 0.029 0.100 0.781 
 638 E _   0.050 0.008 0.001 0.008 0.007 0.025 0.104 0.797 
 639 L _   0.041 0.007 0.001 0.008 0.006 0.023 0.107 0.807 
 640 Q _   0.033 0.008 0.001 0.009 0.006 0.021 0.110 0.813 
 641 S _   0.027 0.008 0.001 0.011 0.006 0.019 0.112 0.816 
 642 A _   0.023 0.009 0.001 0.013 0.006 0.018 0.115 0.816 
 643 M _   0.020 0.010 0.001 0.015 0.006 0.017 0.117 0.814 
 644 K _   0.018 0.010 0.001 0.016 0.006 0.016 0.120 0.813 
 645 Y _   0.016 0.011 0.001 0.018 0.006 0.015 0.123 0.811 
 646 K _   0.015 0.011 0.001 0.018 0.006 0.013 0.126 0.810 
 647 V _   0.013 0.010 0.001 0.017 0.005 0.012 0.129 0.812 
 648 S _   0.012 0.009 0.001 0.015 0.005 0.011 0.132 0.816 
 649 V _   0.011 0.008 0.000 0.013 0.004 0.009 0.135 0.820 
 650 R _   0.009 0.007 0.000 0.010 0.003 0.008 0.137 0.825 
 651 A _   0.008 0.005 0.000 0.008 0.002 0.007 0.140 0.829 
 652 S _   0.007 0.004 0.000 0.006 0.002 0.006 0.141 0.833 
 653 S _   0.006 0.003 0.000 0.005 0.002 0.005 0.143 0.836 
 654 P _   0.005 0.003 0.000 0.004 0.001 0.005 0.143 0.838 
 655 K _   0.005 0.003 0.000 0.003 0.001 0.005 0.143 0.839 
 656 R _   0.005 0.004 0.000 0.003 0.001 0.005 0.142 0.840 
 657 P _   0.005 0.005 0.000 0.004 0.001 0.005 0.141 0.839 
 658 G _   0.005 0.007 0.000 0.004 0.002 0.006 0.139 0.837 
 659 P _   0.005 0.012 0.000 0.006 0.002 0.007 0.136 0.831 
 660 W _   0.006 0.021 0.000 0.008 0.003 0.009 0.132 0.821 
 661 S _   0.007 0.035 0.001 0.011 0.004 0.011 0.127 0.805 
 662 E _   0.007 0.056 0.001 0.015 0.006 0.013 0.121 0.780 
 663 P _   0.008 0.084 0.001 0.020 0.007 0.015 0.115 0.750 
