#TopoPred_TM8: 8-state transmembrane topology prediction results by no_profile mode 
#probabilities are in the order of H E C I L F X _, the 8 transmembrane topology types used in PDBTM 
   1 M X   0.012 0.001 0.002 0.045 0.009 0.011 0.793 0.127 
   2 S X   0.006 0.001 0.000 0.031 0.002 0.008 0.814 0.139 
   3 F X   0.003 0.000 0.000 0.023 0.001 0.006 0.820 0.146 
   4 F X   0.003 0.001 0.000 0.020 0.001 0.007 0.818 0.149 
   5 N X   0.004 0.001 0.000 0.020 0.002 0.008 0.813 0.152 
   6 F X   0.005 0.002 0.000 0.020 0.002 0.010 0.805 0.156 
   7 R X   0.006 0.002 0.000 0.020 0.003 0.010 0.797 0.161 
   8 K X   0.007 0.003 0.000 0.020 0.003 0.010 0.790 0.167 
   9 I X   0.007 0.003 0.000 0.018 0.003 0.009 0.782 0.177 
  10 F X   0.006 0.003 0.000 0.016 0.003 0.008 0.775 0.188 
  11 K X   0.005 0.003 0.000 0.013 0.003 0.007 0.769 0.200 
  12 L X   0.004 0.003 0.000 0.010 0.002 0.005 0.762 0.213 
  13 G X   0.003 0.002 0.000 0.007 0.002 0.004 0.756 0.225 
  14 S X   0.003 0.002 0.000 0.004 0.001 0.004 0.750 0.236 
  15 E X   0.003 0.001 0.000 0.003 0.001 0.003 0.743 0.245 
  16 K X   0.002 0.001 0.000 0.003 0.001 0.003 0.736 0.254 
  17 K X   0.002 0.001 0.000 0.003 0.001 0.003 0.728 0.262 
  18 K X   0.002 0.001 0.000 0.003 0.001 0.003 0.719 0.270 
  19 K X   0.002 0.002 0.000 0.004 0.001 0.004 0.709 0.278 
  20 Q X   0.002 0.002 0.000 0.006 0.002 0.004 0.697 0.287 
  21 Y X   0.003 0.003 0.000 0.007 0.002 0.005 0.684 0.297 
  22 E X   0.003 0.004 0.000 0.008 0.002 0.005 0.671 0.307 
  23 H X   0.003 0.004 0.000 0.009 0.002 0.005 0.657 0.319 
  24 V X   0.003 0.005 0.000 0.009 0.002 0.005 0.643 0.332 
  25 K X   0.003 0.006 0.000 0.008 0.002 0.006 0.630 0.346 
  26 R X   0.003 0.006 0.000 0.007 0.002 0.006 0.616 0.360 
  27 D X   0.003 0.007 0.000 0.006 0.002 0.007 0.601 0.373 
  28 L X   0.003 0.008 0.000 0.006 0.002 0.008 0.586 0.386 
  29 N X   0.004 0.010 0.000 0.007 0.003 0.009 0.570 0.396 
  30 P X   0.005 0.014 0.001 0.009 0.004 0.011 0.553 0.403 
  31 E X   0.006 0.021 0.001 0.012 0.006 0.014 0.533 0.407 
  32 D X   0.008 0.032 0.001 0.017 0.008 0.016 0.512 0.406 
  33 F X   0.009 0.045 0.001 0.024 0.011 0.019 0.489 0.402 
  34 W X   0.010 0.060 0.001 0.031 0.013 0.021 0.468 0.397 
  35 E X   0.010 0.072 0.001 0.037 0.014 0.022 0.448 0.395 
  36 I X   0.011 0.080 0.001 0.042 0.015 0.022 0.431 0.398 
  37 I X   0.011 0.085 0.001 0.043 0.015 0.022 0.418 0.405 
  38 G _   0.011 0.087 0.001 0.042 0.014 0.021 0.406 0.417 
  39 E _   0.011 0.086 0.001 0.039 0.013 0.020 0.396 0.433 
  40 L _   0.011 0.083 0.001 0.034 0.012 0.019 0.388 0.452 
  41 G _   0.010 0.077 0.001 0.029 0.010 0.017 0.381 0.473 
  42 D _   0.010 0.070 0.001 0.025 0.009 0.016 0.375 0.495 
  43 G _   0.010 0.061 0.001 0.021 0.007 0.014 0.370 0.516 
  44 A _   0.009 0.052 0.001 0.017 0.006 0.013 0.365 0.537 
  45 F _   0.009 0.044 0.001 0.014 0.005 0.012 0.360 0.555 
  46 G _   0.008 0.037 0.001 0.012 0.004 0.011 0.356 0.572 
  47 K _   0.008 0.030 0.000 0.010 0.004 0.010 0.351 0.587 
  48 V _   0.007 0.025 0.000 0.008 0.003 0.009 0.346 0.602 
  49 Y _   0.007 0.021 0.000 0.006 0.003 0.009 0.340 0.614 
  50 K _   0.006 0.018 0.000 0.005 0.002 0.009 0.334 0.624 
  51 A _   0.007 0.017 0.000 0.005 0.003 0.010 0.328 0.631 
  52 Q _   0.008 0.017 0.000 0.005 0.003 0.012 0.320 0.636 
  53 N _   0.009 0.019 0.000 0.006 0.004 0.014 0.312 0.636 
  54 K _   0.011 0.023 0.001 0.009 0.006 0.017 0.302 0.631 
  55 E _   0.014 0.032 0.001 0.014 0.009 0.021 0.291 0.617 
  56 T _   0.017 0.047 0.001 0.023 0.013 0.024 0.279 0.596 
  57 S _   0.019 0.065 0.001 0.034 0.017 0.027 0.267 0.570 
  58 V _   0.021 0.081 0.002 0.046 0.020 0.028 0.256 0.547 
  59 L _   0.021 0.091 0.002 0.055 0.021 0.028 0.248 0.534 
  60 A _   0.021 0.096 0.002 0.059 0.020 0.027 0.241 0.533 
  61 A _   0.020 0.096 0.001 0.059 0.019 0.026 0.237 0.542 
  62 A _   0.019 0.092 0.001 0.053 0.016 0.023 0.233 0.562 
  63 K _   0.018 0.082 0.001 0.043 0.013 0.020 0.231 0.592 
  64 V _   0.016 0.065 0.001 0.032 0.010 0.017 0.229 0.630 
  65 I _   0.014 0.045 0.001 0.021 0.007 0.014 0.228 0.671 
  66 D _   0.011 0.026 0.001 0.013 0.005 0.011 0.226 0.707 
  67 T _   0.009 0.014 0.000 0.007 0.003 0.009 0.224 0.734 
  68 K _   0.007 0.008 0.000 0.004 0.002 0.008 0.220 0.750 
  69 S _   0.006 0.005 0.000 0.003 0.002 0.007 0.216 0.760 
  70 E _   0.006 0.004 0.000 0.003 0.002 0.008 0.212 0.766 
  71 E _   0.006 0.004 0.000 0.003 0.002 0.009 0.206 0.769 
  72 E _   0.007 0.006 0.000 0.005 0.003 0.011 0.199 0.768 
  73 L _   0.009 0.009 0.001 0.008 0.004 0.015 0.191 0.762 
  74 E _   0.012 0.016 0.001 0.015 0.007 0.019 0.182 0.749 
  75 D _   0.014 0.027 0.001 0.023 0.011 0.023 0.170 0.731 
  76 Y _   0.015 0.039 0.001 0.034 0.015 0.026 0.159 0.711 
  77 M _   0.016 0.049 0.001 0.044 0.018 0.028 0.149 0.693 
  78 V _   0.018 0.056 0.002 0.052 0.020 0.029 0.140 0.683 
  79 E _   0.018 0.060 0.002 0.056 0.021 0.030 0.133 0.681 
  80 I _   0.019 0.060 0.002 0.054 0.020 0.029 0.127 0.689 
  81 D _   0.019 0.057 0.001 0.049 0.018 0.027 0.122 0.706 
  82 I _   0.019 0.050 0.001 0.040 0.015 0.025 0.118 0.732 
  83 L _   0.018 0.040 0.001 0.029 0.012 0.022 0.115 0.763 
  84 A _   0.017 0.028 0.001 0.020 0.009 0.020 0.112 0.795 
  85 S _   0.016 0.016 0.001 0.012 0.006 0.018 0.108 0.823 
  86 C _   0.015 0.009 0.001 0.007 0.005 0.017 0.105 0.843 
  87 D _   0.014 0.005 0.000 0.005 0.004 0.016 0.101 0.854 
  88 H _   0.015 0.004 0.000 0.004 0.004 0.017 0.097 0.859 
  89 P _   0.017 0.003 0.000 0.005 0.005 0.019 0.092 0.858 
  90 N _   0.021 0.004 0.001 0.008 0.006 0.021 0.088 0.852 
  91 I _   0.025 0.005 0.001 0.012 0.009 0.024 0.083 0.841 
  92 V _   0.030 0.007 0.001 0.018 0.012 0.026 0.077 0.829 
  93 K _   0.036 0.008 0.001 0.023 0.014 0.028 0.072 0.817 
  94 L _   0.042 0.009 0.001 0.026 0.016 0.029 0.067 0.810 
  95 L _   0.049 0.008 0.001 0.026 0.016 0.029 0.062 0.808 
  96 D _   0.058 0.007 0.001 0.022 0.015 0.028 0.058 0.812 
  97 A _   0.069 0.005 0.001 0.016 0.012 0.026 0.054 0.816 
  98 F _   0.085 0.002 0.001 0.010 0.010 0.024 0.049 0.819 
  99 Y _   0.105 0.001 0.001 0.005 0.008 0.023 0.045 0.812 
 100 Y _   0.134 0.000 0.001 0.003 0.007 0.022 0.040 0.793 
 101 E _   0.174 0.000 0.001 0.002 0.007 0.022 0.036 0.759 
 102 N _   0.231 0.000 0.001 0.001 0.008 0.023 0.031 0.705 
 103 N _   0.307 0.000 0.001 0.001 0.011 0.025 0.026 0.629 
 104 L _   0.392 0.000 0.001 0.002 0.015 0.027 0.022 0.541 
 105 W H   0.484 0.000 0.001 0.002 0.020 0.029 0.018 0.445 
 106 I H   0.562 0.000 0.002 0.002 0.025 0.030 0.016 0.364 
 107 L H   0.619 0.000 0.002 0.003 0.028 0.030 0.014 0.304 
 108 I H   0.659 0.000 0.002 0.003 0.031 0.029 0.013 0.263 
 109 E H   0.680 0.000 0.002 0.003 0.032 0.029 0.012 0.242 
 110 F H   0.688 0.000 0.002 0.003 0.032 0.027 0.012 0.235 
 111 C H   0.685 0.000 0.002 0.003 0.031 0.026 0.012 0.241 
 112 A H   0.667 0.000 0.002 0.003 0.029 0.026 0.013 0.260 
 113 G H   0.639 0.000 0.002 0.003 0.027 0.025 0.013 0.290 
 114 G H   0.601 0.000 0.002 0.003 0.025 0.025 0.014 0.330 
 115 A H   0.551 0.000 0.002 0.003 0.023 0.025 0.016 0.379 
 116 V H   0.495 0.000 0.002 0.004 0.021 0.025 0.018 0.435 
 117 D _   0.433 0.000 0.002 0.006 0.020 0.025 0.020 0.494 
 118 A _   0.367 0.001 0.002 0.008 0.018 0.025 0.023 0.557 
 119 V _   0.302 0.001 0.002 0.010 0.016 0.024 0.026 0.620 
 120 M _   0.239 0.001 0.001 0.010 0.013 0.022 0.029 0.684 
 121 L _   0.182 0.001 0.001 0.010 0.010 0.020 0.032 0.744 
 122 E _   0.134 0.001 0.001 0.008 0.008 0.018 0.034 0.796 
 123 L _   0.097 0.000 0.001 0.006 0.006 0.016 0.036 0.839 
 124 E _   0.069 0.000 0.001 0.004 0.004 0.015 0.037 0.870 
 125 R _   0.051 0.000 0.000 0.003 0.003 0.014 0.038 0.890 
 126 P _   0.040 0.000 0.000 0.003 0.003 0.014 0.038 0.901 
 127 L _   0.034 0.001 0.000 0.003 0.003 0.016 0.038 0.905 
 128 T _   0.033 0.002 0.000 0.004 0.004 0.018 0.039 0.900 
 129 E _   0.033 0.005 0.001 0.006 0.006 0.022 0.039 0.889 
 130 S _   0.035 0.012 0.001 0.009 0.010 0.026 0.038 0.868 
 131 Q _   0.038 0.026 0.001 0.016 0.014 0.031 0.038 0.837 
 132 I _   0.039 0.046 0.002 0.024 0.019 0.034 0.037 0.799 
 133 Q _   0.040 0.066 0.002 0.032 0.022 0.037 0.037 0.764 
 134 V _   0.041 0.082 0.002 0.040 0.025 0.038 0.037 0.737 
 135 V _   0.040 0.092 0.002 0.045 0.026 0.038 0.037 0.721 
 136 C _   0.038 0.098 0.002 0.047 0.026 0.036 0.037 0.716 
 137 K _   0.036 0.099 0.002 0.047 0.025 0.034 0.038 0.720 
 138 Q _   0.033 0.097 0.002 0.043 0.022 0.031 0.039 0.733 
 139 T _   0.030 0.091 0.001 0.038 0.019 0.028 0.041 0.752 
 140 L _   0.027 0.081 0.001 0.031 0.015 0.025 0.043 0.777 
 141 D _   0.024 0.069 0.001 0.025 0.012 0.021 0.044 0.803 
 142 A _   0.021 0.056 0.001 0.019 0.009 0.018 0.046 0.829 
 143 L _   0.018 0.044 0.001 0.015 0.007 0.016 0.048 0.852 
 144 N _   0.015 0.033 0.001 0.011 0.005 0.014 0.050 0.871 
 145 Y _   0.013 0.025 0.001 0.009 0.004 0.012 0.051 0.885 
 146 L _   0.011 0.020 0.000 0.007 0.003 0.010 0.052 0.895 
 147 H _   0.010 0.016 0.000 0.006 0.003 0.009 0.052 0.902 
 148 D _   0.009 0.014 0.000 0.005 0.003 0.009 0.053 0.906 
 149 N _   0.009 0.013 0.000 0.005 0.002 0.009 0.053 0.908 
 150 K _   0.008 0.013 0.000 0.005 0.003 0.009 0.053 0.909 
 151 I _   0.009 0.014 0.000 0.005 0.003 0.010 0.052 0.907 
 152 I _   0.009 0.016 0.000 0.006 0.003 0.011 0.051 0.903 
 153 H _   0.010 0.019 0.000 0.007 0.004 0.012 0.051 0.897 
 154 R _   0.011 0.024 0.001 0.009 0.005 0.014 0.049 0.887 
 155 D _   0.012 0.032 0.001 0.011 0.006 0.017 0.048 0.873 
 156 L _   0.014 0.044 0.001 0.014 0.008 0.019 0.047 0.854 
 157 K _   0.015 0.058 0.001 0.018 0.010 0.021 0.045 0.831 
 158 A _   0.016 0.075 0.001 0.023 0.013 0.023 0.044 0.806 
 159 G _   0.017 0.090 0.001 0.027 0.014 0.024 0.042 0.784 
 160 N _   0.018 0.103 0.001 0.031 0.015 0.024 0.041 0.768 
 161 I _   0.018 0.112 0.001 0.033 0.015 0.024 0.041 0.757 
 162 L _   0.018 0.117 0.001 0.033 0.014 0.023 0.040 0.754 
 163 F _   0.017 0.119 0.001 0.031 0.013 0.022 0.040 0.758 
 164 T _   0.016 0.117 0.001 0.027 0.011 0.020 0.040 0.767 
 165 L _   0.014 0.114 0.001 0.023 0.010 0.018 0.040 0.779 
 166 D _   0.013 0.110 0.001 0.019 0.008 0.017 0.040 0.792 
 167 G _   0.012 0.105 0.001 0.016 0.007 0.016 0.040 0.803 
 168 D _   0.012 0.101 0.001 0.014 0.006 0.015 0.041 0.812 
 169 I _   0.011 0.098 0.001 0.012 0.006 0.014 0.041 0.817 
 170 K _   0.011 0.097 0.001 0.012 0.005 0.013 0.041 0.820 
 171 L _   0.011 0.096 0.001 0.012 0.005 0.013 0.041 0.820 
 172 A _   0.010 0.096 0.001 0.013 0.005 0.013 0.041 0.820 
 173 D _   0.010 0.096 0.001 0.014 0.005 0.013 0.041 0.820 
 174 F _   0.010 0.097 0.001 0.014 0.005 0.012 0.041 0.820 
 175 G _   0.009 0.096 0.001 0.014 0.005 0.012 0.041 0.821 
 176 V _   0.009 0.096 0.001 0.014 0.005 0.012 0.041 0.822 
 177 S _   0.009 0.095 0.001 0.013 0.005 0.012 0.042 0.825 
 178 A _   0.009 0.094 0.001 0.012 0.005 0.012 0.042 0.826 
 179 K _   0.009 0.093 0.001 0.012 0.005 0.012 0.042 0.828 
 180 N _   0.009 0.093 0.001 0.011 0.005 0.012 0.042 0.829 
 181 T _   0.009 0.093 0.001 0.011 0.005 0.012 0.042 0.828 
 182 R _   0.009 0.095 0.001 0.011 0.005 0.012 0.042 0.826 
 183 T _   0.009 0.097 0.001 0.011 0.005 0.013 0.042 0.823 
 184 I _   0.009 0.100 0.001 0.011 0.005 0.014 0.043 0.818 
 185 Q _   0.010 0.103 0.001 0.011 0.005 0.014 0.043 0.813 
 186 R _   0.010 0.108 0.001 0.012 0.006 0.015 0.042 0.806 
 187 R _   0.011 0.114 0.001 0.012 0.006 0.017 0.042 0.797 
 188 D _   0.011 0.122 0.001 0.013 0.007 0.018 0.042 0.786 
 189 S _   0.012 0.131 0.001 0.014 0.008 0.020 0.042 0.772 
 190 F _   0.014 0.143 0.001 0.016 0.009 0.022 0.042 0.754 
 191 I _   0.015 0.157 0.001 0.018 0.011 0.024 0.042 0.734 
 192 G _   0.017 0.173 0.001 0.020 0.013 0.025 0.041 0.709 
 193 T _   0.019 0.192 0.001 0.023 0.015 0.027 0.041 0.682 
 194 P _   0.020 0.211 0.001 0.027 0.017 0.029 0.041 0.654 
 195 Y _   0.021 0.229 0.001 0.031 0.019 0.030 0.041 0.628 
 196 W _   0.022 0.245 0.001 0.036 0.020 0.030 0.041 0.605 
 197 M _   0.022 0.258 0.002 0.041 0.021 0.030 0.042 0.585 
 198 A _   0.022 0.267 0.001 0.045 0.021 0.029 0.043 0.572 
 199 P _   0.021 0.271 0.001 0.049 0.021 0.028 0.044 0.564 
 200 E _   0.021 0.270 0.001 0.051 0.020 0.026 0.046 0.565 
 201 V _   0.019 0.264 0.001 0.051 0.018 0.024 0.048 0.574 
 202 V _   0.018 0.250 0.001 0.049 0.016 0.022 0.051 0.593 
 203 M _   0.017 0.226 0.001 0.044 0.013 0.019 0.055 0.625 
 204 C _   0.015 0.189 0.001 0.037 0.011 0.017 0.060 0.670 
 205 E _   0.014 0.141 0.001 0.029 0.009 0.014 0.065 0.727 
 206 T _   0.012 0.090 0.001 0.020 0.007 0.012 0.070 0.787 
 207 S _   0.011 0.049 0.001 0.013 0.005 0.010 0.073 0.839 
 208 K _   0.009 0.022 0.000 0.007 0.003 0.008 0.076 0.875 
 209 D _   0.008 0.008 0.000 0.004 0.002 0.006 0.078 0.894 
 210 R _   0.008 0.002 0.000 0.002 0.001 0.006 0.078 0.902 
 211 P _   0.010 0.001 0.000 0.002 0.001 0.006 0.078 0.902 
 212 Y _   0.017 0.000 0.000 0.001 0.001 0.008 0.077 0.895 
 213 D _   0.032 0.000 0.000 0.002 0.002 0.011 0.076 0.878 
 214 Y _   0.061 0.000 0.000 0.002 0.003 0.016 0.074 0.843 
 215 K _   0.111 0.000 0.001 0.003 0.006 0.024 0.071 0.785 
 216 A _   0.179 0.000 0.001 0.003 0.012 0.034 0.067 0.703 
 217 D _   0.260 0.000 0.001 0.004 0.021 0.044 0.063 0.606 
 218 V _   0.341 0.001 0.002 0.005 0.033 0.054 0.060 0.505 
 219 W _   0.411 0.001 0.002 0.006 0.046 0.061 0.057 0.415 
 220 S H   0.465 0.003 0.002 0.007 0.057 0.065 0.056 0.344 
 221 L H   0.503 0.005 0.003 0.009 0.066 0.067 0.056 0.292 
 222 G H   0.525 0.008 0.003 0.012 0.071 0.066 0.056 0.259 
 223 I H   0.533 0.010 0.003 0.015 0.073 0.063 0.058 0.244 
 224 T H   0.526 0.012 0.003 0.018 0.072 0.059 0.061 0.248 
 225 L H   0.505 0.013 0.003 0.020 0.067 0.054 0.066 0.272 
 226 I H   0.469 0.013 0.003 0.021 0.059 0.049 0.072 0.315 
 227 E H   0.414 0.011 0.003 0.021 0.048 0.042 0.079 0.382 
 228 M _   0.345 0.008 0.003 0.018 0.036 0.035 0.087 0.468 
 229 A _   0.269 0.005 0.002 0.013 0.023 0.028 0.096 0.563 
 230 E _   0.196 0.002 0.001 0.009 0.013 0.022 0.104 0.653 
 231 I _   0.134 0.001 0.001 0.005 0.007 0.016 0.110 0.726 
 232 E _   0.084 0.000 0.001 0.003 0.004 0.012 0.115 0.781 
 233 P _   0.052 0.000 0.000 0.002 0.002 0.010 0.118 0.815 
 234 P _   0.033 0.000 0.000 0.001 0.002 0.009 0.121 0.834 
 235 H _   0.023 0.000 0.000 0.001 0.002 0.009 0.122 0.843 
 236 H _   0.019 0.001 0.000 0.002 0.002 0.011 0.123 0.842 
 237 E _   0.018 0.002 0.000 0.004 0.003 0.014 0.124 0.834 
 238 L _   0.020 0.009 0.001 0.008 0.006 0.018 0.124 0.816 
 239 N _   0.022 0.024 0.001 0.015 0.010 0.023 0.123 0.781 
 240 P _   0.023 0.052 0.001 0.027 0.015 0.027 0.122 0.732 
 241 M _   0.024 0.082 0.002 0.041 0.019 0.030 0.121 0.682 
 242 R _   0.024 0.106 0.002 0.053 0.021 0.031 0.120 0.643 
 243 V _   0.023 0.120 0.002 0.061 0.022 0.031 0.121 0.621 
 244 L _   0.022 0.126 0.002 0.063 0.022 0.029 0.123 0.613 
 245 L _   0.021 0.126 0.002 0.061 0.020 0.027 0.125 0.618 
 246 K _   0.019 0.121 0.001 0.053 0.017 0.025 0.129 0.635 
 247 I _   0.017 0.110 0.001 0.043 0.014 0.022 0.133 0.659 
 248 A _   0.016 0.093 0.001 0.032 0.011 0.019 0.138 0.689 
 249 K _   0.015 0.073 0.001 0.022 0.009 0.017 0.143 0.720 
 250 S _   0.014 0.055 0.001 0.015 0.006 0.014 0.148 0.746 
 251 E _   0.012 0.042 0.001 0.011 0.005 0.013 0.153 0.764 
 252 P _   0.011 0.033 0.000 0.009 0.004 0.011 0.157 0.774 
 253 P _   0.010 0.028 0.000 0.008 0.003 0.010 0.160 0.780 
 254 T _   0.010 0.025 0.000 0.007 0.003 0.010 0.163 0.782 
 255 L _   0.009 0.023 0.000 0.008 0.003 0.009 0.165 0.782 
 256 A _   0.008 0.022 0.000 0.008 0.003 0.009 0.167 0.782 
 257 Q _   0.008 0.021 0.000 0.009 0.003 0.009 0.169 0.781 
 258 P _   0.007 0.021 0.000 0.009 0.003 0.008 0.171 0.781 
 259 S _   0.007 0.021 0.000 0.009 0.003 0.008 0.172 0.781 
 260 R _   0.006 0.020 0.000 0.009 0.003 0.008 0.173 0.781 
 261 W _   0.006 0.021 0.000 0.009 0.003 0.008 0.174 0.780 
 262 S _   0.005 0.021 0.000 0.008 0.003 0.007 0.175 0.780 
 263 S _   0.005 0.021 0.000 0.009 0.003 0.008 0.175 0.778 
 264 N _   0.005 0.023 0.000 0.009 0.003 0.008 0.176 0.776 
 265 F _   0.005 0.024 0.000 0.010 0.003 0.008 0.176 0.772 
 266 K _   0.005 0.026 0.000 0.011 0.004 0.009 0.177 0.768 
 267 D _   0.006 0.029 0.000 0.012 0.004 0.009 0.177 0.763 
 268 F _   0.006 0.032 0.000 0.013 0.004 0.009 0.178 0.758 
 269 L _   0.006 0.034 0.001 0.015 0.004 0.010 0.178 0.752 
 270 K _   0.006 0.037 0.001 0.015 0.005 0.010 0.179 0.748 
 271 K _   0.006 0.039 0.001 0.016 0.005 0.010 0.180 0.744 
 272 C _   0.006 0.040 0.001 0.015 0.005 0.010 0.181 0.742 
 273 L _   0.006 0.041 0.001 0.015 0.005 0.011 0.182 0.740 
 274 E _   0.006 0.042 0.001 0.014 0.005 0.011 0.184 0.738 
 275 K _   0.007 0.042 0.001 0.013 0.005 0.011 0.186 0.736 
 276 N _   0.007 0.043 0.001 0.012 0.005 0.011 0.188 0.733 
 277 V _   0.008 0.043 0.001 0.012 0.005 0.012 0.190 0.730 
 278 D _   0.008 0.044 0.001 0.012 0.005 0.013 0.192 0.725 
 279 A _   0.009 0.045 0.001 0.012 0.005 0.013 0.194 0.721 
 280 R _   0.009 0.047 0.001 0.012 0.005 0.014 0.197 0.715 
 281 W _   0.010 0.048 0.001 0.014 0.006 0.015 0.199 0.708 
 282 T _   0.010 0.051 0.001 0.015 0.007 0.016 0.201 0.699 
 283 T _   0.011 0.053 0.001 0.017 0.008 0.017 0.204 0.690 
 284 S _   0.011 0.055 0.001 0.020 0.009 0.017 0.207 0.680 
 285 Q _   0.012 0.058 0.001 0.023 0.010 0.018 0.210 0.670 
 286 L _   0.012 0.059 0.001 0.025 0.010 0.018 0.214 0.660 
 287 L _   0.012 0.060 0.001 0.028 0.011 0.018 0.219 0.652 
 288 Q _   0.012 0.059 0.001 0.029 0.011 0.017 0.225 0.647 
 289 H _   0.012 0.056 0.001 0.028 0.010 0.016 0.231 0.646 
 290 P _   0.011 0.052 0.001 0.025 0.009 0.014 0.239 0.649 
 291 F _   0.010 0.045 0.001 0.021 0.007 0.013 0.246 0.656 
 292 V _   0.009 0.037 0.001 0.017 0.006 0.011 0.255 0.664 
 293 T _   0.008 0.029 0.001 0.012 0.004 0.010 0.262 0.673 
 294 V _   0.007 0.023 0.000 0.008 0.003 0.009 0.269 0.680 
 295 D _   0.007 0.018 0.000 0.005 0.003 0.008 0.275 0.683 
 296 S _   0.006 0.016 0.000 0.004 0.002 0.008 0.280 0.683 
 297 N _   0.006 0.016 0.000 0.004 0.002 0.008 0.284 0.679 
 298 K _   0.007 0.017 0.000 0.004 0.003 0.010 0.288 0.671 
 299 P _   0.008 0.021 0.000 0.006 0.004 0.012 0.291 0.658 
 300 I _   0.009 0.030 0.001 0.010 0.005 0.014 0.294 0.637 
 301 R _   0.011 0.045 0.001 0.016 0.007 0.017 0.296 0.607 
 302 E _   0.011 0.067 0.001 0.023 0.010 0.019 0.299 0.570 
 303 L _   0.012 0.090 0.001 0.031 0.012 0.021 0.301 0.532 
 304 I _   0.012 0.110 0.001 0.039 0.014 0.021 0.305 0.499 
 305 A _   0.012 0.123 0.001 0.045 0.015 0.022 0.309 0.473 
 306 E _   0.012 0.131 0.001 0.049 0.015 0.022 0.316 0.455 
 307 A _   0.011 0.135 0.001 0.051 0.015 0.021 0.324 0.442 
 308 K _   0.011 0.135 0.001 0.050 0.014 0.020 0.334 0.434 
 309 A _   0.011 0.132 0.001 0.048 0.013 0.018 0.347 0.430 
 310 E _   0.010 0.125 0.001 0.044 0.011 0.017 0.362 0.430 
 311 V _   0.010 0.114 0.001 0.038 0.010 0.015 0.380 0.432 
 312 T _   0.010 0.098 0.001 0.032 0.008 0.013 0.401 0.438 
 313 E _   0.009 0.080 0.001 0.025 0.006 0.011 0.422 0.445 
 314 E _   0.008 0.061 0.001 0.019 0.005 0.010 0.444 0.453 
 315 V X   0.008 0.043 0.001 0.014 0.004 0.008 0.463 0.460 
 316 E X   0.007 0.029 0.000 0.010 0.003 0.007 0.480 0.465 
 317 D X   0.006 0.020 0.000 0.007 0.002 0.005 0.493 0.468 
 318 G X   0.005 0.014 0.000 0.005 0.001 0.004 0.502 0.468 
 319 K X   0.004 0.011 0.000 0.004 0.001 0.004 0.510 0.467 
 320 E X   0.004 0.009 0.000 0.003 0.001 0.003 0.515 0.465 
 321 E X   0.003 0.009 0.000 0.003 0.001 0.003 0.518 0.463 
 322 D X   0.003 0.009 0.000 0.003 0.001 0.003 0.520 0.462 
 323 E X   0.003 0.009 0.000 0.003 0.001 0.003 0.520 0.460 
 324 E X   0.003 0.010 0.000 0.004 0.001 0.004 0.520 0.459 
 325 E X   0.003 0.012 0.000 0.005 0.001 0.004 0.518 0.457 
 326 E X   0.002 0.014 0.000 0.006 0.001 0.004 0.516 0.456 
 327 T X   0.002 0.018 0.000 0.007 0.002 0.005 0.513 0.454 
 328 E X   0.002 0.022 0.000 0.008 0.002 0.005 0.509 0.451 
 329 N X   0.002 0.028 0.000 0.009 0.002 0.006 0.505 0.448 
 330 S X   0.003 0.034 0.000 0.010 0.002 0.006 0.500 0.445 
 331 L X   0.003 0.040 0.000 0.011 0.002 0.006 0.496 0.441 
 332 P X   0.003 0.047 0.000 0.012 0.003 0.007 0.492 0.437 
 333 I X   0.003 0.053 0.000 0.012 0.003 0.007 0.488 0.434 
 334 P X   0.003 0.060 0.000 0.013 0.003 0.007 0.485 0.430 
 335 A X   0.003 0.066 0.000 0.013 0.003 0.007 0.481 0.426 
 336 S X   0.003 0.072 0.000 0.013 0.003 0.008 0.478 0.422 
 337 K X   0.003 0.078 0.000 0.014 0.003 0.008 0.475 0.418 
 338 R X   0.003 0.084 0.000 0.016 0.004 0.008 0.472 0.412 
 339 A X   0.003 0.090 0.000 0.018 0.004 0.009 0.470 0.405 
 340 S X   0.003 0.096 0.001 0.020 0.005 0.009 0.468 0.398 
 341 S X   0.004 0.100 0.001 0.022 0.005 0.009 0.468 0.391 
 342 D X   0.004 0.104 0.001 0.025 0.006 0.010 0.468 0.384 
 343 L X   0.004 0.105 0.001 0.026 0.006 0.009 0.469 0.380 
 344 S X   0.004 0.104 0.001 0.026 0.006 0.009 0.471 0.380 
 345 I X   0.004 0.101 0.001 0.024 0.005 0.009 0.475 0.382 
 346 A X   0.004 0.095 0.001 0.021 0.005 0.008 0.479 0.388 
 347 S X   0.004 0.086 0.001 0.017 0.004 0.007 0.484 0.398 
 348 S X   0.004 0.074 0.000 0.012 0.003 0.006 0.490 0.410 
 349 E X   0.003 0.064 0.000 0.008 0.002 0.006 0.495 0.421 
 350 E X   0.003 0.056 0.000 0.005 0.002 0.005 0.500 0.428 
 351 D X   0.003 0.052 0.000 0.004 0.001 0.005 0.503 0.431 
 352 K X   0.003 0.050 0.000 0.003 0.001 0.006 0.506 0.429 
 353 L X   0.004 0.051 0.000 0.004 0.002 0.007 0.507 0.424 
 354 S X   0.005 0.056 0.000 0.006 0.003 0.009 0.509 0.412 
 355 Q X   0.006 0.065 0.001 0.011 0.004 0.011 0.509 0.392 
 356 N X   0.007 0.082 0.001 0.019 0.007 0.014 0.509 0.362 
 357 A X   0.007 0.103 0.001 0.028 0.009 0.015 0.508 0.328 
 358 C X   0.008 0.121 0.001 0.038 0.010 0.016 0.509 0.297 
 359 I X   0.008 0.132 0.001 0.046 0.011 0.016 0.512 0.274 
 360 L X   0.007 0.138 0.001 0.050 0.012 0.016 0.516 0.260 
 361 E X   0.007 0.138 0.001 0.051 0.011 0.015 0.523 0.253 
 362 S X   0.007 0.135 0.001 0.048 0.011 0.014 0.532 0.252 
 363 V X   0.006 0.126 0.001 0.043 0.010 0.013 0.545 0.257 
 364 S X   0.006 0.111 0.001 0.036 0.008 0.011 0.561 0.266 
 365 E X   0.006 0.090 0.001 0.028 0.007 0.010 0.580 0.279 
 366 K X   0.006 0.065 0.001 0.020 0.005 0.008 0.601 0.294 
 367 T X   0.005 0.042 0.001 0.013 0.004 0.007 0.622 0.307 
 368 E X   0.005 0.026 0.000 0.008 0.002 0.006 0.639 0.314 
 369 R X   0.004 0.015 0.000 0.005 0.002 0.004 0.652 0.318 
 370 S X   0.003 0.010 0.000 0.004 0.001 0.004 0.661 0.318 
 371 N X   0.002 0.007 0.000 0.003 0.001 0.003 0.668 0.316 
 372 S X   0.002 0.005 0.000 0.002 0.001 0.003 0.673 0.313 
 373 E X   0.002 0.005 0.000 0.003 0.001 0.003 0.677 0.310 
 374 D X   0.002 0.004 0.000 0.003 0.001 0.003 0.680 0.307 
 375 K X   0.002 0.005 0.000 0.004 0.001 0.003 0.682 0.304 
 376 L X   0.002 0.005 0.000 0.005 0.001 0.004 0.683 0.300 
 377 N X   0.002 0.005 0.000 0.007 0.001 0.004 0.685 0.296 
 378 S X   0.002 0.006 0.000 0.008 0.002 0.004 0.686 0.292 
 379 K X   0.002 0.006 0.000 0.009 0.002 0.004 0.687 0.289 
 380 I X   0.002 0.006 0.000 0.010 0.002 0.004 0.689 0.287 
 381 L X   0.002 0.006 0.000 0.009 0.002 0.004 0.691 0.285 
 382 N X   0.002 0.006 0.000 0.008 0.002 0.004 0.693 0.285 
 383 E X   0.002 0.005 0.000 0.007 0.001 0.003 0.696 0.285 
 384 K X   0.002 0.004 0.000 0.005 0.001 0.003 0.698 0.286 
 385 P X   0.002 0.004 0.000 0.004 0.001 0.003 0.700 0.287 
 386 T X   0.002 0.003 0.000 0.003 0.001 0.002 0.701 0.288 
 387 T X   0.001 0.003 0.000 0.002 0.001 0.002 0.701 0.288 
 388 D X   0.001 0.003 0.000 0.002 0.001 0.002 0.701 0.289 
 389 E X   0.001 0.003 0.000 0.002 0.001 0.002 0.700 0.289 
 390 P X   0.002 0.004 0.000 0.003 0.001 0.003 0.699 0.289 
 391 E X   0.002 0.005 0.000 0.003 0.001 0.003 0.697 0.288 
 392 K X   0.002 0.007 0.000 0.004 0.001 0.004 0.694 0.287 
 393 A X   0.002 0.010 0.000 0.005 0.002 0.004 0.691 0.286 
 394 V X   0.002 0.013 0.000 0.006 0.002 0.005 0.687 0.284 
 395 E X   0.002 0.017 0.000 0.007 0.002 0.006 0.684 0.282 
 396 D X   0.002 0.021 0.000 0.008 0.002 0.006 0.680 0.280 
 397 I X   0.003 0.025 0.000 0.008 0.003 0.007 0.677 0.277 
 398 N X   0.003 0.030 0.000 0.009 0.003 0.008 0.673 0.274 
 399 E X   0.003 0.034 0.000 0.010 0.004 0.009 0.670 0.269 
 400 H X   0.004 0.040 0.000 0.011 0.005 0.011 0.667 0.262 
 401 I X   0.005 0.046 0.001 0.013 0.006 0.012 0.664 0.254 
 402 T X   0.005 0.053 0.001 0.015 0.007 0.013 0.662 0.243 
 403 D X   0.006 0.060 0.001 0.018 0.008 0.014 0.660 0.233 
 404 A X   0.007 0.065 0.001 0.021 0.009 0.015 0.659 0.223 
 405 Q X   0.007 0.069 0.001 0.023 0.010 0.015 0.659 0.215 
 406 L X   0.007 0.071 0.001 0.025 0.010 0.015 0.661 0.211 
 407 E X   0.007 0.072 0.001 0.025 0.010 0.014 0.663 0.209 
 408 A X   0.007 0.070 0.001 0.023 0.009 0.013 0.667 0.210 
 409 M X   0.007 0.066 0.001 0.021 0.008 0.012 0.672 0.213 
 410 T X   0.007 0.061 0.001 0.018 0.007 0.011 0.678 0.217 
 411 E X   0.007 0.055 0.001 0.015 0.006 0.010 0.685 0.222 
 412 L X   0.006 0.047 0.001 0.013 0.005 0.009 0.693 0.226 
 413 H X   0.006 0.040 0.000 0.011 0.004 0.008 0.701 0.229 
 414 D X   0.005 0.034 0.000 0.010 0.004 0.008 0.709 0.230 
 415 R X   0.005 0.029 0.000 0.009 0.003 0.007 0.717 0.230 
 416 T X   0.005 0.024 0.000 0.008 0.003 0.006 0.725 0.229 
 417 A X   0.005 0.020 0.000 0.008 0.002 0.006 0.733 0.227 
 418 V X   0.004 0.017 0.000 0.007 0.002 0.005 0.740 0.225 
 419 I X   0.004 0.013 0.000 0.006 0.002 0.004 0.747 0.223 
 420 K X   0.004 0.010 0.000 0.005 0.002 0.004 0.753 0.222 
 421 E X   0.003 0.008 0.000 0.004 0.001 0.003 0.759 0.221 
 422 N X   0.003 0.006 0.000 0.004 0.001 0.003 0.763 0.220 
 423 E X   0.003 0.004 0.000 0.003 0.001 0.003 0.768 0.219 
 424 R X   0.002 0.003 0.000 0.002 0.001 0.002 0.771 0.218 
 425 E X   0.002 0.002 0.000 0.002 0.001 0.002 0.773 0.217 
 426 K X   0.002 0.002 0.000 0.002 0.001 0.002 0.775 0.217 
 427 R X   0.002 0.001 0.000 0.002 0.001 0.002 0.776 0.216 
 428 P X   0.002 0.001 0.000 0.002 0.001 0.002 0.777 0.216 
 429 K X   0.002 0.001 0.000 0.002 0.001 0.002 0.776 0.216 
 430 L X   0.002 0.001 0.000 0.002 0.001 0.002 0.775 0.217 
 431 E X   0.001 0.001 0.000 0.002 0.001 0.002 0.774 0.218 
 432 N X   0.001 0.002 0.000 0.003 0.001 0.002 0.771 0.220 
 433 L X   0.001 0.002 0.000 0.003 0.001 0.002 0.768 0.222 
 434 P X   0.001 0.002 0.000 0.003 0.001 0.002 0.765 0.225 
 435 D X   0.001 0.003 0.000 0.004 0.001 0.003 0.761 0.227 
 436 T X   0.001 0.003 0.000 0.004 0.001 0.003 0.757 0.230 
 437 E X   0.001 0.004 0.000 0.005 0.001 0.003 0.753 0.232 
 438 D X   0.002 0.005 0.000 0.006 0.001 0.003 0.748 0.235 
 439 Q X   0.002 0.006 0.000 0.006 0.001 0.003 0.744 0.238 
 440 E X   0.002 0.006 0.000 0.007 0.002 0.004 0.740 0.240 
 441 T X   0.002 0.007 0.000 0.007 0.002 0.004 0.735 0.243 
 442 V X   0.002 0.008 0.000 0.007 0.002 0.004 0.731 0.246 
 443 D X   0.002 0.009 0.000 0.007 0.002 0.004 0.727 0.250 
 444 I X   0.002 0.009 0.000 0.006 0.002 0.004 0.723 0.254 
 445 N X   0.002 0.010 0.000 0.006 0.001 0.004 0.719 0.258 
 446 S X   0.002 0.011 0.000 0.005 0.001 0.004 0.715 0.262 
 447 V X   0.002 0.011 0.000 0.005 0.001 0.004 0.711 0.266 
 448 S X   0.002 0.013 0.000 0.004 0.001 0.005 0.706 0.269 
 449 E X   0.002 0.015 0.000 0.005 0.002 0.006 0.700 0.271 
 450 G X   0.003 0.018 0.000 0.006 0.002 0.007 0.693 0.271 
 451 K X   0.004 0.025 0.000 0.008 0.003 0.009 0.685 0.266 
 452 E X   0.005 0.037 0.001 0.011 0.005 0.011 0.675 0.255 
 453 N X   0.005 0.056 0.001 0.017 0.008 0.013 0.662 0.237 
 454 N X   0.006 0.081 0.001 0.024 0.010 0.015 0.649 0.212 
 455 I X   0.007 0.106 0.001 0.032 0.012 0.016 0.638 0.188 
 456 M X   0.007 0.124 0.001 0.039 0.013 0.016 0.630 0.170 
 457 I X   0.007 0.135 0.001 0.044 0.013 0.016 0.625 0.160 
 458 T X   0.007 0.139 0.001 0.046 0.012 0.015 0.623 0.157 
 459 L X   0.006 0.140 0.001 0.046 0.011 0.014 0.623 0.158 
 460 E X   0.006 0.136 0.001 0.043 0.010 0.013 0.625 0.165 
 461 T X   0.006 0.128 0.001 0.037 0.009 0.011 0.630 0.178 
 462 N X   0.006 0.113 0.001 0.030 0.007 0.010 0.636 0.197 
 463 I X   0.006 0.091 0.001 0.023 0.006 0.009 0.645 0.219 
 464 E X   0.006 0.067 0.001 0.017 0.005 0.008 0.654 0.244 
 465 H X   0.006 0.044 0.000 0.011 0.003 0.006 0.663 0.266 
 466 N X   0.005 0.027 0.000 0.007 0.002 0.005 0.670 0.283 
 467 L X   0.004 0.016 0.000 0.005 0.001 0.004 0.675 0.294 
 468 K X   0.004 0.010 0.000 0.003 0.001 0.003 0.678 0.301 
 469 S X   0.003 0.007 0.000 0.002 0.001 0.003 0.679 0.305 
 470 E X   0.002 0.005 0.000 0.002 0.001 0.003 0.678 0.309 
 471 E X   0.002 0.004 0.000 0.002 0.001 0.002 0.677 0.311 
 472 E X   0.002 0.004 0.000 0.002 0.001 0.003 0.674 0.315 
 473 K X   0.002 0.004 0.000 0.002 0.001 0.003 0.670 0.318 
 474 D X   0.002 0.005 0.000 0.003 0.001 0.003 0.665 0.321 
 475 Q X   0.002 0.006 0.000 0.004 0.001 0.004 0.658 0.325 
 476 E X   0.002 0.007 0.000 0.006 0.001 0.004 0.650 0.329 
 477 K X   0.002 0.009 0.000 0.007 0.002 0.005 0.642 0.333 
 478 Q X   0.002 0.011 0.000 0.009 0.002 0.005 0.633 0.337 
 479 Q X   0.002 0.014 0.000 0.010 0.003 0.006 0.624 0.341 
 480 M X   0.002 0.016 0.000 0.012 0.003 0.006 0.615 0.346 
 481 F X   0.002 0.018 0.000 0.012 0.003 0.007 0.607 0.351 
 482 E X   0.003 0.019 0.000 0.012 0.003 0.007 0.600 0.356 
 483 N X   0.003 0.021 0.000 0.012 0.003 0.007 0.593 0.361 
 484 K X   0.003 0.022 0.000 0.011 0.003 0.007 0.587 0.367 
 485 L X   0.003 0.022 0.000 0.010 0.003 0.008 0.581 0.373 
 486 I X   0.003 0.023 0.000 0.009 0.003 0.008 0.576 0.377 
 487 K X   0.004 0.024 0.000 0.008 0.003 0.009 0.570 0.381 
 488 S X   0.004 0.025 0.000 0.008 0.003 0.010 0.565 0.384 
 489 E X   0.005 0.027 0.000 0.008 0.004 0.011 0.560 0.385 
 490 E X   0.006 0.029 0.000 0.008 0.004 0.012 0.555 0.384 
 491 I X   0.008 0.032 0.001 0.009 0.006 0.014 0.550 0.380 
 492 K X   0.009 0.037 0.001 0.011 0.007 0.016 0.545 0.374 
 493 D X   0.011 0.042 0.001 0.014 0.009 0.017 0.540 0.366 
 494 T X   0.012 0.048 0.001 0.017 0.010 0.019 0.536 0.357 
 495 I X   0.013 0.053 0.001 0.021 0.012 0.019 0.533 0.349 
 496 L X   0.014 0.057 0.001 0.024 0.012 0.019 0.530 0.342 
 497 Q X   0.014 0.059 0.001 0.027 0.012 0.019 0.529 0.340 
 498 T X   0.013 0.060 0.001 0.028 0.012 0.017 0.528 0.340 
 499 V X   0.013 0.059 0.001 0.028 0.011 0.016 0.529 0.344 
 500 D X   0.012 0.056 0.001 0.025 0.009 0.014 0.531 0.351 
 501 L X   0.011 0.051 0.001 0.022 0.008 0.012 0.534 0.363 
 502 V X   0.009 0.043 0.001 0.017 0.006 0.011 0.537 0.377 
 503 S X   0.008 0.034 0.001 0.013 0.004 0.009 0.540 0.392 
 504 Q X   0.007 0.025 0.000 0.009 0.003 0.007 0.543 0.406 
 505 E X   0.006 0.018 0.000 0.006 0.002 0.006 0.545 0.417 
 506 T X   0.005 0.013 0.000 0.004 0.002 0.005 0.546 0.425 
 507 G X   0.004 0.011 0.000 0.003 0.001 0.004 0.547 0.429 
 508 E X   0.003 0.010 0.000 0.003 0.001 0.004 0.547 0.432 
 509 K X   0.003 0.009 0.000 0.003 0.001 0.004 0.546 0.433 
 510 E X   0.003 0.010 0.000 0.004 0.001 0.005 0.545 0.432 
 511 A X   0.003 0.011 0.000 0.005 0.002 0.005 0.543 0.430 
 512 N X   0.004 0.014 0.000 0.007 0.002 0.006 0.540 0.427 
 513 I X   0.004 0.017 0.000 0.009 0.003 0.007 0.538 0.422 
 514 Q X   0.004 0.021 0.000 0.012 0.003 0.007 0.535 0.417 
 515 A X   0.004 0.025 0.000 0.015 0.004 0.008 0.533 0.411 
 516 V X   0.005 0.028 0.000 0.017 0.005 0.008 0.531 0.406 
 517 D X   0.005 0.030 0.001 0.019 0.005 0.009 0.530 0.402 
 518 S X   0.005 0.031 0.001 0.019 0.005 0.009 0.531 0.400 
 519 E X   0.005 0.031 0.000 0.019 0.005 0.008 0.532 0.400 
 520 V X   0.005 0.030 0.000 0.018 0.004 0.008 0.533 0.401 
 521 G X   0.005 0.029 0.000 0.016 0.004 0.008 0.536 0.402 
 522 L X   0.005 0.026 0.000 0.014 0.003 0.007 0.539 0.405 
 523 T X   0.005 0.023 0.000 0.012 0.003 0.006 0.543 0.408 
 524 K X   0.005 0.020 0.000 0.010 0.002 0.006 0.546 0.412 
 525 E X   0.004 0.016 0.000 0.008 0.002 0.005 0.549 0.415 
 526 D X   0.004 0.014 0.000 0.006 0.002 0.005 0.552 0.418 
 527 T X   0.004 0.011 0.000 0.005 0.001 0.004 0.554 0.420 
 528 Q X   0.003 0.010 0.000 0.004 0.001 0.004 0.555 0.422 
 529 E X   0.003 0.009 0.000 0.004 0.001 0.003 0.556 0.424 
 530 K X   0.003 0.008 0.000 0.003 0.001 0.003 0.555 0.427 
 531 L X   0.002 0.008 0.000 0.003 0.001 0.003 0.554 0.429 
 532 G X   0.002 0.008 0.000 0.003 0.001 0.003 0.552 0.431 
 533 E X   0.002 0.008 0.000 0.003 0.001 0.003 0.548 0.433 
 534 D X   0.002 0.009 0.000 0.004 0.001 0.004 0.544 0.435 
 535 D X   0.002 0.011 0.000 0.005 0.001 0.004 0.539 0.437 
 536 K X   0.002 0.014 0.000 0.006 0.002 0.005 0.534 0.437 
 537 T X   0.003 0.019 0.000 0.007 0.002 0.006 0.527 0.437 
 538 Q X   0.003 0.025 0.000 0.008 0.002 0.007 0.519 0.436 
 539 K X   0.003 0.032 0.000 0.010 0.003 0.008 0.511 0.433 
 540 D X   0.003 0.041 0.000 0.011 0.003 0.009 0.502 0.430 
 541 V X   0.004 0.051 0.001 0.013 0.004 0.010 0.493 0.425 
 542 I X   0.004 0.063 0.001 0.014 0.005 0.011 0.484 0.419 
 543 S X   0.005 0.076 0.001 0.015 0.005 0.013 0.475 0.410 
 544 N X   0.006 0.091 0.001 0.017 0.007 0.015 0.466 0.398 
 545 T X   0.007 0.108 0.001 0.019 0.009 0.018 0.457 0.382 
 546 S X   0.008 0.129 0.001 0.022 0.011 0.020 0.448 0.361 
 547 D X   0.009 0.153 0.001 0.026 0.013 0.022 0.439 0.336 
 548 V X   0.010 0.179 0.001 0.030 0.015 0.023 0.432 0.309 
 549 I X   0.011 0.202 0.001 0.036 0.017 0.023 0.426 0.284 
 550 G X   0.011 0.221 0.001 0.041 0.017 0.023 0.421 0.265 
 551 T X   0.011 0.232 0.001 0.044 0.017 0.022 0.419 0.253 
 552 C X   0.011 0.238 0.001 0.046 0.016 0.021 0.418 0.248 
 553 E X   0.011 0.239 0.001 0.047 0.015 0.020 0.419 0.249 
 554 A X   0.010 0.235 0.001 0.045 0.014 0.018 0.421 0.256 
 555 A X   0.010 0.226 0.001 0.041 0.012 0.016 0.425 0.269 
 556 D X   0.009 0.209 0.001 0.036 0.010 0.015 0.431 0.289 
 557 V X   0.009 0.185 0.001 0.030 0.009 0.013 0.438 0.315 
 558 A X   0.009 0.155 0.001 0.024 0.007 0.012 0.447 0.345 
 559 Q X   0.008 0.123 0.001 0.019 0.006 0.010 0.457 0.376 
 560 K X   0.008 0.093 0.001 0.015 0.004 0.009 0.466 0.405 
 561 V X   0.007 0.068 0.001 0.012 0.003 0.008 0.474 0.428 
 562 D X   0.006 0.050 0.000 0.009 0.003 0.007 0.480 0.445 
 563 E X   0.005 0.037 0.000 0.007 0.002 0.006 0.485 0.458 
 564 D X   0.005 0.028 0.000 0.006 0.002 0.005 0.488 0.466 
 565 S X   0.004 0.023 0.000 0.005 0.001 0.004 0.489 0.473 
 566 A X   0.004 0.019 0.000 0.004 0.001 0.004 0.490 0.478 
 567 E X   0.003 0.017 0.000 0.004 0.001 0.004 0.489 0.483 
 568 D _   0.003 0.016 0.000 0.003 0.001 0.003 0.487 0.487 
 569 T _   0.003 0.015 0.000 0.003 0.001 0.003 0.483 0.491 
 570 Q _   0.002 0.016 0.000 0.004 0.001 0.004 0.478 0.495 
 571 S _   0.002 0.017 0.000 0.004 0.001 0.004 0.472 0.499 
 572 N _   0.003 0.021 0.000 0.006 0.002 0.005 0.464 0.500 
 573 D _   0.003 0.026 0.000 0.008 0.002 0.007 0.454 0.499 
 574 G _   0.003 0.036 0.000 0.012 0.003 0.009 0.442 0.494 
 575 K _   0.004 0.051 0.001 0.018 0.005 0.011 0.429 0.482 
 576 E _   0.004 0.069 0.001 0.025 0.006 0.012 0.414 0.468 
 577 V _   0.005 0.088 0.001 0.033 0.008 0.014 0.401 0.452 
 578 V _   0.005 0.103 0.001 0.040 0.009 0.015 0.389 0.439 
 579 E _   0.005 0.113 0.001 0.045 0.009 0.015 0.380 0.431 
 580 V _   0.005 0.119 0.001 0.047 0.010 0.015 0.373 0.429 
 581 G _   0.006 0.121 0.001 0.047 0.010 0.015 0.369 0.433 
 582 Q _   0.006 0.119 0.001 0.043 0.009 0.014 0.366 0.442 
 583 K _   0.006 0.114 0.001 0.038 0.008 0.013 0.364 0.456 
 584 L _   0.006 0.105 0.001 0.032 0.007 0.012 0.364 0.474 
 585 I _   0.006 0.092 0.001 0.026 0.006 0.011 0.364 0.495 
 586 N _   0.006 0.078 0.001 0.020 0.005 0.009 0.365 0.516 
 587 K _   0.006 0.063 0.001 0.015 0.004 0.008 0.367 0.536 
 588 P _   0.006 0.050 0.000 0.011 0.003 0.008 0.368 0.553 
 589 M _   0.005 0.041 0.000 0.009 0.003 0.007 0.369 0.567 
 590 V _   0.005 0.033 0.000 0.007 0.002 0.006 0.369 0.577 
 591 G _   0.005 0.029 0.000 0.006 0.002 0.006 0.368 0.585 
 592 P _   0.005 0.026 0.000 0.005 0.002 0.006 0.367 0.590 
 593 E _   0.004 0.024 0.000 0.005 0.002 0.005 0.365 0.594 
 594 A _   0.004 0.023 0.000 0.005 0.002 0.006 0.362 0.597 
 595 G _   0.004 0.023 0.000 0.005 0.002 0.006 0.359 0.600 
 596 G _   0.004 0.024 0.000 0.006 0.002 0.006 0.356 0.601 
 597 T _   0.005 0.026 0.000 0.006 0.002 0.007 0.352 0.601 
 598 K _   0.005 0.029 0.000 0.008 0.003 0.008 0.347 0.599 
 599 E _   0.005 0.034 0.000 0.010 0.004 0.009 0.342 0.596 
 600 V _   0.006 0.040 0.001 0.013 0.005 0.010 0.336 0.589 
 601 P _   0.006 0.048 0.001 0.017 0.006 0.011 0.331 0.581 
 602 I _   0.007 0.056 0.001 0.021 0.007 0.012 0.326 0.571 
 603 K _   0.007 0.063 0.001 0.026 0.008 0.013 0.321 0.561 
 604 E _   0.007 0.069 0.001 0.030 0.008 0.013 0.317 0.554 
 605 I _   0.007 0.072 0.001 0.033 0.009 0.013 0.315 0.550 
 606 V _   0.007 0.074 0.001 0.034 0.008 0.013 0.313 0.550 
 607 E _   0.007 0.073 0.001 0.032 0.008 0.012 0.313 0.554 
 608 M _   0.007 0.069 0.001 0.029 0.007 0.011 0.313 0.563 
 609 N _   0.007 0.063 0.001 0.025 0.006 0.010 0.314 0.575 
 610 E _   0.006 0.055 0.001 0.019 0.005 0.009 0.315 0.590 
 611 I _   0.006 0.045 0.000 0.014 0.004 0.008 0.316 0.607 
 612 E _   0.005 0.036 0.000 0.010 0.003 0.007 0.317 0.621 
 613 E _   0.005 0.030 0.000 0.008 0.002 0.006 0.318 0.632 
 614 G _   0.004 0.025 0.000 0.006 0.002 0.006 0.318 0.640 
 615 K _   0.004 0.022 0.000 0.005 0.002 0.005 0.317 0.645 
 616 N _   0.004 0.021 0.000 0.005 0.002 0.005 0.316 0.647 
 617 K _   0.004 0.021 0.000 0.006 0.002 0.006 0.314 0.648 
 618 E _   0.004 0.021 0.000 0.008 0.002 0.006 0.312 0.647 
 619 Q _   0.004 0.022 0.000 0.010 0.002 0.006 0.310 0.645 
 620 A _   0.004 0.024 0.000 0.012 0.003 0.007 0.307 0.644 
 621 I _   0.004 0.025 0.000 0.014 0.003 0.007 0.305 0.642 
 622 N _   0.004 0.026 0.000 0.015 0.003 0.007 0.302 0.641 
 623 S _   0.004 0.026 0.000 0.016 0.004 0.007 0.301 0.642 
 624 S _   0.004 0.026 0.000 0.016 0.003 0.007 0.299 0.644 
 625 E _   0.004 0.025 0.000 0.015 0.003 0.007 0.299 0.646 
 626 N _   0.004 0.024 0.000 0.014 0.003 0.007 0.298 0.649 
 627 I _   0.004 0.022 0.000 0.013 0.003 0.006 0.298 0.653 
 628 M _   0.004 0.021 0.000 0.011 0.002 0.006 0.298 0.658 
 629 D _   0.004 0.019 0.000 0.009 0.002 0.006 0.298 0.662 
 630 I _   0.004 0.018 0.000 0.008 0.002 0.005 0.297 0.666 
 631 N _   0.004 0.017 0.000 0.007 0.002 0.005 0.296 0.669 
 632 E _   0.004 0.016 0.000 0.006 0.002 0.005 0.294 0.673 
 633 E _   0.004 0.016 0.000 0.006 0.002 0.005 0.292 0.675 
 634 P _   0.004 0.017 0.000 0.006 0.002 0.005 0.289 0.676 
 635 G _   0.004 0.018 0.000 0.007 0.002 0.006 0.287 0.677 
 636 T _   0.004 0.019 0.000 0.008 0.002 0.006 0.283 0.676 
 637 T _   0.004 0.022 0.000 0.009 0.002 0.007 0.280 0.676 
 638 E _   0.004 0.024 0.000 0.011 0.003 0.007 0.276 0.675 
 639 G _   0.004 0.027 0.000 0.012 0.003 0.007 0.272 0.675 
 640 E _   0.004 0.030 0.000 0.012 0.003 0.007 0.268 0.676 
 641 E _   0.004 0.033 0.000 0.011 0.003 0.007 0.263 0.678 
 642 I _   0.004 0.036 0.000 0.011 0.003 0.007 0.259 0.681 
 643 T _   0.004 0.039 0.000 0.010 0.003 0.008 0.254 0.684 
 644 E _   0.004 0.042 0.000 0.009 0.003 0.008 0.249 0.685 
 645 S _   0.004 0.047 0.000 0.010 0.003 0.009 0.244 0.683 
 646 S _   0.004 0.054 0.000 0.012 0.004 0.011 0.238 0.677 
 647 S _   0.005 0.065 0.001 0.015 0.005 0.012 0.231 0.666 
 648 T _   0.006 0.081 0.001 0.020 0.007 0.014 0.224 0.647 
 649 E _   0.007 0.101 0.001 0.026 0.009 0.016 0.217 0.623 
 650 E _   0.008 0.122 0.001 0.034 0.011 0.018 0.210 0.596 
 651 M _   0.008 0.140 0.001 0.041 0.012 0.019 0.204 0.574 
 652 E _   0.009 0.151 0.001 0.047 0.013 0.019 0.200 0.560 
 653 V _   0.009 0.157 0.001 0.050 0.013 0.018 0.197 0.555 
 654 R _   0.009 0.159 0.001 0.049 0.012 0.017 0.195 0.558 
 655 S _   0.009 0.155 0.001 0.045 0.011 0.016 0.195 0.568 
 656 V _   0.008 0.147 0.001 0.039 0.010 0.015 0.195 0.585 
 657 V _   0.008 0.133 0.001 0.031 0.008 0.013 0.196 0.609 
 658 A _   0.008 0.115 0.001 0.023 0.007 0.012 0.198 0.637 
 659 D _   0.007 0.097 0.001 0.017 0.005 0.011 0.199 0.663 
 660 T _   0.007 0.080 0.001 0.012 0.004 0.010 0.201 0.686 
 661 D _   0.006 0.068 0.000 0.009 0.003 0.009 0.202 0.702 
 662 Q _   0.006 0.061 0.000 0.007 0.003 0.008 0.203 0.712 
 663 K _   0.006 0.057 0.000 0.006 0.002 0.008 0.203 0.718 
