#TopoPred_TM8: 8-state transmembrane topology prediction results by no_profile mode 
#probabilities are in the order of H E C I L F X _, the 8 transmembrane topology types used in PDBTM 
   1 M X   0.007 0.001 0.002 0.045 0.007 0.007 0.864 0.068 
   2 G X   0.003 0.000 0.000 0.026 0.001 0.003 0.891 0.075 
   3 G X   0.001 0.000 0.000 0.015 0.000 0.002 0.900 0.082 
   4 R X   0.001 0.000 0.000 0.010 0.000 0.002 0.901 0.086 
   5 S X   0.001 0.000 0.000 0.007 0.000 0.002 0.899 0.090 
   6 S X   0.001 0.001 0.000 0.006 0.000 0.002 0.895 0.094 
   7 C X   0.001 0.001 0.000 0.005 0.001 0.002 0.891 0.099 
   8 E X   0.001 0.001 0.000 0.005 0.001 0.003 0.884 0.105 
   9 D X   0.001 0.002 0.000 0.004 0.001 0.003 0.876 0.113 
  10 P X   0.001 0.003 0.000 0.005 0.001 0.003 0.864 0.123 
  11 G X   0.001 0.004 0.000 0.005 0.001 0.004 0.850 0.135 
  12 C X   0.002 0.006 0.000 0.006 0.001 0.004 0.832 0.149 
  13 P X   0.002 0.010 0.000 0.007 0.002 0.005 0.810 0.164 
  14 R X   0.002 0.016 0.000 0.010 0.002 0.007 0.783 0.181 
  15 D X   0.002 0.026 0.001 0.013 0.003 0.009 0.749 0.197 
  16 E X   0.003 0.043 0.001 0.018 0.005 0.011 0.709 0.210 
  17 E X   0.003 0.071 0.001 0.025 0.007 0.014 0.659 0.220 
  18 R X   0.004 0.112 0.001 0.032 0.009 0.016 0.601 0.224 
  19 A X   0.004 0.164 0.002 0.038 0.011 0.018 0.540 0.221 
  20 P X   0.004 0.225 0.002 0.043 0.013 0.019 0.480 0.214 
  21 R X   0.004 0.285 0.002 0.046 0.013 0.019 0.427 0.204 
  22 M X   0.004 0.339 0.002 0.046 0.013 0.018 0.382 0.195 
  23 G E   0.004 0.384 0.002 0.045 0.013 0.017 0.348 0.188 
  24 C E   0.004 0.419 0.001 0.044 0.012 0.017 0.321 0.182 
  25 M E   0.004 0.445 0.001 0.042 0.012 0.016 0.301 0.179 
  26 K E   0.004 0.464 0.001 0.041 0.011 0.015 0.286 0.177 
  27 S E   0.004 0.477 0.001 0.040 0.011 0.015 0.274 0.178 
  28 K E   0.004 0.485 0.001 0.040 0.010 0.014 0.265 0.181 
  29 F E   0.004 0.489 0.001 0.039 0.010 0.013 0.258 0.185 
  30 L E   0.005 0.488 0.001 0.038 0.009 0.013 0.253 0.193 
  31 Q E   0.005 0.483 0.001 0.037 0.009 0.012 0.249 0.204 
  32 V E   0.005 0.472 0.001 0.036 0.009 0.012 0.247 0.219 
  33 G E   0.006 0.453 0.001 0.034 0.009 0.011 0.245 0.242 
  34 G E   0.006 0.424 0.001 0.031 0.008 0.011 0.245 0.273 
  35 N E   0.007 0.382 0.001 0.029 0.008 0.011 0.246 0.315 
  36 T _   0.008 0.328 0.001 0.026 0.008 0.011 0.248 0.369 
  37 F _   0.009 0.268 0.001 0.022 0.007 0.011 0.250 0.431 
  38 S _   0.009 0.211 0.001 0.018 0.006 0.011 0.253 0.491 
  39 K _   0.008 0.163 0.001 0.014 0.005 0.010 0.256 0.543 
  40 T _   0.007 0.130 0.001 0.011 0.004 0.009 0.257 0.581 
  41 E _   0.006 0.109 0.000 0.009 0.003 0.009 0.257 0.607 
  42 T _   0.006 0.097 0.000 0.007 0.002 0.008 0.257 0.623 
  43 S _   0.005 0.090 0.000 0.007 0.002 0.008 0.255 0.632 
  44 A _   0.005 0.086 0.000 0.007 0.002 0.008 0.254 0.638 
  45 S _   0.005 0.085 0.000 0.008 0.002 0.008 0.251 0.640 
  46 P _   0.005 0.085 0.000 0.010 0.003 0.008 0.248 0.641 
  47 H _   0.005 0.086 0.000 0.012 0.003 0.008 0.245 0.640 
  48 C _   0.005 0.088 0.000 0.014 0.004 0.009 0.242 0.639 
  49 P _   0.005 0.089 0.000 0.015 0.004 0.009 0.239 0.638 
  50 V _   0.005 0.091 0.001 0.017 0.004 0.009 0.236 0.638 
  51 Y _   0.005 0.091 0.001 0.018 0.004 0.009 0.233 0.639 
  52 V _   0.005 0.091 0.001 0.018 0.004 0.009 0.231 0.641 
  53 P _   0.005 0.090 0.001 0.018 0.004 0.009 0.229 0.643 
  54 D _   0.005 0.089 0.001 0.018 0.004 0.009 0.227 0.647 
  55 P _   0.005 0.087 0.001 0.018 0.004 0.009 0.226 0.650 
  56 T _   0.005 0.085 0.000 0.017 0.004 0.009 0.225 0.655 
  57 S _   0.005 0.082 0.000 0.017 0.004 0.008 0.224 0.660 
  58 T _   0.005 0.079 0.000 0.016 0.003 0.008 0.223 0.666 
  59 I _   0.005 0.076 0.000 0.014 0.003 0.007 0.222 0.672 
  60 K _   0.005 0.073 0.000 0.013 0.003 0.007 0.221 0.678 
  61 P _   0.004 0.069 0.000 0.012 0.003 0.006 0.220 0.686 
  62 G _   0.004 0.066 0.000 0.010 0.002 0.006 0.218 0.693 
  63 P _   0.004 0.064 0.000 0.008 0.002 0.005 0.216 0.700 
  64 N _   0.003 0.063 0.000 0.007 0.002 0.005 0.214 0.706 
  65 S _   0.003 0.063 0.000 0.007 0.002 0.005 0.210 0.710 
  66 H _   0.003 0.064 0.000 0.006 0.002 0.005 0.206 0.713 
  67 N _   0.003 0.068 0.000 0.007 0.002 0.006 0.201 0.713 
  68 S _   0.003 0.075 0.000 0.009 0.002 0.007 0.195 0.709 
  69 N _   0.004 0.086 0.000 0.011 0.003 0.009 0.187 0.699 
  70 T _   0.004 0.105 0.001 0.015 0.004 0.011 0.178 0.683 
  71 P _   0.005 0.132 0.001 0.019 0.005 0.013 0.167 0.659 
  72 G _   0.005 0.168 0.001 0.023 0.007 0.015 0.155 0.627 
  73 I _   0.006 0.208 0.001 0.027 0.008 0.017 0.142 0.592 
  74 R _   0.006 0.249 0.001 0.029 0.009 0.018 0.131 0.556 
  75 E _   0.006 0.288 0.001 0.031 0.011 0.020 0.120 0.523 
  76 A _   0.007 0.323 0.001 0.033 0.012 0.022 0.111 0.492 
  77 G _   0.008 0.354 0.001 0.033 0.014 0.024 0.102 0.464 
  78 S _   0.009 0.381 0.001 0.033 0.016 0.026 0.096 0.438 
  79 E _   0.011 0.405 0.001 0.034 0.017 0.028 0.090 0.414 
  80 D E   0.013 0.426 0.001 0.035 0.019 0.029 0.085 0.391 
  81 I E   0.015 0.444 0.001 0.037 0.021 0.030 0.081 0.372 
  82 I E   0.017 0.457 0.001 0.039 0.022 0.030 0.078 0.356 
  83 V E   0.018 0.465 0.001 0.041 0.022 0.030 0.075 0.347 
  84 V E   0.020 0.467 0.001 0.042 0.022 0.029 0.074 0.345 
  85 A E   0.020 0.464 0.001 0.043 0.022 0.028 0.073 0.350 
  86 L E   0.021 0.453 0.002 0.042 0.021 0.027 0.072 0.363 
  87 Y E   0.021 0.432 0.002 0.040 0.019 0.025 0.073 0.388 
  88 D _   0.021 0.399 0.002 0.037 0.018 0.023 0.074 0.427 
  89 Y _   0.020 0.351 0.002 0.033 0.016 0.022 0.075 0.480 
  90 E _   0.019 0.294 0.002 0.029 0.014 0.020 0.078 0.545 
  91 A _   0.018 0.234 0.001 0.024 0.011 0.018 0.080 0.613 
  92 I _   0.016 0.182 0.001 0.019 0.009 0.016 0.082 0.675 
  93 H _   0.014 0.141 0.001 0.014 0.006 0.014 0.084 0.725 
  94 H _   0.012 0.113 0.001 0.011 0.005 0.013 0.085 0.761 
  95 E _   0.010 0.095 0.000 0.008 0.004 0.011 0.086 0.785 
  96 D _   0.009 0.084 0.000 0.007 0.003 0.010 0.086 0.800 
  97 L _   0.008 0.078 0.000 0.006 0.003 0.009 0.086 0.810 
  98 S _   0.007 0.075 0.000 0.006 0.002 0.009 0.085 0.815 
  99 F _   0.007 0.075 0.000 0.006 0.003 0.009 0.084 0.816 
 100 Q _   0.007 0.076 0.000 0.007 0.003 0.010 0.082 0.814 
 101 K _   0.007 0.081 0.000 0.008 0.003 0.011 0.080 0.809 
 102 G _   0.007 0.087 0.001 0.010 0.004 0.011 0.078 0.801 
 103 D _   0.008 0.096 0.001 0.013 0.005 0.012 0.076 0.790 
 104 Q _   0.008 0.107 0.001 0.015 0.006 0.013 0.073 0.777 
 105 M _   0.009 0.118 0.001 0.018 0.007 0.014 0.071 0.763 
 106 V _   0.009 0.129 0.001 0.020 0.007 0.015 0.068 0.750 
 107 V _   0.009 0.139 0.001 0.022 0.008 0.016 0.066 0.739 
 108 L _   0.010 0.146 0.001 0.023 0.008 0.016 0.065 0.731 
 109 E _   0.010 0.152 0.001 0.024 0.009 0.016 0.063 0.726 
 110 E _   0.010 0.155 0.001 0.024 0.009 0.016 0.062 0.724 
 111 S _   0.010 0.157 0.001 0.023 0.008 0.016 0.061 0.724 
 112 G _   0.010 0.157 0.001 0.022 0.008 0.015 0.060 0.726 
 113 E _   0.010 0.155 0.001 0.021 0.008 0.015 0.060 0.730 
 114 W _   0.010 0.153 0.001 0.019 0.007 0.015 0.060 0.736 
 115 W _   0.010 0.149 0.001 0.018 0.007 0.014 0.059 0.742 
 116 K _   0.010 0.145 0.001 0.017 0.006 0.014 0.059 0.747 
 117 A _   0.010 0.141 0.001 0.016 0.006 0.013 0.059 0.754 
 118 R _   0.010 0.136 0.001 0.015 0.006 0.013 0.059 0.761 
 119 S _   0.009 0.131 0.001 0.015 0.006 0.012 0.059 0.766 
 120 L _   0.009 0.126 0.001 0.015 0.006 0.012 0.059 0.772 
 121 A _   0.009 0.120 0.001 0.014 0.006 0.012 0.060 0.778 
 122 T _   0.009 0.115 0.001 0.014 0.005 0.011 0.060 0.785 
 123 R _   0.009 0.110 0.001 0.013 0.005 0.011 0.060 0.792 
 124 K _   0.009 0.105 0.001 0.012 0.005 0.011 0.060 0.799 
 125 E _   0.008 0.100 0.001 0.011 0.004 0.010 0.060 0.805 
 126 G _   0.008 0.097 0.000 0.010 0.004 0.010 0.061 0.811 
 127 Y _   0.008 0.094 0.000 0.009 0.004 0.010 0.061 0.814 
 128 I _   0.008 0.093 0.000 0.009 0.004 0.010 0.061 0.815 
 129 P _   0.008 0.093 0.000 0.009 0.004 0.010 0.060 0.815 
 130 S _   0.008 0.094 0.000 0.009 0.004 0.011 0.060 0.812 
 131 N _   0.009 0.097 0.001 0.010 0.005 0.012 0.060 0.808 
 132 Y _   0.009 0.100 0.001 0.011 0.005 0.012 0.060 0.802 
 133 V _   0.009 0.105 0.001 0.011 0.005 0.013 0.059 0.796 
 134 A _   0.010 0.111 0.001 0.012 0.006 0.014 0.059 0.788 
 135 R _   0.010 0.117 0.001 0.013 0.006 0.014 0.058 0.780 
 136 V _   0.010 0.125 0.001 0.014 0.007 0.015 0.058 0.770 
 137 D _   0.010 0.134 0.001 0.016 0.007 0.016 0.057 0.759 
 138 S _   0.011 0.143 0.001 0.018 0.008 0.017 0.056 0.745 
 139 L _   0.011 0.154 0.001 0.021 0.009 0.018 0.056 0.729 
 140 E _   0.012 0.164 0.001 0.025 0.010 0.018 0.056 0.714 
 141 T _   0.012 0.172 0.001 0.029 0.011 0.018 0.055 0.701 
 142 E _   0.012 0.178 0.001 0.032 0.011 0.018 0.056 0.691 
 143 E _   0.012 0.180 0.001 0.035 0.011 0.018 0.056 0.686 
 144 W _   0.012 0.179 0.001 0.035 0.011 0.017 0.057 0.688 
 145 F _   0.012 0.174 0.001 0.033 0.010 0.015 0.059 0.697 
 146 F _   0.011 0.164 0.001 0.029 0.008 0.014 0.060 0.712 
 147 K _   0.010 0.150 0.001 0.024 0.007 0.013 0.062 0.733 
 148 G _   0.010 0.132 0.001 0.019 0.006 0.011 0.065 0.757 
 149 I _   0.009 0.114 0.001 0.014 0.005 0.010 0.067 0.782 
 150 S _   0.008 0.099 0.000 0.010 0.003 0.009 0.069 0.802 
 151 R _   0.007 0.088 0.000 0.007 0.003 0.008 0.070 0.816 
 152 K _   0.006 0.082 0.000 0.006 0.002 0.008 0.071 0.824 
 153 D _   0.006 0.080 0.000 0.005 0.002 0.008 0.071 0.827 
 154 A _   0.006 0.081 0.000 0.006 0.002 0.009 0.072 0.824 
 155 E _   0.006 0.085 0.000 0.007 0.003 0.010 0.071 0.817 
 156 R _   0.007 0.094 0.000 0.009 0.004 0.012 0.070 0.803 
 157 Q _   0.008 0.109 0.001 0.012 0.005 0.014 0.069 0.782 
 158 L _   0.009 0.131 0.001 0.017 0.007 0.016 0.068 0.753 
 159 L _   0.009 0.157 0.001 0.021 0.008 0.017 0.066 0.720 
 160 A _   0.010 0.184 0.001 0.026 0.010 0.019 0.064 0.685 
 161 P _   0.010 0.210 0.001 0.031 0.012 0.021 0.063 0.651 
 162 G _   0.011 0.233 0.001 0.036 0.014 0.022 0.062 0.621 
 163 N _   0.012 0.250 0.001 0.041 0.015 0.022 0.061 0.597 
 164 M _   0.013 0.260 0.001 0.045 0.016 0.023 0.061 0.580 
 165 L _   0.014 0.265 0.001 0.047 0.017 0.023 0.062 0.570 
 166 G _   0.015 0.265 0.001 0.048 0.016 0.022 0.063 0.569 
 167 S _   0.015 0.259 0.001 0.046 0.016 0.022 0.065 0.576 
 168 F _   0.015 0.246 0.001 0.043 0.014 0.020 0.068 0.592 
 169 M _   0.015 0.226 0.001 0.037 0.013 0.019 0.071 0.618 
 170 I _   0.015 0.197 0.001 0.030 0.011 0.017 0.075 0.652 
 171 R _   0.015 0.163 0.001 0.024 0.009 0.016 0.080 0.692 
 172 D _   0.014 0.128 0.001 0.018 0.007 0.015 0.084 0.732 
 173 S _   0.013 0.100 0.001 0.013 0.006 0.013 0.088 0.766 
 174 E _   0.012 0.081 0.001 0.010 0.004 0.012 0.091 0.789 
 175 T _   0.011 0.069 0.000 0.009 0.004 0.011 0.094 0.802 
 176 T _   0.010 0.063 0.000 0.008 0.003 0.011 0.096 0.809 
 177 K _   0.009 0.059 0.000 0.009 0.003 0.010 0.098 0.811 
 178 G _   0.009 0.057 0.000 0.010 0.003 0.010 0.099 0.811 
 179 S _   0.009 0.056 0.000 0.012 0.004 0.010 0.100 0.809 
 180 Y _   0.008 0.055 0.000 0.014 0.004 0.010 0.101 0.807 
 181 S _   0.008 0.054 0.000 0.014 0.004 0.009 0.102 0.807 
 182 L _   0.008 0.052 0.000 0.014 0.004 0.009 0.103 0.810 
 183 S _   0.007 0.050 0.000 0.013 0.003 0.008 0.104 0.814 
 184 V _   0.006 0.047 0.000 0.011 0.003 0.007 0.105 0.819 
 185 R _   0.006 0.045 0.000 0.009 0.002 0.007 0.106 0.825 
 186 D _   0.005 0.043 0.000 0.008 0.002 0.006 0.106 0.830 
 187 Y _   0.005 0.041 0.000 0.006 0.002 0.006 0.106 0.834 
 188 D _   0.005 0.041 0.000 0.006 0.002 0.006 0.105 0.836 
 189 P _   0.005 0.043 0.000 0.005 0.002 0.006 0.104 0.835 
 190 R _   0.005 0.047 0.000 0.006 0.002 0.007 0.102 0.831 
 191 Q _   0.005 0.055 0.000 0.008 0.003 0.008 0.099 0.822 
 192 G _   0.005 0.069 0.000 0.011 0.003 0.009 0.096 0.805 
 193 D _   0.006 0.093 0.001 0.014 0.005 0.011 0.092 0.779 
 194 T _   0.006 0.126 0.001 0.019 0.006 0.012 0.086 0.744 
 195 V _   0.006 0.168 0.001 0.023 0.007 0.013 0.081 0.702 
 196 K _   0.006 0.212 0.001 0.027 0.008 0.013 0.075 0.659 
 197 H _   0.005 0.252 0.001 0.029 0.008 0.013 0.070 0.621 
 198 Y _   0.005 0.286 0.001 0.029 0.008 0.012 0.067 0.591 
 199 K _   0.005 0.313 0.001 0.029 0.007 0.012 0.063 0.570 
 200 I _   0.004 0.333 0.001 0.027 0.007 0.011 0.061 0.555 
 201 R _   0.004 0.348 0.001 0.025 0.007 0.011 0.059 0.545 
 202 T _   0.004 0.359 0.001 0.023 0.006 0.011 0.058 0.538 
 203 L _   0.004 0.367 0.001 0.022 0.006 0.011 0.057 0.533 
 204 D _   0.004 0.374 0.001 0.020 0.006 0.010 0.056 0.529 
 205 N _   0.005 0.379 0.001 0.018 0.005 0.010 0.056 0.526 
 206 G _   0.005 0.383 0.001 0.017 0.005 0.011 0.055 0.524 
 207 G _   0.005 0.386 0.001 0.016 0.005 0.011 0.055 0.521 
 208 F _   0.005 0.389 0.001 0.015 0.005 0.011 0.055 0.520 
 209 Y _   0.006 0.391 0.001 0.014 0.005 0.011 0.055 0.518 
 210 I _   0.006 0.393 0.001 0.013 0.005 0.012 0.054 0.515 
 211 S _   0.006 0.396 0.001 0.013 0.005 0.012 0.054 0.512 
 212 P _   0.007 0.401 0.001 0.014 0.006 0.013 0.054 0.506 
 213 R _   0.007 0.406 0.001 0.015 0.006 0.014 0.053 0.498 
 214 S _   0.007 0.414 0.001 0.017 0.007 0.014 0.053 0.487 
 215 T _   0.008 0.423 0.001 0.020 0.008 0.015 0.053 0.473 
 216 F _   0.008 0.432 0.001 0.024 0.009 0.015 0.053 0.458 
 217 S _   0.008 0.438 0.001 0.029 0.010 0.015 0.053 0.445 
 218 T E   0.008 0.441 0.001 0.033 0.010 0.015 0.054 0.437 
 219 L E   0.008 0.440 0.001 0.036 0.011 0.015 0.055 0.435 
 220 Q _   0.008 0.432 0.001 0.037 0.010 0.014 0.056 0.442 
 221 E _   0.008 0.414 0.001 0.036 0.010 0.013 0.059 0.458 
 222 L _   0.008 0.384 0.001 0.033 0.009 0.012 0.062 0.489 
 223 V _   0.009 0.338 0.001 0.029 0.009 0.012 0.067 0.536 
 224 D _   0.009 0.280 0.001 0.023 0.008 0.011 0.072 0.595 
 225 H _   0.009 0.221 0.001 0.018 0.006 0.010 0.078 0.657 
 226 Y _   0.008 0.172 0.001 0.012 0.005 0.010 0.084 0.708 
 227 K _   0.007 0.142 0.000 0.009 0.003 0.009 0.088 0.742 
 228 K _   0.006 0.125 0.000 0.006 0.002 0.009 0.091 0.760 
 229 G _   0.006 0.117 0.000 0.005 0.002 0.009 0.093 0.768 
 230 N _   0.006 0.115 0.000 0.006 0.002 0.009 0.094 0.767 
 231 D _   0.006 0.117 0.000 0.008 0.003 0.010 0.095 0.760 
 232 G _   0.007 0.123 0.000 0.012 0.004 0.012 0.095 0.746 
 233 L _   0.008 0.133 0.001 0.018 0.005 0.013 0.096 0.726 
 234 C _   0.008 0.145 0.001 0.026 0.007 0.015 0.096 0.703 
 235 Q _   0.009 0.155 0.001 0.033 0.008 0.015 0.096 0.683 
 236 K _   0.009 0.162 0.001 0.039 0.009 0.016 0.097 0.668 
 237 L _   0.008 0.164 0.001 0.043 0.009 0.015 0.099 0.661 
 238 S _   0.009 0.162 0.001 0.043 0.009 0.015 0.101 0.661 
 239 V _   0.008 0.156 0.001 0.041 0.009 0.014 0.105 0.667 
 240 P _   0.008 0.143 0.001 0.036 0.008 0.013 0.109 0.681 
 241 C _   0.009 0.125 0.001 0.030 0.007 0.012 0.115 0.703 
 242 M _   0.009 0.100 0.001 0.024 0.006 0.011 0.121 0.730 
 243 S _   0.009 0.074 0.001 0.018 0.004 0.009 0.127 0.758 
 244 S _   0.008 0.051 0.000 0.012 0.003 0.008 0.132 0.784 
 245 K _   0.007 0.035 0.000 0.008 0.002 0.007 0.136 0.804 
 246 P _   0.006 0.024 0.000 0.006 0.002 0.006 0.139 0.817 
 247 Q _   0.006 0.019 0.000 0.004 0.001 0.005 0.141 0.824 
 248 K _   0.005 0.016 0.000 0.004 0.001 0.005 0.141 0.828 
 249 P _   0.005 0.015 0.000 0.004 0.001 0.005 0.141 0.829 
 250 W _   0.005 0.016 0.000 0.004 0.001 0.005 0.140 0.828 
 251 E _   0.005 0.018 0.000 0.005 0.002 0.006 0.139 0.825 
 252 K _   0.005 0.021 0.000 0.008 0.002 0.007 0.136 0.820 
 253 D _   0.005 0.027 0.000 0.011 0.003 0.008 0.133 0.812 
 254 A _   0.006 0.035 0.000 0.014 0.004 0.009 0.130 0.803 
 255 W _   0.006 0.042 0.001 0.017 0.004 0.010 0.126 0.794 
 256 E _   0.006 0.049 0.001 0.020 0.005 0.010 0.123 0.787 
 257 I _   0.006 0.055 0.001 0.022 0.005 0.010 0.120 0.782 
 258 P _   0.006 0.058 0.001 0.022 0.005 0.010 0.118 0.781 
 259 R _   0.005 0.060 0.001 0.020 0.004 0.010 0.116 0.784 
 260 E _   0.005 0.061 0.000 0.018 0.004 0.009 0.114 0.789 
 261 S _   0.005 0.060 0.000 0.015 0.003 0.009 0.112 0.795 
 262 L _   0.005 0.060 0.000 0.012 0.003 0.008 0.111 0.801 
 263 K _   0.005 0.059 0.000 0.010 0.003 0.008 0.109 0.805 
 264 L _   0.005 0.060 0.000 0.009 0.003 0.008 0.107 0.809 
 265 E _   0.005 0.061 0.000 0.008 0.003 0.009 0.105 0.809 
 266 K _   0.005 0.064 0.000 0.009 0.003 0.010 0.102 0.806 
 267 K _   0.006 0.070 0.000 0.010 0.004 0.011 0.099 0.799 
 268 L _   0.007 0.080 0.001 0.013 0.005 0.013 0.096 0.787 
 269 G _   0.008 0.093 0.001 0.017 0.006 0.015 0.092 0.768 
 270 A _   0.008 0.110 0.001 0.023 0.008 0.017 0.088 0.744 
 271 G _   0.009 0.128 0.001 0.030 0.011 0.019 0.084 0.718 
 272 Q _   0.010 0.145 0.001 0.037 0.013 0.021 0.080 0.693 
 273 F _   0.011 0.157 0.001 0.045 0.014 0.022 0.077 0.673 
 274 G _   0.012 0.164 0.001 0.050 0.015 0.022 0.075 0.661 
 275 E _   0.012 0.166 0.001 0.052 0.016 0.022 0.073 0.657 
 276 V _   0.012 0.163 0.001 0.051 0.015 0.021 0.073 0.664 
 277 W _   0.012 0.155 0.001 0.046 0.014 0.020 0.072 0.680 
 278 M _   0.012 0.140 0.001 0.039 0.012 0.018 0.073 0.704 
 279 A _   0.012 0.118 0.001 0.031 0.010 0.017 0.073 0.737 
 280 T _   0.012 0.092 0.001 0.023 0.009 0.015 0.074 0.774 
 281 Y _   0.011 0.066 0.001 0.017 0.007 0.014 0.075 0.810 
 282 N _   0.010 0.045 0.001 0.012 0.006 0.013 0.076 0.837 
 283 K _   0.009 0.032 0.001 0.009 0.004 0.013 0.076 0.855 
 284 H _   0.009 0.024 0.000 0.008 0.004 0.013 0.076 0.866 
 285 T _   0.009 0.020 0.000 0.008 0.004 0.013 0.076 0.870 
 286 K _   0.009 0.017 0.000 0.009 0.004 0.014 0.076 0.871 
 287 V _   0.010 0.015 0.001 0.010 0.005 0.015 0.075 0.869 
 288 A _   0.010 0.014 0.001 0.011 0.005 0.016 0.075 0.867 
 289 V _   0.012 0.013 0.001 0.012 0.006 0.017 0.074 0.866 
 290 K _   0.013 0.012 0.001 0.012 0.006 0.019 0.073 0.865 
 291 T _   0.015 0.010 0.001 0.010 0.006 0.021 0.073 0.865 
 292 M _   0.018 0.009 0.001 0.009 0.006 0.023 0.072 0.863 
 293 K _   0.023 0.007 0.001 0.007 0.007 0.026 0.071 0.859 
 294 P _   0.030 0.007 0.001 0.006 0.008 0.030 0.070 0.849 
 295 G _   0.040 0.007 0.001 0.006 0.010 0.036 0.069 0.831 
 296 S _   0.055 0.008 0.001 0.007 0.015 0.043 0.067 0.804 
 297 M _   0.071 0.012 0.001 0.009 0.022 0.050 0.066 0.767 
 298 S _   0.088 0.020 0.002 0.014 0.030 0.057 0.065 0.724 
 299 V _   0.103 0.031 0.002 0.021 0.038 0.062 0.064 0.678 
 300 E _   0.113 0.044 0.002 0.029 0.045 0.065 0.064 0.638 
 301 A _   0.118 0.054 0.003 0.037 0.048 0.065 0.064 0.611 
 302 F _   0.119 0.061 0.003 0.041 0.048 0.063 0.064 0.600 
 303 L _   0.116 0.063 0.002 0.043 0.046 0.060 0.065 0.604 
 304 A _   0.109 0.062 0.002 0.042 0.042 0.055 0.067 0.622 
 305 E _   0.099 0.058 0.002 0.038 0.036 0.049 0.069 0.650 
 306 A _   0.087 0.050 0.002 0.032 0.028 0.042 0.071 0.688 
 307 N _   0.074 0.039 0.002 0.025 0.021 0.036 0.074 0.730 
 308 V _   0.062 0.028 0.001 0.018 0.015 0.030 0.076 0.769 
 309 M _   0.051 0.018 0.001 0.013 0.010 0.025 0.079 0.804 
 310 K _   0.041 0.010 0.001 0.009 0.007 0.020 0.081 0.831 
 311 T _   0.032 0.005 0.001 0.006 0.005 0.017 0.082 0.852 
 312 L _   0.025 0.003 0.000 0.005 0.004 0.015 0.083 0.866 
 313 Q _   0.020 0.001 0.000 0.004 0.003 0.013 0.083 0.875 
 314 H _   0.018 0.001 0.000 0.003 0.003 0.012 0.083 0.880 
 315 D _   0.017 0.000 0.000 0.003 0.003 0.013 0.083 0.881 
 316 K _   0.017 0.000 0.000 0.003 0.003 0.014 0.083 0.879 
 317 L _   0.019 0.000 0.000 0.004 0.004 0.016 0.082 0.875 
 318 V _   0.022 0.001 0.001 0.005 0.005 0.018 0.082 0.867 
 319 K _   0.025 0.001 0.001 0.007 0.006 0.021 0.081 0.858 
 320 L _   0.030 0.001 0.001 0.009 0.008 0.025 0.080 0.847 
 321 H _   0.035 0.002 0.001 0.010 0.010 0.028 0.079 0.835 
 322 A _   0.042 0.002 0.001 0.011 0.011 0.031 0.077 0.824 
 323 V _   0.049 0.003 0.001 0.011 0.012 0.035 0.076 0.813 
 324 V _   0.058 0.003 0.001 0.010 0.014 0.038 0.076 0.801 
 325 T _   0.067 0.003 0.001 0.009 0.015 0.041 0.075 0.789 
 326 K _   0.078 0.003 0.001 0.008 0.016 0.045 0.074 0.775 
 327 E _   0.090 0.004 0.001 0.007 0.018 0.049 0.074 0.757 
 328 P _   0.103 0.005 0.001 0.007 0.022 0.053 0.073 0.736 
 329 I _   0.114 0.007 0.001 0.008 0.026 0.057 0.073 0.713 
 330 Y _   0.125 0.011 0.002 0.010 0.031 0.060 0.073 0.687 
 331 I _   0.134 0.018 0.002 0.014 0.036 0.063 0.074 0.660 
 332 I _   0.140 0.028 0.002 0.018 0.040 0.064 0.074 0.634 
 333 T _   0.141 0.038 0.002 0.024 0.042 0.063 0.076 0.614 
 334 E _   0.136 0.046 0.002 0.028 0.043 0.061 0.078 0.605 
 335 F _   0.128 0.052 0.002 0.031 0.041 0.058 0.080 0.608 
 336 M _   0.116 0.056 0.002 0.032 0.038 0.054 0.083 0.619 
 337 A _   0.103 0.058 0.002 0.033 0.033 0.049 0.087 0.635 
 338 K _   0.090 0.058 0.002 0.032 0.028 0.044 0.090 0.656 
 339 G _   0.076 0.056 0.002 0.031 0.023 0.038 0.094 0.680 
 340 S _   0.064 0.052 0.001 0.028 0.018 0.033 0.099 0.704 
 341 L _   0.052 0.048 0.001 0.026 0.014 0.028 0.104 0.726 
 342 L _   0.042 0.042 0.001 0.024 0.011 0.024 0.109 0.747 
 343 D _   0.033 0.035 0.001 0.020 0.008 0.019 0.114 0.768 
 344 F _   0.026 0.027 0.001 0.017 0.006 0.016 0.119 0.788 
 345 L _   0.020 0.020 0.001 0.013 0.005 0.013 0.123 0.806 
 346 K _   0.015 0.013 0.000 0.010 0.003 0.010 0.127 0.821 
 347 S _   0.012 0.008 0.000 0.007 0.002 0.008 0.129 0.834 
 348 D _   0.009 0.005 0.000 0.005 0.002 0.006 0.131 0.842 
 349 E _   0.007 0.003 0.000 0.004 0.001 0.005 0.132 0.848 
 350 G _   0.006 0.002 0.000 0.003 0.001 0.005 0.132 0.851 
 351 S _   0.005 0.001 0.000 0.002 0.001 0.005 0.132 0.853 
 352 K _   0.005 0.001 0.000 0.002 0.001 0.005 0.131 0.854 
 353 Q _   0.005 0.001 0.000 0.003 0.001 0.007 0.129 0.854 
 354 P _   0.006 0.002 0.000 0.003 0.002 0.009 0.127 0.852 
 355 L _   0.007 0.003 0.000 0.004 0.002 0.012 0.123 0.848 
 356 P _   0.009 0.006 0.000 0.006 0.003 0.016 0.119 0.839 
 357 K _   0.013 0.011 0.001 0.009 0.005 0.022 0.114 0.825 
 358 L _   0.018 0.019 0.001 0.012 0.008 0.029 0.107 0.805 
 359 I _   0.024 0.031 0.001 0.016 0.013 0.037 0.100 0.778 
 360 D _   0.032 0.045 0.001 0.021 0.019 0.046 0.093 0.743 
 361 F _   0.040 0.062 0.002 0.025 0.025 0.053 0.086 0.707 
 362 S _   0.050 0.079 0.002 0.029 0.032 0.060 0.079 0.670 
 363 A _   0.059 0.096 0.002 0.034 0.039 0.065 0.072 0.633 
 364 Q _   0.068 0.110 0.002 0.038 0.045 0.068 0.066 0.603 
 365 I _   0.075 0.122 0.002 0.042 0.049 0.069 0.062 0.579 
 366 A _   0.081 0.131 0.002 0.046 0.050 0.068 0.058 0.564 
 367 E _   0.084 0.135 0.002 0.049 0.050 0.066 0.054 0.560 
 368 G _   0.086 0.135 0.002 0.049 0.047 0.062 0.052 0.567 
 369 M _   0.085 0.130 0.002 0.048 0.043 0.057 0.050 0.585 
 370 A _   0.082 0.120 0.002 0.044 0.037 0.051 0.049 0.615 
 371 F _   0.076 0.103 0.002 0.038 0.030 0.045 0.048 0.658 
 372 I _   0.069 0.080 0.002 0.030 0.024 0.038 0.047 0.711 
 373 E _   0.061 0.054 0.002 0.022 0.017 0.032 0.046 0.767 
 374 Q _   0.054 0.030 0.001 0.014 0.011 0.026 0.045 0.818 
 375 R _   0.049 0.014 0.001 0.009 0.007 0.021 0.044 0.855 
 376 N _   0.046 0.005 0.001 0.005 0.005 0.017 0.042 0.879 
 377 Y _   0.047 0.002 0.000 0.003 0.003 0.015 0.040 0.889 
 378 I _   0.054 0.001 0.000 0.002 0.003 0.014 0.038 0.889 
 379 H _   0.068 0.000 0.000 0.002 0.003 0.013 0.035 0.878 
 380 R _   0.094 0.000 0.000 0.002 0.004 0.014 0.032 0.853 
 381 D _   0.136 0.000 0.001 0.002 0.005 0.016 0.029 0.812 
 382 L _   0.192 0.000 0.001 0.002 0.007 0.018 0.025 0.754 
 383 R _   0.264 0.000 0.001 0.002 0.010 0.021 0.021 0.681 
 384 A _   0.345 0.000 0.001 0.002 0.013 0.023 0.017 0.598 
 385 A _   0.428 0.000 0.001 0.002 0.016 0.024 0.014 0.515 
 386 N H   0.509 0.000 0.001 0.002 0.019 0.025 0.011 0.433 
 387 I H   0.582 0.000 0.001 0.002 0.021 0.024 0.009 0.361 
 388 L H   0.642 0.000 0.001 0.002 0.022 0.024 0.007 0.301 
 389 V H   0.691 0.000 0.001 0.002 0.024 0.023 0.006 0.254 
 390 S H   0.726 0.000 0.001 0.001 0.024 0.021 0.006 0.220 
 391 A H   0.748 0.000 0.001 0.001 0.025 0.020 0.005 0.199 
 392 S H   0.759 0.000 0.001 0.001 0.025 0.019 0.005 0.189 
 393 L H   0.758 0.000 0.001 0.001 0.025 0.019 0.006 0.191 
 394 V H   0.746 0.000 0.001 0.002 0.024 0.018 0.006 0.202 
 395 C H   0.724 0.000 0.001 0.002 0.024 0.018 0.007 0.224 
 396 K H   0.687 0.000 0.002 0.002 0.024 0.019 0.008 0.259 
 397 I H   0.639 0.000 0.002 0.003 0.023 0.019 0.010 0.305 
 398 A H   0.580 0.000 0.002 0.004 0.022 0.020 0.012 0.360 
 399 D H   0.512 0.000 0.002 0.005 0.021 0.020 0.014 0.425 
 400 F _   0.437 0.001 0.002 0.007 0.020 0.020 0.018 0.496 
 401 G _   0.358 0.001 0.002 0.010 0.017 0.020 0.021 0.571 
 402 L _   0.280 0.001 0.002 0.011 0.015 0.019 0.025 0.647 
 403 A _   0.208 0.001 0.001 0.012 0.012 0.017 0.029 0.720 
 404 R _   0.146 0.001 0.001 0.011 0.009 0.015 0.032 0.785 
 405 V _   0.097 0.001 0.001 0.009 0.006 0.013 0.035 0.838 
 406 I _   0.063 0.001 0.001 0.007 0.004 0.010 0.037 0.877 
 407 E _   0.040 0.001 0.000 0.006 0.003 0.009 0.038 0.904 
 408 D _   0.025 0.000 0.000 0.004 0.002 0.007 0.039 0.921 
 409 N _   0.017 0.000 0.000 0.004 0.002 0.006 0.039 0.931 
 410 E _   0.012 0.001 0.000 0.003 0.002 0.006 0.039 0.937 
 411 Y _   0.009 0.001 0.000 0.003 0.002 0.006 0.039 0.940 
 412 T _   0.008 0.001 0.000 0.004 0.002 0.006 0.039 0.940 
 413 A _   0.007 0.002 0.000 0.005 0.002 0.007 0.038 0.938 
 414 R _   0.007 0.004 0.000 0.007 0.003 0.009 0.037 0.934 
 415 E _   0.007 0.007 0.000 0.009 0.003 0.010 0.035 0.927 
 416 G _   0.007 0.011 0.001 0.012 0.004 0.012 0.034 0.919 
 417 A _   0.008 0.016 0.001 0.015 0.005 0.013 0.032 0.910 
 418 K _   0.008 0.021 0.001 0.018 0.007 0.015 0.030 0.900 
 419 F _   0.009 0.025 0.001 0.021 0.008 0.016 0.029 0.891 
 420 P _   0.009 0.029 0.001 0.023 0.009 0.018 0.027 0.884 
 421 I _   0.010 0.032 0.001 0.025 0.010 0.019 0.025 0.878 
 422 K _   0.011 0.033 0.001 0.026 0.010 0.020 0.024 0.874 
 423 W _   0.012 0.034 0.001 0.027 0.011 0.021 0.023 0.872 
 424 T _   0.013 0.034 0.001 0.027 0.011 0.022 0.022 0.871 
 425 A _   0.014 0.033 0.001 0.026 0.012 0.022 0.021 0.871 
 426 P _   0.016 0.031 0.001 0.024 0.012 0.023 0.020 0.874 
 427 E _   0.019 0.028 0.001 0.023 0.011 0.023 0.019 0.877 
 428 A _   0.022 0.024 0.001 0.020 0.011 0.023 0.018 0.880 
 429 I _   0.026 0.020 0.001 0.018 0.011 0.023 0.017 0.883 
 430 N _   0.033 0.016 0.001 0.015 0.011 0.023 0.017 0.885 
 431 F _   0.042 0.011 0.001 0.013 0.010 0.022 0.016 0.884 
 432 G _   0.055 0.007 0.001 0.010 0.010 0.022 0.015 0.880 
 433 S _   0.072 0.004 0.001 0.008 0.009 0.021 0.014 0.871 
 434 F _   0.095 0.002 0.001 0.006 0.008 0.020 0.013 0.855 
 435 T _   0.126 0.001 0.001 0.004 0.008 0.019 0.012 0.830 
 436 I _   0.168 0.000 0.001 0.002 0.008 0.018 0.010 0.792 
 437 K _   0.224 0.000 0.001 0.002 0.008 0.017 0.009 0.739 
 438 S _   0.297 0.000 0.001 0.001 0.008 0.017 0.008 0.668 
 439 D _   0.388 0.000 0.001 0.001 0.010 0.017 0.006 0.577 
 440 V H   0.493 0.000 0.001 0.001 0.012 0.017 0.005 0.471 
 441 W H   0.598 0.000 0.001 0.001 0.014 0.016 0.004 0.365 
 442 S H   0.686 0.000 0.001 0.001 0.016 0.016 0.003 0.276 
 443 F H   0.755 0.000 0.001 0.001 0.018 0.015 0.003 0.207 
 444 G H   0.804 0.000 0.001 0.001 0.020 0.014 0.003 0.157 
 445 I H   0.835 0.000 0.001 0.001 0.021 0.013 0.003 0.126 
 446 L H   0.849 0.000 0.001 0.001 0.022 0.012 0.003 0.111 
 447 L H   0.852 0.000 0.001 0.001 0.023 0.011 0.004 0.107 
 448 M H   0.843 0.000 0.001 0.001 0.024 0.011 0.005 0.115 
 449 E H   0.820 0.000 0.001 0.001 0.024 0.011 0.007 0.135 
 450 I H   0.779 0.000 0.002 0.002 0.024 0.012 0.009 0.173 
 451 V H   0.713 0.000 0.002 0.002 0.023 0.013 0.014 0.233 
 452 T H   0.625 0.000 0.002 0.003 0.021 0.013 0.020 0.316 
 453 Y H   0.522 0.000 0.002 0.004 0.018 0.013 0.028 0.413 
 454 G _   0.411 0.000 0.002 0.004 0.014 0.013 0.038 0.518 
 455 R _   0.306 0.000 0.001 0.004 0.010 0.012 0.049 0.617 
 456 I _   0.214 0.000 0.001 0.004 0.007 0.011 0.059 0.704 
 457 P _   0.140 0.000 0.001 0.004 0.005 0.009 0.067 0.774 
 458 Y _   0.088 0.000 0.001 0.003 0.003 0.008 0.073 0.823 
 459 P _   0.054 0.000 0.000 0.003 0.003 0.008 0.078 0.855 
 460 G _   0.034 0.000 0.000 0.002 0.002 0.008 0.082 0.872 
 461 M _   0.023 0.001 0.000 0.003 0.002 0.008 0.084 0.879 
 462 S _   0.017 0.003 0.000 0.004 0.002 0.010 0.086 0.877 
 463 N _   0.015 0.008 0.000 0.006 0.004 0.012 0.088 0.866 
 464 P _   0.014 0.021 0.001 0.012 0.006 0.015 0.089 0.842 
 465 E _   0.014 0.046 0.001 0.022 0.009 0.018 0.089 0.800 
 466 V _   0.014 0.082 0.001 0.035 0.012 0.021 0.090 0.745 
 467 I _   0.013 0.118 0.001 0.049 0.015 0.022 0.090 0.691 
 468 R _   0.013 0.143 0.001 0.062 0.017 0.023 0.092 0.650 
 469 A _   0.012 0.157 0.001 0.070 0.017 0.023 0.094 0.626 
 470 L _   0.011 0.163 0.001 0.073 0.017 0.022 0.097 0.616 
 471 E _   0.011 0.162 0.001 0.071 0.016 0.020 0.102 0.617 
 472 R _   0.010 0.155 0.001 0.064 0.014 0.018 0.108 0.630 
 473 G _   0.009 0.139 0.001 0.052 0.012 0.016 0.116 0.655 
 474 Y _   0.009 0.113 0.001 0.039 0.009 0.014 0.125 0.690 
 475 R _   0.008 0.082 0.001 0.026 0.007 0.011 0.135 0.730 
 476 M _   0.007 0.053 0.001 0.016 0.005 0.010 0.144 0.765 
 477 P _   0.006 0.032 0.000 0.009 0.003 0.008 0.151 0.790 
 478 R _   0.005 0.021 0.000 0.005 0.002 0.007 0.157 0.803 
 479 P _   0.005 0.017 0.000 0.003 0.001 0.007 0.160 0.806 
 480 E _   0.006 0.016 0.000 0.003 0.002 0.009 0.163 0.803 
 481 N _   0.007 0.017 0.000 0.004 0.002 0.012 0.164 0.794 
 482 C _   0.011 0.023 0.000 0.006 0.004 0.016 0.165 0.774 
 483 P _   0.015 0.041 0.001 0.013 0.009 0.023 0.165 0.733 
 484 E _   0.019 0.082 0.002 0.026 0.015 0.029 0.165 0.663 
 485 E _   0.021 0.144 0.002 0.044 0.022 0.034 0.163 0.570 
 486 L _   0.021 0.205 0.002 0.063 0.027 0.036 0.163 0.484 
 487 Y _   0.020 0.245 0.002 0.079 0.028 0.036 0.163 0.426 
 488 N _   0.019 0.266 0.002 0.088 0.028 0.035 0.166 0.396 
 489 I _   0.018 0.273 0.002 0.091 0.027 0.033 0.170 0.386 
 490 M _   0.017 0.272 0.002 0.087 0.024 0.030 0.176 0.391 
 491 M _   0.016 0.260 0.002 0.077 0.022 0.027 0.185 0.411 
 492 R _   0.015 0.234 0.002 0.062 0.018 0.023 0.196 0.449 
 493 C _   0.014 0.190 0.002 0.044 0.014 0.020 0.209 0.506 
 494 W _   0.013 0.137 0.001 0.028 0.010 0.017 0.223 0.569 
 495 K _   0.012 0.091 0.001 0.016 0.007 0.015 0.236 0.622 
 496 N _   0.010 0.064 0.001 0.008 0.004 0.013 0.245 0.654 
 497 R _   0.008 0.053 0.000 0.005 0.003 0.012 0.252 0.667 
 498 P _   0.008 0.050 0.000 0.003 0.002 0.012 0.256 0.668 
 499 E _   0.008 0.051 0.000 0.004 0.003 0.013 0.259 0.661 
 500 E _   0.010 0.057 0.000 0.006 0.004 0.016 0.262 0.645 
 501 R _   0.011 0.076 0.001 0.011 0.007 0.019 0.264 0.612 
 502 P _   0.012 0.111 0.001 0.018 0.010 0.021 0.265 0.560 
 503 T _   0.013 0.160 0.001 0.027 0.013 0.023 0.266 0.497 
 504 F _   0.012 0.208 0.002 0.034 0.015 0.023 0.267 0.439 
 505 E _   0.011 0.244 0.001 0.040 0.015 0.023 0.270 0.395 
 506 Y _   0.010 0.268 0.001 0.043 0.015 0.023 0.274 0.365 
 507 I _   0.010 0.281 0.001 0.044 0.015 0.022 0.280 0.347 
 508 Q _   0.009 0.287 0.001 0.043 0.014 0.022 0.287 0.336 
 509 S _   0.009 0.289 0.001 0.041 0.013 0.021 0.295 0.330 
 510 V _   0.009 0.287 0.001 0.039 0.013 0.020 0.305 0.326 
 511 L _   0.010 0.281 0.001 0.036 0.012 0.020 0.317 0.323 
 512 D X   0.010 0.272 0.001 0.034 0.011 0.019 0.331 0.322 
 513 D X   0.010 0.260 0.001 0.032 0.011 0.019 0.347 0.320 
 514 F X   0.011 0.246 0.001 0.032 0.010 0.018 0.365 0.317 
 515 Y X   0.011 0.231 0.001 0.031 0.010 0.017 0.384 0.314 
 516 T X   0.011 0.212 0.001 0.030 0.009 0.017 0.406 0.314 
 517 A X   0.010 0.190 0.001 0.029 0.009 0.015 0.430 0.316 
 518 T X   0.009 0.166 0.001 0.027 0.008 0.014 0.454 0.322 
 519 E X   0.008 0.140 0.001 0.024 0.007 0.012 0.478 0.331 
 520 S X   0.006 0.114 0.001 0.020 0.006 0.009 0.504 0.341 
 521 Q X   0.004 0.085 0.001 0.015 0.004 0.007 0.529 0.355 
 522 Y X   0.002 0.057 0.000 0.010 0.002 0.004 0.553 0.371 
 523 Q X   0.001 0.033 0.000 0.005 0.001 0.001 0.570 0.389 
 524 Q X   0.000 0.020 0.000 0.003 0.000 0.000 0.576 0.401 
 525 Q X   0.000 0.016 0.000 0.003 0.000 0.000 0.575 0.406 
 526 P X   0.002 0.015 0.001 0.010 0.003 0.002 0.565 0.402 
