#TopoPred_TM8: 8-state transmembrane topology prediction results by no_profile mode 
#probabilities are in the order of H E C I L F X _, the 8 transmembrane topology types used in PDBTM 
   1 M X   0.018 0.001 0.002 0.061 0.011 0.013 0.622 0.272 
   2 N X   0.007 0.001 0.000 0.039 0.002 0.008 0.638 0.305 
   3 R X   0.002 0.001 0.000 0.025 0.001 0.006 0.639 0.326 
   4 Y X   0.002 0.001 0.000 0.019 0.001 0.006 0.634 0.337 
   5 T X   0.003 0.001 0.000 0.017 0.002 0.008 0.623 0.346 
   6 T X   0.004 0.002 0.000 0.016 0.002 0.011 0.608 0.356 
   7 I X   0.005 0.003 0.000 0.016 0.003 0.013 0.592 0.367 
   8 R X   0.006 0.005 0.001 0.016 0.004 0.014 0.573 0.381 
   9 Q X   0.007 0.007 0.001 0.017 0.004 0.015 0.553 0.397 
  10 L X   0.007 0.010 0.001 0.017 0.005 0.016 0.531 0.414 
  11 G X   0.007 0.012 0.001 0.017 0.006 0.017 0.508 0.432 
  12 D X   0.007 0.015 0.001 0.017 0.007 0.018 0.486 0.449 
  13 G X   0.008 0.018 0.001 0.016 0.007 0.019 0.466 0.464 
  14 T _   0.009 0.022 0.001 0.017 0.008 0.021 0.447 0.475 
  15 Y _   0.011 0.026 0.001 0.018 0.010 0.023 0.428 0.484 
  16 G _   0.012 0.031 0.001 0.020 0.011 0.025 0.411 0.489 
  17 S _   0.014 0.036 0.001 0.022 0.012 0.027 0.393 0.495 
  18 V _   0.016 0.041 0.001 0.023 0.013 0.028 0.376 0.500 
  19 L _   0.017 0.046 0.001 0.024 0.014 0.029 0.361 0.508 
  20 L _   0.018 0.049 0.001 0.024 0.014 0.030 0.346 0.518 
  21 G _   0.019 0.052 0.001 0.022 0.014 0.030 0.331 0.529 
  22 R _   0.020 0.054 0.001 0.020 0.014 0.030 0.318 0.542 
  23 S _   0.020 0.055 0.001 0.019 0.014 0.030 0.306 0.555 
  24 I _   0.020 0.057 0.001 0.018 0.014 0.030 0.294 0.566 
  25 E _   0.021 0.059 0.001 0.019 0.014 0.030 0.283 0.574 
  26 S _   0.021 0.061 0.001 0.020 0.014 0.030 0.272 0.579 
  27 G _   0.022 0.065 0.001 0.023 0.015 0.030 0.263 0.582 
  28 E _   0.021 0.068 0.001 0.027 0.015 0.029 0.254 0.585 
  29 L _   0.021 0.069 0.001 0.029 0.015 0.028 0.245 0.591 
  30 I _   0.021 0.069 0.001 0.030 0.014 0.027 0.238 0.600 
  31 A _   0.020 0.067 0.001 0.029 0.013 0.025 0.231 0.613 
  32 I _   0.019 0.063 0.001 0.026 0.012 0.023 0.225 0.631 
  33 K _   0.017 0.057 0.001 0.022 0.010 0.020 0.220 0.653 
  34 K _   0.016 0.049 0.001 0.017 0.008 0.018 0.215 0.677 
  35 M _   0.014 0.041 0.001 0.012 0.006 0.017 0.210 0.699 
  36 K _   0.013 0.034 0.001 0.009 0.005 0.015 0.205 0.717 
  37 R _   0.012 0.030 0.001 0.007 0.004 0.015 0.201 0.731 
  38 K _   0.012 0.028 0.000 0.006 0.004 0.015 0.196 0.739 
  39 F _   0.012 0.027 0.000 0.006 0.004 0.015 0.191 0.743 
  40 Y _   0.012 0.029 0.001 0.008 0.005 0.016 0.186 0.743 
  41 S _   0.013 0.032 0.001 0.011 0.007 0.018 0.181 0.739 
  42 W _   0.014 0.037 0.001 0.015 0.008 0.019 0.175 0.731 
  43 E _   0.015 0.043 0.001 0.020 0.010 0.020 0.169 0.722 
  44 E _   0.016 0.048 0.001 0.025 0.012 0.021 0.163 0.714 
  45 C _   0.016 0.052 0.001 0.030 0.013 0.021 0.159 0.709 
  46 M _   0.016 0.054 0.001 0.032 0.013 0.021 0.154 0.708 
  47 N _   0.016 0.054 0.001 0.033 0.013 0.020 0.151 0.712 
  48 L _   0.015 0.052 0.001 0.031 0.012 0.019 0.148 0.721 
  49 R _   0.015 0.048 0.001 0.028 0.010 0.017 0.146 0.734 
  50 E _   0.014 0.042 0.001 0.023 0.009 0.016 0.145 0.751 
  51 V _   0.013 0.034 0.001 0.018 0.007 0.014 0.143 0.770 
  52 K _   0.012 0.025 0.001 0.014 0.006 0.012 0.142 0.789 
  53 S _   0.011 0.018 0.001 0.010 0.004 0.011 0.141 0.806 
  54 L _   0.010 0.012 0.000 0.007 0.003 0.010 0.139 0.818 
  55 K _   0.009 0.009 0.000 0.005 0.003 0.009 0.138 0.826 
  56 K _   0.009 0.007 0.000 0.005 0.003 0.009 0.136 0.832 
  57 L _   0.009 0.007 0.000 0.005 0.003 0.009 0.134 0.834 
  58 N _   0.009 0.007 0.000 0.005 0.003 0.010 0.131 0.834 
  59 H _   0.010 0.008 0.000 0.007 0.004 0.012 0.128 0.831 
  60 A _   0.011 0.009 0.001 0.010 0.005 0.013 0.125 0.826 
  61 N _   0.012 0.012 0.001 0.014 0.006 0.015 0.122 0.819 
  62 V _   0.013 0.015 0.001 0.017 0.008 0.016 0.118 0.812 
  63 V _   0.014 0.017 0.001 0.021 0.009 0.017 0.115 0.807 
  64 K _   0.014 0.019 0.001 0.023 0.009 0.018 0.112 0.805 
  65 L _   0.014 0.019 0.001 0.023 0.009 0.018 0.110 0.806 
  66 K _   0.014 0.019 0.001 0.021 0.009 0.017 0.108 0.811 
  67 E _   0.014 0.017 0.001 0.018 0.008 0.017 0.106 0.820 
  68 V _   0.014 0.015 0.001 0.014 0.006 0.016 0.104 0.830 
  69 I _   0.013 0.013 0.001 0.010 0.005 0.015 0.102 0.840 
  70 R _   0.013 0.012 0.001 0.007 0.005 0.015 0.101 0.846 
  71 E _   0.014 0.012 0.000 0.006 0.004 0.016 0.099 0.849 
  72 N _   0.015 0.012 0.001 0.006 0.005 0.017 0.097 0.848 
  73 D _   0.016 0.014 0.001 0.007 0.006 0.019 0.095 0.843 
  74 H _   0.018 0.018 0.001 0.010 0.008 0.021 0.092 0.832 
  75 L _   0.020 0.025 0.001 0.014 0.010 0.023 0.090 0.817 
  76 Y _   0.022 0.033 0.001 0.019 0.012 0.025 0.087 0.800 
  77 F _   0.023 0.042 0.001 0.025 0.014 0.026 0.085 0.784 
  78 I _   0.023 0.048 0.001 0.029 0.015 0.027 0.083 0.773 
  79 F _   0.023 0.052 0.001 0.031 0.016 0.026 0.081 0.770 
  80 E _   0.022 0.054 0.001 0.031 0.015 0.025 0.079 0.772 
  81 Y _   0.020 0.054 0.001 0.029 0.014 0.024 0.078 0.779 
  82 M _   0.019 0.052 0.001 0.027 0.013 0.022 0.078 0.789 
  83 K _   0.018 0.049 0.001 0.024 0.011 0.020 0.077 0.800 
  84 E _   0.016 0.045 0.001 0.022 0.010 0.019 0.077 0.811 
  85 N _   0.015 0.040 0.001 0.019 0.008 0.017 0.077 0.822 
  86 L _   0.014 0.035 0.001 0.018 0.007 0.016 0.077 0.832 
  87 Y _   0.013 0.030 0.001 0.016 0.006 0.014 0.078 0.842 
  88 Q _   0.012 0.025 0.001 0.015 0.006 0.013 0.078 0.851 
  89 L _   0.011 0.019 0.001 0.013 0.005 0.012 0.078 0.862 
  90 I _   0.010 0.014 0.001 0.010 0.004 0.011 0.078 0.871 
  91 K _   0.010 0.010 0.000 0.008 0.003 0.010 0.078 0.881 
  92 E _   0.010 0.006 0.000 0.006 0.003 0.010 0.077 0.888 
  93 R _   0.010 0.003 0.000 0.005 0.003 0.009 0.076 0.893 
  94 N _   0.011 0.002 0.000 0.004 0.002 0.010 0.075 0.894 
  95 K _   0.015 0.001 0.000 0.004 0.003 0.011 0.074 0.892 
  96 L _   0.020 0.001 0.000 0.003 0.003 0.013 0.073 0.887 
  97 F _   0.029 0.000 0.000 0.004 0.004 0.016 0.071 0.877 
  98 P _   0.042 0.000 0.001 0.004 0.005 0.020 0.069 0.860 
  99 E _   0.062 0.000 0.001 0.004 0.007 0.025 0.067 0.835 
 100 S _   0.089 0.000 0.001 0.005 0.009 0.031 0.064 0.801 
 101 A _   0.125 0.000 0.001 0.005 0.013 0.038 0.061 0.757 
 102 I _   0.165 0.000 0.001 0.006 0.018 0.045 0.058 0.707 
 103 R _   0.210 0.000 0.002 0.006 0.024 0.051 0.055 0.652 
 104 N _   0.255 0.001 0.002 0.007 0.030 0.057 0.052 0.596 
 105 I _   0.299 0.001 0.002 0.007 0.036 0.062 0.050 0.543 
 106 M _   0.335 0.001 0.002 0.008 0.042 0.065 0.049 0.499 
 107 Y _   0.363 0.002 0.002 0.008 0.046 0.066 0.048 0.465 
 108 Q _   0.382 0.002 0.002 0.009 0.049 0.066 0.048 0.442 
 109 I _   0.393 0.003 0.002 0.009 0.050 0.066 0.048 0.428 
 110 L _   0.395 0.003 0.002 0.010 0.050 0.064 0.049 0.426 
 111 Q _   0.387 0.004 0.002 0.011 0.049 0.061 0.051 0.434 
 112 G _   0.372 0.005 0.002 0.012 0.046 0.058 0.053 0.452 
 113 L _   0.347 0.005 0.002 0.013 0.043 0.054 0.056 0.479 
 114 A _   0.317 0.006 0.002 0.015 0.038 0.050 0.059 0.513 
 115 F _   0.279 0.007 0.002 0.017 0.033 0.046 0.063 0.554 
 116 I _   0.237 0.007 0.002 0.019 0.028 0.041 0.067 0.600 
 117 H _   0.194 0.007 0.002 0.020 0.022 0.036 0.072 0.648 
 118 K _   0.152 0.006 0.001 0.019 0.017 0.030 0.076 0.697 
 119 H _   0.114 0.005 0.001 0.017 0.012 0.025 0.081 0.743 
 120 G _   0.083 0.004 0.001 0.015 0.009 0.020 0.085 0.783 
 121 F _   0.058 0.003 0.001 0.011 0.006 0.016 0.088 0.816 
 122 F _   0.040 0.002 0.001 0.008 0.004 0.012 0.091 0.843 
 123 H _   0.026 0.001 0.000 0.005 0.003 0.009 0.093 0.862 
 124 R _   0.017 0.001 0.000 0.004 0.002 0.008 0.094 0.875 
 125 D _   0.012 0.001 0.000 0.003 0.001 0.006 0.094 0.883 
 126 L _   0.009 0.001 0.000 0.002 0.001 0.006 0.094 0.887 
 127 K _   0.007 0.001 0.000 0.002 0.001 0.007 0.093 0.889 
 128 P _   0.008 0.002 0.000 0.003 0.002 0.008 0.091 0.886 
 129 E _   0.009 0.005 0.000 0.004 0.003 0.011 0.089 0.878 
 130 N _   0.011 0.013 0.001 0.007 0.004 0.015 0.087 0.862 
 131 L _   0.014 0.030 0.001 0.011 0.007 0.020 0.083 0.833 
 132 L _   0.017 0.059 0.001 0.017 0.010 0.024 0.079 0.793 
 133 C _   0.019 0.096 0.001 0.023 0.014 0.029 0.074 0.744 
 134 M _   0.020 0.135 0.002 0.029 0.017 0.032 0.069 0.697 
 135 G _   0.021 0.169 0.002 0.032 0.019 0.034 0.065 0.658 
 136 P _   0.023 0.196 0.002 0.034 0.020 0.036 0.062 0.628 
 137 E _   0.024 0.217 0.002 0.035 0.022 0.037 0.059 0.606 
 138 L _   0.025 0.233 0.002 0.035 0.022 0.038 0.056 0.590 
 139 V _   0.026 0.245 0.001 0.034 0.023 0.038 0.055 0.578 
 140 K _   0.027 0.254 0.001 0.035 0.023 0.037 0.053 0.570 
 141 I _   0.027 0.261 0.001 0.036 0.022 0.036 0.052 0.565 
 142 A _   0.027 0.265 0.001 0.037 0.022 0.035 0.051 0.561 
 143 D _   0.026 0.267 0.001 0.039 0.021 0.033 0.051 0.562 
 144 F _   0.026 0.264 0.001 0.040 0.019 0.030 0.051 0.568 
 145 G _   0.024 0.258 0.001 0.040 0.018 0.028 0.051 0.580 
 146 L _   0.022 0.246 0.001 0.039 0.016 0.025 0.051 0.599 
 147 A _   0.020 0.227 0.001 0.036 0.014 0.023 0.052 0.626 
 148 R _   0.018 0.200 0.001 0.032 0.012 0.020 0.054 0.662 
 149 E _   0.017 0.165 0.001 0.026 0.010 0.018 0.055 0.708 
 150 I _   0.015 0.127 0.001 0.021 0.008 0.015 0.057 0.756 
 151 R _   0.014 0.092 0.001 0.015 0.006 0.013 0.058 0.801 
 152 S _   0.012 0.065 0.001 0.011 0.005 0.012 0.059 0.836 
 153 K _   0.010 0.048 0.000 0.008 0.003 0.010 0.060 0.861 
 154 P _   0.009 0.038 0.000 0.006 0.003 0.009 0.060 0.876 
 155 P _   0.008 0.033 0.000 0.005 0.002 0.009 0.059 0.884 
 156 Y _   0.007 0.031 0.000 0.005 0.002 0.009 0.059 0.886 
 157 T _   0.008 0.031 0.000 0.005 0.002 0.010 0.058 0.885 
 158 D _   0.008 0.034 0.000 0.006 0.003 0.012 0.056 0.880 
 159 Y _   0.009 0.039 0.000 0.009 0.004 0.014 0.054 0.871 
 160 V _   0.010 0.048 0.001 0.012 0.006 0.017 0.052 0.855 
 161 S _   0.011 0.062 0.001 0.017 0.008 0.019 0.049 0.834 
 162 T _   0.012 0.080 0.001 0.022 0.010 0.022 0.045 0.807 
 163 R _   0.013 0.101 0.001 0.030 0.013 0.025 0.042 0.776 
 164 W _   0.013 0.123 0.001 0.038 0.016 0.027 0.038 0.744 
 165 Y _   0.013 0.142 0.001 0.046 0.018 0.028 0.035 0.716 
 166 R _   0.013 0.156 0.002 0.054 0.020 0.028 0.032 0.694 
 167 A _   0.014 0.165 0.002 0.060 0.021 0.028 0.030 0.680 
 168 P _   0.014 0.169 0.002 0.063 0.022 0.028 0.029 0.674 
 169 E _   0.015 0.168 0.002 0.063 0.021 0.026 0.027 0.679 
 170 V _   0.016 0.160 0.002 0.059 0.019 0.024 0.027 0.694 
 171 L _   0.016 0.145 0.002 0.051 0.016 0.022 0.026 0.722 
 172 L _   0.017 0.119 0.002 0.040 0.014 0.020 0.026 0.762 
 173 R _   0.019 0.084 0.001 0.028 0.011 0.017 0.026 0.813 
 174 S _   0.022 0.047 0.001 0.018 0.008 0.015 0.025 0.864 
 175 T _   0.026 0.019 0.001 0.009 0.005 0.013 0.025 0.901 
 176 N _   0.033 0.006 0.000 0.005 0.004 0.012 0.024 0.917 
 177 Y _   0.045 0.001 0.000 0.002 0.003 0.012 0.023 0.914 
 178 S _   0.068 0.000 0.000 0.001 0.003 0.012 0.021 0.894 
 179 S _   0.110 0.000 0.000 0.001 0.004 0.014 0.020 0.851 
 180 P _   0.180 0.000 0.001 0.001 0.006 0.017 0.017 0.778 
 181 I _   0.280 0.000 0.001 0.001 0.009 0.021 0.015 0.673 
 182 D _   0.392 0.000 0.001 0.002 0.015 0.025 0.012 0.554 
 183 V H   0.500 0.000 0.002 0.002 0.021 0.028 0.010 0.437 
 184 W H   0.590 0.000 0.002 0.002 0.029 0.031 0.009 0.338 
 185 A H   0.657 0.000 0.002 0.002 0.035 0.031 0.008 0.265 
 186 V H   0.703 0.000 0.002 0.003 0.039 0.031 0.007 0.214 
 187 G H   0.732 0.000 0.002 0.003 0.042 0.030 0.007 0.184 
 188 C H   0.745 0.000 0.002 0.003 0.043 0.028 0.008 0.171 
 189 I H   0.744 0.000 0.002 0.003 0.043 0.027 0.008 0.172 
 190 M H   0.729 0.000 0.002 0.004 0.042 0.025 0.009 0.188 
 191 A H   0.697 0.000 0.002 0.004 0.039 0.024 0.011 0.222 
 192 E H   0.647 0.000 0.002 0.004 0.036 0.023 0.014 0.274 
 193 V H   0.578 0.000 0.002 0.005 0.030 0.022 0.017 0.346 
 194 Y H   0.493 0.000 0.002 0.005 0.024 0.021 0.021 0.435 
 195 T _   0.404 0.000 0.002 0.004 0.018 0.019 0.025 0.528 
 196 L _   0.317 0.000 0.001 0.004 0.013 0.017 0.030 0.618 
 197 R _   0.239 0.000 0.001 0.004 0.009 0.015 0.035 0.698 
 198 P _   0.179 0.000 0.001 0.003 0.006 0.014 0.038 0.759 
 199 L _   0.134 0.000 0.001 0.002 0.004 0.013 0.042 0.804 
 200 F _   0.105 0.000 0.000 0.002 0.003 0.013 0.044 0.832 
 201 P _   0.091 0.000 0.000 0.002 0.003 0.013 0.046 0.844 
 202 G _   0.087 0.000 0.000 0.001 0.003 0.015 0.048 0.844 
 203 A _   0.093 0.000 0.000 0.002 0.004 0.019 0.049 0.833 
 204 S _   0.107 0.000 0.001 0.002 0.006 0.024 0.050 0.810 
 205 E _   0.130 0.000 0.001 0.003 0.010 0.032 0.052 0.774 
 206 I _   0.158 0.002 0.001 0.004 0.017 0.041 0.053 0.724 
 207 D _   0.188 0.006 0.002 0.007 0.029 0.051 0.054 0.663 
 208 T _   0.214 0.016 0.002 0.013 0.042 0.059 0.056 0.597 
 209 I _   0.230 0.035 0.003 0.021 0.054 0.065 0.058 0.533 
 210 F _   0.237 0.056 0.003 0.033 0.062 0.067 0.062 0.480 
 211 K _   0.234 0.072 0.003 0.044 0.066 0.066 0.066 0.449 
 212 I _   0.223 0.083 0.003 0.053 0.064 0.063 0.072 0.438 
 213 C _   0.206 0.087 0.003 0.058 0.059 0.058 0.080 0.449 
 214 Q _   0.181 0.086 0.003 0.058 0.051 0.051 0.089 0.481 
 215 V _   0.151 0.079 0.003 0.052 0.040 0.044 0.100 0.531 
 216 L _   0.119 0.065 0.002 0.041 0.029 0.036 0.112 0.596 
 217 G _   0.090 0.046 0.002 0.028 0.018 0.028 0.124 0.664 
 218 T _   0.064 0.027 0.001 0.017 0.010 0.021 0.134 0.726 
 219 P _   0.043 0.014 0.001 0.009 0.006 0.015 0.142 0.771 
 220 K _   0.028 0.007 0.000 0.005 0.003 0.011 0.147 0.798 
 221 K _   0.018 0.005 0.000 0.003 0.002 0.009 0.151 0.813 
 222 T _   0.012 0.004 0.000 0.002 0.002 0.008 0.154 0.819 
 223 D _   0.009 0.004 0.000 0.002 0.001 0.007 0.156 0.820 
 224 W _   0.008 0.006 0.000 0.003 0.002 0.008 0.157 0.816 
 225 P _   0.007 0.010 0.000 0.005 0.003 0.010 0.158 0.807 
 226 E _   0.008 0.018 0.000 0.009 0.004 0.012 0.158 0.792 
 227 G _   0.008 0.033 0.001 0.014 0.005 0.014 0.157 0.768 
 228 Y _   0.009 0.052 0.001 0.020 0.007 0.016 0.156 0.740 
 229 Q _   0.009 0.072 0.001 0.026 0.009 0.017 0.155 0.711 
 230 L _   0.009 0.090 0.001 0.031 0.010 0.018 0.155 0.685 
 231 S _   0.009 0.104 0.001 0.036 0.011 0.019 0.154 0.665 
 232 S _   0.009 0.113 0.001 0.039 0.012 0.019 0.155 0.651 
 233 A _   0.009 0.119 0.001 0.041 0.013 0.019 0.157 0.642 
 234 M _   0.010 0.121 0.001 0.040 0.013 0.019 0.159 0.637 
 235 N _   0.010 0.121 0.001 0.038 0.012 0.018 0.162 0.638 
 236 F _   0.010 0.117 0.001 0.034 0.011 0.017 0.166 0.643 
 237 R _   0.010 0.111 0.001 0.029 0.010 0.016 0.171 0.651 
 238 W _   0.010 0.102 0.001 0.024 0.008 0.015 0.177 0.663 
 239 P _   0.010 0.092 0.001 0.019 0.007 0.013 0.182 0.676 
 240 Q _   0.009 0.082 0.001 0.015 0.006 0.012 0.188 0.688 
 241 C _   0.008 0.074 0.001 0.011 0.005 0.011 0.193 0.698 
 242 V _   0.008 0.068 0.000 0.009 0.004 0.011 0.197 0.703 
 243 P _   0.008 0.064 0.000 0.008 0.004 0.010 0.201 0.705 
 244 N _   0.007 0.062 0.000 0.008 0.003 0.010 0.205 0.704 
 245 N _   0.008 0.062 0.000 0.008 0.003 0.011 0.208 0.700 
 246 L _   0.008 0.063 0.000 0.008 0.004 0.011 0.212 0.694 
 247 K _   0.008 0.066 0.000 0.009 0.004 0.012 0.214 0.687 
 248 T _   0.008 0.070 0.001 0.010 0.004 0.012 0.217 0.679 
 249 L _   0.008 0.074 0.001 0.010 0.005 0.013 0.220 0.669 
 250 I _   0.009 0.080 0.001 0.011 0.005 0.014 0.222 0.658 
 251 P _   0.009 0.087 0.001 0.012 0.006 0.016 0.224 0.645 
 252 N _   0.010 0.096 0.001 0.014 0.007 0.017 0.226 0.628 
 253 A _   0.011 0.107 0.001 0.017 0.009 0.019 0.229 0.607 
 254 S _   0.012 0.121 0.001 0.021 0.010 0.021 0.232 0.583 
 255 S _   0.013 0.136 0.001 0.026 0.012 0.022 0.235 0.555 
 256 E _   0.014 0.150 0.001 0.033 0.014 0.023 0.239 0.526 
 257 A _   0.015 0.162 0.001 0.039 0.015 0.024 0.243 0.500 
 258 V _   0.015 0.170 0.001 0.045 0.016 0.023 0.249 0.480 
 259 Q _   0.015 0.174 0.001 0.049 0.016 0.023 0.257 0.467 
 260 L _   0.015 0.173 0.001 0.050 0.015 0.021 0.266 0.460 
 261 L _   0.014 0.166 0.001 0.048 0.014 0.019 0.277 0.460 
 262 R _   0.014 0.154 0.001 0.043 0.012 0.017 0.292 0.468 
 263 D _   0.013 0.134 0.001 0.036 0.010 0.015 0.309 0.483 
 264 M _   0.012 0.105 0.001 0.027 0.008 0.013 0.328 0.506 
 265 L _   0.011 0.074 0.001 0.019 0.006 0.011 0.347 0.531 
 266 Q _   0.009 0.048 0.001 0.012 0.004 0.009 0.365 0.553 
 267 W _   0.008 0.030 0.000 0.007 0.003 0.007 0.378 0.567 
 268 D _   0.006 0.020 0.000 0.004 0.002 0.006 0.388 0.574 
 269 P _   0.005 0.016 0.000 0.003 0.001 0.005 0.395 0.575 
 270 K _   0.004 0.014 0.000 0.002 0.001 0.005 0.400 0.573 
 271 K _   0.004 0.015 0.000 0.002 0.001 0.006 0.403 0.569 
 272 R _   0.005 0.017 0.000 0.003 0.002 0.007 0.405 0.561 
 273 P _   0.006 0.024 0.000 0.005 0.003 0.009 0.406 0.547 
 274 T _   0.007 0.040 0.001 0.009 0.004 0.012 0.405 0.522 
 275 A _   0.008 0.069 0.001 0.015 0.007 0.015 0.404 0.483 
 276 S _   0.008 0.110 0.001 0.021 0.009 0.017 0.401 0.433 
 277 Q X   0.008 0.154 0.001 0.026 0.010 0.018 0.399 0.383 
 278 A X   0.008 0.191 0.001 0.030 0.011 0.018 0.399 0.342 
 279 L X   0.007 0.218 0.001 0.033 0.011 0.018 0.399 0.312 
 280 R X   0.007 0.235 0.001 0.034 0.011 0.018 0.401 0.292 
 281 Y X   0.007 0.247 0.001 0.034 0.011 0.018 0.405 0.278 
 282 P X   0.007 0.253 0.001 0.033 0.011 0.018 0.409 0.267 
 283 Y X   0.007 0.257 0.001 0.032 0.011 0.017 0.415 0.259 
 284 F X   0.007 0.257 0.001 0.032 0.011 0.017 0.423 0.253 
 285 Q X   0.008 0.255 0.001 0.031 0.011 0.017 0.431 0.246 
 286 V X   0.008 0.252 0.001 0.031 0.011 0.016 0.441 0.240 
 287 G X   0.008 0.246 0.001 0.032 0.010 0.016 0.453 0.234 
 288 H X   0.008 0.238 0.001 0.032 0.010 0.015 0.467 0.229 
 289 P X   0.008 0.226 0.001 0.032 0.010 0.014 0.483 0.226 
 290 L X   0.008 0.209 0.001 0.032 0.009 0.013 0.503 0.225 
 291 G X   0.008 0.187 0.001 0.030 0.009 0.012 0.526 0.227 
 292 S X   0.007 0.158 0.001 0.028 0.008 0.011 0.553 0.233 
 293 T X   0.007 0.124 0.001 0.024 0.007 0.010 0.584 0.243 
 294 T X   0.006 0.089 0.001 0.019 0.006 0.009 0.616 0.254 
 295 Q X   0.006 0.058 0.001 0.014 0.004 0.007 0.646 0.263 
 296 N X   0.005 0.036 0.000 0.009 0.003 0.006 0.672 0.269 
 297 L X   0.004 0.022 0.000 0.006 0.002 0.004 0.691 0.271 
 298 Q X   0.003 0.014 0.000 0.004 0.001 0.003 0.704 0.270 
 299 D X   0.002 0.010 0.000 0.003 0.001 0.003 0.714 0.267 
 300 S X   0.002 0.009 0.000 0.002 0.001 0.003 0.722 0.263 
 301 E X   0.002 0.008 0.000 0.002 0.001 0.003 0.727 0.258 
 302 K X   0.002 0.008 0.000 0.003 0.001 0.003 0.731 0.253 
 303 P X   0.002 0.008 0.000 0.004 0.001 0.003 0.734 0.248 
 304 Q X   0.002 0.009 0.000 0.006 0.001 0.004 0.736 0.242 
 305 K X   0.002 0.011 0.000 0.008 0.002 0.004 0.738 0.235 
 306 G X   0.002 0.012 0.000 0.011 0.002 0.005 0.740 0.227 
 307 I X   0.002 0.014 0.000 0.014 0.002 0.005 0.743 0.220 
 308 L X   0.002 0.014 0.000 0.015 0.003 0.005 0.746 0.213 
 309 E X   0.002 0.014 0.000 0.016 0.003 0.005 0.751 0.208 
 310 K X   0.002 0.014 0.000 0.015 0.003 0.005 0.757 0.204 
 311 A X   0.002 0.013 0.000 0.013 0.002 0.005 0.764 0.201 
 312 G X   0.002 0.011 0.000 0.011 0.002 0.004 0.772 0.198 
 313 P X   0.002 0.008 0.000 0.008 0.002 0.004 0.780 0.196 
 314 P X   0.002 0.006 0.000 0.006 0.001 0.003 0.787 0.194 
 315 P X   0.002 0.004 0.000 0.004 0.001 0.003 0.794 0.192 
 316 Y X   0.002 0.003 0.000 0.003 0.001 0.002 0.800 0.190 
 317 I X   0.002 0.002 0.000 0.002 0.001 0.002 0.804 0.189 
 318 K X   0.002 0.001 0.000 0.002 0.000 0.002 0.806 0.188 
 319 P X   0.002 0.001 0.000 0.001 0.000 0.001 0.808 0.187 
 320 V X   0.001 0.001 0.000 0.001 0.000 0.001 0.808 0.187 
 321 P X   0.001 0.001 0.000 0.001 0.000 0.001 0.807 0.188 
 322 P X   0.001 0.001 0.000 0.001 0.000 0.001 0.805 0.190 
 323 A X   0.001 0.001 0.000 0.001 0.000 0.002 0.802 0.192 
 324 Q X   0.001 0.001 0.000 0.002 0.001 0.002 0.799 0.195 
 325 P X   0.001 0.001 0.000 0.002 0.001 0.002 0.794 0.198 
 326 P X   0.001 0.002 0.000 0.003 0.001 0.003 0.787 0.202 
 327 A X   0.002 0.004 0.000 0.004 0.001 0.003 0.780 0.206 
 328 K X   0.002 0.006 0.000 0.006 0.002 0.004 0.772 0.209 
 329 P X   0.002 0.008 0.000 0.008 0.002 0.005 0.763 0.212 
 330 H X   0.002 0.011 0.000 0.010 0.002 0.005 0.755 0.215 
 331 T X   0.002 0.013 0.000 0.012 0.003 0.005 0.747 0.217 
 332 R X   0.002 0.015 0.000 0.013 0.003 0.006 0.740 0.221 
 333 I X   0.002 0.016 0.000 0.014 0.003 0.006 0.734 0.225 
 334 S X   0.002 0.017 0.000 0.014 0.003 0.006 0.729 0.230 
 335 S X   0.002 0.017 0.000 0.012 0.003 0.005 0.725 0.235 
 336 R X   0.002 0.017 0.000 0.011 0.002 0.005 0.722 0.240 
 337 Q X   0.002 0.016 0.000 0.009 0.002 0.005 0.719 0.246 
 338 H X   0.002 0.016 0.000 0.008 0.002 0.004 0.716 0.252 
 339 Q X   0.002 0.015 0.000 0.006 0.002 0.004 0.714 0.257 
 340 A X   0.002 0.014 0.000 0.005 0.002 0.004 0.712 0.261 
 341 S X   0.002 0.014 0.000 0.005 0.001 0.004 0.710 0.264 
 342 Q X   0.002 0.014 0.000 0.004 0.001 0.004 0.707 0.267 
 343 P X   0.002 0.014 0.000 0.005 0.002 0.004 0.704 0.268 
 344 P X   0.002 0.015 0.000 0.005 0.002 0.005 0.701 0.269 
 345 L X   0.003 0.016 0.000 0.006 0.002 0.005 0.698 0.269 
 346 H X   0.003 0.017 0.000 0.008 0.003 0.005 0.695 0.269 
 347 L X   0.003 0.019 0.000 0.009 0.003 0.006 0.693 0.267 
 348 T X   0.003 0.020 0.000 0.011 0.003 0.006 0.690 0.267 
 349 Y X   0.003 0.021 0.000 0.012 0.004 0.006 0.688 0.266 
 350 P X   0.003 0.021 0.000 0.012 0.004 0.006 0.687 0.266 
 351 Y X   0.003 0.021 0.000 0.012 0.004 0.006 0.686 0.267 
 352 K X   0.003 0.020 0.000 0.012 0.003 0.006 0.686 0.268 
 353 A X   0.004 0.019 0.000 0.012 0.003 0.006 0.687 0.270 
 354 E X   0.003 0.018 0.000 0.010 0.003 0.005 0.688 0.272 
 355 V X   0.003 0.016 0.000 0.009 0.003 0.005 0.689 0.274 
 356 S X   0.003 0.014 0.000 0.008 0.002 0.005 0.691 0.277 
 357 R X   0.003 0.011 0.000 0.007 0.002 0.004 0.693 0.279 
 358 T X   0.003 0.009 0.000 0.006 0.002 0.004 0.695 0.281 
 359 D X   0.003 0.007 0.000 0.005 0.001 0.003 0.697 0.283 
 360 H X   0.003 0.005 0.000 0.004 0.001 0.003 0.698 0.285 
 361 P X   0.003 0.004 0.000 0.003 0.001 0.003 0.699 0.287 
 362 S X   0.002 0.003 0.000 0.003 0.001 0.003 0.699 0.289 
 363 H X   0.002 0.002 0.000 0.002 0.001 0.002 0.698 0.292 
 364 L X   0.002 0.002 0.000 0.002 0.001 0.002 0.697 0.294 
 365 Q X   0.002 0.002 0.000 0.002 0.001 0.002 0.695 0.297 
 366 E X   0.002 0.002 0.000 0.002 0.001 0.003 0.692 0.299 
 367 D X   0.002 0.002 0.000 0.003 0.001 0.003 0.688 0.302 
 368 K X   0.002 0.003 0.000 0.004 0.001 0.004 0.683 0.303 
 369 P X   0.002 0.004 0.000 0.005 0.002 0.004 0.678 0.304 
 370 S X   0.003 0.006 0.000 0.008 0.002 0.005 0.672 0.304 
 371 P X   0.003 0.008 0.000 0.011 0.003 0.006 0.666 0.302 
 372 L X   0.003 0.010 0.000 0.015 0.003 0.007 0.660 0.301 
 373 L X   0.003 0.012 0.000 0.017 0.004 0.007 0.655 0.302 
 374 F X   0.003 0.012 0.000 0.018 0.004 0.007 0.651 0.304 
 375 P X   0.003 0.013 0.000 0.017 0.004 0.006 0.648 0.309 
 376 S X   0.003 0.012 0.000 0.014 0.003 0.006 0.646 0.316 
 377 L X   0.003 0.011 0.000 0.011 0.002 0.005 0.644 0.324 
 378 H X   0.003 0.009 0.000 0.007 0.002 0.004 0.642 0.333 
 379 N X   0.002 0.007 0.000 0.005 0.001 0.004 0.640 0.340 
 380 K X   0.002 0.007 0.000 0.004 0.001 0.003 0.637 0.346 
 381 H X   0.002 0.006 0.000 0.003 0.001 0.003 0.634 0.350 
 382 P X   0.002 0.006 0.000 0.003 0.001 0.004 0.631 0.353 
 383 Q X   0.002 0.007 0.000 0.004 0.001 0.004 0.627 0.354 
 384 S X   0.003 0.008 0.000 0.006 0.002 0.005 0.622 0.355 
 385 K X   0.003 0.011 0.000 0.009 0.002 0.005 0.616 0.354 
 386 I X   0.003 0.014 0.000 0.012 0.003 0.006 0.610 0.352 
 387 T X   0.004 0.016 0.000 0.015 0.003 0.006 0.604 0.351 
 388 A X   0.004 0.018 0.000 0.017 0.004 0.007 0.599 0.352 
 389 G X   0.004 0.019 0.000 0.017 0.004 0.006 0.595 0.354 
 390 L X   0.003 0.019 0.000 0.016 0.003 0.006 0.592 0.359 
 391 E X   0.003 0.019 0.000 0.014 0.003 0.006 0.590 0.366 
 392 H X   0.003 0.017 0.000 0.011 0.002 0.005 0.588 0.373 
 393 K X   0.003 0.016 0.000 0.008 0.002 0.004 0.586 0.381 
 394 N X   0.003 0.014 0.000 0.005 0.001 0.004 0.584 0.388 
 395 G X   0.002 0.013 0.000 0.004 0.001 0.003 0.581 0.395 
 396 E X   0.002 0.013 0.000 0.003 0.001 0.003 0.578 0.400 
 397 I X   0.002 0.013 0.000 0.003 0.001 0.004 0.573 0.404 
 398 K X   0.003 0.015 0.000 0.003 0.001 0.004 0.567 0.407 
 399 P X   0.003 0.018 0.000 0.005 0.002 0.006 0.559 0.407 
 400 K X   0.004 0.027 0.000 0.009 0.003 0.008 0.549 0.402 
 401 S X   0.004 0.042 0.001 0.015 0.004 0.010 0.535 0.389 
 402 R X   0.005 0.064 0.001 0.024 0.006 0.012 0.519 0.370 
 403 R X   0.005 0.090 0.001 0.034 0.008 0.013 0.503 0.346 
 404 R X   0.005 0.111 0.001 0.043 0.009 0.013 0.490 0.327 
 405 W X   0.005 0.125 0.001 0.051 0.009 0.013 0.481 0.316 
 406 G X   0.005 0.131 0.001 0.054 0.009 0.013 0.474 0.313 
 407 L X   0.004 0.133 0.001 0.054 0.009 0.012 0.471 0.317 
 408 I X   0.004 0.131 0.001 0.049 0.008 0.011 0.469 0.327 
 409 S X   0.004 0.123 0.001 0.042 0.007 0.010 0.469 0.344 
 410 R X   0.004 0.110 0.001 0.033 0.006 0.009 0.470 0.367 
 411 S X   0.004 0.091 0.001 0.024 0.004 0.007 0.473 0.396 
 412 T X   0.004 0.069 0.000 0.016 0.003 0.006 0.476 0.424 
 413 K X   0.004 0.051 0.000 0.011 0.002 0.005 0.479 0.447 
 414 D X   0.004 0.039 0.000 0.007 0.002 0.005 0.481 0.463 
 415 S X   0.003 0.032 0.000 0.005 0.001 0.004 0.481 0.474 
 416 D _   0.003 0.028 0.000 0.004 0.001 0.004 0.480 0.481 
 417 D _   0.003 0.026 0.000 0.003 0.001 0.004 0.478 0.486 
 418 W _   0.003 0.025 0.000 0.004 0.001 0.004 0.474 0.489 
 419 A _   0.003 0.025 0.000 0.004 0.001 0.004 0.470 0.493 
 420 D _   0.003 0.027 0.000 0.006 0.001 0.005 0.463 0.496 
 421 L _   0.003 0.029 0.000 0.007 0.002 0.005 0.456 0.499 
 422 D _   0.003 0.032 0.000 0.009 0.002 0.006 0.447 0.501 
 423 D _   0.003 0.037 0.000 0.011 0.002 0.007 0.437 0.503 
 424 L _   0.003 0.042 0.000 0.014 0.003 0.007 0.427 0.504 
 425 D _   0.003 0.047 0.000 0.016 0.003 0.008 0.417 0.505 
 426 F _   0.003 0.053 0.000 0.019 0.004 0.008 0.407 0.506 
 427 S _   0.003 0.057 0.000 0.022 0.004 0.009 0.399 0.507 
 428 P _   0.003 0.060 0.000 0.024 0.004 0.009 0.391 0.508 
 429 S _   0.004 0.063 0.000 0.025 0.004 0.009 0.385 0.510 
 430 L _   0.004 0.063 0.000 0.025 0.004 0.009 0.381 0.514 
 431 S _   0.004 0.063 0.000 0.023 0.004 0.008 0.377 0.520 
 432 R _   0.004 0.061 0.000 0.021 0.004 0.008 0.374 0.529 
 433 I _   0.004 0.057 0.000 0.017 0.003 0.007 0.371 0.539 
 434 D _   0.004 0.053 0.000 0.014 0.003 0.006 0.369 0.551 
 435 L _   0.004 0.048 0.000 0.010 0.002 0.006 0.367 0.562 
 436 K _   0.003 0.044 0.000 0.008 0.002 0.005 0.365 0.573 
 437 N _   0.003 0.041 0.000 0.006 0.001 0.005 0.362 0.581 
 438 K _   0.003 0.039 0.000 0.005 0.001 0.005 0.359 0.588 
 439 K _   0.003 0.039 0.000 0.004 0.001 0.005 0.355 0.592 
 440 R _   0.004 0.040 0.000 0.005 0.002 0.006 0.350 0.593 
 441 Q _   0.004 0.045 0.000 0.007 0.002 0.008 0.344 0.591 
 442 S _   0.005 0.053 0.000 0.010 0.003 0.009 0.336 0.584 
 443 D _   0.005 0.067 0.001 0.015 0.005 0.011 0.327 0.570 
 444 D _   0.006 0.086 0.001 0.022 0.007 0.013 0.316 0.549 
 445 T _   0.006 0.108 0.001 0.030 0.008 0.015 0.305 0.527 
 446 L _   0.006 0.127 0.001 0.038 0.010 0.016 0.295 0.507 
 447 C _   0.006 0.141 0.001 0.044 0.011 0.016 0.287 0.494 
 448 R _   0.006 0.148 0.001 0.048 0.011 0.016 0.281 0.488 
 449 F _   0.006 0.151 0.001 0.050 0.011 0.016 0.277 0.489 
 450 E _   0.006 0.150 0.001 0.048 0.010 0.015 0.274 0.496 
 451 S _   0.006 0.144 0.001 0.043 0.009 0.013 0.273 0.510 
 452 V _   0.006 0.134 0.001 0.036 0.008 0.012 0.272 0.529 
 453 L _   0.007 0.119 0.001 0.029 0.007 0.011 0.273 0.553 
 454 D _   0.007 0.099 0.001 0.023 0.006 0.010 0.274 0.581 
 455 L _   0.007 0.079 0.001 0.017 0.005 0.009 0.276 0.608 
 456 K _   0.006 0.061 0.001 0.012 0.004 0.008 0.277 0.631 
 457 P _   0.006 0.048 0.000 0.009 0.003 0.007 0.278 0.648 
 458 S _   0.006 0.039 0.000 0.007 0.002 0.007 0.279 0.660 
 459 E _   0.005 0.033 0.000 0.006 0.002 0.006 0.278 0.668 
 460 P _   0.005 0.030 0.000 0.006 0.002 0.006 0.277 0.673 
 461 V _   0.005 0.028 0.000 0.007 0.002 0.007 0.276 0.675 
 462 G _   0.005 0.028 0.000 0.007 0.002 0.007 0.274 0.677 
 463 T _   0.005 0.027 0.000 0.008 0.003 0.007 0.271 0.678 
 464 G _   0.006 0.028 0.000 0.010 0.003 0.007 0.269 0.678 
 465 N _   0.006 0.028 0.000 0.011 0.003 0.008 0.266 0.678 
 466 S _   0.006 0.029 0.000 0.012 0.003 0.008 0.263 0.679 
 467 A _   0.006 0.029 0.000 0.012 0.003 0.008 0.260 0.681 
 468 P _   0.006 0.029 0.000 0.012 0.003 0.008 0.257 0.684 
 469 T _   0.006 0.028 0.000 0.012 0.003 0.008 0.255 0.688 
 470 Q _   0.005 0.028 0.000 0.011 0.003 0.008 0.252 0.692 
 471 T _   0.005 0.027 0.000 0.010 0.003 0.007 0.249 0.698 
 472 S _   0.005 0.027 0.000 0.009 0.003 0.007 0.246 0.704 
 473 Y _   0.005 0.026 0.000 0.008 0.002 0.007 0.242 0.709 
 474 Q _   0.004 0.027 0.000 0.007 0.002 0.007 0.239 0.714 
 475 R _   0.004 0.028 0.000 0.007 0.002 0.007 0.235 0.717 
 476 R _   0.004 0.030 0.000 0.007 0.002 0.007 0.230 0.719 
 477 D _   0.005 0.034 0.000 0.008 0.003 0.008 0.224 0.718 
 478 T _   0.005 0.040 0.000 0.010 0.004 0.009 0.218 0.713 
 479 P _   0.005 0.049 0.001 0.013 0.004 0.011 0.212 0.705 
 480 T _   0.006 0.061 0.001 0.017 0.006 0.012 0.205 0.693 
 481 L _   0.006 0.074 0.001 0.021 0.007 0.013 0.198 0.680 
 482 R _   0.007 0.087 0.001 0.025 0.008 0.014 0.191 0.667 
 483 S _   0.007 0.097 0.001 0.028 0.008 0.015 0.185 0.659 
 484 A _   0.007 0.104 0.001 0.030 0.009 0.015 0.180 0.655 
 485 A _   0.007 0.108 0.001 0.030 0.009 0.015 0.175 0.655 
 486 K _   0.007 0.110 0.001 0.028 0.008 0.014 0.172 0.659 
 487 Q _   0.008 0.110 0.001 0.025 0.008 0.014 0.169 0.667 
 488 H _   0.008 0.108 0.001 0.021 0.007 0.013 0.166 0.677 
 489 Y _   0.008 0.105 0.001 0.017 0.006 0.013 0.164 0.686 
 490 L _   0.008 0.101 0.001 0.014 0.005 0.013 0.162 0.696 
 491 K _   0.008 0.098 0.001 0.012 0.005 0.012 0.161 0.703 
 492 H _   0.008 0.097 0.001 0.011 0.005 0.012 0.159 0.708 
 493 S _   0.008 0.096 0.001 0.010 0.005 0.013 0.157 0.710 
 494 R _   0.009 0.098 0.001 0.011 0.005 0.013 0.154 0.709 
 495 Y _   0.009 0.101 0.001 0.013 0.006 0.014 0.152 0.704 
 496 L _   0.010 0.106 0.001 0.016 0.007 0.015 0.150 0.696 
 497 P _   0.010 0.113 0.001 0.020 0.008 0.016 0.147 0.685 
 498 G _   0.011 0.119 0.001 0.025 0.009 0.016 0.145 0.674 
 499 I _   0.011 0.125 0.001 0.028 0.010 0.016 0.143 0.666 
 500 S _   0.011 0.128 0.001 0.031 0.010 0.016 0.142 0.662 
 501 I _   0.011 0.128 0.001 0.032 0.010 0.015 0.141 0.662 
 502 R _   0.010 0.126 0.001 0.031 0.009 0.014 0.141 0.667 
 503 N _   0.010 0.121 0.001 0.028 0.008 0.013 0.142 0.677 
 504 G _   0.009 0.114 0.001 0.024 0.007 0.012 0.143 0.690 
 505 I _   0.009 0.104 0.001 0.020 0.006 0.011 0.144 0.706 
 506 L _   0.008 0.094 0.001 0.017 0.005 0.010 0.145 0.721 
 507 S _   0.008 0.084 0.001 0.013 0.004 0.009 0.146 0.736 
 508 N _   0.007 0.075 0.000 0.011 0.003 0.008 0.147 0.747 
 509 P _   0.007 0.069 0.000 0.010 0.003 0.008 0.148 0.756 
 510 G _   0.006 0.065 0.000 0.009 0.003 0.007 0.148 0.761 
 511 K _   0.006 0.062 0.000 0.009 0.002 0.007 0.148 0.765 
 512 E _   0.006 0.061 0.000 0.009 0.002 0.007 0.148 0.767 
 513 F _   0.005 0.060 0.000 0.009 0.002 0.007 0.147 0.769 
 514 I _   0.005 0.061 0.000 0.009 0.002 0.007 0.146 0.770 
 515 P _   0.004 0.062 0.000 0.009 0.002 0.006 0.144 0.771 
 516 P _   0.004 0.064 0.000 0.009 0.002 0.006 0.142 0.772 
 517 N _   0.004 0.067 0.000 0.009 0.002 0.006 0.140 0.771 
 518 P _   0.004 0.072 0.000 0.009 0.002 0.007 0.137 0.769 
 519 W _   0.004 0.078 0.000 0.010 0.002 0.007 0.133 0.766 
 520 S _   0.004 0.085 0.000 0.011 0.003 0.007 0.129 0.761 
 521 S _   0.004 0.096 0.000 0.012 0.003 0.008 0.124 0.752 
 522 S _   0.004 0.112 0.000 0.014 0.003 0.009 0.118 0.739 
 523 G _   0.004 0.134 0.001 0.016 0.004 0.011 0.111 0.719 
 524 L _   0.005 0.163 0.001 0.019 0.005 0.012 0.103 0.692 
 525 S _   0.005 0.204 0.001 0.022 0.007 0.014 0.094 0.652 
 526 G _   0.006 0.260 0.001 0.026 0.009 0.016 0.083 0.597 
 527 K _   0.007 0.331 0.002 0.031 0.012 0.018 0.072 0.528 
 528 S _   0.007 0.412 0.002 0.034 0.015 0.019 0.061 0.450 
 529 S E   0.007 0.498 0.002 0.037 0.016 0.019 0.051 0.369 
 530 G E   0.007 0.577 0.002 0.039 0.017 0.018 0.044 0.298 
 531 T E   0.006 0.637 0.002 0.040 0.015 0.016 0.038 0.245 
 532 M E   0.005 0.678 0.001 0.039 0.014 0.015 0.035 0.212 
 533 S E   0.005 0.703 0.001 0.038 0.012 0.013 0.033 0.194 
 534 V E   0.005 0.715 0.001 0.037 0.011 0.012 0.032 0.187 
 535 I E   0.005 0.719 0.001 0.035 0.010 0.011 0.031 0.188 
 536 S E   0.005 0.716 0.001 0.032 0.009 0.011 0.031 0.195 
 537 K E   0.005 0.705 0.001 0.028 0.008 0.010 0.031 0.211 
 538 V E   0.005 0.686 0.001 0.024 0.008 0.009 0.032 0.234 
 539 N E   0.005 0.659 0.001 0.020 0.007 0.009 0.033 0.266 
 540 S E   0.005 0.628 0.001 0.016 0.006 0.009 0.034 0.302 
 541 V E   0.005 0.600 0.001 0.012 0.005 0.008 0.036 0.334 
 542 G E   0.005 0.579 0.000 0.009 0.004 0.008 0.037 0.358 
 543 S E   0.004 0.566 0.000 0.008 0.003 0.008 0.037 0.373 
 544 S E   0.004 0.560 0.000 0.007 0.003 0.008 0.038 0.381 
 545 S E   0.004 0.559 0.000 0.007 0.003 0.008 0.038 0.382 
 546 T E   0.004 0.562 0.000 0.008 0.003 0.008 0.038 0.378 
 547 S E   0.004 0.569 0.000 0.009 0.003 0.008 0.037 0.369 
 548 S E   0.004 0.579 0.000 0.010 0.004 0.009 0.037 0.356 
 549 S E   0.004 0.592 0.001 0.012 0.004 0.009 0.037 0.342 
 550 G E   0.004 0.604 0.001 0.013 0.005 0.009 0.037 0.328 
 551 L E   0.004 0.614 0.001 0.014 0.005 0.009 0.037 0.316 
 552 T E   0.004 0.622 0.001 0.014 0.005 0.010 0.037 0.307 
 553 G E   0.004 0.627 0.001 0.014 0.005 0.010 0.037 0.301 
 554 N E   0.005 0.629 0.001 0.014 0.006 0.010 0.038 0.298 
 555 Y E   0.005 0.629 0.001 0.013 0.006 0.010 0.039 0.296 
 556 V E   0.005 0.627 0.001 0.013 0.006 0.011 0.041 0.297 
 557 P E   0.006 0.624 0.001 0.012 0.006 0.012 0.042 0.298 
 558 S E   0.006 0.620 0.001 0.012 0.006 0.012 0.044 0.300 
 559 F E   0.007 0.615 0.001 0.011 0.006 0.013 0.046 0.302 
 560 L E   0.007 0.610 0.001 0.011 0.006 0.014 0.048 0.303 
 561 K E   0.008 0.607 0.001 0.011 0.007 0.015 0.050 0.302 
 562 K E   0.008 0.605 0.001 0.011 0.007 0.015 0.052 0.300 
 563 E E   0.009 0.605 0.001 0.013 0.008 0.016 0.055 0.295 
 564 I E   0.009 0.606 0.001 0.015 0.008 0.016 0.057 0.287 
 565 G E   0.010 0.608 0.001 0.017 0.009 0.017 0.059 0.278 
 566 S E   0.010 0.610 0.001 0.021 0.010 0.017 0.062 0.268 
 567 A E   0.011 0.610 0.001 0.025 0.011 0.017 0.066 0.260 
 568 M E   0.011 0.606 0.001 0.029 0.012 0.016 0.070 0.254 
 569 Q E   0.011 0.596 0.001 0.033 0.013 0.016 0.076 0.253 
 570 R E   0.012 0.577 0.001 0.036 0.014 0.016 0.084 0.260 
 571 V E   0.012 0.545 0.002 0.038 0.014 0.016 0.096 0.277 
 572 H E   0.013 0.493 0.002 0.039 0.015 0.016 0.112 0.311 
 573 L E   0.014 0.415 0.002 0.038 0.015 0.016 0.135 0.365 
 574 A _   0.015 0.316 0.002 0.034 0.014 0.015 0.165 0.438 
 575 P _   0.015 0.212 0.002 0.027 0.011 0.015 0.198 0.520 
 576 I _   0.014 0.127 0.001 0.019 0.008 0.013 0.229 0.589 
 577 P _   0.011 0.073 0.001 0.012 0.005 0.011 0.253 0.634 
 578 D _   0.009 0.045 0.000 0.007 0.003 0.009 0.269 0.657 
 579 P _   0.007 0.032 0.000 0.005 0.002 0.007 0.281 0.665 
 580 S _   0.006 0.027 0.000 0.004 0.002 0.007 0.289 0.665 
 581 P _   0.006 0.025 0.000 0.004 0.002 0.007 0.295 0.661 
 582 G _   0.005 0.025 0.000 0.005 0.002 0.007 0.301 0.655 
 583 Y _   0.005 0.026 0.000 0.007 0.002 0.008 0.305 0.647 
 584 S _   0.005 0.029 0.000 0.009 0.003 0.008 0.309 0.637 
 585 S _   0.005 0.032 0.000 0.012 0.003 0.009 0.312 0.626 
 586 L _   0.005 0.036 0.000 0.014 0.004 0.009 0.315 0.616 
 587 K _   0.005 0.040 0.000 0.016 0.004 0.009 0.318 0.608 
 588 A _   0.005 0.042 0.000 0.016 0.004 0.009 0.322 0.601 
 589 M _   0.005 0.044 0.000 0.016 0.004 0.009 0.326 0.596 
 590 R _   0.004 0.045 0.000 0.016 0.004 0.009 0.330 0.591 
 591 P _   0.004 0.045 0.000 0.015 0.004 0.009 0.335 0.586 
 592 H _   0.004 0.045 0.000 0.015 0.004 0.009 0.341 0.581 
 593 P _   0.005 0.045 0.000 0.015 0.004 0.009 0.347 0.573 
 594 G _   0.005 0.046 0.001 0.016 0.005 0.010 0.354 0.565 
 595 R _   0.006 0.045 0.001 0.016 0.005 0.010 0.362 0.556 
 596 P _   0.006 0.045 0.001 0.017 0.005 0.010 0.370 0.547 
 597 F _   0.006 0.044 0.001 0.017 0.005 0.010 0.379 0.538 
 598 F _   0.006 0.042 0.001 0.017 0.005 0.010 0.389 0.530 
 599 H _   0.006 0.040 0.001 0.017 0.005 0.009 0.399 0.524 
 600 T _   0.005 0.038 0.001 0.015 0.004 0.009 0.409 0.519 
 601 Q _   0.005 0.034 0.000 0.014 0.004 0.008 0.420 0.515 
 602 P _   0.005 0.031 0.000 0.012 0.004 0.007 0.430 0.511 
 603 R _   0.005 0.028 0.000 0.010 0.003 0.007 0.441 0.506 
 604 S _   0.004 0.025 0.000 0.009 0.003 0.006 0.451 0.502 
 605 T _   0.004 0.023 0.000 0.008 0.002 0.006 0.460 0.497 
 606 P _   0.004 0.021 0.000 0.007 0.002 0.005 0.469 0.491 
 607 G _   0.004 0.020 0.000 0.006 0.002 0.005 0.477 0.486 
 608 L X   0.004 0.020 0.000 0.006 0.002 0.005 0.484 0.480 
 609 I X   0.003 0.020 0.000 0.006 0.002 0.005 0.490 0.474 
 610 P X   0.003 0.020 0.000 0.006 0.002 0.005 0.495 0.469 
 611 R X   0.003 0.021 0.000 0.006 0.002 0.005 0.500 0.462 
 612 P X   0.003 0.023 0.000 0.006 0.002 0.005 0.505 0.455 
 613 P X   0.003 0.026 0.000 0.007 0.002 0.006 0.509 0.447 
 614 A X   0.003 0.029 0.000 0.009 0.002 0.006 0.513 0.437 
 615 A X   0.003 0.033 0.000 0.011 0.003 0.007 0.517 0.426 
 616 Q X   0.004 0.038 0.000 0.013 0.003 0.008 0.521 0.414 
 617 P X   0.004 0.042 0.000 0.015 0.004 0.008 0.525 0.402 
 618 V X   0.004 0.046 0.000 0.017 0.004 0.009 0.530 0.389 
 619 H X   0.004 0.050 0.000 0.020 0.004 0.009 0.535 0.378 
 620 G X   0.004 0.052 0.001 0.021 0.005 0.009 0.542 0.366 
 621 R X   0.004 0.054 0.001 0.023 0.005 0.009 0.549 0.356 
 622 T X   0.004 0.054 0.001 0.023 0.005 0.009 0.557 0.346 
 623 D X   0.004 0.054 0.001 0.023 0.005 0.009 0.567 0.338 
 624 W X   0.004 0.052 0.001 0.022 0.005 0.008 0.577 0.332 
 625 A X   0.003 0.049 0.000 0.020 0.004 0.007 0.587 0.328 
 626 S X   0.003 0.046 0.000 0.018 0.004 0.006 0.599 0.325 
 627 K X   0.002 0.041 0.000 0.014 0.003 0.004 0.611 0.323 
 628 Y X   0.001 0.035 0.000 0.011 0.002 0.003 0.623 0.325 
 629 A X   0.001 0.028 0.000 0.006 0.001 0.001 0.633 0.331 
 630 S X   0.000 0.022 0.000 0.004 0.000 0.000 0.636 0.338 
 631 R X   0.000 0.019 0.000 0.004 0.000 0.000 0.634 0.342 
 632 R X   0.002 0.018 0.001 0.011 0.003 0.002 0.621 0.341 
