#TopoPred_TM8: 8-state transmembrane topology prediction results by no_profile mode 
#probabilities are in the order of H E C I L F X _, the 8 transmembrane topology types used in PDBTM 
   1 M X   0.011 0.001 0.002 0.029 0.007 0.008 0.669 0.274 
   2 Q X   0.003 0.000 0.000 0.011 0.001 0.004 0.682 0.299 
   3 P X   0.001 0.000 0.000 0.005 0.000 0.003 0.683 0.308 
   4 E X   0.001 0.000 0.000 0.004 0.001 0.005 0.678 0.311 
   5 E X   0.004 0.002 0.000 0.006 0.002 0.012 0.666 0.307 
   6 G X   0.012 0.007 0.001 0.011 0.006 0.025 0.644 0.293 
   7 T X   0.022 0.024 0.001 0.020 0.013 0.039 0.615 0.266 
   8 G X   0.031 0.060 0.002 0.033 0.020 0.050 0.576 0.228 
   9 W X   0.035 0.104 0.002 0.047 0.027 0.055 0.535 0.193 
  10 L X   0.037 0.140 0.002 0.057 0.032 0.058 0.501 0.172 
  11 L X   0.038 0.161 0.002 0.061 0.036 0.058 0.477 0.167 
  12 E X   0.040 0.170 0.002 0.060 0.038 0.057 0.459 0.173 
  13 L X   0.042 0.173 0.002 0.054 0.039 0.056 0.445 0.188 
  14 L X   0.045 0.171 0.002 0.046 0.039 0.054 0.435 0.209 
  15 S X   0.047 0.164 0.002 0.038 0.037 0.051 0.427 0.235 
  16 E X   0.048 0.154 0.002 0.031 0.033 0.048 0.420 0.263 
  17 V X   0.048 0.143 0.002 0.026 0.029 0.044 0.416 0.292 
  18 Q X   0.047 0.131 0.002 0.023 0.024 0.040 0.412 0.321 
  19 L X   0.044 0.119 0.001 0.021 0.020 0.036 0.410 0.348 
  20 Q X   0.040 0.106 0.001 0.020 0.017 0.032 0.408 0.375 
  21 Q X   0.036 0.093 0.001 0.019 0.014 0.028 0.406 0.403 
  22 Y _   0.031 0.079 0.001 0.017 0.011 0.024 0.405 0.432 
  23 F _   0.026 0.064 0.001 0.015 0.009 0.020 0.404 0.461 
  24 L _   0.021 0.050 0.001 0.012 0.007 0.016 0.403 0.490 
  25 R _   0.017 0.037 0.001 0.010 0.005 0.014 0.401 0.516 
  26 L _   0.014 0.027 0.000 0.007 0.004 0.011 0.399 0.538 
  27 R _   0.011 0.020 0.000 0.005 0.003 0.010 0.397 0.554 
  28 D _   0.009 0.016 0.000 0.004 0.002 0.009 0.394 0.566 
  29 D _   0.008 0.014 0.000 0.004 0.002 0.008 0.391 0.573 
  30 L _   0.007 0.013 0.000 0.004 0.002 0.008 0.387 0.578 
  31 N _   0.007 0.014 0.000 0.006 0.003 0.008 0.382 0.580 
  32 V _   0.007 0.015 0.000 0.008 0.003 0.009 0.377 0.580 
  33 T _   0.008 0.018 0.000 0.011 0.004 0.010 0.372 0.578 
  34 R _   0.008 0.020 0.001 0.015 0.005 0.010 0.366 0.575 
  35 L _   0.008 0.022 0.001 0.018 0.006 0.010 0.361 0.574 
  36 S _   0.008 0.024 0.001 0.019 0.006 0.010 0.357 0.576 
  37 H _   0.007 0.024 0.001 0.020 0.005 0.010 0.353 0.581 
  38 F _   0.007 0.024 0.001 0.018 0.005 0.009 0.349 0.588 
  39 E _   0.006 0.022 0.001 0.015 0.004 0.008 0.346 0.598 
  40 Y _   0.005 0.021 0.000 0.012 0.003 0.007 0.343 0.609 
  41 V _   0.005 0.019 0.000 0.009 0.003 0.006 0.340 0.619 
  42 K _   0.005 0.018 0.000 0.006 0.002 0.006 0.336 0.627 
  43 N _   0.004 0.017 0.000 0.005 0.002 0.005 0.333 0.633 
  44 E _   0.004 0.017 0.000 0.005 0.002 0.005 0.329 0.638 
  45 D _   0.004 0.018 0.000 0.005 0.002 0.006 0.325 0.640 
  46 L _   0.005 0.021 0.000 0.005 0.002 0.006 0.320 0.641 
  47 E _   0.005 0.025 0.000 0.007 0.003 0.007 0.314 0.639 
  48 K _   0.006 0.033 0.000 0.008 0.003 0.008 0.307 0.635 
  49 I _   0.006 0.043 0.001 0.010 0.004 0.009 0.299 0.629 
  50 G _   0.006 0.055 0.001 0.012 0.004 0.010 0.291 0.620 
  51 M _   0.006 0.069 0.001 0.013 0.005 0.011 0.283 0.612 
  52 G _   0.007 0.083 0.001 0.015 0.005 0.012 0.275 0.603 
  53 R _   0.007 0.098 0.001 0.016 0.006 0.013 0.267 0.593 
  54 P _   0.007 0.113 0.001 0.017 0.007 0.014 0.260 0.582 
  55 G _   0.007 0.128 0.001 0.018 0.007 0.014 0.254 0.571 
  56 Q _   0.008 0.142 0.001 0.019 0.008 0.015 0.248 0.560 
  57 R _   0.008 0.156 0.001 0.020 0.008 0.015 0.243 0.549 
  58 R _   0.008 0.170 0.001 0.022 0.009 0.016 0.238 0.538 
  59 L _   0.008 0.181 0.001 0.023 0.009 0.016 0.234 0.529 
  60 W _   0.008 0.189 0.001 0.024 0.009 0.015 0.231 0.523 
  61 E _   0.008 0.196 0.001 0.024 0.009 0.015 0.228 0.520 
  62 A _   0.008 0.199 0.001 0.024 0.008 0.015 0.226 0.519 
  63 V _   0.008 0.201 0.001 0.023 0.008 0.014 0.225 0.521 
  64 K _   0.008 0.199 0.001 0.021 0.008 0.014 0.224 0.525 
  65 R _   0.008 0.196 0.001 0.019 0.007 0.013 0.224 0.532 
  66 R _   0.008 0.191 0.001 0.017 0.006 0.013 0.224 0.540 
  67 K _   0.008 0.185 0.001 0.015 0.006 0.012 0.224 0.549 
  68 A _   0.008 0.179 0.001 0.013 0.005 0.012 0.225 0.557 
  69 L _   0.008 0.173 0.001 0.012 0.005 0.012 0.226 0.564 
  70 C _   0.008 0.167 0.001 0.011 0.005 0.012 0.227 0.570 
  71 K _   0.008 0.163 0.001 0.010 0.005 0.012 0.228 0.573 
  72 R _   0.008 0.161 0.001 0.011 0.005 0.012 0.229 0.574 
  73 K _   0.009 0.159 0.001 0.012 0.005 0.012 0.230 0.572 
  74 S _   0.009 0.158 0.001 0.013 0.006 0.012 0.232 0.570 
  75 W _   0.009 0.157 0.001 0.014 0.006 0.013 0.233 0.567 
  76 M _   0.009 0.156 0.001 0.016 0.006 0.013 0.235 0.564 
  77 S _   0.009 0.154 0.001 0.017 0.007 0.013 0.237 0.562 
  78 K _   0.009 0.152 0.001 0.018 0.007 0.013 0.240 0.560 
  79 V _   0.009 0.148 0.001 0.019 0.007 0.013 0.243 0.560 
  80 F _   0.009 0.143 0.001 0.020 0.007 0.013 0.247 0.561 
  81 S _   0.009 0.137 0.001 0.020 0.007 0.012 0.251 0.563 
  82 G _   0.009 0.129 0.001 0.020 0.007 0.012 0.256 0.566 
  83 K _   0.009 0.119 0.001 0.019 0.006 0.012 0.262 0.571 
  84 R _   0.009 0.107 0.001 0.018 0.006 0.011 0.269 0.578 
  85 L _   0.009 0.095 0.001 0.017 0.006 0.011 0.276 0.586 
  86 E _   0.009 0.081 0.001 0.015 0.005 0.010 0.284 0.595 
  87 A _   0.009 0.068 0.001 0.014 0.005 0.010 0.291 0.604 
  88 E _   0.008 0.056 0.001 0.012 0.004 0.009 0.299 0.612 
  89 F _   0.008 0.046 0.000 0.010 0.003 0.009 0.306 0.618 
  90 P _   0.008 0.037 0.000 0.009 0.003 0.008 0.312 0.622 
  91 P _   0.007 0.031 0.000 0.009 0.003 0.008 0.318 0.624 
  92 H _   0.007 0.026 0.000 0.008 0.003 0.008 0.323 0.624 
  93 H _   0.007 0.023 0.000 0.009 0.003 0.008 0.328 0.622 
  94 S _   0.007 0.020 0.000 0.009 0.003 0.008 0.333 0.620 
  95 Q _   0.007 0.017 0.000 0.010 0.003 0.007 0.337 0.618 
  96 S _   0.007 0.015 0.000 0.010 0.003 0.007 0.341 0.617 
  97 T _   0.006 0.013 0.000 0.009 0.002 0.007 0.344 0.617 
  98 F _   0.006 0.011 0.000 0.009 0.002 0.006 0.347 0.618 
  99 R _   0.005 0.009 0.000 0.008 0.002 0.006 0.349 0.620 
 100 K _   0.005 0.008 0.000 0.007 0.002 0.005 0.351 0.623 
 101 T _   0.004 0.007 0.000 0.006 0.001 0.005 0.351 0.626 
 102 S _   0.004 0.006 0.000 0.005 0.001 0.004 0.351 0.630 
 103 P _   0.003 0.005 0.000 0.004 0.001 0.004 0.349 0.633 
 104 A _   0.003 0.005 0.000 0.004 0.001 0.004 0.346 0.637 
 105 P _   0.003 0.006 0.000 0.003 0.001 0.004 0.342 0.641 
 106 G _   0.003 0.007 0.000 0.004 0.001 0.004 0.337 0.644 
 107 G _   0.003 0.009 0.000 0.004 0.001 0.005 0.329 0.647 
 108 P _   0.004 0.014 0.000 0.006 0.002 0.007 0.319 0.647 
 109 A _   0.004 0.024 0.000 0.009 0.003 0.010 0.306 0.643 
 110 G _   0.006 0.044 0.001 0.014 0.005 0.014 0.289 0.628 
 111 E _   0.007 0.080 0.001 0.020 0.008 0.018 0.267 0.599 
 112 G _   0.009 0.136 0.002 0.029 0.012 0.022 0.239 0.552 
 113 P _   0.009 0.213 0.002 0.038 0.016 0.025 0.208 0.488 
 114 L _   0.009 0.296 0.002 0.046 0.019 0.026 0.180 0.421 
 115 Q _   0.009 0.366 0.002 0.052 0.020 0.026 0.158 0.367 
 116 S E   0.008 0.417 0.002 0.056 0.019 0.025 0.141 0.331 
 117 L E   0.008 0.448 0.001 0.058 0.019 0.024 0.130 0.312 
 118 T E   0.008 0.463 0.001 0.058 0.018 0.023 0.122 0.306 
 119 C E   0.008 0.470 0.001 0.057 0.017 0.022 0.116 0.309 
 120 L E   0.008 0.469 0.001 0.053 0.016 0.021 0.112 0.321 
 121 I E   0.009 0.460 0.001 0.047 0.014 0.020 0.109 0.340 
 122 G E   0.009 0.443 0.001 0.040 0.013 0.018 0.107 0.368 
 123 E E   0.010 0.417 0.001 0.034 0.012 0.017 0.105 0.403 
 124 K _   0.010 0.384 0.001 0.028 0.011 0.017 0.104 0.444 
 125 D _   0.011 0.348 0.001 0.024 0.009 0.016 0.104 0.488 
 126 L _   0.011 0.312 0.001 0.020 0.008 0.015 0.103 0.529 
 127 R _   0.011 0.282 0.001 0.017 0.007 0.015 0.103 0.565 
 128 L _   0.010 0.257 0.001 0.015 0.006 0.014 0.103 0.595 
 129 L _   0.010 0.237 0.001 0.013 0.005 0.013 0.102 0.620 
 130 E _   0.009 0.222 0.001 0.011 0.005 0.012 0.101 0.639 
 131 K _   0.009 0.211 0.001 0.011 0.004 0.012 0.100 0.653 
 132 L _   0.008 0.203 0.001 0.011 0.004 0.012 0.098 0.664 
 133 G _   0.008 0.198 0.001 0.011 0.004 0.012 0.096 0.670 
 134 D _   0.008 0.195 0.001 0.013 0.005 0.012 0.095 0.673 
 135 G _   0.008 0.193 0.001 0.015 0.005 0.012 0.093 0.673 
 136 S _   0.008 0.192 0.001 0.018 0.006 0.012 0.091 0.671 
 137 F _   0.008 0.190 0.001 0.022 0.007 0.013 0.090 0.669 
 138 G _   0.009 0.187 0.001 0.025 0.007 0.013 0.089 0.669 
 139 V _   0.009 0.182 0.001 0.027 0.008 0.013 0.088 0.672 
 140 V _   0.009 0.172 0.001 0.028 0.008 0.013 0.088 0.682 
 141 R _   0.009 0.158 0.001 0.026 0.007 0.012 0.088 0.700 
 142 R _   0.008 0.137 0.001 0.023 0.006 0.011 0.088 0.725 
 143 G _   0.008 0.113 0.001 0.018 0.005 0.010 0.089 0.755 
 144 E _   0.008 0.088 0.001 0.013 0.004 0.009 0.089 0.787 
 145 W _   0.007 0.068 0.000 0.009 0.003 0.009 0.090 0.814 
 146 D _   0.006 0.056 0.000 0.006 0.002 0.008 0.089 0.832 
 147 A _   0.006 0.049 0.000 0.004 0.002 0.009 0.088 0.841 
 148 P _   0.006 0.048 0.000 0.004 0.002 0.010 0.087 0.843 
 149 S _   0.008 0.049 0.000 0.005 0.003 0.012 0.085 0.837 
 150 G _   0.010 0.057 0.001 0.008 0.005 0.016 0.083 0.821 
 151 K _   0.012 0.075 0.001 0.015 0.008 0.020 0.079 0.790 
 152 T _   0.015 0.109 0.001 0.026 0.013 0.024 0.074 0.738 
 153 V _   0.016 0.154 0.002 0.039 0.017 0.027 0.069 0.677 
 154 S _   0.016 0.194 0.002 0.052 0.020 0.029 0.065 0.624 
 155 V _   0.016 0.221 0.002 0.062 0.021 0.029 0.061 0.588 
 156 A _   0.016 0.236 0.002 0.068 0.021 0.028 0.059 0.570 
 157 V _   0.016 0.242 0.002 0.069 0.021 0.027 0.058 0.566 
 158 K _   0.015 0.240 0.001 0.066 0.019 0.025 0.057 0.576 
 159 C _   0.014 0.230 0.001 0.058 0.017 0.023 0.057 0.598 
 160 L _   0.014 0.211 0.001 0.049 0.015 0.021 0.058 0.632 
 161 K _   0.013 0.182 0.001 0.038 0.012 0.018 0.059 0.676 
 162 P _   0.012 0.147 0.001 0.028 0.009 0.016 0.060 0.726 
 163 D _   0.011 0.112 0.001 0.020 0.007 0.014 0.061 0.773 
 164 V _   0.010 0.085 0.001 0.014 0.005 0.013 0.062 0.811 
 165 L _   0.009 0.066 0.001 0.010 0.004 0.011 0.063 0.837 
 166 S _   0.008 0.055 0.000 0.007 0.003 0.010 0.063 0.853 
 167 Q _   0.008 0.049 0.000 0.006 0.003 0.010 0.063 0.862 
 168 P _   0.007 0.046 0.000 0.006 0.003 0.010 0.062 0.866 
 169 E _   0.007 0.045 0.000 0.007 0.003 0.010 0.061 0.866 
 170 A _   0.008 0.046 0.000 0.008 0.003 0.011 0.060 0.863 
 171 M _   0.009 0.049 0.001 0.011 0.004 0.013 0.059 0.855 
 172 D _   0.009 0.053 0.001 0.015 0.006 0.015 0.057 0.845 
 173 D _   0.010 0.057 0.001 0.019 0.007 0.016 0.056 0.833 
 174 F _   0.011 0.062 0.001 0.024 0.009 0.018 0.054 0.821 
 175 I _   0.012 0.065 0.001 0.029 0.010 0.018 0.053 0.811 
 176 R _   0.012 0.067 0.001 0.033 0.011 0.019 0.052 0.805 
 177 E _   0.012 0.066 0.001 0.034 0.011 0.019 0.051 0.805 
 178 V _   0.012 0.062 0.001 0.033 0.011 0.018 0.051 0.812 
 179 N _   0.012 0.056 0.001 0.029 0.010 0.017 0.051 0.824 
 180 A _   0.012 0.046 0.001 0.023 0.008 0.016 0.051 0.842 
 181 M _   0.012 0.034 0.001 0.017 0.007 0.015 0.051 0.863 
 182 H _   0.012 0.022 0.001 0.012 0.005 0.014 0.051 0.883 
 183 S _   0.012 0.012 0.001 0.008 0.004 0.013 0.051 0.899 
 184 L _   0.012 0.006 0.000 0.005 0.003 0.013 0.051 0.909 
 185 D _   0.013 0.003 0.000 0.004 0.003 0.014 0.050 0.912 
 186 H _   0.016 0.002 0.000 0.003 0.003 0.016 0.049 0.909 
 187 R _   0.020 0.002 0.000 0.004 0.005 0.019 0.048 0.901 
 188 N _   0.026 0.003 0.001 0.006 0.007 0.024 0.047 0.887 
 189 L _   0.033 0.004 0.001 0.009 0.010 0.028 0.046 0.869 
 190 I _   0.040 0.006 0.001 0.013 0.014 0.033 0.045 0.847 
 191 R _   0.047 0.009 0.001 0.019 0.018 0.037 0.043 0.825 
 192 L _   0.052 0.011 0.002 0.024 0.021 0.040 0.042 0.809 
 193 Y _   0.056 0.013 0.002 0.027 0.023 0.041 0.041 0.799 
 194 G _   0.058 0.013 0.002 0.026 0.023 0.041 0.040 0.796 
 195 V _   0.060 0.012 0.002 0.024 0.022 0.040 0.040 0.801 
 196 V _   0.061 0.010 0.001 0.019 0.019 0.039 0.039 0.811 
 197 L _   0.060 0.008 0.001 0.015 0.016 0.037 0.039 0.823 
 198 T _   0.059 0.006 0.001 0.011 0.014 0.036 0.039 0.834 
 199 P _   0.058 0.004 0.001 0.008 0.012 0.035 0.039 0.843 
 200 P _   0.058 0.003 0.001 0.006 0.011 0.035 0.038 0.848 
 201 M _   0.058 0.003 0.001 0.006 0.010 0.035 0.038 0.849 
 202 K _   0.058 0.003 0.001 0.006 0.011 0.035 0.038 0.847 
 203 M _   0.059 0.004 0.001 0.008 0.012 0.036 0.038 0.841 
 204 V _   0.060 0.006 0.001 0.011 0.014 0.037 0.038 0.833 
 205 T _   0.059 0.009 0.001 0.014 0.016 0.037 0.038 0.825 
 206 E _   0.058 0.011 0.001 0.018 0.018 0.037 0.038 0.819 
 207 L _   0.055 0.014 0.001 0.021 0.018 0.036 0.038 0.817 
 208 A _   0.051 0.015 0.001 0.023 0.018 0.034 0.038 0.819 
 209 P _   0.047 0.015 0.001 0.024 0.017 0.032 0.038 0.825 
 210 L _   0.043 0.015 0.001 0.022 0.015 0.030 0.039 0.836 
 211 G _   0.038 0.013 0.001 0.020 0.013 0.027 0.040 0.849 
 212 S _   0.034 0.011 0.001 0.016 0.010 0.024 0.040 0.864 
 213 L _   0.031 0.008 0.001 0.013 0.008 0.022 0.041 0.877 
 214 L _   0.028 0.005 0.001 0.009 0.006 0.020 0.041 0.889 
 215 D _   0.025 0.003 0.001 0.007 0.005 0.018 0.042 0.899 
 216 R _   0.024 0.002 0.000 0.005 0.004 0.018 0.042 0.906 
 217 L _   0.024 0.001 0.000 0.004 0.004 0.018 0.042 0.908 
 218 R _   0.026 0.001 0.000 0.003 0.004 0.019 0.041 0.906 
 219 K _   0.030 0.000 0.000 0.003 0.004 0.021 0.041 0.901 
 220 H _   0.036 0.001 0.001 0.003 0.006 0.025 0.040 0.890 
 221 Q _   0.044 0.001 0.001 0.005 0.008 0.029 0.039 0.873 
 222 G _   0.053 0.002 0.001 0.007 0.011 0.034 0.039 0.853 
 223 H _   0.064 0.003 0.001 0.009 0.015 0.040 0.038 0.830 
 224 F _   0.073 0.005 0.001 0.012 0.020 0.044 0.037 0.806 
 225 L _   0.082 0.008 0.002 0.016 0.024 0.048 0.036 0.785 
 226 L _   0.089 0.010 0.002 0.018 0.027 0.051 0.036 0.769 
 227 G _   0.093 0.011 0.002 0.018 0.029 0.052 0.035 0.759 
 228 T _   0.097 0.012 0.002 0.018 0.030 0.053 0.035 0.755 
 229 L _   0.098 0.013 0.002 0.017 0.029 0.052 0.034 0.754 
 230 S _   0.098 0.013 0.002 0.016 0.028 0.051 0.034 0.759 
 231 R _   0.096 0.014 0.002 0.015 0.026 0.050 0.035 0.764 
 232 Y _   0.091 0.014 0.002 0.015 0.024 0.048 0.035 0.772 
 233 A _   0.086 0.015 0.001 0.015 0.023 0.046 0.035 0.778 
 234 V _   0.080 0.016 0.001 0.016 0.022 0.044 0.035 0.785 
 235 Q _   0.074 0.017 0.001 0.018 0.021 0.041 0.036 0.792 
 236 V _   0.067 0.018 0.001 0.020 0.020 0.039 0.037 0.798 
 237 A _   0.060 0.019 0.001 0.022 0.018 0.036 0.037 0.807 
 238 E _   0.051 0.019 0.001 0.022 0.017 0.033 0.038 0.819 
 239 G _   0.044 0.018 0.001 0.021 0.015 0.030 0.039 0.833 
 240 M _   0.037 0.016 0.001 0.020 0.012 0.026 0.039 0.848 
 241 G _   0.030 0.014 0.001 0.017 0.010 0.023 0.040 0.863 
 242 Y _   0.025 0.012 0.001 0.015 0.008 0.020 0.041 0.878 
 243 L _   0.021 0.009 0.001 0.012 0.007 0.018 0.042 0.891 
 244 E _   0.018 0.007 0.001 0.010 0.005 0.016 0.042 0.901 
 245 S _   0.015 0.005 0.001 0.008 0.005 0.015 0.043 0.909 
 246 K _   0.014 0.004 0.000 0.006 0.004 0.014 0.043 0.915 
 247 R _   0.013 0.003 0.000 0.006 0.004 0.013 0.043 0.918 
 248 F _   0.012 0.003 0.000 0.005 0.004 0.014 0.043 0.918 
 249 I _   0.013 0.003 0.000 0.006 0.004 0.014 0.044 0.916 
 250 H _   0.014 0.004 0.001 0.007 0.005 0.016 0.043 0.911 
 251 R _   0.016 0.004 0.001 0.008 0.006 0.018 0.043 0.905 
 252 D _   0.018 0.006 0.001 0.009 0.007 0.020 0.043 0.896 
 253 L _   0.021 0.007 0.001 0.012 0.009 0.023 0.042 0.886 
 254 A _   0.024 0.009 0.001 0.014 0.011 0.025 0.042 0.875 
 255 A _   0.027 0.011 0.001 0.016 0.012 0.027 0.042 0.864 
 256 R _   0.030 0.012 0.001 0.018 0.014 0.029 0.042 0.855 
 257 N _   0.033 0.013 0.001 0.019 0.014 0.030 0.042 0.848 
 258 L _   0.035 0.013 0.001 0.018 0.014 0.031 0.042 0.844 
 259 L _   0.038 0.013 0.001 0.017 0.014 0.031 0.042 0.844 
 260 L _   0.040 0.012 0.001 0.015 0.013 0.031 0.042 0.845 
 261 A _   0.041 0.011 0.001 0.012 0.012 0.031 0.043 0.848 
 262 T _   0.042 0.011 0.001 0.010 0.011 0.032 0.043 0.850 
 263 R _   0.044 0.010 0.001 0.008 0.010 0.032 0.043 0.851 
 264 D _   0.046 0.010 0.001 0.007 0.010 0.033 0.044 0.848 
 265 L _   0.049 0.012 0.001 0.008 0.011 0.034 0.044 0.841 
 266 V _   0.052 0.015 0.001 0.009 0.013 0.035 0.044 0.830 
 267 K _   0.055 0.020 0.001 0.013 0.016 0.037 0.045 0.813 
 268 I _   0.057 0.028 0.001 0.019 0.019 0.038 0.045 0.792 
 269 G _   0.058 0.039 0.002 0.027 0.022 0.039 0.046 0.769 
 270 D _   0.057 0.048 0.002 0.036 0.024 0.038 0.046 0.750 
 271 F _   0.054 0.055 0.002 0.043 0.024 0.036 0.047 0.739 
 272 G _   0.050 0.058 0.002 0.047 0.023 0.034 0.049 0.739 
 273 L _   0.044 0.057 0.002 0.046 0.020 0.030 0.051 0.750 
 274 M _   0.037 0.053 0.001 0.041 0.016 0.026 0.053 0.771 
 275 R _   0.031 0.046 0.001 0.033 0.012 0.021 0.056 0.800 
 276 A _   0.024 0.036 0.001 0.023 0.009 0.017 0.058 0.832 
 277 L _   0.019 0.024 0.001 0.015 0.006 0.013 0.060 0.863 
 278 P _   0.014 0.015 0.000 0.009 0.003 0.010 0.062 0.886 
 279 Q _   0.011 0.010 0.000 0.005 0.002 0.008 0.063 0.900 
 280 N _   0.009 0.007 0.000 0.003 0.002 0.007 0.064 0.908 
 281 D _   0.007 0.007 0.000 0.003 0.002 0.006 0.064 0.911 
 282 D _   0.007 0.007 0.000 0.003 0.002 0.007 0.064 0.911 
 283 H _   0.007 0.009 0.000 0.004 0.002 0.008 0.063 0.907 
 284 Y _   0.007 0.012 0.000 0.006 0.003 0.009 0.062 0.900 
 285 V _   0.008 0.019 0.000 0.009 0.004 0.011 0.060 0.889 
 286 M _   0.008 0.029 0.001 0.012 0.005 0.012 0.059 0.874 
 287 Q _   0.009 0.041 0.001 0.016 0.006 0.014 0.057 0.858 
 288 E _   0.009 0.054 0.001 0.019 0.007 0.015 0.054 0.841 
 289 H _   0.009 0.066 0.001 0.022 0.008 0.017 0.052 0.826 
 290 R _   0.009 0.077 0.001 0.024 0.009 0.018 0.050 0.812 
 291 K _   0.010 0.087 0.001 0.026 0.010 0.019 0.048 0.800 
 292 V _   0.010 0.095 0.001 0.028 0.010 0.019 0.047 0.789 
 293 P _   0.011 0.102 0.001 0.030 0.011 0.020 0.045 0.780 
 294 F _   0.011 0.107 0.001 0.032 0.012 0.020 0.044 0.773 
 295 A _   0.012 0.109 0.001 0.033 0.012 0.020 0.044 0.769 
 296 W _   0.012 0.110 0.001 0.034 0.012 0.020 0.043 0.768 
 297 C _   0.012 0.108 0.001 0.034 0.012 0.020 0.043 0.771 
 298 A _   0.012 0.104 0.001 0.033 0.011 0.019 0.043 0.778 
 299 P _   0.012 0.097 0.001 0.031 0.011 0.018 0.043 0.788 
 300 E _   0.012 0.087 0.001 0.028 0.010 0.017 0.043 0.803 
 301 S _   0.013 0.074 0.001 0.024 0.009 0.016 0.043 0.821 
 302 L _   0.013 0.059 0.001 0.020 0.007 0.015 0.044 0.841 
 303 K _   0.014 0.042 0.001 0.016 0.006 0.014 0.044 0.863 
 304 T _   0.015 0.027 0.001 0.012 0.005 0.013 0.045 0.883 
 305 R _   0.017 0.015 0.001 0.008 0.004 0.012 0.045 0.898 
 306 T _   0.021 0.007 0.000 0.006 0.004 0.012 0.044 0.906 
 307 F _   0.028 0.003 0.000 0.004 0.003 0.012 0.044 0.906 
 308 S _   0.042 0.001 0.000 0.003 0.003 0.013 0.043 0.896 
 309 H _   0.064 0.000 0.000 0.002 0.004 0.015 0.041 0.873 
 310 A _   0.103 0.000 0.001 0.002 0.005 0.018 0.039 0.832 
 311 S _   0.162 0.000 0.001 0.002 0.008 0.022 0.037 0.768 
 312 D _   0.240 0.000 0.001 0.002 0.012 0.028 0.035 0.682 
 313 T _   0.333 0.000 0.001 0.003 0.019 0.033 0.032 0.578 
 314 W _   0.425 0.000 0.002 0.003 0.028 0.039 0.031 0.473 
 315 M H   0.502 0.000 0.002 0.004 0.037 0.042 0.029 0.384 
 316 F H   0.562 0.000 0.002 0.004 0.045 0.044 0.029 0.314 
 317 G H   0.603 0.001 0.002 0.005 0.050 0.044 0.029 0.266 
 318 V H   0.628 0.001 0.002 0.006 0.054 0.043 0.030 0.236 
 319 T H   0.639 0.001 0.002 0.006 0.055 0.041 0.032 0.222 
 320 L H   0.635 0.001 0.002 0.007 0.055 0.039 0.035 0.225 
 321 W H   0.616 0.001 0.002 0.007 0.052 0.037 0.039 0.245 
 322 E H   0.580 0.001 0.003 0.008 0.048 0.034 0.044 0.283 
 323 M H   0.524 0.001 0.003 0.008 0.041 0.032 0.051 0.341 
 324 F H   0.450 0.001 0.002 0.007 0.033 0.029 0.059 0.419 
 325 T _   0.368 0.001 0.002 0.007 0.024 0.026 0.069 0.505 
 326 Y _   0.287 0.000 0.002 0.006 0.017 0.022 0.079 0.588 
 327 G _   0.215 0.000 0.001 0.005 0.011 0.020 0.089 0.659 
 328 Q _   0.157 0.000 0.001 0.005 0.008 0.018 0.097 0.714 
 329 E _   0.113 0.000 0.001 0.004 0.006 0.016 0.105 0.754 
 330 P _   0.082 0.001 0.001 0.005 0.005 0.015 0.112 0.779 
 331 W _   0.060 0.001 0.001 0.006 0.005 0.015 0.118 0.794 
 332 I _   0.045 0.002 0.001 0.008 0.005 0.015 0.124 0.800 
 333 G _   0.035 0.004 0.001 0.011 0.006 0.015 0.129 0.799 
 334 L _   0.028 0.006 0.001 0.015 0.006 0.015 0.135 0.795 
 335 N _   0.023 0.008 0.001 0.019 0.007 0.015 0.140 0.787 
 336 G _   0.019 0.010 0.001 0.022 0.007 0.015 0.146 0.780 
 337 S _   0.016 0.011 0.001 0.023 0.007 0.014 0.152 0.775 
 338 Q _   0.014 0.011 0.001 0.023 0.007 0.013 0.159 0.772 
 339 I _   0.012 0.011 0.001 0.021 0.006 0.012 0.166 0.772 
 340 L _   0.010 0.010 0.001 0.018 0.005 0.010 0.173 0.773 
 341 H _   0.009 0.008 0.000 0.014 0.004 0.009 0.180 0.775 
 342 K _   0.008 0.007 0.000 0.011 0.003 0.008 0.187 0.776 
 343 I _   0.007 0.005 0.000 0.008 0.002 0.007 0.193 0.777 
 344 D _   0.006 0.004 0.000 0.007 0.002 0.006 0.198 0.777 
 345 K _   0.006 0.003 0.000 0.006 0.002 0.005 0.203 0.776 
 346 E _   0.005 0.003 0.000 0.005 0.001 0.005 0.206 0.774 
 347 G _   0.005 0.003 0.000 0.004 0.001 0.005 0.209 0.773 
 348 E _   0.005 0.003 0.000 0.004 0.001 0.005 0.211 0.771 
 349 R _   0.004 0.003 0.000 0.005 0.001 0.005 0.212 0.770 
 350 L _   0.004 0.003 0.000 0.005 0.001 0.005 0.212 0.769 
 351 P _   0.004 0.004 0.000 0.005 0.001 0.005 0.212 0.768 
 352 R _   0.004 0.005 0.000 0.005 0.001 0.006 0.211 0.768 
 353 P _   0.004 0.007 0.000 0.005 0.002 0.007 0.209 0.766 
 354 E _   0.004 0.010 0.000 0.006 0.002 0.008 0.206 0.763 
 355 D _   0.005 0.016 0.000 0.007 0.003 0.010 0.203 0.757 
 356 C _   0.006 0.025 0.000 0.009 0.004 0.013 0.199 0.743 
 357 P _   0.008 0.042 0.001 0.014 0.006 0.017 0.193 0.719 
 358 Q _   0.011 0.071 0.001 0.021 0.010 0.022 0.185 0.679 
 359 D _   0.013 0.115 0.002 0.032 0.015 0.027 0.177 0.620 
 360 I _   0.014 0.171 0.002 0.046 0.020 0.031 0.167 0.549 
 361 Y _   0.015 0.225 0.002 0.060 0.024 0.032 0.159 0.483 
 362 N _   0.015 0.263 0.002 0.073 0.026 0.033 0.153 0.436 
 363 V _   0.016 0.284 0.002 0.082 0.026 0.033 0.149 0.409 
 364 M _   0.016 0.293 0.002 0.086 0.025 0.032 0.147 0.400 
 365 V _   0.016 0.292 0.002 0.084 0.024 0.030 0.146 0.406 
 366 Q _   0.016 0.281 0.002 0.077 0.022 0.027 0.147 0.428 
 367 C _   0.015 0.256 0.002 0.065 0.019 0.025 0.149 0.470 
 368 W _   0.015 0.210 0.002 0.049 0.016 0.022 0.152 0.534 
 369 A _   0.015 0.147 0.002 0.033 0.012 0.020 0.156 0.615 
 370 H _   0.014 0.086 0.001 0.019 0.008 0.018 0.160 0.693 
 371 K _   0.013 0.045 0.001 0.010 0.005 0.016 0.163 0.748 
 372 P _   0.011 0.026 0.000 0.005 0.003 0.015 0.164 0.774 
 373 E _   0.011 0.020 0.000 0.003 0.003 0.016 0.164 0.783 
 374 D _   0.012 0.019 0.000 0.003 0.003 0.018 0.164 0.781 
 375 R _   0.016 0.022 0.000 0.004 0.004 0.021 0.163 0.769 
 376 P _   0.020 0.032 0.001 0.008 0.008 0.026 0.161 0.744 
 377 T _   0.025 0.057 0.001 0.016 0.014 0.032 0.158 0.697 
 378 F _   0.027 0.103 0.002 0.027 0.020 0.036 0.154 0.630 
 379 V _   0.028 0.155 0.002 0.040 0.025 0.038 0.151 0.560 
 380 A _   0.028 0.198 0.002 0.052 0.027 0.038 0.148 0.506 
 381 L _   0.027 0.223 0.002 0.060 0.028 0.038 0.147 0.476 
 382 R _   0.026 0.236 0.002 0.064 0.027 0.036 0.147 0.462 
 383 D _   0.025 0.239 0.002 0.064 0.026 0.033 0.149 0.462 
 384 F _   0.024 0.236 0.002 0.060 0.023 0.030 0.151 0.474 
 385 L _   0.022 0.225 0.002 0.053 0.020 0.027 0.155 0.496 
 386 L _   0.021 0.204 0.002 0.045 0.017 0.024 0.160 0.529 
 387 E _   0.019 0.174 0.001 0.036 0.014 0.021 0.166 0.570 
 388 A _   0.018 0.139 0.001 0.027 0.011 0.018 0.172 0.614 
 389 Q _   0.016 0.104 0.001 0.021 0.008 0.016 0.179 0.655 
 390 P _   0.015 0.075 0.001 0.016 0.006 0.014 0.184 0.689 
 391 T _   0.013 0.054 0.001 0.012 0.005 0.012 0.189 0.714 
 392 D _   0.012 0.039 0.000 0.010 0.004 0.011 0.193 0.731 
 393 M _   0.011 0.029 0.000 0.009 0.003 0.009 0.196 0.743 
 394 R _   0.009 0.022 0.000 0.008 0.003 0.008 0.199 0.751 
 395 A _   0.008 0.017 0.000 0.007 0.002 0.008 0.200 0.757 
 396 L _   0.007 0.013 0.000 0.007 0.002 0.007 0.201 0.763 
 397 Q _   0.006 0.010 0.000 0.006 0.002 0.006 0.201 0.768 
 398 D _   0.006 0.008 0.000 0.005 0.002 0.006 0.201 0.772 
 399 F _   0.005 0.007 0.000 0.005 0.002 0.006 0.200 0.776 
 400 E _   0.005 0.006 0.000 0.004 0.002 0.006 0.198 0.779 
 401 E _   0.005 0.006 0.000 0.004 0.002 0.006 0.196 0.782 
 402 P _   0.005 0.006 0.000 0.004 0.002 0.007 0.193 0.783 
 403 D _   0.005 0.008 0.000 0.005 0.002 0.008 0.189 0.782 
 404 K _   0.006 0.010 0.000 0.006 0.003 0.010 0.185 0.779 
 405 L _   0.007 0.015 0.000 0.008 0.004 0.012 0.181 0.773 
 406 H _   0.008 0.022 0.001 0.011 0.005 0.014 0.175 0.763 
 407 I _   0.010 0.032 0.001 0.015 0.007 0.017 0.169 0.749 
 408 Q _   0.011 0.044 0.001 0.019 0.009 0.019 0.164 0.733 
 409 M _   0.013 0.056 0.001 0.024 0.011 0.021 0.158 0.716 
 410 N _   0.014 0.068 0.001 0.028 0.013 0.023 0.152 0.701 
 411 D _   0.015 0.078 0.001 0.031 0.014 0.024 0.148 0.688 
 412 V _   0.016 0.086 0.001 0.034 0.015 0.025 0.144 0.679 
 413 I _   0.017 0.091 0.001 0.036 0.015 0.025 0.140 0.674 
 414 T _   0.017 0.094 0.001 0.035 0.015 0.025 0.138 0.675 
 415 V _   0.017 0.094 0.001 0.034 0.015 0.024 0.136 0.679 
 416 I _   0.016 0.092 0.001 0.032 0.014 0.023 0.134 0.687 
 417 E _   0.016 0.089 0.001 0.029 0.012 0.022 0.133 0.698 
 418 G _   0.015 0.083 0.001 0.026 0.011 0.020 0.132 0.712 
 419 R _   0.014 0.076 0.001 0.023 0.009 0.019 0.132 0.726 
 420 A _   0.013 0.068 0.001 0.019 0.008 0.017 0.132 0.742 
 421 E _   0.012 0.060 0.001 0.016 0.007 0.016 0.132 0.756 
 422 N _   0.011 0.052 0.001 0.014 0.006 0.014 0.131 0.770 
 423 Y _   0.010 0.045 0.001 0.012 0.005 0.013 0.131 0.783 
 424 W _   0.010 0.039 0.001 0.010 0.004 0.012 0.131 0.794 
 425 W _   0.009 0.034 0.000 0.008 0.004 0.012 0.130 0.802 
 426 R _   0.009 0.031 0.000 0.007 0.004 0.012 0.129 0.808 
 427 G _   0.009 0.029 0.000 0.007 0.004 0.012 0.129 0.811 
 428 Q _   0.009 0.028 0.000 0.007 0.004 0.013 0.128 0.812 
 429 N _   0.009 0.028 0.000 0.008 0.004 0.014 0.126 0.810 
 430 T _   0.010 0.029 0.001 0.009 0.005 0.015 0.125 0.806 
 431 R _   0.011 0.031 0.001 0.010 0.006 0.017 0.124 0.799 
 432 T _   0.013 0.034 0.001 0.012 0.007 0.019 0.123 0.791 
 433 L _   0.014 0.038 0.001 0.014 0.008 0.021 0.121 0.782 
 434 C _   0.016 0.042 0.001 0.015 0.010 0.023 0.120 0.773 
 435 V _   0.018 0.045 0.001 0.016 0.011 0.025 0.119 0.765 
 436 G _   0.020 0.048 0.001 0.016 0.012 0.027 0.118 0.758 
 437 P _   0.022 0.051 0.001 0.016 0.013 0.030 0.117 0.750 
 438 F _   0.025 0.055 0.001 0.015 0.014 0.032 0.117 0.742 
 439 P _   0.028 0.058 0.001 0.015 0.015 0.034 0.117 0.732 
 440 R _   0.031 0.063 0.001 0.016 0.017 0.036 0.116 0.719 
 441 N _   0.033 0.070 0.001 0.018 0.020 0.038 0.116 0.704 
 442 V _   0.035 0.078 0.001 0.021 0.022 0.039 0.117 0.686 
 443 V _   0.037 0.087 0.002 0.026 0.024 0.040 0.117 0.668 
 444 T _   0.037 0.096 0.002 0.031 0.025 0.039 0.119 0.652 
 445 S _   0.036 0.103 0.002 0.035 0.024 0.038 0.120 0.642 
 446 V _   0.035 0.106 0.002 0.038 0.023 0.035 0.123 0.637 
 447 A _   0.032 0.107 0.002 0.039 0.022 0.033 0.126 0.641 
 448 G _   0.029 0.104 0.001 0.036 0.019 0.030 0.129 0.652 
 449 L _   0.026 0.097 0.001 0.032 0.016 0.026 0.134 0.669 
 450 S _   0.022 0.086 0.001 0.026 0.013 0.023 0.138 0.691 
 451 A _   0.019 0.073 0.001 0.019 0.010 0.020 0.143 0.715 
 452 Q _   0.016 0.060 0.001 0.014 0.007 0.017 0.148 0.737 
 453 D _   0.014 0.050 0.001 0.010 0.005 0.015 0.152 0.753 
 454 I _   0.012 0.044 0.000 0.008 0.004 0.014 0.156 0.761 
 455 S _   0.011 0.041 0.000 0.007 0.004 0.013 0.159 0.764 
 456 Q _   0.011 0.040 0.000 0.008 0.004 0.013 0.162 0.762 
 457 P _   0.011 0.040 0.000 0.010 0.004 0.013 0.165 0.755 
 458 L _   0.011 0.042 0.001 0.014 0.005 0.014 0.168 0.745 
 459 Q _   0.011 0.045 0.001 0.019 0.007 0.014 0.171 0.732 
 460 N _   0.011 0.047 0.001 0.024 0.007 0.014 0.175 0.721 
 461 S _   0.011 0.048 0.001 0.027 0.008 0.014 0.179 0.713 
 462 F _   0.010 0.048 0.001 0.028 0.008 0.013 0.183 0.709 
 463 I _   0.010 0.045 0.001 0.026 0.007 0.012 0.189 0.710 
 464 H _   0.009 0.041 0.001 0.023 0.006 0.011 0.194 0.717 
 465 T _   0.008 0.034 0.001 0.017 0.005 0.009 0.200 0.727 
 466 G _   0.007 0.027 0.000 0.013 0.003 0.008 0.205 0.737 
 467 H _   0.006 0.021 0.000 0.008 0.002 0.006 0.210 0.746 
 468 G _   0.005 0.016 0.000 0.006 0.002 0.005 0.214 0.751 
 469 D _   0.004 0.014 0.000 0.004 0.002 0.005 0.217 0.753 
 470 S _   0.004 0.013 0.000 0.004 0.001 0.005 0.220 0.752 
 471 D _   0.004 0.013 0.000 0.004 0.002 0.005 0.222 0.750 
 472 P _   0.004 0.014 0.000 0.005 0.002 0.006 0.223 0.745 
 473 R _   0.004 0.017 0.000 0.007 0.002 0.007 0.224 0.738 
 474 H _   0.005 0.021 0.000 0.010 0.003 0.008 0.224 0.729 
 475 C _   0.005 0.026 0.000 0.013 0.003 0.008 0.224 0.719 
 476 W _   0.005 0.032 0.000 0.017 0.004 0.009 0.224 0.708 
 477 G _   0.005 0.037 0.001 0.020 0.005 0.010 0.224 0.699 
 478 F _   0.005 0.042 0.001 0.023 0.005 0.010 0.225 0.690 
 479 P _   0.005 0.045 0.001 0.025 0.005 0.010 0.226 0.683 
 480 D _   0.005 0.047 0.001 0.027 0.006 0.011 0.228 0.677 
 481 R _   0.005 0.048 0.001 0.028 0.006 0.011 0.230 0.672 
 482 I _   0.005 0.048 0.001 0.028 0.006 0.011 0.234 0.668 
 483 D _   0.006 0.047 0.001 0.027 0.006 0.010 0.238 0.666 
 484 E _   0.006 0.044 0.001 0.024 0.005 0.010 0.244 0.666 
 485 L _   0.006 0.040 0.001 0.021 0.005 0.009 0.250 0.669 
 486 Y _   0.006 0.034 0.001 0.017 0.004 0.008 0.256 0.674 
 487 L _   0.005 0.028 0.000 0.013 0.003 0.007 0.262 0.680 
 488 G _   0.005 0.022 0.000 0.009 0.003 0.006 0.268 0.687 
 489 N _   0.005 0.017 0.000 0.006 0.002 0.005 0.272 0.692 
 490 P _   0.004 0.014 0.000 0.005 0.002 0.005 0.276 0.695 
 491 M _   0.004 0.012 0.000 0.004 0.001 0.005 0.279 0.695 
 492 D _   0.004 0.011 0.000 0.004 0.001 0.005 0.282 0.693 
 493 P _   0.004 0.012 0.000 0.004 0.002 0.006 0.283 0.688 
 494 P _   0.005 0.014 0.000 0.006 0.002 0.007 0.285 0.680 
 495 D _   0.006 0.017 0.000 0.010 0.003 0.009 0.286 0.669 
 496 L _   0.006 0.022 0.000 0.015 0.004 0.010 0.286 0.655 
 497 L _   0.007 0.027 0.001 0.021 0.005 0.011 0.287 0.641 
 498 S _   0.007 0.031 0.001 0.025 0.006 0.012 0.288 0.630 
 499 V _   0.007 0.034 0.001 0.028 0.006 0.012 0.290 0.622 
 500 E _   0.006 0.034 0.001 0.028 0.006 0.012 0.292 0.620 
 501 L _   0.006 0.033 0.001 0.026 0.006 0.011 0.295 0.623 
 502 S _   0.006 0.030 0.001 0.022 0.005 0.010 0.299 0.628 
 503 T _   0.005 0.027 0.001 0.017 0.004 0.009 0.304 0.634 
 504 S _   0.005 0.022 0.000 0.013 0.003 0.008 0.308 0.641 
 505 R _   0.005 0.018 0.000 0.010 0.003 0.007 0.312 0.645 
 506 P _   0.004 0.015 0.000 0.008 0.002 0.006 0.316 0.647 
 507 P _   0.004 0.013 0.000 0.007 0.002 0.006 0.320 0.647 
 508 Q _   0.004 0.012 0.000 0.007 0.002 0.006 0.323 0.645 
 509 H _   0.005 0.012 0.000 0.007 0.002 0.006 0.326 0.642 
 510 L _   0.005 0.012 0.000 0.009 0.002 0.007 0.328 0.638 
 511 G _   0.005 0.012 0.000 0.010 0.003 0.007 0.330 0.634 
 512 G _   0.005 0.012 0.000 0.011 0.003 0.007 0.332 0.630 
 513 V _   0.005 0.012 0.000 0.012 0.003 0.007 0.334 0.627 
 514 K _   0.005 0.011 0.000 0.012 0.003 0.007 0.337 0.625 
 515 K _   0.005 0.011 0.000 0.012 0.003 0.006 0.339 0.624 
 516 P _   0.004 0.010 0.000 0.011 0.003 0.006 0.341 0.624 
 517 T _   0.004 0.009 0.000 0.010 0.002 0.006 0.344 0.625 
 518 Y _   0.004 0.008 0.000 0.008 0.002 0.005 0.346 0.626 
 519 D _   0.004 0.007 0.000 0.007 0.002 0.005 0.348 0.628 
 520 P _   0.004 0.006 0.000 0.006 0.002 0.005 0.349 0.629 
 521 V _   0.004 0.006 0.000 0.005 0.001 0.004 0.350 0.629 
 522 S _   0.004 0.005 0.000 0.005 0.001 0.004 0.350 0.630 
 523 E _   0.003 0.005 0.000 0.005 0.001 0.004 0.350 0.631 
 524 D _   0.003 0.005 0.000 0.005 0.001 0.004 0.349 0.632 
 525 Q _   0.003 0.006 0.000 0.005 0.001 0.004 0.347 0.633 
 526 D _   0.003 0.007 0.000 0.005 0.001 0.005 0.345 0.634 
 527 P _   0.003 0.008 0.000 0.006 0.002 0.005 0.342 0.634 
 528 L _   0.003 0.010 0.000 0.007 0.002 0.005 0.338 0.634 
 529 S _   0.003 0.013 0.000 0.008 0.002 0.006 0.334 0.633 
 530 S _   0.004 0.016 0.000 0.010 0.002 0.007 0.329 0.632 
 531 D _   0.004 0.020 0.000 0.011 0.003 0.007 0.325 0.631 
 532 F _   0.004 0.024 0.000 0.012 0.003 0.007 0.320 0.630 
 533 K _   0.004 0.028 0.000 0.013 0.003 0.008 0.315 0.629 
 534 R _   0.004 0.031 0.000 0.014 0.003 0.008 0.311 0.629 
 535 L _   0.004 0.034 0.000 0.014 0.003 0.008 0.307 0.630 
 536 G _   0.004 0.037 0.000 0.013 0.003 0.008 0.303 0.632 
 537 L _   0.004 0.039 0.000 0.013 0.003 0.008 0.299 0.634 
 538 R _   0.004 0.041 0.000 0.012 0.003 0.007 0.296 0.636 
 539 K _   0.004 0.043 0.000 0.011 0.003 0.008 0.293 0.638 
 540 P _   0.004 0.045 0.000 0.011 0.003 0.008 0.290 0.639 
 541 G _   0.004 0.048 0.000 0.012 0.003 0.008 0.287 0.638 
 542 L _   0.005 0.051 0.000 0.012 0.004 0.008 0.284 0.636 
 543 P _   0.005 0.054 0.000 0.014 0.004 0.009 0.282 0.632 
 544 R _   0.005 0.058 0.001 0.015 0.004 0.009 0.279 0.629 
 545 G _   0.005 0.061 0.001 0.017 0.005 0.009 0.277 0.625 
 546 L _   0.005 0.064 0.001 0.018 0.005 0.009 0.275 0.624 
 547 W _   0.005 0.065 0.001 0.018 0.005 0.009 0.274 0.623 
 548 L _   0.005 0.066 0.001 0.018 0.005 0.009 0.273 0.624 
 549 A _   0.005 0.066 0.001 0.017 0.005 0.009 0.272 0.626 
 550 K _   0.005 0.065 0.001 0.017 0.004 0.008 0.272 0.629 
 551 P _   0.005 0.063 0.000 0.015 0.004 0.008 0.272 0.632 
 552 S _   0.005 0.061 0.000 0.014 0.004 0.008 0.272 0.635 
 553 A _   0.005 0.059 0.000 0.013 0.004 0.008 0.273 0.639 
 554 R _   0.005 0.056 0.000 0.012 0.003 0.007 0.274 0.642 
 555 V _   0.005 0.054 0.000 0.011 0.003 0.007 0.275 0.646 
 556 P _   0.004 0.051 0.000 0.009 0.003 0.007 0.275 0.650 
 557 G _   0.004 0.049 0.000 0.008 0.002 0.007 0.276 0.654 
 558 T _   0.004 0.047 0.000 0.007 0.002 0.007 0.276 0.657 
 559 K _   0.004 0.046 0.000 0.006 0.002 0.007 0.276 0.658 
 560 A _   0.004 0.047 0.000 0.006 0.002 0.008 0.275 0.656 
 561 S _   0.005 0.049 0.000 0.007 0.003 0.009 0.275 0.652 
 562 R _   0.006 0.053 0.000 0.009 0.004 0.011 0.274 0.643 
 563 G _   0.007 0.061 0.001 0.013 0.006 0.013 0.272 0.628 
 564 S _   0.008 0.071 0.001 0.018 0.008 0.016 0.271 0.608 
 565 G _   0.009 0.084 0.001 0.025 0.010 0.018 0.270 0.584 
 566 A _   0.011 0.096 0.001 0.032 0.012 0.019 0.269 0.561 
 567 E _   0.011 0.104 0.001 0.038 0.013 0.020 0.269 0.544 
 568 V _   0.011 0.108 0.001 0.041 0.014 0.020 0.271 0.534 
 569 T _   0.012 0.108 0.001 0.041 0.014 0.020 0.273 0.532 
 570 L _   0.012 0.105 0.001 0.039 0.013 0.019 0.277 0.535 
 571 I _   0.012 0.098 0.001 0.034 0.012 0.018 0.282 0.544 
 572 D _   0.011 0.087 0.001 0.028 0.010 0.016 0.288 0.558 
 573 F _   0.011 0.073 0.001 0.021 0.009 0.015 0.295 0.576 
 574 G _   0.011 0.058 0.001 0.016 0.007 0.014 0.302 0.592 
 575 E _   0.010 0.045 0.001 0.011 0.005 0.013 0.309 0.606 
 576 E _   0.009 0.036 0.001 0.008 0.004 0.012 0.315 0.615 
 577 P _   0.009 0.030 0.000 0.006 0.003 0.012 0.320 0.619 
 578 V _   0.008 0.027 0.000 0.005 0.003 0.012 0.325 0.620 
 579 V _   0.009 0.027 0.000 0.005 0.003 0.012 0.328 0.617 
 580 P _   0.009 0.027 0.000 0.005 0.003 0.014 0.331 0.611 
 581 A _   0.011 0.029 0.000 0.005 0.004 0.016 0.333 0.602 
 582 L _   0.012 0.034 0.001 0.007 0.005 0.019 0.334 0.589 
 583 R _   0.014 0.042 0.001 0.008 0.007 0.022 0.335 0.571 
 584 P _   0.017 0.055 0.001 0.011 0.010 0.026 0.336 0.545 
 585 C _   0.019 0.075 0.001 0.015 0.014 0.030 0.337 0.510 
 586 A _   0.021 0.105 0.002 0.020 0.019 0.033 0.337 0.462 
 587 P _   0.023 0.142 0.002 0.026 0.023 0.036 0.338 0.409 
 588 S _   0.024 0.181 0.002 0.033 0.026 0.037 0.340 0.357 
 589 L X   0.024 0.215 0.002 0.041 0.028 0.036 0.343 0.311 
 590 A X   0.023 0.239 0.002 0.048 0.028 0.035 0.348 0.278 
 591 Q X   0.022 0.252 0.002 0.053 0.027 0.033 0.355 0.256 
 592 L X   0.021 0.258 0.002 0.055 0.026 0.031 0.364 0.243 
 593 A X   0.020 0.258 0.002 0.055 0.024 0.028 0.376 0.238 
 594 M X   0.019 0.251 0.002 0.053 0.021 0.025 0.390 0.240 
 595 D X   0.018 0.236 0.002 0.048 0.019 0.023 0.409 0.247 
 596 A X   0.016 0.211 0.002 0.042 0.016 0.020 0.433 0.260 
 597 C X   0.015 0.175 0.002 0.035 0.014 0.017 0.462 0.280 
 598 S X   0.014 0.131 0.002 0.028 0.011 0.015 0.496 0.303 
 599 L X   0.013 0.089 0.001 0.021 0.008 0.013 0.532 0.324 
 600 L X   0.011 0.053 0.001 0.014 0.006 0.010 0.564 0.340 
 601 D X   0.009 0.030 0.001 0.009 0.004 0.008 0.591 0.348 
 602 E X   0.007 0.016 0.000 0.006 0.002 0.006 0.611 0.351 
 603 T X   0.006 0.009 0.000 0.004 0.002 0.005 0.626 0.350 
 604 P X   0.005 0.005 0.000 0.003 0.001 0.004 0.636 0.346 
 605 P X   0.004 0.004 0.000 0.002 0.001 0.004 0.645 0.341 
 606 Q X   0.003 0.003 0.000 0.002 0.001 0.003 0.651 0.336 
 607 S X   0.003 0.003 0.000 0.002 0.001 0.004 0.656 0.331 
 608 P X   0.003 0.004 0.000 0.003 0.001 0.004 0.660 0.325 
 609 T X   0.003 0.005 0.000 0.004 0.001 0.005 0.663 0.319 
 610 R X   0.003 0.006 0.000 0.006 0.002 0.005 0.666 0.312 
 611 A X   0.003 0.008 0.000 0.008 0.002 0.006 0.669 0.304 
 612 L X   0.003 0.011 0.000 0.010 0.003 0.006 0.671 0.296 
 613 P X   0.003 0.013 0.000 0.012 0.003 0.007 0.674 0.288 
 614 R X   0.003 0.014 0.000 0.014 0.003 0.007 0.678 0.281 
 615 P X   0.003 0.016 0.000 0.015 0.004 0.007 0.682 0.273 
 616 L X   0.003 0.017 0.000 0.016 0.004 0.007 0.687 0.266 
 617 H X   0.003 0.017 0.000 0.016 0.004 0.007 0.694 0.259 
 618 P X   0.003 0.017 0.000 0.016 0.004 0.007 0.701 0.251 
 619 T X   0.003 0.016 0.000 0.016 0.004 0.006 0.711 0.244 
 620 P X   0.003 0.015 0.000 0.014 0.004 0.006 0.720 0.237 
 621 V X   0.003 0.013 0.000 0.013 0.003 0.006 0.731 0.230 
 622 V X   0.003 0.011 0.000 0.011 0.003 0.005 0.743 0.223 
 623 D X   0.003 0.009 0.000 0.009 0.002 0.005 0.754 0.217 
 624 W X   0.003 0.007 0.000 0.007 0.002 0.004 0.765 0.211 
 625 D X   0.003 0.005 0.000 0.006 0.001 0.003 0.775 0.206 
 626 A X   0.002 0.004 0.000 0.004 0.001 0.003 0.784 0.202 
 627 R X   0.002 0.003 0.000 0.003 0.001 0.002 0.791 0.197 
 628 P X   0.002 0.002 0.000 0.003 0.001 0.002 0.797 0.194 
 629 L X   0.002 0.001 0.000 0.002 0.001 0.002 0.802 0.190 
 630 P X   0.002 0.001 0.000 0.002 0.001 0.002 0.805 0.188 
 631 P X   0.001 0.001 0.000 0.002 0.001 0.002 0.808 0.186 
 632 P X   0.001 0.001 0.000 0.002 0.001 0.002 0.810 0.184 
 633 P X   0.001 0.001 0.000 0.002 0.001 0.002 0.811 0.183 
 634 A X   0.001 0.001 0.000 0.002 0.001 0.002 0.811 0.183 
 635 Y X   0.001 0.001 0.000 0.002 0.001 0.002 0.810 0.184 
 636 D X   0.001 0.001 0.000 0.002 0.001 0.002 0.809 0.185 
 637 D X   0.001 0.001 0.000 0.002 0.001 0.002 0.807 0.187 
 638 V X   0.001 0.001 0.000 0.002 0.001 0.002 0.804 0.190 
 639 A X   0.001 0.002 0.000 0.002 0.001 0.002 0.800 0.193 
 640 Q X   0.001 0.002 0.000 0.002 0.001 0.003 0.795 0.196 
 641 D X   0.001 0.004 0.000 0.003 0.001 0.004 0.789 0.199 
 642 E X   0.002 0.006 0.000 0.004 0.001 0.005 0.781 0.201 
 643 D X   0.002 0.011 0.000 0.005 0.002 0.007 0.772 0.201 
 644 D X   0.003 0.019 0.000 0.008 0.004 0.010 0.760 0.197 
 645 F X   0.005 0.034 0.001 0.011 0.006 0.013 0.745 0.187 
 646 E X   0.006 0.055 0.001 0.015 0.009 0.016 0.727 0.170 
 647 I X   0.007 0.083 0.001 0.020 0.012 0.018 0.710 0.149 
 648 C X   0.008 0.111 0.001 0.024 0.015 0.019 0.694 0.128 
 649 S X   0.008 0.136 0.001 0.028 0.016 0.020 0.681 0.110 
 650 I X   0.008 0.155 0.001 0.032 0.017 0.019 0.672 0.096 
 651 N X   0.008 0.167 0.001 0.035 0.017 0.019 0.667 0.087 
 652 S X   0.008 0.173 0.001 0.036 0.016 0.018 0.663 0.083 
 653 T X   0.008 0.176 0.001 0.037 0.016 0.017 0.663 0.083 
 654 L X   0.008 0.174 0.001 0.036 0.014 0.016 0.664 0.087 
 655 V X   0.008 0.169 0.001 0.033 0.013 0.014 0.667 0.094 
 656 G X   0.008 0.158 0.001 0.030 0.012 0.013 0.673 0.106 
 657 A X   0.008 0.140 0.001 0.025 0.010 0.012 0.681 0.123 
 658 G X   0.008 0.115 0.001 0.020 0.008 0.010 0.692 0.145 
 659 V X   0.007 0.085 0.001 0.015 0.007 0.009 0.705 0.170 
 660 P X   0.006 0.058 0.001 0.011 0.005 0.008 0.718 0.193 
 661 A X   0.005 0.038 0.000 0.007 0.003 0.007 0.729 0.210 
 662 G X   0.004 0.025 0.000 0.005 0.002 0.006 0.737 0.221 
 663 P X   0.004 0.019 0.000 0.003 0.001 0.005 0.742 0.226 
