#TopoPred_TM8: 8-state transmembrane topology prediction results by no_profile mode 
#probabilities are in the order of H E C I L F X _, the 8 transmembrane topology types used in PDBTM 
   1 M X   0.015 0.002 0.002 0.056 0.010 0.012 0.654 0.250 
   2 S X   0.005 0.001 0.000 0.037 0.002 0.007 0.670 0.277 
   3 S X   0.002 0.001 0.000 0.027 0.001 0.006 0.672 0.291 
   4 P X   0.002 0.002 0.000 0.024 0.001 0.007 0.667 0.297 
   5 R X   0.003 0.004 0.000 0.026 0.002 0.009 0.656 0.300 
   6 A X   0.005 0.006 0.000 0.029 0.003 0.012 0.641 0.303 
   7 V X   0.006 0.010 0.001 0.033 0.004 0.014 0.624 0.307 
   8 V X   0.007 0.014 0.001 0.035 0.005 0.015 0.607 0.315 
   9 Q X   0.007 0.017 0.001 0.036 0.006 0.015 0.589 0.328 
  10 L X   0.007 0.020 0.001 0.034 0.006 0.014 0.573 0.346 
  11 G X   0.006 0.021 0.001 0.030 0.006 0.012 0.557 0.368 
  12 K X   0.005 0.021 0.001 0.024 0.005 0.011 0.544 0.390 
  13 A X   0.004 0.020 0.000 0.018 0.004 0.009 0.533 0.411 
  14 Q X   0.004 0.019 0.000 0.014 0.003 0.008 0.522 0.429 
  15 P X   0.004 0.019 0.000 0.011 0.003 0.008 0.512 0.443 
  16 A X   0.004 0.019 0.000 0.010 0.002 0.007 0.503 0.455 
  17 G X   0.004 0.019 0.000 0.010 0.003 0.007 0.492 0.465 
  18 E X   0.004 0.020 0.000 0.011 0.003 0.008 0.482 0.473 
  19 E _   0.004 0.022 0.000 0.012 0.003 0.008 0.470 0.480 
  20 L _   0.004 0.023 0.000 0.014 0.003 0.008 0.459 0.487 
  21 A _   0.004 0.025 0.000 0.015 0.004 0.008 0.449 0.494 
  22 T _   0.004 0.026 0.000 0.016 0.004 0.008 0.439 0.503 
  23 A _   0.004 0.026 0.000 0.016 0.004 0.008 0.430 0.512 
  24 N _   0.004 0.025 0.000 0.015 0.004 0.008 0.422 0.523 
  25 Q _   0.004 0.024 0.000 0.013 0.003 0.007 0.414 0.534 
  26 T _   0.004 0.023 0.000 0.011 0.003 0.007 0.406 0.546 
  27 A _   0.004 0.022 0.000 0.009 0.003 0.007 0.399 0.557 
  28 Q _   0.004 0.021 0.000 0.008 0.002 0.007 0.391 0.567 
  29 Q _   0.004 0.021 0.000 0.007 0.002 0.007 0.383 0.575 
  30 P _   0.004 0.021 0.000 0.007 0.003 0.008 0.375 0.581 
  31 S _   0.005 0.023 0.000 0.008 0.003 0.008 0.366 0.586 
  32 S _   0.005 0.025 0.000 0.011 0.004 0.010 0.357 0.588 
  33 P _   0.006 0.028 0.001 0.014 0.005 0.011 0.348 0.589 
  34 A _   0.006 0.032 0.001 0.018 0.006 0.012 0.338 0.588 
  35 M _   0.007 0.035 0.001 0.022 0.007 0.013 0.328 0.587 
  36 R _   0.007 0.038 0.001 0.025 0.007 0.013 0.320 0.589 
  37 R _   0.007 0.039 0.001 0.027 0.008 0.013 0.312 0.593 
  38 L _   0.007 0.039 0.001 0.027 0.008 0.013 0.305 0.601 
  39 T _   0.007 0.038 0.001 0.025 0.007 0.012 0.299 0.611 
  40 V _   0.007 0.035 0.001 0.023 0.006 0.011 0.294 0.623 
  41 D _   0.007 0.032 0.001 0.019 0.006 0.010 0.290 0.635 
  42 D _   0.007 0.027 0.001 0.016 0.005 0.010 0.287 0.648 
  43 F _   0.007 0.023 0.001 0.014 0.004 0.009 0.283 0.660 
  44 E _   0.007 0.018 0.000 0.011 0.004 0.009 0.280 0.671 
  45 I _   0.006 0.014 0.000 0.010 0.003 0.008 0.277 0.681 
  46 G _   0.006 0.011 0.000 0.008 0.003 0.007 0.273 0.691 
  47 R _   0.005 0.009 0.000 0.007 0.003 0.007 0.269 0.699 
  48 P _   0.005 0.007 0.000 0.006 0.002 0.007 0.264 0.707 
  49 L _   0.005 0.006 0.000 0.006 0.002 0.007 0.259 0.714 
  50 G _   0.005 0.005 0.000 0.006 0.002 0.008 0.254 0.720 
  51 K _   0.005 0.004 0.000 0.006 0.003 0.009 0.248 0.725 
  52 G _   0.006 0.004 0.000 0.007 0.003 0.010 0.241 0.729 
  53 K _   0.006 0.004 0.000 0.008 0.004 0.012 0.235 0.731 
  54 F _   0.007 0.004 0.001 0.010 0.004 0.014 0.228 0.732 
  55 G _   0.009 0.005 0.001 0.012 0.006 0.016 0.221 0.731 
  56 N _   0.011 0.005 0.001 0.014 0.007 0.019 0.214 0.730 
  57 V _   0.013 0.005 0.001 0.015 0.008 0.022 0.207 0.729 
  58 Y _   0.017 0.005 0.001 0.015 0.009 0.025 0.200 0.728 
  59 L _   0.022 0.005 0.001 0.014 0.009 0.028 0.194 0.727 
  60 A _   0.030 0.004 0.001 0.013 0.010 0.031 0.187 0.725 
  61 R _   0.039 0.003 0.001 0.010 0.011 0.034 0.180 0.720 
  62 L _   0.052 0.003 0.001 0.008 0.013 0.038 0.174 0.712 
  63 K _   0.068 0.002 0.001 0.007 0.015 0.043 0.167 0.697 
  64 E _   0.088 0.002 0.001 0.006 0.019 0.048 0.161 0.675 
  65 S _   0.111 0.003 0.001 0.007 0.024 0.053 0.155 0.646 
  66 H _   0.135 0.004 0.002 0.008 0.030 0.057 0.150 0.613 
  67 F _   0.157 0.007 0.002 0.012 0.037 0.060 0.145 0.581 
  68 I _   0.174 0.010 0.002 0.016 0.042 0.062 0.142 0.552 
  69 V _   0.185 0.014 0.002 0.021 0.045 0.061 0.139 0.533 
  70 A _   0.188 0.016 0.002 0.025 0.046 0.059 0.137 0.526 
  71 L _   0.184 0.018 0.002 0.027 0.044 0.055 0.136 0.534 
  72 K _   0.174 0.017 0.002 0.026 0.039 0.050 0.136 0.555 
  73 V _   0.157 0.016 0.002 0.023 0.033 0.044 0.136 0.589 
  74 L _   0.136 0.013 0.002 0.019 0.025 0.038 0.137 0.631 
  75 F _   0.112 0.009 0.001 0.015 0.018 0.032 0.138 0.674 
  76 K _   0.089 0.006 0.001 0.011 0.012 0.026 0.139 0.716 
  77 S _   0.067 0.004 0.001 0.008 0.008 0.021 0.140 0.751 
  78 Q _   0.050 0.003 0.001 0.006 0.006 0.017 0.140 0.777 
  79 I _   0.037 0.002 0.000 0.005 0.004 0.015 0.140 0.797 
  80 E _   0.027 0.002 0.000 0.005 0.003 0.013 0.140 0.810 
  81 K _   0.021 0.002 0.000 0.004 0.003 0.011 0.139 0.820 
  82 E _   0.016 0.002 0.000 0.005 0.003 0.010 0.138 0.826 
  83 G _   0.014 0.002 0.000 0.005 0.003 0.010 0.137 0.829 
  84 L _   0.012 0.003 0.000 0.005 0.003 0.010 0.135 0.831 
  85 E _   0.011 0.004 0.000 0.006 0.003 0.011 0.133 0.831 
  86 H _   0.011 0.006 0.000 0.007 0.004 0.012 0.131 0.829 
  87 Q _   0.011 0.009 0.001 0.009 0.005 0.013 0.128 0.825 
  88 L _   0.012 0.012 0.001 0.010 0.006 0.014 0.126 0.819 
  89 R _   0.012 0.017 0.001 0.013 0.007 0.016 0.123 0.812 
  90 R _   0.013 0.021 0.001 0.015 0.008 0.017 0.121 0.804 
  91 E _   0.014 0.026 0.001 0.017 0.008 0.018 0.119 0.797 
  92 I _   0.014 0.031 0.001 0.019 0.009 0.019 0.117 0.791 
  93 E _   0.015 0.034 0.001 0.020 0.009 0.019 0.115 0.787 
  94 I _   0.015 0.037 0.001 0.020 0.009 0.020 0.113 0.785 
  95 Q _   0.016 0.039 0.001 0.019 0.009 0.020 0.112 0.785 
  96 A _   0.016 0.040 0.001 0.017 0.009 0.020 0.111 0.786 
  97 H _   0.016 0.041 0.001 0.016 0.009 0.020 0.110 0.787 
  98 L _   0.016 0.041 0.001 0.015 0.009 0.021 0.109 0.788 
  99 Q _   0.016 0.042 0.001 0.015 0.009 0.021 0.108 0.788 
 100 H _   0.016 0.043 0.001 0.016 0.009 0.021 0.108 0.786 
 101 P _   0.017 0.045 0.001 0.017 0.010 0.022 0.107 0.782 
 102 N _   0.017 0.047 0.001 0.019 0.010 0.022 0.107 0.777 
 103 I _   0.018 0.048 0.001 0.021 0.011 0.022 0.107 0.773 
 104 L _   0.018 0.048 0.001 0.022 0.011 0.021 0.107 0.772 
 105 R _   0.017 0.048 0.001 0.022 0.010 0.020 0.108 0.774 
 106 L _   0.016 0.045 0.001 0.020 0.010 0.019 0.108 0.780 
 107 Y _   0.015 0.042 0.001 0.017 0.008 0.018 0.109 0.789 
 108 N _   0.014 0.038 0.001 0.014 0.007 0.017 0.109 0.799 
 109 Y _   0.014 0.034 0.001 0.011 0.006 0.017 0.110 0.807 
 110 F _   0.014 0.032 0.001 0.009 0.006 0.016 0.111 0.812 
 111 H _   0.014 0.031 0.001 0.008 0.006 0.017 0.111 0.813 
 112 D _   0.016 0.031 0.001 0.008 0.006 0.017 0.112 0.810 
 113 A _   0.017 0.033 0.001 0.010 0.007 0.018 0.112 0.803 
 114 R _   0.018 0.036 0.001 0.013 0.008 0.019 0.113 0.792 
 115 R _   0.019 0.040 0.001 0.017 0.010 0.020 0.113 0.780 
 116 V _   0.020 0.045 0.001 0.021 0.011 0.021 0.114 0.766 
 117 Y _   0.020 0.050 0.001 0.025 0.012 0.021 0.115 0.756 
 118 L _   0.020 0.052 0.001 0.028 0.012 0.021 0.116 0.749 
 119 I _   0.019 0.053 0.001 0.029 0.012 0.020 0.118 0.749 
 120 L _   0.018 0.052 0.001 0.027 0.011 0.018 0.120 0.752 
 121 E _   0.017 0.049 0.001 0.025 0.009 0.017 0.123 0.759 
 122 Y _   0.015 0.045 0.001 0.021 0.008 0.015 0.126 0.768 
 123 A _   0.014 0.040 0.001 0.018 0.007 0.014 0.128 0.778 
 124 P _   0.013 0.035 0.001 0.016 0.005 0.012 0.131 0.787 
 125 R _   0.012 0.030 0.001 0.014 0.005 0.011 0.134 0.794 
 126 G _   0.011 0.026 0.000 0.012 0.004 0.010 0.137 0.800 
 127 E _   0.010 0.022 0.000 0.011 0.004 0.009 0.140 0.804 
 128 L _   0.009 0.018 0.000 0.010 0.003 0.009 0.142 0.808 
 129 Y _   0.008 0.015 0.000 0.009 0.003 0.008 0.144 0.812 
 130 K _   0.007 0.012 0.000 0.008 0.002 0.007 0.146 0.817 
 131 E _   0.006 0.010 0.000 0.007 0.002 0.006 0.147 0.821 
 132 L _   0.006 0.008 0.000 0.006 0.002 0.006 0.147 0.826 
 133 Q _   0.005 0.006 0.000 0.005 0.002 0.006 0.147 0.829 
 134 K _   0.005 0.005 0.000 0.004 0.001 0.006 0.147 0.832 
 135 S _   0.005 0.005 0.000 0.003 0.001 0.006 0.146 0.833 
 136 E _   0.005 0.006 0.000 0.003 0.001 0.007 0.144 0.833 
 137 K _   0.006 0.007 0.000 0.004 0.002 0.010 0.142 0.830 
 138 L _   0.008 0.010 0.000 0.005 0.003 0.013 0.139 0.822 
 139 D _   0.011 0.018 0.001 0.007 0.005 0.018 0.135 0.805 
 140 E _   0.016 0.033 0.001 0.012 0.008 0.025 0.129 0.776 
 141 Q _   0.021 0.063 0.001 0.018 0.014 0.032 0.122 0.728 
 142 R _   0.026 0.108 0.002 0.027 0.021 0.039 0.114 0.663 
 143 T _   0.030 0.164 0.002 0.036 0.028 0.044 0.106 0.589 
 144 A _   0.033 0.217 0.002 0.046 0.033 0.048 0.099 0.521 
 145 T _   0.035 0.258 0.002 0.054 0.036 0.049 0.094 0.471 
 146 I _   0.037 0.285 0.002 0.060 0.037 0.049 0.090 0.440 
 147 I _   0.038 0.300 0.002 0.063 0.037 0.047 0.087 0.426 
 148 E _   0.038 0.305 0.002 0.063 0.036 0.045 0.086 0.425 
 149 E _   0.038 0.304 0.002 0.060 0.033 0.042 0.085 0.435 
 150 L _   0.038 0.294 0.002 0.055 0.030 0.039 0.085 0.457 
 151 A _   0.036 0.274 0.002 0.048 0.027 0.035 0.086 0.492 
 152 D _   0.035 0.243 0.002 0.040 0.022 0.032 0.087 0.539 
 153 A _   0.033 0.204 0.002 0.032 0.018 0.028 0.090 0.593 
 154 L _   0.030 0.162 0.002 0.026 0.014 0.025 0.092 0.650 
 155 T _   0.026 0.123 0.001 0.020 0.011 0.022 0.094 0.703 
 156 Y _   0.023 0.092 0.001 0.016 0.008 0.019 0.096 0.745 
 157 C _   0.019 0.070 0.001 0.013 0.006 0.016 0.098 0.777 
 158 H _   0.016 0.054 0.001 0.011 0.005 0.014 0.099 0.801 
 159 D _   0.013 0.043 0.001 0.010 0.004 0.012 0.100 0.818 
 160 K _   0.011 0.035 0.000 0.008 0.003 0.010 0.100 0.831 
 161 K _   0.010 0.030 0.000 0.007 0.003 0.009 0.100 0.841 
 162 V _   0.009 0.026 0.000 0.007 0.003 0.008 0.099 0.848 
 163 I _   0.008 0.023 0.000 0.006 0.002 0.008 0.098 0.854 
 164 H _   0.007 0.022 0.000 0.005 0.002 0.007 0.097 0.859 
 165 R _   0.006 0.022 0.000 0.005 0.002 0.008 0.095 0.862 
 166 D _   0.006 0.022 0.000 0.005 0.002 0.008 0.093 0.863 
 167 I _   0.006 0.025 0.000 0.006 0.002 0.009 0.090 0.861 
 168 K _   0.007 0.029 0.000 0.007 0.003 0.010 0.087 0.856 
 169 P _   0.008 0.037 0.001 0.009 0.004 0.013 0.084 0.845 
 170 E _   0.009 0.051 0.001 0.013 0.006 0.015 0.079 0.826 
 171 N _   0.010 0.073 0.001 0.017 0.008 0.017 0.074 0.799 
 172 L _   0.011 0.099 0.001 0.023 0.010 0.020 0.069 0.767 
 173 L _   0.012 0.126 0.001 0.028 0.012 0.021 0.064 0.736 
 174 L _   0.012 0.149 0.001 0.033 0.013 0.022 0.059 0.710 
 175 G _   0.012 0.165 0.001 0.036 0.014 0.023 0.056 0.693 
 176 F _   0.013 0.176 0.001 0.037 0.014 0.023 0.052 0.684 
 177 R _   0.013 0.182 0.001 0.036 0.014 0.023 0.050 0.681 
 178 G _   0.013 0.185 0.001 0.035 0.014 0.023 0.048 0.682 
 179 E _   0.014 0.184 0.001 0.032 0.013 0.022 0.046 0.687 
 180 V _   0.014 0.182 0.001 0.029 0.012 0.022 0.045 0.695 
 181 K _   0.015 0.177 0.001 0.026 0.012 0.021 0.044 0.705 
 182 I _   0.015 0.171 0.001 0.024 0.011 0.020 0.043 0.715 
 183 A _   0.015 0.163 0.001 0.022 0.010 0.019 0.042 0.727 
 184 D _   0.015 0.154 0.001 0.020 0.009 0.019 0.042 0.740 
 185 F _   0.015 0.145 0.001 0.018 0.008 0.018 0.041 0.754 
 186 G _   0.014 0.135 0.001 0.016 0.008 0.017 0.041 0.769 
 187 W _   0.013 0.124 0.001 0.014 0.007 0.016 0.040 0.784 
 188 S _   0.013 0.114 0.001 0.013 0.006 0.015 0.040 0.798 
 189 V _   0.012 0.106 0.001 0.011 0.006 0.015 0.039 0.810 
 190 H _   0.011 0.101 0.001 0.010 0.005 0.015 0.039 0.819 
 191 T _   0.011 0.097 0.001 0.010 0.005 0.015 0.038 0.824 
 192 P _   0.011 0.095 0.001 0.010 0.005 0.015 0.037 0.826 
 193 S _   0.011 0.095 0.001 0.012 0.006 0.016 0.036 0.823 
 194 L _   0.012 0.097 0.001 0.014 0.007 0.017 0.035 0.818 
 195 R _   0.012 0.099 0.001 0.017 0.008 0.017 0.034 0.811 
 196 R _   0.013 0.102 0.001 0.021 0.009 0.018 0.033 0.805 
 197 K _   0.013 0.103 0.001 0.024 0.010 0.018 0.032 0.800 
 198 T _   0.012 0.102 0.001 0.026 0.010 0.017 0.031 0.800 
 199 M _   0.012 0.100 0.001 0.027 0.010 0.017 0.030 0.803 
 200 C _   0.012 0.095 0.001 0.026 0.009 0.016 0.030 0.812 
 201 G _   0.011 0.087 0.001 0.023 0.008 0.015 0.030 0.825 
 202 T _   0.011 0.078 0.001 0.020 0.008 0.014 0.029 0.840 
 203 L _   0.010 0.066 0.001 0.017 0.007 0.013 0.029 0.857 
 204 D _   0.010 0.056 0.001 0.015 0.006 0.012 0.029 0.872 
 205 Y _   0.010 0.046 0.001 0.013 0.005 0.012 0.029 0.885 
 206 L _   0.009 0.038 0.001 0.012 0.005 0.012 0.029 0.894 
 207 P _   0.009 0.033 0.001 0.012 0.005 0.011 0.028 0.901 
 208 P _   0.010 0.028 0.001 0.013 0.005 0.011 0.028 0.905 
 209 E _   0.010 0.024 0.001 0.013 0.005 0.011 0.028 0.909 
 210 M _   0.011 0.020 0.001 0.013 0.005 0.011 0.027 0.912 
 211 I _   0.012 0.016 0.001 0.013 0.005 0.011 0.026 0.916 
 212 E _   0.014 0.012 0.001 0.011 0.004 0.010 0.026 0.922 
 213 G _   0.017 0.008 0.001 0.009 0.004 0.009 0.025 0.928 
 214 R _   0.022 0.004 0.000 0.007 0.003 0.009 0.024 0.931 
 215 T _   0.031 0.002 0.000 0.004 0.003 0.009 0.023 0.929 
 216 Y _   0.047 0.001 0.000 0.003 0.003 0.009 0.021 0.917 
 217 D _   0.075 0.000 0.000 0.002 0.003 0.009 0.019 0.892 
 218 E _   0.124 0.000 0.001 0.001 0.004 0.010 0.017 0.843 
 219 K _   0.202 0.000 0.001 0.001 0.005 0.012 0.014 0.764 
 220 V _   0.311 0.000 0.001 0.001 0.007 0.014 0.011 0.654 
 221 D _   0.444 0.000 0.001 0.001 0.010 0.016 0.009 0.519 
 222 L H   0.576 0.000 0.001 0.001 0.014 0.017 0.007 0.384 
 223 W H   0.686 0.000 0.001 0.001 0.018 0.017 0.005 0.272 
 224 C H   0.767 0.000 0.001 0.001 0.020 0.017 0.004 0.189 
 225 I H   0.821 0.000 0.001 0.001 0.022 0.015 0.004 0.136 
 226 G H   0.853 0.000 0.001 0.001 0.023 0.014 0.004 0.104 
 227 V H   0.870 0.000 0.001 0.001 0.024 0.013 0.004 0.087 
 228 L H   0.874 0.000 0.001 0.001 0.024 0.012 0.004 0.083 
 229 C H   0.868 0.000 0.001 0.001 0.025 0.012 0.005 0.088 
 230 Y H   0.848 0.000 0.001 0.001 0.026 0.012 0.006 0.106 
 231 E H   0.811 0.000 0.002 0.002 0.026 0.012 0.008 0.139 
 232 L H   0.751 0.000 0.002 0.002 0.025 0.013 0.012 0.195 
 233 L H   0.667 0.000 0.002 0.003 0.023 0.013 0.017 0.274 
 234 V H   0.563 0.000 0.002 0.004 0.019 0.013 0.025 0.374 
 235 G _   0.445 0.000 0.002 0.004 0.015 0.013 0.034 0.487 
 236 Y _   0.331 0.000 0.001 0.004 0.011 0.012 0.044 0.596 
 237 P _   0.232 0.000 0.001 0.004 0.008 0.011 0.053 0.691 
 238 P _   0.153 0.000 0.001 0.004 0.005 0.010 0.060 0.767 
 239 F _   0.097 0.000 0.001 0.003 0.004 0.008 0.067 0.820 
 240 E _   0.059 0.000 0.000 0.003 0.003 0.008 0.071 0.856 
 241 S _   0.036 0.000 0.000 0.002 0.002 0.007 0.075 0.877 
 242 A _   0.023 0.000 0.000 0.002 0.002 0.007 0.077 0.888 
 243 S _   0.017 0.000 0.000 0.003 0.002 0.008 0.079 0.891 
 244 H _   0.014 0.001 0.000 0.003 0.002 0.009 0.081 0.889 
 245 S _   0.013 0.003 0.000 0.005 0.003 0.012 0.082 0.882 
 246 E _   0.014 0.006 0.001 0.008 0.005 0.014 0.083 0.870 
 247 T _   0.015 0.011 0.001 0.012 0.007 0.017 0.084 0.854 
 248 Y _   0.016 0.018 0.001 0.017 0.009 0.020 0.085 0.834 
 249 R _   0.017 0.026 0.001 0.022 0.011 0.023 0.085 0.815 
 250 R _   0.017 0.032 0.001 0.026 0.013 0.024 0.087 0.800 
 251 I _   0.018 0.036 0.001 0.028 0.014 0.025 0.088 0.789 
 252 L _   0.018 0.039 0.001 0.028 0.014 0.026 0.090 0.784 
 253 K _   0.018 0.040 0.001 0.026 0.014 0.026 0.092 0.782 
 254 V _   0.019 0.040 0.001 0.024 0.013 0.026 0.095 0.783 
 255 D _   0.019 0.039 0.001 0.021 0.012 0.025 0.098 0.784 
 256 V _   0.020 0.037 0.001 0.018 0.012 0.025 0.101 0.786 
 257 R _   0.020 0.036 0.001 0.016 0.011 0.024 0.105 0.788 
 258 F _   0.020 0.034 0.001 0.014 0.010 0.024 0.108 0.789 
 259 P _   0.021 0.033 0.001 0.013 0.009 0.023 0.112 0.788 
 260 L _   0.021 0.031 0.001 0.013 0.009 0.023 0.116 0.787 
 261 S _   0.020 0.031 0.001 0.012 0.009 0.022 0.120 0.785 
 262 M _   0.020 0.030 0.001 0.012 0.008 0.022 0.124 0.783 
 263 P _   0.020 0.030 0.001 0.012 0.008 0.022 0.127 0.779 
 264 L _   0.020 0.030 0.001 0.012 0.009 0.022 0.131 0.775 
 265 G _   0.020 0.031 0.001 0.012 0.009 0.022 0.135 0.770 
 266 A _   0.020 0.031 0.001 0.013 0.009 0.022 0.140 0.764 
 267 R _   0.020 0.032 0.001 0.014 0.009 0.021 0.144 0.758 
 268 D _   0.020 0.033 0.001 0.016 0.010 0.021 0.148 0.751 
 269 L _   0.020 0.034 0.001 0.017 0.010 0.021 0.153 0.744 
 270 I _   0.020 0.034 0.001 0.018 0.010 0.020 0.159 0.738 
 271 S _   0.019 0.034 0.001 0.018 0.010 0.019 0.164 0.734 
 272 R _   0.018 0.033 0.001 0.018 0.009 0.018 0.171 0.732 
 273 L _   0.017 0.031 0.001 0.016 0.008 0.017 0.177 0.733 
 274 L _   0.015 0.029 0.001 0.014 0.007 0.015 0.184 0.735 
 275 R _   0.014 0.026 0.001 0.012 0.006 0.014 0.190 0.737 
 276 Y _   0.012 0.024 0.001 0.009 0.005 0.013 0.196 0.739 
 277 Q _   0.011 0.022 0.001 0.008 0.004 0.013 0.202 0.739 
 278 P _   0.011 0.022 0.000 0.006 0.004 0.012 0.207 0.737 
 279 L _   0.011 0.022 0.000 0.006 0.004 0.013 0.212 0.731 
 280 E _   0.011 0.024 0.000 0.007 0.004 0.013 0.217 0.722 
 281 R _   0.012 0.028 0.001 0.009 0.005 0.014 0.222 0.710 
 282 L _   0.012 0.033 0.001 0.011 0.006 0.015 0.227 0.695 
 283 P _   0.013 0.040 0.001 0.014 0.007 0.016 0.232 0.679 
 284 L _   0.013 0.048 0.001 0.017 0.008 0.017 0.237 0.661 
 285 A _   0.013 0.055 0.001 0.019 0.009 0.017 0.242 0.644 
 286 Q _   0.013 0.061 0.001 0.020 0.009 0.017 0.248 0.630 
 287 I _   0.013 0.065 0.001 0.021 0.009 0.017 0.255 0.619 
 288 L _   0.012 0.068 0.001 0.020 0.009 0.017 0.263 0.611 
 289 K _   0.012 0.069 0.001 0.019 0.008 0.017 0.271 0.603 
 290 H _   0.012 0.070 0.001 0.017 0.008 0.017 0.279 0.597 
 291 P _   0.012 0.070 0.001 0.015 0.007 0.016 0.288 0.590 
 292 W _   0.012 0.071 0.001 0.013 0.007 0.016 0.298 0.583 
 293 V _   0.012 0.072 0.001 0.012 0.006 0.016 0.307 0.575 
 294 Q _   0.012 0.073 0.001 0.012 0.006 0.016 0.316 0.564 
 295 A _   0.012 0.075 0.001 0.013 0.006 0.016 0.325 0.552 
 296 H _   0.012 0.079 0.001 0.014 0.007 0.017 0.334 0.537 
 297 S _   0.012 0.084 0.001 0.016 0.007 0.017 0.343 0.520 
 298 R _   0.013 0.089 0.001 0.019 0.008 0.018 0.353 0.500 
 299 R _   0.013 0.095 0.001 0.022 0.009 0.018 0.362 0.480 
 300 V _   0.012 0.100 0.001 0.026 0.009 0.017 0.373 0.462 
 301 L _   0.011 0.105 0.001 0.029 0.009 0.016 0.383 0.446 
 302 P _   0.009 0.107 0.001 0.031 0.009 0.014 0.395 0.435 
 303 P _   0.007 0.107 0.001 0.031 0.008 0.012 0.408 0.427 
 304 C _   0.005 0.105 0.001 0.028 0.006 0.009 0.422 0.424 
 305 A X   0.003 0.099 0.001 0.023 0.004 0.005 0.438 0.428 
 306 Q X   0.001 0.087 0.000 0.015 0.001 0.002 0.452 0.441 
 307 M X   0.000 0.074 0.000 0.010 0.000 0.001 0.458 0.457 
 308 A _   0.000 0.065 0.000 0.009 0.000 0.001 0.458 0.466 
 309 S _   0.003 0.061 0.001 0.016 0.003 0.003 0.449 0.463 
