#TopoPred_TM8: 8-state transmembrane topology prediction results by no_profile mode 
#probabilities are in the order of H E C I L F X _, the 8 transmembrane topology types used in PDBTM 
   1 M X   0.005 0.000 0.002 0.031 0.006 0.005 0.921 0.030 
   2 R X   0.002 0.000 0.000 0.015 0.001 0.002 0.949 0.032 
   3 H X   0.000 0.000 0.000 0.007 0.000 0.001 0.958 0.033 
   4 S X   0.000 0.000 0.000 0.004 0.000 0.001 0.960 0.034 
   5 K X   0.000 0.000 0.000 0.003 0.000 0.001 0.960 0.035 
   6 R X   0.000 0.000 0.000 0.002 0.000 0.001 0.960 0.037 
   7 T X   0.000 0.000 0.000 0.002 0.000 0.001 0.958 0.038 
   8 H X   0.000 0.000 0.000 0.002 0.000 0.001 0.956 0.040 
   9 C X   0.001 0.000 0.000 0.002 0.000 0.001 0.954 0.042 
  10 P X   0.001 0.000 0.000 0.002 0.000 0.001 0.950 0.045 
  11 D X   0.001 0.000 0.000 0.002 0.000 0.001 0.947 0.049 
  12 W X   0.001 0.001 0.000 0.002 0.001 0.001 0.942 0.052 
  13 D X   0.001 0.001 0.000 0.002 0.001 0.002 0.938 0.056 
  14 S X   0.001 0.001 0.000 0.003 0.001 0.002 0.933 0.059 
  15 R X   0.001 0.001 0.000 0.003 0.001 0.002 0.929 0.063 
  16 E X   0.001 0.002 0.000 0.004 0.001 0.002 0.924 0.066 
  17 S X   0.001 0.002 0.000 0.005 0.001 0.003 0.919 0.069 
  18 W X   0.001 0.003 0.000 0.006 0.001 0.003 0.914 0.072 
  19 G X   0.001 0.003 0.000 0.007 0.001 0.003 0.910 0.075 
  20 H X   0.001 0.003 0.000 0.007 0.001 0.003 0.906 0.078 
  21 E X   0.001 0.004 0.000 0.007 0.001 0.003 0.903 0.081 
  22 S X   0.001 0.004 0.000 0.006 0.001 0.003 0.900 0.085 
  23 Y X   0.001 0.003 0.000 0.006 0.001 0.003 0.898 0.088 
  24 R X   0.001 0.003 0.000 0.005 0.001 0.002 0.896 0.091 
  25 G X   0.001 0.003 0.000 0.004 0.001 0.002 0.894 0.095 
  26 S X   0.001 0.002 0.000 0.003 0.001 0.002 0.893 0.097 
  27 H X   0.001 0.002 0.000 0.003 0.001 0.002 0.891 0.100 
  28 K X   0.001 0.002 0.000 0.003 0.001 0.002 0.890 0.102 
  29 R X   0.001 0.002 0.000 0.002 0.001 0.002 0.888 0.104 
  30 K X   0.001 0.001 0.000 0.002 0.001 0.002 0.886 0.106 
  31 R X   0.001 0.001 0.000 0.002 0.001 0.002 0.884 0.109 
  32 R X   0.001 0.001 0.000 0.003 0.001 0.002 0.882 0.111 
  33 S X   0.001 0.001 0.000 0.003 0.001 0.002 0.879 0.113 
  34 H X   0.001 0.001 0.000 0.003 0.001 0.002 0.876 0.116 
  35 S X   0.001 0.001 0.000 0.003 0.001 0.002 0.873 0.119 
  36 S X   0.001 0.001 0.000 0.003 0.001 0.002 0.870 0.123 
  37 T X   0.001 0.001 0.000 0.003 0.001 0.002 0.867 0.126 
  38 Q X   0.001 0.001 0.000 0.002 0.001 0.002 0.863 0.130 
  39 E X   0.001 0.001 0.000 0.002 0.001 0.002 0.858 0.134 
  40 N X   0.001 0.001 0.000 0.003 0.001 0.002 0.854 0.139 
  41 R X   0.001 0.001 0.000 0.003 0.001 0.002 0.849 0.143 
  42 H X   0.001 0.001 0.000 0.003 0.001 0.002 0.843 0.148 
  43 C X   0.001 0.002 0.000 0.003 0.001 0.002 0.837 0.153 
  44 K X   0.001 0.002 0.000 0.004 0.001 0.003 0.831 0.158 
  45 P X   0.001 0.002 0.000 0.004 0.001 0.003 0.824 0.164 
  46 H X   0.001 0.003 0.000 0.004 0.001 0.003 0.817 0.170 
  47 H X   0.002 0.003 0.000 0.005 0.001 0.003 0.810 0.177 
  48 Q X   0.002 0.004 0.000 0.005 0.001 0.003 0.802 0.184 
  49 F X   0.002 0.004 0.000 0.005 0.001 0.003 0.793 0.191 
  50 K X   0.002 0.005 0.000 0.005 0.001 0.004 0.785 0.198 
  51 E X   0.002 0.006 0.000 0.006 0.002 0.004 0.776 0.205 
  52 S X   0.002 0.008 0.000 0.007 0.002 0.004 0.766 0.212 
  53 D X   0.002 0.009 0.000 0.008 0.002 0.005 0.757 0.218 
  54 C X   0.002 0.011 0.000 0.010 0.002 0.005 0.747 0.223 
  55 H X   0.002 0.013 0.000 0.012 0.003 0.005 0.737 0.227 
  56 Y X   0.002 0.015 0.000 0.013 0.003 0.006 0.728 0.232 
  57 L X   0.002 0.016 0.000 0.015 0.003 0.006 0.720 0.237 
  58 E X   0.002 0.017 0.000 0.016 0.003 0.006 0.713 0.242 
  59 A X   0.003 0.018 0.000 0.016 0.003 0.006 0.707 0.247 
  60 R X   0.003 0.018 0.000 0.014 0.003 0.006 0.703 0.254 
  61 S X   0.003 0.017 0.000 0.013 0.003 0.005 0.699 0.261 
  62 L X   0.003 0.015 0.000 0.011 0.002 0.005 0.695 0.269 
  63 N X   0.003 0.014 0.000 0.008 0.002 0.004 0.692 0.276 
  64 E X   0.002 0.012 0.000 0.007 0.002 0.004 0.690 0.284 
  65 R X   0.002 0.010 0.000 0.005 0.001 0.004 0.687 0.290 
  66 D X   0.002 0.009 0.000 0.004 0.001 0.003 0.684 0.295 
  67 Y X   0.002 0.009 0.000 0.004 0.001 0.003 0.681 0.300 
  68 R X   0.002 0.008 0.000 0.004 0.001 0.003 0.677 0.304 
  69 D X   0.002 0.008 0.000 0.004 0.001 0.003 0.673 0.308 
  70 R X   0.003 0.008 0.000 0.005 0.001 0.004 0.668 0.311 
  71 R X   0.003 0.009 0.000 0.005 0.001 0.004 0.663 0.315 
  72 Y X   0.003 0.010 0.000 0.006 0.002 0.004 0.657 0.320 
  73 V X   0.003 0.010 0.000 0.006 0.002 0.004 0.651 0.324 
  74 D X   0.003 0.011 0.000 0.006 0.002 0.004 0.644 0.330 
  75 E X   0.003 0.013 0.000 0.006 0.002 0.004 0.636 0.336 
  76 Y X   0.002 0.014 0.000 0.006 0.002 0.004 0.628 0.343 
  77 R X   0.002 0.016 0.000 0.006 0.002 0.005 0.620 0.349 
  78 N X   0.002 0.018 0.000 0.007 0.002 0.005 0.612 0.354 
  79 D X   0.003 0.021 0.000 0.008 0.002 0.006 0.603 0.358 
  80 Y X   0.003 0.026 0.000 0.009 0.003 0.006 0.593 0.360 
  81 C X   0.003 0.032 0.000 0.011 0.003 0.007 0.583 0.361 
  82 E X   0.003 0.039 0.001 0.013 0.004 0.007 0.573 0.360 
  83 G X   0.003 0.047 0.001 0.015 0.004 0.008 0.562 0.359 
  84 Y X   0.004 0.055 0.001 0.017 0.005 0.008 0.553 0.359 
  85 V X   0.004 0.061 0.001 0.018 0.005 0.008 0.545 0.360 
  86 P X   0.003 0.066 0.001 0.018 0.004 0.008 0.537 0.363 
  87 R X   0.003 0.069 0.000 0.016 0.004 0.008 0.531 0.368 
  88 H X   0.003 0.071 0.000 0.015 0.004 0.007 0.526 0.374 
  89 Y X   0.003 0.072 0.000 0.013 0.003 0.007 0.521 0.380 
  90 H X   0.003 0.074 0.000 0.011 0.003 0.007 0.517 0.385 
  91 R X   0.003 0.075 0.000 0.010 0.003 0.007 0.513 0.389 
  92 D X   0.003 0.077 0.000 0.009 0.003 0.007 0.509 0.391 
  93 I X   0.003 0.080 0.000 0.009 0.003 0.007 0.505 0.391 
  94 E X   0.004 0.085 0.000 0.010 0.003 0.008 0.501 0.389 
  95 S X   0.004 0.090 0.000 0.012 0.004 0.008 0.497 0.385 
  96 G X   0.004 0.097 0.001 0.014 0.004 0.009 0.492 0.379 
  97 Y X   0.004 0.104 0.001 0.017 0.005 0.009 0.488 0.372 
  98 R X   0.004 0.110 0.001 0.020 0.006 0.010 0.484 0.366 
  99 I X   0.004 0.114 0.001 0.022 0.006 0.010 0.481 0.361 
 100 H X   0.005 0.117 0.001 0.024 0.006 0.010 0.480 0.357 
 101 C X   0.005 0.118 0.001 0.025 0.006 0.010 0.479 0.356 
 102 S X   0.005 0.117 0.001 0.026 0.006 0.010 0.479 0.356 
 103 K X   0.005 0.114 0.001 0.025 0.006 0.010 0.481 0.359 
 104 S X   0.005 0.108 0.001 0.024 0.006 0.009 0.483 0.364 
 105 S X   0.005 0.100 0.001 0.022 0.005 0.009 0.487 0.371 
 106 V X   0.005 0.089 0.001 0.019 0.005 0.008 0.492 0.381 
 107 R X   0.005 0.076 0.001 0.016 0.004 0.007 0.498 0.393 
 108 S X   0.005 0.061 0.000 0.013 0.003 0.007 0.504 0.406 
 109 R X   0.005 0.046 0.000 0.011 0.003 0.006 0.510 0.419 
 110 R X   0.005 0.034 0.000 0.009 0.002 0.006 0.515 0.430 
 111 S X   0.004 0.023 0.000 0.007 0.002 0.005 0.519 0.439 
 112 S X   0.004 0.016 0.000 0.005 0.002 0.004 0.523 0.446 
 113 P X   0.004 0.012 0.000 0.004 0.001 0.004 0.525 0.450 
 114 K X   0.003 0.009 0.000 0.004 0.001 0.004 0.526 0.453 
 115 R X   0.003 0.007 0.000 0.004 0.001 0.004 0.527 0.454 
 116 K X   0.003 0.006 0.000 0.004 0.001 0.004 0.526 0.455 
 117 R X   0.003 0.006 0.000 0.005 0.001 0.004 0.525 0.456 
 118 N X   0.003 0.005 0.000 0.005 0.001 0.004 0.524 0.456 
 119 R X   0.003 0.005 0.000 0.006 0.002 0.005 0.522 0.457 
 120 H X   0.003 0.005 0.000 0.007 0.002 0.005 0.520 0.458 
 121 C X   0.003 0.005 0.000 0.008 0.002 0.005 0.517 0.460 
 122 S X   0.003 0.005 0.000 0.008 0.002 0.005 0.515 0.462 
 123 S X   0.003 0.005 0.000 0.008 0.002 0.005 0.512 0.466 
 124 H X   0.003 0.004 0.000 0.007 0.002 0.005 0.509 0.470 
 125 Q X   0.003 0.004 0.000 0.007 0.002 0.005 0.505 0.474 
 126 S X   0.003 0.004 0.000 0.007 0.002 0.005 0.501 0.478 
 127 R X   0.003 0.004 0.000 0.007 0.002 0.005 0.497 0.482 
 128 S X   0.003 0.004 0.000 0.007 0.002 0.005 0.493 0.486 
 129 K _   0.003 0.004 0.000 0.008 0.002 0.005 0.488 0.490 
 130 S _   0.003 0.004 0.000 0.008 0.002 0.005 0.483 0.494 
 131 H _   0.003 0.004 0.000 0.009 0.002 0.006 0.478 0.498 
 132 R _   0.004 0.004 0.000 0.010 0.002 0.006 0.473 0.502 
 133 R _   0.004 0.004 0.000 0.010 0.002 0.006 0.467 0.507 
 134 K _   0.004 0.004 0.000 0.009 0.002 0.005 0.462 0.513 
 135 R _   0.003 0.004 0.000 0.009 0.002 0.005 0.456 0.520 
 136 S _   0.003 0.003 0.000 0.008 0.002 0.005 0.451 0.528 
 137 R _   0.003 0.003 0.000 0.006 0.002 0.005 0.444 0.537 
 138 S _   0.003 0.003 0.000 0.005 0.002 0.004 0.437 0.546 
 139 I _   0.003 0.002 0.000 0.005 0.001 0.005 0.429 0.555 
 140 E _   0.003 0.003 0.000 0.004 0.001 0.005 0.420 0.563 
 141 D _   0.003 0.003 0.000 0.004 0.002 0.006 0.410 0.571 
 142 D _   0.004 0.004 0.000 0.005 0.002 0.007 0.399 0.579 
 143 E _   0.004 0.006 0.000 0.007 0.003 0.009 0.386 0.585 
 144 E _   0.005 0.009 0.000 0.010 0.004 0.011 0.372 0.588 
 145 G _   0.006 0.014 0.001 0.013 0.005 0.014 0.356 0.590 
 146 H _   0.007 0.021 0.001 0.018 0.007 0.017 0.339 0.589 
 147 L _   0.008 0.028 0.001 0.023 0.009 0.020 0.321 0.588 
 148 I _   0.010 0.035 0.001 0.027 0.011 0.023 0.305 0.588 
 149 C _   0.011 0.041 0.001 0.031 0.013 0.025 0.289 0.589 
 150 Q _   0.012 0.045 0.001 0.033 0.014 0.027 0.275 0.592 
 151 S _   0.013 0.048 0.001 0.033 0.016 0.029 0.262 0.597 
 152 G _   0.015 0.049 0.001 0.033 0.017 0.030 0.251 0.604 
 153 D _   0.017 0.050 0.001 0.032 0.017 0.030 0.241 0.612 
 154 V _   0.018 0.049 0.001 0.031 0.017 0.030 0.232 0.621 
 155 L _   0.020 0.047 0.001 0.030 0.017 0.030 0.224 0.632 
 156 R _   0.020 0.044 0.001 0.027 0.016 0.029 0.217 0.645 
 157 A _   0.021 0.040 0.001 0.025 0.015 0.028 0.211 0.660 
 158 R _   0.020 0.034 0.001 0.021 0.013 0.026 0.206 0.678 
 159 Y _   0.020 0.029 0.001 0.018 0.011 0.024 0.201 0.696 
 160 E _   0.019 0.023 0.001 0.015 0.009 0.022 0.197 0.714 
 161 I _   0.018 0.018 0.001 0.012 0.008 0.021 0.192 0.730 
 162 V _   0.018 0.014 0.001 0.010 0.007 0.019 0.188 0.743 
 163 D _   0.017 0.011 0.001 0.008 0.006 0.018 0.184 0.754 
 164 T _   0.017 0.009 0.001 0.008 0.006 0.018 0.179 0.762 
 165 L _   0.017 0.008 0.001 0.007 0.006 0.018 0.175 0.768 
 166 G _   0.017 0.007 0.001 0.008 0.006 0.018 0.171 0.772 
 167 E _   0.017 0.007 0.001 0.009 0.007 0.019 0.166 0.774 
 168 G _   0.018 0.007 0.001 0.010 0.008 0.020 0.162 0.775 
 169 A _   0.018 0.008 0.001 0.012 0.009 0.020 0.157 0.775 
 170 F _   0.019 0.008 0.001 0.014 0.009 0.021 0.153 0.776 
 171 G _   0.019 0.008 0.001 0.015 0.010 0.021 0.149 0.777 
 172 K _   0.019 0.009 0.001 0.016 0.010 0.020 0.145 0.780 
 173 V _   0.018 0.008 0.001 0.016 0.010 0.020 0.142 0.785 
 174 V _   0.017 0.008 0.001 0.015 0.009 0.019 0.139 0.793 
 175 E _   0.016 0.007 0.001 0.014 0.008 0.018 0.136 0.801 
 176 C _   0.015 0.006 0.001 0.011 0.007 0.017 0.133 0.811 
 177 I _   0.015 0.005 0.001 0.009 0.006 0.016 0.130 0.819 
 178 D _   0.015 0.004 0.001 0.007 0.005 0.016 0.127 0.826 
 179 H _   0.015 0.003 0.001 0.006 0.005 0.016 0.124 0.830 
 180 G _   0.016 0.003 0.001 0.006 0.005 0.017 0.121 0.832 
 181 M _   0.018 0.003 0.001 0.006 0.006 0.019 0.118 0.830 
 182 D _   0.020 0.004 0.001 0.007 0.007 0.021 0.115 0.826 
 183 G _   0.023 0.006 0.001 0.009 0.009 0.023 0.111 0.819 
 184 M _   0.025 0.009 0.001 0.012 0.011 0.025 0.108 0.809 
 185 H _   0.027 0.013 0.001 0.015 0.013 0.027 0.105 0.799 
 186 V _   0.028 0.016 0.001 0.019 0.015 0.028 0.102 0.790 
 187 A _   0.029 0.020 0.001 0.022 0.016 0.029 0.099 0.785 
 188 V _   0.029 0.022 0.001 0.024 0.016 0.029 0.096 0.783 
 189 K _   0.028 0.023 0.001 0.023 0.015 0.028 0.094 0.786 
 190 I _   0.027 0.024 0.001 0.022 0.014 0.027 0.092 0.793 
 191 V _   0.026 0.023 0.001 0.019 0.013 0.026 0.091 0.801 
 192 K _   0.024 0.022 0.001 0.017 0.011 0.025 0.089 0.811 
 193 N _   0.022 0.021 0.001 0.014 0.009 0.023 0.088 0.821 
 194 V _   0.021 0.020 0.001 0.012 0.008 0.022 0.087 0.830 
 195 G _   0.020 0.019 0.001 0.010 0.007 0.022 0.085 0.836 
 196 R _   0.020 0.019 0.001 0.009 0.007 0.021 0.084 0.840 
 197 Y _   0.019 0.019 0.001 0.008 0.007 0.022 0.083 0.841 
 198 R _   0.020 0.021 0.001 0.009 0.007 0.022 0.081 0.839 
 199 E _   0.020 0.024 0.001 0.011 0.008 0.023 0.079 0.834 
 200 A _   0.020 0.030 0.001 0.014 0.010 0.025 0.077 0.824 
 201 A _   0.021 0.037 0.001 0.019 0.012 0.026 0.075 0.810 
 202 R _   0.021 0.046 0.001 0.026 0.014 0.026 0.073 0.793 
 203 S _   0.021 0.054 0.001 0.033 0.016 0.027 0.072 0.776 
 204 E _   0.021 0.061 0.001 0.041 0.017 0.026 0.070 0.762 
 205 I _   0.021 0.064 0.001 0.045 0.017 0.025 0.070 0.757 
 206 Q _   0.020 0.064 0.001 0.046 0.016 0.023 0.069 0.760 
 207 V _   0.018 0.061 0.001 0.043 0.014 0.021 0.070 0.772 
 208 L _   0.017 0.054 0.001 0.036 0.011 0.018 0.070 0.793 
 209 E _   0.015 0.042 0.001 0.027 0.008 0.016 0.071 0.821 
 210 H _   0.013 0.027 0.001 0.017 0.006 0.013 0.072 0.852 
 211 L _   0.012 0.013 0.001 0.010 0.004 0.011 0.072 0.878 
 212 N _   0.011 0.005 0.000 0.005 0.002 0.010 0.072 0.896 
 213 S _   0.011 0.001 0.000 0.002 0.002 0.009 0.071 0.904 
 214 T _   0.013 0.000 0.000 0.001 0.001 0.010 0.070 0.904 
 215 D _   0.019 0.000 0.000 0.001 0.002 0.014 0.068 0.896 
 216 P _   0.032 0.000 0.000 0.002 0.004 0.020 0.066 0.876 
 217 N _   0.053 0.001 0.001 0.003 0.008 0.031 0.063 0.840 
 218 S _   0.081 0.005 0.001 0.007 0.018 0.044 0.059 0.785 
 219 V _   0.110 0.018 0.002 0.017 0.033 0.058 0.054 0.708 
 220 F _   0.133 0.040 0.003 0.032 0.049 0.069 0.049 0.624 
 221 R _   0.149 0.062 0.003 0.049 0.060 0.075 0.046 0.556 
 222 C _   0.159 0.075 0.003 0.063 0.065 0.076 0.043 0.516 
 223 V _   0.165 0.081 0.003 0.070 0.065 0.074 0.041 0.501 
 224 Q _   0.168 0.081 0.003 0.068 0.062 0.070 0.040 0.508 
 225 M _   0.170 0.074 0.003 0.059 0.055 0.064 0.039 0.536 
 226 L _   0.171 0.059 0.003 0.043 0.044 0.056 0.038 0.585 
 227 E _   0.172 0.036 0.003 0.026 0.032 0.048 0.038 0.646 
 228 W _   0.171 0.014 0.002 0.012 0.020 0.041 0.038 0.703 
 229 F _   0.171 0.003 0.001 0.004 0.011 0.034 0.037 0.739 
 230 D _   0.174 0.000 0.001 0.002 0.007 0.030 0.036 0.750 
 231 H _   0.189 0.000 0.000 0.001 0.005 0.028 0.035 0.742 
 232 H _   0.219 0.000 0.001 0.001 0.006 0.029 0.034 0.712 
 233 G _   0.265 0.000 0.001 0.001 0.009 0.031 0.033 0.660 
 234 H _   0.326 0.000 0.001 0.002 0.014 0.036 0.031 0.590 
 235 V _   0.387 0.000 0.001 0.003 0.023 0.040 0.031 0.515 
 236 C _   0.439 0.001 0.002 0.005 0.033 0.044 0.030 0.446 
 237 I H   0.474 0.003 0.002 0.008 0.042 0.047 0.030 0.394 
 238 V H   0.493 0.005 0.002 0.012 0.048 0.047 0.031 0.362 
 239 F H   0.495 0.007 0.003 0.015 0.052 0.047 0.032 0.350 
 240 E H   0.482 0.008 0.003 0.017 0.052 0.045 0.034 0.359 
 241 L H   0.454 0.008 0.003 0.017 0.050 0.042 0.037 0.389 
 242 L _   0.411 0.007 0.003 0.016 0.044 0.039 0.041 0.440 
 243 G _   0.354 0.005 0.002 0.013 0.035 0.035 0.045 0.511 
 244 L _   0.288 0.003 0.002 0.010 0.026 0.030 0.049 0.593 
 245 S _   0.221 0.002 0.001 0.007 0.017 0.025 0.053 0.674 
 246 T _   0.161 0.001 0.001 0.005 0.010 0.021 0.057 0.744 
 247 Y _   0.114 0.000 0.001 0.004 0.007 0.017 0.061 0.797 
 248 D _   0.079 0.000 0.001 0.003 0.005 0.015 0.063 0.835 
 249 F _   0.055 0.000 0.000 0.003 0.003 0.013 0.065 0.859 
 250 I _   0.041 0.000 0.000 0.003 0.003 0.013 0.067 0.873 
 251 K _   0.033 0.000 0.000 0.003 0.003 0.013 0.068 0.879 
 252 E _   0.028 0.000 0.000 0.003 0.003 0.015 0.069 0.881 
 253 N _   0.027 0.000 0.000 0.004 0.004 0.017 0.069 0.878 
 254 S _   0.028 0.001 0.001 0.005 0.005 0.019 0.070 0.872 
 255 F _   0.030 0.001 0.001 0.007 0.006 0.022 0.070 0.863 
 256 L _   0.034 0.001 0.001 0.008 0.008 0.026 0.071 0.853 
 257 P _   0.039 0.002 0.001 0.008 0.009 0.030 0.071 0.840 
 258 F _   0.045 0.002 0.001 0.009 0.011 0.034 0.071 0.827 
 259 Q _   0.053 0.002 0.001 0.009 0.013 0.038 0.072 0.811 
 260 I _   0.063 0.003 0.001 0.009 0.015 0.043 0.072 0.794 
 261 D _   0.074 0.004 0.001 0.009 0.018 0.047 0.072 0.774 
 262 H _   0.086 0.005 0.001 0.010 0.022 0.052 0.073 0.751 
 263 I _   0.099 0.007 0.002 0.011 0.026 0.056 0.074 0.725 
 264 R _   0.111 0.010 0.002 0.012 0.031 0.060 0.075 0.699 
 265 Q _   0.121 0.014 0.002 0.015 0.035 0.063 0.076 0.674 
 266 M _   0.128 0.019 0.002 0.017 0.039 0.064 0.078 0.652 
 267 A _   0.131 0.024 0.002 0.021 0.042 0.064 0.081 0.636 
 268 Y _   0.130 0.028 0.002 0.024 0.042 0.062 0.084 0.627 
 269 Q _   0.126 0.031 0.002 0.027 0.041 0.060 0.088 0.626 
 270 I _   0.118 0.034 0.002 0.029 0.039 0.056 0.092 0.631 
 271 C _   0.110 0.035 0.002 0.029 0.035 0.051 0.097 0.641 
 272 Q _   0.099 0.035 0.002 0.029 0.030 0.046 0.102 0.657 
 273 S _   0.086 0.033 0.002 0.028 0.025 0.041 0.108 0.677 
 274 I _   0.073 0.031 0.002 0.026 0.020 0.035 0.115 0.699 
 275 N _   0.060 0.027 0.001 0.023 0.015 0.030 0.121 0.722 
 276 F _   0.048 0.023 0.001 0.020 0.011 0.025 0.128 0.744 
 277 L _   0.037 0.018 0.001 0.017 0.008 0.020 0.134 0.765 
 278 H _   0.028 0.013 0.001 0.013 0.006 0.016 0.140 0.783 
 279 H _   0.021 0.009 0.001 0.010 0.004 0.013 0.144 0.797 
 280 N _   0.016 0.006 0.000 0.007 0.003 0.010 0.148 0.808 
 281 K _   0.012 0.004 0.000 0.006 0.002 0.008 0.151 0.816 
 282 L _   0.009 0.003 0.000 0.004 0.002 0.007 0.153 0.822 
 283 T _   0.007 0.002 0.000 0.003 0.001 0.006 0.155 0.825 
 284 H _   0.006 0.002 0.000 0.003 0.001 0.006 0.155 0.826 
 285 T _   0.006 0.002 0.000 0.003 0.001 0.006 0.155 0.826 
 286 D _   0.006 0.003 0.000 0.004 0.002 0.007 0.155 0.824 
 287 L _   0.006 0.005 0.000 0.005 0.002 0.008 0.154 0.819 
 288 K _   0.007 0.010 0.000 0.008 0.003 0.010 0.152 0.810 
 289 P _   0.008 0.018 0.001 0.012 0.005 0.012 0.150 0.795 
 290 E _   0.009 0.029 0.001 0.018 0.007 0.015 0.148 0.774 
 291 N _   0.010 0.043 0.001 0.025 0.008 0.017 0.145 0.752 
 292 I _   0.011 0.055 0.001 0.032 0.010 0.018 0.143 0.730 
 293 L _   0.011 0.065 0.001 0.037 0.011 0.019 0.141 0.714 
 294 F _   0.012 0.070 0.001 0.041 0.012 0.019 0.140 0.706 
 295 V _   0.012 0.073 0.001 0.041 0.012 0.018 0.140 0.703 
 296 K _   0.011 0.072 0.001 0.039 0.011 0.017 0.141 0.707 
 297 S _   0.011 0.069 0.001 0.035 0.010 0.016 0.142 0.716 
 298 D _   0.010 0.063 0.001 0.030 0.008 0.014 0.144 0.729 
 299 Y _   0.010 0.055 0.001 0.024 0.007 0.013 0.146 0.744 
 300 V _   0.010 0.046 0.001 0.019 0.005 0.011 0.149 0.759 
 301 V _   0.009 0.038 0.001 0.014 0.004 0.010 0.151 0.773 
 302 K _   0.008 0.030 0.000 0.011 0.003 0.009 0.153 0.786 
 303 Y _   0.008 0.024 0.000 0.009 0.003 0.008 0.154 0.795 
 304 N _   0.007 0.020 0.000 0.007 0.002 0.007 0.155 0.802 
 305 S _   0.006 0.017 0.000 0.006 0.002 0.006 0.155 0.807 
 306 K _   0.006 0.016 0.000 0.006 0.002 0.006 0.154 0.811 
 307 M _   0.005 0.015 0.000 0.005 0.002 0.006 0.153 0.813 
 308 K _   0.005 0.015 0.000 0.005 0.002 0.006 0.152 0.815 
 309 R _   0.005 0.016 0.000 0.006 0.002 0.006 0.150 0.816 
 310 D _   0.005 0.018 0.000 0.006 0.002 0.007 0.147 0.816 
 311 E _   0.005 0.021 0.000 0.007 0.002 0.007 0.144 0.814 
 312 R _   0.005 0.025 0.000 0.008 0.003 0.008 0.140 0.810 
 313 T _   0.005 0.032 0.000 0.010 0.003 0.009 0.135 0.804 
 314 L _   0.006 0.041 0.001 0.013 0.004 0.011 0.130 0.795 
 315 K _   0.006 0.053 0.001 0.016 0.005 0.013 0.125 0.781 
 316 N _   0.007 0.068 0.001 0.021 0.007 0.015 0.119 0.764 
 317 T _   0.008 0.085 0.001 0.027 0.008 0.016 0.113 0.741 
 318 D _   0.008 0.103 0.001 0.034 0.010 0.018 0.107 0.718 
 319 I _   0.009 0.120 0.001 0.043 0.012 0.019 0.102 0.695 
 320 K _   0.010 0.132 0.001 0.050 0.013 0.020 0.098 0.677 
 321 V _   0.010 0.139 0.001 0.055 0.014 0.020 0.094 0.666 
 322 V _   0.011 0.141 0.001 0.057 0.014 0.020 0.092 0.663 
 323 D _   0.011 0.139 0.001 0.055 0.013 0.019 0.091 0.671 
 324 F _   0.011 0.132 0.001 0.050 0.012 0.017 0.090 0.687 
 325 G _   0.011 0.118 0.001 0.042 0.010 0.016 0.090 0.714 
 326 S _   0.010 0.096 0.001 0.032 0.008 0.014 0.090 0.750 
 327 A _   0.009 0.070 0.001 0.022 0.006 0.012 0.090 0.790 
 328 T _   0.008 0.046 0.001 0.014 0.004 0.010 0.090 0.826 
 329 Y _   0.007 0.029 0.000 0.009 0.003 0.009 0.089 0.853 
 330 D _   0.006 0.019 0.000 0.006 0.002 0.008 0.088 0.870 
 331 D _   0.006 0.014 0.000 0.005 0.002 0.007 0.087 0.879 
 332 E _   0.005 0.012 0.000 0.005 0.002 0.008 0.085 0.883 
 333 H _   0.006 0.012 0.000 0.005 0.002 0.009 0.083 0.884 
 334 H _   0.006 0.012 0.000 0.007 0.003 0.010 0.080 0.882 
 335 S _   0.006 0.013 0.000 0.010 0.004 0.011 0.077 0.878 
 336 T _   0.007 0.015 0.001 0.013 0.005 0.013 0.073 0.874 
 337 L _   0.007 0.016 0.001 0.015 0.005 0.015 0.070 0.870 
 338 V _   0.008 0.018 0.001 0.017 0.006 0.017 0.066 0.868 
 339 S _   0.009 0.018 0.001 0.018 0.007 0.019 0.062 0.867 
 340 T _   0.010 0.019 0.001 0.017 0.007 0.021 0.058 0.867 
 341 R _   0.012 0.019 0.001 0.016 0.008 0.023 0.055 0.866 
 342 H _   0.015 0.018 0.001 0.015 0.009 0.027 0.052 0.863 
 343 Y _   0.019 0.019 0.001 0.015 0.011 0.030 0.048 0.857 
 344 R _   0.024 0.019 0.001 0.016 0.014 0.034 0.045 0.846 
 345 A _   0.032 0.020 0.001 0.018 0.017 0.039 0.042 0.831 
 346 P _   0.041 0.022 0.001 0.022 0.022 0.043 0.038 0.810 
 347 E _   0.052 0.025 0.002 0.027 0.026 0.046 0.035 0.787 
 348 V _   0.064 0.026 0.002 0.032 0.030 0.048 0.032 0.765 
 349 I _   0.078 0.027 0.002 0.035 0.032 0.048 0.029 0.748 
 350 L _   0.092 0.025 0.002 0.035 0.032 0.047 0.027 0.739 
 351 A _   0.106 0.022 0.002 0.031 0.030 0.045 0.025 0.739 
 352 L _   0.122 0.017 0.002 0.024 0.026 0.041 0.023 0.745 
 353 G _   0.140 0.010 0.002 0.016 0.021 0.037 0.021 0.753 
 354 W _   0.161 0.004 0.001 0.009 0.016 0.033 0.019 0.757 
 355 S _   0.184 0.001 0.001 0.004 0.012 0.028 0.017 0.752 
 356 Q _   0.215 0.000 0.001 0.002 0.009 0.025 0.015 0.734 
 357 P _   0.257 0.000 0.001 0.001 0.008 0.022 0.013 0.698 
 358 C _   0.316 0.000 0.001 0.001 0.008 0.021 0.011 0.642 
 359 D _   0.391 0.000 0.001 0.001 0.009 0.020 0.009 0.569 
 360 V H   0.480 0.000 0.001 0.001 0.011 0.020 0.008 0.479 
 361 W H   0.571 0.000 0.001 0.001 0.014 0.020 0.006 0.386 
 362 S H   0.654 0.000 0.001 0.001 0.018 0.020 0.005 0.301 
 363 I H   0.720 0.000 0.001 0.001 0.021 0.019 0.005 0.232 
 364 G H   0.767 0.000 0.001 0.001 0.023 0.018 0.004 0.184 
 365 C H   0.799 0.000 0.001 0.001 0.025 0.017 0.004 0.152 
 366 I H   0.815 0.000 0.001 0.001 0.026 0.016 0.004 0.135 
 367 L H   0.821 0.000 0.001 0.001 0.028 0.016 0.005 0.128 
 368 I H   0.815 0.000 0.001 0.001 0.029 0.016 0.006 0.132 
 369 E H   0.796 0.000 0.002 0.002 0.030 0.016 0.007 0.148 
 370 Y H   0.761 0.000 0.002 0.002 0.031 0.017 0.009 0.179 
 371 Y H   0.708 0.000 0.002 0.003 0.030 0.018 0.012 0.227 
 372 L H   0.634 0.000 0.002 0.005 0.029 0.018 0.017 0.294 
 373 G H   0.545 0.000 0.002 0.007 0.026 0.019 0.023 0.378 
 374 F _   0.444 0.001 0.002 0.008 0.022 0.018 0.031 0.474 
 375 T _   0.341 0.001 0.002 0.009 0.017 0.017 0.039 0.575 
 376 V _   0.244 0.000 0.001 0.008 0.012 0.015 0.047 0.672 
 377 F _   0.165 0.000 0.001 0.006 0.007 0.013 0.054 0.753 
 378 Q _   0.105 0.000 0.001 0.004 0.005 0.011 0.059 0.816 
 379 T _   0.064 0.000 0.000 0.003 0.003 0.009 0.062 0.858 
 380 H _   0.041 0.000 0.000 0.002 0.002 0.009 0.065 0.881 
 381 D _   0.029 0.000 0.000 0.001 0.002 0.009 0.067 0.892 
 382 S _   0.025 0.000 0.000 0.002 0.002 0.011 0.068 0.892 
 383 K _   0.025 0.001 0.000 0.002 0.003 0.015 0.069 0.884 
 384 E _   0.029 0.003 0.001 0.005 0.006 0.020 0.070 0.866 
 385 H _   0.035 0.011 0.001 0.009 0.010 0.027 0.071 0.835 
 386 L _   0.041 0.029 0.001 0.018 0.016 0.034 0.072 0.788 
 387 A _   0.046 0.054 0.002 0.028 0.022 0.039 0.072 0.737 
 388 M _   0.048 0.075 0.002 0.038 0.026 0.043 0.073 0.695 
 389 M _   0.050 0.090 0.002 0.043 0.029 0.044 0.075 0.668 
 390 E _   0.050 0.098 0.002 0.044 0.029 0.044 0.077 0.656 
 391 R _   0.050 0.101 0.002 0.041 0.028 0.043 0.079 0.657 
 392 I _   0.048 0.100 0.002 0.036 0.025 0.041 0.082 0.667 
 393 L _   0.046 0.096 0.002 0.029 0.022 0.039 0.086 0.681 
 394 G _   0.043 0.091 0.001 0.023 0.019 0.036 0.090 0.697 
 395 P _   0.041 0.086 0.001 0.018 0.016 0.034 0.094 0.711 
 396 I _   0.038 0.082 0.001 0.016 0.013 0.032 0.098 0.720 
 397 P _   0.036 0.079 0.001 0.016 0.012 0.030 0.102 0.725 
 398 Q _   0.033 0.077 0.001 0.016 0.011 0.028 0.107 0.726 
 399 H _   0.030 0.077 0.001 0.018 0.011 0.027 0.111 0.726 
 400 M _   0.027 0.076 0.001 0.019 0.010 0.025 0.115 0.726 
 401 I _   0.024 0.074 0.001 0.021 0.010 0.023 0.120 0.727 
 402 Q _   0.022 0.072 0.001 0.021 0.009 0.021 0.125 0.729 
 403 K _   0.019 0.069 0.001 0.021 0.009 0.019 0.130 0.734 
 404 T _   0.016 0.064 0.001 0.020 0.008 0.017 0.135 0.740 
 405 R _   0.014 0.058 0.001 0.018 0.007 0.015 0.140 0.747 
 406 K _   0.013 0.052 0.001 0.016 0.006 0.013 0.146 0.754 
 407 R _   0.011 0.045 0.001 0.015 0.005 0.012 0.152 0.760 
 408 K _   0.010 0.039 0.001 0.013 0.004 0.010 0.158 0.766 
 409 Y _   0.009 0.033 0.000 0.012 0.004 0.009 0.163 0.770 
 410 F _   0.008 0.028 0.000 0.010 0.003 0.008 0.169 0.773 
 411 H _   0.007 0.023 0.000 0.009 0.003 0.007 0.174 0.776 
 412 H _   0.007 0.020 0.000 0.008 0.002 0.006 0.178 0.779 
 413 N _   0.006 0.017 0.000 0.007 0.002 0.006 0.182 0.780 
 414 Q _   0.005 0.015 0.000 0.006 0.002 0.005 0.185 0.782 
 415 L _   0.005 0.013 0.000 0.005 0.002 0.005 0.187 0.783 
 416 D _   0.005 0.013 0.000 0.004 0.001 0.005 0.189 0.783 
 417 W _   0.004 0.013 0.000 0.004 0.001 0.005 0.190 0.782 
 418 D _   0.004 0.014 0.000 0.004 0.002 0.005 0.190 0.780 
 419 E _   0.004 0.017 0.000 0.005 0.002 0.006 0.190 0.775 
 420 H _   0.005 0.021 0.000 0.007 0.002 0.007 0.189 0.768 
 421 S _   0.005 0.029 0.000 0.009 0.003 0.008 0.188 0.757 
 422 S _   0.006 0.039 0.000 0.012 0.004 0.010 0.187 0.742 
 423 A _   0.006 0.053 0.001 0.016 0.005 0.011 0.185 0.725 
 424 G _   0.006 0.067 0.001 0.019 0.006 0.012 0.183 0.707 
 425 R _   0.006 0.079 0.001 0.022 0.006 0.013 0.181 0.692 
 426 Y _   0.006 0.089 0.001 0.023 0.007 0.013 0.180 0.680 
 427 V _   0.006 0.097 0.001 0.024 0.007 0.013 0.180 0.672 
 428 R _   0.006 0.102 0.001 0.023 0.007 0.013 0.180 0.668 
 429 R _   0.006 0.106 0.001 0.022 0.007 0.014 0.180 0.664 
 430 R _   0.007 0.108 0.001 0.021 0.007 0.014 0.181 0.662 
 431 C _   0.007 0.109 0.001 0.021 0.007 0.014 0.182 0.660 
 432 K _   0.007 0.110 0.001 0.020 0.007 0.014 0.184 0.657 
 433 P _   0.008 0.111 0.001 0.021 0.007 0.014 0.187 0.653 
 434 L _   0.008 0.111 0.001 0.021 0.007 0.014 0.189 0.649 
 435 K _   0.008 0.110 0.001 0.022 0.007 0.013 0.193 0.646 
 436 E _   0.009 0.107 0.001 0.022 0.007 0.013 0.196 0.645 
 437 F _   0.008 0.103 0.001 0.020 0.006 0.012 0.201 0.648 
 438 M _   0.008 0.097 0.001 0.018 0.006 0.011 0.205 0.653 
 439 L _   0.007 0.089 0.001 0.016 0.005 0.011 0.210 0.661 
 440 C _   0.007 0.080 0.001 0.013 0.004 0.010 0.215 0.670 
 441 H _   0.007 0.072 0.000 0.010 0.004 0.009 0.220 0.679 
 442 D _   0.007 0.065 0.000 0.007 0.003 0.009 0.224 0.685 
 443 E _   0.007 0.061 0.000 0.006 0.003 0.009 0.227 0.687 
 444 E _   0.007 0.059 0.000 0.006 0.003 0.010 0.230 0.685 
 445 H _   0.007 0.060 0.000 0.006 0.003 0.011 0.233 0.679 
 446 E _   0.008 0.063 0.000 0.008 0.004 0.013 0.236 0.668 
 447 K _   0.009 0.070 0.001 0.012 0.006 0.015 0.238 0.651 
 448 L _   0.010 0.079 0.001 0.017 0.007 0.017 0.240 0.629 
 449 F _   0.011 0.091 0.001 0.024 0.010 0.018 0.242 0.604 
 450 D _   0.012 0.102 0.001 0.031 0.011 0.019 0.244 0.580 
 451 L _   0.013 0.109 0.001 0.036 0.012 0.020 0.248 0.561 
 452 V _   0.013 0.113 0.001 0.039 0.013 0.020 0.253 0.549 
 453 R _   0.013 0.113 0.001 0.039 0.013 0.019 0.259 0.544 
 454 R _   0.012 0.110 0.001 0.036 0.012 0.018 0.266 0.545 
 455 M _   0.012 0.103 0.001 0.030 0.010 0.016 0.275 0.553 
 456 L _   0.011 0.092 0.001 0.024 0.008 0.014 0.285 0.565 
 457 E _   0.010 0.079 0.001 0.017 0.006 0.013 0.296 0.578 
 458 Y _   0.009 0.067 0.001 0.011 0.005 0.012 0.306 0.590 
 459 D _   0.009 0.058 0.000 0.008 0.003 0.011 0.314 0.597 
 460 P _   0.008 0.054 0.000 0.005 0.003 0.010 0.322 0.598 
 461 T _   0.008 0.052 0.000 0.005 0.003 0.011 0.328 0.594 
 462 Q _   0.008 0.053 0.000 0.005 0.003 0.012 0.333 0.585 
 463 R _   0.009 0.057 0.000 0.006 0.004 0.013 0.338 0.572 
 464 I _   0.010 0.067 0.001 0.009 0.005 0.015 0.342 0.551 
 465 T _   0.011 0.083 0.001 0.014 0.007 0.018 0.346 0.521 
 466 L _   0.011 0.106 0.001 0.021 0.009 0.020 0.349 0.483 
 467 D _   0.011 0.132 0.001 0.028 0.011 0.021 0.353 0.442 
 468 E _   0.011 0.155 0.001 0.036 0.013 0.022 0.357 0.404 
 469 A _   0.012 0.172 0.001 0.043 0.014 0.022 0.363 0.373 
 470 L X   0.011 0.182 0.001 0.048 0.014 0.022 0.371 0.350 
 471 Q X   0.011 0.187 0.001 0.051 0.014 0.021 0.380 0.335 
 472 H X   0.010 0.187 0.001 0.051 0.013 0.019 0.392 0.326 
 473 P X   0.009 0.183 0.001 0.048 0.012 0.017 0.405 0.324 
 474 F X   0.008 0.174 0.001 0.043 0.010 0.014 0.420 0.329 
 475 F X   0.006 0.159 0.001 0.036 0.008 0.012 0.439 0.339 
 476 D X   0.005 0.135 0.001 0.028 0.006 0.008 0.461 0.355 
 477 L X   0.003 0.102 0.001 0.019 0.004 0.005 0.486 0.380 
 478 L X   0.001 0.063 0.000 0.009 0.001 0.002 0.508 0.415 
 479 K X   0.000 0.036 0.000 0.004 0.000 0.001 0.516 0.442 
 480 K X   0.000 0.027 0.000 0.004 0.000 0.001 0.516 0.452 
 481 K X   0.003 0.025 0.001 0.010 0.003 0.003 0.507 0.450 
