#TopoPred_TM8: 8-state transmembrane topology prediction results by no_profile mode 
#probabilities are in the order of H E C I L F X _, the 8 transmembrane topology types used in PDBTM 
   1 M _   0.023 0.001 0.003 0.049 0.012 0.013 0.403 0.498 
   2 A _   0.007 0.000 0.000 0.021 0.002 0.005 0.410 0.554 
   3 E _   0.003 0.000 0.000 0.008 0.001 0.003 0.406 0.579 
   4 S _   0.006 0.000 0.000 0.004 0.001 0.004 0.395 0.589 
   5 A _   0.025 0.000 0.000 0.004 0.002 0.009 0.372 0.587 
   6 G _   0.090 0.000 0.001 0.003 0.006 0.018 0.330 0.551 
   7 A _   0.199 0.000 0.001 0.003 0.010 0.027 0.280 0.479 
   8 S _   0.328 0.000 0.002 0.004 0.016 0.036 0.224 0.391 
   9 S H   0.447 0.000 0.002 0.004 0.024 0.042 0.174 0.307 
  10 F H   0.537 0.000 0.002 0.005 0.034 0.046 0.135 0.241 
  11 F H   0.598 0.000 0.002 0.005 0.043 0.046 0.108 0.198 
  12 P H   0.640 0.001 0.002 0.006 0.048 0.045 0.090 0.169 
  13 L H   0.668 0.001 0.002 0.006 0.049 0.042 0.078 0.155 
  14 V H   0.681 0.001 0.002 0.006 0.049 0.038 0.069 0.153 
  15 V H   0.680 0.001 0.002 0.007 0.047 0.034 0.064 0.164 
  16 L H   0.664 0.001 0.002 0.007 0.043 0.031 0.059 0.192 
  17 L H   0.630 0.001 0.002 0.007 0.038 0.027 0.056 0.239 
  18 L H   0.576 0.001 0.002 0.006 0.030 0.024 0.054 0.307 
  19 A H   0.502 0.000 0.002 0.005 0.022 0.020 0.051 0.398 
  20 G _   0.416 0.000 0.001 0.003 0.014 0.016 0.050 0.499 
  21 S _   0.333 0.000 0.001 0.002 0.008 0.013 0.048 0.596 
  22 G _   0.266 0.000 0.001 0.001 0.005 0.011 0.046 0.671 
  23 G _   0.225 0.000 0.000 0.001 0.003 0.009 0.043 0.718 
  24 S _   0.207 0.000 0.000 0.001 0.003 0.009 0.041 0.739 
  25 G _   0.210 0.000 0.000 0.001 0.003 0.011 0.039 0.736 
  26 P _   0.235 0.000 0.000 0.001 0.004 0.014 0.036 0.710 
  27 R _   0.285 0.000 0.001 0.001 0.007 0.019 0.033 0.656 
  28 G _   0.354 0.000 0.001 0.001 0.012 0.025 0.029 0.578 
  29 V _   0.430 0.000 0.001 0.002 0.020 0.032 0.026 0.489 
  30 Q H   0.498 0.000 0.002 0.003 0.030 0.037 0.023 0.407 
  31 A H   0.550 0.001 0.002 0.004 0.040 0.041 0.021 0.342 
  32 L H   0.584 0.001 0.002 0.006 0.048 0.043 0.020 0.296 
  33 L H   0.602 0.002 0.002 0.008 0.054 0.043 0.019 0.270 
  34 C H   0.608 0.003 0.002 0.009 0.057 0.042 0.019 0.260 
  35 A H   0.599 0.003 0.003 0.010 0.057 0.041 0.019 0.267 
  36 C H   0.576 0.003 0.003 0.011 0.055 0.039 0.020 0.293 
  37 T H   0.538 0.003 0.003 0.011 0.051 0.036 0.021 0.338 
  38 S H   0.484 0.002 0.003 0.010 0.042 0.033 0.023 0.403 
  39 C _   0.417 0.002 0.002 0.009 0.033 0.029 0.025 0.483 
  40 L _   0.342 0.001 0.002 0.007 0.023 0.025 0.027 0.573 
  41 Q _   0.266 0.001 0.001 0.006 0.015 0.022 0.029 0.661 
  42 A _   0.197 0.000 0.001 0.004 0.009 0.018 0.031 0.739 
  43 N _   0.142 0.000 0.001 0.003 0.006 0.016 0.033 0.800 
  44 Y _   0.102 0.000 0.000 0.002 0.004 0.014 0.033 0.844 
  45 T _   0.076 0.000 0.000 0.002 0.003 0.014 0.034 0.872 
  46 C _   0.061 0.000 0.000 0.002 0.003 0.014 0.034 0.886 
  47 E _   0.054 0.000 0.000 0.002 0.003 0.017 0.034 0.890 
  48 T _   0.053 0.000 0.000 0.003 0.005 0.020 0.034 0.884 
  49 D _   0.055 0.002 0.001 0.005 0.008 0.026 0.034 0.870 
  50 G _   0.060 0.005 0.001 0.009 0.013 0.032 0.034 0.846 
  51 A _   0.065 0.013 0.001 0.016 0.019 0.037 0.033 0.815 
  52 C _   0.068 0.022 0.002 0.025 0.026 0.042 0.033 0.782 
  53 M _   0.070 0.031 0.002 0.034 0.030 0.044 0.033 0.756 
  54 V _   0.069 0.037 0.002 0.041 0.033 0.045 0.033 0.740 
  55 S _   0.066 0.040 0.002 0.044 0.033 0.044 0.033 0.738 
  56 I _   0.062 0.040 0.002 0.042 0.031 0.042 0.034 0.748 
  57 F _   0.057 0.038 0.002 0.037 0.027 0.038 0.035 0.768 
  58 N _   0.051 0.033 0.002 0.029 0.022 0.035 0.036 0.794 
  59 L _   0.045 0.026 0.001 0.021 0.017 0.031 0.037 0.823 
  60 D _   0.039 0.019 0.001 0.015 0.012 0.027 0.038 0.850 
  61 G _   0.033 0.014 0.001 0.010 0.009 0.024 0.038 0.871 
  62 M _   0.029 0.011 0.001 0.007 0.007 0.022 0.039 0.885 
  63 E _   0.026 0.009 0.001 0.006 0.006 0.020 0.040 0.893 
  64 H _   0.024 0.009 0.001 0.006 0.006 0.020 0.040 0.896 
  65 H _   0.023 0.010 0.001 0.007 0.006 0.019 0.040 0.894 
  66 V _   0.022 0.012 0.001 0.008 0.007 0.020 0.040 0.890 
  67 R _   0.022 0.015 0.001 0.010 0.007 0.020 0.040 0.884 
  68 T _   0.022 0.020 0.001 0.013 0.008 0.020 0.040 0.876 
  69 C _   0.021 0.025 0.001 0.015 0.009 0.021 0.041 0.868 
  70 I _   0.020 0.030 0.001 0.017 0.010 0.021 0.041 0.861 
  71 P _   0.020 0.035 0.001 0.018 0.010 0.021 0.041 0.855 
  72 K _   0.018 0.039 0.001 0.019 0.010 0.020 0.041 0.851 
  73 V _   0.017 0.043 0.001 0.019 0.010 0.020 0.041 0.848 
  74 E _   0.017 0.046 0.001 0.020 0.010 0.020 0.042 0.846 
  75 L _   0.016 0.049 0.001 0.020 0.009 0.019 0.042 0.844 
  76 V _   0.015 0.051 0.001 0.021 0.009 0.019 0.043 0.841 
  77 P _   0.014 0.053 0.001 0.022 0.009 0.018 0.043 0.839 
  78 A _   0.013 0.055 0.001 0.023 0.009 0.017 0.044 0.838 
  79 G _   0.013 0.056 0.001 0.024 0.008 0.016 0.045 0.837 
  80 K _   0.012 0.056 0.001 0.024 0.008 0.015 0.046 0.839 
  81 P _   0.011 0.054 0.001 0.023 0.007 0.014 0.047 0.842 
  82 F _   0.010 0.052 0.001 0.021 0.007 0.013 0.048 0.848 
  83 Y _   0.009 0.048 0.001 0.019 0.006 0.011 0.050 0.856 
  84 C _   0.008 0.043 0.001 0.016 0.005 0.010 0.051 0.866 
  85 L _   0.007 0.038 0.001 0.013 0.004 0.009 0.052 0.875 
  86 S _   0.007 0.033 0.000 0.011 0.003 0.008 0.054 0.884 
  87 S _   0.006 0.030 0.000 0.009 0.003 0.008 0.055 0.891 
  88 E _   0.006 0.027 0.000 0.007 0.002 0.007 0.055 0.895 
  89 D _   0.005 0.026 0.000 0.007 0.002 0.007 0.056 0.896 
  90 L _   0.005 0.026 0.000 0.007 0.002 0.007 0.056 0.896 
  91 R _   0.006 0.026 0.000 0.008 0.003 0.008 0.056 0.893 
  92 N _   0.006 0.028 0.000 0.010 0.003 0.008 0.056 0.889 
  93 T _   0.006 0.030 0.000 0.012 0.003 0.008 0.056 0.884 
  94 H _   0.006 0.033 0.000 0.014 0.004 0.009 0.056 0.879 
  95 C _   0.006 0.035 0.001 0.016 0.004 0.009 0.055 0.874 
  96 C _   0.006 0.037 0.001 0.017 0.004 0.010 0.055 0.870 
  97 Y _   0.006 0.039 0.001 0.018 0.005 0.010 0.055 0.867 
  98 T _   0.006 0.040 0.001 0.019 0.005 0.010 0.055 0.865 
  99 D _   0.006 0.041 0.001 0.020 0.005 0.010 0.055 0.864 
 100 Y _   0.006 0.041 0.001 0.020 0.005 0.010 0.055 0.863 
 101 C _   0.006 0.041 0.001 0.020 0.005 0.010 0.055 0.863 
 102 N _   0.006 0.040 0.001 0.021 0.005 0.010 0.056 0.862 
 103 R _   0.007 0.039 0.001 0.021 0.005 0.010 0.056 0.862 
 104 I _   0.007 0.037 0.001 0.021 0.005 0.010 0.057 0.863 
 105 D _   0.007 0.035 0.001 0.020 0.005 0.010 0.058 0.865 
 106 L _   0.007 0.032 0.001 0.019 0.004 0.009 0.059 0.869 
 107 R _   0.007 0.028 0.001 0.017 0.004 0.009 0.060 0.875 
 108 V _   0.007 0.023 0.000 0.015 0.004 0.008 0.061 0.882 
 109 P _   0.006 0.017 0.000 0.012 0.003 0.007 0.062 0.891 
 110 S _   0.006 0.013 0.000 0.010 0.003 0.007 0.063 0.899 
 111 G _   0.006 0.008 0.000 0.008 0.002 0.006 0.063 0.907 
 112 H _   0.005 0.005 0.000 0.006 0.002 0.005 0.063 0.913 
 113 L _   0.005 0.003 0.000 0.005 0.002 0.005 0.063 0.918 
 114 K _   0.005 0.002 0.000 0.004 0.001 0.004 0.062 0.922 
 115 E _   0.005 0.001 0.000 0.003 0.001 0.004 0.061 0.925 
 116 P _   0.005 0.000 0.000 0.003 0.001 0.005 0.059 0.926 
 117 E _   0.007 0.000 0.000 0.003 0.001 0.005 0.057 0.926 
 118 H _   0.010 0.000 0.000 0.003 0.002 0.006 0.054 0.924 
 119 P _   0.016 0.000 0.000 0.004 0.003 0.008 0.051 0.918 
 120 S _   0.028 0.000 0.000 0.004 0.004 0.010 0.048 0.906 
 121 M _   0.045 0.000 0.001 0.005 0.005 0.013 0.044 0.887 
 122 W _   0.071 0.000 0.001 0.005 0.007 0.015 0.040 0.861 
 123 G _   0.105 0.000 0.001 0.005 0.009 0.017 0.035 0.827 
 124 P _   0.146 0.000 0.001 0.004 0.010 0.018 0.031 0.790 
 125 V _   0.192 0.000 0.001 0.003 0.011 0.017 0.027 0.749 
 126 E _   0.240 0.000 0.001 0.002 0.010 0.016 0.023 0.708 
 127 L _   0.288 0.000 0.001 0.001 0.009 0.014 0.020 0.667 
 128 V _   0.340 0.000 0.001 0.001 0.008 0.012 0.018 0.621 
 129 G _   0.392 0.000 0.001 0.001 0.007 0.010 0.016 0.575 
 130 I _   0.448 0.000 0.001 0.000 0.006 0.008 0.015 0.523 
 131 I H   0.509 0.000 0.001 0.000 0.005 0.006 0.013 0.465 
 132 A H   0.576 0.000 0.001 0.000 0.005 0.005 0.012 0.401 
 133 G H   0.654 0.000 0.001 0.000 0.005 0.005 0.010 0.325 
 134 P H   0.737 0.000 0.001 0.000 0.005 0.004 0.009 0.244 
 135 V H   0.809 0.000 0.001 0.000 0.006 0.004 0.007 0.173 
 136 F H   0.868 0.000 0.001 0.000 0.006 0.003 0.006 0.116 
 137 L H   0.909 0.000 0.001 0.000 0.006 0.003 0.005 0.076 
 138 L H   0.935 0.000 0.001 0.000 0.007 0.003 0.004 0.051 
 139 F H   0.949 0.000 0.001 0.000 0.007 0.002 0.003 0.037 
 140 L H   0.956 0.000 0.001 0.000 0.007 0.002 0.003 0.031 
 141 I H   0.958 0.000 0.001 0.000 0.008 0.002 0.002 0.029 
 142 I H   0.956 0.000 0.001 0.000 0.008 0.002 0.002 0.031 
 143 I H   0.949 0.000 0.001 0.000 0.008 0.002 0.002 0.037 
 144 I H   0.938 0.000 0.001 0.000 0.009 0.003 0.002 0.048 
 145 V H   0.918 0.000 0.001 0.000 0.010 0.003 0.002 0.066 
 146 F H   0.888 0.000 0.001 0.000 0.010 0.004 0.003 0.093 
 147 L H   0.845 0.000 0.001 0.000 0.011 0.004 0.004 0.135 
 148 V H   0.786 0.000 0.001 0.001 0.011 0.005 0.005 0.190 
 149 I H   0.711 0.000 0.001 0.001 0.012 0.007 0.008 0.261 
 150 N H   0.620 0.000 0.001 0.001 0.012 0.008 0.011 0.347 
 151 Y H   0.520 0.000 0.001 0.002 0.011 0.009 0.016 0.442 
 152 H _   0.419 0.000 0.001 0.002 0.009 0.009 0.022 0.537 
 153 Q _   0.324 0.000 0.001 0.003 0.008 0.010 0.029 0.626 
 154 R _   0.238 0.000 0.001 0.004 0.007 0.010 0.035 0.706 
 155 V _   0.166 0.000 0.001 0.004 0.005 0.009 0.041 0.772 
 156 Y _   0.111 0.000 0.001 0.005 0.004 0.009 0.046 0.824 
 157 H _   0.073 0.000 0.001 0.005 0.004 0.008 0.050 0.859 
 158 N _   0.047 0.000 0.000 0.005 0.003 0.007 0.054 0.883 
 159 R _   0.031 0.000 0.000 0.005 0.002 0.007 0.056 0.898 
 160 Q _   0.021 0.001 0.000 0.005 0.002 0.006 0.058 0.907 
 161 R _   0.014 0.001 0.000 0.005 0.002 0.006 0.059 0.913 
 162 L _   0.010 0.001 0.000 0.004 0.002 0.005 0.060 0.917 
 163 D _   0.008 0.001 0.000 0.004 0.002 0.005 0.061 0.918 
 164 M _   0.007 0.002 0.000 0.005 0.002 0.005 0.061 0.919 
 165 E _   0.006 0.002 0.000 0.005 0.002 0.006 0.061 0.918 
 166 D _   0.006 0.004 0.000 0.006 0.002 0.006 0.060 0.916 
 167 P _   0.005 0.005 0.000 0.008 0.002 0.007 0.060 0.913 
 168 S _   0.006 0.007 0.000 0.009 0.003 0.007 0.059 0.909 
 169 C _   0.006 0.009 0.000 0.011 0.003 0.008 0.058 0.905 
 170 E _   0.006 0.012 0.000 0.012 0.003 0.009 0.056 0.902 
 171 M _   0.005 0.014 0.000 0.013 0.004 0.009 0.055 0.899 
 172 C _   0.005 0.016 0.000 0.014 0.004 0.009 0.054 0.898 
 173 L _   0.005 0.018 0.000 0.013 0.004 0.009 0.052 0.897 
 174 S _   0.005 0.020 0.000 0.013 0.004 0.010 0.051 0.897 
 175 K _   0.005 0.022 0.000 0.013 0.004 0.010 0.049 0.896 
 176 D _   0.006 0.024 0.000 0.014 0.004 0.011 0.048 0.893 
 177 K _   0.006 0.027 0.001 0.015 0.005 0.012 0.046 0.889 
 178 T _   0.007 0.029 0.001 0.018 0.005 0.012 0.045 0.883 
 179 L _   0.007 0.033 0.001 0.021 0.006 0.013 0.044 0.876 
 180 Q _   0.008 0.035 0.001 0.025 0.007 0.014 0.042 0.868 
 181 D _   0.008 0.037 0.001 0.028 0.008 0.014 0.041 0.862 
 182 L _   0.008 0.038 0.001 0.030 0.008 0.014 0.040 0.860 
 183 V _   0.008 0.037 0.001 0.030 0.008 0.014 0.039 0.863 
 184 Y _   0.008 0.035 0.001 0.027 0.007 0.013 0.039 0.870 
 185 D _   0.008 0.030 0.001 0.023 0.006 0.013 0.038 0.881 
 186 L _   0.008 0.024 0.001 0.018 0.005 0.012 0.038 0.894 
 187 S _   0.008 0.017 0.001 0.013 0.004 0.011 0.038 0.908 
 188 T _   0.008 0.011 0.000 0.009 0.004 0.011 0.037 0.919 
 189 S _   0.008 0.007 0.000 0.007 0.003 0.012 0.037 0.926 
 190 G _   0.009 0.004 0.000 0.005 0.003 0.013 0.036 0.929 
 191 S _   0.012 0.003 0.000 0.005 0.003 0.015 0.035 0.926 
 192 G _   0.017 0.002 0.000 0.005 0.004 0.018 0.034 0.918 
 193 S _   0.024 0.002 0.001 0.007 0.006 0.023 0.033 0.905 
 194 G _   0.035 0.002 0.001 0.008 0.008 0.028 0.032 0.886 
 195 L _   0.048 0.002 0.001 0.010 0.011 0.034 0.030 0.863 
 196 P _   0.064 0.002 0.001 0.012 0.015 0.040 0.029 0.837 
 197 L _   0.083 0.002 0.001 0.013 0.019 0.045 0.027 0.810 
 198 F _   0.103 0.002 0.001 0.012 0.022 0.050 0.025 0.784 
 199 V _   0.126 0.002 0.002 0.011 0.025 0.053 0.024 0.758 
 200 Q _   0.150 0.001 0.002 0.009 0.027 0.056 0.023 0.732 
 201 R _   0.175 0.001 0.002 0.008 0.030 0.059 0.021 0.706 
 202 T _   0.198 0.001 0.002 0.007 0.032 0.060 0.021 0.680 
 203 V _   0.221 0.001 0.002 0.006 0.034 0.061 0.020 0.654 
 204 A _   0.240 0.001 0.002 0.007 0.037 0.061 0.019 0.633 
 205 R _   0.255 0.001 0.002 0.008 0.039 0.061 0.019 0.616 
 206 T _   0.262 0.002 0.002 0.009 0.040 0.059 0.019 0.606 
 207 I _   0.265 0.002 0.002 0.011 0.040 0.057 0.020 0.603 
 208 V _   0.261 0.003 0.002 0.012 0.038 0.054 0.020 0.609 
 209 L _   0.249 0.003 0.002 0.013 0.035 0.050 0.021 0.626 
 210 Q _   0.231 0.003 0.002 0.012 0.031 0.046 0.022 0.653 
 211 E _   0.208 0.002 0.002 0.011 0.026 0.042 0.023 0.686 
 212 I _   0.182 0.002 0.002 0.009 0.021 0.038 0.024 0.723 
 213 I _   0.156 0.002 0.001 0.008 0.016 0.034 0.025 0.759 
 214 G _   0.129 0.001 0.001 0.007 0.013 0.030 0.025 0.794 
 215 K _   0.104 0.001 0.001 0.006 0.010 0.027 0.026 0.824 
 216 G _   0.084 0.001 0.001 0.006 0.009 0.025 0.027 0.847 
 217 R _   0.067 0.001 0.001 0.007 0.008 0.023 0.028 0.865 
 218 F _   0.053 0.002 0.001 0.008 0.007 0.022 0.029 0.880 
 219 G _   0.042 0.002 0.001 0.009 0.007 0.020 0.029 0.890 
 220 E _   0.034 0.003 0.001 0.010 0.007 0.019 0.029 0.897 
 221 V _   0.028 0.004 0.001 0.010 0.007 0.018 0.030 0.902 
 222 W _   0.024 0.005 0.001 0.011 0.007 0.018 0.030 0.905 
 223 R _   0.021 0.006 0.001 0.010 0.006 0.017 0.030 0.908 
 224 G _   0.019 0.007 0.001 0.010 0.006 0.017 0.030 0.909 
 225 R _   0.018 0.008 0.001 0.010 0.006 0.017 0.031 0.910 
 226 W _   0.017 0.009 0.001 0.010 0.006 0.017 0.031 0.908 
 227 R _   0.017 0.011 0.001 0.011 0.007 0.018 0.031 0.905 
 228 G _   0.017 0.013 0.001 0.013 0.008 0.019 0.031 0.899 
 229 G _   0.017 0.015 0.001 0.015 0.009 0.020 0.031 0.891 
 230 D _   0.018 0.018 0.001 0.018 0.010 0.021 0.032 0.881 
 231 V _   0.019 0.021 0.001 0.022 0.011 0.022 0.032 0.871 
 232 A _   0.019 0.023 0.001 0.025 0.012 0.022 0.032 0.864 
 233 V _   0.019 0.024 0.001 0.027 0.012 0.022 0.033 0.862 
 234 K _   0.018 0.024 0.001 0.027 0.011 0.021 0.034 0.864 
 235 I _   0.017 0.022 0.001 0.024 0.010 0.020 0.035 0.871 
 236 F _   0.015 0.019 0.001 0.021 0.009 0.018 0.035 0.882 
 237 S _   0.014 0.015 0.001 0.016 0.007 0.017 0.036 0.894 
 238 S _   0.013 0.010 0.001 0.012 0.006 0.015 0.037 0.907 
 239 R _   0.012 0.007 0.001 0.008 0.005 0.015 0.038 0.916 
 240 E _   0.012 0.004 0.000 0.006 0.004 0.015 0.038 0.921 
 241 E _   0.013 0.003 0.000 0.004 0.003 0.015 0.038 0.923 
 242 R _   0.015 0.002 0.000 0.004 0.004 0.017 0.038 0.919 
 243 S _   0.019 0.002 0.000 0.004 0.005 0.019 0.038 0.912 
 244 W _   0.024 0.002 0.001 0.006 0.006 0.023 0.038 0.901 
 245 F _   0.030 0.003 0.001 0.007 0.008 0.027 0.038 0.885 
 246 R _   0.037 0.005 0.001 0.010 0.012 0.031 0.038 0.866 
 247 E _   0.045 0.007 0.001 0.012 0.015 0.036 0.038 0.846 
 248 A _   0.053 0.008 0.001 0.015 0.018 0.040 0.038 0.827 
 249 E _   0.060 0.010 0.001 0.016 0.021 0.043 0.038 0.811 
 250 I _   0.066 0.012 0.001 0.017 0.022 0.046 0.038 0.798 
 251 Y _   0.072 0.013 0.001 0.017 0.023 0.047 0.038 0.788 
 252 Q _   0.076 0.014 0.002 0.016 0.024 0.048 0.039 0.783 
 253 T _   0.079 0.014 0.001 0.014 0.023 0.048 0.039 0.781 
 254 V _   0.080 0.015 0.001 0.013 0.022 0.047 0.040 0.780 
 255 M _   0.079 0.016 0.001 0.013 0.022 0.047 0.041 0.781 
 256 L _   0.077 0.018 0.001 0.014 0.021 0.046 0.042 0.782 
 257 R _   0.073 0.020 0.001 0.016 0.021 0.044 0.042 0.781 
 258 H _   0.070 0.023 0.001 0.019 0.022 0.043 0.044 0.779 
 259 E _   0.065 0.026 0.002 0.024 0.022 0.041 0.045 0.776 
 260 N _   0.060 0.030 0.002 0.029 0.021 0.038 0.046 0.774 
 261 I _   0.054 0.032 0.001 0.033 0.020 0.034 0.048 0.778 
 262 L _   0.047 0.032 0.001 0.035 0.017 0.030 0.050 0.787 
 263 G _   0.039 0.031 0.001 0.034 0.015 0.026 0.053 0.802 
 264 F _   0.032 0.027 0.001 0.029 0.011 0.022 0.055 0.823 
 265 I _   0.025 0.021 0.001 0.021 0.008 0.017 0.057 0.849 
 266 A _   0.019 0.015 0.001 0.014 0.005 0.013 0.059 0.874 
 267 A _   0.014 0.009 0.000 0.008 0.003 0.010 0.060 0.895 
 268 D _   0.010 0.005 0.000 0.005 0.002 0.008 0.061 0.908 
 269 N _   0.008 0.003 0.000 0.003 0.001 0.007 0.061 0.916 
 270 K _   0.007 0.003 0.000 0.002 0.001 0.007 0.061 0.918 
 271 D _   0.007 0.004 0.000 0.003 0.002 0.008 0.061 0.916 
 272 N _   0.008 0.006 0.000 0.005 0.003 0.010 0.060 0.908 
 273 G _   0.010 0.013 0.001 0.010 0.005 0.014 0.058 0.890 
 274 T _   0.012 0.026 0.001 0.019 0.007 0.017 0.056 0.861 
 275 W _   0.013 0.045 0.001 0.031 0.011 0.020 0.054 0.826 
 276 T _   0.013 0.062 0.001 0.043 0.013 0.022 0.052 0.794 
 277 Q _   0.013 0.073 0.001 0.052 0.014 0.023 0.050 0.774 
 278 L _   0.012 0.078 0.001 0.055 0.015 0.022 0.049 0.768 
 279 W _   0.011 0.079 0.001 0.054 0.014 0.021 0.048 0.772 
 280 L _   0.011 0.076 0.001 0.048 0.012 0.019 0.048 0.785 
 281 V _   0.010 0.068 0.001 0.040 0.011 0.017 0.048 0.805 
 282 S _   0.009 0.057 0.001 0.030 0.009 0.015 0.049 0.829 
 283 D _   0.009 0.044 0.001 0.022 0.007 0.014 0.050 0.855 
 284 Y _   0.008 0.030 0.001 0.015 0.005 0.013 0.050 0.877 
 285 H _   0.008 0.020 0.001 0.011 0.004 0.012 0.051 0.894 
 286 E _   0.008 0.013 0.000 0.008 0.003 0.011 0.051 0.905 
 287 H _   0.008 0.008 0.000 0.007 0.003 0.011 0.051 0.912 
 288 G _   0.008 0.006 0.000 0.006 0.003 0.012 0.050 0.915 
 289 S _   0.010 0.004 0.000 0.006 0.003 0.013 0.050 0.915 
 290 L _   0.012 0.003 0.000 0.006 0.003 0.014 0.049 0.913 
 291 F _   0.015 0.002 0.000 0.006 0.004 0.016 0.047 0.909 
 292 D _   0.019 0.002 0.001 0.006 0.005 0.019 0.046 0.902 
 293 Y _   0.027 0.001 0.001 0.007 0.006 0.023 0.045 0.891 
 294 L _   0.037 0.001 0.001 0.007 0.008 0.028 0.043 0.876 
 295 N _   0.052 0.001 0.001 0.007 0.011 0.033 0.041 0.853 
 296 R _   0.073 0.001 0.001 0.008 0.014 0.040 0.039 0.825 
 297 Y _   0.098 0.001 0.001 0.008 0.019 0.046 0.037 0.789 
 298 T _   0.129 0.001 0.002 0.009 0.025 0.053 0.035 0.746 
 299 V _   0.160 0.002 0.002 0.010 0.032 0.059 0.033 0.702 
 300 T _   0.192 0.002 0.002 0.011 0.038 0.064 0.032 0.659 
 301 I _   0.221 0.003 0.002 0.013 0.044 0.067 0.031 0.620 
 302 E _   0.247 0.003 0.002 0.014 0.048 0.069 0.030 0.587 
 303 G _   0.269 0.004 0.002 0.014 0.050 0.069 0.029 0.563 
 304 M _   0.284 0.004 0.002 0.014 0.050 0.067 0.029 0.550 
 305 I _   0.292 0.003 0.002 0.013 0.048 0.065 0.029 0.549 
 306 K _   0.293 0.003 0.002 0.011 0.043 0.061 0.029 0.558 
 307 L _   0.287 0.002 0.002 0.010 0.038 0.057 0.029 0.575 
 308 A _   0.277 0.001 0.002 0.008 0.032 0.052 0.030 0.597 
 309 L _   0.264 0.001 0.002 0.006 0.026 0.048 0.031 0.623 
 310 S _   0.249 0.000 0.001 0.005 0.020 0.044 0.032 0.649 
 311 A _   0.234 0.000 0.001 0.004 0.016 0.040 0.033 0.671 
 312 A _   0.220 0.000 0.001 0.003 0.014 0.038 0.034 0.690 
 313 S _   0.209 0.000 0.001 0.003 0.013 0.036 0.035 0.704 
 314 G _   0.199 0.000 0.001 0.003 0.012 0.035 0.036 0.713 
 315 L _   0.190 0.001 0.001 0.004 0.013 0.035 0.037 0.719 
 316 A _   0.181 0.001 0.001 0.006 0.015 0.035 0.038 0.722 
 317 H _   0.172 0.002 0.001 0.009 0.017 0.036 0.040 0.723 
 318 L _   0.161 0.004 0.001 0.012 0.019 0.036 0.042 0.725 
 319 H _   0.148 0.006 0.002 0.016 0.020 0.035 0.044 0.729 
 320 M _   0.133 0.007 0.002 0.019 0.020 0.033 0.047 0.739 
 321 E _   0.116 0.008 0.002 0.021 0.019 0.031 0.050 0.754 
 322 I _   0.098 0.009 0.001 0.022 0.017 0.028 0.053 0.772 
 323 V _   0.080 0.009 0.001 0.021 0.014 0.025 0.056 0.794 
 324 G _   0.063 0.008 0.001 0.018 0.011 0.021 0.060 0.817 
 325 T _   0.049 0.007 0.001 0.015 0.009 0.018 0.063 0.839 
 326 Q _   0.037 0.005 0.001 0.012 0.006 0.015 0.066 0.858 
 327 G _   0.027 0.004 0.001 0.010 0.005 0.013 0.069 0.872 
 328 K _   0.020 0.003 0.000 0.008 0.004 0.011 0.071 0.882 
 329 P _   0.015 0.002 0.000 0.007 0.003 0.009 0.073 0.889 
 330 G _   0.012 0.002 0.000 0.006 0.003 0.008 0.075 0.893 
 331 I _   0.010 0.002 0.000 0.006 0.002 0.007 0.077 0.896 
 332 A _   0.008 0.001 0.000 0.006 0.002 0.007 0.078 0.897 
 333 H _   0.007 0.001 0.000 0.006 0.002 0.006 0.079 0.898 
 334 R _   0.006 0.001 0.000 0.006 0.002 0.006 0.079 0.899 
 335 D _   0.006 0.001 0.000 0.005 0.002 0.006 0.080 0.899 
 336 L _   0.005 0.002 0.000 0.005 0.002 0.006 0.080 0.899 
 337 K _   0.005 0.002 0.000 0.005 0.002 0.007 0.079 0.899 
 338 S _   0.005 0.002 0.000 0.005 0.002 0.007 0.079 0.899 
 339 K _   0.005 0.003 0.000 0.006 0.002 0.008 0.078 0.897 
 340 N _   0.006 0.004 0.000 0.006 0.003 0.010 0.077 0.895 
 341 I _   0.007 0.005 0.000 0.007 0.003 0.012 0.076 0.891 
 342 L _   0.008 0.007 0.000 0.007 0.004 0.014 0.074 0.884 
 343 V _   0.011 0.010 0.001 0.008 0.005 0.018 0.073 0.875 
 344 K _   0.014 0.014 0.001 0.010 0.007 0.023 0.071 0.861 
 345 K _   0.018 0.020 0.001 0.012 0.009 0.028 0.069 0.842 
 346 N _   0.024 0.029 0.001 0.015 0.013 0.034 0.066 0.818 
 347 G _   0.031 0.039 0.001 0.019 0.018 0.040 0.064 0.788 
 348 M _   0.038 0.051 0.002 0.023 0.023 0.046 0.062 0.757 
 349 C _   0.045 0.063 0.002 0.027 0.028 0.050 0.060 0.725 
 350 A _   0.052 0.075 0.002 0.031 0.032 0.054 0.059 0.696 
 351 I _   0.057 0.085 0.002 0.035 0.034 0.055 0.058 0.674 
 352 A _   0.061 0.092 0.002 0.038 0.036 0.055 0.057 0.660 
 353 D _   0.063 0.096 0.002 0.039 0.036 0.054 0.057 0.655 
 354 L _   0.063 0.097 0.002 0.039 0.034 0.051 0.057 0.658 
 355 G _   0.062 0.095 0.002 0.037 0.031 0.048 0.057 0.667 
 356 L _   0.059 0.091 0.002 0.034 0.028 0.044 0.058 0.684 
 357 A _   0.054 0.084 0.002 0.031 0.024 0.040 0.060 0.707 
 358 V _   0.048 0.075 0.002 0.027 0.020 0.035 0.061 0.733 
 359 R _   0.042 0.065 0.001 0.023 0.016 0.030 0.062 0.761 
 360 H _   0.036 0.055 0.001 0.019 0.012 0.026 0.064 0.786 
 361 D _   0.030 0.045 0.001 0.016 0.010 0.022 0.066 0.810 
 362 A _   0.025 0.037 0.001 0.014 0.007 0.019 0.067 0.831 
 363 V _   0.021 0.030 0.001 0.011 0.006 0.016 0.068 0.848 
 364 T _   0.017 0.025 0.001 0.009 0.005 0.013 0.069 0.862 
 365 D _   0.014 0.021 0.000 0.008 0.004 0.012 0.069 0.872 
 366 T _   0.012 0.018 0.000 0.007 0.003 0.010 0.070 0.879 
 367 I _   0.010 0.017 0.000 0.006 0.003 0.009 0.070 0.885 
 368 D _   0.009 0.016 0.000 0.006 0.003 0.009 0.070 0.888 
 369 I _   0.008 0.016 0.000 0.006 0.003 0.009 0.069 0.889 
 370 A _   0.008 0.017 0.000 0.006 0.003 0.009 0.068 0.889 
 371 P _   0.008 0.019 0.000 0.007 0.003 0.009 0.067 0.887 
 372 N _   0.008 0.022 0.000 0.007 0.003 0.010 0.066 0.883 
 373 Q _   0.008 0.027 0.000 0.009 0.004 0.011 0.065 0.876 
 374 R _   0.008 0.034 0.001 0.011 0.005 0.012 0.063 0.866 
 375 V _   0.009 0.044 0.001 0.013 0.006 0.013 0.061 0.854 
 376 G _   0.009 0.055 0.001 0.016 0.007 0.015 0.059 0.839 
 377 T _   0.009 0.067 0.001 0.019 0.008 0.016 0.057 0.822 
 378 K _   0.010 0.080 0.001 0.023 0.009 0.017 0.056 0.806 
 379 R _   0.010 0.091 0.001 0.026 0.010 0.018 0.054 0.791 
 380 Y _   0.010 0.101 0.001 0.028 0.010 0.018 0.053 0.779 
 381 M _   0.010 0.108 0.001 0.030 0.011 0.019 0.052 0.770 
 382 A _   0.010 0.113 0.001 0.032 0.011 0.019 0.051 0.763 
 383 P _   0.010 0.116 0.001 0.033 0.011 0.019 0.050 0.759 
 384 E _   0.011 0.117 0.001 0.033 0.011 0.018 0.050 0.758 
 385 V _   0.010 0.116 0.001 0.033 0.011 0.018 0.050 0.760 
 386 L _   0.011 0.112 0.001 0.032 0.010 0.017 0.051 0.766 
 387 D _   0.011 0.105 0.001 0.031 0.010 0.016 0.052 0.774 
 388 E _   0.010 0.096 0.001 0.029 0.009 0.016 0.053 0.787 
 389 T _   0.010 0.083 0.001 0.025 0.008 0.015 0.054 0.803 
 390 I _   0.010 0.067 0.001 0.022 0.007 0.014 0.055 0.823 
 391 N _   0.010 0.050 0.001 0.017 0.006 0.013 0.057 0.845 
 392 M _   0.010 0.034 0.001 0.013 0.005 0.012 0.058 0.866 
 393 K _   0.011 0.020 0.001 0.009 0.004 0.012 0.059 0.884 
 394 H _   0.013 0.010 0.000 0.006 0.003 0.012 0.060 0.895 
 395 F _   0.016 0.005 0.000 0.004 0.003 0.012 0.060 0.900 
 396 D _   0.022 0.002 0.000 0.003 0.003 0.013 0.060 0.897 
 397 S _   0.033 0.001 0.000 0.003 0.003 0.016 0.059 0.885 
 398 F _   0.053 0.000 0.000 0.003 0.004 0.020 0.059 0.861 
 399 K _   0.085 0.000 0.001 0.003 0.007 0.026 0.058 0.821 
 400 C _   0.129 0.000 0.001 0.003 0.011 0.034 0.056 0.766 
 401 A _   0.185 0.000 0.001 0.004 0.018 0.042 0.054 0.695 
 402 D _   0.246 0.001 0.002 0.005 0.027 0.051 0.053 0.615 
 403 I _   0.304 0.001 0.002 0.006 0.039 0.059 0.052 0.535 
 404 Y _   0.355 0.003 0.002 0.008 0.051 0.065 0.052 0.464 
 405 A _   0.394 0.005 0.003 0.010 0.062 0.068 0.052 0.406 
 406 L H   0.420 0.007 0.003 0.012 0.070 0.069 0.053 0.365 
 407 G H   0.434 0.009 0.003 0.015 0.075 0.068 0.055 0.341 
 408 L H   0.435 0.011 0.003 0.018 0.076 0.066 0.058 0.334 
 409 V H   0.423 0.012 0.003 0.020 0.073 0.062 0.063 0.344 
 410 Y H   0.398 0.013 0.003 0.022 0.067 0.056 0.068 0.373 
 411 W _   0.360 0.012 0.003 0.022 0.057 0.051 0.075 0.419 
 412 E _   0.312 0.010 0.003 0.021 0.046 0.044 0.084 0.480 
 413 I _   0.255 0.008 0.002 0.018 0.033 0.037 0.093 0.553 
 414 A _   0.196 0.005 0.002 0.014 0.022 0.030 0.103 0.628 
 415 R _   0.141 0.003 0.001 0.010 0.013 0.023 0.111 0.696 
 416 R _   0.097 0.002 0.001 0.007 0.008 0.018 0.118 0.750 
 417 C _   0.064 0.001 0.001 0.005 0.005 0.014 0.124 0.787 
 418 N _   0.042 0.001 0.000 0.004 0.003 0.012 0.128 0.810 
 419 S _   0.028 0.001 0.000 0.004 0.003 0.011 0.131 0.823 
 420 G _   0.020 0.001 0.000 0.004 0.003 0.010 0.134 0.828 
 421 G _   0.016 0.002 0.000 0.005 0.003 0.010 0.136 0.827 
 422 V _   0.013 0.003 0.000 0.008 0.004 0.011 0.138 0.822 
 423 H _   0.012 0.006 0.001 0.011 0.005 0.012 0.140 0.814 
 424 E _   0.012 0.008 0.001 0.016 0.006 0.013 0.142 0.803 
 425 E _   0.011 0.011 0.001 0.020 0.007 0.013 0.144 0.793 
 426 Y _   0.011 0.013 0.001 0.023 0.007 0.013 0.146 0.786 
 427 Q _   0.010 0.014 0.001 0.024 0.007 0.013 0.149 0.782 
 428 L _   0.009 0.014 0.001 0.024 0.007 0.012 0.153 0.781 
 429 P _   0.008 0.013 0.001 0.021 0.006 0.011 0.157 0.784 
 430 Y _   0.008 0.011 0.001 0.017 0.005 0.009 0.161 0.789 
 431 Y _   0.007 0.009 0.000 0.013 0.004 0.008 0.165 0.794 
 432 D _   0.006 0.007 0.000 0.009 0.003 0.007 0.168 0.799 
 433 L _   0.005 0.006 0.000 0.006 0.002 0.006 0.171 0.803 
 434 V _   0.005 0.005 0.000 0.004 0.002 0.006 0.174 0.805 
 435 P _   0.005 0.005 0.000 0.003 0.002 0.006 0.175 0.804 
 436 S _   0.005 0.006 0.000 0.003 0.002 0.007 0.176 0.800 
 437 D _   0.006 0.008 0.000 0.005 0.002 0.009 0.177 0.793 
 438 P _   0.008 0.013 0.000 0.008 0.004 0.012 0.176 0.779 
 439 S _   0.009 0.023 0.001 0.013 0.006 0.015 0.176 0.757 
 440 I _   0.011 0.041 0.001 0.021 0.009 0.019 0.175 0.723 
 441 E _   0.012 0.062 0.001 0.031 0.012 0.021 0.173 0.687 
 442 E _   0.012 0.081 0.001 0.041 0.014 0.023 0.172 0.654 
 443 M _   0.013 0.094 0.001 0.049 0.016 0.024 0.173 0.630 
 444 R _   0.013 0.102 0.001 0.054 0.016 0.024 0.173 0.617 
 445 K _   0.012 0.104 0.001 0.055 0.016 0.023 0.175 0.612 
 446 V _   0.012 0.102 0.001 0.053 0.015 0.022 0.179 0.616 
 447 V _   0.012 0.096 0.001 0.047 0.014 0.020 0.183 0.627 
 448 C _   0.011 0.086 0.001 0.039 0.012 0.018 0.188 0.645 
 449 D _   0.011 0.070 0.001 0.030 0.010 0.016 0.194 0.668 
 450 Q _   0.011 0.051 0.001 0.022 0.008 0.014 0.201 0.693 
 451 K _   0.010 0.033 0.001 0.015 0.006 0.012 0.208 0.716 
 452 L _   0.009 0.018 0.001 0.009 0.004 0.011 0.213 0.735 
 453 R _   0.008 0.009 0.000 0.006 0.003 0.010 0.218 0.746 
 454 P _   0.008 0.005 0.000 0.004 0.002 0.010 0.221 0.751 
 455 N _   0.008 0.002 0.000 0.003 0.002 0.010 0.223 0.751 
 456 I _   0.009 0.002 0.000 0.003 0.002 0.012 0.225 0.748 
 457 P _   0.012 0.001 0.000 0.003 0.003 0.014 0.226 0.741 
 458 N _   0.015 0.002 0.000 0.004 0.004 0.018 0.226 0.731 
 459 W _   0.020 0.003 0.001 0.005 0.006 0.023 0.227 0.716 
 460 W _   0.026 0.004 0.001 0.008 0.009 0.030 0.227 0.695 
 461 Q _   0.032 0.007 0.001 0.011 0.014 0.037 0.227 0.670 
 462 S _   0.039 0.011 0.001 0.016 0.019 0.043 0.227 0.643 
 463 Y _   0.045 0.016 0.002 0.020 0.025 0.049 0.227 0.616 
 464 E _   0.051 0.020 0.002 0.025 0.030 0.053 0.228 0.591 
 465 A _   0.057 0.024 0.002 0.028 0.034 0.056 0.230 0.569 
 466 L _   0.061 0.026 0.002 0.031 0.036 0.058 0.233 0.553 
 467 R _   0.065 0.027 0.002 0.032 0.037 0.058 0.236 0.544 
 468 V _   0.067 0.026 0.002 0.031 0.036 0.056 0.241 0.542 
 469 M _   0.068 0.024 0.002 0.028 0.034 0.054 0.246 0.545 
 470 G _   0.067 0.021 0.002 0.024 0.030 0.051 0.252 0.553 
 471 K _   0.066 0.017 0.002 0.020 0.026 0.047 0.259 0.564 
 472 M _   0.064 0.012 0.001 0.015 0.021 0.044 0.267 0.576 
 473 M _   0.062 0.008 0.001 0.011 0.017 0.040 0.275 0.587 
 474 R _   0.059 0.005 0.001 0.008 0.013 0.037 0.282 0.595 
 475 E _   0.056 0.003 0.001 0.006 0.011 0.035 0.290 0.599 
 476 C _   0.053 0.002 0.001 0.005 0.009 0.033 0.297 0.600 
 477 W _   0.052 0.002 0.001 0.005 0.009 0.032 0.304 0.596 
 478 Y _   0.052 0.002 0.001 0.005 0.009 0.031 0.311 0.589 
 479 A _   0.053 0.002 0.001 0.006 0.010 0.032 0.318 0.578 
 480 N _   0.054 0.003 0.001 0.008 0.011 0.032 0.326 0.565 
 481 G _   0.056 0.004 0.001 0.010 0.013 0.033 0.334 0.549 
 482 A _   0.057 0.006 0.001 0.012 0.015 0.034 0.343 0.532 
 483 A _   0.056 0.008 0.001 0.015 0.016 0.034 0.353 0.516 
 484 R _   0.055 0.010 0.001 0.017 0.017 0.033 0.363 0.503 
 485 L _   0.052 0.011 0.001 0.018 0.017 0.032 0.376 0.491 
 486 T _   0.048 0.012 0.001 0.019 0.017 0.031 0.389 0.483 
 487 A _   0.044 0.013 0.001 0.019 0.015 0.029 0.403 0.476 
 488 L _   0.039 0.013 0.001 0.018 0.013 0.027 0.418 0.472 
 489 R _   0.034 0.013 0.001 0.016 0.011 0.025 0.433 0.467 
 490 I _   0.030 0.012 0.001 0.014 0.010 0.023 0.449 0.462 
 491 K X   0.026 0.012 0.001 0.014 0.008 0.021 0.464 0.455 
 492 K X   0.023 0.012 0.001 0.013 0.007 0.019 0.478 0.447 
 493 T X   0.020 0.011 0.001 0.013 0.007 0.017 0.493 0.438 
 494 L X   0.018 0.012 0.001 0.014 0.006 0.016 0.508 0.426 
 495 S X   0.016 0.012 0.001 0.015 0.006 0.015 0.523 0.414 
 496 Q X   0.013 0.012 0.001 0.016 0.006 0.013 0.538 0.402 
 497 L X   0.011 0.011 0.001 0.016 0.005 0.012 0.552 0.393 
 498 S X   0.008 0.011 0.001 0.015 0.005 0.010 0.566 0.385 
 499 V X   0.006 0.010 0.000 0.013 0.004 0.008 0.581 0.378 
 500 Q X   0.004 0.009 0.000 0.011 0.003 0.005 0.595 0.373 
 501 E X   0.002 0.007 0.000 0.008 0.001 0.003 0.608 0.371 
 502 D X   0.001 0.004 0.000 0.004 0.000 0.001 0.617 0.372 
 503 V X   0.000 0.003 0.000 0.002 0.000 0.000 0.620 0.374 
 504 K X   0.000 0.002 0.000 0.002 0.000 0.000 0.618 0.376 
 505 I X   0.002 0.003 0.001 0.008 0.002 0.002 0.607 0.374 
