#TopoPred_TM8: 8-state transmembrane topology prediction results by no_profile mode 
#probabilities are in the order of H E C I L F X _, the 8 transmembrane topology types used in PDBTM 
   1 M X   0.009 0.001 0.002 0.043 0.008 0.008 0.817 0.112 
   2 G X   0.003 0.000 0.000 0.025 0.002 0.004 0.840 0.125 
   3 Q X   0.001 0.000 0.000 0.015 0.001 0.003 0.846 0.134 
   4 Q X   0.001 0.000 0.000 0.011 0.000 0.003 0.845 0.139 
   5 V X   0.001 0.001 0.000 0.009 0.001 0.003 0.841 0.143 
   6 G X   0.002 0.001 0.000 0.009 0.001 0.004 0.835 0.148 
   7 R X   0.002 0.001 0.000 0.009 0.001 0.005 0.829 0.153 
   8 V X   0.002 0.002 0.000 0.009 0.001 0.005 0.820 0.160 
   9 G X   0.002 0.003 0.000 0.009 0.002 0.005 0.811 0.167 
  10 E X   0.002 0.004 0.000 0.010 0.002 0.005 0.801 0.176 
  11 A X   0.002 0.005 0.000 0.010 0.002 0.005 0.791 0.185 
  12 P X   0.002 0.005 0.000 0.009 0.002 0.005 0.781 0.195 
  13 G X   0.002 0.006 0.000 0.009 0.002 0.005 0.772 0.205 
  14 L X   0.002 0.006 0.000 0.008 0.002 0.004 0.763 0.214 
  15 Q X   0.002 0.007 0.000 0.007 0.002 0.004 0.755 0.223 
  16 Q X   0.002 0.008 0.000 0.007 0.002 0.004 0.746 0.232 
  17 P X   0.002 0.008 0.000 0.006 0.002 0.004 0.737 0.240 
  18 Q X   0.002 0.009 0.000 0.007 0.002 0.004 0.727 0.248 
  19 P X   0.002 0.011 0.000 0.007 0.002 0.005 0.717 0.256 
  20 R X   0.002 0.012 0.000 0.008 0.002 0.005 0.707 0.263 
  21 G X   0.002 0.014 0.000 0.009 0.002 0.005 0.696 0.270 
  22 I X   0.003 0.017 0.000 0.011 0.002 0.005 0.685 0.277 
  23 R X   0.003 0.019 0.000 0.012 0.003 0.006 0.675 0.284 
  24 G X   0.003 0.021 0.000 0.013 0.003 0.006 0.665 0.291 
  25 S X   0.003 0.022 0.000 0.013 0.003 0.006 0.655 0.298 
  26 S X   0.003 0.023 0.000 0.013 0.003 0.006 0.646 0.307 
  27 A X   0.003 0.024 0.000 0.012 0.002 0.005 0.637 0.316 
  28 A X   0.003 0.024 0.000 0.011 0.002 0.005 0.629 0.326 
  29 R X   0.003 0.024 0.000 0.009 0.002 0.005 0.620 0.336 
  30 P X   0.003 0.025 0.000 0.008 0.002 0.005 0.611 0.347 
  31 S X   0.003 0.025 0.000 0.007 0.002 0.005 0.602 0.358 
  32 G X   0.002 0.026 0.000 0.006 0.001 0.005 0.591 0.369 
  33 R X   0.003 0.027 0.000 0.006 0.001 0.005 0.578 0.380 
  34 R X   0.003 0.030 0.000 0.006 0.002 0.006 0.563 0.390 
  35 R X   0.003 0.035 0.000 0.008 0.002 0.007 0.545 0.400 
  36 D X   0.003 0.045 0.000 0.010 0.003 0.009 0.522 0.408 
  37 P X   0.004 0.062 0.001 0.014 0.005 0.011 0.492 0.411 
  38 A X   0.005 0.094 0.001 0.021 0.007 0.014 0.453 0.405 
  39 G X   0.006 0.148 0.002 0.029 0.011 0.017 0.403 0.384 
  40 R _   0.006 0.226 0.002 0.038 0.014 0.019 0.347 0.348 
  41 T E   0.006 0.318 0.003 0.045 0.016 0.020 0.290 0.302 
  42 T E   0.005 0.410 0.002 0.050 0.017 0.018 0.242 0.255 
  43 E E   0.004 0.486 0.002 0.050 0.015 0.016 0.207 0.218 
  44 T E   0.004 0.540 0.002 0.048 0.013 0.014 0.184 0.195 
  45 G E   0.003 0.574 0.001 0.045 0.011 0.013 0.169 0.184 
  46 F E   0.003 0.594 0.001 0.041 0.009 0.012 0.159 0.181 
  47 N E   0.003 0.604 0.001 0.037 0.008 0.011 0.152 0.185 
  48 I E   0.003 0.608 0.001 0.032 0.007 0.010 0.147 0.193 
  49 F E   0.003 0.606 0.001 0.027 0.006 0.009 0.143 0.205 
  50 T E   0.003 0.601 0.001 0.023 0.005 0.009 0.140 0.219 
  51 Q E   0.003 0.593 0.001 0.019 0.005 0.009 0.137 0.233 
  52 H E   0.003 0.585 0.001 0.017 0.005 0.009 0.135 0.246 
  53 D E   0.003 0.578 0.000 0.016 0.004 0.009 0.133 0.256 
  54 H E   0.004 0.572 0.000 0.016 0.004 0.009 0.131 0.264 
  55 F E   0.004 0.567 0.001 0.018 0.005 0.009 0.129 0.269 
  56 A E   0.004 0.561 0.001 0.020 0.005 0.009 0.128 0.274 
  57 S E   0.004 0.553 0.001 0.022 0.005 0.009 0.126 0.280 
  58 C E   0.004 0.541 0.001 0.025 0.006 0.009 0.126 0.289 
  59 V E   0.005 0.522 0.001 0.027 0.006 0.009 0.126 0.305 
  60 E E   0.005 0.492 0.001 0.028 0.006 0.009 0.127 0.332 
  61 D E   0.006 0.448 0.001 0.028 0.007 0.009 0.129 0.373 
  62 G _   0.007 0.387 0.001 0.026 0.007 0.010 0.132 0.430 
  63 F _   0.008 0.315 0.001 0.023 0.007 0.010 0.136 0.501 
  64 E _   0.008 0.241 0.001 0.019 0.006 0.010 0.141 0.575 
  65 G _   0.008 0.181 0.001 0.014 0.004 0.009 0.145 0.639 
  66 D _   0.007 0.140 0.000 0.010 0.003 0.008 0.147 0.684 
  67 K _   0.006 0.116 0.000 0.007 0.002 0.007 0.148 0.713 
  68 T _   0.005 0.104 0.000 0.006 0.002 0.007 0.148 0.729 
  69 G _   0.004 0.098 0.000 0.006 0.002 0.007 0.147 0.737 
  70 G _   0.004 0.096 0.000 0.006 0.002 0.007 0.145 0.740 
  71 S _   0.004 0.097 0.000 0.008 0.002 0.007 0.143 0.739 
  72 S _   0.004 0.100 0.000 0.010 0.002 0.008 0.139 0.736 
  73 P _   0.004 0.105 0.000 0.013 0.003 0.009 0.135 0.730 
  74 E _   0.004 0.112 0.000 0.016 0.004 0.009 0.131 0.723 
  75 A _   0.004 0.119 0.001 0.018 0.004 0.010 0.127 0.718 
  76 L _   0.004 0.124 0.001 0.020 0.004 0.010 0.123 0.714 
  77 H _   0.004 0.127 0.001 0.020 0.004 0.010 0.120 0.714 
  78 R _   0.004 0.129 0.001 0.019 0.004 0.009 0.117 0.716 
  79 P _   0.004 0.130 0.001 0.018 0.004 0.009 0.114 0.720 
  80 Y _   0.004 0.129 0.000 0.015 0.004 0.009 0.112 0.725 
  81 G _   0.004 0.129 0.000 0.013 0.004 0.009 0.110 0.731 
  82 C _   0.005 0.128 0.000 0.012 0.003 0.009 0.108 0.734 
  83 D _   0.005 0.129 0.000 0.011 0.003 0.010 0.106 0.736 
  84 V _   0.005 0.132 0.000 0.011 0.004 0.010 0.104 0.733 
  85 E _   0.006 0.136 0.001 0.013 0.004 0.011 0.101 0.727 
  86 P _   0.006 0.143 0.001 0.016 0.005 0.013 0.099 0.718 
  87 Q _   0.007 0.151 0.001 0.019 0.006 0.014 0.096 0.706 
  88 A _   0.007 0.160 0.001 0.024 0.007 0.015 0.093 0.693 
  89 L _   0.008 0.166 0.001 0.028 0.008 0.015 0.091 0.683 
  90 N _   0.008 0.171 0.001 0.031 0.009 0.015 0.089 0.677 
  91 E _   0.008 0.172 0.001 0.032 0.009 0.015 0.088 0.675 
  92 A _   0.008 0.170 0.001 0.031 0.009 0.015 0.087 0.679 
  93 I _   0.008 0.165 0.001 0.030 0.008 0.014 0.086 0.688 
  94 R _   0.008 0.157 0.001 0.027 0.008 0.013 0.086 0.701 
  95 W _   0.007 0.146 0.001 0.024 0.007 0.013 0.086 0.716 
  96 S _   0.007 0.133 0.001 0.021 0.006 0.012 0.086 0.733 
  97 S _   0.007 0.119 0.001 0.019 0.006 0.012 0.087 0.749 
  98 K _   0.007 0.106 0.001 0.018 0.005 0.011 0.088 0.764 
  99 E _   0.008 0.094 0.001 0.016 0.005 0.011 0.088 0.777 
 100 N _   0.008 0.083 0.001 0.015 0.005 0.011 0.089 0.789 
 101 L _   0.008 0.072 0.001 0.014 0.004 0.011 0.090 0.801 
 102 L _   0.008 0.062 0.001 0.012 0.004 0.010 0.090 0.813 
 103 G _   0.007 0.053 0.000 0.010 0.003 0.010 0.091 0.825 
 104 A _   0.007 0.045 0.000 0.008 0.003 0.010 0.090 0.836 
 105 T _   0.007 0.039 0.000 0.006 0.003 0.010 0.090 0.844 
 106 E _   0.007 0.036 0.000 0.005 0.003 0.012 0.089 0.848 
 107 S _   0.009 0.035 0.000 0.005 0.003 0.014 0.088 0.847 
 108 D _   0.011 0.037 0.000 0.006 0.004 0.017 0.086 0.838 
 109 P _   0.015 0.043 0.001 0.008 0.007 0.022 0.084 0.819 
 110 N _   0.021 0.060 0.001 0.014 0.012 0.029 0.081 0.783 
 111 L _   0.025 0.092 0.002 0.025 0.019 0.035 0.077 0.725 
 112 F _   0.028 0.137 0.002 0.039 0.026 0.039 0.073 0.656 
 113 V _   0.029 0.183 0.002 0.055 0.030 0.041 0.069 0.590 
 114 A _   0.029 0.214 0.002 0.068 0.032 0.040 0.066 0.548 
 115 L _   0.028 0.230 0.002 0.075 0.032 0.039 0.065 0.530 
 116 Y _   0.027 0.235 0.002 0.077 0.030 0.037 0.064 0.529 
 117 D _   0.025 0.233 0.002 0.072 0.027 0.033 0.064 0.543 
 118 F _   0.023 0.222 0.002 0.062 0.023 0.029 0.065 0.573 
 119 V _   0.021 0.200 0.002 0.050 0.019 0.026 0.066 0.616 
 120 A _   0.019 0.168 0.002 0.037 0.014 0.022 0.068 0.671 
 121 S _   0.016 0.131 0.001 0.025 0.010 0.019 0.070 0.727 
 122 G _   0.014 0.099 0.001 0.017 0.007 0.016 0.072 0.774 
 123 D _   0.012 0.079 0.001 0.011 0.005 0.014 0.073 0.807 
 124 N _   0.010 0.067 0.000 0.008 0.004 0.012 0.073 0.826 
 125 T _   0.009 0.061 0.000 0.006 0.003 0.011 0.073 0.836 
 126 L _   0.008 0.059 0.000 0.006 0.003 0.011 0.073 0.840 
 127 S _   0.008 0.060 0.000 0.007 0.003 0.011 0.072 0.839 
 128 I _   0.008 0.063 0.000 0.009 0.004 0.011 0.071 0.834 
 129 T _   0.008 0.068 0.001 0.012 0.005 0.012 0.070 0.825 
 130 K _   0.008 0.076 0.001 0.016 0.006 0.013 0.068 0.812 
 131 G _   0.008 0.086 0.001 0.021 0.007 0.014 0.066 0.797 
 132 E _   0.008 0.095 0.001 0.026 0.008 0.014 0.065 0.784 
 133 K _   0.008 0.102 0.001 0.029 0.008 0.014 0.064 0.774 
 134 L _   0.008 0.106 0.001 0.031 0.008 0.014 0.063 0.768 
 135 R _   0.008 0.107 0.001 0.032 0.008 0.013 0.063 0.768 
 136 V _   0.008 0.106 0.001 0.030 0.008 0.013 0.063 0.771 
 137 L _   0.008 0.103 0.001 0.027 0.007 0.012 0.063 0.780 
 138 G _   0.007 0.097 0.001 0.023 0.006 0.011 0.064 0.791 
 139 Y _   0.007 0.090 0.001 0.019 0.005 0.010 0.064 0.804 
 140 N _   0.007 0.082 0.001 0.016 0.004 0.009 0.065 0.816 
 141 Q _   0.006 0.075 0.000 0.013 0.004 0.008 0.066 0.828 
 142 N _   0.006 0.068 0.000 0.011 0.003 0.008 0.067 0.837 
 143 G _   0.006 0.062 0.000 0.010 0.003 0.007 0.067 0.845 
 144 E _   0.005 0.059 0.000 0.009 0.003 0.007 0.068 0.849 
 145 W _   0.005 0.056 0.000 0.009 0.002 0.007 0.067 0.853 
 146 S _   0.005 0.055 0.000 0.008 0.002 0.007 0.067 0.855 
 147 E _   0.005 0.054 0.000 0.009 0.002 0.007 0.067 0.856 
 148 V _   0.005 0.055 0.000 0.009 0.003 0.007 0.066 0.856 
 149 R _   0.004 0.056 0.000 0.010 0.003 0.007 0.065 0.855 
 150 S _   0.004 0.058 0.000 0.011 0.003 0.008 0.064 0.852 
 151 K _   0.004 0.060 0.000 0.012 0.003 0.008 0.062 0.849 
 152 N _   0.005 0.064 0.000 0.014 0.004 0.009 0.061 0.844 
 153 G _   0.005 0.068 0.001 0.016 0.004 0.009 0.060 0.837 
 154 Q _   0.005 0.071 0.001 0.019 0.005 0.010 0.059 0.831 
 155 G _   0.005 0.075 0.001 0.021 0.005 0.011 0.058 0.824 
 156 W _   0.006 0.078 0.001 0.023 0.006 0.011 0.057 0.818 
 157 V _   0.006 0.079 0.001 0.025 0.006 0.012 0.056 0.815 
 158 P _   0.006 0.080 0.001 0.025 0.007 0.012 0.056 0.813 
 159 S _   0.006 0.079 0.001 0.025 0.007 0.012 0.056 0.814 
 160 N _   0.007 0.077 0.001 0.025 0.007 0.012 0.056 0.817 
 161 Y _   0.007 0.073 0.001 0.023 0.006 0.012 0.057 0.821 
 162 I _   0.007 0.068 0.001 0.022 0.006 0.011 0.057 0.828 
 163 T _   0.007 0.063 0.001 0.020 0.006 0.011 0.058 0.836 
 164 P _   0.007 0.056 0.001 0.018 0.005 0.011 0.059 0.844 
 165 V _   0.007 0.050 0.001 0.016 0.005 0.010 0.060 0.851 
 166 N _   0.007 0.044 0.001 0.014 0.004 0.010 0.060 0.859 
 167 S _   0.007 0.038 0.001 0.013 0.004 0.010 0.061 0.867 
 168 L _   0.006 0.033 0.000 0.011 0.004 0.010 0.062 0.874 
 169 E _   0.006 0.029 0.000 0.010 0.003 0.009 0.062 0.880 
 170 K _   0.006 0.025 0.000 0.009 0.003 0.009 0.062 0.885 
 171 H _   0.006 0.022 0.000 0.008 0.003 0.010 0.063 0.889 
 172 S _   0.006 0.019 0.000 0.008 0.003 0.010 0.063 0.891 
 173 W _   0.006 0.018 0.000 0.007 0.003 0.011 0.063 0.892 
 174 Y _   0.007 0.017 0.000 0.007 0.003 0.013 0.062 0.890 
 175 H _   0.008 0.017 0.000 0.007 0.004 0.015 0.062 0.887 
 176 G _   0.011 0.018 0.000 0.008 0.004 0.018 0.061 0.881 
 177 P _   0.014 0.019 0.001 0.008 0.006 0.023 0.060 0.869 
 178 V _   0.020 0.022 0.001 0.010 0.008 0.028 0.059 0.853 
 179 S _   0.027 0.026 0.001 0.011 0.011 0.035 0.057 0.831 
 180 R _   0.037 0.032 0.001 0.013 0.016 0.043 0.056 0.802 
 181 S _   0.049 0.040 0.001 0.015 0.022 0.050 0.054 0.767 
 182 A _   0.063 0.051 0.002 0.018 0.030 0.058 0.053 0.726 
 183 A _   0.077 0.064 0.002 0.021 0.037 0.064 0.052 0.684 
 184 E _   0.089 0.076 0.002 0.024 0.043 0.068 0.051 0.647 
 185 Y _   0.099 0.088 0.002 0.026 0.048 0.070 0.050 0.616 
 186 L _   0.108 0.098 0.002 0.029 0.050 0.070 0.050 0.593 
 187 L _   0.113 0.106 0.002 0.030 0.051 0.068 0.050 0.579 
 188 S _   0.115 0.111 0.002 0.032 0.050 0.066 0.051 0.574 
 189 S _   0.115 0.113 0.002 0.033 0.047 0.062 0.052 0.575 
 190 L _   0.112 0.114 0.002 0.034 0.043 0.057 0.053 0.585 
 191 I _   0.106 0.112 0.002 0.034 0.038 0.052 0.055 0.601 
 192 N _   0.098 0.107 0.002 0.034 0.033 0.046 0.058 0.622 
 193 G _   0.088 0.100 0.002 0.033 0.027 0.041 0.060 0.649 
 194 S _   0.077 0.088 0.002 0.030 0.021 0.035 0.064 0.683 
 195 F _   0.065 0.073 0.001 0.026 0.016 0.029 0.067 0.723 
 196 L _   0.053 0.055 0.001 0.020 0.011 0.024 0.070 0.765 
 197 V _   0.040 0.037 0.001 0.015 0.008 0.019 0.073 0.806 
 198 R _   0.030 0.023 0.001 0.010 0.005 0.015 0.075 0.841 
 199 E _   0.021 0.013 0.000 0.007 0.003 0.011 0.077 0.867 
 200 S _   0.015 0.008 0.000 0.004 0.002 0.009 0.077 0.883 
 201 E _   0.011 0.006 0.000 0.003 0.002 0.008 0.078 0.893 
 202 S _   0.008 0.005 0.000 0.003 0.002 0.007 0.077 0.898 
 203 S _   0.007 0.005 0.000 0.003 0.002 0.007 0.076 0.899 
 204 P _   0.007 0.007 0.000 0.004 0.002 0.009 0.075 0.896 
 205 G _   0.008 0.012 0.000 0.006 0.003 0.011 0.073 0.888 
 206 Q _   0.009 0.021 0.001 0.010 0.004 0.013 0.071 0.872 
 207 L _   0.010 0.036 0.001 0.015 0.006 0.016 0.068 0.849 
 208 S _   0.011 0.056 0.001 0.021 0.008 0.018 0.064 0.821 
 209 I _   0.011 0.077 0.001 0.027 0.011 0.021 0.061 0.793 
 210 S _   0.012 0.095 0.001 0.032 0.012 0.022 0.057 0.768 
 211 L _   0.012 0.110 0.001 0.036 0.014 0.024 0.055 0.749 
 212 R _   0.012 0.121 0.001 0.039 0.015 0.024 0.052 0.735 
 213 Y _   0.013 0.128 0.001 0.040 0.016 0.025 0.050 0.727 
 214 E _   0.014 0.131 0.001 0.040 0.016 0.025 0.049 0.724 
 215 G _   0.014 0.132 0.001 0.038 0.016 0.024 0.048 0.726 
 216 R _   0.015 0.130 0.001 0.036 0.015 0.024 0.047 0.732 
 217 V _   0.015 0.125 0.001 0.033 0.014 0.023 0.047 0.742 
 218 Y _   0.015 0.119 0.001 0.029 0.013 0.021 0.047 0.756 
 219 H _   0.014 0.110 0.001 0.025 0.011 0.020 0.047 0.772 
 220 Y _   0.014 0.099 0.001 0.021 0.009 0.018 0.048 0.790 
 221 R _   0.013 0.089 0.001 0.017 0.008 0.017 0.048 0.808 
 222 I _   0.013 0.079 0.001 0.014 0.007 0.016 0.048 0.824 
 223 N _   0.012 0.071 0.001 0.011 0.006 0.015 0.048 0.837 
 224 T _   0.011 0.066 0.001 0.009 0.005 0.015 0.048 0.846 
 225 T _   0.011 0.063 0.001 0.008 0.004 0.015 0.048 0.851 
 226 A _   0.011 0.062 0.001 0.008 0.005 0.015 0.047 0.852 
 227 D _   0.011 0.063 0.001 0.008 0.005 0.016 0.047 0.849 
 228 G _   0.012 0.066 0.001 0.010 0.006 0.017 0.046 0.843 
 229 K _   0.013 0.071 0.001 0.011 0.007 0.019 0.045 0.834 
 230 V _   0.013 0.077 0.001 0.014 0.008 0.021 0.044 0.823 
 231 Y _   0.014 0.084 0.001 0.015 0.009 0.022 0.043 0.811 
 232 V _   0.015 0.092 0.001 0.017 0.010 0.024 0.041 0.799 
 233 T _   0.016 0.099 0.001 0.018 0.011 0.026 0.040 0.788 
 234 A _   0.018 0.105 0.001 0.019 0.012 0.028 0.039 0.778 
 235 E _   0.019 0.110 0.001 0.019 0.013 0.029 0.038 0.771 
 236 S _   0.021 0.115 0.001 0.019 0.014 0.031 0.037 0.762 
 237 R _   0.023 0.120 0.001 0.019 0.015 0.033 0.036 0.753 
 238 F _   0.024 0.125 0.001 0.020 0.017 0.034 0.036 0.743 
 239 S _   0.026 0.129 0.001 0.022 0.018 0.035 0.035 0.733 
 240 T _   0.027 0.133 0.001 0.024 0.019 0.035 0.035 0.726 
 241 L _   0.028 0.137 0.001 0.025 0.019 0.035 0.035 0.720 
 242 A _   0.029 0.138 0.001 0.026 0.018 0.034 0.035 0.718 
 243 E _   0.029 0.137 0.001 0.025 0.017 0.033 0.035 0.722 
 244 L _   0.028 0.134 0.001 0.023 0.016 0.031 0.035 0.731 
 245 V _   0.028 0.129 0.001 0.020 0.014 0.030 0.036 0.743 
 246 H _   0.027 0.123 0.001 0.017 0.012 0.028 0.036 0.756 
 247 H _   0.026 0.116 0.001 0.014 0.011 0.027 0.036 0.768 
 248 H _   0.025 0.111 0.001 0.012 0.010 0.027 0.037 0.776 
 249 S _   0.025 0.108 0.001 0.012 0.010 0.027 0.037 0.780 
 250 T _   0.026 0.108 0.001 0.013 0.010 0.027 0.038 0.778 
 251 V _   0.026 0.109 0.001 0.016 0.011 0.027 0.038 0.772 
 252 A _   0.027 0.111 0.001 0.020 0.013 0.027 0.039 0.763 
 253 D _   0.027 0.115 0.001 0.025 0.014 0.027 0.039 0.753 
 254 G _   0.027 0.117 0.001 0.030 0.014 0.026 0.040 0.744 
 255 L _   0.026 0.117 0.001 0.034 0.015 0.025 0.041 0.741 
 256 V _   0.025 0.113 0.001 0.035 0.014 0.023 0.043 0.745 
 257 T _   0.023 0.106 0.001 0.034 0.013 0.021 0.045 0.758 
 258 T _   0.020 0.095 0.001 0.031 0.011 0.018 0.047 0.777 
 259 L _   0.018 0.079 0.001 0.026 0.009 0.016 0.049 0.803 
 260 H _   0.015 0.060 0.001 0.019 0.007 0.013 0.052 0.834 
 261 Y _   0.013 0.041 0.001 0.013 0.005 0.011 0.054 0.863 
 262 P _   0.010 0.027 0.000 0.009 0.003 0.009 0.055 0.886 
 263 A _   0.008 0.019 0.000 0.006 0.002 0.008 0.056 0.901 
 264 P _   0.007 0.014 0.000 0.004 0.002 0.007 0.057 0.909 
 265 K _   0.006 0.012 0.000 0.004 0.002 0.006 0.057 0.913 
 266 C _   0.006 0.012 0.000 0.004 0.002 0.007 0.057 0.913 
 267 N _   0.006 0.013 0.000 0.005 0.002 0.007 0.056 0.910 
 268 K _   0.006 0.016 0.000 0.007 0.003 0.008 0.055 0.903 
 269 P _   0.007 0.021 0.000 0.010 0.004 0.009 0.054 0.894 
 270 T _   0.007 0.028 0.001 0.013 0.005 0.010 0.053 0.883 
 271 V _   0.007 0.034 0.001 0.017 0.005 0.011 0.051 0.873 
 272 Y _   0.007 0.041 0.001 0.019 0.006 0.012 0.050 0.866 
 273 G _   0.007 0.046 0.001 0.019 0.006 0.012 0.049 0.861 
 274 V _   0.007 0.049 0.001 0.019 0.006 0.012 0.048 0.859 
 275 S _   0.007 0.052 0.001 0.018 0.005 0.011 0.047 0.860 
 276 P _   0.007 0.054 0.001 0.016 0.005 0.011 0.046 0.861 
 277 I _   0.007 0.055 0.001 0.014 0.005 0.011 0.045 0.862 
 278 H _   0.007 0.057 0.001 0.013 0.005 0.011 0.044 0.862 
 279 D _   0.007 0.060 0.001 0.013 0.005 0.012 0.043 0.860 
 280 K _   0.008 0.063 0.001 0.014 0.005 0.012 0.042 0.856 
 281 W _   0.008 0.067 0.001 0.015 0.006 0.012 0.041 0.850 
 282 E _   0.009 0.072 0.001 0.017 0.006 0.013 0.040 0.843 
 283 M _   0.009 0.076 0.001 0.019 0.007 0.013 0.040 0.836 
 284 E _   0.009 0.080 0.001 0.021 0.007 0.013 0.039 0.830 
 285 R _   0.009 0.082 0.001 0.022 0.007 0.013 0.039 0.828 
 286 T _   0.009 0.083 0.001 0.022 0.007 0.012 0.038 0.829 
 287 D _   0.008 0.082 0.001 0.020 0.006 0.012 0.038 0.833 
 288 I _   0.008 0.080 0.001 0.018 0.006 0.011 0.038 0.839 
 289 T _   0.007 0.076 0.001 0.015 0.005 0.010 0.038 0.848 
 290 M _   0.007 0.072 0.001 0.013 0.004 0.010 0.038 0.856 
 291 K _   0.007 0.068 0.000 0.010 0.004 0.009 0.038 0.864 
 292 H _   0.007 0.066 0.000 0.008 0.003 0.009 0.037 0.869 
 293 K _   0.007 0.064 0.000 0.007 0.003 0.009 0.037 0.872 
 294 L _   0.007 0.064 0.000 0.007 0.003 0.009 0.037 0.873 
 295 G _   0.007 0.066 0.000 0.007 0.003 0.010 0.036 0.870 
 296 G _   0.008 0.070 0.000 0.009 0.004 0.012 0.035 0.862 
 297 G _   0.009 0.077 0.001 0.010 0.005 0.013 0.034 0.851 
 298 Q _   0.010 0.087 0.001 0.013 0.006 0.015 0.033 0.836 
 299 Y _   0.011 0.099 0.001 0.016 0.008 0.017 0.032 0.817 
 300 G _   0.011 0.113 0.001 0.019 0.009 0.019 0.030 0.797 
 301 E _   0.012 0.126 0.001 0.022 0.011 0.021 0.029 0.777 
 302 V _   0.013 0.139 0.001 0.025 0.012 0.023 0.028 0.760 
 303 Y _   0.013 0.148 0.001 0.026 0.013 0.024 0.027 0.748 
 304 V _   0.014 0.156 0.001 0.027 0.013 0.025 0.026 0.738 
 305 G _   0.015 0.161 0.001 0.027 0.014 0.025 0.026 0.731 
 306 V _   0.016 0.164 0.001 0.026 0.014 0.026 0.025 0.728 
 307 W _   0.016 0.165 0.001 0.025 0.014 0.026 0.025 0.728 
 308 K _   0.017 0.165 0.001 0.025 0.014 0.026 0.024 0.729 
 309 K _   0.017 0.164 0.001 0.024 0.014 0.025 0.024 0.731 
 310 Y _   0.016 0.161 0.001 0.025 0.014 0.025 0.024 0.734 
 311 S _   0.016 0.158 0.001 0.025 0.014 0.024 0.024 0.737 
 312 L _   0.016 0.154 0.001 0.026 0.013 0.023 0.024 0.742 
 313 T _   0.016 0.149 0.001 0.026 0.012 0.022 0.024 0.749 
 314 V _   0.016 0.141 0.001 0.025 0.012 0.021 0.025 0.760 
 315 A _   0.015 0.131 0.001 0.024 0.011 0.020 0.025 0.773 
 316 V _   0.015 0.119 0.001 0.021 0.010 0.019 0.026 0.790 
 317 K _   0.014 0.103 0.001 0.018 0.008 0.017 0.026 0.811 
 318 T _   0.014 0.087 0.001 0.015 0.007 0.016 0.027 0.833 
 319 L _   0.013 0.072 0.001 0.012 0.006 0.016 0.027 0.853 
 320 K _   0.013 0.060 0.001 0.009 0.005 0.015 0.028 0.869 
 321 E _   0.013 0.052 0.001 0.008 0.005 0.015 0.028 0.878 
 322 D _   0.013 0.048 0.001 0.007 0.005 0.016 0.028 0.882 
 323 T _   0.014 0.046 0.001 0.008 0.005 0.017 0.028 0.882 
 324 M _   0.015 0.047 0.001 0.009 0.006 0.018 0.028 0.877 
 325 E _   0.016 0.048 0.001 0.012 0.007 0.019 0.028 0.868 
 326 V _   0.018 0.051 0.001 0.015 0.009 0.021 0.028 0.858 
 327 E _   0.019 0.054 0.001 0.019 0.010 0.022 0.027 0.847 
 328 E _   0.019 0.057 0.001 0.023 0.012 0.022 0.027 0.839 
 329 F _   0.019 0.058 0.001 0.026 0.012 0.023 0.027 0.834 
 330 L _   0.019 0.058 0.001 0.028 0.013 0.022 0.027 0.832 
 331 K _   0.019 0.056 0.001 0.029 0.012 0.022 0.027 0.834 
 332 E _   0.019 0.052 0.001 0.027 0.012 0.021 0.028 0.841 
 333 A _   0.018 0.046 0.001 0.025 0.010 0.019 0.028 0.853 
 334 A _   0.017 0.038 0.001 0.021 0.009 0.018 0.029 0.868 
 335 V _   0.017 0.029 0.001 0.016 0.007 0.016 0.030 0.885 
 336 M _   0.016 0.019 0.001 0.012 0.006 0.015 0.030 0.902 
 337 K _   0.016 0.011 0.001 0.008 0.004 0.014 0.031 0.916 
 338 E _   0.015 0.006 0.000 0.005 0.003 0.013 0.031 0.926 
 339 I _   0.016 0.003 0.000 0.004 0.003 0.014 0.031 0.930 
 340 K _   0.018 0.001 0.000 0.003 0.003 0.015 0.030 0.929 
 341 H _   0.021 0.001 0.000 0.003 0.003 0.018 0.030 0.923 
 342 P _   0.028 0.001 0.000 0.003 0.005 0.022 0.029 0.912 
 343 N _   0.037 0.001 0.001 0.005 0.007 0.028 0.029 0.893 
 344 L _   0.048 0.003 0.001 0.008 0.011 0.035 0.028 0.867 
 345 V _   0.059 0.006 0.001 0.012 0.017 0.042 0.027 0.836 
 346 Q _   0.069 0.010 0.002 0.018 0.024 0.048 0.026 0.804 
 347 L _   0.077 0.014 0.002 0.024 0.029 0.053 0.025 0.777 
 348 L _   0.083 0.017 0.002 0.029 0.034 0.056 0.024 0.756 
 349 G _   0.088 0.019 0.002 0.031 0.036 0.057 0.023 0.745 
 350 V _   0.091 0.019 0.002 0.029 0.036 0.057 0.023 0.744 
 351 C _   0.091 0.018 0.002 0.026 0.034 0.055 0.022 0.752 
 352 T _   0.090 0.016 0.002 0.021 0.031 0.053 0.022 0.765 
 353 L _   0.087 0.013 0.002 0.016 0.027 0.051 0.022 0.782 
 354 E _   0.083 0.011 0.001 0.013 0.023 0.048 0.022 0.798 
 355 P _   0.079 0.009 0.001 0.011 0.020 0.045 0.022 0.813 
 356 P _   0.073 0.008 0.001 0.010 0.018 0.043 0.022 0.826 
 357 F _   0.067 0.007 0.001 0.010 0.016 0.040 0.022 0.836 
 358 Y _   0.061 0.008 0.001 0.011 0.016 0.038 0.022 0.843 
 359 I _   0.056 0.008 0.001 0.013 0.015 0.036 0.022 0.848 
 360 V _   0.050 0.009 0.001 0.016 0.015 0.034 0.022 0.854 
 361 T _   0.044 0.009 0.001 0.017 0.014 0.031 0.022 0.861 
 362 E _   0.037 0.009 0.001 0.018 0.013 0.028 0.022 0.871 
 363 Y _   0.031 0.009 0.001 0.018 0.012 0.025 0.022 0.882 
 364 M _   0.026 0.008 0.001 0.017 0.010 0.022 0.022 0.894 
 365 P _   0.021 0.007 0.001 0.015 0.009 0.019 0.022 0.905 
 366 Y _   0.018 0.006 0.001 0.014 0.007 0.017 0.022 0.916 
 367 G _   0.016 0.005 0.001 0.012 0.006 0.015 0.021 0.925 
 368 N _   0.014 0.004 0.001 0.010 0.005 0.013 0.021 0.932 
 369 L _   0.014 0.003 0.001 0.009 0.004 0.012 0.021 0.937 
 370 L _   0.016 0.002 0.000 0.008 0.004 0.011 0.020 0.939 
 371 D _   0.018 0.001 0.000 0.006 0.004 0.010 0.020 0.940 
 372 Y _   0.024 0.001 0.000 0.005 0.003 0.010 0.019 0.938 
 373 L _   0.033 0.000 0.000 0.004 0.003 0.009 0.018 0.932 
 374 R _   0.049 0.000 0.000 0.003 0.003 0.009 0.017 0.918 
 375 E _   0.074 0.000 0.001 0.003 0.004 0.010 0.015 0.894 
 376 C _   0.116 0.000 0.001 0.002 0.004 0.011 0.013 0.853 
 377 N _   0.178 0.000 0.001 0.001 0.005 0.012 0.011 0.791 
 378 R _   0.263 0.000 0.001 0.001 0.007 0.013 0.009 0.707 
 379 E _   0.373 0.000 0.001 0.001 0.009 0.014 0.007 0.595 
 380 E H   0.498 0.000 0.001 0.001 0.011 0.015 0.005 0.468 
 381 V H   0.616 0.000 0.001 0.001 0.014 0.015 0.004 0.350 
 382 T H   0.717 0.000 0.001 0.001 0.016 0.014 0.003 0.248 
 383 A H   0.790 0.000 0.001 0.001 0.017 0.013 0.002 0.176 
 384 V H   0.839 0.000 0.001 0.001 0.018 0.012 0.002 0.128 
 385 V H   0.869 0.000 0.001 0.001 0.018 0.011 0.001 0.100 
 386 L H   0.883 0.000 0.001 0.001 0.018 0.010 0.001 0.086 
 387 L H   0.885 0.000 0.001 0.001 0.018 0.009 0.001 0.084 
 388 Y H   0.877 0.000 0.001 0.001 0.018 0.009 0.002 0.092 
 389 M H   0.856 0.000 0.001 0.001 0.018 0.009 0.002 0.112 
 390 A H   0.820 0.000 0.001 0.001 0.018 0.010 0.003 0.147 
 391 T H   0.766 0.000 0.001 0.001 0.017 0.010 0.004 0.200 
 392 Q H   0.695 0.000 0.001 0.001 0.016 0.011 0.005 0.269 
 393 I H   0.613 0.000 0.001 0.002 0.015 0.012 0.008 0.349 
 394 S H   0.527 0.000 0.001 0.002 0.013 0.013 0.010 0.433 
 395 S _   0.438 0.000 0.001 0.003 0.012 0.014 0.014 0.517 
 396 A _   0.353 0.000 0.001 0.005 0.011 0.015 0.017 0.598 
 397 M _   0.275 0.000 0.001 0.006 0.010 0.015 0.021 0.673 
 398 E _   0.205 0.000 0.001 0.007 0.008 0.014 0.024 0.739 
 399 Y _   0.147 0.001 0.001 0.008 0.007 0.013 0.027 0.796 
 400 L _   0.102 0.001 0.001 0.007 0.006 0.012 0.029 0.842 
 401 E _   0.069 0.000 0.001 0.006 0.004 0.011 0.031 0.877 
 402 K _   0.046 0.000 0.000 0.005 0.003 0.010 0.033 0.902 
 403 K _   0.031 0.000 0.000 0.004 0.003 0.009 0.034 0.919 
 404 N _   0.021 0.001 0.000 0.004 0.002 0.008 0.034 0.929 
 405 F _   0.016 0.001 0.000 0.004 0.002 0.008 0.035 0.934 
 406 I _   0.013 0.001 0.000 0.004 0.002 0.009 0.035 0.936 
 407 H _   0.011 0.002 0.000 0.005 0.003 0.010 0.035 0.934 
 408 R _   0.011 0.004 0.000 0.007 0.004 0.011 0.034 0.929 
 409 D _   0.011 0.006 0.001 0.009 0.004 0.012 0.034 0.923 
 410 L _   0.011 0.010 0.001 0.011 0.005 0.013 0.033 0.915 
 411 A _   0.011 0.013 0.001 0.014 0.006 0.015 0.033 0.907 
 412 A _   0.012 0.017 0.001 0.015 0.007 0.016 0.032 0.900 
 413 R _   0.013 0.020 0.001 0.016 0.008 0.017 0.031 0.894 
 414 N _   0.014 0.023 0.001 0.016 0.008 0.018 0.031 0.890 
 415 C _   0.014 0.025 0.001 0.015 0.008 0.019 0.030 0.887 
 416 L _   0.016 0.027 0.001 0.015 0.008 0.020 0.030 0.884 
 417 V _   0.017 0.029 0.001 0.014 0.008 0.021 0.030 0.881 
 418 G _   0.018 0.031 0.001 0.013 0.009 0.022 0.029 0.877 
 419 E _   0.019 0.034 0.001 0.013 0.009 0.023 0.029 0.872 
 420 N _   0.021 0.037 0.001 0.014 0.010 0.025 0.028 0.864 
 421 H _   0.023 0.041 0.001 0.015 0.011 0.026 0.028 0.855 
 422 V _   0.025 0.046 0.001 0.016 0.012 0.027 0.028 0.845 
 423 V _   0.026 0.052 0.001 0.018 0.013 0.028 0.027 0.834 
 424 K _   0.026 0.058 0.001 0.020 0.014 0.029 0.027 0.825 
 425 V _   0.026 0.064 0.001 0.022 0.014 0.029 0.027 0.817 
 426 A _   0.026 0.068 0.001 0.024 0.015 0.029 0.027 0.810 
 427 D _   0.025 0.072 0.001 0.026 0.015 0.028 0.026 0.805 
 428 F _   0.024 0.075 0.001 0.028 0.015 0.027 0.026 0.803 
 429 G _   0.023 0.076 0.001 0.029 0.015 0.026 0.026 0.804 
 430 L _   0.022 0.075 0.001 0.029 0.014 0.024 0.027 0.808 
 431 S _   0.020 0.072 0.001 0.029 0.013 0.022 0.027 0.816 
 432 R _   0.018 0.068 0.001 0.027 0.011 0.020 0.028 0.826 
 433 L _   0.016 0.061 0.001 0.024 0.010 0.018 0.028 0.841 
 434 M _   0.015 0.053 0.001 0.021 0.008 0.016 0.029 0.858 
 435 T _   0.013 0.044 0.001 0.017 0.006 0.014 0.030 0.876 
 436 G _   0.011 0.035 0.001 0.013 0.005 0.012 0.030 0.892 
 437 D _   0.010 0.027 0.001 0.010 0.004 0.010 0.031 0.907 
 438 T _   0.009 0.021 0.000 0.008 0.003 0.009 0.031 0.918 
 439 Y _   0.008 0.018 0.000 0.006 0.003 0.009 0.031 0.925 
 440 T _   0.008 0.016 0.000 0.006 0.003 0.008 0.031 0.929 
 441 A _   0.007 0.015 0.000 0.006 0.003 0.009 0.030 0.930 
 442 H _   0.007 0.015 0.000 0.007 0.003 0.009 0.030 0.928 
 443 A _   0.008 0.016 0.000 0.008 0.004 0.010 0.029 0.925 
 444 G _   0.008 0.018 0.001 0.011 0.004 0.011 0.028 0.918 
 445 A _   0.009 0.021 0.001 0.014 0.005 0.013 0.027 0.911 
 446 K _   0.009 0.024 0.001 0.017 0.006 0.014 0.026 0.903 
 447 F _   0.009 0.027 0.001 0.020 0.007 0.015 0.025 0.896 
 448 P _   0.010 0.029 0.001 0.022 0.008 0.016 0.024 0.891 
 449 I _   0.010 0.030 0.001 0.023 0.008 0.016 0.024 0.888 
 450 K _   0.010 0.030 0.001 0.023 0.009 0.016 0.023 0.889 
 451 W _   0.010 0.029 0.001 0.022 0.008 0.016 0.022 0.891 
 452 T _   0.010 0.028 0.001 0.021 0.008 0.016 0.021 0.894 
 453 A _   0.011 0.026 0.001 0.020 0.008 0.017 0.021 0.897 
 454 P _   0.012 0.024 0.001 0.019 0.008 0.017 0.020 0.900 
 455 E _   0.013 0.021 0.001 0.017 0.008 0.017 0.020 0.903 
 456 S _   0.015 0.018 0.001 0.016 0.008 0.017 0.020 0.906 
 457 L _   0.017 0.015 0.001 0.015 0.007 0.017 0.019 0.909 
 458 A _   0.021 0.012 0.001 0.013 0.007 0.017 0.019 0.911 
 459 Y _   0.027 0.008 0.001 0.011 0.007 0.016 0.018 0.912 
 460 N _   0.035 0.005 0.001 0.009 0.006 0.016 0.017 0.910 
 461 T _   0.047 0.003 0.001 0.007 0.006 0.016 0.017 0.903 
 462 F _   0.067 0.001 0.001 0.005 0.006 0.017 0.016 0.888 
 463 S _   0.096 0.000 0.001 0.003 0.006 0.017 0.014 0.862 
 464 I _   0.138 0.000 0.001 0.003 0.007 0.018 0.013 0.821 
 465 K _   0.196 0.000 0.001 0.002 0.008 0.020 0.012 0.762 
 466 S _   0.270 0.000 0.001 0.002 0.010 0.021 0.010 0.686 
 467 D _   0.358 0.000 0.001 0.002 0.013 0.023 0.008 0.594 
 468 V _   0.453 0.000 0.001 0.002 0.017 0.025 0.007 0.495 
 469 W H   0.544 0.000 0.001 0.002 0.021 0.026 0.006 0.399 
 470 A H   0.617 0.000 0.002 0.002 0.026 0.027 0.006 0.322 
 471 F H   0.671 0.000 0.002 0.002 0.030 0.027 0.005 0.264 
 472 G H   0.708 0.000 0.002 0.002 0.033 0.026 0.005 0.224 
 473 V H   0.730 0.000 0.002 0.002 0.035 0.025 0.005 0.200 
 474 L H   0.736 0.000 0.002 0.003 0.036 0.024 0.006 0.193 
 475 L H   0.728 0.000 0.002 0.003 0.037 0.023 0.007 0.200 
 476 W H   0.704 0.000 0.002 0.004 0.036 0.022 0.008 0.224 
 477 E H   0.661 0.000 0.002 0.004 0.034 0.021 0.010 0.267 
 478 I H   0.597 0.000 0.002 0.005 0.030 0.020 0.013 0.333 
 479 A H   0.511 0.000 0.002 0.006 0.025 0.019 0.016 0.421 
 480 T _   0.413 0.000 0.002 0.005 0.018 0.017 0.020 0.524 
 481 Y _   0.316 0.000 0.001 0.005 0.013 0.015 0.024 0.626 
 482 G _   0.226 0.000 0.001 0.004 0.008 0.013 0.028 0.719 
 483 M _   0.152 0.000 0.001 0.003 0.006 0.011 0.031 0.795 
 484 S _   0.099 0.000 0.001 0.003 0.004 0.010 0.034 0.849 
 485 P _   0.064 0.000 0.000 0.003 0.003 0.009 0.036 0.885 
 486 Y _   0.042 0.000 0.000 0.003 0.003 0.009 0.037 0.905 
 487 P _   0.030 0.001 0.000 0.003 0.003 0.010 0.039 0.915 
 488 G _   0.023 0.003 0.000 0.004 0.003 0.011 0.039 0.916 
 489 I _   0.019 0.007 0.000 0.007 0.004 0.013 0.040 0.910 
 490 D _   0.018 0.015 0.001 0.011 0.006 0.015 0.040 0.895 
 491 L _   0.016 0.028 0.001 0.016 0.008 0.017 0.040 0.874 
 492 S _   0.015 0.043 0.001 0.022 0.009 0.018 0.040 0.851 
 493 Q _   0.014 0.058 0.001 0.029 0.011 0.019 0.040 0.828 
 494 V _   0.013 0.070 0.001 0.034 0.012 0.019 0.041 0.810 
 495 Y _   0.013 0.078 0.001 0.037 0.012 0.019 0.041 0.798 
 496 D _   0.012 0.084 0.001 0.039 0.012 0.019 0.042 0.792 
 497 L _   0.012 0.086 0.001 0.038 0.011 0.018 0.043 0.791 
 498 L _   0.012 0.085 0.001 0.036 0.010 0.017 0.045 0.795 
 499 E _   0.011 0.082 0.001 0.033 0.009 0.016 0.047 0.801 
 500 K _   0.011 0.077 0.001 0.029 0.008 0.014 0.049 0.811 
 501 G _   0.011 0.070 0.001 0.025 0.007 0.013 0.051 0.824 
 502 Y _   0.010 0.061 0.001 0.020 0.005 0.011 0.054 0.838 
 503 R _   0.009 0.052 0.001 0.015 0.004 0.010 0.056 0.853 
 504 M _   0.008 0.043 0.000 0.012 0.003 0.009 0.058 0.866 
 505 E _   0.008 0.036 0.000 0.008 0.003 0.008 0.060 0.878 
 506 Q _   0.007 0.031 0.000 0.006 0.002 0.007 0.061 0.886 
 507 P _   0.006 0.029 0.000 0.004 0.002 0.007 0.061 0.891 
 508 E _   0.006 0.028 0.000 0.004 0.002 0.007 0.061 0.892 
 509 G _   0.006 0.030 0.000 0.004 0.002 0.008 0.060 0.889 
 510 C _   0.007 0.036 0.000 0.005 0.003 0.011 0.059 0.878 
 511 P _   0.010 0.051 0.001 0.009 0.005 0.015 0.057 0.852 
 512 P _   0.012 0.088 0.001 0.016 0.009 0.020 0.054 0.800 
 513 K _   0.014 0.160 0.002 0.028 0.015 0.024 0.049 0.708 
 514 V _   0.014 0.263 0.002 0.042 0.019 0.026 0.044 0.590 
 515 Y _   0.013 0.363 0.002 0.054 0.021 0.026 0.039 0.482 
 516 E E   0.011 0.432 0.002 0.063 0.020 0.024 0.036 0.411 
 517 L E   0.010 0.470 0.001 0.069 0.019 0.023 0.034 0.374 
 518 M E   0.009 0.487 0.001 0.071 0.018 0.021 0.033 0.360 
 519 R E   0.008 0.492 0.001 0.069 0.016 0.020 0.033 0.360 
 520 A E   0.008 0.487 0.001 0.065 0.015 0.018 0.033 0.372 
 521 C E   0.008 0.469 0.001 0.057 0.014 0.017 0.034 0.399 
 522 W _   0.009 0.435 0.001 0.047 0.012 0.015 0.036 0.444 
 523 K _   0.009 0.381 0.002 0.037 0.011 0.014 0.039 0.508 
 524 W _   0.009 0.317 0.001 0.027 0.009 0.013 0.042 0.582 
 525 S _   0.009 0.257 0.001 0.018 0.007 0.013 0.044 0.651 
 526 P _   0.008 0.214 0.001 0.012 0.005 0.012 0.047 0.701 
 527 A _   0.008 0.190 0.000 0.008 0.003 0.011 0.048 0.731 
 528 D _   0.007 0.178 0.000 0.006 0.003 0.011 0.049 0.745 
 529 R _   0.007 0.174 0.000 0.006 0.003 0.012 0.049 0.748 
 530 P _   0.008 0.176 0.000 0.007 0.003 0.013 0.049 0.744 
 531 S _   0.009 0.183 0.001 0.009 0.004 0.015 0.048 0.730 
 532 F _   0.010 0.199 0.001 0.014 0.007 0.018 0.047 0.705 
 533 A _   0.011 0.225 0.001 0.020 0.009 0.020 0.046 0.668 
 534 E _   0.012 0.256 0.001 0.028 0.012 0.021 0.044 0.625 
 535 T _   0.012 0.284 0.001 0.036 0.014 0.022 0.043 0.587 
 536 H _   0.012 0.305 0.001 0.043 0.015 0.022 0.042 0.560 
 537 Q _   0.012 0.316 0.001 0.048 0.015 0.022 0.041 0.544 
 538 A _   0.012 0.320 0.001 0.049 0.015 0.021 0.041 0.540 
 539 F _   0.012 0.318 0.001 0.048 0.014 0.020 0.042 0.546 
 540 E _   0.011 0.307 0.001 0.043 0.013 0.018 0.043 0.563 
 541 T _   0.011 0.288 0.001 0.037 0.011 0.016 0.044 0.591 
 542 M _   0.010 0.259 0.001 0.029 0.009 0.014 0.046 0.630 
 543 F _   0.010 0.225 0.001 0.021 0.007 0.013 0.048 0.674 
 544 H _   0.009 0.194 0.001 0.015 0.006 0.012 0.050 0.713 
 545 D _   0.008 0.171 0.001 0.010 0.004 0.011 0.052 0.743 
 546 S _   0.007 0.157 0.000 0.008 0.003 0.010 0.053 0.761 
 547 S _   0.007 0.150 0.000 0.007 0.003 0.010 0.053 0.769 
 548 I _   0.007 0.149 0.000 0.007 0.003 0.011 0.054 0.769 
 549 S _   0.007 0.151 0.000 0.009 0.004 0.012 0.054 0.763 
 550 E _   0.008 0.158 0.001 0.013 0.005 0.013 0.053 0.749 
 551 E _   0.009 0.168 0.001 0.017 0.006 0.014 0.053 0.732 
 552 V _   0.009 0.180 0.001 0.022 0.008 0.015 0.053 0.713 
 553 A _   0.010 0.189 0.001 0.026 0.009 0.016 0.052 0.697 
 554 E _   0.010 0.196 0.001 0.029 0.009 0.016 0.053 0.686 
 555 E _   0.010 0.198 0.001 0.030 0.010 0.016 0.053 0.682 
 556 L _   0.010 0.198 0.001 0.028 0.009 0.016 0.054 0.685 
 557 G _   0.010 0.193 0.001 0.025 0.009 0.015 0.055 0.692 
 558 R _   0.010 0.187 0.001 0.022 0.008 0.015 0.057 0.702 
 559 A _   0.010 0.178 0.001 0.018 0.007 0.014 0.059 0.713 
 560 A _   0.010 0.168 0.001 0.016 0.007 0.014 0.061 0.724 
 561 S _   0.010 0.159 0.001 0.014 0.006 0.014 0.063 0.733 
 562 S _   0.011 0.152 0.001 0.013 0.006 0.014 0.065 0.738 
 563 S _   0.011 0.147 0.001 0.013 0.006 0.014 0.068 0.740 
 564 S _   0.012 0.143 0.001 0.014 0.006 0.015 0.070 0.740 
 565 V _   0.012 0.141 0.001 0.015 0.007 0.015 0.072 0.737 
 566 V _   0.013 0.138 0.001 0.016 0.007 0.015 0.075 0.733 
 567 P _   0.014 0.135 0.001 0.018 0.008 0.015 0.078 0.731 
 568 Y _   0.014 0.131 0.001 0.018 0.008 0.015 0.082 0.731 
 569 L _   0.014 0.126 0.001 0.018 0.008 0.015 0.086 0.733 
 570 P _   0.013 0.119 0.001 0.018 0.008 0.015 0.090 0.737 
 571 R _   0.013 0.111 0.001 0.017 0.007 0.014 0.094 0.743 
 572 L _   0.012 0.102 0.001 0.015 0.006 0.014 0.099 0.750 
 573 P _   0.012 0.094 0.001 0.014 0.006 0.013 0.104 0.756 
 574 I _   0.011 0.087 0.001 0.013 0.005 0.013 0.109 0.761 
 575 L _   0.011 0.081 0.001 0.013 0.005 0.012 0.114 0.764 
 576 P _   0.010 0.077 0.001 0.013 0.005 0.012 0.118 0.765 
 577 S _   0.010 0.073 0.001 0.013 0.005 0.011 0.123 0.765 
 578 K _   0.010 0.069 0.001 0.014 0.005 0.011 0.127 0.764 
 579 T _   0.009 0.066 0.001 0.014 0.005 0.011 0.132 0.763 
 580 R _   0.009 0.062 0.001 0.015 0.004 0.010 0.137 0.762 
 581 T _   0.008 0.058 0.001 0.014 0.004 0.010 0.142 0.763 
 582 L _   0.008 0.053 0.001 0.014 0.004 0.009 0.146 0.766 
 583 K _   0.007 0.049 0.000 0.012 0.003 0.008 0.151 0.769 
 584 K _   0.007 0.044 0.000 0.011 0.003 0.007 0.156 0.772 
 585 Q _   0.006 0.040 0.000 0.009 0.002 0.007 0.160 0.776 
 586 V _   0.006 0.036 0.000 0.008 0.002 0.006 0.163 0.779 
 587 E _   0.005 0.034 0.000 0.007 0.002 0.006 0.166 0.781 
 588 N _   0.005 0.033 0.000 0.006 0.002 0.005 0.168 0.781 
 589 K _   0.005 0.032 0.000 0.006 0.002 0.005 0.169 0.781 
 590 E _   0.004 0.033 0.000 0.006 0.002 0.005 0.170 0.779 
 591 N _   0.004 0.035 0.000 0.007 0.002 0.006 0.171 0.776 
 592 I _   0.004 0.038 0.000 0.008 0.002 0.006 0.171 0.771 
 593 E _   0.004 0.042 0.000 0.009 0.002 0.006 0.171 0.766 
 594 G _   0.004 0.047 0.000 0.010 0.002 0.007 0.170 0.761 
 595 A _   0.004 0.052 0.000 0.011 0.002 0.007 0.168 0.755 
 596 Q _   0.004 0.058 0.000 0.011 0.003 0.007 0.167 0.750 
 597 D _   0.004 0.065 0.000 0.011 0.003 0.007 0.165 0.745 
 598 A _   0.004 0.072 0.000 0.011 0.003 0.008 0.163 0.739 
 599 T _   0.004 0.081 0.000 0.011 0.003 0.008 0.161 0.732 
 600 E _   0.004 0.092 0.000 0.012 0.003 0.009 0.158 0.722 
 601 N _   0.004 0.106 0.000 0.013 0.004 0.011 0.155 0.707 
 602 S _   0.005 0.127 0.001 0.015 0.005 0.012 0.151 0.685 
 603 A _   0.006 0.156 0.001 0.019 0.006 0.014 0.147 0.651 
 604 S _   0.007 0.198 0.001 0.024 0.009 0.016 0.141 0.604 
 605 S _   0.008 0.251 0.001 0.031 0.011 0.018 0.136 0.544 
 606 L _   0.008 0.310 0.002 0.039 0.013 0.019 0.131 0.478 
 607 A _   0.008 0.362 0.002 0.047 0.015 0.020 0.127 0.420 
 608 P E   0.008 0.401 0.001 0.054 0.015 0.020 0.124 0.376 
 609 G E   0.008 0.423 0.001 0.060 0.015 0.019 0.124 0.350 
 610 F E   0.008 0.434 0.001 0.062 0.015 0.019 0.124 0.337 
 611 I E   0.008 0.435 0.001 0.062 0.014 0.018 0.126 0.335 
 612 R E   0.009 0.429 0.001 0.059 0.013 0.017 0.129 0.344 
 613 G E   0.009 0.411 0.001 0.053 0.013 0.016 0.133 0.364 
 614 A _   0.009 0.379 0.001 0.046 0.012 0.015 0.140 0.398 
 615 Q _   0.010 0.328 0.001 0.038 0.011 0.014 0.149 0.449 
 616 A _   0.010 0.266 0.001 0.031 0.009 0.013 0.160 0.509 
 617 S _   0.010 0.204 0.001 0.024 0.008 0.013 0.172 0.568 
 618 S _   0.010 0.153 0.001 0.019 0.006 0.012 0.183 0.616 
 619 G _   0.009 0.117 0.001 0.015 0.005 0.011 0.193 0.650 
 620 S _   0.009 0.092 0.001 0.012 0.004 0.010 0.200 0.672 
 621 P _   0.008 0.076 0.000 0.011 0.003 0.009 0.206 0.687 
 622 A _   0.007 0.064 0.000 0.010 0.003 0.009 0.211 0.696 
 623 L _   0.007 0.056 0.000 0.009 0.002 0.008 0.215 0.703 
 624 P _   0.006 0.049 0.000 0.009 0.002 0.007 0.218 0.708 
 625 R _   0.006 0.044 0.000 0.008 0.002 0.007 0.220 0.713 
 626 K _   0.005 0.041 0.000 0.007 0.002 0.006 0.221 0.718 
 627 Q _   0.004 0.038 0.000 0.006 0.002 0.006 0.221 0.722 
 628 R _   0.004 0.036 0.000 0.006 0.001 0.005 0.221 0.726 
 629 D _   0.004 0.036 0.000 0.005 0.001 0.005 0.220 0.728 
 630 K _   0.004 0.036 0.000 0.005 0.001 0.006 0.219 0.729 
 631 S _   0.004 0.039 0.000 0.006 0.002 0.006 0.216 0.728 
 632 P _   0.004 0.043 0.000 0.007 0.002 0.007 0.213 0.724 
 633 S _   0.004 0.052 0.000 0.009 0.003 0.008 0.208 0.715 
 634 S _   0.004 0.065 0.000 0.013 0.004 0.010 0.203 0.701 
 635 L _   0.005 0.082 0.001 0.018 0.005 0.011 0.197 0.682 
 636 L _   0.005 0.103 0.001 0.022 0.006 0.012 0.191 0.660 
 637 E _   0.005 0.122 0.001 0.027 0.007 0.013 0.186 0.640 
 638 D _   0.005 0.138 0.001 0.030 0.007 0.013 0.181 0.625 
 639 A _   0.005 0.149 0.001 0.031 0.007 0.013 0.178 0.616 
 640 K _   0.006 0.156 0.001 0.030 0.007 0.013 0.175 0.612 
 641 E _   0.006 0.159 0.001 0.028 0.007 0.013 0.173 0.613 
 642 T _   0.006 0.160 0.001 0.025 0.006 0.012 0.172 0.618 
 643 C _   0.006 0.159 0.001 0.022 0.006 0.012 0.171 0.624 
 644 F _   0.006 0.156 0.001 0.019 0.005 0.012 0.171 0.631 
 645 T _   0.006 0.153 0.001 0.016 0.005 0.012 0.171 0.637 
 646 R _   0.006 0.150 0.001 0.014 0.005 0.012 0.171 0.641 
 647 D _   0.007 0.148 0.001 0.013 0.005 0.012 0.171 0.643 
 648 R _   0.007 0.147 0.001 0.014 0.005 0.012 0.172 0.642 
 649 K _   0.007 0.148 0.001 0.016 0.005 0.013 0.172 0.639 
 650 G _   0.008 0.149 0.001 0.018 0.006 0.013 0.172 0.633 
 651 G _   0.008 0.151 0.001 0.022 0.007 0.013 0.172 0.626 
 652 F _   0.009 0.151 0.001 0.025 0.007 0.013 0.173 0.621 
 653 F _   0.009 0.150 0.001 0.027 0.008 0.013 0.174 0.618 
 654 S _   0.009 0.145 0.001 0.028 0.008 0.013 0.176 0.620 
 655 S _   0.009 0.137 0.001 0.028 0.007 0.012 0.179 0.627 
 656 F _   0.009 0.125 0.001 0.025 0.007 0.011 0.182 0.640 
 657 M _   0.008 0.108 0.001 0.022 0.006 0.010 0.186 0.658 
 658 K _   0.008 0.089 0.001 0.018 0.005 0.009 0.190 0.680 
 659 K _   0.008 0.069 0.001 0.014 0.004 0.009 0.195 0.702 
 660 R _   0.008 0.051 0.000 0.010 0.003 0.008 0.199 0.720 
 661 N _   0.007 0.039 0.000 0.008 0.002 0.007 0.202 0.735 
 662 A _   0.006 0.030 0.000 0.006 0.002 0.006 0.205 0.744 
 663 P _   0.006 0.026 0.000 0.005 0.002 0.006 0.206 0.749 
