#TopoPred_TM8: 8-state transmembrane topology prediction results by no_profile mode 
#probabilities are in the order of H E C I L F X _, the 8 transmembrane topology types used in PDBTM 
   1 M X   0.006 0.000 0.002 0.032 0.006 0.006 0.887 0.062 
   2 G X   0.002 0.000 0.000 0.017 0.001 0.002 0.912 0.066 
   3 D X   0.001 0.000 0.000 0.009 0.000 0.001 0.919 0.069 
   4 T X   0.001 0.000 0.000 0.007 0.000 0.001 0.920 0.070 
   5 V X   0.001 0.000 0.000 0.006 0.000 0.002 0.919 0.072 
   6 V X   0.001 0.000 0.000 0.006 0.001 0.002 0.917 0.074 
   7 E X   0.001 0.000 0.000 0.006 0.001 0.003 0.914 0.076 
   8 P X   0.001 0.000 0.000 0.006 0.001 0.003 0.911 0.078 
   9 A X   0.001 0.001 0.000 0.006 0.001 0.003 0.907 0.081 
  10 P X   0.001 0.001 0.000 0.006 0.001 0.003 0.903 0.085 
  11 L X   0.001 0.001 0.000 0.006 0.001 0.003 0.899 0.089 
  12 K X   0.001 0.001 0.000 0.005 0.001 0.002 0.895 0.094 
  13 P X   0.001 0.001 0.000 0.005 0.001 0.002 0.892 0.099 
  14 T X   0.001 0.001 0.000 0.004 0.001 0.002 0.888 0.104 
  15 S X   0.001 0.000 0.000 0.003 0.001 0.002 0.884 0.109 
  16 E X   0.001 0.000 0.000 0.003 0.001 0.002 0.879 0.114 
  17 P X   0.001 0.000 0.000 0.002 0.001 0.002 0.874 0.121 
  18 T X   0.001 0.000 0.000 0.002 0.001 0.001 0.867 0.128 
  19 S X   0.001 0.000 0.000 0.002 0.001 0.002 0.859 0.136 
  20 G X   0.001 0.000 0.000 0.002 0.001 0.002 0.848 0.147 
  21 P X   0.001 0.000 0.000 0.002 0.001 0.003 0.835 0.159 
  22 P X   0.001 0.001 0.000 0.002 0.001 0.004 0.818 0.173 
  23 G X   0.002 0.002 0.000 0.003 0.002 0.007 0.797 0.188 
  24 N X   0.004 0.004 0.000 0.006 0.003 0.012 0.770 0.202 
  25 N X   0.006 0.011 0.001 0.010 0.006 0.019 0.733 0.214 
  26 G X   0.010 0.026 0.001 0.018 0.013 0.030 0.683 0.218 
  27 G X   0.015 0.058 0.002 0.030 0.024 0.042 0.619 0.211 
  28 S X   0.019 0.105 0.003 0.043 0.036 0.051 0.549 0.193 
  29 L X   0.022 0.159 0.004 0.057 0.045 0.058 0.484 0.172 
  30 L X   0.024 0.204 0.003 0.069 0.051 0.061 0.432 0.156 
  31 S X   0.026 0.235 0.003 0.078 0.054 0.061 0.394 0.149 
  32 V X   0.028 0.253 0.003 0.082 0.055 0.061 0.367 0.151 
  33 I X   0.030 0.261 0.003 0.083 0.055 0.059 0.347 0.162 
  34 T X   0.032 0.262 0.003 0.079 0.052 0.056 0.332 0.183 
  35 E X   0.033 0.255 0.003 0.072 0.049 0.052 0.321 0.215 
  36 G X   0.034 0.238 0.003 0.061 0.043 0.048 0.312 0.260 
  37 V _   0.034 0.209 0.003 0.049 0.037 0.044 0.306 0.318 
  38 G _   0.034 0.169 0.002 0.038 0.030 0.040 0.300 0.387 
  39 E _   0.032 0.124 0.002 0.028 0.023 0.036 0.297 0.460 
  40 L _   0.029 0.082 0.002 0.020 0.017 0.032 0.293 0.526 
  41 S _   0.025 0.053 0.001 0.014 0.012 0.028 0.290 0.576 
  42 V _   0.022 0.034 0.001 0.011 0.009 0.025 0.287 0.611 
  43 I _   0.019 0.023 0.001 0.009 0.007 0.022 0.283 0.636 
  44 D _   0.017 0.017 0.001 0.008 0.006 0.020 0.280 0.653 
  45 P _   0.016 0.013 0.001 0.007 0.005 0.019 0.276 0.664 
  46 E _   0.015 0.010 0.001 0.007 0.005 0.018 0.271 0.672 
  47 V _   0.015 0.009 0.001 0.008 0.005 0.018 0.267 0.678 
  48 A _   0.015 0.007 0.001 0.008 0.005 0.018 0.263 0.683 
  49 Q _   0.015 0.007 0.001 0.008 0.006 0.019 0.258 0.687 
  50 K _   0.016 0.006 0.001 0.009 0.006 0.019 0.254 0.690 
  51 A _   0.017 0.005 0.001 0.009 0.007 0.020 0.250 0.692 
  52 C _   0.018 0.005 0.001 0.009 0.007 0.021 0.246 0.695 
  53 Q _   0.019 0.004 0.001 0.009 0.007 0.022 0.242 0.696 
  54 E _   0.021 0.004 0.001 0.008 0.007 0.023 0.238 0.697 
  55 V _   0.024 0.004 0.001 0.008 0.008 0.025 0.234 0.697 
  56 L _   0.028 0.004 0.001 0.008 0.008 0.026 0.230 0.695 
  57 E _   0.032 0.004 0.001 0.008 0.010 0.029 0.226 0.691 
  58 K _   0.037 0.005 0.001 0.008 0.011 0.031 0.222 0.685 
  59 V _   0.042 0.006 0.001 0.009 0.013 0.033 0.219 0.676 
  60 K _   0.047 0.008 0.001 0.010 0.016 0.036 0.216 0.667 
  61 L _   0.052 0.010 0.001 0.012 0.018 0.037 0.213 0.655 
  62 L _   0.055 0.013 0.001 0.015 0.020 0.038 0.211 0.646 
  63 H _   0.057 0.016 0.001 0.018 0.022 0.039 0.209 0.638 
  64 G _   0.057 0.019 0.002 0.020 0.022 0.038 0.208 0.635 
  65 G _   0.056 0.021 0.001 0.021 0.021 0.037 0.207 0.636 
  66 V _   0.053 0.022 0.001 0.022 0.020 0.035 0.207 0.640 
  67 A _   0.049 0.022 0.001 0.022 0.018 0.032 0.207 0.648 
  68 V _   0.045 0.022 0.001 0.020 0.016 0.030 0.207 0.658 
  69 S _   0.040 0.021 0.001 0.018 0.014 0.027 0.208 0.670 
  70 S _   0.034 0.020 0.001 0.017 0.012 0.024 0.209 0.682 
  71 R _   0.029 0.018 0.001 0.016 0.010 0.021 0.211 0.693 
  72 G _   0.024 0.017 0.001 0.015 0.008 0.019 0.213 0.703 
  73 T _   0.020 0.016 0.001 0.014 0.007 0.016 0.214 0.712 
  74 P _   0.017 0.014 0.001 0.013 0.006 0.014 0.216 0.719 
  75 L _   0.014 0.013 0.001 0.012 0.005 0.013 0.218 0.725 
  76 E _   0.012 0.011 0.001 0.011 0.004 0.011 0.220 0.731 
  77 L _   0.010 0.010 0.000 0.009 0.004 0.010 0.221 0.736 
  78 V _   0.009 0.009 0.000 0.008 0.003 0.009 0.222 0.740 
  79 N _   0.007 0.008 0.000 0.008 0.003 0.008 0.223 0.742 
  80 G _   0.007 0.008 0.000 0.007 0.003 0.007 0.224 0.744 
  81 D _   0.006 0.008 0.000 0.008 0.003 0.007 0.225 0.743 
  82 G _   0.006 0.008 0.000 0.009 0.003 0.007 0.225 0.742 
  83 V _   0.006 0.008 0.000 0.010 0.003 0.007 0.226 0.739 
  84 D _   0.007 0.009 0.000 0.011 0.003 0.007 0.227 0.736 
  85 S _   0.007 0.009 0.000 0.012 0.003 0.007 0.227 0.735 
  86 E _   0.006 0.009 0.000 0.012 0.003 0.007 0.228 0.734 
  87 I _   0.006 0.009 0.000 0.012 0.003 0.007 0.228 0.734 
  88 R _   0.006 0.009 0.000 0.011 0.003 0.007 0.228 0.737 
  89 C _   0.005 0.009 0.000 0.009 0.002 0.006 0.228 0.740 
  90 L _   0.005 0.008 0.000 0.008 0.002 0.006 0.228 0.744 
  91 D _   0.004 0.008 0.000 0.006 0.002 0.005 0.227 0.747 
  92 D _   0.004 0.008 0.000 0.005 0.002 0.005 0.226 0.750 
  93 P _   0.004 0.009 0.000 0.005 0.001 0.005 0.224 0.752 
  94 P _   0.004 0.010 0.000 0.005 0.001 0.005 0.221 0.753 
  95 A _   0.004 0.012 0.000 0.005 0.002 0.006 0.218 0.754 
  96 Q _   0.004 0.015 0.000 0.006 0.002 0.006 0.214 0.753 
  97 I _   0.004 0.021 0.000 0.007 0.002 0.007 0.208 0.749 
  98 R _   0.005 0.030 0.000 0.009 0.003 0.009 0.201 0.743 
  99 E _   0.005 0.044 0.000 0.011 0.004 0.010 0.193 0.732 
 100 E _   0.006 0.064 0.001 0.015 0.005 0.012 0.183 0.715 
 101 E _   0.006 0.091 0.001 0.019 0.006 0.015 0.172 0.690 
 102 D _   0.007 0.127 0.001 0.023 0.008 0.017 0.160 0.656 
 103 E _   0.008 0.171 0.001 0.029 0.010 0.018 0.148 0.615 
 104 M _   0.008 0.218 0.001 0.035 0.012 0.019 0.136 0.571 
 105 G _   0.008 0.261 0.001 0.041 0.013 0.020 0.126 0.530 
 106 A _   0.008 0.295 0.001 0.046 0.013 0.020 0.117 0.498 
 107 A _   0.008 0.318 0.001 0.050 0.013 0.019 0.111 0.478 
 108 V _   0.008 0.331 0.001 0.053 0.013 0.019 0.106 0.468 
 109 A _   0.008 0.337 0.001 0.054 0.013 0.018 0.103 0.467 
 110 S _   0.008 0.335 0.001 0.052 0.012 0.017 0.101 0.473 
 111 G _   0.008 0.328 0.001 0.049 0.012 0.017 0.099 0.486 
 112 T _   0.009 0.312 0.001 0.045 0.011 0.016 0.099 0.508 
 113 A _   0.009 0.287 0.001 0.040 0.010 0.015 0.099 0.538 
 114 K _   0.010 0.251 0.001 0.035 0.009 0.015 0.100 0.579 
 115 G _   0.010 0.207 0.001 0.029 0.008 0.014 0.101 0.629 
 116 A _   0.011 0.158 0.001 0.024 0.007 0.013 0.103 0.682 
 117 R _   0.011 0.112 0.001 0.019 0.006 0.013 0.105 0.735 
 118 R _   0.010 0.073 0.001 0.014 0.005 0.012 0.106 0.780 
 119 R _   0.009 0.045 0.001 0.010 0.004 0.011 0.107 0.815 
 120 R _   0.008 0.027 0.000 0.007 0.003 0.010 0.107 0.838 
 121 Q _   0.007 0.017 0.000 0.005 0.002 0.010 0.107 0.852 
 122 N _   0.007 0.012 0.000 0.004 0.002 0.011 0.105 0.859 
 123 N _   0.007 0.009 0.000 0.004 0.002 0.012 0.104 0.861 
 124 S _   0.008 0.008 0.000 0.005 0.003 0.015 0.101 0.859 
 125 A _   0.010 0.009 0.000 0.007 0.004 0.018 0.099 0.852 
 126 K _   0.013 0.010 0.001 0.010 0.006 0.023 0.096 0.841 
 127 Q _   0.017 0.011 0.001 0.015 0.009 0.028 0.092 0.826 
 128 S _   0.021 0.013 0.001 0.021 0.013 0.034 0.088 0.809 
 129 W _   0.027 0.015 0.001 0.026 0.016 0.039 0.084 0.792 
 130 L _   0.033 0.016 0.001 0.029 0.019 0.043 0.081 0.778 
 131 L _   0.041 0.015 0.001 0.029 0.021 0.047 0.078 0.769 
 132 R _   0.050 0.014 0.002 0.026 0.022 0.049 0.075 0.763 
 133 L _   0.061 0.011 0.002 0.021 0.022 0.051 0.072 0.760 
 134 F _   0.075 0.008 0.001 0.015 0.022 0.053 0.070 0.756 
 135 E _   0.090 0.005 0.001 0.010 0.022 0.055 0.068 0.749 
 136 S _   0.108 0.003 0.001 0.007 0.022 0.056 0.066 0.736 
 137 K _   0.128 0.003 0.001 0.005 0.024 0.058 0.064 0.716 
 138 L _   0.148 0.003 0.001 0.006 0.028 0.060 0.062 0.692 
 139 F _   0.166 0.004 0.002 0.007 0.033 0.061 0.061 0.665 
 140 D _   0.182 0.007 0.002 0.011 0.039 0.062 0.061 0.637 
 141 I _   0.191 0.011 0.002 0.017 0.043 0.061 0.061 0.613 
 142 S _   0.194 0.016 0.002 0.024 0.045 0.059 0.061 0.598 
 143 M _   0.188 0.019 0.003 0.031 0.044 0.055 0.063 0.598 
 144 A _   0.175 0.021 0.002 0.034 0.040 0.050 0.064 0.614 
 145 I _   0.156 0.020 0.002 0.032 0.034 0.043 0.066 0.645 
 146 S _   0.132 0.017 0.002 0.028 0.026 0.036 0.068 0.690 
 147 Y _   0.105 0.013 0.002 0.021 0.018 0.029 0.070 0.742 
 148 L _   0.079 0.008 0.001 0.013 0.011 0.023 0.072 0.792 
 149 Y _   0.056 0.004 0.001 0.008 0.007 0.018 0.074 0.834 
 150 N _   0.038 0.002 0.000 0.005 0.004 0.014 0.074 0.863 
 151 S _   0.026 0.001 0.000 0.003 0.003 0.011 0.075 0.882 
 152 K _   0.018 0.001 0.000 0.002 0.002 0.010 0.074 0.892 
 153 E _   0.014 0.001 0.000 0.002 0.002 0.010 0.074 0.896 
 154 P _   0.013 0.003 0.000 0.004 0.003 0.012 0.073 0.893 
 155 G _   0.013 0.008 0.000 0.006 0.004 0.014 0.072 0.883 
 156 V _   0.014 0.018 0.001 0.011 0.006 0.017 0.070 0.864 
 157 Q _   0.014 0.038 0.001 0.018 0.009 0.020 0.067 0.832 
 158 A _   0.014 0.065 0.001 0.028 0.013 0.023 0.064 0.792 
 159 Y _   0.014 0.092 0.001 0.039 0.016 0.024 0.061 0.753 
 160 I _   0.014 0.113 0.002 0.048 0.018 0.025 0.059 0.723 
 161 G _   0.014 0.126 0.001 0.054 0.018 0.025 0.057 0.705 
 162 N _   0.013 0.132 0.001 0.056 0.018 0.025 0.056 0.697 
 163 R _   0.013 0.134 0.001 0.055 0.018 0.024 0.056 0.699 
 164 L _   0.013 0.131 0.001 0.051 0.016 0.022 0.056 0.709 
 165 F _   0.013 0.122 0.001 0.044 0.014 0.021 0.057 0.729 
 166 C _   0.012 0.108 0.001 0.035 0.012 0.019 0.058 0.756 
 167 F _   0.011 0.088 0.001 0.026 0.009 0.017 0.059 0.788 
 168 R _   0.011 0.068 0.001 0.018 0.007 0.016 0.061 0.819 
 169 N _   0.010 0.051 0.001 0.012 0.005 0.015 0.062 0.844 
 170 E _   0.010 0.040 0.001 0.008 0.004 0.014 0.063 0.860 
 171 D _   0.011 0.033 0.000 0.006 0.004 0.015 0.063 0.869 
 172 V _   0.012 0.030 0.000 0.005 0.004 0.016 0.063 0.870 
 173 D _   0.014 0.030 0.000 0.006 0.004 0.018 0.063 0.865 
 174 F _   0.016 0.033 0.001 0.008 0.006 0.021 0.063 0.853 
 175 Y _   0.019 0.038 0.001 0.012 0.009 0.024 0.062 0.834 
 176 L _   0.022 0.047 0.001 0.018 0.013 0.028 0.062 0.809 
 177 P _   0.024 0.059 0.001 0.027 0.017 0.030 0.061 0.781 
 178 Q _   0.026 0.070 0.001 0.035 0.020 0.032 0.061 0.755 
 179 L _   0.026 0.077 0.002 0.043 0.022 0.032 0.061 0.738 
 180 L _   0.026 0.081 0.002 0.047 0.022 0.031 0.061 0.730 
 181 N _   0.025 0.082 0.002 0.048 0.021 0.029 0.062 0.731 
 182 M _   0.023 0.078 0.001 0.045 0.018 0.026 0.064 0.743 
 183 Y _   0.021 0.071 0.001 0.039 0.015 0.023 0.066 0.763 
 184 I _   0.018 0.059 0.001 0.031 0.012 0.020 0.068 0.790 
 185 H _   0.016 0.044 0.001 0.022 0.009 0.017 0.070 0.820 
 186 M _   0.014 0.029 0.001 0.015 0.006 0.014 0.072 0.849 
 187 D _   0.012 0.016 0.001 0.009 0.004 0.012 0.074 0.871 
 188 E _   0.010 0.009 0.000 0.006 0.003 0.011 0.075 0.886 
 189 D _   0.009 0.005 0.000 0.004 0.002 0.010 0.076 0.894 
 190 V _   0.009 0.003 0.000 0.003 0.002 0.010 0.076 0.896 
 191 G _   0.010 0.002 0.000 0.004 0.002 0.011 0.076 0.895 
 192 D _   0.011 0.002 0.000 0.005 0.003 0.013 0.075 0.890 
 193 A _   0.013 0.003 0.000 0.007 0.004 0.016 0.075 0.881 
 194 I _   0.016 0.004 0.001 0.010 0.006 0.020 0.074 0.869 
 195 K _   0.019 0.006 0.001 0.015 0.009 0.023 0.073 0.854 
 196 P _   0.023 0.007 0.001 0.019 0.011 0.027 0.073 0.839 
 197 Y _   0.027 0.008 0.001 0.022 0.014 0.029 0.072 0.827 
 198 I _   0.032 0.009 0.001 0.024 0.015 0.032 0.071 0.816 
 199 V _   0.038 0.008 0.001 0.023 0.016 0.033 0.071 0.809 
 200 H _   0.047 0.007 0.001 0.020 0.015 0.034 0.071 0.804 
 201 R _   0.058 0.005 0.001 0.015 0.014 0.035 0.071 0.799 
 202 C _   0.073 0.003 0.001 0.011 0.013 0.036 0.071 0.792 
 203 R _   0.092 0.002 0.001 0.007 0.012 0.036 0.072 0.778 
 204 Q _   0.117 0.001 0.001 0.005 0.012 0.037 0.071 0.756 
 205 S _   0.149 0.000 0.001 0.003 0.013 0.039 0.071 0.722 
 206 I _   0.191 0.000 0.001 0.003 0.016 0.042 0.071 0.675 
 207 N _   0.242 0.000 0.001 0.003 0.021 0.046 0.071 0.615 
 208 F _   0.297 0.000 0.002 0.003 0.029 0.049 0.072 0.547 
 209 S _   0.349 0.001 0.002 0.005 0.038 0.053 0.073 0.479 
 210 L _   0.392 0.002 0.002 0.007 0.047 0.055 0.076 0.419 
 211 Q H   0.422 0.003 0.003 0.010 0.054 0.055 0.080 0.374 
 212 C H   0.438 0.005 0.003 0.013 0.058 0.054 0.085 0.345 
 213 A H   0.439 0.006 0.003 0.015 0.058 0.051 0.092 0.336 
 214 L H   0.427 0.007 0.003 0.017 0.056 0.048 0.100 0.343 
 215 L H   0.401 0.006 0.003 0.017 0.050 0.044 0.111 0.369 
 216 L _   0.364 0.006 0.003 0.015 0.042 0.039 0.123 0.409 
 217 G _   0.315 0.004 0.002 0.013 0.032 0.034 0.138 0.463 
 218 A _   0.259 0.003 0.002 0.010 0.023 0.029 0.153 0.522 
 219 Y _   0.202 0.002 0.001 0.008 0.015 0.024 0.168 0.580 
 220 S _   0.152 0.001 0.001 0.006 0.010 0.019 0.183 0.628 
 221 S _   0.110 0.001 0.001 0.005 0.007 0.016 0.196 0.665 
 222 D _   0.077 0.000 0.001 0.005 0.005 0.013 0.207 0.691 
 223 M _   0.053 0.000 0.001 0.005 0.004 0.011 0.217 0.709 
 224 H _   0.037 0.001 0.000 0.005 0.003 0.010 0.226 0.719 
 225 I _   0.026 0.001 0.000 0.005 0.003 0.009 0.232 0.724 
 226 S _   0.018 0.001 0.000 0.005 0.002 0.008 0.238 0.727 
 227 T _   0.014 0.001 0.000 0.005 0.002 0.008 0.243 0.727 
 228 Q _   0.011 0.002 0.000 0.005 0.002 0.008 0.247 0.726 
 229 R _   0.009 0.003 0.000 0.005 0.002 0.008 0.250 0.723 
 230 H _   0.008 0.004 0.000 0.006 0.003 0.008 0.252 0.718 
 231 S _   0.007 0.006 0.000 0.008 0.003 0.009 0.255 0.711 
 232 R _   0.007 0.010 0.000 0.011 0.004 0.010 0.257 0.700 
 233 G _   0.007 0.014 0.001 0.015 0.005 0.011 0.259 0.687 
 234 T _   0.008 0.020 0.001 0.019 0.006 0.012 0.262 0.672 
 235 K _   0.008 0.025 0.001 0.025 0.007 0.013 0.265 0.656 
 236 L _   0.008 0.028 0.001 0.029 0.008 0.014 0.270 0.642 
 237 R _   0.008 0.031 0.001 0.031 0.008 0.013 0.275 0.633 
 238 K _   0.008 0.031 0.001 0.032 0.008 0.013 0.281 0.627 
 239 L _   0.008 0.030 0.001 0.030 0.007 0.012 0.288 0.624 
 240 I _   0.008 0.028 0.001 0.026 0.006 0.011 0.296 0.625 
 241 L _   0.007 0.024 0.001 0.021 0.005 0.009 0.305 0.629 
 242 S _   0.007 0.019 0.001 0.015 0.004 0.008 0.314 0.633 
 243 D _   0.006 0.014 0.000 0.011 0.003 0.007 0.322 0.636 
 244 E _   0.006 0.010 0.000 0.008 0.002 0.006 0.329 0.639 
 245 L _   0.005 0.007 0.000 0.005 0.002 0.005 0.336 0.639 
 246 K _   0.005 0.006 0.000 0.004 0.001 0.005 0.341 0.638 
 247 P _   0.004 0.005 0.000 0.004 0.001 0.005 0.345 0.636 
 248 A _   0.004 0.004 0.000 0.004 0.001 0.005 0.348 0.633 
 249 H _   0.004 0.004 0.000 0.005 0.002 0.005 0.350 0.630 
 250 R _   0.004 0.005 0.000 0.006 0.002 0.006 0.352 0.626 
 251 K _   0.004 0.006 0.000 0.007 0.002 0.006 0.353 0.621 
 252 R _   0.004 0.007 0.000 0.009 0.002 0.007 0.354 0.616 
 253 E _   0.005 0.008 0.000 0.011 0.003 0.007 0.355 0.611 
 254 L _   0.005 0.009 0.000 0.012 0.003 0.007 0.356 0.607 
 255 P _   0.004 0.010 0.000 0.013 0.003 0.007 0.357 0.604 
 256 S _   0.004 0.011 0.000 0.014 0.003 0.007 0.358 0.602 
 257 L _   0.004 0.011 0.000 0.013 0.003 0.007 0.360 0.601 
 258 S _   0.004 0.011 0.000 0.012 0.003 0.007 0.362 0.601 
 259 P _   0.004 0.010 0.000 0.011 0.003 0.006 0.364 0.601 
 260 A _   0.004 0.010 0.000 0.010 0.002 0.006 0.367 0.601 
 261 P _   0.004 0.009 0.000 0.009 0.002 0.006 0.369 0.600 
 262 D _   0.004 0.008 0.000 0.009 0.002 0.006 0.371 0.600 
 263 T _   0.004 0.008 0.000 0.008 0.002 0.006 0.372 0.599 
 264 G _   0.004 0.008 0.000 0.008 0.002 0.006 0.374 0.598 
 265 L _   0.004 0.008 0.000 0.008 0.002 0.006 0.375 0.598 
 266 S _   0.004 0.007 0.000 0.008 0.002 0.006 0.376 0.597 
 267 P _   0.004 0.007 0.000 0.008 0.002 0.005 0.376 0.597 
 268 S _   0.004 0.007 0.000 0.007 0.002 0.005 0.376 0.598 
 269 K _   0.004 0.007 0.000 0.007 0.002 0.005 0.376 0.599 
 270 R _   0.004 0.008 0.000 0.006 0.002 0.005 0.375 0.601 
 271 T _   0.003 0.008 0.000 0.005 0.001 0.005 0.373 0.604 
 272 H _   0.003 0.008 0.000 0.005 0.001 0.005 0.371 0.607 
 273 Q _   0.003 0.010 0.000 0.005 0.001 0.005 0.368 0.609 
 274 R _   0.003 0.011 0.000 0.005 0.002 0.005 0.364 0.610 
 275 S _   0.003 0.015 0.000 0.006 0.002 0.006 0.359 0.608 
 276 K _   0.004 0.021 0.000 0.008 0.002 0.007 0.354 0.604 
 277 S _   0.004 0.030 0.000 0.011 0.003 0.009 0.347 0.595 
 278 D _   0.005 0.043 0.001 0.016 0.004 0.010 0.340 0.581 
 279 A _   0.005 0.060 0.001 0.022 0.006 0.011 0.333 0.563 
 280 T _   0.005 0.076 0.001 0.028 0.007 0.012 0.325 0.545 
 281 A _   0.005 0.090 0.001 0.033 0.007 0.013 0.319 0.531 
 282 S _   0.005 0.099 0.001 0.037 0.008 0.013 0.315 0.522 
 283 I _   0.005 0.105 0.001 0.039 0.008 0.013 0.312 0.518 
 284 S _   0.005 0.107 0.001 0.039 0.008 0.013 0.310 0.519 
 285 L _   0.005 0.106 0.001 0.037 0.007 0.012 0.309 0.523 
 286 S _   0.006 0.102 0.001 0.034 0.007 0.011 0.309 0.531 
 287 S _   0.006 0.096 0.001 0.030 0.006 0.011 0.310 0.542 
 288 N _   0.006 0.087 0.001 0.025 0.005 0.010 0.312 0.555 
 289 L _   0.006 0.075 0.001 0.021 0.004 0.009 0.315 0.568 
 290 K _   0.006 0.063 0.001 0.017 0.004 0.008 0.318 0.583 
 291 R _   0.006 0.051 0.000 0.014 0.003 0.008 0.321 0.597 
 292 T _   0.006 0.040 0.000 0.011 0.003 0.007 0.323 0.610 
 293 A _   0.005 0.032 0.000 0.009 0.002 0.006 0.325 0.621 
 294 S _   0.005 0.025 0.000 0.007 0.002 0.006 0.325 0.630 
 295 N _   0.005 0.020 0.000 0.006 0.002 0.005 0.325 0.637 
 296 P _   0.004 0.017 0.000 0.005 0.001 0.005 0.324 0.643 
 297 K _   0.004 0.015 0.000 0.005 0.001 0.004 0.322 0.648 
 298 V _   0.004 0.014 0.000 0.005 0.001 0.004 0.319 0.653 
 299 E _   0.003 0.014 0.000 0.005 0.001 0.005 0.315 0.657 
 300 N _   0.003 0.014 0.000 0.005 0.001 0.005 0.309 0.662 
 301 E _   0.003 0.016 0.000 0.006 0.002 0.005 0.302 0.665 
 302 D _   0.003 0.018 0.000 0.008 0.002 0.006 0.294 0.669 
 303 E _   0.003 0.022 0.000 0.010 0.002 0.007 0.284 0.671 
 304 E _   0.003 0.027 0.000 0.013 0.003 0.008 0.273 0.673 
 305 L _   0.003 0.033 0.000 0.016 0.003 0.008 0.262 0.673 
 306 S _   0.004 0.039 0.001 0.020 0.004 0.009 0.251 0.673 
 307 S _   0.004 0.045 0.001 0.023 0.004 0.009 0.240 0.674 
 308 S _   0.004 0.050 0.001 0.024 0.005 0.010 0.230 0.677 
 309 T _   0.004 0.054 0.001 0.025 0.005 0.010 0.222 0.681 
 310 E _   0.004 0.056 0.001 0.023 0.005 0.009 0.214 0.688 
 311 S _   0.004 0.057 0.001 0.021 0.004 0.009 0.208 0.696 
 312 I _   0.004 0.057 0.001 0.018 0.004 0.009 0.202 0.705 
 313 D _   0.004 0.057 0.000 0.016 0.004 0.009 0.196 0.715 
 314 N _   0.004 0.056 0.000 0.013 0.003 0.009 0.191 0.723 
 315 S _   0.004 0.056 0.000 0.011 0.003 0.009 0.186 0.729 
 316 F _   0.004 0.057 0.000 0.011 0.003 0.010 0.181 0.733 
 317 S _   0.005 0.058 0.000 0.011 0.004 0.012 0.176 0.735 
 318 S _   0.006 0.061 0.000 0.011 0.004 0.013 0.171 0.733 
 319 P _   0.007 0.065 0.001 0.013 0.005 0.016 0.166 0.729 
 320 V _   0.008 0.070 0.001 0.014 0.006 0.019 0.160 0.722 
 321 R _   0.010 0.076 0.001 0.016 0.007 0.022 0.155 0.714 
 322 L _   0.012 0.082 0.001 0.017 0.009 0.025 0.149 0.705 
 323 A _   0.014 0.088 0.001 0.018 0.010 0.028 0.144 0.696 
 324 P _   0.017 0.094 0.001 0.018 0.012 0.032 0.139 0.687 
 325 E _   0.021 0.099 0.001 0.018 0.014 0.035 0.134 0.677 
 326 R _   0.026 0.104 0.001 0.018 0.017 0.039 0.129 0.665 
 327 E _   0.031 0.110 0.001 0.019 0.020 0.042 0.125 0.651 
 328 F _   0.037 0.117 0.001 0.020 0.023 0.046 0.121 0.634 
 329 I _   0.043 0.125 0.002 0.022 0.026 0.048 0.118 0.615 
 330 K _   0.049 0.134 0.002 0.026 0.029 0.049 0.115 0.596 
 331 S _   0.053 0.142 0.002 0.029 0.031 0.049 0.113 0.581 
 332 L _   0.056 0.148 0.002 0.034 0.032 0.048 0.111 0.571 
 333 M _   0.058 0.151 0.002 0.037 0.031 0.045 0.110 0.566 
 334 A _   0.057 0.151 0.002 0.039 0.029 0.042 0.109 0.571 
 335 I _   0.055 0.146 0.002 0.039 0.027 0.039 0.109 0.583 
 336 G _   0.052 0.137 0.002 0.037 0.023 0.035 0.110 0.605 
 337 K _   0.047 0.123 0.002 0.033 0.019 0.030 0.111 0.635 
 338 R _   0.042 0.102 0.001 0.027 0.015 0.026 0.113 0.673 
 339 L _   0.036 0.078 0.001 0.021 0.012 0.022 0.115 0.715 
 340 A _   0.030 0.053 0.001 0.015 0.008 0.019 0.117 0.757 
 341 T _   0.024 0.032 0.001 0.011 0.006 0.015 0.118 0.793 
 342 L _   0.019 0.019 0.001 0.007 0.004 0.013 0.119 0.820 
 343 P _   0.015 0.011 0.000 0.005 0.003 0.011 0.119 0.837 
 344 T _   0.012 0.008 0.000 0.003 0.002 0.010 0.118 0.847 
 345 K _   0.010 0.006 0.000 0.003 0.002 0.010 0.117 0.851 
 346 E _   0.010 0.006 0.000 0.003 0.002 0.010 0.116 0.852 
 347 Q _   0.010 0.008 0.000 0.004 0.003 0.012 0.114 0.849 
 348 K _   0.011 0.011 0.000 0.007 0.004 0.014 0.111 0.841 
 349 T _   0.013 0.018 0.001 0.011 0.006 0.017 0.108 0.826 
 350 Q _   0.014 0.028 0.001 0.018 0.009 0.020 0.105 0.806 
 351 R _   0.015 0.039 0.001 0.025 0.012 0.022 0.101 0.784 
 352 L _   0.016 0.049 0.001 0.032 0.014 0.024 0.098 0.765 
 353 I _   0.017 0.056 0.001 0.038 0.015 0.025 0.096 0.752 
 354 S _   0.017 0.060 0.001 0.040 0.016 0.025 0.094 0.747 
 355 E _   0.018 0.060 0.001 0.039 0.015 0.024 0.093 0.750 
 356 L _   0.018 0.058 0.001 0.035 0.014 0.023 0.092 0.759 
 357 S _   0.018 0.052 0.001 0.029 0.012 0.022 0.091 0.774 
 358 L _   0.017 0.045 0.001 0.023 0.011 0.020 0.091 0.792 
 359 L _   0.017 0.036 0.001 0.017 0.009 0.019 0.092 0.810 
 360 N _   0.017 0.028 0.001 0.012 0.007 0.018 0.092 0.826 
 361 H _   0.016 0.022 0.001 0.009 0.006 0.017 0.092 0.837 
 362 K _   0.016 0.019 0.001 0.008 0.005 0.017 0.092 0.843 
 363 L _   0.017 0.017 0.001 0.008 0.005 0.016 0.091 0.845 
 364 P _   0.017 0.016 0.001 0.009 0.006 0.017 0.091 0.845 
 365 A _   0.018 0.016 0.001 0.010 0.006 0.017 0.091 0.842 
 366 R _   0.018 0.016 0.001 0.012 0.007 0.017 0.090 0.839 
 367 V _   0.017 0.016 0.001 0.014 0.007 0.017 0.090 0.838 
 368 W _   0.017 0.016 0.001 0.014 0.007 0.017 0.089 0.838 
 369 L _   0.016 0.016 0.001 0.014 0.007 0.017 0.089 0.840 
 370 P _   0.016 0.015 0.001 0.013 0.007 0.016 0.089 0.844 
 371 T _   0.015 0.014 0.001 0.011 0.006 0.015 0.088 0.850 
 372 A _   0.014 0.013 0.001 0.009 0.006 0.015 0.088 0.854 
 373 G _   0.014 0.012 0.001 0.008 0.005 0.015 0.088 0.858 
 374 F _   0.014 0.012 0.001 0.007 0.005 0.015 0.087 0.858 
 375 D _   0.015 0.013 0.001 0.007 0.005 0.016 0.087 0.857 
 376 H _   0.016 0.015 0.001 0.008 0.006 0.018 0.086 0.851 
 377 H _   0.017 0.018 0.001 0.010 0.007 0.019 0.085 0.843 
 378 V _   0.019 0.023 0.001 0.013 0.009 0.021 0.084 0.830 
 379 V _   0.020 0.030 0.001 0.018 0.011 0.023 0.083 0.813 
 380 R _   0.021 0.038 0.001 0.025 0.013 0.024 0.083 0.796 
 381 V _   0.021 0.045 0.001 0.031 0.015 0.024 0.082 0.781 
 382 P _   0.020 0.050 0.001 0.037 0.016 0.024 0.082 0.770 
 383 H _   0.019 0.052 0.001 0.040 0.015 0.023 0.082 0.767 
 384 T _   0.018 0.052 0.001 0.040 0.014 0.021 0.083 0.770 
 385 Q _   0.016 0.049 0.001 0.037 0.012 0.019 0.084 0.781 
 386 A _   0.014 0.044 0.001 0.031 0.010 0.017 0.086 0.798 
 387 V _   0.013 0.036 0.001 0.024 0.008 0.014 0.087 0.818 
 388 V _   0.011 0.027 0.001 0.016 0.005 0.012 0.089 0.839 
 389 L _   0.009 0.018 0.000 0.010 0.004 0.010 0.090 0.859 
 390 N _   0.008 0.011 0.000 0.006 0.003 0.009 0.090 0.873 
 391 S _   0.007 0.008 0.000 0.004 0.002 0.008 0.090 0.881 
 392 K _   0.007 0.007 0.000 0.003 0.002 0.009 0.090 0.884 
 393 D _   0.008 0.007 0.000 0.003 0.002 0.010 0.089 0.882 
 394 K _   0.010 0.008 0.000 0.004 0.003 0.013 0.087 0.874 
 395 A _   0.014 0.015 0.001 0.006 0.005 0.018 0.085 0.856 
 396 P _   0.018 0.032 0.001 0.012 0.010 0.024 0.083 0.820 
 397 Y _   0.023 0.069 0.002 0.022 0.016 0.030 0.078 0.760 
 398 L _   0.025 0.125 0.002 0.036 0.022 0.035 0.074 0.682 
 399 I _   0.026 0.181 0.002 0.049 0.027 0.037 0.069 0.609 
 400 Y _   0.026 0.224 0.002 0.060 0.029 0.037 0.066 0.556 
 401 V _   0.025 0.249 0.002 0.068 0.029 0.037 0.064 0.527 
 402 E _   0.024 0.261 0.002 0.071 0.028 0.035 0.063 0.517 
 403 V _   0.023 0.263 0.002 0.069 0.026 0.032 0.062 0.523 
 404 L _   0.022 0.258 0.002 0.062 0.023 0.029 0.062 0.541 
 405 E _   0.020 0.244 0.002 0.053 0.020 0.026 0.063 0.572 
 406 C _   0.019 0.221 0.002 0.041 0.016 0.023 0.065 0.615 
 407 E _   0.017 0.190 0.001 0.030 0.012 0.020 0.066 0.663 
 408 N _   0.015 0.157 0.001 0.021 0.009 0.017 0.068 0.711 
 409 F _   0.013 0.130 0.001 0.015 0.006 0.015 0.069 0.750 
 410 D _   0.012 0.113 0.001 0.010 0.005 0.013 0.070 0.777 
 411 T _   0.010 0.102 0.000 0.008 0.004 0.011 0.071 0.793 
 412 T _   0.009 0.097 0.000 0.007 0.003 0.011 0.071 0.802 
 413 S _   0.008 0.095 0.000 0.007 0.003 0.010 0.071 0.806 
 414 V _   0.008 0.097 0.000 0.007 0.003 0.010 0.070 0.805 
 415 P _   0.008 0.101 0.000 0.009 0.004 0.010 0.069 0.799 
 416 A _   0.008 0.107 0.001 0.011 0.004 0.011 0.068 0.791 
 417 R _   0.008 0.116 0.001 0.013 0.005 0.011 0.067 0.781 
 418 I _   0.008 0.125 0.001 0.015 0.005 0.011 0.065 0.770 
 419 P _   0.008 0.134 0.001 0.016 0.006 0.012 0.064 0.760 
 420 E _   0.007 0.143 0.001 0.018 0.006 0.012 0.063 0.751 
 421 N _   0.007 0.150 0.001 0.018 0.006 0.012 0.062 0.745 
 422 R _   0.007 0.156 0.001 0.017 0.006 0.012 0.061 0.741 
 423 I _   0.007 0.161 0.001 0.016 0.005 0.011 0.060 0.739 
 424 R _   0.007 0.165 0.001 0.014 0.005 0.011 0.059 0.737 
 425 S _   0.007 0.169 0.001 0.013 0.005 0.011 0.059 0.736 
 426 T _   0.007 0.174 0.001 0.012 0.004 0.011 0.058 0.733 
 427 R _   0.007 0.180 0.001 0.012 0.005 0.011 0.057 0.727 
 428 S _   0.007 0.189 0.001 0.012 0.005 0.012 0.057 0.719 
 429 V _   0.007 0.200 0.001 0.013 0.005 0.013 0.056 0.705 
 430 E _   0.008 0.216 0.001 0.014 0.006 0.013 0.055 0.688 
 431 N _   0.008 0.236 0.001 0.016 0.007 0.014 0.053 0.666 
 432 L _   0.008 0.258 0.001 0.018 0.007 0.014 0.052 0.641 
 433 P _   0.008 0.282 0.001 0.020 0.008 0.015 0.051 0.615 
 434 E _   0.008 0.305 0.001 0.022 0.008 0.015 0.050 0.591 
 435 C _   0.008 0.325 0.001 0.024 0.009 0.015 0.049 0.569 
 436 G _   0.008 0.343 0.001 0.025 0.009 0.015 0.048 0.551 
 437 I _   0.008 0.358 0.001 0.027 0.009 0.015 0.047 0.535 
 438 T _   0.008 0.369 0.001 0.028 0.009 0.015 0.047 0.523 
 439 H _   0.008 0.377 0.001 0.029 0.009 0.015 0.047 0.514 
 440 E _   0.008 0.382 0.001 0.031 0.009 0.014 0.047 0.508 
 441 Q _   0.008 0.384 0.001 0.032 0.009 0.014 0.048 0.504 
 442 R _   0.008 0.383 0.001 0.033 0.009 0.014 0.049 0.504 
 443 A _   0.008 0.377 0.001 0.034 0.009 0.013 0.050 0.509 
 444 G _   0.008 0.366 0.001 0.034 0.008 0.012 0.052 0.518 
 445 S _   0.008 0.349 0.001 0.033 0.008 0.012 0.054 0.534 
 446 F _   0.008 0.324 0.001 0.032 0.008 0.011 0.058 0.559 
 447 S _   0.008 0.289 0.001 0.028 0.007 0.011 0.061 0.594 
 448 T _   0.008 0.246 0.001 0.024 0.006 0.010 0.066 0.639 
 449 V _   0.008 0.201 0.001 0.019 0.005 0.009 0.070 0.688 
 450 P _   0.007 0.162 0.001 0.014 0.004 0.008 0.074 0.731 
 451 N _   0.006 0.133 0.000 0.010 0.003 0.007 0.077 0.764 
 452 Y _   0.005 0.115 0.000 0.007 0.002 0.006 0.079 0.786 
 453 D _   0.004 0.107 0.000 0.005 0.001 0.006 0.080 0.797 
 454 N _   0.004 0.103 0.000 0.004 0.001 0.006 0.080 0.801 
 455 D _   0.004 0.104 0.000 0.005 0.001 0.006 0.079 0.800 
 456 D _   0.004 0.108 0.000 0.006 0.002 0.007 0.078 0.794 
 457 E _   0.005 0.118 0.000 0.009 0.003 0.009 0.076 0.781 
 458 A _   0.005 0.135 0.000 0.012 0.003 0.010 0.073 0.760 
 459 W _   0.006 0.161 0.001 0.016 0.004 0.012 0.070 0.732 
 460 S _   0.006 0.193 0.001 0.020 0.006 0.013 0.065 0.697 
 461 V _   0.006 0.231 0.001 0.024 0.007 0.014 0.061 0.658 
 462 D _   0.005 0.269 0.001 0.027 0.007 0.014 0.056 0.619 
 463 D _   0.005 0.306 0.001 0.030 0.008 0.015 0.052 0.582 
 464 I _   0.005 0.341 0.001 0.033 0.009 0.015 0.048 0.548 
 465 G _   0.006 0.371 0.001 0.036 0.009 0.015 0.045 0.517 
 466 E _   0.006 0.394 0.001 0.038 0.010 0.015 0.043 0.493 
 467 L _   0.006 0.411 0.001 0.041 0.010 0.015 0.041 0.475 
 468 Q _   0.006 0.422 0.001 0.043 0.010 0.015 0.040 0.463 
 469 V _   0.006 0.427 0.001 0.044 0.010 0.015 0.039 0.458 
 470 E _   0.006 0.426 0.001 0.043 0.010 0.014 0.039 0.461 
 471 L _   0.006 0.419 0.001 0.041 0.009 0.013 0.039 0.472 
 472 P _   0.006 0.406 0.001 0.036 0.008 0.012 0.039 0.491 
 473 E _   0.006 0.384 0.001 0.031 0.008 0.011 0.040 0.519 
 474 V _   0.006 0.355 0.001 0.025 0.007 0.011 0.042 0.555 
 475 H _   0.006 0.321 0.001 0.019 0.006 0.010 0.043 0.594 
 476 T _   0.006 0.290 0.001 0.015 0.005 0.009 0.044 0.630 
 477 N _   0.006 0.267 0.001 0.011 0.004 0.009 0.046 0.657 
 478 S _   0.005 0.252 0.000 0.009 0.003 0.009 0.046 0.674 
 479 C _   0.005 0.244 0.000 0.009 0.003 0.009 0.047 0.683 
 480 D _   0.005 0.242 0.000 0.010 0.003 0.009 0.047 0.684 
 481 N _   0.006 0.242 0.000 0.012 0.004 0.010 0.047 0.680 
 482 I _   0.006 0.245 0.001 0.015 0.004 0.011 0.047 0.672 
 483 S _   0.006 0.249 0.001 0.019 0.005 0.011 0.047 0.662 
 484 Q _   0.006 0.252 0.001 0.023 0.006 0.012 0.046 0.654 
 485 F _   0.006 0.252 0.001 0.026 0.007 0.012 0.047 0.650 
 486 S _   0.006 0.250 0.001 0.027 0.007 0.011 0.047 0.651 
 487 V _   0.006 0.243 0.001 0.026 0.007 0.011 0.048 0.658 
 488 D _   0.006 0.231 0.001 0.024 0.006 0.010 0.049 0.672 
 489 S _   0.006 0.215 0.001 0.020 0.005 0.010 0.051 0.692 
 490 I _   0.006 0.196 0.001 0.016 0.005 0.009 0.052 0.715 
 491 T _   0.006 0.177 0.001 0.012 0.004 0.009 0.054 0.738 
 492 S _   0.006 0.161 0.000 0.009 0.003 0.009 0.055 0.757 
 493 Q _   0.006 0.152 0.000 0.007 0.003 0.009 0.056 0.768 
 494 E _   0.006 0.147 0.000 0.006 0.003 0.009 0.057 0.772 
 495 S _   0.006 0.147 0.000 0.006 0.003 0.010 0.057 0.770 
 496 K _   0.007 0.152 0.000 0.008 0.004 0.012 0.057 0.760 
 497 E _   0.008 0.165 0.001 0.011 0.005 0.014 0.056 0.741 
 498 P _   0.010 0.186 0.001 0.015 0.007 0.016 0.056 0.711 
 499 V _   0.010 0.214 0.001 0.021 0.009 0.017 0.055 0.673 
 500 F _   0.011 0.245 0.001 0.026 0.010 0.018 0.054 0.635 
 501 I _   0.011 0.269 0.001 0.031 0.011 0.019 0.054 0.604 
 502 A _   0.011 0.286 0.001 0.034 0.012 0.019 0.054 0.584 
 503 A _   0.010 0.296 0.001 0.035 0.012 0.019 0.054 0.574 
 504 G _   0.011 0.300 0.001 0.033 0.011 0.018 0.055 0.571 
 505 D _   0.011 0.299 0.001 0.031 0.010 0.018 0.056 0.574 
 506 I _   0.011 0.294 0.001 0.027 0.009 0.017 0.058 0.583 
 507 R _   0.011 0.286 0.001 0.023 0.008 0.016 0.060 0.594 
 508 R _   0.011 0.276 0.001 0.020 0.008 0.016 0.062 0.607 
 509 R _   0.010 0.266 0.001 0.018 0.007 0.015 0.065 0.618 
 510 L _   0.010 0.256 0.001 0.017 0.007 0.015 0.067 0.627 
 511 S _   0.010 0.248 0.001 0.017 0.006 0.015 0.069 0.634 
 512 E _   0.010 0.242 0.001 0.018 0.006 0.014 0.071 0.637 
 513 Q _   0.010 0.235 0.001 0.020 0.006 0.014 0.074 0.639 
 514 L _   0.011 0.228 0.001 0.022 0.007 0.014 0.077 0.641 
 515 A _   0.011 0.219 0.001 0.024 0.007 0.013 0.080 0.645 
 516 H _   0.011 0.207 0.001 0.025 0.007 0.013 0.083 0.653 
 517 T _   0.010 0.190 0.001 0.025 0.007 0.012 0.087 0.666 
 518 P _   0.010 0.169 0.001 0.024 0.006 0.012 0.092 0.686 
 519 T _   0.010 0.141 0.001 0.022 0.006 0.011 0.097 0.713 
 520 A _   0.010 0.110 0.001 0.018 0.005 0.010 0.102 0.745 
 521 F _   0.009 0.080 0.001 0.014 0.004 0.009 0.107 0.777 
 522 K _   0.008 0.056 0.000 0.010 0.003 0.007 0.111 0.804 
 523 R _   0.007 0.040 0.000 0.007 0.002 0.006 0.114 0.824 
 524 D _   0.006 0.031 0.000 0.005 0.002 0.005 0.116 0.836 
 525 P _   0.005 0.026 0.000 0.004 0.001 0.005 0.117 0.843 
 526 E _   0.004 0.024 0.000 0.003 0.001 0.005 0.116 0.845 
 527 D _   0.004 0.025 0.000 0.004 0.001 0.005 0.115 0.845 
 528 P _   0.004 0.027 0.000 0.005 0.002 0.006 0.114 0.841 
 529 S _   0.005 0.033 0.000 0.007 0.002 0.008 0.111 0.834 
 530 A _   0.005 0.042 0.000 0.011 0.003 0.010 0.108 0.821 
 531 V _   0.006 0.057 0.001 0.015 0.004 0.011 0.104 0.803 
 532 A _   0.006 0.075 0.001 0.020 0.005 0.013 0.099 0.782 
 533 L _   0.006 0.093 0.001 0.025 0.006 0.014 0.094 0.760 
 534 K _   0.006 0.109 0.001 0.030 0.007 0.015 0.090 0.742 
 535 E _   0.006 0.122 0.001 0.033 0.008 0.015 0.086 0.729 
 536 P _   0.006 0.130 0.001 0.035 0.009 0.016 0.083 0.720 
 537 W _   0.007 0.136 0.001 0.036 0.009 0.016 0.080 0.715 
 538 Q _   0.007 0.138 0.001 0.036 0.009 0.016 0.079 0.714 
 539 E _   0.008 0.138 0.001 0.036 0.009 0.016 0.077 0.714 
 540 K _   0.008 0.136 0.001 0.035 0.009 0.016 0.077 0.718 
 541 V _   0.009 0.131 0.001 0.034 0.009 0.016 0.076 0.724 
 542 R _   0.009 0.123 0.001 0.031 0.009 0.015 0.077 0.735 
 543 R _   0.010 0.112 0.001 0.028 0.008 0.015 0.077 0.749 
 544 I _   0.010 0.097 0.001 0.024 0.007 0.014 0.078 0.769 
 545 R _   0.010 0.079 0.001 0.020 0.006 0.013 0.079 0.792 
 546 E _   0.009 0.059 0.001 0.016 0.006 0.012 0.080 0.817 
 547 G _   0.009 0.041 0.001 0.012 0.004 0.012 0.081 0.841 
 548 S _   0.009 0.026 0.000 0.008 0.004 0.011 0.082 0.860 
 549 P _   0.009 0.017 0.000 0.006 0.003 0.011 0.082 0.872 
 550 Y _   0.010 0.011 0.000 0.004 0.003 0.012 0.082 0.878 
 551 G _   0.011 0.009 0.000 0.004 0.003 0.014 0.081 0.878 
 552 H _   0.014 0.009 0.000 0.004 0.003 0.017 0.080 0.872 
 553 L _   0.020 0.010 0.001 0.005 0.005 0.022 0.078 0.860 
 554 P _   0.027 0.013 0.001 0.007 0.009 0.029 0.076 0.837 
 555 N _   0.036 0.022 0.001 0.013 0.015 0.037 0.074 0.803 
 556 W _   0.044 0.038 0.002 0.021 0.023 0.044 0.071 0.757 
 557 R _   0.050 0.059 0.002 0.034 0.031 0.049 0.068 0.706 
 558 L _   0.055 0.079 0.002 0.047 0.037 0.052 0.066 0.663 
 559 L _   0.057 0.092 0.002 0.058 0.039 0.052 0.064 0.636 
 560 S _   0.057 0.098 0.002 0.064 0.039 0.051 0.063 0.626 
 561 V _   0.055 0.098 0.002 0.064 0.036 0.047 0.063 0.634 
 562 I _   0.052 0.093 0.002 0.058 0.031 0.043 0.063 0.658 
 563 V _   0.048 0.081 0.002 0.046 0.025 0.037 0.063 0.697 
 564 K _   0.043 0.061 0.002 0.032 0.019 0.032 0.064 0.748 
 565 C _   0.037 0.036 0.001 0.019 0.013 0.027 0.065 0.801 
 566 G _   0.032 0.017 0.001 0.010 0.008 0.023 0.065 0.844 
 567 D _   0.027 0.006 0.001 0.005 0.005 0.021 0.065 0.871 
 568 D _   0.024 0.002 0.000 0.003 0.003 0.019 0.065 0.883 
 569 L _   0.024 0.001 0.000 0.002 0.003 0.019 0.064 0.887 
 570 R _   0.026 0.001 0.000 0.002 0.004 0.021 0.063 0.883 
 571 Q _   0.030 0.002 0.000 0.004 0.005 0.024 0.062 0.874 
 572 E _   0.034 0.003 0.001 0.007 0.008 0.027 0.060 0.859 
 573 L _   0.039 0.007 0.001 0.012 0.012 0.031 0.059 0.839 
 574 L _   0.043 0.012 0.001 0.019 0.016 0.034 0.057 0.818 
 575 A _   0.045 0.017 0.001 0.025 0.019 0.036 0.056 0.801 
 576 F _   0.047 0.021 0.001 0.029 0.021 0.036 0.054 0.791 
 577 Q _   0.046 0.022 0.001 0.031 0.021 0.036 0.053 0.790 
 578 V _   0.045 0.022 0.001 0.029 0.020 0.034 0.053 0.796 
 579 L _   0.043 0.020 0.001 0.026 0.018 0.032 0.052 0.808 
 580 K _   0.040 0.017 0.001 0.021 0.015 0.029 0.052 0.824 
 581 Q _   0.037 0.014 0.001 0.016 0.012 0.026 0.052 0.842 
 582 L _   0.034 0.010 0.001 0.012 0.010 0.023 0.052 0.859 
 583 Q _   0.031 0.007 0.001 0.010 0.008 0.020 0.052 0.872 
 584 S _   0.028 0.005 0.001 0.008 0.006 0.018 0.052 0.883 
 585 I _   0.025 0.003 0.001 0.007 0.005 0.017 0.052 0.891 
 586 W _   0.023 0.002 0.001 0.006 0.005 0.016 0.051 0.897 
 587 E _   0.021 0.002 0.001 0.006 0.005 0.015 0.051 0.901 
 588 Q _   0.019 0.001 0.001 0.006 0.004 0.014 0.050 0.904 
 589 E _   0.018 0.001 0.001 0.006 0.004 0.014 0.049 0.906 
 590 R _   0.017 0.001 0.001 0.006 0.004 0.014 0.049 0.908 
 591 V _   0.017 0.001 0.001 0.006 0.005 0.014 0.048 0.909 
 592 P _   0.017 0.001 0.001 0.006 0.005 0.015 0.047 0.908 
 593 L _   0.018 0.001 0.001 0.006 0.005 0.016 0.045 0.907 
 594 W _   0.019 0.001 0.001 0.007 0.006 0.017 0.044 0.904 
 595 I _   0.021 0.001 0.001 0.008 0.007 0.019 0.043 0.900 
 596 K _   0.022 0.002 0.001 0.009 0.008 0.020 0.042 0.896 
 597 P _   0.024 0.002 0.001 0.009 0.009 0.022 0.041 0.892 
 598 Y _   0.026 0.002 0.001 0.010 0.010 0.023 0.040 0.887 
 599 K _   0.028 0.003 0.001 0.011 0.011 0.025 0.039 0.883 
 600 I _   0.030 0.003 0.001 0.012 0.011 0.026 0.038 0.879 
 601 L _   0.031 0.003 0.001 0.012 0.012 0.027 0.038 0.876 
 602 V _   0.033 0.003 0.001 0.012 0.012 0.027 0.037 0.875 
 603 I _   0.034 0.003 0.001 0.011 0.011 0.028 0.036 0.875 
 604 S _   0.036 0.003 0.001 0.010 0.011 0.028 0.035 0.875 
 605 A _   0.037 0.003 0.001 0.010 0.011 0.029 0.035 0.875 
 606 D _   0.040 0.003 0.001 0.009 0.011 0.029 0.034 0.873 
 607 S _   0.042 0.003 0.001 0.008 0.011 0.030 0.033 0.871 
 608 G _   0.045 0.003 0.001 0.008 0.012 0.032 0.033 0.867 
 609 M _   0.049 0.004 0.001 0.008 0.012 0.033 0.032 0.861 
 610 I _   0.052 0.004 0.001 0.009 0.013 0.034 0.032 0.854 
 611 E _   0.055 0.006 0.001 0.010 0.015 0.036 0.031 0.847 
 612 P _   0.057 0.007 0.001 0.012 0.016 0.037 0.031 0.839 
 613 V _   0.059 0.009 0.001 0.014 0.018 0.038 0.031 0.831 
 614 V _   0.060 0.011 0.001 0.016 0.019 0.038 0.030 0.824 
 615 N _   0.059 0.014 0.001 0.019 0.020 0.038 0.030 0.819 
 616 A _   0.057 0.015 0.001 0.021 0.020 0.037 0.030 0.818 
 617 V _   0.054 0.016 0.001 0.022 0.019 0.035 0.030 0.822 
 618 S _   0.049 0.017 0.001 0.022 0.017 0.033 0.030 0.830 
 619 I _   0.044 0.016 0.001 0.021 0.015 0.031 0.030 0.842 
 620 H _   0.038 0.014 0.001 0.018 0.013 0.028 0.031 0.857 
 621 Q _   0.032 0.012 0.001 0.015 0.010 0.025 0.031 0.874 
 622 V _   0.028 0.010 0.001 0.011 0.008 0.022 0.031 0.890 
 623 K _   0.023 0.008 0.001 0.009 0.006 0.020 0.031 0.903 
 624 K _   0.021 0.007 0.001 0.007 0.005 0.018 0.030 0.912 
 625 Q _   0.019 0.006 0.000 0.006 0.005 0.018 0.030 0.917 
 626 S _   0.018 0.006 0.001 0.006 0.005 0.018 0.030 0.917 
 627 Q _   0.018 0.007 0.001 0.007 0.006 0.018 0.029 0.914 
 628 L _   0.018 0.008 0.001 0.010 0.007 0.019 0.029 0.908 
 629 S _   0.019 0.010 0.001 0.013 0.008 0.020 0.028 0.900 
 630 L _   0.020 0.013 0.001 0.017 0.010 0.021 0.027 0.891 
 631 L _   0.020 0.015 0.001 0.021 0.011 0.021 0.027 0.884 
 632 D _   0.020 0.016 0.001 0.023 0.011 0.021 0.026 0.882 
 633 Y _   0.020 0.016 0.001 0.023 0.011 0.021 0.026 0.884 
 634 F _   0.019 0.014 0.001 0.021 0.010 0.020 0.025 0.889 
 635 L _   0.019 0.012 0.001 0.017 0.009 0.019 0.025 0.898 
 636 Q _   0.018 0.010 0.001 0.014 0.007 0.017 0.025 0.908 
 637 E _   0.018 0.007 0.001 0.010 0.006 0.017 0.024 0.917 
 638 H _   0.018 0.005 0.001 0.008 0.005 0.016 0.024 0.923 
 639 G _   0.018 0.004 0.001 0.007 0.005 0.016 0.023 0.926 
 640 S _   0.020 0.003 0.001 0.006 0.005 0.017 0.023 0.925 
 641 Y _   0.024 0.003 0.001 0.007 0.006 0.018 0.022 0.920 
 642 T _   0.028 0.003 0.001 0.009 0.007 0.019 0.021 0.912 
 643 T _   0.034 0.003 0.001 0.010 0.009 0.020 0.021 0.903 
 644 E _   0.040 0.003 0.001 0.012 0.010 0.021 0.020 0.893 
 645 A _   0.048 0.003 0.001 0.013 0.011 0.022 0.019 0.883 
 646 F _   0.058 0.003 0.001 0.013 0.011 0.022 0.018 0.874 
 647 L _   0.071 0.002 0.001 0.012 0.011 0.021 0.017 0.866 
 648 S _   0.088 0.001 0.001 0.009 0.010 0.020 0.016 0.856 
 649 A _   0.109 0.001 0.001 0.006 0.008 0.019 0.015 0.842 
 650 Q _   0.137 0.000 0.001 0.004 0.007 0.017 0.013 0.821 
 651 R _   0.173 0.000 0.001 0.002 0.007 0.016 0.012 0.789 
 652 N _   0.223 0.000 0.001 0.001 0.007 0.016 0.011 0.742 
 653 F _   0.289 0.000 0.001 0.001 0.007 0.016 0.009 0.677 
 654 V _   0.372 0.000 0.001 0.001 0.009 0.016 0.008 0.593 
 655 Q _   0.466 0.000 0.001 0.001 0.011 0.017 0.007 0.498 
 656 S H   0.563 0.000 0.001 0.001 0.014 0.017 0.006 0.398 
 657 C H   0.651 0.000 0.001 0.001 0.017 0.017 0.005 0.307 
 658 A H   0.719 0.000 0.001 0.001 0.021 0.017 0.005 0.236 
 659 G H   0.764 0.000 0.001 0.001 0.023 0.017 0.005 0.189 
 660 Y H   0.791 0.000 0.001 0.001 0.025 0.016 0.005 0.160 
 661 C H   0.801 0.000 0.001 0.002 0.026 0.015 0.005 0.149 
 662 L H   0.796 0.000 0.002 0.002 0.028 0.015 0.006 0.151 
 663 V H   0.773 0.000 0.002 0.003 0.028 0.015 0.008 0.171 
