#TopoPred_TM8: 8-state transmembrane topology prediction results by no_profile mode 
#probabilities are in the order of H E C I L F X _, the 8 transmembrane topology types used in PDBTM 
   1 M X   0.004 0.000 0.001 0.026 0.006 0.004 0.942 0.016 
   2 Q X   0.001 0.000 0.000 0.011 0.001 0.001 0.971 0.015 
   3 F X   0.000 0.000 0.000 0.004 0.000 0.001 0.980 0.015 
   4 P X   0.000 0.000 0.000 0.002 0.000 0.000 0.982 0.015 
   5 S X   0.000 0.000 0.000 0.001 0.000 0.000 0.983 0.015 
   6 P X   0.000 0.000 0.000 0.001 0.000 0.000 0.983 0.016 
   7 P X   0.000 0.000 0.000 0.001 0.000 0.000 0.982 0.016 
   8 A X   0.000 0.000 0.000 0.001 0.000 0.001 0.981 0.017 
   9 A X   0.000 0.000 0.000 0.001 0.000 0.001 0.980 0.018 
  10 R X   0.000 0.000 0.000 0.001 0.000 0.001 0.978 0.019 
  11 S X   0.000 0.000 0.000 0.001 0.000 0.001 0.977 0.021 
  12 S X   0.000 0.000 0.000 0.002 0.000 0.001 0.974 0.022 
  13 P X   0.000 0.000 0.000 0.002 0.000 0.001 0.972 0.024 
  14 A X   0.000 0.001 0.000 0.002 0.000 0.001 0.970 0.026 
  15 P X   0.000 0.001 0.000 0.002 0.000 0.001 0.967 0.028 
  16 Q X   0.000 0.001 0.000 0.002 0.000 0.001 0.965 0.030 
  17 A X   0.000 0.001 0.000 0.002 0.000 0.001 0.963 0.032 
  18 A X   0.000 0.001 0.000 0.002 0.000 0.001 0.960 0.034 
  19 S X   0.000 0.001 0.000 0.003 0.001 0.001 0.958 0.036 
  20 S X   0.000 0.001 0.000 0.003 0.001 0.001 0.956 0.038 
  21 S X   0.000 0.001 0.000 0.003 0.001 0.001 0.954 0.040 
  22 E X   0.000 0.002 0.000 0.003 0.001 0.001 0.951 0.041 
  23 A X   0.000 0.002 0.000 0.004 0.001 0.001 0.949 0.042 
  24 A X   0.001 0.002 0.000 0.004 0.001 0.002 0.948 0.044 
  25 A X   0.001 0.002 0.000 0.004 0.001 0.002 0.946 0.044 
  26 P X   0.001 0.002 0.000 0.004 0.001 0.002 0.945 0.046 
  27 A X   0.001 0.002 0.000 0.004 0.001 0.001 0.945 0.047 
  28 T X   0.001 0.002 0.000 0.003 0.001 0.001 0.944 0.048 
  29 G X   0.001 0.002 0.000 0.003 0.001 0.001 0.944 0.049 
  30 Q X   0.001 0.001 0.000 0.002 0.001 0.001 0.944 0.050 
  31 P X   0.001 0.001 0.000 0.002 0.000 0.001 0.944 0.051 
  32 G X   0.000 0.001 0.000 0.001 0.000 0.001 0.944 0.052 
  33 P X   0.000 0.001 0.000 0.001 0.000 0.001 0.944 0.053 
  34 S X   0.000 0.001 0.000 0.001 0.000 0.001 0.943 0.053 
  35 C X   0.000 0.001 0.000 0.001 0.000 0.001 0.942 0.054 
  36 P X   0.001 0.001 0.000 0.001 0.000 0.001 0.941 0.055 
  37 V X   0.001 0.001 0.000 0.002 0.000 0.001 0.940 0.055 
  38 P X   0.001 0.001 0.000 0.002 0.001 0.001 0.939 0.056 
  39 G X   0.001 0.001 0.000 0.003 0.001 0.001 0.937 0.056 
  40 T X   0.001 0.001 0.000 0.003 0.001 0.001 0.936 0.057 
  41 S X   0.001 0.001 0.000 0.003 0.001 0.001 0.935 0.058 
  42 R X   0.001 0.001 0.000 0.003 0.001 0.001 0.934 0.060 
  43 R X   0.001 0.001 0.000 0.003 0.001 0.001 0.933 0.061 
  44 G X   0.001 0.001 0.000 0.002 0.001 0.001 0.932 0.063 
  45 R X   0.001 0.001 0.000 0.002 0.000 0.001 0.931 0.064 
  46 P X   0.001 0.001 0.000 0.002 0.000 0.001 0.930 0.066 
  47 G X   0.001 0.000 0.000 0.001 0.000 0.001 0.928 0.068 
  48 T X   0.000 0.000 0.000 0.001 0.000 0.001 0.927 0.070 
  49 P X   0.001 0.000 0.000 0.001 0.000 0.001 0.924 0.072 
  50 P X   0.001 0.000 0.000 0.001 0.000 0.001 0.922 0.074 
  51 A X   0.001 0.001 0.000 0.002 0.000 0.001 0.918 0.077 
  52 G X   0.001 0.001 0.000 0.002 0.000 0.001 0.914 0.080 
  53 R X   0.001 0.001 0.000 0.003 0.001 0.002 0.910 0.083 
  54 V X   0.001 0.001 0.000 0.004 0.001 0.002 0.905 0.087 
  55 E X   0.001 0.001 0.000 0.004 0.001 0.002 0.899 0.091 
  56 E X   0.001 0.001 0.000 0.005 0.001 0.002 0.894 0.096 
  57 E X   0.001 0.001 0.000 0.005 0.001 0.002 0.888 0.100 
  58 E X   0.001 0.002 0.000 0.005 0.001 0.002 0.883 0.106 
  59 E X   0.001 0.002 0.000 0.005 0.001 0.002 0.877 0.112 
  60 E X   0.001 0.001 0.000 0.005 0.001 0.002 0.871 0.118 
  61 E X   0.001 0.001 0.000 0.004 0.001 0.002 0.866 0.124 
  62 E X   0.001 0.001 0.000 0.004 0.001 0.002 0.859 0.132 
  63 E X   0.001 0.001 0.000 0.003 0.001 0.002 0.852 0.139 
  64 D X   0.001 0.001 0.000 0.003 0.001 0.002 0.844 0.148 
  65 V X   0.001 0.001 0.000 0.002 0.001 0.002 0.834 0.158 
  66 D X   0.001 0.001 0.000 0.002 0.001 0.002 0.823 0.169 
  67 K X   0.001 0.002 0.000 0.003 0.001 0.003 0.808 0.182 
  68 D X   0.002 0.003 0.000 0.003 0.001 0.004 0.791 0.196 
  69 P X   0.002 0.005 0.000 0.005 0.002 0.006 0.768 0.212 
  70 H X   0.003 0.010 0.000 0.008 0.003 0.009 0.739 0.228 
  71 P X   0.004 0.021 0.001 0.014 0.005 0.012 0.702 0.242 
  72 T X   0.005 0.041 0.001 0.023 0.008 0.017 0.654 0.252 
  73 Q X   0.006 0.073 0.002 0.035 0.012 0.021 0.597 0.255 
  74 N X   0.006 0.113 0.002 0.049 0.015 0.023 0.538 0.254 
  75 T X   0.006 0.152 0.002 0.062 0.017 0.025 0.484 0.252 
  76 C X   0.006 0.183 0.002 0.072 0.018 0.025 0.440 0.253 
  77 L X   0.006 0.203 0.002 0.081 0.018 0.025 0.407 0.259 
  78 R X   0.006 0.214 0.002 0.084 0.018 0.024 0.382 0.271 
  79 C X   0.006 0.218 0.001 0.084 0.017 0.023 0.362 0.289 
  80 R X   0.006 0.217 0.001 0.079 0.015 0.021 0.347 0.313 
  81 H _   0.007 0.209 0.001 0.070 0.014 0.019 0.335 0.345 
  82 F _   0.007 0.194 0.001 0.059 0.012 0.017 0.325 0.384 
  83 S _   0.007 0.170 0.001 0.047 0.010 0.015 0.317 0.431 
  84 L _   0.007 0.137 0.001 0.036 0.008 0.014 0.311 0.485 
  85 R _   0.007 0.099 0.001 0.026 0.007 0.012 0.304 0.543 
  86 E _   0.007 0.064 0.001 0.018 0.005 0.011 0.298 0.596 
  87 R _   0.007 0.038 0.001 0.012 0.004 0.010 0.292 0.637 
  88 K _   0.006 0.021 0.000 0.008 0.003 0.009 0.285 0.667 
  89 R _   0.006 0.012 0.000 0.006 0.002 0.009 0.277 0.687 
  90 E _   0.007 0.007 0.000 0.005 0.002 0.009 0.268 0.702 
  91 P _   0.008 0.004 0.000 0.005 0.002 0.010 0.258 0.712 
  92 R _   0.012 0.003 0.000 0.005 0.003 0.012 0.246 0.719 
  93 R _   0.017 0.002 0.000 0.006 0.004 0.014 0.234 0.723 
  94 T _   0.027 0.001 0.001 0.007 0.005 0.017 0.220 0.722 
  95 M _   0.043 0.001 0.001 0.008 0.007 0.021 0.204 0.715 
  96 G _   0.067 0.001 0.001 0.009 0.009 0.026 0.186 0.701 
  97 G _   0.102 0.001 0.001 0.009 0.013 0.031 0.167 0.677 
  98 C _   0.150 0.000 0.001 0.008 0.016 0.035 0.147 0.643 
  99 E _   0.208 0.000 0.002 0.007 0.020 0.039 0.127 0.598 
 100 V _   0.278 0.000 0.002 0.005 0.023 0.042 0.108 0.542 
 101 R _   0.353 0.000 0.002 0.004 0.027 0.044 0.091 0.479 
 102 E H   0.425 0.000 0.002 0.003 0.031 0.045 0.077 0.417 
 103 F H   0.495 0.000 0.002 0.003 0.035 0.045 0.065 0.355 
 104 L H   0.555 0.000 0.002 0.002 0.038 0.044 0.056 0.303 
 105 L H   0.602 0.000 0.002 0.002 0.041 0.042 0.050 0.261 
 106 Q H   0.635 0.000 0.002 0.002 0.043 0.040 0.046 0.231 
 107 F H   0.656 0.000 0.002 0.003 0.045 0.038 0.044 0.212 
 108 G H   0.666 0.000 0.002 0.003 0.047 0.036 0.042 0.204 
 109 F H   0.664 0.001 0.002 0.004 0.047 0.035 0.041 0.206 
 110 F H   0.651 0.001 0.002 0.005 0.047 0.033 0.041 0.220 
 111 L H   0.624 0.001 0.002 0.006 0.046 0.032 0.042 0.247 
 112 P H   0.583 0.001 0.002 0.008 0.043 0.031 0.043 0.290 
 113 L H   0.524 0.001 0.002 0.009 0.038 0.029 0.045 0.351 
 114 L H   0.449 0.001 0.002 0.010 0.031 0.026 0.048 0.432 
 115 T _   0.365 0.001 0.002 0.010 0.024 0.024 0.051 0.523 
 116 A _   0.279 0.001 0.002 0.010 0.017 0.020 0.055 0.617 
 117 W _   0.199 0.001 0.001 0.008 0.011 0.017 0.058 0.705 
 118 P _   0.133 0.000 0.001 0.006 0.007 0.014 0.061 0.778 
 119 G _   0.084 0.000 0.001 0.004 0.004 0.011 0.063 0.833 
 120 D _   0.051 0.000 0.000 0.003 0.003 0.010 0.064 0.869 
 121 C _   0.032 0.000 0.000 0.002 0.002 0.009 0.064 0.890 
 122 S _   0.022 0.000 0.000 0.002 0.002 0.009 0.064 0.900 
 123 H _   0.018 0.000 0.000 0.002 0.002 0.011 0.064 0.903 
 124 V _   0.017 0.001 0.000 0.003 0.003 0.014 0.063 0.900 
 125 S _   0.019 0.003 0.000 0.004 0.004 0.018 0.062 0.888 
 126 N _   0.024 0.010 0.001 0.007 0.007 0.025 0.060 0.866 
 127 N _   0.031 0.024 0.001 0.012 0.012 0.032 0.058 0.830 
 128 Q _   0.038 0.049 0.002 0.018 0.019 0.040 0.055 0.779 
 129 V _   0.044 0.082 0.002 0.025 0.026 0.046 0.052 0.722 
 130 V _   0.049 0.116 0.002 0.031 0.032 0.051 0.049 0.669 
 131 L _   0.053 0.144 0.002 0.036 0.037 0.054 0.047 0.627 
 132 L _   0.055 0.166 0.002 0.039 0.040 0.055 0.045 0.596 
 133 D _   0.056 0.182 0.002 0.041 0.042 0.056 0.044 0.577 
 134 T _   0.057 0.193 0.002 0.043 0.042 0.054 0.043 0.565 
 135 T _   0.056 0.200 0.002 0.044 0.041 0.052 0.043 0.562 
 136 T _   0.054 0.203 0.002 0.045 0.038 0.049 0.043 0.567 
 137 V _   0.051 0.202 0.002 0.045 0.034 0.045 0.043 0.578 
 138 L _   0.047 0.197 0.002 0.044 0.029 0.041 0.044 0.597 
 139 G _   0.042 0.187 0.002 0.041 0.024 0.036 0.045 0.622 
 140 E _   0.037 0.172 0.002 0.036 0.020 0.031 0.047 0.654 
 141 L _   0.032 0.151 0.001 0.031 0.016 0.027 0.049 0.694 
 142 G _   0.027 0.126 0.001 0.025 0.012 0.022 0.050 0.737 
 143 W _   0.022 0.100 0.001 0.019 0.009 0.019 0.052 0.779 
 144 K _   0.018 0.077 0.001 0.014 0.006 0.015 0.053 0.815 
 145 T _   0.014 0.061 0.001 0.010 0.005 0.013 0.054 0.843 
 146 Y _   0.011 0.051 0.000 0.008 0.003 0.011 0.055 0.861 
 147 P _   0.009 0.046 0.000 0.007 0.003 0.010 0.055 0.871 
 148 L _   0.008 0.044 0.000 0.007 0.003 0.009 0.055 0.875 
 149 N _   0.007 0.043 0.000 0.008 0.003 0.009 0.055 0.875 
 150 G _   0.007 0.045 0.000 0.010 0.003 0.009 0.054 0.872 
 151 W _   0.007 0.047 0.000 0.012 0.004 0.009 0.054 0.867 
 152 D _   0.007 0.050 0.001 0.014 0.004 0.010 0.053 0.862 
 153 A _   0.007 0.052 0.001 0.016 0.005 0.010 0.052 0.858 
 154 I _   0.006 0.054 0.001 0.017 0.005 0.010 0.052 0.856 
 155 T _   0.006 0.055 0.001 0.017 0.005 0.010 0.051 0.856 
 156 E _   0.006 0.055 0.001 0.015 0.004 0.009 0.051 0.859 
 157 M _   0.006 0.055 0.000 0.013 0.004 0.009 0.050 0.863 
 158 D _   0.006 0.054 0.000 0.011 0.003 0.009 0.050 0.867 
 159 E _   0.006 0.054 0.000 0.009 0.003 0.009 0.049 0.869 
 160 Y _   0.006 0.055 0.000 0.009 0.003 0.009 0.049 0.869 
 161 N _   0.006 0.058 0.000 0.009 0.003 0.010 0.048 0.865 
 162 R _   0.007 0.063 0.000 0.011 0.004 0.011 0.047 0.857 
 163 P _   0.008 0.071 0.001 0.014 0.005 0.013 0.046 0.843 
 164 I _   0.009 0.083 0.001 0.018 0.007 0.015 0.044 0.823 
 165 H _   0.010 0.097 0.001 0.024 0.009 0.016 0.043 0.801 
 166 T _   0.010 0.110 0.001 0.030 0.010 0.017 0.042 0.781 
 167 Y _   0.010 0.120 0.001 0.035 0.011 0.017 0.041 0.765 
 168 Q _   0.010 0.126 0.001 0.038 0.011 0.017 0.041 0.757 
 169 V _   0.010 0.129 0.001 0.038 0.011 0.016 0.040 0.755 
 170 C _   0.010 0.128 0.001 0.036 0.010 0.015 0.040 0.760 
 171 N _   0.009 0.124 0.001 0.031 0.009 0.014 0.041 0.771 
 172 V _   0.009 0.117 0.001 0.026 0.007 0.013 0.041 0.786 
 173 M _   0.008 0.108 0.001 0.020 0.006 0.011 0.042 0.804 
 174 E _   0.008 0.098 0.001 0.015 0.005 0.010 0.042 0.822 
 175 P _   0.007 0.089 0.000 0.011 0.004 0.009 0.043 0.836 
 176 N _   0.007 0.083 0.000 0.009 0.003 0.009 0.043 0.846 
 177 Q _   0.006 0.079 0.000 0.008 0.003 0.009 0.043 0.851 
 178 N _   0.006 0.078 0.000 0.008 0.003 0.009 0.043 0.853 
 179 N _   0.006 0.079 0.000 0.009 0.003 0.009 0.043 0.851 
 180 W _   0.007 0.081 0.000 0.010 0.004 0.009 0.042 0.846 
 181 L _   0.007 0.085 0.000 0.012 0.004 0.010 0.042 0.840 
 182 R _   0.007 0.089 0.001 0.014 0.004 0.010 0.041 0.834 
 183 T _   0.007 0.093 0.001 0.015 0.005 0.011 0.041 0.829 
 184 N _   0.007 0.096 0.001 0.015 0.005 0.011 0.040 0.826 
 185 W _   0.006 0.098 0.001 0.015 0.005 0.011 0.039 0.825 
 186 I _   0.006 0.100 0.001 0.014 0.005 0.011 0.039 0.825 
 187 S _   0.006 0.101 0.001 0.013 0.004 0.011 0.038 0.826 
 188 R _   0.007 0.102 0.001 0.012 0.004 0.012 0.038 0.825 
 189 D _   0.007 0.105 0.001 0.011 0.005 0.013 0.037 0.822 
 190 A _   0.008 0.108 0.001 0.012 0.005 0.014 0.036 0.816 
 191 A _   0.009 0.114 0.001 0.013 0.006 0.015 0.036 0.806 
 192 Q _   0.010 0.122 0.001 0.016 0.007 0.017 0.035 0.792 
 193 K _   0.012 0.132 0.001 0.020 0.009 0.019 0.034 0.774 
 194 I _   0.013 0.143 0.001 0.024 0.011 0.020 0.034 0.755 
 195 Y _   0.014 0.153 0.001 0.028 0.012 0.021 0.033 0.739 
 196 V _   0.014 0.160 0.001 0.032 0.013 0.021 0.032 0.727 
 197 E _   0.014 0.164 0.001 0.033 0.013 0.021 0.032 0.722 
 198 M _   0.014 0.163 0.001 0.032 0.012 0.021 0.032 0.725 
 199 K _   0.014 0.159 0.001 0.028 0.011 0.020 0.033 0.734 
 200 F _   0.013 0.151 0.001 0.023 0.009 0.019 0.033 0.750 
 201 T _   0.013 0.141 0.001 0.017 0.008 0.018 0.034 0.769 
 202 L _   0.012 0.131 0.001 0.013 0.006 0.017 0.034 0.787 
 203 R _   0.012 0.123 0.001 0.009 0.005 0.017 0.034 0.800 
 204 D _   0.012 0.119 0.000 0.007 0.005 0.018 0.034 0.805 
 205 C _   0.013 0.120 0.001 0.007 0.005 0.019 0.034 0.802 
 206 N _   0.015 0.125 0.001 0.008 0.007 0.021 0.034 0.789 
 207 S _   0.018 0.140 0.001 0.011 0.009 0.024 0.033 0.763 
 208 I _   0.021 0.166 0.001 0.017 0.013 0.027 0.032 0.722 
 209 P _   0.023 0.204 0.002 0.024 0.017 0.029 0.031 0.672 
 210 W _   0.023 0.241 0.002 0.030 0.019 0.031 0.030 0.625 
 211 V _   0.023 0.273 0.002 0.035 0.020 0.031 0.029 0.588 
 212 L _   0.023 0.294 0.002 0.038 0.020 0.030 0.029 0.565 
 213 G _   0.022 0.306 0.001 0.039 0.020 0.030 0.028 0.554 
 214 T _   0.021 0.312 0.001 0.038 0.019 0.028 0.029 0.553 
 215 C _   0.020 0.313 0.001 0.036 0.018 0.027 0.029 0.557 
 216 K _   0.019 0.310 0.001 0.034 0.016 0.026 0.030 0.564 
 217 E _   0.018 0.304 0.001 0.032 0.015 0.024 0.030 0.575 
 218 T _   0.017 0.295 0.001 0.031 0.014 0.022 0.031 0.588 
 219 F _   0.016 0.284 0.001 0.030 0.012 0.021 0.033 0.603 
 220 N _   0.016 0.269 0.001 0.029 0.011 0.019 0.034 0.621 
 221 L _   0.015 0.249 0.001 0.028 0.010 0.017 0.036 0.644 
 222 F _   0.014 0.225 0.001 0.026 0.009 0.016 0.038 0.672 
 223 Y _   0.013 0.196 0.001 0.023 0.008 0.014 0.040 0.705 
 224 M _   0.012 0.164 0.001 0.020 0.007 0.013 0.043 0.741 
 225 E _   0.011 0.131 0.001 0.016 0.006 0.011 0.045 0.779 
 226 S _   0.010 0.103 0.001 0.013 0.004 0.010 0.047 0.813 
 227 D _   0.009 0.081 0.000 0.010 0.003 0.009 0.048 0.839 
 228 E _   0.008 0.067 0.000 0.008 0.003 0.008 0.050 0.857 
 229 S _   0.007 0.057 0.000 0.007 0.002 0.008 0.050 0.868 
 230 H _   0.006 0.052 0.000 0.007 0.002 0.007 0.050 0.875 
 231 G _   0.006 0.049 0.000 0.007 0.002 0.007 0.051 0.878 
 232 I _   0.006 0.048 0.000 0.008 0.002 0.007 0.050 0.878 
 233 K _   0.006 0.048 0.000 0.009 0.003 0.008 0.050 0.877 
 234 F _   0.006 0.049 0.000 0.009 0.003 0.008 0.049 0.876 
 235 K _   0.006 0.050 0.000 0.010 0.003 0.008 0.048 0.875 
 236 P _   0.005 0.051 0.000 0.010 0.003 0.008 0.047 0.874 
 237 N _   0.005 0.053 0.000 0.011 0.003 0.008 0.046 0.873 
 238 Q _   0.005 0.055 0.000 0.011 0.003 0.009 0.045 0.871 
 239 Y _   0.005 0.058 0.000 0.012 0.004 0.009 0.044 0.868 
 240 T _   0.006 0.062 0.000 0.012 0.004 0.010 0.042 0.864 
 241 K _   0.006 0.066 0.001 0.014 0.004 0.010 0.041 0.858 
 242 I _   0.006 0.071 0.001 0.016 0.005 0.011 0.040 0.851 
 243 D _   0.006 0.076 0.001 0.018 0.005 0.011 0.039 0.844 
 244 T _   0.007 0.081 0.001 0.020 0.006 0.012 0.038 0.836 
 245 I _   0.007 0.086 0.001 0.022 0.006 0.012 0.036 0.830 
 246 A _   0.007 0.089 0.001 0.023 0.007 0.013 0.036 0.826 
 247 A _   0.007 0.090 0.001 0.024 0.007 0.013 0.035 0.824 
 248 D _   0.007 0.090 0.001 0.023 0.007 0.012 0.034 0.826 
 249 E _   0.007 0.088 0.001 0.022 0.006 0.012 0.034 0.830 
 250 S _   0.007 0.084 0.001 0.020 0.006 0.012 0.034 0.836 
 251 F _   0.007 0.080 0.001 0.018 0.006 0.011 0.034 0.844 
 252 T _   0.007 0.074 0.001 0.016 0.005 0.011 0.034 0.853 
 253 Q _   0.007 0.068 0.001 0.014 0.005 0.010 0.034 0.861 
 254 M _   0.007 0.063 0.001 0.013 0.004 0.010 0.034 0.869 
 255 D _   0.007 0.059 0.001 0.012 0.004 0.010 0.034 0.874 
 256 L _   0.007 0.055 0.000 0.011 0.004 0.010 0.034 0.878 
 257 G _   0.007 0.053 0.000 0.012 0.004 0.010 0.033 0.879 
 258 D _   0.008 0.051 0.001 0.013 0.005 0.011 0.033 0.880 
 259 R _   0.008 0.049 0.001 0.014 0.005 0.011 0.033 0.879 
 260 I _   0.009 0.048 0.001 0.015 0.005 0.012 0.033 0.877 
 261 L _   0.009 0.046 0.001 0.017 0.006 0.012 0.033 0.876 
 262 K _   0.010 0.044 0.001 0.018 0.006 0.012 0.033 0.876 
 263 L _   0.010 0.041 0.001 0.019 0.007 0.013 0.033 0.878 
 264 N _   0.010 0.038 0.001 0.018 0.007 0.012 0.033 0.881 
 265 T _   0.010 0.033 0.001 0.017 0.006 0.012 0.033 0.888 
 266 E _   0.010 0.028 0.001 0.015 0.006 0.012 0.033 0.896 
 267 I _   0.010 0.022 0.001 0.013 0.005 0.011 0.034 0.905 
 268 R _   0.009 0.017 0.001 0.011 0.004 0.011 0.034 0.914 
 269 E _   0.009 0.012 0.000 0.009 0.004 0.010 0.034 0.922 
 270 V _   0.009 0.008 0.000 0.007 0.003 0.010 0.034 0.928 
 271 G _   0.009 0.005 0.000 0.006 0.003 0.010 0.034 0.932 
 272 P _   0.010 0.003 0.000 0.006 0.003 0.011 0.033 0.933 
 273 I _   0.012 0.002 0.000 0.005 0.003 0.013 0.032 0.931 
 274 E _   0.016 0.002 0.000 0.006 0.004 0.015 0.031 0.926 
 275 R _   0.022 0.001 0.001 0.006 0.005 0.018 0.030 0.917 
 276 K _   0.031 0.001 0.001 0.007 0.006 0.021 0.029 0.904 
 277 G _   0.045 0.001 0.001 0.007 0.008 0.025 0.028 0.886 
 278 F _   0.063 0.001 0.001 0.008 0.010 0.030 0.026 0.862 
 279 Y _   0.089 0.001 0.001 0.008 0.012 0.034 0.024 0.831 
 280 L _   0.123 0.001 0.001 0.007 0.015 0.038 0.023 0.792 
 281 A _   0.165 0.000 0.001 0.007 0.018 0.043 0.021 0.745 
 282 F _   0.214 0.000 0.001 0.006 0.022 0.046 0.019 0.692 
 283 Q _   0.265 0.000 0.002 0.005 0.025 0.050 0.017 0.635 
 284 D _   0.319 0.000 0.002 0.004 0.029 0.052 0.016 0.578 
 285 I _   0.372 0.000 0.002 0.004 0.034 0.053 0.015 0.520 
 286 G _   0.418 0.000 0.002 0.004 0.038 0.054 0.014 0.470 
 287 A H   0.456 0.000 0.002 0.004 0.042 0.054 0.014 0.428 
 288 C H   0.485 0.000 0.002 0.004 0.044 0.053 0.014 0.398 
 289 I H   0.501 0.001 0.002 0.005 0.046 0.051 0.014 0.380 
 290 A H   0.506 0.001 0.002 0.006 0.046 0.049 0.015 0.374 
 291 L H   0.500 0.001 0.002 0.007 0.045 0.047 0.016 0.382 
 292 V H   0.480 0.001 0.002 0.008 0.043 0.044 0.017 0.405 
 293 S H   0.449 0.001 0.002 0.008 0.038 0.041 0.019 0.441 
 294 V _   0.405 0.001 0.002 0.008 0.033 0.038 0.021 0.491 
 295 R _   0.352 0.001 0.002 0.008 0.027 0.035 0.024 0.552 
 296 V _   0.295 0.001 0.002 0.007 0.021 0.031 0.026 0.617 
 297 F _   0.237 0.000 0.001 0.006 0.015 0.028 0.029 0.683 
 298 Y _   0.185 0.000 0.001 0.005 0.011 0.026 0.031 0.740 
 299 K _   0.142 0.000 0.001 0.004 0.009 0.024 0.033 0.787 
 300 K _   0.108 0.000 0.001 0.004 0.007 0.023 0.035 0.822 
 301 C _   0.084 0.001 0.001 0.004 0.007 0.022 0.036 0.845 
 302 P _   0.066 0.002 0.001 0.005 0.007 0.023 0.038 0.859 
 303 F _   0.054 0.003 0.001 0.008 0.008 0.023 0.039 0.864 
 304 T _   0.046 0.007 0.001 0.012 0.009 0.024 0.040 0.861 
 305 V _   0.041 0.012 0.001 0.017 0.011 0.025 0.041 0.853 
 306 R _   0.036 0.017 0.001 0.023 0.013 0.025 0.042 0.842 
 307 N _   0.033 0.022 0.001 0.028 0.014 0.025 0.043 0.833 
 308 L _   0.029 0.025 0.001 0.031 0.015 0.024 0.045 0.830 
 309 A _   0.026 0.026 0.001 0.032 0.014 0.023 0.047 0.831 
 310 M _   0.023 0.026 0.001 0.030 0.013 0.021 0.049 0.838 
 311 F _   0.020 0.024 0.001 0.027 0.010 0.018 0.051 0.848 
 312 P _   0.017 0.021 0.001 0.021 0.008 0.016 0.054 0.862 
 313 D _   0.015 0.017 0.001 0.016 0.006 0.013 0.056 0.876 
 314 T _   0.013 0.013 0.001 0.011 0.004 0.011 0.058 0.889 
 315 I _   0.011 0.010 0.000 0.007 0.003 0.010 0.060 0.898 
 316 P _   0.010 0.009 0.000 0.005 0.002 0.009 0.061 0.904 
 317 R _   0.009 0.008 0.000 0.004 0.002 0.009 0.062 0.907 
 318 V _   0.008 0.008 0.000 0.004 0.002 0.009 0.062 0.905 
 319 D _   0.009 0.011 0.000 0.005 0.003 0.011 0.062 0.899 
 320 S _   0.010 0.016 0.000 0.008 0.004 0.013 0.062 0.886 
 321 S _   0.011 0.029 0.001 0.013 0.007 0.016 0.061 0.863 
 322 S _   0.013 0.050 0.001 0.020 0.009 0.018 0.060 0.829 
 323 L _   0.014 0.077 0.001 0.030 0.012 0.020 0.059 0.786 
 324 V _   0.014 0.103 0.001 0.040 0.014 0.021 0.058 0.749 
 325 E _   0.013 0.122 0.001 0.047 0.014 0.021 0.058 0.722 
 326 V _   0.013 0.133 0.001 0.052 0.014 0.021 0.058 0.708 
 327 R _   0.012 0.138 0.001 0.052 0.014 0.020 0.059 0.704 
 328 G _   0.012 0.138 0.001 0.050 0.013 0.018 0.060 0.709 
 329 S _   0.011 0.133 0.001 0.044 0.011 0.016 0.062 0.722 
 330 C _   0.010 0.123 0.001 0.036 0.009 0.014 0.064 0.742 
 331 V _   0.010 0.109 0.001 0.028 0.007 0.013 0.067 0.765 
 332 K _   0.009 0.094 0.001 0.021 0.005 0.011 0.069 0.790 
 333 S _   0.008 0.079 0.001 0.015 0.004 0.010 0.071 0.813 
 334 A _   0.008 0.067 0.000 0.010 0.003 0.008 0.073 0.830 
 335 E _   0.007 0.059 0.000 0.008 0.002 0.007 0.074 0.842 
 336 E _   0.006 0.055 0.000 0.006 0.002 0.007 0.075 0.849 
 337 R _   0.005 0.053 0.000 0.005 0.002 0.006 0.075 0.852 
 338 D _   0.005 0.054 0.000 0.006 0.002 0.007 0.075 0.852 
 339 T _   0.005 0.057 0.000 0.006 0.002 0.007 0.074 0.849 
 340 P _   0.005 0.062 0.000 0.008 0.002 0.008 0.073 0.843 
 341 K _   0.005 0.070 0.000 0.009 0.003 0.008 0.071 0.833 
 342 L _   0.005 0.081 0.000 0.011 0.003 0.009 0.069 0.821 
 343 Y _   0.005 0.095 0.001 0.013 0.004 0.010 0.066 0.806 
 344 C _   0.006 0.111 0.001 0.014 0.004 0.011 0.063 0.790 
 345 G _   0.006 0.130 0.001 0.016 0.005 0.012 0.060 0.771 
 346 A _   0.006 0.151 0.001 0.017 0.006 0.013 0.057 0.749 
 347 D _   0.007 0.176 0.001 0.018 0.007 0.015 0.054 0.723 
 348 G _   0.007 0.206 0.001 0.020 0.008 0.017 0.050 0.691 
 349 D _   0.009 0.240 0.001 0.022 0.009 0.018 0.047 0.654 
 350 W _   0.010 0.280 0.001 0.024 0.011 0.020 0.043 0.611 
 351 L _   0.010 0.323 0.001 0.026 0.013 0.021 0.040 0.566 
 352 V _   0.010 0.367 0.001 0.028 0.014 0.021 0.037 0.521 
 353 P _   0.010 0.408 0.001 0.030 0.014 0.021 0.034 0.481 
 354 L _   0.010 0.441 0.001 0.030 0.014 0.020 0.032 0.451 
 355 G E   0.010 0.465 0.001 0.030 0.013 0.019 0.031 0.430 
 356 R E   0.010 0.481 0.001 0.029 0.013 0.018 0.030 0.418 
 357 C E   0.010 0.492 0.001 0.028 0.012 0.017 0.029 0.411 
 358 I E   0.009 0.497 0.001 0.027 0.011 0.016 0.028 0.409 
 359 C E   0.009 0.499 0.001 0.025 0.010 0.015 0.028 0.412 
 360 S E   0.009 0.497 0.001 0.024 0.009 0.015 0.028 0.417 
 361 T E   0.008 0.493 0.001 0.022 0.008 0.014 0.028 0.426 
 362 G E   0.008 0.487 0.001 0.020 0.008 0.013 0.028 0.436 
 363 Y E   0.008 0.478 0.001 0.018 0.007 0.012 0.029 0.449 
 364 E E   0.007 0.468 0.001 0.015 0.006 0.011 0.029 0.462 
 365 E _   0.007 0.458 0.001 0.013 0.005 0.010 0.030 0.477 
 366 I _   0.006 0.448 0.001 0.011 0.004 0.010 0.030 0.489 
 367 E _   0.006 0.441 0.000 0.010 0.004 0.010 0.030 0.499 
 368 G _   0.006 0.435 0.000 0.009 0.003 0.009 0.030 0.507 
 369 S _   0.005 0.433 0.000 0.009 0.003 0.009 0.030 0.510 
 370 C _   0.005 0.434 0.000 0.009 0.004 0.010 0.030 0.509 
 371 H _   0.005 0.438 0.000 0.010 0.004 0.010 0.030 0.502 
 372 A _   0.005 0.446 0.001 0.012 0.005 0.011 0.029 0.491 
 373 C _   0.006 0.458 0.001 0.015 0.006 0.011 0.028 0.476 
 374 R E   0.006 0.472 0.001 0.019 0.006 0.012 0.028 0.456 
 375 P E   0.006 0.487 0.001 0.024 0.007 0.012 0.027 0.437 
 376 G E   0.006 0.498 0.001 0.028 0.008 0.012 0.027 0.420 
 377 F E   0.006 0.505 0.001 0.032 0.008 0.012 0.027 0.409 
 378 Y E   0.006 0.507 0.001 0.034 0.009 0.012 0.027 0.405 
 379 K E   0.006 0.502 0.001 0.036 0.009 0.011 0.028 0.407 
 380 A E   0.006 0.491 0.001 0.035 0.009 0.011 0.029 0.418 
 381 F E   0.006 0.469 0.001 0.034 0.008 0.011 0.031 0.440 
 382 A _   0.007 0.435 0.001 0.031 0.008 0.010 0.033 0.474 
 383 G _   0.007 0.389 0.001 0.027 0.007 0.010 0.036 0.522 
 384 N _   0.008 0.335 0.001 0.022 0.006 0.010 0.040 0.579 
 385 T _   0.008 0.282 0.001 0.017 0.005 0.010 0.043 0.635 
 386 K _   0.007 0.240 0.001 0.012 0.004 0.009 0.046 0.681 
 387 C _   0.006 0.211 0.000 0.009 0.003 0.009 0.048 0.714 
 388 S _   0.005 0.196 0.000 0.006 0.002 0.008 0.049 0.733 
 389 K _   0.005 0.189 0.000 0.005 0.002 0.008 0.050 0.741 
 390 C _   0.005 0.188 0.000 0.005 0.002 0.009 0.049 0.741 
 391 P _   0.006 0.193 0.000 0.007 0.003 0.011 0.049 0.731 
 392 P _   0.007 0.208 0.001 0.010 0.004 0.014 0.048 0.708 
 393 H _   0.009 0.239 0.001 0.015 0.007 0.017 0.046 0.666 
 394 S _   0.010 0.293 0.001 0.022 0.011 0.020 0.043 0.600 
 395 L _   0.010 0.362 0.002 0.030 0.014 0.021 0.040 0.521 
 396 T _   0.010 0.430 0.002 0.036 0.015 0.021 0.038 0.449 
 397 Y E   0.009 0.484 0.001 0.040 0.015 0.020 0.036 0.395 
 398 M E   0.008 0.521 0.001 0.042 0.014 0.019 0.035 0.360 
 399 E E   0.008 0.542 0.001 0.042 0.013 0.018 0.034 0.341 
 400 A E   0.007 0.553 0.001 0.042 0.013 0.017 0.034 0.333 
 401 T E   0.007 0.557 0.001 0.040 0.012 0.016 0.035 0.332 
 402 S E   0.008 0.554 0.001 0.038 0.011 0.015 0.035 0.337 
 403 V E   0.008 0.546 0.001 0.036 0.011 0.015 0.036 0.348 
 404 C E   0.008 0.531 0.001 0.034 0.010 0.014 0.038 0.364 
 405 Q E   0.009 0.508 0.001 0.032 0.010 0.014 0.040 0.385 
 406 C E   0.010 0.477 0.001 0.031 0.010 0.014 0.043 0.415 
 407 E _   0.010 0.437 0.001 0.030 0.009 0.014 0.047 0.452 
 408 K _   0.011 0.388 0.001 0.028 0.009 0.013 0.052 0.498 
 409 G _   0.011 0.333 0.001 0.026 0.008 0.013 0.057 0.551 
 410 Y _   0.011 0.277 0.001 0.022 0.007 0.013 0.062 0.607 
 411 F _   0.011 0.226 0.001 0.018 0.006 0.012 0.067 0.660 
 412 R _   0.010 0.184 0.001 0.014 0.005 0.011 0.071 0.705 
 413 A _   0.008 0.153 0.001 0.011 0.004 0.010 0.074 0.740 
 414 E _   0.007 0.132 0.000 0.009 0.003 0.009 0.076 0.764 
 415 K _   0.006 0.121 0.000 0.007 0.002 0.008 0.078 0.778 
 416 D _   0.006 0.114 0.000 0.007 0.002 0.008 0.079 0.785 
 417 P _   0.005 0.112 0.000 0.007 0.002 0.008 0.079 0.787 
 418 P _   0.005 0.111 0.000 0.008 0.002 0.008 0.079 0.786 
 419 S _   0.005 0.113 0.000 0.010 0.003 0.008 0.079 0.782 
 420 M _   0.005 0.116 0.000 0.011 0.003 0.009 0.079 0.777 
 421 A _   0.005 0.119 0.000 0.013 0.003 0.009 0.078 0.773 
 422 C _   0.005 0.122 0.000 0.013 0.004 0.009 0.077 0.770 
 423 T _   0.005 0.125 0.000 0.013 0.004 0.009 0.077 0.768 
 424 R _   0.005 0.127 0.000 0.012 0.003 0.009 0.076 0.767 
 425 P _   0.005 0.130 0.000 0.012 0.003 0.010 0.075 0.765 
 426 P _   0.005 0.133 0.000 0.011 0.003 0.010 0.074 0.763 
 427 S _   0.005 0.138 0.000 0.011 0.004 0.011 0.073 0.758 
 428 A _   0.006 0.146 0.001 0.011 0.004 0.013 0.072 0.747 
 429 P _   0.007 0.158 0.001 0.013 0.005 0.015 0.070 0.732 
 430 R _   0.008 0.176 0.001 0.015 0.007 0.017 0.068 0.707 
 431 N _   0.010 0.204 0.001 0.019 0.009 0.020 0.066 0.671 
 432 V _   0.011 0.240 0.001 0.024 0.012 0.023 0.063 0.625 
 433 V _   0.013 0.282 0.001 0.029 0.015 0.025 0.061 0.575 
 434 F _   0.013 0.326 0.002 0.034 0.017 0.026 0.058 0.523 
 435 N _   0.014 0.366 0.002 0.039 0.019 0.027 0.056 0.476 
 436 I _   0.014 0.399 0.002 0.044 0.021 0.027 0.055 0.438 
 437 N E   0.015 0.423 0.002 0.049 0.021 0.027 0.054 0.410 
 438 E E   0.015 0.438 0.001 0.053 0.021 0.026 0.054 0.392 
 439 T E   0.015 0.445 0.001 0.056 0.020 0.025 0.054 0.384 
 440 A E   0.015 0.445 0.001 0.057 0.019 0.023 0.055 0.384 
 441 L E   0.015 0.436 0.001 0.055 0.018 0.022 0.058 0.395 
 442 I _   0.015 0.416 0.001 0.052 0.016 0.020 0.060 0.419 
 443 L _   0.015 0.380 0.002 0.047 0.014 0.018 0.065 0.460 
 444 E _   0.015 0.325 0.002 0.040 0.013 0.016 0.070 0.520 
 445 W _   0.014 0.252 0.002 0.031 0.010 0.015 0.076 0.599 
 446 S _   0.013 0.177 0.001 0.022 0.008 0.013 0.082 0.682 
 447 P _   0.012 0.117 0.001 0.015 0.005 0.011 0.088 0.752 
 448 P _   0.009 0.080 0.001 0.009 0.003 0.009 0.091 0.798 
 449 S _   0.007 0.061 0.000 0.006 0.002 0.008 0.093 0.823 
 450 D _   0.006 0.052 0.000 0.004 0.002 0.007 0.094 0.835 
 451 T _   0.005 0.050 0.000 0.003 0.001 0.007 0.094 0.839 
 452 G _   0.005 0.050 0.000 0.004 0.002 0.008 0.094 0.837 
 453 G _   0.006 0.056 0.000 0.006 0.002 0.010 0.092 0.828 
 454 R _   0.007 0.069 0.001 0.010 0.004 0.013 0.090 0.807 
 455 K _   0.008 0.096 0.001 0.016 0.006 0.016 0.086 0.770 
 456 D _   0.009 0.140 0.001 0.026 0.009 0.019 0.081 0.715 
 457 L _   0.009 0.195 0.001 0.036 0.012 0.020 0.075 0.651 
 458 T _   0.009 0.248 0.002 0.046 0.014 0.021 0.070 0.591 
 459 Y _   0.008 0.288 0.001 0.054 0.015 0.021 0.066 0.545 
 460 S _   0.008 0.314 0.001 0.060 0.016 0.021 0.063 0.517 
 461 V _   0.008 0.328 0.001 0.064 0.016 0.021 0.062 0.501 
 462 I _   0.008 0.333 0.001 0.064 0.015 0.020 0.061 0.497 
 463 C _   0.008 0.331 0.001 0.062 0.015 0.019 0.061 0.502 
 464 K _   0.008 0.321 0.001 0.058 0.014 0.018 0.061 0.518 
 465 K _   0.009 0.301 0.001 0.051 0.013 0.017 0.063 0.546 
 466 C _   0.009 0.269 0.001 0.043 0.012 0.015 0.065 0.587 
 467 G _   0.009 0.225 0.001 0.034 0.010 0.014 0.068 0.638 
 468 L _   0.009 0.176 0.001 0.026 0.008 0.013 0.071 0.695 
 469 D _   0.009 0.130 0.001 0.019 0.006 0.012 0.073 0.749 
 470 T _   0.008 0.094 0.001 0.014 0.005 0.011 0.076 0.791 
 471 S _   0.007 0.070 0.001 0.010 0.004 0.010 0.077 0.820 
 472 Q _   0.006 0.056 0.000 0.008 0.003 0.010 0.078 0.838 
 473 C _   0.006 0.048 0.000 0.007 0.003 0.010 0.079 0.848 
 474 E _   0.006 0.044 0.000 0.007 0.003 0.010 0.079 0.851 
 475 D _   0.006 0.042 0.000 0.008 0.003 0.011 0.079 0.850 
 476 C _   0.007 0.042 0.000 0.010 0.004 0.013 0.078 0.846 
 477 G _   0.008 0.043 0.001 0.014 0.005 0.015 0.078 0.837 
 478 G _   0.009 0.045 0.001 0.018 0.007 0.017 0.077 0.827 
 479 G _   0.010 0.046 0.001 0.023 0.009 0.019 0.076 0.816 
 480 L _   0.010 0.047 0.001 0.027 0.010 0.021 0.076 0.807 
 481 R _   0.011 0.047 0.001 0.029 0.011 0.023 0.076 0.802 
 482 F _   0.012 0.044 0.001 0.029 0.012 0.024 0.076 0.801 
 483 I _   0.013 0.040 0.001 0.027 0.012 0.025 0.077 0.805 
 484 P _   0.014 0.034 0.001 0.024 0.011 0.026 0.078 0.812 
 485 R _   0.016 0.027 0.001 0.019 0.010 0.027 0.079 0.821 
 486 H _   0.019 0.020 0.001 0.014 0.009 0.028 0.081 0.829 
 487 T _   0.022 0.014 0.001 0.010 0.009 0.029 0.082 0.833 
 488 G _   0.028 0.010 0.001 0.008 0.009 0.032 0.083 0.830 
 489 L _   0.035 0.008 0.001 0.007 0.010 0.036 0.084 0.820 
 490 I _   0.045 0.007 0.001 0.007 0.013 0.040 0.085 0.802 
 491 N _   0.058 0.007 0.001 0.008 0.017 0.046 0.087 0.776 
 492 N _   0.071 0.008 0.001 0.011 0.023 0.051 0.088 0.746 
 493 S _   0.084 0.011 0.002 0.015 0.029 0.056 0.090 0.714 
 494 V _   0.094 0.013 0.002 0.020 0.035 0.059 0.093 0.684 
 495 I _   0.102 0.016 0.002 0.024 0.039 0.061 0.096 0.661 
 496 V _   0.105 0.017 0.002 0.027 0.040 0.060 0.100 0.649 
 497 L _   0.104 0.018 0.002 0.027 0.038 0.058 0.105 0.648 
 498 D _   0.100 0.016 0.002 0.024 0.034 0.055 0.110 0.658 
 499 F _   0.094 0.014 0.002 0.019 0.030 0.051 0.116 0.673 
 500 V _   0.086 0.012 0.002 0.015 0.024 0.048 0.122 0.692 
 501 S _   0.078 0.010 0.001 0.011 0.019 0.044 0.128 0.709 
 502 H _   0.069 0.008 0.001 0.009 0.016 0.041 0.134 0.723 
 503 V _   0.061 0.008 0.001 0.008 0.014 0.038 0.140 0.731 
 504 N _   0.054 0.008 0.001 0.009 0.013 0.036 0.146 0.734 
 505 Y _   0.048 0.009 0.001 0.010 0.013 0.035 0.152 0.732 
 506 T _   0.043 0.012 0.001 0.014 0.013 0.034 0.158 0.726 
 507 F _   0.039 0.015 0.001 0.018 0.014 0.032 0.164 0.717 
 508 E _   0.034 0.018 0.001 0.022 0.014 0.030 0.171 0.709 
 509 I _   0.030 0.021 0.001 0.025 0.014 0.028 0.179 0.702 
 510 E _   0.025 0.022 0.001 0.026 0.014 0.026 0.187 0.698 
 511 A _   0.022 0.023 0.001 0.026 0.012 0.023 0.196 0.698 
 512 M _   0.018 0.022 0.001 0.024 0.011 0.020 0.205 0.699 
 513 N _   0.015 0.021 0.001 0.021 0.009 0.018 0.214 0.701 
 514 G _   0.013 0.019 0.001 0.017 0.007 0.015 0.224 0.704 
 515 V _   0.011 0.017 0.001 0.013 0.005 0.013 0.233 0.706 
 516 S _   0.010 0.015 0.001 0.010 0.004 0.012 0.242 0.706 
 517 E _   0.009 0.013 0.000 0.007 0.003 0.011 0.250 0.705 
 518 L _   0.008 0.013 0.000 0.006 0.003 0.010 0.258 0.702 
 519 S _   0.008 0.013 0.000 0.005 0.003 0.011 0.264 0.696 
 520 F _   0.008 0.014 0.000 0.006 0.003 0.011 0.270 0.687 
 521 S _   0.009 0.017 0.000 0.007 0.004 0.013 0.276 0.673 
 522 P _   0.010 0.024 0.001 0.011 0.006 0.015 0.282 0.652 
 523 K _   0.011 0.035 0.001 0.017 0.008 0.018 0.287 0.623 
 524 P _   0.013 0.051 0.001 0.025 0.011 0.020 0.293 0.586 
 525 F _   0.013 0.068 0.001 0.034 0.014 0.022 0.300 0.548 
 526 T _   0.013 0.081 0.001 0.043 0.015 0.022 0.308 0.515 
 527 A _   0.013 0.090 0.001 0.049 0.016 0.022 0.319 0.490 
 528 I _   0.012 0.094 0.001 0.051 0.016 0.022 0.331 0.473 
 529 T _   0.011 0.094 0.001 0.049 0.015 0.020 0.345 0.464 
 530 V _   0.010 0.091 0.001 0.044 0.013 0.019 0.362 0.460 
 531 T _   0.009 0.085 0.001 0.036 0.010 0.017 0.380 0.461 
 532 T _   0.008 0.076 0.001 0.028 0.008 0.015 0.400 0.463 
 533 D _   0.008 0.067 0.001 0.021 0.006 0.013 0.419 0.464 
 534 Q _   0.007 0.059 0.001 0.017 0.005 0.012 0.438 0.462 
 535 D _   0.007 0.052 0.001 0.014 0.004 0.011 0.455 0.456 
 536 G X   0.007 0.048 0.000 0.013 0.004 0.011 0.471 0.446 
 537 K X   0.007 0.045 0.000 0.013 0.004 0.010 0.486 0.435 
 538 F X   0.007 0.043 0.000 0.013 0.004 0.010 0.500 0.423 
 539 H X   0.006 0.041 0.000 0.015 0.004 0.009 0.513 0.412 
 540 C X   0.005 0.040 0.000 0.015 0.004 0.008 0.525 0.404 
 541 C X   0.004 0.037 0.000 0.015 0.003 0.007 0.537 0.396 
 542 S X   0.003 0.034 0.000 0.013 0.003 0.005 0.549 0.393 
 543 L X   0.002 0.030 0.000 0.011 0.002 0.003 0.561 0.393 
 544 K X   0.001 0.023 0.000 0.007 0.001 0.001 0.571 0.397 
 545 T X   0.000 0.018 0.000 0.004 0.000 0.000 0.574 0.403 
 546 D X   0.000 0.016 0.000 0.004 0.000 0.000 0.572 0.406 
 547 P X   0.003 0.015 0.001 0.011 0.003 0.003 0.562 0.403 
