#TopoPred_TM8: 8-state transmembrane topology prediction results by no_profile mode 
#probabilities are in the order of H E C I L F X _, the 8 transmembrane topology types used in PDBTM 
   1 M X   0.006 0.001 0.001 0.030 0.006 0.005 0.882 0.069 
   2 G X   0.002 0.000 0.000 0.015 0.001 0.002 0.905 0.075 
   3 N X   0.000 0.000 0.000 0.008 0.000 0.001 0.911 0.078 
   4 T X   0.000 0.000 0.000 0.006 0.000 0.001 0.912 0.080 
   5 S X   0.000 0.001 0.000 0.006 0.000 0.002 0.910 0.080 
   6 S X   0.001 0.001 0.000 0.007 0.001 0.003 0.907 0.081 
   7 E X   0.001 0.002 0.000 0.009 0.001 0.004 0.903 0.081 
   8 R X   0.001 0.004 0.000 0.011 0.001 0.004 0.898 0.081 
   9 A X   0.002 0.005 0.000 0.013 0.002 0.005 0.893 0.081 
  10 A X   0.002 0.006 0.000 0.014 0.002 0.005 0.888 0.083 
  11 L X   0.001 0.007 0.000 0.015 0.002 0.005 0.885 0.085 
  12 E X   0.001 0.007 0.000 0.014 0.002 0.004 0.882 0.088 
  13 R X   0.001 0.007 0.000 0.013 0.002 0.004 0.881 0.091 
  14 H X   0.001 0.007 0.000 0.011 0.002 0.003 0.881 0.095 
  15 G X   0.001 0.006 0.000 0.008 0.001 0.003 0.881 0.098 
  16 G X   0.001 0.005 0.000 0.006 0.001 0.003 0.882 0.101 
  17 H X   0.001 0.004 0.000 0.005 0.001 0.002 0.883 0.104 
  18 K X   0.001 0.003 0.000 0.003 0.001 0.002 0.883 0.106 
  19 T X   0.001 0.002 0.000 0.003 0.001 0.002 0.883 0.108 
  20 P X   0.001 0.002 0.000 0.002 0.001 0.002 0.883 0.110 
  21 R X   0.001 0.001 0.000 0.002 0.000 0.001 0.882 0.112 
  22 R X   0.001 0.001 0.000 0.002 0.000 0.001 0.880 0.114 
  23 D X   0.001 0.001 0.000 0.002 0.000 0.001 0.878 0.116 
  24 S X   0.001 0.001 0.000 0.002 0.000 0.001 0.875 0.119 
  25 S X   0.001 0.001 0.000 0.002 0.000 0.001 0.871 0.123 
  26 G X   0.001 0.001 0.000 0.002 0.001 0.001 0.866 0.128 
  27 G X   0.001 0.001 0.000 0.002 0.001 0.002 0.860 0.134 
  28 T X   0.001 0.001 0.000 0.002 0.001 0.002 0.853 0.140 
  29 K X   0.001 0.001 0.000 0.003 0.001 0.002 0.845 0.147 
  30 D X   0.001 0.002 0.000 0.003 0.001 0.002 0.836 0.155 
  31 G X   0.001 0.002 0.000 0.004 0.001 0.003 0.825 0.163 
  32 D X   0.001 0.003 0.000 0.006 0.001 0.003 0.813 0.171 
  33 R X   0.001 0.005 0.000 0.008 0.002 0.004 0.801 0.180 
  34 P X   0.002 0.006 0.000 0.010 0.002 0.004 0.788 0.189 
  35 K X   0.002 0.008 0.000 0.011 0.002 0.005 0.775 0.198 
  36 I X   0.002 0.009 0.000 0.013 0.002 0.005 0.762 0.207 
  37 L X   0.002 0.010 0.000 0.013 0.002 0.005 0.751 0.216 
  38 M X   0.002 0.011 0.000 0.013 0.002 0.005 0.740 0.227 
  39 D X   0.002 0.011 0.000 0.012 0.002 0.005 0.731 0.237 
  40 S X   0.002 0.011 0.000 0.011 0.002 0.005 0.722 0.247 
  41 P X   0.002 0.011 0.000 0.010 0.002 0.005 0.714 0.257 
  42 E X   0.002 0.011 0.000 0.009 0.002 0.004 0.706 0.266 
  43 D X   0.002 0.011 0.000 0.008 0.002 0.004 0.698 0.275 
  44 A X   0.002 0.011 0.000 0.007 0.002 0.004 0.690 0.283 
  45 D X   0.002 0.011 0.000 0.007 0.002 0.004 0.683 0.291 
  46 L X   0.002 0.011 0.000 0.007 0.002 0.004 0.674 0.299 
  47 F X   0.002 0.011 0.000 0.007 0.002 0.004 0.666 0.307 
  48 H X   0.002 0.012 0.000 0.007 0.002 0.005 0.656 0.316 
  49 S X   0.002 0.012 0.000 0.007 0.002 0.005 0.646 0.326 
  50 E X   0.002 0.013 0.000 0.006 0.002 0.005 0.635 0.336 
  51 E X   0.003 0.014 0.000 0.006 0.002 0.005 0.624 0.347 
  52 I X   0.003 0.016 0.000 0.006 0.002 0.006 0.610 0.358 
  53 K X   0.003 0.018 0.000 0.007 0.002 0.006 0.596 0.368 
  54 A X   0.003 0.022 0.000 0.008 0.003 0.007 0.580 0.376 
  55 P X   0.003 0.028 0.000 0.011 0.003 0.009 0.562 0.383 
  56 E X   0.004 0.037 0.001 0.016 0.005 0.010 0.542 0.386 
  57 K X   0.004 0.050 0.001 0.022 0.006 0.012 0.521 0.384 
  58 E X   0.005 0.064 0.001 0.029 0.007 0.013 0.500 0.381 
  59 E X   0.005 0.077 0.001 0.035 0.008 0.014 0.482 0.378 
  60 F X   0.005 0.086 0.001 0.041 0.009 0.014 0.467 0.378 
  61 L X   0.006 0.092 0.001 0.044 0.009 0.014 0.455 0.381 
  62 A X   0.006 0.094 0.001 0.043 0.008 0.013 0.446 0.389 
  63 W X   0.006 0.092 0.001 0.040 0.007 0.012 0.439 0.403 
  64 Q X   0.006 0.088 0.001 0.034 0.006 0.011 0.434 0.420 
  65 H _   0.005 0.081 0.001 0.027 0.005 0.009 0.430 0.442 
  66 D _   0.005 0.070 0.001 0.020 0.004 0.008 0.427 0.466 
  67 L _   0.005 0.059 0.000 0.014 0.003 0.007 0.423 0.489 
  68 E _   0.005 0.049 0.000 0.009 0.002 0.006 0.420 0.509 
  69 V _   0.004 0.042 0.000 0.006 0.002 0.005 0.415 0.526 
  70 N _   0.004 0.039 0.000 0.004 0.001 0.005 0.409 0.538 
  71 D _   0.004 0.038 0.000 0.003 0.001 0.005 0.401 0.548 
  72 K _   0.004 0.039 0.000 0.004 0.001 0.006 0.392 0.555 
  73 A _   0.004 0.043 0.000 0.005 0.002 0.007 0.379 0.560 
  74 P _   0.005 0.053 0.000 0.008 0.003 0.010 0.361 0.559 
  75 A _   0.007 0.076 0.001 0.014 0.006 0.014 0.337 0.547 
  76 Q _   0.008 0.120 0.001 0.022 0.009 0.017 0.304 0.518 
  77 A _   0.008 0.191 0.002 0.031 0.013 0.020 0.264 0.471 
  78 R _   0.008 0.281 0.002 0.039 0.015 0.020 0.222 0.412 
  79 P E   0.007 0.369 0.002 0.043 0.016 0.020 0.186 0.358 
  80 T E   0.006 0.440 0.002 0.043 0.015 0.018 0.159 0.317 
  81 V E   0.006 0.490 0.001 0.041 0.013 0.017 0.140 0.292 
  82 F E   0.005 0.523 0.001 0.038 0.011 0.015 0.127 0.279 
  83 R E   0.005 0.545 0.001 0.035 0.010 0.014 0.117 0.274 
  84 W E   0.004 0.558 0.001 0.032 0.009 0.013 0.109 0.273 
  85 T E   0.004 0.567 0.001 0.029 0.008 0.013 0.103 0.276 
  86 G E   0.004 0.572 0.001 0.026 0.008 0.012 0.098 0.280 
  87 G E   0.004 0.574 0.001 0.024 0.007 0.012 0.093 0.285 
  88 G E   0.004 0.574 0.001 0.023 0.007 0.011 0.090 0.290 
  89 K E   0.005 0.572 0.001 0.022 0.007 0.011 0.087 0.296 
  90 E E   0.005 0.568 0.001 0.022 0.007 0.010 0.084 0.304 
  91 V E   0.005 0.560 0.001 0.021 0.006 0.010 0.082 0.315 
  92 Y E   0.005 0.550 0.001 0.021 0.006 0.010 0.080 0.328 
  93 L E   0.005 0.534 0.001 0.020 0.006 0.009 0.079 0.346 
  94 S E   0.005 0.515 0.001 0.019 0.006 0.009 0.078 0.368 
  95 G E   0.005 0.492 0.001 0.018 0.006 0.009 0.077 0.393 
  96 S E   0.005 0.466 0.001 0.017 0.005 0.009 0.077 0.420 
  97 F _   0.005 0.440 0.001 0.016 0.005 0.009 0.076 0.448 
  98 N _   0.005 0.413 0.001 0.015 0.005 0.009 0.076 0.476 
  99 N _   0.005 0.389 0.001 0.014 0.005 0.009 0.076 0.501 
 100 W _   0.005 0.368 0.001 0.013 0.004 0.009 0.076 0.523 
 101 S _   0.006 0.351 0.001 0.012 0.004 0.009 0.076 0.542 
 102 K _   0.005 0.336 0.000 0.011 0.004 0.009 0.076 0.558 
 103 L _   0.005 0.325 0.000 0.010 0.003 0.009 0.076 0.571 
 104 P _   0.006 0.317 0.000 0.009 0.003 0.010 0.075 0.580 
 105 L _   0.006 0.312 0.000 0.009 0.003 0.010 0.074 0.586 
 106 T _   0.006 0.309 0.000 0.009 0.004 0.011 0.073 0.588 
 107 R _   0.006 0.309 0.000 0.010 0.004 0.011 0.072 0.587 
 108 S _   0.007 0.312 0.001 0.012 0.005 0.013 0.071 0.581 
 109 H _   0.008 0.318 0.001 0.014 0.006 0.014 0.069 0.570 
 110 N _   0.008 0.326 0.001 0.018 0.007 0.015 0.068 0.557 
 111 N _   0.009 0.333 0.001 0.023 0.009 0.015 0.067 0.544 
 112 F _   0.009 0.340 0.001 0.027 0.010 0.016 0.066 0.532 
 113 V _   0.010 0.343 0.001 0.030 0.010 0.016 0.065 0.525 
 114 A _   0.010 0.341 0.001 0.032 0.010 0.016 0.065 0.524 
 115 I _   0.010 0.334 0.001 0.032 0.010 0.015 0.066 0.531 
 116 L _   0.010 0.321 0.001 0.030 0.010 0.015 0.066 0.547 
 117 D _   0.010 0.299 0.001 0.027 0.009 0.014 0.068 0.572 
 118 L _   0.010 0.268 0.001 0.023 0.008 0.014 0.070 0.606 
 119 P _   0.011 0.233 0.001 0.018 0.007 0.014 0.072 0.644 
 120 E _   0.011 0.201 0.001 0.015 0.006 0.013 0.074 0.680 
 121 G _   0.010 0.176 0.001 0.012 0.005 0.013 0.076 0.706 
 122 E _   0.010 0.160 0.001 0.011 0.005 0.013 0.078 0.723 
 123 H _   0.010 0.150 0.001 0.011 0.005 0.013 0.079 0.732 
 124 Q _   0.010 0.144 0.001 0.012 0.005 0.014 0.080 0.734 
 125 Y _   0.010 0.140 0.001 0.015 0.005 0.014 0.082 0.733 
 126 K _   0.010 0.137 0.001 0.018 0.006 0.014 0.083 0.731 
 127 F _   0.010 0.134 0.001 0.021 0.007 0.014 0.084 0.729 
 128 F _   0.010 0.129 0.001 0.024 0.007 0.013 0.086 0.730 
 129 V _   0.010 0.121 0.001 0.024 0.007 0.013 0.088 0.736 
 130 D _   0.010 0.109 0.001 0.023 0.006 0.012 0.090 0.749 
 131 G _   0.009 0.093 0.001 0.019 0.006 0.011 0.093 0.769 
 132 Q _   0.008 0.074 0.001 0.015 0.005 0.010 0.095 0.792 
 133 W _   0.008 0.055 0.001 0.010 0.004 0.009 0.097 0.816 
 134 T _   0.007 0.041 0.000 0.007 0.003 0.008 0.099 0.835 
 135 H _   0.006 0.033 0.000 0.004 0.002 0.008 0.100 0.846 
 136 D _   0.006 0.030 0.000 0.003 0.002 0.008 0.101 0.850 
 137 P _   0.007 0.030 0.000 0.004 0.002 0.010 0.100 0.847 
 138 S _   0.008 0.033 0.000 0.005 0.003 0.013 0.100 0.838 
 139 E _   0.011 0.043 0.001 0.008 0.005 0.017 0.099 0.817 
 140 P _   0.014 0.067 0.001 0.014 0.009 0.021 0.096 0.778 
 141 I _   0.016 0.112 0.001 0.022 0.013 0.025 0.093 0.718 
 142 V _   0.016 0.169 0.002 0.030 0.017 0.028 0.090 0.649 
 143 T _   0.016 0.222 0.002 0.036 0.019 0.029 0.087 0.590 
 144 S _   0.015 0.263 0.002 0.040 0.020 0.029 0.085 0.547 
 145 Q _   0.015 0.290 0.002 0.042 0.020 0.028 0.083 0.520 
 146 L _   0.014 0.306 0.001 0.042 0.019 0.028 0.083 0.506 
 147 G _   0.014 0.314 0.001 0.041 0.019 0.027 0.083 0.501 
 148 T _   0.013 0.317 0.001 0.038 0.017 0.026 0.084 0.503 
 149 V _   0.013 0.316 0.001 0.034 0.016 0.025 0.086 0.510 
 150 N _   0.013 0.311 0.001 0.030 0.014 0.024 0.087 0.519 
 151 N _   0.013 0.304 0.001 0.025 0.012 0.022 0.090 0.532 
 152 I _   0.014 0.295 0.001 0.021 0.010 0.021 0.092 0.546 
 153 I _   0.013 0.284 0.001 0.017 0.009 0.020 0.095 0.560 
 154 Q _   0.013 0.274 0.001 0.014 0.007 0.020 0.097 0.574 
 155 V _   0.013 0.266 0.001 0.011 0.007 0.019 0.099 0.584 
 156 K _   0.012 0.261 0.001 0.010 0.006 0.019 0.101 0.589 
 157 K _   0.012 0.260 0.001 0.009 0.006 0.020 0.103 0.589 
 158 T _   0.012 0.263 0.001 0.010 0.007 0.021 0.104 0.582 
 159 D _   0.013 0.270 0.001 0.013 0.008 0.022 0.106 0.568 
 160 F _   0.013 0.283 0.001 0.017 0.010 0.022 0.107 0.546 
 161 E _   0.014 0.300 0.001 0.023 0.012 0.023 0.108 0.519 
 162 V _   0.014 0.317 0.001 0.029 0.013 0.023 0.110 0.492 
 163 F _   0.013 0.331 0.001 0.035 0.014 0.022 0.113 0.471 
 164 D _   0.013 0.338 0.001 0.040 0.014 0.021 0.116 0.457 
 165 A _   0.012 0.339 0.001 0.042 0.014 0.020 0.120 0.452 
 166 L _   0.011 0.334 0.001 0.042 0.013 0.019 0.125 0.455 
 167 M _   0.011 0.322 0.001 0.040 0.012 0.018 0.131 0.465 
 168 V _   0.011 0.302 0.001 0.037 0.011 0.016 0.139 0.482 
 169 D _   0.011 0.274 0.001 0.033 0.011 0.015 0.149 0.507 
 170 S _   0.010 0.238 0.001 0.029 0.009 0.015 0.161 0.536 
 171 Q _   0.010 0.202 0.001 0.025 0.008 0.014 0.174 0.565 
 172 K _   0.010 0.167 0.001 0.022 0.007 0.013 0.188 0.590 
 173 C _   0.010 0.137 0.001 0.020 0.006 0.012 0.201 0.613 
 174 S _   0.009 0.111 0.001 0.018 0.005 0.011 0.214 0.631 
 175 D _   0.009 0.090 0.001 0.016 0.004 0.011 0.225 0.644 
 176 V _   0.008 0.073 0.001 0.014 0.004 0.010 0.235 0.655 
 177 S _   0.008 0.059 0.000 0.013 0.003 0.009 0.244 0.664 
 178 E _   0.007 0.046 0.000 0.011 0.003 0.008 0.252 0.672 
 179 L _   0.006 0.036 0.000 0.009 0.002 0.007 0.259 0.679 
 180 S _   0.006 0.028 0.000 0.008 0.002 0.006 0.265 0.685 
 181 S _   0.005 0.022 0.000 0.006 0.002 0.006 0.270 0.689 
 182 S _   0.005 0.018 0.000 0.005 0.002 0.005 0.273 0.692 
 183 P _   0.004 0.016 0.000 0.005 0.001 0.005 0.276 0.693 
 184 P _   0.004 0.014 0.000 0.005 0.001 0.005 0.277 0.693 
 185 G _   0.004 0.014 0.000 0.005 0.001 0.005 0.278 0.692 
 186 P _   0.004 0.015 0.000 0.006 0.002 0.005 0.279 0.690 
 187 Y _   0.004 0.015 0.000 0.006 0.002 0.006 0.278 0.688 
 188 H _   0.004 0.017 0.000 0.007 0.002 0.006 0.277 0.686 
 189 Q _   0.004 0.019 0.000 0.008 0.002 0.006 0.276 0.684 
 190 E _   0.004 0.022 0.000 0.009 0.002 0.006 0.274 0.681 
 191 P _   0.004 0.026 0.000 0.010 0.002 0.007 0.272 0.679 
 192 Y _   0.004 0.029 0.000 0.011 0.003 0.007 0.270 0.676 
 193 V _   0.004 0.034 0.000 0.011 0.003 0.007 0.267 0.674 
 194 C _   0.004 0.038 0.000 0.012 0.003 0.007 0.265 0.671 
 195 K _   0.004 0.043 0.000 0.012 0.003 0.008 0.262 0.668 
 196 P _   0.004 0.048 0.000 0.013 0.003 0.008 0.260 0.664 
 197 E _   0.004 0.053 0.000 0.014 0.003 0.008 0.257 0.660 
 198 E _   0.004 0.058 0.000 0.014 0.004 0.009 0.255 0.656 
 199 R _   0.004 0.063 0.000 0.013 0.004 0.009 0.253 0.653 
 200 F _   0.004 0.068 0.000 0.013 0.004 0.010 0.251 0.650 
 201 R _   0.005 0.073 0.000 0.012 0.004 0.010 0.249 0.646 
 202 A _   0.005 0.079 0.000 0.012 0.004 0.011 0.248 0.641 
 203 P _   0.006 0.085 0.001 0.012 0.004 0.013 0.245 0.634 
 204 P _   0.007 0.094 0.001 0.013 0.005 0.014 0.243 0.623 
 205 I _   0.008 0.106 0.001 0.015 0.007 0.017 0.241 0.606 
 206 L _   0.009 0.123 0.001 0.019 0.009 0.019 0.238 0.581 
 207 P _   0.011 0.144 0.001 0.025 0.012 0.022 0.235 0.551 
 208 P _   0.012 0.167 0.001 0.032 0.015 0.023 0.233 0.517 
 209 H _   0.013 0.187 0.001 0.040 0.017 0.025 0.231 0.486 
 210 L _   0.013 0.201 0.001 0.047 0.018 0.025 0.231 0.463 
 211 L _   0.014 0.209 0.001 0.052 0.018 0.024 0.232 0.449 
 212 Q _   0.013 0.211 0.001 0.054 0.018 0.023 0.234 0.444 
 213 V _   0.013 0.208 0.001 0.053 0.017 0.022 0.237 0.448 
 214 I _   0.013 0.199 0.001 0.049 0.015 0.020 0.242 0.461 
 215 L _   0.012 0.181 0.001 0.042 0.013 0.018 0.248 0.484 
 216 N _   0.012 0.155 0.001 0.034 0.011 0.016 0.256 0.516 
 217 K _   0.011 0.122 0.001 0.026 0.009 0.014 0.265 0.552 
 218 D _   0.011 0.088 0.001 0.019 0.007 0.012 0.274 0.588 
 219 T _   0.010 0.059 0.001 0.013 0.005 0.011 0.283 0.618 
 220 G _   0.008 0.040 0.001 0.009 0.004 0.009 0.290 0.639 
 221 I _   0.007 0.028 0.000 0.007 0.003 0.008 0.296 0.650 
 222 S _   0.006 0.021 0.000 0.006 0.002 0.007 0.300 0.656 
 223 C _   0.006 0.017 0.000 0.005 0.002 0.007 0.303 0.659 
 224 D _   0.005 0.015 0.000 0.005 0.002 0.007 0.306 0.659 
 225 P _   0.005 0.014 0.000 0.005 0.002 0.007 0.308 0.659 
 226 A _   0.005 0.013 0.000 0.005 0.002 0.007 0.309 0.658 
 227 L _   0.005 0.013 0.000 0.005 0.002 0.007 0.310 0.657 
 228 L _   0.005 0.014 0.000 0.005 0.002 0.008 0.311 0.655 
 229 P _   0.005 0.015 0.000 0.006 0.002 0.009 0.311 0.652 
 230 E _   0.006 0.017 0.000 0.006 0.003 0.010 0.310 0.647 
 231 P _   0.007 0.020 0.000 0.007 0.004 0.012 0.310 0.640 
 232 N _   0.008 0.025 0.001 0.009 0.005 0.015 0.309 0.628 
 233 H _   0.010 0.033 0.001 0.011 0.007 0.018 0.308 0.612 
 234 V _   0.012 0.043 0.001 0.015 0.009 0.021 0.307 0.592 
 235 M _   0.014 0.055 0.001 0.019 0.012 0.024 0.306 0.569 
 236 L _   0.016 0.067 0.001 0.023 0.014 0.026 0.306 0.548 
 237 N _   0.017 0.076 0.001 0.026 0.015 0.028 0.307 0.531 
 238 H _   0.018 0.083 0.001 0.027 0.016 0.029 0.308 0.519 
 239 L _   0.019 0.087 0.001 0.026 0.016 0.029 0.310 0.513 
 240 Y _   0.019 0.089 0.001 0.024 0.015 0.029 0.312 0.510 
 241 A _   0.020 0.089 0.001 0.021 0.015 0.029 0.315 0.510 
 242 L _   0.020 0.088 0.001 0.019 0.014 0.029 0.319 0.510 
 243 S _   0.021 0.087 0.001 0.016 0.013 0.028 0.323 0.510 
 244 I _   0.021 0.087 0.001 0.016 0.013 0.028 0.328 0.507 
 245 K _   0.022 0.087 0.001 0.016 0.012 0.027 0.333 0.503 
 246 D _   0.022 0.088 0.001 0.017 0.013 0.026 0.338 0.496 
 247 G _   0.022 0.089 0.001 0.019 0.013 0.025 0.344 0.488 
 248 V _   0.021 0.089 0.001 0.021 0.012 0.024 0.351 0.480 
 249 M _   0.020 0.089 0.001 0.023 0.012 0.023 0.358 0.474 
 250 V _   0.019 0.087 0.001 0.022 0.011 0.021 0.367 0.471 
 251 L _   0.018 0.083 0.001 0.021 0.010 0.019 0.376 0.472 
 252 S _   0.016 0.077 0.001 0.018 0.008 0.018 0.386 0.477 
 253 A _   0.014 0.070 0.001 0.014 0.007 0.016 0.396 0.483 
 254 T _   0.012 0.063 0.001 0.010 0.005 0.014 0.405 0.489 
 255 H _   0.011 0.058 0.000 0.008 0.004 0.013 0.414 0.491 
 256 R _   0.010 0.056 0.000 0.006 0.004 0.013 0.421 0.490 
 257 Y _   0.010 0.056 0.000 0.006 0.004 0.013 0.428 0.484 
 258 K _   0.011 0.058 0.000 0.007 0.004 0.014 0.434 0.472 
 259 K _   0.011 0.064 0.001 0.010 0.005 0.015 0.440 0.454 
 260 K X   0.012 0.073 0.001 0.015 0.007 0.016 0.446 0.431 
 261 Y X   0.011 0.085 0.001 0.021 0.008 0.016 0.452 0.405 
 262 V X   0.010 0.096 0.001 0.027 0.009 0.016 0.458 0.382 
 263 T X   0.009 0.104 0.001 0.032 0.009 0.014 0.466 0.365 
 264 T X   0.007 0.109 0.001 0.034 0.008 0.012 0.475 0.354 
 265 L X   0.005 0.110 0.001 0.032 0.007 0.009 0.486 0.351 
 266 L X   0.003 0.106 0.001 0.027 0.004 0.006 0.498 0.356 
 267 Y X   0.002 0.097 0.000 0.018 0.001 0.003 0.509 0.370 
 268 K X   0.000 0.084 0.000 0.011 0.000 0.001 0.514 0.388 
 269 P X   0.000 0.074 0.000 0.010 0.000 0.001 0.513 0.401 
 270 I X   0.003 0.069 0.001 0.017 0.004 0.003 0.503 0.401 
