#TopoPred_TM8: 8-state transmembrane topology prediction results by no_profile mode 
#probabilities are in the order of H E C I L F X _, the 8 transmembrane topology types used in PDBTM 
   1 M X   0.019 0.002 0.003 0.080 0.013 0.015 0.631 0.239 
   2 S X   0.008 0.001 0.000 0.052 0.003 0.009 0.649 0.277 
   3 T X   0.003 0.001 0.000 0.029 0.001 0.006 0.651 0.309 
   4 I X   0.002 0.001 0.000 0.017 0.001 0.006 0.645 0.328 
   5 Q X   0.002 0.001 0.000 0.012 0.001 0.007 0.634 0.343 
   6 S X   0.003 0.001 0.000 0.009 0.002 0.009 0.618 0.358 
   7 E X   0.004 0.003 0.000 0.008 0.002 0.011 0.600 0.371 
   8 T X   0.006 0.006 0.000 0.010 0.003 0.015 0.578 0.383 
   9 D X   0.008 0.012 0.001 0.013 0.005 0.019 0.551 0.392 
  10 C X   0.010 0.026 0.001 0.019 0.008 0.023 0.517 0.396 
  11 Y X   0.011 0.050 0.002 0.028 0.013 0.028 0.476 0.393 
  12 D X   0.013 0.083 0.002 0.037 0.017 0.032 0.434 0.383 
  13 I X   0.014 0.118 0.002 0.045 0.021 0.034 0.393 0.372 
  14 I _   0.015 0.150 0.002 0.050 0.023 0.036 0.359 0.364 
  15 E _   0.016 0.175 0.002 0.053 0.025 0.037 0.331 0.360 
  16 V _   0.017 0.192 0.002 0.054 0.026 0.037 0.308 0.363 
  17 L _   0.018 0.203 0.002 0.053 0.026 0.037 0.289 0.372 
  18 G _   0.019 0.209 0.002 0.051 0.025 0.036 0.273 0.385 
  19 K _   0.019 0.211 0.002 0.048 0.023 0.035 0.261 0.402 
  20 G _   0.019 0.210 0.002 0.043 0.021 0.033 0.250 0.423 
  21 T _   0.018 0.205 0.001 0.039 0.019 0.030 0.241 0.446 
  22 F _   0.017 0.198 0.001 0.034 0.016 0.028 0.233 0.473 
  23 G _   0.016 0.188 0.001 0.030 0.014 0.025 0.225 0.501 
  24 E _   0.015 0.175 0.001 0.025 0.011 0.023 0.219 0.531 
  25 V _   0.014 0.162 0.001 0.020 0.009 0.021 0.213 0.560 
  26 A _   0.013 0.150 0.001 0.016 0.007 0.019 0.207 0.588 
  27 K _   0.012 0.139 0.001 0.012 0.006 0.017 0.201 0.612 
  28 G _   0.011 0.131 0.001 0.010 0.005 0.017 0.195 0.631 
  29 W _   0.011 0.126 0.001 0.009 0.005 0.016 0.188 0.645 
  30 R _   0.011 0.124 0.001 0.009 0.005 0.017 0.181 0.652 
  31 R _   0.011 0.126 0.001 0.010 0.006 0.018 0.174 0.654 
  32 S _   0.012 0.130 0.001 0.013 0.008 0.019 0.167 0.650 
  33 T _   0.013 0.138 0.001 0.018 0.010 0.021 0.159 0.640 
  34 G _   0.013 0.149 0.001 0.025 0.012 0.022 0.151 0.627 
  35 E _   0.014 0.159 0.001 0.033 0.014 0.023 0.143 0.614 
  36 M _   0.014 0.166 0.001 0.039 0.015 0.023 0.136 0.605 
  37 V _   0.014 0.170 0.001 0.043 0.015 0.022 0.131 0.602 
  38 A _   0.014 0.169 0.001 0.044 0.015 0.021 0.127 0.608 
  39 I _   0.014 0.163 0.001 0.042 0.014 0.020 0.124 0.622 
  40 K _   0.013 0.151 0.001 0.037 0.012 0.018 0.121 0.645 
  41 I _   0.013 0.133 0.001 0.031 0.011 0.016 0.119 0.677 
  42 L _   0.012 0.108 0.001 0.023 0.008 0.015 0.118 0.714 
  43 K _   0.011 0.083 0.001 0.017 0.007 0.013 0.117 0.751 
  44 N _   0.010 0.061 0.001 0.012 0.005 0.012 0.115 0.784 
  45 D _   0.009 0.046 0.001 0.008 0.004 0.011 0.114 0.807 
  46 A _   0.009 0.038 0.000 0.006 0.003 0.011 0.112 0.821 
  47 Y _   0.009 0.034 0.000 0.005 0.003 0.011 0.110 0.828 
  48 R _   0.009 0.033 0.000 0.005 0.003 0.012 0.107 0.830 
  49 N _   0.010 0.035 0.000 0.006 0.004 0.014 0.104 0.827 
  50 R _   0.012 0.038 0.001 0.008 0.005 0.017 0.100 0.820 
  51 I _   0.013 0.045 0.001 0.012 0.007 0.020 0.095 0.807 
  52 I _   0.015 0.057 0.001 0.017 0.010 0.023 0.091 0.787 
  53 K _   0.017 0.071 0.001 0.024 0.013 0.026 0.085 0.764 
  54 N _   0.018 0.085 0.001 0.032 0.016 0.028 0.080 0.740 
  55 E _   0.019 0.097 0.001 0.040 0.018 0.029 0.076 0.721 
  56 L _   0.020 0.104 0.001 0.045 0.019 0.030 0.072 0.708 
  57 K _   0.020 0.108 0.001 0.049 0.020 0.029 0.069 0.703 
  58 L _   0.021 0.108 0.001 0.050 0.019 0.028 0.066 0.706 
  59 L _   0.021 0.103 0.001 0.048 0.018 0.027 0.065 0.717 
  60 H _   0.021 0.094 0.001 0.042 0.016 0.025 0.063 0.738 
  61 C _   0.021 0.079 0.001 0.034 0.013 0.022 0.063 0.767 
  62 M _   0.022 0.057 0.001 0.025 0.010 0.020 0.062 0.803 
  63 R _   0.023 0.035 0.001 0.016 0.007 0.018 0.061 0.839 
  64 G _   0.025 0.017 0.001 0.009 0.005 0.016 0.060 0.867 
  65 L _   0.029 0.006 0.000 0.005 0.004 0.016 0.058 0.882 
  66 D _   0.035 0.002 0.000 0.003 0.003 0.016 0.057 0.884 
  67 P _   0.047 0.000 0.000 0.002 0.003 0.017 0.054 0.875 
  68 E _   0.068 0.000 0.000 0.002 0.004 0.021 0.052 0.853 
  69 E _   0.102 0.000 0.001 0.002 0.006 0.026 0.048 0.814 
  70 A _   0.148 0.000 0.001 0.003 0.011 0.034 0.045 0.759 
  71 H _   0.203 0.000 0.001 0.005 0.017 0.041 0.041 0.691 
  72 V _   0.258 0.001 0.002 0.008 0.026 0.048 0.037 0.620 
  73 I _   0.310 0.001 0.002 0.011 0.034 0.053 0.034 0.555 
  74 R _   0.356 0.002 0.002 0.013 0.039 0.055 0.031 0.502 
  75 F _   0.395 0.002 0.002 0.014 0.041 0.054 0.028 0.464 
  76 L _   0.426 0.002 0.002 0.012 0.040 0.052 0.026 0.440 
  77 E H   0.453 0.001 0.002 0.009 0.036 0.049 0.025 0.425 
  78 F H   0.474 0.001 0.002 0.006 0.032 0.045 0.024 0.417 
  79 F H   0.491 0.000 0.001 0.003 0.027 0.041 0.023 0.413 
  80 H H   0.507 0.000 0.001 0.002 0.022 0.038 0.022 0.408 
  81 D H   0.521 0.000 0.001 0.002 0.020 0.036 0.022 0.399 
  82 A H   0.536 0.000 0.001 0.001 0.019 0.034 0.022 0.388 
  83 L H   0.548 0.000 0.001 0.001 0.019 0.033 0.022 0.375 
  84 K H   0.558 0.000 0.001 0.002 0.021 0.033 0.022 0.364 
  85 F H   0.560 0.000 0.001 0.003 0.023 0.033 0.023 0.357 
  86 Y H   0.555 0.000 0.002 0.004 0.026 0.032 0.025 0.356 
  87 L H   0.540 0.001 0.002 0.006 0.027 0.032 0.027 0.365 
  88 V H   0.514 0.001 0.002 0.008 0.028 0.032 0.030 0.385 
  89 F H   0.476 0.002 0.002 0.010 0.028 0.031 0.033 0.418 
  90 E _   0.427 0.002 0.002 0.011 0.026 0.029 0.037 0.465 
  91 L _   0.371 0.002 0.002 0.011 0.023 0.028 0.041 0.522 
  92 L _   0.312 0.002 0.002 0.011 0.019 0.025 0.046 0.583 
  93 E _   0.251 0.002 0.001 0.011 0.015 0.023 0.051 0.647 
  94 Q _   0.195 0.001 0.001 0.010 0.011 0.020 0.056 0.706 
  95 N _   0.145 0.001 0.001 0.009 0.008 0.017 0.060 0.759 
  96 L _   0.103 0.001 0.001 0.009 0.006 0.014 0.064 0.802 
  97 F _   0.072 0.001 0.001 0.008 0.004 0.012 0.067 0.836 
  98 E _   0.049 0.001 0.000 0.007 0.003 0.010 0.069 0.861 
  99 F _   0.033 0.000 0.000 0.005 0.003 0.008 0.071 0.879 
 100 Q _   0.023 0.000 0.000 0.004 0.002 0.007 0.071 0.892 
 101 K _   0.016 0.000 0.000 0.004 0.002 0.006 0.072 0.901 
 102 E _   0.012 0.000 0.000 0.003 0.001 0.005 0.071 0.907 
 103 N _   0.010 0.000 0.000 0.002 0.001 0.005 0.070 0.910 
 104 N _   0.010 0.000 0.000 0.002 0.001 0.005 0.069 0.911 
 105 F _   0.013 0.000 0.000 0.002 0.001 0.006 0.067 0.909 
 106 A _   0.020 0.000 0.000 0.003 0.002 0.008 0.065 0.903 
 107 P _   0.032 0.000 0.000 0.003 0.002 0.010 0.061 0.890 
 108 L _   0.053 0.000 0.000 0.003 0.004 0.014 0.057 0.868 
 109 P _   0.087 0.000 0.001 0.004 0.005 0.018 0.052 0.832 
 110 A _   0.137 0.000 0.001 0.004 0.008 0.024 0.046 0.779 
 111 R _   0.203 0.000 0.001 0.004 0.013 0.030 0.040 0.710 
 112 H _   0.283 0.000 0.001 0.004 0.018 0.035 0.033 0.625 
 113 I _   0.368 0.000 0.002 0.004 0.024 0.040 0.027 0.535 
 114 R H   0.449 0.000 0.002 0.004 0.031 0.043 0.022 0.449 
 115 T H   0.519 0.000 0.002 0.004 0.037 0.045 0.018 0.376 
 116 V H   0.575 0.000 0.002 0.004 0.041 0.045 0.016 0.318 
 117 T H   0.617 0.000 0.002 0.004 0.043 0.043 0.014 0.277 
 118 L H   0.643 0.000 0.002 0.004 0.043 0.041 0.013 0.253 
 119 Q H   0.657 0.000 0.002 0.004 0.042 0.038 0.012 0.243 
 120 V H   0.659 0.000 0.002 0.004 0.040 0.036 0.012 0.247 
 121 L H   0.647 0.000 0.002 0.004 0.036 0.033 0.012 0.265 
 122 T H   0.624 0.000 0.002 0.003 0.032 0.030 0.012 0.296 
 123 A H   0.587 0.000 0.002 0.003 0.027 0.028 0.013 0.340 
 124 L H   0.538 0.000 0.001 0.002 0.022 0.027 0.014 0.395 
 125 A H   0.483 0.000 0.001 0.002 0.019 0.025 0.015 0.455 
 126 R _   0.424 0.000 0.001 0.003 0.016 0.025 0.016 0.516 
 127 L _   0.366 0.000 0.001 0.003 0.014 0.024 0.018 0.574 
 128 K _   0.312 0.000 0.001 0.004 0.013 0.024 0.019 0.626 
 129 E _   0.260 0.000 0.001 0.006 0.013 0.023 0.021 0.675 
 130 L _   0.213 0.001 0.001 0.008 0.012 0.022 0.023 0.720 
 131 A _   0.171 0.001 0.001 0.010 0.011 0.021 0.025 0.760 
 132 I _   0.134 0.001 0.001 0.010 0.010 0.020 0.026 0.797 
 133 I _   0.104 0.001 0.001 0.010 0.009 0.018 0.028 0.830 
 134 H _   0.079 0.001 0.001 0.009 0.007 0.016 0.029 0.858 
 135 A _   0.059 0.001 0.001 0.008 0.006 0.015 0.030 0.881 
 136 D _   0.045 0.001 0.001 0.006 0.005 0.013 0.030 0.899 
 137 L _   0.035 0.001 0.000 0.005 0.004 0.012 0.031 0.911 
 138 K _   0.028 0.001 0.000 0.005 0.004 0.012 0.031 0.920 
 139 P _   0.023 0.001 0.000 0.005 0.004 0.012 0.031 0.925 
 140 E _   0.020 0.001 0.000 0.005 0.004 0.012 0.031 0.927 
 141 N _   0.018 0.001 0.000 0.006 0.004 0.012 0.031 0.926 
 142 I _   0.017 0.002 0.001 0.007 0.005 0.013 0.031 0.924 
 143 M _   0.017 0.003 0.001 0.009 0.005 0.014 0.031 0.921 
 144 L _   0.016 0.004 0.001 0.010 0.006 0.014 0.031 0.919 
 145 V _   0.016 0.005 0.001 0.011 0.006 0.015 0.030 0.917 
 146 D _   0.015 0.005 0.001 0.011 0.006 0.016 0.030 0.915 
 147 Q _   0.015 0.006 0.001 0.011 0.007 0.016 0.029 0.915 
 148 T _   0.015 0.007 0.001 0.011 0.007 0.017 0.029 0.915 
 149 R _   0.015 0.007 0.001 0.010 0.007 0.017 0.029 0.915 
 150 C _   0.015 0.008 0.001 0.010 0.007 0.018 0.028 0.913 
 151 P _   0.015 0.009 0.001 0.010 0.007 0.019 0.028 0.910 
 152 F _   0.016 0.011 0.001 0.011 0.008 0.021 0.027 0.906 
 153 R _   0.018 0.012 0.001 0.011 0.008 0.022 0.027 0.901 
 154 V _   0.019 0.015 0.001 0.012 0.009 0.024 0.026 0.894 
 155 K _   0.021 0.017 0.001 0.013 0.010 0.026 0.026 0.887 
 156 V _   0.023 0.020 0.001 0.014 0.011 0.027 0.025 0.879 
 157 I _   0.025 0.024 0.001 0.015 0.013 0.029 0.025 0.869 
 158 D _   0.027 0.027 0.001 0.016 0.014 0.031 0.024 0.859 
 159 F _   0.029 0.031 0.001 0.018 0.016 0.033 0.023 0.848 
 160 G _   0.032 0.036 0.001 0.020 0.018 0.034 0.023 0.836 
 161 S _   0.033 0.040 0.001 0.023 0.020 0.035 0.023 0.825 
 162 A _   0.034 0.044 0.001 0.026 0.021 0.036 0.022 0.815 
 163 S _   0.035 0.046 0.001 0.029 0.022 0.035 0.022 0.809 
 164 I _   0.034 0.048 0.002 0.031 0.022 0.034 0.022 0.807 
 165 F _   0.033 0.047 0.001 0.031 0.020 0.032 0.022 0.811 
 166 S _   0.032 0.046 0.001 0.030 0.018 0.030 0.023 0.820 
 167 E _   0.029 0.042 0.001 0.027 0.016 0.027 0.023 0.834 
 168 V _   0.026 0.036 0.001 0.023 0.013 0.025 0.023 0.851 
 169 R _   0.024 0.029 0.001 0.019 0.011 0.022 0.024 0.870 
 170 Y _   0.021 0.022 0.001 0.015 0.009 0.019 0.024 0.890 
 171 V _   0.018 0.016 0.001 0.011 0.007 0.017 0.024 0.906 
 172 K _   0.016 0.011 0.001 0.009 0.005 0.016 0.025 0.918 
 173 E _   0.014 0.007 0.001 0.007 0.005 0.014 0.025 0.927 
 174 P _   0.013 0.005 0.000 0.006 0.004 0.014 0.025 0.932 
 175 Y _   0.013 0.004 0.000 0.006 0.004 0.014 0.025 0.934 
 176 I _   0.013 0.003 0.000 0.006 0.004 0.014 0.024 0.934 
 177 Q _   0.014 0.003 0.001 0.006 0.004 0.015 0.024 0.932 
 178 S _   0.015 0.003 0.001 0.007 0.005 0.017 0.024 0.928 
 179 R _   0.017 0.003 0.001 0.008 0.006 0.019 0.023 0.923 
 180 F _   0.019 0.004 0.001 0.010 0.007 0.021 0.022 0.916 
 181 Y _   0.022 0.004 0.001 0.011 0.009 0.023 0.022 0.907 
 182 R _   0.026 0.005 0.001 0.013 0.011 0.026 0.021 0.897 
 183 A _   0.031 0.006 0.001 0.015 0.013 0.029 0.020 0.885 
 184 P _   0.038 0.007 0.001 0.018 0.015 0.031 0.019 0.872 
 185 E _   0.046 0.007 0.001 0.019 0.017 0.033 0.019 0.859 
 186 I _   0.055 0.007 0.001 0.020 0.018 0.034 0.018 0.847 
 187 L _   0.067 0.007 0.001 0.020 0.018 0.034 0.017 0.836 
 188 L _   0.080 0.006 0.001 0.018 0.018 0.034 0.017 0.827 
 189 G _   0.094 0.004 0.001 0.015 0.016 0.033 0.016 0.820 
 190 L _   0.110 0.003 0.001 0.011 0.015 0.032 0.016 0.813 
 191 P _   0.130 0.002 0.001 0.008 0.013 0.030 0.015 0.802 
 192 F _   0.154 0.001 0.001 0.005 0.011 0.029 0.014 0.786 
 193 C _   0.184 0.000 0.001 0.003 0.009 0.028 0.013 0.762 
 194 E _   0.223 0.000 0.001 0.002 0.009 0.027 0.013 0.726 
 195 K _   0.273 0.000 0.001 0.002 0.010 0.027 0.012 0.677 
 196 V _   0.332 0.000 0.001 0.001 0.011 0.028 0.011 0.615 
 197 D _   0.399 0.000 0.001 0.001 0.014 0.029 0.010 0.545 
 198 V _   0.469 0.000 0.001 0.002 0.018 0.031 0.010 0.469 
 199 W H   0.532 0.000 0.001 0.002 0.023 0.032 0.010 0.400 
 200 S H   0.584 0.000 0.002 0.002 0.028 0.033 0.010 0.341 
 201 L H   0.621 0.000 0.002 0.003 0.033 0.033 0.010 0.297 
 202 G H   0.646 0.000 0.002 0.004 0.037 0.033 0.011 0.267 
 203 C H   0.657 0.001 0.002 0.005 0.040 0.033 0.012 0.251 
 204 V H   0.655 0.001 0.002 0.006 0.042 0.032 0.013 0.249 
 205 M H   0.639 0.002 0.002 0.007 0.042 0.031 0.016 0.262 
 206 A H   0.608 0.002 0.002 0.008 0.041 0.030 0.018 0.290 
 207 E H   0.562 0.002 0.002 0.010 0.038 0.029 0.022 0.334 
 208 L H   0.500 0.003 0.002 0.012 0.033 0.028 0.027 0.395 
 209 H _   0.425 0.003 0.002 0.013 0.028 0.026 0.033 0.471 
 210 L _   0.342 0.002 0.002 0.014 0.021 0.023 0.040 0.555 
 211 G _   0.261 0.002 0.002 0.014 0.015 0.020 0.047 0.639 
 212 W _   0.188 0.002 0.001 0.012 0.010 0.017 0.054 0.715 
 213 P _   0.129 0.001 0.001 0.010 0.007 0.014 0.060 0.779 
 214 L _   0.083 0.001 0.001 0.007 0.004 0.011 0.065 0.829 
 215 Y _   0.050 0.001 0.000 0.005 0.003 0.008 0.068 0.865 
 216 P _   0.030 0.001 0.000 0.003 0.002 0.006 0.070 0.888 
 217 G _   0.017 0.001 0.000 0.002 0.001 0.006 0.071 0.902 
 218 N _   0.011 0.001 0.000 0.002 0.001 0.005 0.071 0.908 
 219 N _   0.008 0.002 0.000 0.002 0.001 0.006 0.071 0.908 
 220 E _   0.008 0.006 0.000 0.004 0.002 0.008 0.070 0.901 
 221 Y _   0.009 0.018 0.000 0.007 0.004 0.011 0.069 0.883 
 222 D _   0.010 0.046 0.001 0.013 0.006 0.015 0.066 0.842 
 223 Q _   0.011 0.103 0.001 0.023 0.010 0.018 0.062 0.772 
 224 V _   0.011 0.184 0.002 0.033 0.013 0.019 0.057 0.681 
 225 R _   0.010 0.263 0.002 0.040 0.014 0.019 0.053 0.600 
 226 Y _   0.008 0.321 0.001 0.044 0.013 0.018 0.050 0.544 
 227 I _   0.007 0.356 0.001 0.044 0.012 0.017 0.048 0.514 
 228 C _   0.007 0.375 0.001 0.042 0.010 0.016 0.047 0.502 
 229 E _   0.006 0.384 0.001 0.037 0.009 0.015 0.047 0.501 
 230 T _   0.006 0.387 0.001 0.031 0.008 0.014 0.047 0.507 
 231 Q _   0.006 0.385 0.001 0.024 0.007 0.014 0.047 0.518 
 232 G _   0.006 0.381 0.001 0.018 0.006 0.014 0.047 0.529 
 233 L _   0.006 0.378 0.001 0.014 0.005 0.014 0.047 0.536 
 234 P _   0.007 0.377 0.000 0.011 0.005 0.014 0.047 0.538 
 235 K _   0.007 0.380 0.001 0.011 0.005 0.016 0.048 0.533 
 236 P _   0.008 0.389 0.001 0.012 0.006 0.017 0.047 0.520 
 237 H _   0.010 0.405 0.001 0.015 0.008 0.018 0.047 0.497 
 238 L _   0.011 0.429 0.001 0.019 0.010 0.019 0.046 0.465 
 239 L E   0.011 0.457 0.001 0.025 0.011 0.019 0.046 0.430 
 240 H E   0.011 0.483 0.001 0.031 0.013 0.019 0.045 0.397 
 241 A E   0.010 0.502 0.001 0.037 0.013 0.019 0.045 0.372 
 242 A E   0.010 0.512 0.001 0.041 0.013 0.018 0.046 0.359 
 243 C E   0.010 0.515 0.001 0.044 0.013 0.017 0.047 0.353 
 244 K E   0.010 0.509 0.001 0.045 0.013 0.016 0.048 0.357 
 245 A E   0.011 0.494 0.001 0.045 0.012 0.015 0.051 0.371 
 246 H E   0.011 0.465 0.001 0.043 0.012 0.015 0.055 0.399 
 247 H _   0.012 0.416 0.002 0.040 0.012 0.014 0.060 0.446 
 248 F _   0.013 0.344 0.002 0.035 0.011 0.014 0.068 0.514 
 249 F _   0.014 0.258 0.002 0.029 0.009 0.013 0.076 0.599 
 250 K _   0.013 0.175 0.001 0.021 0.007 0.012 0.085 0.685 
 251 R _   0.012 0.111 0.001 0.015 0.005 0.011 0.092 0.753 
 252 N _   0.010 0.071 0.001 0.010 0.003 0.009 0.098 0.799 
 253 P _   0.008 0.049 0.000 0.007 0.002 0.008 0.101 0.825 
 254 H _   0.007 0.038 0.000 0.005 0.002 0.007 0.103 0.839 
 255 P _   0.006 0.033 0.000 0.004 0.001 0.006 0.104 0.845 
 256 D _   0.005 0.032 0.000 0.005 0.001 0.006 0.104 0.847 
 257 A _   0.005 0.032 0.000 0.005 0.002 0.007 0.103 0.846 
 258 A _   0.005 0.033 0.000 0.007 0.002 0.007 0.102 0.843 
 259 N _   0.005 0.036 0.000 0.009 0.002 0.008 0.101 0.839 
 260 P _   0.005 0.040 0.000 0.011 0.003 0.008 0.098 0.834 
 261 W _   0.005 0.045 0.000 0.013 0.003 0.009 0.096 0.829 
 262 Q _   0.005 0.051 0.000 0.014 0.003 0.009 0.093 0.825 
 263 L _   0.005 0.055 0.000 0.015 0.004 0.009 0.090 0.822 
 264 K _   0.005 0.060 0.000 0.015 0.004 0.009 0.088 0.819 
 265 S _   0.005 0.064 0.000 0.015 0.004 0.009 0.085 0.817 
 266 S _   0.005 0.068 0.000 0.015 0.004 0.010 0.083 0.814 
 267 A _   0.005 0.072 0.001 0.015 0.004 0.010 0.081 0.812 
 268 D _   0.005 0.075 0.001 0.016 0.004 0.010 0.079 0.809 
 269 Y _   0.006 0.079 0.001 0.016 0.005 0.011 0.078 0.806 
 270 L _   0.006 0.082 0.001 0.016 0.005 0.011 0.076 0.803 
 271 A _   0.006 0.084 0.001 0.016 0.005 0.011 0.075 0.801 
 272 E _   0.007 0.087 0.001 0.017 0.005 0.012 0.073 0.800 
 273 T _   0.007 0.088 0.001 0.017 0.005 0.012 0.072 0.798 
 274 K _   0.007 0.090 0.001 0.017 0.005 0.012 0.071 0.797 
 275 V _   0.007 0.091 0.001 0.017 0.006 0.012 0.070 0.797 
 276 R _   0.007 0.091 0.001 0.017 0.006 0.013 0.069 0.796 
 277 P _   0.008 0.091 0.001 0.018 0.006 0.013 0.068 0.795 
 278 L _   0.008 0.091 0.001 0.019 0.006 0.013 0.067 0.795 
 279 E _   0.008 0.090 0.001 0.019 0.007 0.013 0.067 0.796 
 280 R _   0.008 0.088 0.001 0.019 0.006 0.013 0.066 0.799 
 281 R _   0.008 0.085 0.001 0.018 0.006 0.013 0.066 0.803 
 282 K _   0.008 0.081 0.001 0.017 0.006 0.013 0.066 0.808 
 283 Y _   0.008 0.077 0.001 0.016 0.006 0.012 0.066 0.814 
 284 M _   0.008 0.072 0.001 0.015 0.006 0.012 0.066 0.820 
 285 L _   0.008 0.067 0.001 0.014 0.005 0.012 0.066 0.826 
 286 K _   0.009 0.063 0.001 0.013 0.005 0.012 0.067 0.831 
 287 S _   0.009 0.059 0.001 0.012 0.005 0.012 0.067 0.835 
 288 L _   0.009 0.055 0.001 0.012 0.005 0.012 0.068 0.838 
 289 D _   0.010 0.051 0.001 0.012 0.005 0.012 0.068 0.841 
 290 Q _   0.010 0.048 0.001 0.012 0.005 0.012 0.068 0.843 
 291 I _   0.010 0.046 0.001 0.011 0.005 0.012 0.069 0.845 
 292 E _   0.011 0.044 0.001 0.011 0.005 0.012 0.069 0.847 
 293 T _   0.011 0.042 0.001 0.011 0.005 0.013 0.070 0.848 
 294 V _   0.011 0.041 0.001 0.011 0.005 0.013 0.070 0.848 
 295 N _   0.011 0.040 0.001 0.012 0.005 0.013 0.070 0.848 
 296 G _   0.011 0.040 0.001 0.012 0.006 0.014 0.070 0.846 
 297 G _   0.012 0.040 0.001 0.014 0.006 0.014 0.071 0.843 
 298 S _   0.012 0.040 0.001 0.015 0.007 0.015 0.071 0.840 
 299 V _   0.012 0.041 0.001 0.017 0.007 0.015 0.071 0.837 
 300 A _   0.012 0.041 0.001 0.018 0.007 0.015 0.072 0.835 
 301 S _   0.012 0.040 0.001 0.019 0.007 0.014 0.072 0.836 
 302 R _   0.011 0.039 0.001 0.019 0.007 0.014 0.073 0.838 
 303 L _   0.010 0.036 0.001 0.018 0.006 0.013 0.073 0.842 
 304 T _   0.009 0.034 0.001 0.017 0.006 0.012 0.074 0.848 
 305 F _   0.009 0.030 0.001 0.015 0.005 0.011 0.075 0.854 
 306 P _   0.008 0.026 0.001 0.013 0.005 0.011 0.076 0.861 
 307 D _   0.008 0.023 0.001 0.011 0.004 0.010 0.077 0.867 
 308 R _   0.007 0.020 0.000 0.010 0.004 0.009 0.077 0.872 
 309 E _   0.007 0.017 0.000 0.008 0.003 0.009 0.078 0.877 
 310 A _   0.007 0.015 0.000 0.007 0.003 0.009 0.078 0.880 
 311 L _   0.007 0.014 0.000 0.007 0.003 0.009 0.079 0.882 
 312 A _   0.007 0.013 0.000 0.006 0.003 0.010 0.079 0.882 
 313 E _   0.007 0.013 0.000 0.006 0.003 0.011 0.078 0.881 
 314 H _   0.009 0.014 0.000 0.006 0.003 0.012 0.078 0.878 
 315 A _   0.010 0.016 0.000 0.007 0.004 0.015 0.077 0.871 
 316 D _   0.013 0.019 0.001 0.008 0.005 0.018 0.076 0.861 
 317 L _   0.016 0.025 0.001 0.010 0.007 0.022 0.075 0.844 
 318 K _   0.020 0.034 0.001 0.014 0.010 0.026 0.073 0.822 
 319 S _   0.024 0.046 0.001 0.019 0.014 0.031 0.072 0.793 
 320 M _   0.028 0.059 0.001 0.026 0.018 0.034 0.070 0.763 
 321 V _   0.032 0.073 0.002 0.033 0.022 0.037 0.069 0.733 
 322 E _   0.035 0.083 0.002 0.039 0.024 0.039 0.068 0.710 
 323 L _   0.037 0.090 0.002 0.043 0.025 0.039 0.068 0.696 
 324 I _   0.038 0.092 0.002 0.045 0.025 0.038 0.068 0.691 
 325 K _   0.038 0.092 0.002 0.044 0.024 0.036 0.069 0.695 
 326 R _   0.036 0.087 0.002 0.040 0.021 0.033 0.070 0.710 
 327 M _   0.034 0.079 0.001 0.034 0.018 0.030 0.072 0.731 
 328 L _   0.031 0.067 0.001 0.027 0.015 0.026 0.074 0.758 
 329 T _   0.027 0.053 0.001 0.021 0.011 0.023 0.076 0.789 
 330 W _   0.023 0.039 0.001 0.015 0.008 0.020 0.078 0.817 
 331 E _   0.019 0.028 0.001 0.010 0.006 0.017 0.079 0.840 
 332 S _   0.016 0.020 0.001 0.007 0.004 0.015 0.081 0.856 
 333 H _   0.015 0.016 0.000 0.005 0.003 0.014 0.081 0.866 
 334 E _   0.013 0.014 0.000 0.004 0.003 0.013 0.081 0.871 
 335 R _   0.013 0.013 0.000 0.004 0.003 0.013 0.081 0.872 
 336 I _   0.013 0.014 0.000 0.005 0.003 0.015 0.081 0.869 
 337 S _   0.014 0.017 0.000 0.006 0.004 0.016 0.080 0.861 
 338 P _   0.016 0.023 0.001 0.008 0.006 0.019 0.079 0.848 
 339 S _   0.018 0.033 0.001 0.012 0.008 0.022 0.078 0.828 
 340 A _   0.020 0.047 0.001 0.016 0.011 0.025 0.077 0.803 
 341 A _   0.022 0.063 0.001 0.021 0.014 0.027 0.075 0.777 
 342 L _   0.023 0.079 0.001 0.026 0.016 0.029 0.074 0.751 
 343 R _   0.024 0.093 0.001 0.031 0.018 0.030 0.073 0.730 
 344 H _   0.024 0.103 0.001 0.034 0.019 0.030 0.072 0.715 
 345 P _   0.025 0.110 0.001 0.037 0.019 0.030 0.072 0.706 
 346 F _   0.024 0.113 0.001 0.037 0.018 0.029 0.072 0.704 
 347 V _   0.024 0.114 0.001 0.036 0.017 0.028 0.073 0.706 
 348 S _   0.024 0.111 0.001 0.033 0.016 0.026 0.074 0.715 
 349 M _   0.023 0.105 0.001 0.029 0.014 0.024 0.076 0.729 
 350 Q _   0.021 0.096 0.001 0.024 0.011 0.022 0.078 0.747 
 351 Q _   0.020 0.085 0.001 0.019 0.009 0.020 0.079 0.767 
 352 L _   0.018 0.074 0.001 0.015 0.008 0.018 0.081 0.786 
 353 R _   0.016 0.064 0.001 0.012 0.006 0.016 0.083 0.803 
 354 S _   0.015 0.056 0.001 0.009 0.005 0.015 0.084 0.815 
 355 A _   0.014 0.051 0.001 0.008 0.004 0.014 0.085 0.823 
 356 H _   0.013 0.049 0.000 0.007 0.004 0.013 0.086 0.826 
 357 E _   0.013 0.048 0.000 0.008 0.004 0.013 0.087 0.827 
 358 T _   0.012 0.048 0.001 0.008 0.004 0.013 0.088 0.825 
 359 T _   0.012 0.050 0.001 0.010 0.005 0.014 0.088 0.821 
 360 H _   0.012 0.052 0.001 0.011 0.005 0.014 0.088 0.817 
 361 Y _   0.012 0.055 0.001 0.013 0.006 0.014 0.089 0.811 
 362 Y _   0.012 0.058 0.001 0.014 0.006 0.015 0.089 0.806 
 363 Q _   0.012 0.061 0.001 0.015 0.007 0.015 0.089 0.801 
 364 L _   0.012 0.064 0.001 0.017 0.007 0.015 0.089 0.796 
 365 S _   0.012 0.066 0.001 0.018 0.007 0.015 0.090 0.791 
 366 L _   0.012 0.068 0.001 0.019 0.007 0.015 0.090 0.787 
 367 R _   0.012 0.070 0.001 0.021 0.008 0.015 0.091 0.783 
 368 S _   0.012 0.071 0.001 0.023 0.008 0.015 0.092 0.779 
 369 Y _   0.012 0.071 0.001 0.024 0.008 0.014 0.093 0.776 
 370 R _   0.012 0.071 0.001 0.026 0.008 0.014 0.095 0.775 
 371 L _   0.011 0.068 0.001 0.026 0.007 0.013 0.097 0.777 
 372 S _   0.011 0.064 0.001 0.024 0.007 0.012 0.099 0.783 
 373 L _   0.010 0.058 0.001 0.022 0.006 0.011 0.102 0.791 
 374 Q _   0.009 0.050 0.001 0.018 0.005 0.010 0.105 0.803 
 375 V _   0.009 0.041 0.001 0.014 0.004 0.008 0.107 0.817 
 376 E _   0.008 0.033 0.000 0.010 0.003 0.007 0.109 0.830 
 377 G _   0.007 0.026 0.000 0.007 0.002 0.006 0.111 0.841 
 378 K _   0.006 0.022 0.000 0.005 0.002 0.005 0.112 0.848 
 379 P _   0.005 0.019 0.000 0.004 0.001 0.005 0.112 0.852 
 380 P _   0.005 0.018 0.000 0.004 0.001 0.005 0.112 0.853 
 381 T _   0.005 0.019 0.000 0.004 0.002 0.005 0.112 0.852 
 382 P _   0.005 0.021 0.000 0.006 0.002 0.006 0.111 0.849 
 383 V _   0.005 0.026 0.000 0.008 0.002 0.007 0.109 0.842 
 384 V _   0.006 0.032 0.000 0.010 0.003 0.008 0.107 0.834 
 385 A _   0.006 0.041 0.000 0.012 0.003 0.009 0.104 0.824 
 386 A _   0.006 0.051 0.000 0.014 0.004 0.009 0.102 0.815 
 387 E _   0.005 0.060 0.001 0.015 0.004 0.009 0.098 0.807 
 388 D _   0.005 0.070 0.001 0.016 0.004 0.009 0.095 0.801 
 389 G _   0.005 0.078 0.001 0.016 0.004 0.009 0.092 0.795 
 390 T _   0.005 0.086 0.000 0.015 0.004 0.009 0.090 0.791 
 391 P _   0.005 0.095 0.000 0.015 0.004 0.009 0.087 0.786 
 392 Y _   0.005 0.104 0.000 0.015 0.004 0.009 0.084 0.780 
 393 Y _   0.005 0.114 0.000 0.014 0.004 0.010 0.081 0.772 
 394 C _   0.005 0.125 0.001 0.015 0.004 0.010 0.078 0.763 
 395 L _   0.005 0.140 0.001 0.015 0.004 0.011 0.074 0.750 
 396 A _   0.005 0.159 0.001 0.017 0.005 0.012 0.070 0.732 
 397 E _   0.005 0.181 0.001 0.018 0.006 0.013 0.066 0.709 
 398 E _   0.006 0.210 0.001 0.021 0.007 0.013 0.062 0.680 
 399 K _   0.006 0.244 0.001 0.024 0.008 0.014 0.058 0.645 
 400 E _   0.006 0.281 0.001 0.027 0.009 0.015 0.054 0.606 
 401 A _   0.007 0.317 0.001 0.031 0.010 0.015 0.050 0.569 
 402 A _   0.007 0.346 0.001 0.035 0.011 0.015 0.047 0.538 
 403 G _   0.007 0.367 0.001 0.038 0.011 0.015 0.045 0.516 
 404 M _   0.007 0.379 0.001 0.040 0.011 0.015 0.044 0.503 
 405 G _   0.007 0.385 0.001 0.041 0.010 0.014 0.043 0.499 
 406 S _   0.007 0.384 0.001 0.039 0.010 0.014 0.043 0.503 
 407 V _   0.007 0.377 0.001 0.037 0.009 0.013 0.043 0.513 
 408 A _   0.008 0.363 0.001 0.033 0.009 0.012 0.044 0.531 
 409 G _   0.008 0.340 0.001 0.028 0.008 0.012 0.045 0.558 
 410 S _   0.008 0.310 0.001 0.023 0.007 0.011 0.047 0.593 
 411 S _   0.008 0.276 0.001 0.019 0.006 0.011 0.048 0.631 
 412 P _   0.008 0.245 0.001 0.015 0.005 0.010 0.050 0.665 
 413 F _   0.008 0.220 0.001 0.012 0.004 0.010 0.052 0.694 
 414 F _   0.007 0.202 0.000 0.010 0.003 0.009 0.053 0.715 
 415 R _   0.007 0.190 0.000 0.009 0.003 0.009 0.054 0.728 
 416 E _   0.006 0.183 0.000 0.008 0.003 0.009 0.055 0.736 
 417 E _   0.006 0.181 0.000 0.009 0.003 0.009 0.055 0.738 
 418 K _   0.006 0.180 0.000 0.010 0.003 0.009 0.055 0.736 
 419 A _   0.006 0.182 0.000 0.013 0.004 0.009 0.055 0.731 
 420 P _   0.006 0.185 0.001 0.016 0.004 0.010 0.055 0.724 
 421 G _   0.006 0.187 0.001 0.019 0.005 0.010 0.055 0.718 
 422 M _   0.006 0.189 0.001 0.021 0.005 0.010 0.055 0.713 
 423 Q _   0.006 0.187 0.001 0.022 0.005 0.010 0.056 0.712 
 424 R _   0.006 0.183 0.001 0.022 0.005 0.010 0.057 0.717 
 425 A _   0.006 0.176 0.001 0.020 0.005 0.009 0.058 0.726 
 426 I _   0.006 0.166 0.001 0.017 0.004 0.008 0.059 0.739 
 427 D _   0.005 0.154 0.000 0.013 0.004 0.008 0.061 0.755 
 428 Q _   0.005 0.142 0.000 0.010 0.003 0.007 0.062 0.770 
 429 L _   0.005 0.133 0.000 0.008 0.002 0.007 0.063 0.781 
 430 D _   0.005 0.127 0.000 0.006 0.002 0.007 0.064 0.788 
 431 D _   0.005 0.125 0.000 0.006 0.002 0.007 0.064 0.790 
 432 L _   0.005 0.126 0.000 0.006 0.002 0.008 0.064 0.788 
 433 S _   0.006 0.131 0.000 0.008 0.003 0.010 0.064 0.779 
 434 L _   0.006 0.140 0.000 0.011 0.004 0.011 0.063 0.764 
 435 Q _   0.007 0.156 0.001 0.015 0.005 0.013 0.062 0.742 
 436 E _   0.007 0.176 0.001 0.019 0.007 0.015 0.060 0.716 
 437 A _   0.007 0.198 0.001 0.024 0.008 0.016 0.059 0.688 
 438 G _   0.007 0.218 0.001 0.028 0.009 0.017 0.057 0.662 
 439 H _   0.008 0.234 0.001 0.031 0.010 0.018 0.056 0.642 
 440 G _   0.008 0.246 0.001 0.033 0.011 0.018 0.056 0.627 
 441 L _   0.008 0.252 0.001 0.034 0.011 0.019 0.056 0.620 
 442 W _   0.009 0.253 0.001 0.033 0.011 0.019 0.056 0.618 
 443 G _   0.009 0.251 0.001 0.030 0.011 0.019 0.057 0.621 
 444 E _   0.010 0.245 0.001 0.027 0.010 0.020 0.058 0.629 
 445 T _   0.010 0.237 0.001 0.023 0.010 0.020 0.060 0.640 
 446 C _   0.011 0.227 0.001 0.019 0.009 0.020 0.061 0.651 
 447 T _   0.012 0.218 0.001 0.015 0.008 0.021 0.063 0.661 
 448 N _   0.014 0.210 0.001 0.013 0.008 0.022 0.065 0.667 
 449 A _   0.016 0.206 0.001 0.012 0.008 0.024 0.067 0.668 
 450 V _   0.018 0.205 0.001 0.011 0.009 0.025 0.069 0.663 
 451 S _   0.020 0.207 0.001 0.013 0.010 0.027 0.070 0.652 
 452 D _   0.023 0.212 0.001 0.016 0.012 0.029 0.072 0.636 
 453 M _   0.025 0.221 0.001 0.020 0.015 0.031 0.073 0.615 
 454 M _   0.027 0.231 0.001 0.026 0.017 0.032 0.075 0.591 
 455 V _   0.027 0.240 0.001 0.033 0.020 0.032 0.077 0.569 
 456 P _   0.028 0.248 0.002 0.039 0.021 0.032 0.080 0.551 
 457 L _   0.028 0.251 0.002 0.044 0.022 0.031 0.083 0.541 
 458 K _   0.027 0.249 0.002 0.047 0.021 0.029 0.088 0.538 
 459 A _   0.025 0.243 0.002 0.047 0.020 0.027 0.093 0.544 
 460 A _   0.024 0.229 0.002 0.045 0.018 0.024 0.100 0.559 
 461 I _   0.021 0.206 0.002 0.041 0.015 0.021 0.108 0.586 
 462 T _   0.019 0.172 0.001 0.034 0.012 0.018 0.118 0.625 
 463 G _   0.017 0.131 0.001 0.026 0.010 0.016 0.128 0.671 
 464 H _   0.015 0.090 0.001 0.018 0.007 0.013 0.138 0.719 
 465 H _   0.012 0.057 0.001 0.011 0.004 0.011 0.146 0.758 
 466 V _   0.010 0.037 0.000 0.006 0.003 0.009 0.152 0.782 
 467 P _   0.008 0.027 0.000 0.004 0.002 0.008 0.157 0.795 
 468 D _   0.007 0.024 0.000 0.003 0.002 0.008 0.159 0.798 
 469 S _   0.007 0.024 0.000 0.003 0.002 0.009 0.161 0.795 
 470 G _   0.008 0.027 0.000 0.004 0.003 0.011 0.163 0.784 
 471 P _   0.010 0.038 0.001 0.009 0.005 0.015 0.163 0.760 
 472 E _   0.013 0.065 0.001 0.017 0.009 0.020 0.163 0.713 
 473 P _   0.014 0.116 0.001 0.029 0.013 0.023 0.161 0.641 
 474 I _   0.014 0.179 0.002 0.044 0.016 0.025 0.160 0.560 
 475 L _   0.013 0.230 0.002 0.057 0.018 0.026 0.159 0.495 
 476 A _   0.011 0.262 0.002 0.067 0.018 0.025 0.160 0.455 
 477 F _   0.010 0.277 0.001 0.072 0.017 0.024 0.162 0.436 
 478 Y _   0.010 0.282 0.001 0.072 0.017 0.022 0.166 0.430 
 479 S _   0.009 0.280 0.001 0.069 0.015 0.020 0.171 0.435 
 480 S _   0.008 0.270 0.001 0.061 0.013 0.018 0.178 0.449 
 481 R _   0.008 0.250 0.001 0.052 0.012 0.016 0.187 0.473 
 482 L _   0.008 0.221 0.001 0.042 0.010 0.014 0.199 0.505 
 483 A _   0.008 0.184 0.001 0.032 0.008 0.013 0.211 0.542 
 484 G _   0.008 0.147 0.001 0.024 0.006 0.012 0.224 0.577 
 485 R _   0.008 0.116 0.001 0.018 0.005 0.011 0.236 0.606 
 486 H _   0.007 0.092 0.001 0.014 0.004 0.009 0.246 0.627 
 487 K _   0.007 0.075 0.000 0.011 0.003 0.008 0.255 0.641 
 488 A _   0.006 0.063 0.000 0.009 0.002 0.008 0.261 0.650 
 489 R _   0.005 0.056 0.000 0.008 0.002 0.007 0.266 0.656 
 490 K _   0.005 0.051 0.000 0.007 0.002 0.006 0.270 0.659 
 491 P _   0.004 0.048 0.000 0.006 0.002 0.006 0.272 0.661 
 492 P _   0.004 0.046 0.000 0.006 0.002 0.006 0.274 0.663 
 493 A _   0.004 0.045 0.000 0.005 0.001 0.005 0.274 0.664 
 494 G _   0.004 0.046 0.000 0.005 0.001 0.005 0.274 0.664 
 495 S _   0.003 0.048 0.000 0.005 0.001 0.006 0.273 0.663 
 496 K _   0.004 0.052 0.000 0.006 0.002 0.007 0.271 0.658 
 497 S _   0.004 0.061 0.000 0.008 0.003 0.009 0.268 0.648 
 498 D _   0.005 0.077 0.001 0.012 0.004 0.011 0.263 0.627 
 499 S _   0.006 0.108 0.001 0.019 0.006 0.014 0.257 0.590 
 500 N _   0.007 0.156 0.001 0.029 0.010 0.017 0.248 0.533 
 501 F _   0.008 0.217 0.001 0.041 0.012 0.019 0.240 0.463 
 502 S _   0.007 0.273 0.002 0.053 0.014 0.019 0.233 0.400 
 503 N _   0.007 0.313 0.001 0.063 0.014 0.019 0.228 0.354 
 504 L E   0.007 0.335 0.001 0.070 0.014 0.019 0.226 0.328 
 505 I E   0.007 0.344 0.001 0.073 0.014 0.018 0.226 0.317 
 506 R E   0.007 0.345 0.001 0.071 0.013 0.017 0.228 0.319 
 507 L E   0.007 0.337 0.001 0.066 0.012 0.016 0.231 0.330 
 508 S _   0.007 0.316 0.001 0.057 0.011 0.014 0.237 0.356 
 509 Q _   0.007 0.280 0.001 0.046 0.010 0.013 0.245 0.397 
 510 V _   0.008 0.227 0.001 0.035 0.009 0.012 0.256 0.453 
 511 S _   0.008 0.170 0.001 0.024 0.007 0.011 0.269 0.511 
 512 P _   0.008 0.122 0.001 0.016 0.005 0.009 0.280 0.560 
 513 E _   0.007 0.091 0.000 0.010 0.003 0.008 0.288 0.593 
 514 D _   0.006 0.074 0.000 0.006 0.002 0.007 0.293 0.611 
 515 D _   0.005 0.066 0.000 0.005 0.001 0.006 0.296 0.620 
 516 R _   0.004 0.063 0.000 0.004 0.001 0.006 0.298 0.624 
 517 P _   0.004 0.062 0.000 0.004 0.001 0.006 0.299 0.623 
 518 C _   0.004 0.064 0.000 0.005 0.002 0.006 0.298 0.620 
 519 R _   0.004 0.069 0.000 0.007 0.002 0.007 0.296 0.614 
 520 G _   0.004 0.077 0.000 0.010 0.003 0.008 0.294 0.605 
 521 S _   0.004 0.087 0.000 0.012 0.003 0.008 0.291 0.593 
 522 S _   0.004 0.099 0.000 0.015 0.004 0.009 0.288 0.582 
 523 W _   0.004 0.111 0.001 0.017 0.004 0.009 0.285 0.570 
 524 E _   0.004 0.123 0.001 0.018 0.004 0.009 0.282 0.560 
 525 E _   0.004 0.133 0.001 0.019 0.004 0.009 0.279 0.552 
 526 G _   0.004 0.142 0.001 0.019 0.004 0.009 0.277 0.545 
 527 E _   0.004 0.150 0.001 0.018 0.004 0.009 0.275 0.538 
 528 H _   0.004 0.158 0.001 0.019 0.004 0.010 0.274 0.532 
 529 L _   0.004 0.165 0.001 0.020 0.005 0.010 0.272 0.524 
 530 G _   0.004 0.172 0.001 0.022 0.005 0.011 0.272 0.514 
 531 A _   0.005 0.179 0.001 0.025 0.006 0.012 0.271 0.502 
 532 S _   0.005 0.185 0.001 0.028 0.007 0.012 0.272 0.490 
 533 A _   0.006 0.190 0.001 0.033 0.007 0.013 0.273 0.479 
 534 E _   0.006 0.192 0.001 0.036 0.008 0.013 0.275 0.469 
 535 P _   0.006 0.191 0.001 0.038 0.008 0.013 0.279 0.463 
 536 L _   0.007 0.187 0.001 0.039 0.008 0.013 0.283 0.462 
 537 A _   0.007 0.177 0.001 0.037 0.008 0.012 0.290 0.468 
 538 I _   0.007 0.160 0.001 0.033 0.007 0.011 0.298 0.482 
 539 L _   0.007 0.135 0.001 0.028 0.007 0.010 0.308 0.505 
 540 Q _   0.007 0.104 0.001 0.021 0.005 0.009 0.319 0.534 
 541 R _   0.007 0.071 0.001 0.015 0.004 0.008 0.330 0.564 
 542 D _   0.006 0.044 0.000 0.010 0.003 0.007 0.341 0.590 
 543 E _   0.005 0.027 0.000 0.006 0.002 0.006 0.348 0.606 
 544 D _   0.004 0.018 0.000 0.004 0.001 0.005 0.354 0.613 
 545 G _   0.004 0.014 0.000 0.003 0.001 0.005 0.358 0.616 
 546 P _   0.004 0.013 0.000 0.003 0.001 0.005 0.360 0.614 
 547 N _   0.004 0.013 0.000 0.004 0.001 0.005 0.362 0.611 
 548 I _   0.004 0.014 0.000 0.006 0.002 0.006 0.362 0.605 
 549 D _   0.005 0.016 0.000 0.009 0.002 0.008 0.363 0.597 
 550 N _   0.005 0.019 0.000 0.014 0.003 0.009 0.362 0.588 
 551 M _   0.005 0.021 0.000 0.018 0.004 0.009 0.362 0.579 
 552 T _   0.005 0.023 0.000 0.021 0.004 0.010 0.362 0.573 
 553 M _   0.005 0.024 0.001 0.023 0.005 0.010 0.363 0.570 
 554 E _   0.005 0.024 0.001 0.022 0.004 0.009 0.365 0.570 
 555 A _   0.005 0.023 0.000 0.020 0.004 0.009 0.367 0.573 
 556 E _   0.005 0.021 0.000 0.017 0.003 0.008 0.369 0.577 
 557 R _   0.004 0.018 0.000 0.013 0.003 0.007 0.372 0.583 
 558 P _   0.004 0.015 0.000 0.010 0.002 0.006 0.374 0.588 
 559 D _   0.004 0.012 0.000 0.008 0.002 0.005 0.376 0.592 
 560 P _   0.004 0.010 0.000 0.006 0.002 0.005 0.378 0.595 
 561 E _   0.004 0.009 0.000 0.005 0.001 0.005 0.379 0.598 
 562 L _   0.004 0.008 0.000 0.004 0.001 0.004 0.379 0.599 
 563 F _   0.003 0.008 0.000 0.004 0.001 0.004 0.378 0.601 
 564 D _   0.003 0.008 0.000 0.004 0.001 0.005 0.376 0.601 
 565 P _   0.003 0.009 0.000 0.005 0.002 0.005 0.374 0.602 
 566 S _   0.003 0.011 0.000 0.006 0.002 0.005 0.371 0.601 
 567 S _   0.003 0.013 0.000 0.008 0.002 0.006 0.367 0.600 
 568 C _   0.004 0.017 0.000 0.010 0.003 0.007 0.363 0.597 
 569 P _   0.004 0.021 0.000 0.012 0.003 0.007 0.359 0.594 
 570 G _   0.004 0.025 0.000 0.014 0.003 0.008 0.355 0.592 
 571 E _   0.004 0.028 0.000 0.015 0.004 0.008 0.351 0.590 
 572 W _   0.004 0.031 0.000 0.015 0.004 0.008 0.347 0.590 
 573 L _   0.004 0.033 0.000 0.015 0.004 0.008 0.344 0.591 
 574 S _   0.004 0.035 0.000 0.014 0.003 0.008 0.341 0.594 
 575 E _   0.004 0.036 0.000 0.013 0.003 0.008 0.339 0.597 
 576 P _   0.004 0.037 0.000 0.012 0.003 0.007 0.337 0.599 
 577 D _   0.004 0.039 0.000 0.011 0.003 0.007 0.335 0.601 
 578 C _   0.004 0.040 0.000 0.011 0.003 0.007 0.333 0.601 
 579 T _   0.005 0.042 0.000 0.011 0.003 0.008 0.331 0.601 
 580 L _   0.005 0.044 0.000 0.011 0.003 0.008 0.329 0.599 
 581 E _   0.005 0.046 0.000 0.012 0.003 0.008 0.327 0.597 
 582 S _   0.005 0.049 0.000 0.014 0.004 0.008 0.326 0.593 
 583 V _   0.005 0.052 0.000 0.015 0.004 0.009 0.324 0.590 
 584 R _   0.005 0.054 0.000 0.017 0.004 0.009 0.322 0.588 
 585 G _   0.005 0.056 0.000 0.018 0.004 0.009 0.321 0.586 
 586 P _   0.005 0.057 0.000 0.018 0.004 0.009 0.320 0.585 
 587 R _   0.005 0.057 0.000 0.018 0.004 0.009 0.320 0.586 
 588 A _   0.005 0.056 0.000 0.017 0.004 0.008 0.321 0.588 
 589 Q _   0.005 0.054 0.000 0.016 0.004 0.008 0.321 0.592 
 590 G _   0.005 0.051 0.000 0.014 0.003 0.007 0.322 0.597 
 591 L _   0.005 0.048 0.000 0.012 0.003 0.007 0.323 0.603 
 592 P _   0.005 0.045 0.000 0.009 0.002 0.006 0.323 0.610 
 593 P _   0.004 0.042 0.000 0.007 0.002 0.005 0.323 0.616 
 594 R _   0.004 0.040 0.000 0.006 0.002 0.005 0.322 0.622 
 595 R _   0.004 0.039 0.000 0.005 0.001 0.005 0.321 0.625 
 596 S _   0.003 0.039 0.000 0.004 0.001 0.005 0.318 0.628 
 597 H _   0.003 0.041 0.000 0.005 0.001 0.006 0.315 0.628 
 598 Q _   0.004 0.046 0.000 0.006 0.002 0.008 0.310 0.625 
 599 H _   0.005 0.056 0.000 0.008 0.003 0.010 0.303 0.615 
 600 G _   0.006 0.077 0.001 0.012 0.005 0.013 0.293 0.594 
 601 P _   0.008 0.117 0.001 0.017 0.008 0.017 0.279 0.553 
 602 P _   0.010 0.187 0.002 0.024 0.013 0.021 0.259 0.484 
 603 R _   0.011 0.296 0.002 0.032 0.018 0.023 0.235 0.383 
 604 G E   0.010 0.432 0.003 0.036 0.021 0.022 0.211 0.265 
 605 A E   0.008 0.561 0.003 0.037 0.020 0.019 0.192 0.160 
 606 T E   0.006 0.653 0.002 0.035 0.017 0.015 0.180 0.093 
 607 S E   0.004 0.707 0.001 0.031 0.013 0.012 0.175 0.058 
 608 F E   0.003 0.735 0.001 0.028 0.009 0.009 0.172 0.042 
 609 L E   0.002 0.748 0.001 0.025 0.007 0.007 0.172 0.037 
 610 Q E   0.002 0.753 0.000 0.023 0.006 0.006 0.173 0.037 
 611 H E   0.002 0.752 0.000 0.021 0.004 0.004 0.176 0.041 
 612 V E   0.001 0.741 0.001 0.019 0.003 0.003 0.180 0.051 
 613 T E   0.001 0.711 0.000 0.016 0.002 0.002 0.187 0.081 
 614 G E   0.001 0.655 0.000 0.013 0.001 0.001 0.193 0.136 
 615 H E   0.001 0.588 0.000 0.016 0.001 0.002 0.196 0.197 
 616 H E   0.004 0.540 0.003 0.026 0.006 0.005 0.193 0.223 
