#TopoPred_TM8: 8-state transmembrane topology prediction results by no_profile mode 
#probabilities are in the order of H E C I L F X _, the 8 transmembrane topology types used in PDBTM 
   1 M X   0.016 0.002 0.002 0.066 0.010 0.012 0.674 0.218 
   2 K X   0.007 0.002 0.000 0.042 0.002 0.006 0.692 0.249 
   3 K X   0.002 0.001 0.000 0.025 0.001 0.004 0.695 0.271 
   4 F X   0.002 0.002 0.000 0.017 0.001 0.004 0.691 0.283 
   5 F X   0.002 0.003 0.000 0.015 0.001 0.005 0.680 0.293 
   6 D X   0.003 0.006 0.000 0.014 0.002 0.007 0.665 0.304 
   7 S X   0.003 0.010 0.000 0.015 0.002 0.008 0.646 0.315 
   8 R X   0.004 0.017 0.000 0.018 0.003 0.010 0.622 0.327 
   9 R X   0.004 0.027 0.001 0.022 0.004 0.011 0.593 0.339 
  10 E X   0.004 0.042 0.001 0.027 0.005 0.011 0.559 0.351 
  11 Q X   0.004 0.060 0.001 0.031 0.006 0.012 0.523 0.364 
  12 G X   0.003 0.078 0.001 0.035 0.006 0.012 0.487 0.378 
  13 G X   0.003 0.096 0.001 0.036 0.006 0.011 0.453 0.393 
  14 S X   0.003 0.112 0.001 0.036 0.006 0.011 0.422 0.409 
  15 G _   0.003 0.126 0.001 0.035 0.006 0.010 0.395 0.424 
  16 L _   0.003 0.138 0.001 0.033 0.005 0.010 0.371 0.439 
  17 G _   0.003 0.149 0.001 0.030 0.005 0.009 0.349 0.454 
  18 S _   0.003 0.158 0.001 0.028 0.005 0.009 0.329 0.468 
  19 G _   0.003 0.166 0.001 0.026 0.004 0.009 0.310 0.482 
  20 S _   0.003 0.175 0.001 0.024 0.004 0.009 0.291 0.494 
  21 S _   0.003 0.184 0.001 0.022 0.004 0.009 0.274 0.504 
  22 G _   0.003 0.194 0.001 0.021 0.004 0.009 0.257 0.512 
  23 G _   0.003 0.205 0.001 0.021 0.004 0.010 0.240 0.517 
  24 G _   0.003 0.216 0.001 0.021 0.005 0.011 0.224 0.520 
  25 G _   0.003 0.230 0.001 0.021 0.005 0.012 0.208 0.520 
  26 S _   0.004 0.246 0.001 0.023 0.006 0.014 0.192 0.515 
  27 T _   0.004 0.264 0.001 0.024 0.007 0.016 0.176 0.508 
  28 S _   0.005 0.284 0.001 0.026 0.008 0.018 0.161 0.497 
  29 G _   0.006 0.305 0.001 0.029 0.010 0.021 0.147 0.482 
  30 L _   0.007 0.327 0.001 0.032 0.012 0.023 0.133 0.464 
  31 G _   0.008 0.348 0.001 0.035 0.015 0.026 0.121 0.447 
  32 S _   0.010 0.366 0.001 0.038 0.017 0.028 0.110 0.429 
  33 G _   0.011 0.381 0.001 0.041 0.019 0.030 0.101 0.416 
  34 Y _   0.013 0.391 0.001 0.044 0.021 0.031 0.093 0.406 
  35 I _   0.015 0.396 0.001 0.046 0.023 0.032 0.086 0.400 
  36 G _   0.016 0.397 0.002 0.048 0.024 0.033 0.081 0.400 
  37 R _   0.018 0.392 0.002 0.048 0.024 0.032 0.077 0.407 
  38 V _   0.019 0.380 0.002 0.047 0.024 0.032 0.074 0.421 
  39 F _   0.020 0.360 0.002 0.046 0.024 0.031 0.071 0.447 
  40 G _   0.021 0.328 0.002 0.043 0.023 0.030 0.070 0.484 
  41 I _   0.022 0.282 0.002 0.039 0.022 0.030 0.068 0.535 
  42 G _   0.024 0.222 0.002 0.033 0.019 0.029 0.068 0.603 
  43 R _   0.025 0.155 0.002 0.027 0.017 0.028 0.067 0.679 
  44 Q _   0.026 0.093 0.002 0.019 0.013 0.028 0.067 0.752 
  45 Q _   0.027 0.048 0.001 0.013 0.010 0.027 0.066 0.807 
  46 V _   0.030 0.021 0.001 0.009 0.008 0.026 0.065 0.841 
  47 T _   0.034 0.008 0.001 0.006 0.006 0.026 0.063 0.856 
  48 V _   0.042 0.003 0.001 0.004 0.005 0.027 0.061 0.856 
  49 D _   0.057 0.001 0.001 0.003 0.006 0.029 0.059 0.844 
  50 E _   0.079 0.001 0.001 0.003 0.008 0.033 0.056 0.820 
  51 V _   0.110 0.000 0.001 0.004 0.011 0.038 0.053 0.784 
  52 L _   0.148 0.000 0.001 0.004 0.016 0.045 0.050 0.736 
  53 A _   0.189 0.001 0.001 0.005 0.024 0.052 0.046 0.682 
  54 E _   0.230 0.001 0.002 0.007 0.033 0.058 0.043 0.626 
  55 G _   0.267 0.001 0.002 0.008 0.042 0.062 0.041 0.576 
  56 G _   0.296 0.002 0.002 0.010 0.049 0.065 0.039 0.535 
  57 F _   0.318 0.003 0.002 0.012 0.054 0.065 0.038 0.507 
  58 A _   0.330 0.004 0.002 0.014 0.055 0.063 0.038 0.493 
  59 I _   0.332 0.004 0.003 0.015 0.053 0.061 0.038 0.495 
  60 V _   0.324 0.004 0.002 0.015 0.049 0.056 0.038 0.511 
  61 F _   0.306 0.004 0.002 0.014 0.042 0.051 0.039 0.542 
  62 L _   0.279 0.003 0.002 0.011 0.033 0.046 0.040 0.587 
  63 V _   0.245 0.002 0.002 0.008 0.025 0.041 0.041 0.637 
  64 R _   0.209 0.001 0.001 0.006 0.018 0.036 0.042 0.687 
  65 T _   0.173 0.000 0.001 0.004 0.013 0.032 0.043 0.733 
  66 S _   0.142 0.000 0.001 0.004 0.010 0.029 0.044 0.771 
  67 N _   0.115 0.000 0.001 0.004 0.008 0.027 0.045 0.800 
  68 G _   0.097 0.001 0.001 0.004 0.008 0.027 0.045 0.817 
  69 M _   0.083 0.002 0.001 0.007 0.009 0.026 0.046 0.827 
  70 K _   0.071 0.003 0.001 0.011 0.010 0.026 0.047 0.831 
  71 C _   0.060 0.006 0.001 0.015 0.012 0.026 0.047 0.833 
  72 A _   0.051 0.008 0.001 0.020 0.013 0.025 0.048 0.834 
  73 L _   0.043 0.010 0.001 0.024 0.013 0.024 0.048 0.837 
  74 K _   0.035 0.011 0.001 0.025 0.012 0.022 0.049 0.845 
  75 R _   0.029 0.011 0.001 0.024 0.010 0.019 0.050 0.856 
  76 M _   0.023 0.010 0.001 0.020 0.008 0.016 0.051 0.870 
  77 F _   0.018 0.008 0.001 0.015 0.006 0.014 0.052 0.886 
  78 V _   0.014 0.006 0.001 0.011 0.004 0.011 0.053 0.900 
  79 N _   0.011 0.004 0.000 0.007 0.003 0.010 0.053 0.911 
  80 N _   0.009 0.003 0.000 0.005 0.002 0.008 0.054 0.918 
  81 E _   0.008 0.003 0.000 0.004 0.002 0.008 0.054 0.922 
  82 H _   0.008 0.003 0.000 0.003 0.002 0.008 0.053 0.923 
  83 D _   0.008 0.003 0.000 0.004 0.002 0.009 0.053 0.921 
  84 L _   0.009 0.005 0.000 0.005 0.003 0.011 0.052 0.915 
  85 Q _   0.011 0.009 0.000 0.008 0.005 0.013 0.051 0.903 
  86 V _   0.012 0.016 0.001 0.013 0.007 0.016 0.049 0.886 
  87 C _   0.013 0.027 0.001 0.020 0.009 0.018 0.047 0.864 
  88 K _   0.014 0.038 0.001 0.028 0.012 0.020 0.046 0.841 
  89 R _   0.015 0.047 0.001 0.035 0.013 0.021 0.044 0.824 
  90 E _   0.015 0.052 0.001 0.040 0.014 0.022 0.043 0.813 
  91 I _   0.014 0.055 0.001 0.041 0.014 0.021 0.042 0.811 
  92 Q _   0.014 0.055 0.001 0.038 0.013 0.020 0.042 0.817 
  93 I _   0.013 0.052 0.001 0.033 0.011 0.018 0.042 0.830 
  94 M _   0.012 0.047 0.001 0.026 0.009 0.016 0.042 0.847 
  95 R _   0.011 0.040 0.001 0.019 0.007 0.015 0.042 0.865 
  96 D _   0.010 0.034 0.001 0.013 0.006 0.013 0.042 0.881 
  97 L _   0.009 0.028 0.001 0.010 0.004 0.012 0.042 0.893 
  98 S _   0.009 0.025 0.000 0.008 0.004 0.012 0.042 0.900 
  99 G _   0.009 0.024 0.000 0.008 0.004 0.012 0.041 0.901 
 100 H _   0.009 0.024 0.000 0.009 0.004 0.013 0.041 0.898 
 101 K _   0.010 0.026 0.001 0.013 0.006 0.014 0.040 0.891 
 102 N _   0.010 0.029 0.001 0.017 0.007 0.015 0.039 0.882 
 103 I _   0.011 0.032 0.001 0.023 0.008 0.016 0.039 0.871 
 104 V _   0.011 0.034 0.001 0.028 0.009 0.016 0.038 0.862 
 105 G _   0.011 0.035 0.001 0.031 0.010 0.016 0.038 0.858 
 106 Y _   0.010 0.034 0.001 0.032 0.010 0.016 0.038 0.860 
 107 I _   0.010 0.032 0.001 0.029 0.009 0.015 0.038 0.867 
 108 D _   0.009 0.027 0.001 0.025 0.008 0.014 0.038 0.879 
 109 S _   0.008 0.021 0.001 0.019 0.006 0.013 0.038 0.894 
 110 S _   0.008 0.014 0.001 0.013 0.005 0.012 0.038 0.910 
 111 I _   0.008 0.008 0.000 0.009 0.003 0.011 0.039 0.922 
 112 N _   0.009 0.004 0.000 0.006 0.003 0.011 0.038 0.929 
 113 N _   0.010 0.002 0.000 0.004 0.002 0.012 0.038 0.930 
 114 V _   0.014 0.001 0.000 0.003 0.003 0.015 0.038 0.926 
 115 S _   0.021 0.001 0.000 0.003 0.003 0.019 0.037 0.916 
 116 S _   0.033 0.001 0.001 0.004 0.005 0.025 0.036 0.896 
 117 G _   0.050 0.001 0.001 0.005 0.009 0.034 0.034 0.866 
 118 D _   0.072 0.002 0.001 0.007 0.016 0.044 0.033 0.826 
 119 V _   0.099 0.003 0.001 0.010 0.024 0.054 0.031 0.777 
 120 W _   0.124 0.005 0.002 0.014 0.034 0.063 0.029 0.728 
 121 E _   0.149 0.008 0.002 0.018 0.044 0.070 0.028 0.681 
 122 V _   0.170 0.010 0.002 0.022 0.051 0.075 0.027 0.643 
 123 L _   0.186 0.012 0.003 0.023 0.056 0.077 0.026 0.617 
 124 I _   0.198 0.013 0.003 0.024 0.057 0.076 0.026 0.604 
 125 L _   0.203 0.013 0.003 0.023 0.055 0.073 0.026 0.605 
 126 M _   0.203 0.011 0.002 0.020 0.051 0.070 0.026 0.617 
 127 D _   0.197 0.010 0.002 0.017 0.045 0.065 0.026 0.637 
 128 F _   0.187 0.007 0.002 0.014 0.038 0.060 0.027 0.665 
 129 C _   0.172 0.005 0.002 0.011 0.031 0.055 0.027 0.696 
 130 R _   0.154 0.004 0.002 0.009 0.025 0.050 0.028 0.728 
 131 G _   0.137 0.003 0.001 0.008 0.020 0.045 0.029 0.756 
 132 G _   0.121 0.002 0.001 0.008 0.017 0.041 0.030 0.780 
 133 Q _   0.105 0.002 0.001 0.008 0.014 0.038 0.030 0.801 
 134 V _   0.090 0.002 0.001 0.009 0.012 0.035 0.031 0.820 
 135 V _   0.076 0.002 0.001 0.010 0.011 0.032 0.032 0.835 
 136 N _   0.065 0.003 0.001 0.011 0.011 0.030 0.032 0.848 
 137 L _   0.054 0.003 0.001 0.012 0.010 0.027 0.033 0.860 
 138 M _   0.046 0.003 0.001 0.012 0.009 0.025 0.033 0.871 
 139 N _   0.039 0.002 0.001 0.011 0.008 0.023 0.033 0.882 
 140 Q _   0.033 0.002 0.001 0.010 0.007 0.021 0.033 0.892 
 141 R _   0.030 0.002 0.001 0.009 0.006 0.020 0.034 0.900 
 142 L _   0.028 0.001 0.001 0.007 0.005 0.019 0.034 0.906 
 143 Q _   0.027 0.001 0.001 0.006 0.005 0.019 0.033 0.909 
 144 T _   0.029 0.000 0.001 0.005 0.005 0.019 0.033 0.908 
 145 G _   0.033 0.000 0.001 0.004 0.005 0.021 0.033 0.904 
 146 F _   0.040 0.000 0.001 0.004 0.005 0.023 0.032 0.894 
 147 T _   0.051 0.000 0.001 0.004 0.007 0.027 0.032 0.878 
 148 E _   0.066 0.000 0.001 0.005 0.009 0.032 0.031 0.856 
 149 N _   0.085 0.000 0.001 0.006 0.013 0.037 0.030 0.828 
 150 E _   0.108 0.001 0.001 0.007 0.017 0.043 0.030 0.794 
 151 V _   0.132 0.001 0.001 0.008 0.022 0.048 0.029 0.759 
 152 L _   0.155 0.002 0.002 0.009 0.027 0.053 0.028 0.724 
 153 Q _   0.177 0.002 0.002 0.010 0.032 0.057 0.028 0.692 
 154 I _   0.195 0.003 0.002 0.011 0.037 0.059 0.027 0.665 
 155 F _   0.208 0.003 0.002 0.012 0.041 0.061 0.027 0.646 
 156 C _   0.215 0.004 0.002 0.013 0.042 0.061 0.028 0.635 
 157 D _   0.217 0.004 0.002 0.014 0.043 0.060 0.028 0.631 
 158 T _   0.214 0.004 0.002 0.014 0.041 0.058 0.029 0.636 
 159 C _   0.206 0.005 0.002 0.015 0.038 0.055 0.030 0.649 
 160 E _   0.192 0.005 0.002 0.015 0.034 0.052 0.031 0.668 
 161 A _   0.175 0.004 0.002 0.014 0.029 0.047 0.033 0.695 
 162 V _   0.156 0.004 0.002 0.013 0.024 0.042 0.034 0.726 
 163 A _   0.135 0.003 0.001 0.011 0.019 0.037 0.035 0.757 
 164 R _   0.113 0.003 0.001 0.010 0.015 0.033 0.037 0.789 
 165 L _   0.094 0.002 0.001 0.008 0.012 0.029 0.038 0.817 
 166 H _   0.076 0.002 0.001 0.007 0.009 0.026 0.039 0.841 
 167 Q _   0.061 0.002 0.001 0.007 0.008 0.023 0.040 0.860 
 168 C _   0.049 0.002 0.001 0.007 0.007 0.021 0.041 0.874 
 169 K _   0.039 0.002 0.001 0.007 0.006 0.019 0.041 0.884 
 170 T _   0.032 0.003 0.001 0.008 0.006 0.018 0.042 0.891 
 171 P _   0.027 0.003 0.001 0.008 0.006 0.017 0.042 0.895 
 172 I _   0.024 0.005 0.001 0.010 0.006 0.017 0.043 0.896 
 173 I _   0.021 0.006 0.001 0.010 0.006 0.016 0.043 0.897 
 174 H _   0.019 0.007 0.001 0.011 0.006 0.015 0.043 0.897 
 175 R _   0.017 0.008 0.001 0.012 0.006 0.015 0.044 0.897 
 176 D _   0.015 0.010 0.001 0.012 0.006 0.015 0.044 0.898 
 177 L _   0.014 0.011 0.001 0.012 0.006 0.014 0.044 0.898 
 178 K _   0.013 0.012 0.001 0.012 0.006 0.014 0.045 0.898 
 179 V _   0.013 0.014 0.001 0.011 0.006 0.014 0.045 0.897 
 180 E _   0.013 0.015 0.001 0.011 0.005 0.014 0.045 0.896 
 181 N _   0.012 0.016 0.001 0.011 0.005 0.014 0.046 0.895 
 182 I _   0.012 0.018 0.001 0.010 0.005 0.014 0.046 0.894 
 183 L _   0.012 0.020 0.001 0.010 0.005 0.014 0.046 0.892 
 184 L _   0.012 0.022 0.001 0.010 0.005 0.015 0.046 0.889 
 185 H _   0.012 0.026 0.001 0.010 0.006 0.015 0.046 0.884 
 186 D _   0.012 0.030 0.001 0.012 0.006 0.016 0.046 0.877 
 187 R _   0.013 0.036 0.001 0.014 0.007 0.017 0.045 0.867 
 188 G _   0.014 0.044 0.001 0.017 0.009 0.019 0.045 0.852 
 189 H _   0.014 0.053 0.001 0.022 0.010 0.020 0.045 0.835 
 190 Y _   0.015 0.063 0.001 0.028 0.011 0.020 0.044 0.818 
 191 V _   0.015 0.071 0.001 0.034 0.012 0.021 0.044 0.802 
 192 L _   0.014 0.076 0.001 0.038 0.013 0.020 0.045 0.792 
 193 C _   0.014 0.079 0.001 0.041 0.012 0.019 0.045 0.788 
 194 D _   0.013 0.079 0.001 0.040 0.012 0.018 0.046 0.791 
 195 F _   0.012 0.076 0.001 0.037 0.010 0.016 0.047 0.800 
 196 G _   0.011 0.070 0.001 0.032 0.009 0.014 0.049 0.814 
 197 S _   0.010 0.061 0.001 0.027 0.007 0.013 0.050 0.832 
 198 A _   0.009 0.049 0.001 0.021 0.006 0.011 0.052 0.851 
 199 T _   0.009 0.038 0.001 0.015 0.004 0.009 0.054 0.870 
 200 N _   0.008 0.028 0.000 0.011 0.003 0.008 0.055 0.886 
 201 K _   0.007 0.020 0.000 0.008 0.003 0.007 0.056 0.898 
 202 F _   0.006 0.015 0.000 0.007 0.002 0.006 0.057 0.907 
 203 Q _   0.006 0.012 0.000 0.006 0.002 0.006 0.057 0.912 
 204 N _   0.005 0.011 0.000 0.005 0.002 0.006 0.057 0.915 
 205 P _   0.005 0.010 0.000 0.005 0.002 0.006 0.056 0.917 
 206 Q _   0.005 0.010 0.000 0.005 0.002 0.006 0.055 0.917 
 207 T _   0.005 0.010 0.000 0.006 0.002 0.006 0.054 0.916 
 208 E _   0.005 0.012 0.000 0.007 0.002 0.007 0.053 0.913 
 209 G _   0.005 0.014 0.000 0.009 0.003 0.008 0.051 0.909 
 210 V _   0.006 0.017 0.000 0.011 0.003 0.009 0.050 0.904 
 211 N _   0.006 0.021 0.000 0.013 0.004 0.010 0.048 0.897 
 212 A _   0.006 0.024 0.001 0.016 0.005 0.011 0.046 0.891 
 213 V _   0.007 0.028 0.001 0.018 0.006 0.012 0.044 0.884 
 214 E _   0.007 0.031 0.001 0.020 0.006 0.013 0.042 0.879 
 215 D _   0.008 0.033 0.001 0.021 0.007 0.014 0.040 0.876 
 216 E _   0.008 0.035 0.001 0.022 0.007 0.015 0.039 0.874 
 217 I _   0.008 0.035 0.001 0.021 0.007 0.015 0.037 0.875 
 218 K _   0.009 0.035 0.001 0.021 0.007 0.015 0.036 0.876 
 219 K _   0.009 0.034 0.001 0.020 0.007 0.016 0.035 0.879 
 220 Y _   0.009 0.032 0.001 0.018 0.007 0.016 0.034 0.882 
 221 T _   0.010 0.030 0.001 0.017 0.007 0.016 0.033 0.885 
 222 T _   0.010 0.028 0.001 0.017 0.007 0.016 0.032 0.889 
 223 L _   0.011 0.026 0.001 0.016 0.007 0.017 0.032 0.891 
 224 S _   0.011 0.023 0.001 0.015 0.007 0.017 0.031 0.895 
 225 Y _   0.012 0.020 0.001 0.015 0.007 0.017 0.030 0.898 
 226 R _   0.012 0.018 0.001 0.014 0.007 0.017 0.029 0.901 
 227 A _   0.013 0.015 0.001 0.013 0.007 0.018 0.029 0.904 
 228 P _   0.015 0.013 0.001 0.012 0.007 0.018 0.028 0.905 
 229 E _   0.017 0.011 0.001 0.012 0.007 0.019 0.027 0.906 
 230 M _   0.020 0.009 0.001 0.011 0.008 0.020 0.027 0.905 
 231 V _   0.024 0.007 0.001 0.011 0.008 0.021 0.026 0.903 
 232 N _   0.028 0.006 0.001 0.011 0.008 0.022 0.025 0.899 
 233 L _   0.034 0.005 0.001 0.010 0.009 0.023 0.024 0.894 
 234 Y _   0.043 0.003 0.001 0.010 0.009 0.024 0.023 0.886 
 235 S _   0.055 0.002 0.001 0.009 0.010 0.025 0.023 0.876 
 236 G _   0.069 0.002 0.001 0.008 0.010 0.026 0.022 0.863 
 237 K _   0.088 0.001 0.001 0.007 0.010 0.027 0.021 0.846 
 238 I _   0.113 0.001 0.001 0.005 0.010 0.028 0.020 0.822 
 239 I _   0.144 0.000 0.001 0.004 0.010 0.029 0.019 0.793 
 240 T _   0.182 0.000 0.001 0.003 0.011 0.030 0.017 0.755 
 241 T _   0.229 0.000 0.001 0.003 0.013 0.032 0.016 0.707 
 242 K _   0.283 0.000 0.001 0.003 0.015 0.034 0.015 0.650 
 243 A _   0.344 0.000 0.001 0.002 0.018 0.036 0.014 0.584 
 244 D _   0.408 0.000 0.001 0.003 0.023 0.038 0.013 0.515 
 245 I H   0.467 0.000 0.002 0.003 0.028 0.039 0.012 0.450 
 246 W H   0.516 0.000 0.002 0.003 0.032 0.040 0.012 0.396 
 247 A H   0.554 0.000 0.002 0.003 0.036 0.039 0.012 0.354 
 248 L H   0.581 0.000 0.002 0.004 0.038 0.039 0.012 0.325 
 249 G H   0.594 0.000 0.002 0.004 0.040 0.038 0.012 0.309 
 250 C H   0.596 0.000 0.002 0.004 0.040 0.036 0.013 0.307 
 251 L H   0.587 0.000 0.002 0.004 0.039 0.035 0.015 0.317 
 252 L H   0.565 0.000 0.002 0.004 0.037 0.033 0.016 0.341 
 253 Y H   0.533 0.000 0.002 0.004 0.033 0.032 0.019 0.377 
 254 K H   0.489 0.000 0.002 0.005 0.029 0.030 0.022 0.423 
 255 L _   0.434 0.000 0.002 0.005 0.025 0.029 0.025 0.480 
 256 C _   0.376 0.000 0.002 0.005 0.020 0.027 0.029 0.541 
 257 Y _   0.316 0.000 0.001 0.005 0.016 0.026 0.033 0.602 
 258 F _   0.261 0.000 0.001 0.005 0.013 0.025 0.038 0.657 
 259 T _   0.211 0.000 0.001 0.005 0.011 0.024 0.042 0.704 
 260 L _   0.169 0.001 0.001 0.005 0.010 0.024 0.046 0.744 
 261 P _   0.134 0.001 0.001 0.006 0.009 0.024 0.050 0.775 
 262 F _   0.107 0.002 0.001 0.007 0.009 0.024 0.054 0.796 
 263 G _   0.087 0.004 0.001 0.009 0.010 0.025 0.057 0.808 
 264 E _   0.071 0.007 0.001 0.012 0.011 0.026 0.061 0.812 
 265 S _   0.059 0.011 0.001 0.017 0.012 0.027 0.064 0.809 
 266 Q _   0.049 0.017 0.001 0.022 0.014 0.027 0.068 0.801 
 267 V _   0.042 0.023 0.001 0.028 0.015 0.027 0.072 0.792 
 268 A _   0.036 0.028 0.001 0.034 0.016 0.026 0.076 0.783 
 269 I _   0.030 0.031 0.001 0.038 0.015 0.024 0.081 0.779 
 270 C _   0.026 0.033 0.001 0.039 0.014 0.022 0.087 0.778 
 271 D _   0.022 0.032 0.001 0.037 0.013 0.020 0.093 0.782 
 272 G _   0.018 0.030 0.001 0.033 0.010 0.018 0.100 0.789 
 273 N _   0.016 0.026 0.001 0.027 0.008 0.015 0.108 0.799 
 274 F _   0.013 0.021 0.001 0.020 0.006 0.012 0.115 0.811 
 275 T _   0.011 0.016 0.001 0.014 0.004 0.010 0.122 0.823 
 276 I _   0.008 0.011 0.000 0.009 0.003 0.008 0.128 0.833 
 277 P _   0.007 0.008 0.000 0.005 0.002 0.007 0.133 0.838 
 278 D _   0.006 0.006 0.000 0.003 0.001 0.006 0.136 0.841 
 279 N _   0.005 0.006 0.000 0.003 0.001 0.006 0.139 0.840 
 280 S _   0.006 0.006 0.000 0.003 0.001 0.008 0.140 0.835 
 281 R _   0.007 0.009 0.000 0.004 0.002 0.011 0.142 0.825 
 282 Y _   0.010 0.020 0.001 0.007 0.005 0.015 0.142 0.801 
 283 S _   0.014 0.048 0.001 0.015 0.009 0.021 0.141 0.750 
 284 Q _   0.016 0.114 0.002 0.030 0.016 0.026 0.139 0.657 
 285 D _   0.016 0.214 0.003 0.049 0.022 0.030 0.136 0.530 
 286 M _   0.015 0.314 0.003 0.068 0.025 0.030 0.134 0.412 
 287 H E   0.013 0.379 0.002 0.083 0.024 0.029 0.134 0.335 
 288 C E   0.012 0.412 0.002 0.093 0.023 0.027 0.136 0.294 
 289 L E   0.011 0.425 0.001 0.098 0.022 0.026 0.139 0.277 
 290 I E   0.011 0.426 0.001 0.098 0.021 0.024 0.145 0.274 
 291 R E   0.010 0.416 0.002 0.092 0.019 0.021 0.153 0.286 
 292 Y E   0.010 0.389 0.002 0.080 0.017 0.019 0.166 0.317 
 293 M _   0.011 0.333 0.002 0.065 0.015 0.017 0.184 0.373 
 294 L _   0.011 0.249 0.002 0.047 0.013 0.015 0.208 0.456 
 295 E _   0.011 0.154 0.002 0.029 0.009 0.012 0.235 0.548 
 296 P _   0.009 0.081 0.001 0.015 0.005 0.010 0.258 0.621 
 297 D _   0.007 0.042 0.000 0.007 0.003 0.007 0.272 0.660 
 298 P _   0.005 0.027 0.000 0.003 0.001 0.006 0.281 0.675 
 299 D _   0.004 0.023 0.000 0.002 0.001 0.006 0.286 0.677 
 300 K _   0.004 0.023 0.000 0.002 0.001 0.007 0.290 0.673 
 301 R _   0.006 0.026 0.000 0.003 0.002 0.009 0.292 0.662 
 302 P _   0.008 0.037 0.000 0.007 0.004 0.013 0.292 0.638 
 303 D _   0.011 0.068 0.001 0.014 0.007 0.018 0.291 0.590 
 304 I _   0.012 0.131 0.001 0.025 0.012 0.023 0.289 0.508 
 305 Y _   0.012 0.219 0.002 0.037 0.015 0.025 0.285 0.405 
 306 Q _   0.010 0.303 0.002 0.047 0.017 0.025 0.282 0.315 
 307 V E   0.008 0.362 0.002 0.054 0.017 0.023 0.281 0.252 
 308 S E   0.007 0.396 0.001 0.058 0.016 0.022 0.282 0.216 
 309 Y E   0.006 0.413 0.001 0.061 0.016 0.021 0.285 0.197 
 310 F E   0.006 0.420 0.001 0.061 0.015 0.020 0.290 0.187 
 311 S E   0.006 0.420 0.001 0.059 0.015 0.019 0.297 0.183 
 312 F E   0.006 0.415 0.001 0.056 0.014 0.018 0.306 0.184 
 313 K E   0.006 0.402 0.001 0.053 0.014 0.017 0.319 0.188 
 314 L E   0.007 0.381 0.001 0.048 0.014 0.017 0.335 0.198 
 315 L X   0.007 0.351 0.002 0.044 0.013 0.016 0.357 0.210 
 316 K X   0.008 0.312 0.002 0.041 0.013 0.016 0.384 0.225 
 317 K X   0.009 0.267 0.002 0.037 0.012 0.015 0.417 0.241 
 318 E X   0.009 0.215 0.002 0.033 0.011 0.014 0.455 0.260 
 319 C X   0.009 0.164 0.002 0.029 0.010 0.013 0.497 0.277 
 320 P X   0.009 0.117 0.001 0.024 0.008 0.012 0.538 0.291 
 321 I X   0.008 0.079 0.001 0.018 0.006 0.010 0.575 0.302 
 322 P X   0.007 0.050 0.001 0.013 0.004 0.008 0.607 0.309 
 323 N X   0.006 0.030 0.000 0.009 0.003 0.007 0.632 0.313 
 324 V X   0.005 0.018 0.000 0.006 0.002 0.005 0.650 0.313 
 325 Q X   0.004 0.010 0.000 0.004 0.001 0.004 0.664 0.312 
 326 N X   0.003 0.006 0.000 0.003 0.001 0.003 0.674 0.309 
 327 S X   0.003 0.004 0.000 0.002 0.001 0.003 0.681 0.306 
 328 P X   0.002 0.003 0.000 0.002 0.001 0.003 0.686 0.303 
 329 I X   0.002 0.003 0.000 0.002 0.001 0.003 0.690 0.300 
 330 P X   0.002 0.003 0.000 0.002 0.001 0.003 0.692 0.297 
 331 A X   0.002 0.003 0.000 0.003 0.001 0.003 0.693 0.295 
 332 K X   0.002 0.003 0.000 0.003 0.001 0.003 0.694 0.294 
 333 L X   0.002 0.004 0.000 0.004 0.001 0.003 0.693 0.292 
 334 P X   0.002 0.005 0.000 0.005 0.001 0.003 0.693 0.291 
 335 E X   0.002 0.006 0.000 0.006 0.001 0.004 0.692 0.290 
 336 P X   0.002 0.007 0.000 0.007 0.002 0.004 0.691 0.288 
 337 V X   0.002 0.008 0.000 0.008 0.002 0.004 0.689 0.287 
 338 K X   0.002 0.009 0.000 0.009 0.002 0.004 0.689 0.285 
 339 A X   0.002 0.010 0.000 0.009 0.002 0.004 0.688 0.284 
 340 S X   0.002 0.010 0.000 0.010 0.002 0.004 0.688 0.283 
 341 E X   0.002 0.011 0.000 0.010 0.002 0.004 0.689 0.283 
 342 A X   0.002 0.010 0.000 0.009 0.002 0.004 0.690 0.283 
 343 A X   0.002 0.010 0.000 0.008 0.002 0.004 0.691 0.283 
 344 A X   0.002 0.010 0.000 0.007 0.002 0.004 0.692 0.284 
 345 K X   0.002 0.009 0.000 0.006 0.001 0.003 0.694 0.284 
 346 K X   0.002 0.008 0.000 0.005 0.001 0.003 0.695 0.285 
 347 T X   0.002 0.008 0.000 0.004 0.001 0.003 0.697 0.285 
 348 Q X   0.002 0.008 0.000 0.004 0.001 0.003 0.698 0.284 
 349 P X   0.002 0.007 0.000 0.004 0.001 0.003 0.699 0.283 
 350 K X   0.002 0.008 0.000 0.004 0.001 0.003 0.700 0.282 
 351 A X   0.002 0.008 0.000 0.004 0.001 0.004 0.701 0.280 
 352 R X   0.002 0.008 0.000 0.005 0.001 0.004 0.703 0.277 
 353 L X   0.002 0.009 0.000 0.006 0.002 0.004 0.704 0.274 
 354 T X   0.002 0.009 0.000 0.006 0.002 0.004 0.705 0.271 
 355 D X   0.002 0.010 0.000 0.007 0.002 0.005 0.707 0.267 
 356 P X   0.003 0.010 0.000 0.008 0.002 0.005 0.709 0.263 
 357 I X   0.003 0.011 0.000 0.009 0.003 0.005 0.711 0.259 
 358 P X   0.003 0.011 0.000 0.009 0.003 0.005 0.714 0.255 
 359 T X   0.003 0.011 0.000 0.009 0.003 0.005 0.718 0.251 
 360 T X   0.003 0.010 0.000 0.009 0.003 0.005 0.722 0.247 
 361 E X   0.003 0.010 0.000 0.009 0.003 0.005 0.727 0.244 
 362 T X   0.003 0.009 0.000 0.008 0.002 0.005 0.732 0.241 
 363 S X   0.003 0.008 0.000 0.007 0.002 0.004 0.738 0.238 
 364 I X   0.003 0.007 0.000 0.006 0.002 0.004 0.743 0.236 
 365 A X   0.002 0.006 0.000 0.006 0.002 0.004 0.748 0.233 
 366 P X   0.002 0.005 0.000 0.005 0.001 0.003 0.753 0.230 
 367 R X   0.002 0.004 0.000 0.004 0.001 0.003 0.757 0.227 
 368 Q X   0.002 0.004 0.000 0.004 0.001 0.003 0.762 0.224 
 369 R X   0.002 0.003 0.000 0.004 0.001 0.003 0.766 0.221 
 370 P X   0.002 0.003 0.000 0.004 0.001 0.003 0.770 0.218 
 371 K X   0.002 0.002 0.000 0.003 0.001 0.002 0.773 0.216 
 372 A X   0.002 0.002 0.000 0.003 0.001 0.002 0.776 0.214 
 373 G X   0.002 0.002 0.000 0.003 0.001 0.002 0.779 0.212 
 374 Q X   0.001 0.002 0.000 0.002 0.001 0.002 0.781 0.211 
 375 T X   0.001 0.002 0.000 0.002 0.001 0.002 0.783 0.210 
 376 Q X   0.001 0.001 0.000 0.002 0.001 0.002 0.784 0.209 
 377 P X   0.001 0.002 0.000 0.002 0.001 0.002 0.785 0.209 
 378 N X   0.001 0.002 0.000 0.002 0.001 0.002 0.785 0.207 
 379 P X   0.001 0.003 0.000 0.002 0.001 0.002 0.785 0.206 
 380 G X   0.002 0.004 0.000 0.003 0.001 0.003 0.784 0.203 
 381 I X   0.002 0.006 0.000 0.005 0.001 0.004 0.784 0.199 
 382 L X   0.002 0.008 0.000 0.007 0.002 0.005 0.783 0.193 
 383 P X   0.002 0.011 0.000 0.009 0.003 0.005 0.782 0.187 
 384 I X   0.002 0.014 0.000 0.011 0.003 0.006 0.782 0.182 
 385 Q X   0.002 0.015 0.000 0.013 0.003 0.006 0.782 0.177 
 386 P X   0.002 0.017 0.000 0.014 0.003 0.006 0.784 0.174 
 387 A X   0.002 0.017 0.000 0.014 0.003 0.006 0.786 0.171 
 388 L X   0.002 0.017 0.000 0.013 0.003 0.005 0.789 0.170 
 389 T X   0.002 0.016 0.000 0.012 0.003 0.005 0.793 0.169 
 390 P X   0.002 0.015 0.000 0.010 0.002 0.005 0.797 0.168 
 391 R X   0.002 0.013 0.000 0.009 0.002 0.004 0.802 0.167 
 392 K X   0.002 0.011 0.000 0.007 0.002 0.004 0.808 0.166 
 393 R X   0.002 0.010 0.000 0.006 0.002 0.003 0.813 0.164 
 394 A X   0.002 0.008 0.000 0.005 0.001 0.003 0.819 0.162 
 395 T X   0.002 0.007 0.000 0.004 0.001 0.003 0.824 0.159 
 396 V X   0.002 0.006 0.000 0.004 0.001 0.002 0.829 0.156 
 397 Q X   0.001 0.005 0.000 0.003 0.001 0.002 0.834 0.153 
 398 P X   0.001 0.004 0.000 0.003 0.001 0.002 0.838 0.151 
 399 P X   0.001 0.003 0.000 0.003 0.001 0.002 0.841 0.149 
 400 P X   0.001 0.003 0.000 0.002 0.001 0.002 0.844 0.147 
 401 Q X   0.001 0.002 0.000 0.002 0.001 0.001 0.846 0.146 
 402 A X   0.001 0.002 0.000 0.002 0.000 0.001 0.848 0.145 
 403 A X   0.001 0.002 0.000 0.002 0.000 0.001 0.849 0.144 
 404 G X   0.001 0.002 0.000 0.002 0.000 0.001 0.850 0.143 
 405 S X   0.001 0.002 0.000 0.002 0.001 0.002 0.850 0.143 
 406 S X   0.001 0.003 0.000 0.002 0.001 0.002 0.850 0.141 
 407 N X   0.001 0.003 0.000 0.003 0.001 0.002 0.850 0.140 
 408 Q X   0.001 0.004 0.000 0.004 0.001 0.002 0.849 0.138 
 409 P X   0.001 0.005 0.000 0.006 0.001 0.003 0.849 0.135 
 410 G X   0.001 0.006 0.000 0.008 0.002 0.003 0.849 0.132 
 411 L X   0.001 0.006 0.000 0.009 0.002 0.003 0.849 0.129 
 412 L X   0.001 0.007 0.000 0.010 0.002 0.003 0.850 0.126 
 413 A X   0.001 0.007 0.000 0.010 0.002 0.003 0.852 0.125 
 414 S X   0.001 0.006 0.000 0.009 0.002 0.003 0.855 0.124 
 415 V X   0.001 0.006 0.000 0.007 0.001 0.003 0.858 0.123 
 416 P X   0.001 0.004 0.000 0.006 0.001 0.002 0.862 0.123 
 417 Q X   0.001 0.003 0.000 0.004 0.001 0.002 0.866 0.123 
 418 P X   0.001 0.002 0.000 0.003 0.001 0.002 0.869 0.122 
 419 K X   0.001 0.001 0.000 0.002 0.000 0.001 0.872 0.122 
 420 P X   0.001 0.001 0.000 0.001 0.000 0.001 0.873 0.122 
 421 Q X   0.001 0.001 0.000 0.001 0.000 0.001 0.875 0.121 
 422 A X   0.001 0.001 0.000 0.001 0.000 0.001 0.875 0.121 
 423 P X   0.001 0.000 0.000 0.001 0.000 0.001 0.875 0.121 
 424 P X   0.001 0.000 0.000 0.001 0.000 0.001 0.874 0.122 
 425 S X   0.001 0.000 0.000 0.001 0.000 0.001 0.872 0.123 
 426 Q X   0.001 0.001 0.000 0.002 0.000 0.001 0.870 0.125 
 427 P X   0.001 0.001 0.000 0.002 0.001 0.002 0.867 0.127 
 428 L X   0.001 0.001 0.000 0.003 0.001 0.002 0.864 0.129 
 429 P X   0.001 0.001 0.000 0.003 0.001 0.002 0.860 0.132 
 430 Q X   0.001 0.001 0.000 0.003 0.001 0.002 0.856 0.135 
 431 T X   0.001 0.001 0.000 0.004 0.001 0.002 0.851 0.139 
 432 Q X   0.001 0.002 0.000 0.004 0.001 0.002 0.847 0.143 
 433 A X   0.001 0.002 0.000 0.004 0.001 0.002 0.842 0.147 
 434 K X   0.001 0.002 0.000 0.004 0.001 0.002 0.837 0.152 
 435 Q X   0.001 0.002 0.000 0.004 0.001 0.002 0.832 0.157 
 436 P X   0.001 0.002 0.000 0.004 0.001 0.002 0.827 0.163 
 437 Q X   0.001 0.002 0.000 0.003 0.001 0.002 0.821 0.168 
 438 A X   0.001 0.002 0.000 0.003 0.001 0.002 0.815 0.175 
 439 P X   0.001 0.002 0.000 0.003 0.001 0.002 0.809 0.181 
 440 P X   0.001 0.003 0.000 0.003 0.001 0.002 0.801 0.189 
 441 T X   0.002 0.003 0.000 0.003 0.001 0.003 0.792 0.197 
 442 P X   0.002 0.004 0.000 0.003 0.001 0.003 0.782 0.205 
 443 Q X   0.002 0.006 0.000 0.004 0.001 0.003 0.770 0.215 
 444 Q X   0.002 0.008 0.000 0.005 0.001 0.004 0.755 0.224 
 445 T X   0.002 0.012 0.000 0.006 0.002 0.005 0.739 0.234 
 446 P X   0.002 0.018 0.000 0.008 0.003 0.006 0.719 0.244 
 447 S X   0.003 0.027 0.001 0.011 0.003 0.007 0.696 0.252 
 448 T X   0.003 0.040 0.001 0.015 0.004 0.008 0.671 0.258 
 449 Q X   0.003 0.056 0.001 0.019 0.005 0.009 0.645 0.262 
 450 A X   0.003 0.074 0.001 0.023 0.006 0.010 0.619 0.264 
 451 Q X   0.003 0.091 0.001 0.026 0.006 0.010 0.596 0.267 
 452 G X   0.003 0.104 0.001 0.028 0.006 0.010 0.577 0.271 
 453 L X   0.003 0.114 0.001 0.029 0.006 0.010 0.561 0.276 
 454 P X   0.003 0.121 0.001 0.028 0.006 0.010 0.549 0.284 
 455 A X   0.003 0.124 0.001 0.026 0.005 0.009 0.539 0.292 
 456 Q X   0.003 0.125 0.001 0.023 0.005 0.009 0.532 0.303 
 457 A X   0.003 0.125 0.000 0.019 0.004 0.008 0.525 0.314 
 458 Q X   0.003 0.123 0.000 0.016 0.004 0.008 0.520 0.326 
 459 A X   0.003 0.120 0.000 0.013 0.003 0.007 0.516 0.337 
 460 T X   0.003 0.117 0.000 0.011 0.003 0.007 0.512 0.346 
 461 P X   0.004 0.114 0.000 0.010 0.003 0.007 0.508 0.354 
 462 Q X   0.004 0.112 0.000 0.010 0.003 0.007 0.505 0.360 
 463 H X   0.004 0.110 0.000 0.010 0.003 0.007 0.502 0.364 
 464 Q X   0.004 0.109 0.000 0.011 0.003 0.007 0.499 0.367 
 465 Q X   0.004 0.107 0.000 0.013 0.003 0.007 0.496 0.369 
 466 Q X   0.005 0.105 0.000 0.014 0.003 0.007 0.493 0.372 
 467 L X   0.005 0.102 0.000 0.015 0.003 0.007 0.491 0.375 
 468 F X   0.005 0.098 0.000 0.015 0.003 0.007 0.490 0.381 
 469 L X   0.005 0.091 0.000 0.015 0.003 0.007 0.489 0.389 
 470 K X   0.005 0.083 0.000 0.014 0.003 0.007 0.489 0.400 
 471 Q X   0.005 0.072 0.000 0.012 0.003 0.006 0.489 0.413 
 472 Q X   0.005 0.061 0.000 0.010 0.002 0.006 0.489 0.427 
 473 Q X   0.005 0.049 0.000 0.008 0.002 0.005 0.489 0.441 
 474 Q X   0.005 0.040 0.000 0.006 0.002 0.005 0.489 0.454 
 475 Q X   0.004 0.033 0.000 0.005 0.001 0.004 0.487 0.466 
 476 Q X   0.004 0.028 0.000 0.003 0.001 0.004 0.485 0.475 
 477 Q _   0.003 0.026 0.000 0.003 0.001 0.004 0.481 0.482 
 478 P _   0.003 0.025 0.000 0.003 0.001 0.004 0.475 0.489 
 479 P _   0.003 0.026 0.000 0.003 0.001 0.004 0.468 0.495 
 480 P _   0.003 0.028 0.000 0.004 0.001 0.005 0.458 0.500 
 481 A _   0.004 0.034 0.000 0.006 0.002 0.007 0.445 0.502 
 482 Q _   0.005 0.048 0.001 0.010 0.004 0.009 0.427 0.497 
 483 Q _   0.005 0.072 0.001 0.015 0.006 0.012 0.404 0.484 
 484 Q _   0.006 0.112 0.001 0.023 0.008 0.014 0.376 0.460 
 485 P _   0.006 0.162 0.001 0.030 0.010 0.016 0.346 0.428 
 486 A _   0.006 0.213 0.001 0.036 0.011 0.016 0.319 0.397 
 487 G _   0.006 0.254 0.001 0.040 0.011 0.016 0.298 0.374 
 488 T _   0.005 0.281 0.001 0.041 0.011 0.016 0.282 0.363 
 489 F _   0.005 0.297 0.001 0.040 0.010 0.015 0.271 0.361 
 490 Y _   0.005 0.305 0.001 0.038 0.009 0.014 0.262 0.366 
 491 Q _   0.005 0.308 0.001 0.034 0.008 0.014 0.255 0.375 
 492 Q _   0.005 0.306 0.001 0.030 0.008 0.013 0.249 0.389 
 493 Q _   0.005 0.302 0.001 0.025 0.007 0.012 0.245 0.404 
 494 Q _   0.005 0.295 0.001 0.021 0.006 0.011 0.241 0.420 
 495 A _   0.005 0.287 0.001 0.018 0.005 0.011 0.237 0.436 
 496 Q _   0.006 0.279 0.001 0.015 0.005 0.010 0.235 0.450 
 497 T _   0.006 0.271 0.001 0.014 0.005 0.010 0.232 0.462 
 498 Q _   0.006 0.265 0.001 0.013 0.005 0.010 0.229 0.472 
 499 Q _   0.006 0.258 0.001 0.013 0.004 0.010 0.227 0.481 
 500 F _   0.006 0.252 0.001 0.013 0.004 0.009 0.225 0.491 
 501 Q _   0.006 0.246 0.001 0.012 0.004 0.009 0.222 0.500 
 502 A _   0.005 0.240 0.001 0.011 0.004 0.009 0.220 0.510 
 503 V _   0.005 0.234 0.000 0.010 0.004 0.009 0.217 0.520 
 504 H _   0.005 0.229 0.000 0.009 0.003 0.009 0.215 0.529 
 505 P _   0.005 0.226 0.000 0.008 0.003 0.009 0.212 0.536 
 506 A _   0.006 0.224 0.000 0.007 0.003 0.009 0.210 0.540 
 507 T _   0.006 0.224 0.000 0.007 0.004 0.010 0.207 0.542 
 508 Q _   0.007 0.227 0.000 0.008 0.004 0.011 0.203 0.539 
 509 K _   0.008 0.234 0.001 0.009 0.005 0.012 0.200 0.531 
 510 P _   0.008 0.245 0.001 0.011 0.006 0.014 0.196 0.519 
 511 A _   0.009 0.259 0.001 0.013 0.008 0.015 0.192 0.503 
 512 I _   0.010 0.276 0.001 0.016 0.009 0.016 0.188 0.484 
 513 A _   0.010 0.293 0.001 0.018 0.009 0.016 0.185 0.467 
 514 Q _   0.010 0.307 0.001 0.019 0.009 0.016 0.183 0.455 
 515 F _   0.010 0.316 0.001 0.020 0.009 0.016 0.181 0.446 
 516 P _   0.010 0.322 0.001 0.020 0.009 0.016 0.180 0.442 
 517 V _   0.010 0.325 0.001 0.019 0.009 0.015 0.179 0.442 
 518 V _   0.010 0.325 0.001 0.018 0.008 0.015 0.180 0.444 
 519 S _   0.010 0.324 0.001 0.016 0.008 0.015 0.180 0.447 
 520 Q _   0.010 0.321 0.001 0.015 0.007 0.015 0.181 0.451 
 521 G _   0.010 0.317 0.001 0.014 0.007 0.015 0.182 0.454 
 522 G _   0.010 0.313 0.001 0.014 0.007 0.015 0.184 0.457 
 523 S _   0.011 0.309 0.001 0.014 0.007 0.014 0.185 0.459 
 524 Q _   0.011 0.305 0.001 0.015 0.007 0.014 0.188 0.460 
 525 Q _   0.011 0.300 0.001 0.016 0.007 0.014 0.190 0.462 
 526 Q _   0.011 0.294 0.001 0.018 0.007 0.014 0.193 0.463 
 527 L _   0.011 0.286 0.001 0.019 0.007 0.014 0.197 0.466 
 528 M _   0.011 0.276 0.001 0.020 0.007 0.013 0.201 0.471 
 529 Q _   0.011 0.262 0.001 0.021 0.007 0.013 0.206 0.479 
 530 N _   0.011 0.244 0.001 0.021 0.007 0.012 0.213 0.491 
 531 F _   0.011 0.221 0.001 0.021 0.007 0.012 0.220 0.507 
 532 Y _   0.011 0.192 0.001 0.019 0.006 0.011 0.229 0.530 
 533 Q _   0.011 0.159 0.001 0.017 0.006 0.010 0.240 0.556 
 534 Q _   0.010 0.126 0.001 0.014 0.005 0.010 0.250 0.585 
 535 Q _   0.009 0.097 0.001 0.011 0.004 0.009 0.259 0.610 
 536 Q _   0.008 0.075 0.000 0.008 0.003 0.008 0.267 0.631 
 537 Q _   0.007 0.060 0.000 0.006 0.002 0.007 0.273 0.644 
 538 Q _   0.006 0.052 0.000 0.004 0.002 0.006 0.277 0.652 
 539 Q _   0.005 0.049 0.000 0.004 0.001 0.006 0.280 0.655 
 540 Q _   0.005 0.048 0.000 0.003 0.001 0.006 0.282 0.655 
 541 Q _   0.005 0.049 0.000 0.004 0.002 0.007 0.282 0.651 
 542 Q _   0.005 0.053 0.000 0.005 0.002 0.008 0.282 0.643 
 543 Q _   0.006 0.062 0.000 0.008 0.003 0.010 0.281 0.630 
 544 Q _   0.006 0.078 0.001 0.011 0.004 0.012 0.279 0.609 
 545 Q _   0.007 0.101 0.001 0.015 0.006 0.013 0.277 0.582 
 546 Q _   0.007 0.127 0.001 0.019 0.007 0.014 0.274 0.551 
 547 L _   0.007 0.154 0.001 0.023 0.008 0.015 0.272 0.520 
 548 A _   0.007 0.176 0.001 0.026 0.009 0.016 0.270 0.495 
 549 T _   0.007 0.194 0.001 0.028 0.009 0.016 0.269 0.475 
 550 A _   0.007 0.205 0.001 0.029 0.010 0.017 0.270 0.461 
 551 L _   0.008 0.213 0.001 0.029 0.010 0.017 0.271 0.452 
 552 H _   0.008 0.217 0.001 0.029 0.010 0.017 0.273 0.445 
 553 Q _   0.009 0.219 0.001 0.029 0.010 0.017 0.276 0.441 
 554 Q _   0.009 0.217 0.001 0.029 0.010 0.016 0.280 0.438 
 555 Q _   0.009 0.214 0.001 0.028 0.010 0.016 0.285 0.437 
 556 L _   0.010 0.208 0.001 0.027 0.010 0.016 0.291 0.438 
 557 M _   0.010 0.199 0.001 0.027 0.009 0.015 0.298 0.441 
 558 T _   0.010 0.186 0.001 0.025 0.009 0.014 0.307 0.447 
 559 Q _   0.010 0.170 0.001 0.024 0.008 0.013 0.317 0.456 
 560 Q _   0.010 0.151 0.001 0.021 0.007 0.013 0.329 0.468 
 561 A _   0.010 0.129 0.001 0.019 0.007 0.012 0.341 0.482 
 562 A _   0.009 0.107 0.001 0.016 0.006 0.011 0.354 0.496 
 563 L _   0.009 0.087 0.001 0.013 0.005 0.010 0.367 0.508 
 564 Q _   0.008 0.071 0.001 0.012 0.004 0.009 0.379 0.516 
 565 Q _   0.008 0.058 0.001 0.010 0.004 0.009 0.391 0.520 
 566 K _   0.008 0.048 0.000 0.010 0.003 0.008 0.402 0.520 
 567 P _   0.007 0.041 0.000 0.010 0.003 0.008 0.412 0.518 
 568 T _   0.007 0.035 0.000 0.010 0.003 0.008 0.422 0.514 
 569 M _   0.007 0.031 0.000 0.010 0.003 0.007 0.432 0.510 
 570 A _   0.007 0.026 0.000 0.010 0.003 0.007 0.441 0.507 
 571 A _   0.006 0.022 0.000 0.009 0.003 0.006 0.449 0.504 
 572 G _   0.006 0.018 0.000 0.008 0.002 0.006 0.457 0.503 
 573 Q _   0.005 0.014 0.000 0.007 0.002 0.005 0.464 0.502 
 574 Q _   0.005 0.010 0.000 0.006 0.002 0.005 0.470 0.502 
 575 P _   0.004 0.008 0.000 0.005 0.001 0.004 0.475 0.502 
 576 Q _   0.004 0.006 0.000 0.004 0.001 0.004 0.480 0.502 
 577 P _   0.004 0.005 0.000 0.004 0.001 0.003 0.483 0.501 
 578 Q _   0.003 0.004 0.000 0.003 0.001 0.003 0.485 0.500 
 579 P _   0.003 0.003 0.000 0.003 0.001 0.003 0.486 0.500 
 580 A _   0.003 0.003 0.000 0.003 0.001 0.003 0.486 0.500 
 581 A _   0.003 0.003 0.000 0.003 0.001 0.003 0.485 0.501 
 582 A _   0.003 0.004 0.000 0.004 0.001 0.003 0.482 0.503 
 583 P _   0.003 0.004 0.000 0.004 0.001 0.004 0.479 0.505 
 584 Q _   0.003 0.005 0.000 0.004 0.001 0.004 0.475 0.508 
 585 P _   0.003 0.006 0.000 0.005 0.001 0.004 0.470 0.511 
 586 A _   0.003 0.008 0.000 0.005 0.001 0.004 0.464 0.514 
 587 P _   0.003 0.010 0.000 0.006 0.002 0.005 0.457 0.517 
 588 A _   0.003 0.013 0.000 0.008 0.002 0.006 0.449 0.520 
 589 Q _   0.003 0.017 0.000 0.009 0.002 0.006 0.441 0.521 
 590 E _   0.003 0.022 0.000 0.012 0.003 0.007 0.432 0.521 
 591 P _   0.003 0.028 0.000 0.014 0.003 0.008 0.423 0.520 
 592 A _   0.003 0.033 0.000 0.017 0.004 0.008 0.414 0.519 
 593 I _   0.004 0.038 0.000 0.019 0.004 0.009 0.407 0.519 
 594 Q _   0.004 0.042 0.001 0.022 0.005 0.009 0.400 0.518 
 595 A _   0.004 0.045 0.001 0.023 0.005 0.009 0.394 0.519 
 596 P _   0.004 0.046 0.001 0.024 0.005 0.009 0.390 0.521 
 597 V _   0.004 0.046 0.001 0.023 0.005 0.009 0.386 0.525 
 598 R _   0.004 0.045 0.001 0.022 0.005 0.008 0.384 0.531 
 599 Q _   0.004 0.043 0.000 0.020 0.004 0.008 0.382 0.539 
 600 Q _   0.004 0.039 0.000 0.016 0.004 0.007 0.381 0.548 
 601 P _   0.004 0.034 0.000 0.013 0.003 0.007 0.381 0.558 
 602 K _   0.004 0.029 0.000 0.010 0.003 0.006 0.380 0.567 
 603 V _   0.004 0.025 0.000 0.008 0.002 0.005 0.379 0.576 
 604 Q _   0.004 0.021 0.000 0.006 0.002 0.005 0.378 0.584 
 605 T _   0.004 0.018 0.000 0.005 0.001 0.005 0.377 0.591 
 606 T _   0.004 0.017 0.000 0.004 0.001 0.004 0.374 0.595 
 607 P _   0.004 0.016 0.000 0.004 0.001 0.005 0.371 0.599 
 608 P _   0.004 0.017 0.000 0.005 0.002 0.005 0.367 0.601 
 609 P _   0.004 0.019 0.000 0.006 0.002 0.006 0.362 0.601 
 610 A _   0.004 0.022 0.000 0.008 0.003 0.007 0.357 0.599 
 611 V _   0.005 0.027 0.000 0.012 0.003 0.008 0.350 0.594 
 612 Q _   0.005 0.033 0.001 0.017 0.004 0.009 0.343 0.588 
 613 G _   0.005 0.039 0.001 0.021 0.005 0.010 0.337 0.582 
 614 Q _   0.005 0.044 0.001 0.026 0.006 0.011 0.331 0.577 
 615 K _   0.005 0.047 0.001 0.028 0.006 0.011 0.326 0.576 
 616 V _   0.005 0.048 0.001 0.028 0.006 0.010 0.323 0.578 
 617 G _   0.005 0.048 0.001 0.026 0.006 0.010 0.320 0.585 
 618 S _   0.005 0.046 0.001 0.022 0.005 0.009 0.318 0.595 
 619 L _   0.005 0.042 0.000 0.018 0.004 0.008 0.317 0.607 
 620 T _   0.005 0.037 0.000 0.013 0.003 0.007 0.315 0.620 
 621 P _   0.004 0.032 0.000 0.009 0.002 0.006 0.314 0.632 
 622 P _   0.004 0.029 0.000 0.006 0.002 0.005 0.312 0.642 
 623 S _   0.003 0.027 0.000 0.005 0.001 0.005 0.309 0.649 
 624 S _   0.003 0.026 0.000 0.004 0.001 0.006 0.306 0.653 
 625 P _   0.004 0.027 0.000 0.004 0.002 0.006 0.302 0.655 
 626 K _   0.004 0.030 0.000 0.005 0.002 0.008 0.297 0.653 
 627 T _   0.005 0.037 0.000 0.008 0.003 0.010 0.290 0.647 
 628 Q _   0.006 0.050 0.001 0.011 0.004 0.012 0.282 0.634 
 629 R _   0.006 0.069 0.001 0.016 0.006 0.015 0.272 0.615 
 630 A _   0.007 0.092 0.001 0.021 0.008 0.017 0.262 0.592 
 631 G _   0.007 0.116 0.001 0.025 0.010 0.019 0.252 0.570 
 632 H _   0.007 0.136 0.001 0.028 0.011 0.020 0.244 0.553 
 633 R _   0.008 0.152 0.001 0.030 0.011 0.021 0.236 0.541 
 634 R _   0.008 0.163 0.001 0.030 0.012 0.023 0.230 0.533 
 635 I _   0.009 0.170 0.001 0.028 0.012 0.024 0.225 0.530 
 636 L _   0.010 0.175 0.001 0.027 0.013 0.025 0.221 0.529 
 637 S _   0.011 0.178 0.001 0.025 0.013 0.026 0.217 0.528 
 638 D _   0.013 0.180 0.001 0.024 0.014 0.027 0.214 0.527 
 639 V _   0.015 0.182 0.001 0.024 0.015 0.028 0.212 0.524 
 640 T _   0.017 0.183 0.001 0.024 0.016 0.029 0.210 0.520 
 641 H _   0.019 0.183 0.001 0.025 0.017 0.029 0.208 0.517 
 642 S _   0.022 0.182 0.001 0.027 0.017 0.029 0.208 0.515 
 643 A _   0.023 0.179 0.001 0.027 0.017 0.029 0.208 0.516 
 644 V _   0.024 0.173 0.001 0.027 0.016 0.028 0.209 0.523 
 645 F _   0.024 0.163 0.001 0.024 0.015 0.027 0.210 0.536 
 646 G _   0.023 0.150 0.001 0.021 0.013 0.025 0.212 0.555 
 647 V _   0.022 0.133 0.001 0.017 0.011 0.024 0.214 0.578 
 648 P _   0.022 0.117 0.001 0.012 0.009 0.023 0.216 0.600 
 649 A _   0.020 0.103 0.001 0.009 0.007 0.023 0.218 0.619 
 650 S _   0.019 0.095 0.001 0.007 0.006 0.022 0.219 0.629 
 651 K _   0.019 0.092 0.001 0.007 0.006 0.023 0.220 0.632 
 652 S _   0.019 0.093 0.001 0.008 0.007 0.024 0.221 0.628 
 653 T _   0.019 0.097 0.001 0.011 0.009 0.025 0.222 0.616 
 654 Q _   0.020 0.106 0.001 0.017 0.011 0.026 0.222 0.597 
 655 L _   0.020 0.117 0.001 0.025 0.013 0.026 0.223 0.575 
 656 L _   0.019 0.127 0.001 0.034 0.015 0.025 0.224 0.555 
 657 Q _   0.018 0.133 0.001 0.040 0.015 0.024 0.226 0.542 
 658 A _   0.017 0.135 0.001 0.043 0.015 0.023 0.230 0.537 
 659 A _   0.016 0.132 0.001 0.042 0.014 0.021 0.234 0.540 
 660 A _   0.014 0.124 0.001 0.038 0.012 0.018 0.240 0.552 
 661 A _   0.013 0.110 0.001 0.032 0.010 0.016 0.247 0.571 
 662 E _   0.012 0.090 0.001 0.025 0.008 0.014 0.255 0.596 
 663 A _   0.011 0.068 0.001 0.018 0.006 0.012 0.264 0.621 
