#TopoPred_TM8: 8-state transmembrane topology prediction results by no_profile mode 
#probabilities are in the order of H E C I L F X _, the 8 transmembrane topology types used in PDBTM 
   1 M X   0.010 0.001 0.002 0.052 0.008 0.008 0.797 0.121 
   2 A X   0.004 0.001 0.000 0.031 0.002 0.004 0.821 0.138 
   3 R X   0.001 0.000 0.000 0.017 0.001 0.002 0.827 0.152 
   4 E X   0.001 0.000 0.000 0.010 0.000 0.002 0.825 0.161 
   5 N X   0.001 0.000 0.000 0.008 0.001 0.002 0.820 0.168 
   6 G X   0.001 0.001 0.000 0.007 0.001 0.003 0.812 0.176 
   7 E X   0.001 0.001 0.000 0.006 0.001 0.004 0.802 0.185 
   8 S X   0.002 0.001 0.000 0.006 0.001 0.004 0.789 0.196 
   9 S X   0.002 0.002 0.000 0.007 0.001 0.005 0.773 0.209 
  10 S X   0.002 0.004 0.000 0.009 0.002 0.006 0.754 0.224 
  11 S X   0.002 0.005 0.000 0.010 0.002 0.007 0.731 0.242 
  12 W X   0.002 0.008 0.000 0.012 0.003 0.008 0.707 0.260 
  13 K X   0.003 0.011 0.000 0.014 0.003 0.009 0.681 0.279 
  14 K X   0.003 0.015 0.001 0.015 0.004 0.011 0.654 0.298 
  15 Q X   0.003 0.019 0.001 0.017 0.004 0.012 0.628 0.316 
  16 A X   0.004 0.024 0.001 0.019 0.005 0.014 0.601 0.333 
  17 E X   0.004 0.029 0.001 0.021 0.006 0.016 0.574 0.349 
  18 D X   0.005 0.035 0.001 0.022 0.007 0.018 0.548 0.363 
  19 I X   0.006 0.041 0.001 0.024 0.009 0.021 0.522 0.376 
  20 K X   0.007 0.046 0.001 0.026 0.010 0.023 0.498 0.388 
  21 K X   0.009 0.051 0.001 0.028 0.012 0.025 0.475 0.399 
  22 I X   0.010 0.056 0.001 0.029 0.013 0.027 0.455 0.410 
  23 F X   0.011 0.059 0.001 0.029 0.014 0.029 0.436 0.421 
  24 E _   0.013 0.060 0.001 0.028 0.015 0.030 0.419 0.434 
  25 F _   0.015 0.061 0.001 0.026 0.015 0.031 0.404 0.447 
  26 K _   0.017 0.061 0.001 0.023 0.015 0.031 0.391 0.462 
  27 E _   0.018 0.059 0.001 0.020 0.014 0.031 0.379 0.476 
  28 T _   0.019 0.058 0.001 0.018 0.014 0.031 0.368 0.490 
  29 L _   0.021 0.057 0.001 0.016 0.013 0.031 0.358 0.502 
  30 G _   0.022 0.056 0.001 0.016 0.013 0.030 0.349 0.513 
  31 T _   0.023 0.056 0.001 0.016 0.013 0.030 0.340 0.521 
  32 G _   0.024 0.056 0.001 0.017 0.014 0.029 0.332 0.527 
  33 A _   0.024 0.056 0.001 0.019 0.014 0.028 0.325 0.532 
  34 F _   0.024 0.056 0.001 0.021 0.014 0.027 0.318 0.539 
  35 S _   0.024 0.055 0.001 0.022 0.013 0.026 0.312 0.547 
  36 E _   0.022 0.052 0.001 0.023 0.013 0.024 0.306 0.558 
  37 V _   0.021 0.049 0.001 0.022 0.011 0.022 0.302 0.572 
  38 V _   0.020 0.044 0.001 0.020 0.010 0.019 0.297 0.589 
  39 L _   0.018 0.038 0.001 0.017 0.008 0.017 0.294 0.607 
  40 A _   0.016 0.032 0.001 0.013 0.007 0.016 0.290 0.626 
  41 E _   0.015 0.025 0.001 0.010 0.005 0.014 0.287 0.644 
  42 E _   0.013 0.020 0.001 0.008 0.004 0.013 0.283 0.659 
  43 K _   0.012 0.016 0.000 0.006 0.004 0.012 0.279 0.670 
  44 A _   0.011 0.015 0.000 0.005 0.004 0.012 0.275 0.678 
  45 T _   0.011 0.014 0.000 0.006 0.004 0.012 0.271 0.682 
  46 G _   0.011 0.015 0.000 0.007 0.004 0.012 0.267 0.683 
  47 K _   0.012 0.016 0.001 0.010 0.005 0.013 0.262 0.681 
  48 L _   0.013 0.019 0.001 0.013 0.006 0.014 0.258 0.677 
  49 F _   0.013 0.021 0.001 0.017 0.007 0.015 0.253 0.673 
  50 A _   0.013 0.024 0.001 0.021 0.008 0.015 0.250 0.669 
  51 V _   0.013 0.025 0.001 0.024 0.008 0.014 0.246 0.669 
  52 K _   0.012 0.026 0.001 0.024 0.008 0.014 0.243 0.673 
  53 C _   0.011 0.025 0.001 0.023 0.007 0.013 0.241 0.679 
  54 I _   0.010 0.023 0.001 0.021 0.006 0.011 0.239 0.689 
  55 P _   0.009 0.020 0.001 0.017 0.005 0.010 0.237 0.701 
  56 K _   0.008 0.016 0.001 0.013 0.004 0.009 0.236 0.714 
  57 K _   0.007 0.013 0.000 0.010 0.003 0.008 0.234 0.726 
  58 A _   0.006 0.009 0.000 0.007 0.002 0.007 0.232 0.736 
  59 L _   0.005 0.007 0.000 0.005 0.002 0.006 0.229 0.745 
  60 K _   0.005 0.006 0.000 0.004 0.002 0.006 0.226 0.752 
  61 G _   0.004 0.006 0.000 0.004 0.002 0.006 0.222 0.757 
  62 K _   0.005 0.006 0.000 0.004 0.002 0.006 0.217 0.760 
  63 E _   0.005 0.007 0.000 0.005 0.002 0.008 0.212 0.761 
  64 S _   0.006 0.010 0.000 0.007 0.003 0.010 0.206 0.758 
  65 S _   0.007 0.016 0.001 0.010 0.004 0.012 0.198 0.752 
  66 I _   0.008 0.025 0.001 0.015 0.006 0.015 0.190 0.739 
  67 E _   0.010 0.037 0.001 0.022 0.009 0.019 0.181 0.722 
  68 N _   0.011 0.051 0.001 0.030 0.012 0.021 0.171 0.702 
  69 E _   0.013 0.063 0.001 0.037 0.014 0.024 0.163 0.686 
  70 I _   0.014 0.071 0.001 0.042 0.015 0.025 0.156 0.676 
  71 A _   0.015 0.076 0.001 0.043 0.016 0.026 0.150 0.673 
  72 V _   0.015 0.077 0.001 0.042 0.016 0.026 0.146 0.677 
  73 L _   0.016 0.076 0.001 0.038 0.015 0.025 0.142 0.687 
  74 R _   0.016 0.072 0.001 0.033 0.014 0.024 0.138 0.702 
  75 K _   0.016 0.067 0.001 0.027 0.012 0.023 0.136 0.719 
  76 I _   0.015 0.060 0.001 0.022 0.011 0.022 0.134 0.735 
  77 K _   0.015 0.054 0.001 0.019 0.009 0.021 0.132 0.749 
  78 H _   0.015 0.050 0.001 0.017 0.009 0.021 0.130 0.759 
  79 E _   0.015 0.046 0.001 0.017 0.008 0.020 0.128 0.765 
  80 N _   0.015 0.043 0.001 0.018 0.008 0.019 0.127 0.769 
  81 I _   0.015 0.041 0.001 0.019 0.008 0.018 0.125 0.773 
  82 V _   0.015 0.038 0.001 0.020 0.008 0.018 0.124 0.777 
  83 A _   0.014 0.033 0.001 0.020 0.008 0.016 0.123 0.785 
  84 L _   0.013 0.028 0.001 0.018 0.007 0.015 0.122 0.796 
  85 E _   0.013 0.021 0.001 0.014 0.006 0.014 0.121 0.810 
  86 D _   0.012 0.013 0.001 0.010 0.005 0.013 0.120 0.826 
  87 I _   0.012 0.007 0.000 0.007 0.003 0.013 0.119 0.839 
  88 Y _   0.013 0.003 0.000 0.004 0.003 0.013 0.117 0.847 
  89 E _   0.015 0.001 0.000 0.003 0.002 0.014 0.115 0.850 
  90 S _   0.020 0.000 0.000 0.002 0.003 0.017 0.112 0.845 
  91 P _   0.029 0.000 0.000 0.002 0.004 0.022 0.109 0.833 
  92 N _   0.043 0.000 0.001 0.003 0.007 0.029 0.106 0.812 
  93 H _   0.062 0.001 0.001 0.005 0.012 0.038 0.102 0.780 
  94 L _   0.082 0.003 0.001 0.009 0.020 0.048 0.098 0.738 
  95 Y _   0.103 0.007 0.002 0.015 0.030 0.058 0.093 0.692 
  96 L _   0.120 0.012 0.002 0.022 0.040 0.065 0.089 0.650 
  97 V _   0.133 0.016 0.002 0.028 0.046 0.069 0.086 0.619 
  98 M _   0.141 0.019 0.002 0.032 0.050 0.071 0.084 0.601 
  99 Q _   0.146 0.020 0.003 0.032 0.050 0.070 0.082 0.598 
 100 L _   0.147 0.019 0.002 0.029 0.048 0.068 0.080 0.606 
 101 V _   0.145 0.017 0.002 0.024 0.043 0.064 0.080 0.625 
 102 S _   0.140 0.014 0.002 0.019 0.037 0.060 0.079 0.649 
 103 G _   0.131 0.011 0.002 0.014 0.031 0.056 0.079 0.676 
 104 G _   0.122 0.008 0.001 0.011 0.025 0.052 0.079 0.702 
 105 E _   0.111 0.007 0.001 0.009 0.021 0.048 0.079 0.724 
 106 L _   0.100 0.006 0.001 0.009 0.018 0.045 0.080 0.742 
 107 F _   0.090 0.006 0.001 0.010 0.016 0.042 0.080 0.756 
 108 D _   0.079 0.006 0.001 0.012 0.015 0.039 0.080 0.767 
 109 R _   0.069 0.007 0.001 0.015 0.015 0.036 0.081 0.776 
 110 I _   0.060 0.008 0.001 0.018 0.014 0.033 0.081 0.785 
 111 V _   0.051 0.008 0.001 0.020 0.013 0.030 0.082 0.795 
 112 E _   0.043 0.008 0.001 0.020 0.012 0.027 0.082 0.807 
 113 K _   0.035 0.007 0.001 0.019 0.010 0.023 0.083 0.822 
 114 G _   0.028 0.006 0.001 0.016 0.008 0.020 0.084 0.838 
 115 F _   0.022 0.005 0.001 0.012 0.006 0.017 0.084 0.854 
 116 Y _   0.018 0.003 0.001 0.009 0.004 0.014 0.084 0.868 
 117 T _   0.015 0.002 0.000 0.006 0.003 0.012 0.084 0.879 
 118 E _   0.013 0.001 0.000 0.004 0.002 0.011 0.083 0.885 
 119 K _   0.013 0.000 0.000 0.002 0.002 0.012 0.083 0.887 
 120 D _   0.016 0.000 0.000 0.002 0.002 0.013 0.081 0.885 
 121 A _   0.021 0.000 0.000 0.002 0.003 0.017 0.080 0.876 
 122 S _   0.031 0.000 0.000 0.003 0.004 0.022 0.078 0.861 
 123 T _   0.044 0.001 0.001 0.004 0.007 0.029 0.076 0.838 
 124 L _   0.060 0.002 0.001 0.007 0.012 0.037 0.074 0.807 
 125 I _   0.079 0.004 0.001 0.011 0.019 0.046 0.072 0.770 
 126 R _   0.097 0.006 0.002 0.015 0.026 0.054 0.069 0.732 
 127 Q _   0.114 0.009 0.002 0.018 0.033 0.060 0.067 0.697 
 128 V _   0.131 0.011 0.002 0.020 0.038 0.064 0.065 0.668 
 129 L _   0.144 0.013 0.002 0.020 0.042 0.067 0.064 0.648 
 130 D _   0.154 0.014 0.002 0.019 0.044 0.068 0.063 0.635 
 131 A _   0.161 0.015 0.002 0.018 0.045 0.068 0.062 0.628 
 132 V _   0.165 0.016 0.002 0.017 0.045 0.067 0.062 0.626 
 133 Y _   0.165 0.016 0.002 0.017 0.043 0.064 0.063 0.630 
 134 Y _   0.161 0.017 0.002 0.018 0.041 0.061 0.064 0.637 
 135 L _   0.152 0.018 0.002 0.020 0.037 0.057 0.065 0.650 
 136 H _   0.140 0.018 0.002 0.021 0.033 0.052 0.067 0.667 
 137 R _   0.125 0.018 0.002 0.023 0.028 0.046 0.069 0.689 
 138 M _   0.107 0.017 0.002 0.023 0.023 0.041 0.071 0.716 
 139 G _   0.090 0.016 0.001 0.021 0.018 0.035 0.074 0.746 
 140 I _   0.072 0.014 0.001 0.018 0.014 0.029 0.076 0.776 
 141 V _   0.056 0.011 0.001 0.015 0.010 0.024 0.078 0.803 
 142 H _   0.044 0.009 0.001 0.012 0.008 0.020 0.080 0.827 
 143 R _   0.033 0.007 0.001 0.010 0.006 0.016 0.081 0.847 
 144 D _   0.025 0.005 0.001 0.008 0.004 0.014 0.083 0.861 
 145 L _   0.019 0.004 0.000 0.007 0.004 0.012 0.084 0.871 
 146 K _   0.015 0.004 0.000 0.007 0.003 0.010 0.084 0.877 
 147 P _   0.012 0.003 0.000 0.007 0.003 0.009 0.085 0.880 
 148 E _   0.010 0.003 0.000 0.007 0.003 0.009 0.085 0.882 
 149 N _   0.009 0.003 0.000 0.007 0.003 0.008 0.085 0.884 
 150 L _   0.008 0.004 0.000 0.007 0.003 0.008 0.085 0.885 
 151 L _   0.008 0.004 0.000 0.007 0.003 0.008 0.085 0.887 
 152 Y _   0.007 0.004 0.000 0.006 0.002 0.007 0.084 0.889 
 153 Y _   0.006 0.004 0.000 0.006 0.002 0.007 0.083 0.891 
 154 S _   0.006 0.005 0.000 0.005 0.002 0.008 0.081 0.892 
 155 Q _   0.006 0.007 0.000 0.005 0.002 0.009 0.079 0.891 
 156 D _   0.007 0.009 0.000 0.006 0.003 0.010 0.077 0.887 
 157 E _   0.008 0.014 0.000 0.008 0.004 0.013 0.075 0.878 
 158 E _   0.010 0.023 0.001 0.012 0.006 0.016 0.072 0.862 
 159 S _   0.012 0.038 0.001 0.018 0.009 0.019 0.068 0.836 
 160 K _   0.013 0.058 0.001 0.027 0.012 0.021 0.064 0.804 
 161 I _   0.014 0.078 0.001 0.037 0.014 0.023 0.061 0.771 
 162 M _   0.015 0.095 0.001 0.046 0.016 0.024 0.058 0.745 
 163 I _   0.015 0.105 0.001 0.052 0.017 0.024 0.055 0.730 
 164 S _   0.015 0.110 0.001 0.054 0.017 0.024 0.053 0.726 
 165 D _   0.015 0.110 0.001 0.052 0.016 0.022 0.052 0.733 
 166 F _   0.014 0.105 0.001 0.046 0.014 0.021 0.051 0.748 
 167 G _   0.013 0.096 0.001 0.038 0.012 0.019 0.050 0.770 
 168 L _   0.013 0.082 0.001 0.030 0.010 0.017 0.050 0.798 
 169 S _   0.012 0.065 0.001 0.021 0.008 0.015 0.050 0.829 
 170 K _   0.011 0.049 0.001 0.015 0.006 0.013 0.050 0.856 
 171 M _   0.010 0.036 0.001 0.010 0.004 0.012 0.050 0.878 
 172 E _   0.009 0.028 0.000 0.008 0.003 0.011 0.049 0.892 
 173 G _   0.008 0.024 0.000 0.006 0.003 0.010 0.048 0.900 
 174 K _   0.008 0.022 0.000 0.006 0.003 0.010 0.047 0.903 
 175 G _   0.009 0.021 0.000 0.006 0.003 0.011 0.046 0.903 
 176 D _   0.009 0.022 0.000 0.008 0.004 0.011 0.044 0.901 
 177 V _   0.010 0.024 0.001 0.010 0.005 0.013 0.043 0.896 
 178 M _   0.010 0.027 0.001 0.013 0.006 0.014 0.041 0.889 
 179 S _   0.011 0.030 0.001 0.015 0.007 0.015 0.039 0.883 
 180 T _   0.011 0.032 0.001 0.018 0.007 0.015 0.038 0.877 
 181 A _   0.011 0.035 0.001 0.019 0.008 0.016 0.036 0.874 
 182 C _   0.011 0.036 0.001 0.020 0.008 0.016 0.035 0.873 
 183 G _   0.011 0.037 0.001 0.020 0.008 0.016 0.033 0.874 
 184 T _   0.011 0.037 0.001 0.020 0.008 0.016 0.032 0.875 
 185 P _   0.011 0.037 0.001 0.020 0.008 0.016 0.031 0.876 
 186 G _   0.011 0.037 0.001 0.020 0.008 0.016 0.030 0.877 
 187 Y _   0.011 0.036 0.001 0.021 0.008 0.016 0.029 0.877 
 188 V _   0.011 0.036 0.001 0.023 0.009 0.016 0.028 0.877 
 189 A _   0.011 0.034 0.001 0.024 0.009 0.016 0.027 0.878 
 190 P _   0.011 0.033 0.001 0.024 0.008 0.015 0.026 0.881 
 191 E _   0.011 0.030 0.001 0.024 0.008 0.014 0.025 0.887 
 192 V _   0.011 0.026 0.001 0.022 0.007 0.013 0.024 0.896 
 193 L _   0.012 0.020 0.001 0.018 0.006 0.012 0.023 0.908 
 194 A _   0.013 0.014 0.001 0.013 0.005 0.010 0.023 0.921 
 195 Q _   0.016 0.008 0.001 0.009 0.004 0.009 0.022 0.932 
 196 K _   0.020 0.004 0.000 0.006 0.003 0.008 0.021 0.938 
 197 P _   0.029 0.001 0.000 0.003 0.003 0.007 0.019 0.937 
 198 Y _   0.046 0.000 0.000 0.002 0.003 0.007 0.018 0.924 
 199 S _   0.077 0.000 0.000 0.001 0.003 0.007 0.016 0.895 
 200 K _   0.130 0.000 0.001 0.001 0.004 0.008 0.014 0.843 
 201 A _   0.218 0.000 0.001 0.001 0.005 0.010 0.011 0.755 
 202 V _   0.337 0.000 0.001 0.001 0.007 0.011 0.009 0.635 
 203 D _   0.476 0.000 0.001 0.001 0.009 0.012 0.006 0.495 
 204 C H   0.617 0.000 0.001 0.001 0.012 0.012 0.004 0.353 
 205 W H   0.734 0.000 0.001 0.001 0.014 0.012 0.003 0.235 
 206 S H   0.815 0.000 0.001 0.001 0.016 0.011 0.002 0.154 
 207 I H   0.868 0.000 0.001 0.001 0.016 0.010 0.002 0.103 
 208 G H   0.898 0.000 0.001 0.001 0.017 0.008 0.001 0.074 
 209 V H   0.914 0.000 0.001 0.001 0.017 0.008 0.001 0.059 
 210 I H   0.918 0.000 0.001 0.001 0.018 0.007 0.002 0.054 
 211 A H   0.913 0.000 0.001 0.001 0.018 0.007 0.002 0.058 
 212 Y H   0.897 0.000 0.001 0.001 0.019 0.007 0.002 0.072 
 213 I H   0.866 0.000 0.001 0.001 0.020 0.008 0.003 0.100 
 214 L H   0.811 0.000 0.002 0.002 0.021 0.009 0.005 0.150 
 215 L H   0.729 0.000 0.002 0.002 0.021 0.010 0.009 0.227 
 216 C H   0.621 0.000 0.002 0.003 0.019 0.011 0.014 0.330 
 217 G H   0.495 0.000 0.002 0.004 0.015 0.011 0.021 0.452 
 218 Y _   0.367 0.000 0.001 0.005 0.011 0.010 0.028 0.577 
 219 P _   0.253 0.000 0.001 0.005 0.007 0.009 0.036 0.689 
 220 P _   0.162 0.000 0.001 0.004 0.005 0.008 0.042 0.779 
 221 F _   0.095 0.000 0.000 0.003 0.003 0.007 0.046 0.845 
 222 Y _   0.053 0.000 0.000 0.002 0.002 0.006 0.049 0.887 
 223 D _   0.029 0.000 0.000 0.002 0.001 0.005 0.052 0.910 
 224 E _   0.017 0.001 0.000 0.002 0.001 0.005 0.053 0.921 
 225 N _   0.012 0.002 0.000 0.003 0.001 0.007 0.054 0.922 
 226 D _   0.010 0.006 0.000 0.004 0.002 0.009 0.054 0.913 
 227 S _   0.011 0.019 0.001 0.009 0.004 0.012 0.053 0.891 
 228 K _   0.012 0.051 0.001 0.017 0.007 0.016 0.052 0.843 
 229 L _   0.012 0.107 0.001 0.030 0.011 0.020 0.050 0.769 
 230 F _   0.012 0.178 0.002 0.044 0.014 0.022 0.047 0.682 
 231 E _   0.010 0.239 0.002 0.056 0.015 0.022 0.045 0.610 
 232 Q _   0.010 0.279 0.001 0.064 0.016 0.022 0.044 0.564 
 233 I _   0.009 0.301 0.001 0.068 0.015 0.021 0.044 0.541 
 234 L _   0.009 0.310 0.001 0.069 0.015 0.020 0.044 0.533 
 235 K _   0.008 0.312 0.001 0.066 0.014 0.019 0.045 0.535 
 236 A _   0.008 0.306 0.001 0.060 0.013 0.018 0.047 0.547 
 237 E _   0.009 0.292 0.001 0.053 0.012 0.016 0.049 0.569 
 238 Y _   0.009 0.269 0.001 0.044 0.010 0.015 0.053 0.599 
 239 E _   0.009 0.236 0.001 0.036 0.009 0.014 0.057 0.638 
 240 F _   0.009 0.199 0.001 0.029 0.007 0.013 0.061 0.681 
 241 D _   0.009 0.162 0.001 0.022 0.006 0.011 0.066 0.723 
 242 S _   0.009 0.129 0.001 0.016 0.005 0.010 0.070 0.760 
 243 P _   0.008 0.105 0.001 0.012 0.003 0.009 0.073 0.789 
 244 Y _   0.007 0.088 0.000 0.009 0.003 0.008 0.076 0.810 
 245 W _   0.006 0.077 0.000 0.007 0.002 0.007 0.077 0.823 
 246 D _   0.005 0.072 0.000 0.006 0.002 0.007 0.078 0.831 
 247 D _   0.005 0.069 0.000 0.005 0.002 0.007 0.078 0.834 
 248 I _   0.004 0.070 0.000 0.006 0.002 0.007 0.078 0.834 
 249 S _   0.005 0.073 0.000 0.007 0.002 0.008 0.077 0.828 
 250 D _   0.005 0.080 0.000 0.011 0.003 0.009 0.075 0.817 
 251 S _   0.006 0.092 0.001 0.016 0.004 0.011 0.073 0.797 
 252 A _   0.006 0.111 0.001 0.024 0.006 0.013 0.071 0.769 
 253 K _   0.007 0.131 0.001 0.034 0.008 0.014 0.068 0.737 
 254 D _   0.007 0.148 0.001 0.043 0.009 0.016 0.066 0.710 
 255 F _   0.007 0.160 0.001 0.051 0.010 0.016 0.065 0.690 
 256 I _   0.008 0.166 0.001 0.055 0.010 0.016 0.064 0.680 
 257 R _   0.008 0.166 0.001 0.055 0.010 0.016 0.064 0.680 
 258 N _   0.008 0.161 0.001 0.051 0.010 0.015 0.065 0.690 
 259 L _   0.008 0.148 0.001 0.043 0.008 0.013 0.067 0.711 
 260 M _   0.008 0.128 0.001 0.033 0.007 0.012 0.069 0.743 
 261 E _   0.008 0.101 0.001 0.023 0.005 0.010 0.071 0.781 
 262 K _   0.007 0.076 0.001 0.015 0.004 0.009 0.073 0.816 
 263 D _   0.007 0.057 0.000 0.009 0.003 0.008 0.075 0.842 
 264 P _   0.006 0.046 0.000 0.006 0.002 0.007 0.076 0.857 
 265 N _   0.006 0.042 0.000 0.004 0.002 0.007 0.076 0.864 
 266 K _   0.006 0.041 0.000 0.004 0.002 0.008 0.075 0.865 
 267 R _   0.006 0.042 0.000 0.005 0.002 0.009 0.075 0.861 
 268 Y _   0.007 0.048 0.000 0.007 0.003 0.010 0.073 0.851 
 269 T _   0.008 0.058 0.001 0.011 0.004 0.012 0.071 0.836 
 270 C _   0.008 0.075 0.001 0.016 0.005 0.014 0.068 0.813 
 271 E _   0.008 0.097 0.001 0.022 0.007 0.015 0.065 0.785 
 272 Q _   0.008 0.120 0.001 0.027 0.008 0.016 0.061 0.758 
 273 A _   0.008 0.140 0.001 0.032 0.009 0.017 0.058 0.735 
 274 A _   0.008 0.156 0.001 0.035 0.010 0.017 0.056 0.718 
 275 R _   0.007 0.166 0.001 0.038 0.010 0.017 0.054 0.707 
 276 H _   0.007 0.173 0.001 0.039 0.010 0.016 0.052 0.701 
 277 P _   0.007 0.175 0.001 0.039 0.010 0.016 0.051 0.700 
 278 W _   0.007 0.174 0.001 0.037 0.010 0.015 0.051 0.705 
 279 I _   0.007 0.170 0.001 0.034 0.009 0.014 0.050 0.714 
 280 A _   0.008 0.162 0.001 0.030 0.008 0.013 0.051 0.728 
 281 G _   0.008 0.151 0.001 0.025 0.007 0.013 0.051 0.745 
 282 D _   0.008 0.137 0.001 0.020 0.006 0.012 0.051 0.765 
 283 T _   0.008 0.123 0.001 0.016 0.005 0.011 0.052 0.785 
 284 A _   0.008 0.110 0.001 0.012 0.004 0.011 0.052 0.802 
 285 L _   0.008 0.099 0.000 0.009 0.004 0.011 0.053 0.816 
 286 N _   0.008 0.093 0.000 0.008 0.003 0.011 0.053 0.823 
 287 K _   0.008 0.090 0.000 0.008 0.004 0.012 0.053 0.826 
 288 N _   0.009 0.089 0.000 0.008 0.004 0.013 0.052 0.824 
 289 I _   0.010 0.092 0.001 0.010 0.005 0.014 0.052 0.816 
 290 H _   0.011 0.097 0.001 0.014 0.006 0.016 0.051 0.804 
 291 E _   0.012 0.104 0.001 0.019 0.008 0.018 0.050 0.788 
 292 S _   0.013 0.111 0.001 0.025 0.010 0.019 0.050 0.772 
 293 V _   0.013 0.116 0.001 0.031 0.012 0.020 0.049 0.758 
 294 S _   0.013 0.119 0.001 0.035 0.012 0.021 0.049 0.750 
 295 A _   0.013 0.119 0.001 0.037 0.013 0.021 0.049 0.747 
 296 Q _   0.013 0.115 0.001 0.036 0.012 0.020 0.049 0.753 
 297 I _   0.013 0.107 0.001 0.032 0.011 0.019 0.050 0.766 
 298 R _   0.012 0.094 0.001 0.027 0.010 0.018 0.051 0.786 
 299 K _   0.012 0.078 0.001 0.022 0.008 0.017 0.052 0.810 
 300 N _   0.011 0.059 0.001 0.016 0.007 0.016 0.054 0.836 
 301 F _   0.011 0.044 0.001 0.012 0.005 0.016 0.055 0.857 
 302 A _   0.011 0.033 0.001 0.008 0.004 0.016 0.056 0.872 
 303 K _   0.012 0.026 0.000 0.006 0.004 0.016 0.056 0.879 
 304 S _   0.014 0.023 0.000 0.005 0.004 0.017 0.057 0.880 
 305 K _   0.016 0.022 0.000 0.005 0.004 0.020 0.057 0.876 
 306 W _   0.020 0.022 0.001 0.006 0.006 0.023 0.057 0.866 
 307 R _   0.026 0.026 0.001 0.008 0.008 0.027 0.056 0.849 
 308 Q _   0.032 0.032 0.001 0.011 0.012 0.032 0.056 0.825 
 309 A _   0.039 0.042 0.001 0.015 0.016 0.036 0.055 0.795 
 310 F _   0.045 0.054 0.002 0.021 0.021 0.041 0.055 0.762 
 311 N _   0.051 0.067 0.002 0.026 0.026 0.044 0.055 0.730 
 312 A _   0.054 0.079 0.002 0.032 0.029 0.046 0.055 0.704 
 313 T _   0.057 0.088 0.002 0.036 0.031 0.046 0.055 0.685 
 314 A _   0.058 0.093 0.002 0.039 0.031 0.046 0.056 0.676 
 315 V _   0.057 0.095 0.002 0.039 0.030 0.044 0.057 0.676 
 316 V _   0.054 0.095 0.002 0.039 0.028 0.041 0.058 0.684 
 317 R _   0.049 0.092 0.002 0.037 0.025 0.037 0.060 0.699 
 318 H _   0.044 0.086 0.002 0.033 0.021 0.034 0.062 0.719 
 319 M _   0.038 0.077 0.001 0.029 0.017 0.029 0.064 0.744 
 320 R _   0.032 0.065 0.001 0.025 0.014 0.025 0.067 0.771 
 321 K _   0.026 0.053 0.001 0.020 0.010 0.021 0.069 0.799 
 322 L _   0.021 0.040 0.001 0.015 0.008 0.018 0.072 0.826 
 323 H _   0.016 0.030 0.001 0.011 0.005 0.015 0.074 0.848 
 324 L _   0.013 0.022 0.001 0.008 0.004 0.012 0.075 0.865 
 325 G _   0.010 0.017 0.000 0.006 0.003 0.011 0.076 0.876 
 326 S _   0.009 0.015 0.000 0.005 0.002 0.010 0.076 0.883 
 327 S _   0.008 0.014 0.000 0.004 0.002 0.010 0.077 0.885 
 328 L _   0.009 0.014 0.000 0.004 0.003 0.010 0.077 0.883 
 329 D _   0.010 0.016 0.000 0.005 0.003 0.012 0.076 0.877 
 330 S _   0.011 0.020 0.001 0.008 0.005 0.014 0.076 0.866 
 331 S _   0.013 0.028 0.001 0.012 0.007 0.017 0.075 0.847 
 332 N _   0.015 0.039 0.001 0.018 0.009 0.020 0.074 0.823 
 333 A _   0.016 0.053 0.001 0.025 0.012 0.023 0.073 0.796 
 334 S _   0.018 0.065 0.001 0.033 0.015 0.025 0.072 0.772 
 335 V _   0.018 0.073 0.001 0.039 0.017 0.027 0.072 0.752 
 336 S _   0.019 0.078 0.001 0.044 0.018 0.027 0.072 0.741 
 337 S _   0.019 0.079 0.001 0.045 0.018 0.027 0.073 0.738 
 338 S _   0.019 0.077 0.001 0.043 0.017 0.026 0.074 0.743 
 339 L _   0.018 0.070 0.001 0.038 0.015 0.025 0.076 0.756 
 340 S _   0.018 0.060 0.001 0.031 0.013 0.023 0.078 0.776 
 341 L _   0.019 0.045 0.001 0.023 0.010 0.022 0.080 0.800 
 342 A _   0.019 0.029 0.001 0.016 0.008 0.020 0.083 0.824 
 343 S _   0.021 0.015 0.001 0.010 0.006 0.019 0.085 0.843 
 344 Q _   0.024 0.007 0.001 0.006 0.005 0.019 0.087 0.852 
 345 K _   0.030 0.002 0.000 0.004 0.004 0.019 0.088 0.852 
 346 D _   0.040 0.001 0.000 0.002 0.004 0.021 0.089 0.842 
 347 C _   0.056 0.000 0.000 0.002 0.005 0.024 0.090 0.822 
 348 L _   0.078 0.000 0.001 0.003 0.008 0.030 0.090 0.790 
 349 A _   0.109 0.001 0.001 0.003 0.013 0.037 0.091 0.744 
 350 P _   0.144 0.002 0.001 0.005 0.022 0.045 0.092 0.689 
 351 S _   0.179 0.004 0.002 0.008 0.033 0.052 0.093 0.629 
 352 T _   0.208 0.009 0.002 0.013 0.043 0.058 0.095 0.572 
 353 L _   0.228 0.015 0.003 0.018 0.051 0.061 0.098 0.527 
 354 C _   0.239 0.019 0.003 0.022 0.056 0.061 0.102 0.498 
 355 S _   0.241 0.023 0.003 0.024 0.056 0.060 0.107 0.486 
 356 F _   0.235 0.024 0.003 0.024 0.054 0.057 0.113 0.491 
 357 I _   0.221 0.024 0.003 0.022 0.048 0.052 0.120 0.510 
 358 S _   0.200 0.023 0.002 0.019 0.041 0.048 0.128 0.540 
 359 S _   0.174 0.020 0.002 0.016 0.033 0.043 0.137 0.575 
 360 S _   0.146 0.018 0.002 0.013 0.025 0.038 0.147 0.610 
 361 S _   0.119 0.017 0.001 0.011 0.019 0.034 0.156 0.642 
 362 G _   0.094 0.016 0.001 0.011 0.014 0.030 0.166 0.667 
 363 V _   0.073 0.016 0.001 0.011 0.011 0.027 0.176 0.685 
 364 S _   0.055 0.017 0.001 0.011 0.009 0.024 0.185 0.697 
 365 G _   0.041 0.018 0.001 0.012 0.008 0.021 0.193 0.705 
 366 V _   0.031 0.020 0.001 0.012 0.007 0.019 0.201 0.709 
 367 G _   0.023 0.022 0.001 0.011 0.006 0.018 0.209 0.711 
 368 A _   0.018 0.024 0.001 0.011 0.005 0.016 0.216 0.710 
 369 E _   0.014 0.027 0.001 0.010 0.005 0.016 0.222 0.706 
 370 R _   0.012 0.031 0.001 0.010 0.005 0.015 0.227 0.699 
 371 R _   0.011 0.037 0.001 0.012 0.005 0.016 0.232 0.687 
 372 P _   0.010 0.046 0.001 0.014 0.006 0.017 0.238 0.668 
 373 R _   0.011 0.060 0.001 0.019 0.007 0.018 0.243 0.641 
 374 P _   0.011 0.078 0.001 0.027 0.009 0.019 0.249 0.606 
 375 T _   0.011 0.097 0.001 0.035 0.011 0.020 0.256 0.569 
 376 T _   0.011 0.113 0.001 0.043 0.012 0.019 0.264 0.537 
 377 V _   0.010 0.124 0.001 0.048 0.012 0.018 0.274 0.513 
 378 T _   0.008 0.130 0.001 0.050 0.011 0.016 0.284 0.499 
 379 A _   0.007 0.132 0.001 0.048 0.010 0.014 0.297 0.492 
 380 V _   0.005 0.129 0.001 0.042 0.008 0.010 0.312 0.493 
 381 H _   0.003 0.121 0.001 0.033 0.004 0.006 0.328 0.503 
 382 S _   0.001 0.105 0.000 0.020 0.001 0.003 0.345 0.524 
 383 G _   0.000 0.086 0.000 0.012 0.000 0.001 0.353 0.547 
 384 S _   0.000 0.074 0.000 0.010 0.000 0.001 0.354 0.560 
 385 K _   0.004 0.068 0.001 0.017 0.004 0.003 0.348 0.555 
