#TopoPred_TM8: 8-state transmembrane topology prediction results by no_profile mode 
#probabilities are in the order of H E C I L F X _, the 8 transmembrane topology types used in PDBTM 
   1 M X   0.014 0.001 0.002 0.040 0.008 0.009 0.633 0.294 
   2 A X   0.004 0.000 0.000 0.018 0.001 0.004 0.646 0.327 
   3 D X   0.001 0.000 0.000 0.007 0.000 0.002 0.647 0.342 
   4 D X   0.001 0.000 0.000 0.005 0.000 0.003 0.642 0.349 
   5 D X   0.002 0.000 0.000 0.005 0.001 0.007 0.632 0.353 
   6 V X   0.006 0.001 0.000 0.007 0.002 0.014 0.615 0.354 
   7 L X   0.011 0.004 0.000 0.011 0.004 0.022 0.595 0.352 
   8 F X   0.017 0.010 0.001 0.018 0.008 0.032 0.567 0.346 
   9 E X   0.023 0.022 0.001 0.029 0.014 0.042 0.532 0.337 
  10 D X   0.027 0.037 0.002 0.041 0.022 0.050 0.493 0.327 
  11 V X   0.030 0.051 0.002 0.053 0.030 0.056 0.455 0.322 
  12 Y X   0.034 0.061 0.002 0.060 0.037 0.061 0.424 0.322 
  13 E X   0.038 0.068 0.002 0.062 0.041 0.063 0.398 0.328 
  14 L X   0.042 0.070 0.002 0.060 0.043 0.063 0.377 0.341 
  15 C _   0.046 0.070 0.002 0.055 0.043 0.063 0.361 0.361 
  16 E _   0.048 0.067 0.002 0.048 0.040 0.061 0.347 0.388 
  17 V _   0.049 0.061 0.002 0.039 0.036 0.057 0.335 0.420 
  18 I _   0.050 0.054 0.002 0.030 0.031 0.054 0.324 0.456 
  19 G _   0.048 0.045 0.002 0.023 0.026 0.050 0.315 0.492 
  20 K _   0.046 0.037 0.001 0.018 0.021 0.046 0.306 0.524 
  21 G _   0.043 0.031 0.001 0.014 0.018 0.042 0.299 0.551 
  22 P _   0.040 0.027 0.001 0.013 0.015 0.039 0.291 0.575 
  23 F _   0.036 0.024 0.001 0.012 0.013 0.036 0.284 0.593 
  24 S _   0.032 0.023 0.001 0.012 0.012 0.033 0.278 0.609 
  25 V _   0.029 0.021 0.001 0.013 0.011 0.030 0.272 0.623 
  26 V _   0.026 0.021 0.001 0.013 0.010 0.028 0.266 0.635 
  27 R _   0.023 0.020 0.001 0.014 0.010 0.026 0.260 0.647 
  28 R _   0.020 0.019 0.001 0.014 0.009 0.024 0.254 0.659 
  29 C _   0.019 0.018 0.001 0.013 0.008 0.022 0.249 0.671 
  30 I _   0.017 0.017 0.001 0.012 0.007 0.020 0.244 0.682 
  31 N _   0.015 0.016 0.001 0.010 0.007 0.019 0.239 0.692 
  32 R _   0.015 0.016 0.001 0.009 0.006 0.018 0.234 0.701 
  33 E _   0.015 0.015 0.001 0.008 0.006 0.018 0.230 0.708 
  34 T _   0.015 0.016 0.001 0.008 0.006 0.018 0.225 0.712 
  35 G _   0.016 0.017 0.001 0.008 0.006 0.019 0.221 0.713 
  36 Q _   0.017 0.019 0.001 0.008 0.007 0.021 0.216 0.711 
  37 Q _   0.019 0.022 0.001 0.010 0.008 0.022 0.212 0.706 
  38 F _   0.021 0.027 0.001 0.013 0.010 0.024 0.207 0.697 
  39 A _   0.023 0.035 0.001 0.016 0.012 0.026 0.202 0.684 
  40 V _   0.025 0.043 0.001 0.021 0.015 0.027 0.197 0.670 
  41 K _   0.026 0.052 0.001 0.026 0.016 0.028 0.193 0.658 
  42 I _   0.026 0.059 0.001 0.031 0.017 0.028 0.189 0.647 
  43 V _   0.026 0.064 0.001 0.035 0.018 0.028 0.186 0.642 
  44 D _   0.026 0.067 0.001 0.037 0.017 0.026 0.184 0.641 
  45 V _   0.024 0.067 0.001 0.037 0.016 0.024 0.183 0.648 
  46 A _   0.022 0.064 0.001 0.035 0.014 0.022 0.182 0.660 
  47 K _   0.020 0.058 0.001 0.031 0.012 0.019 0.182 0.678 
  48 F _   0.017 0.049 0.001 0.025 0.009 0.017 0.182 0.700 
  49 T _   0.014 0.039 0.001 0.019 0.007 0.014 0.182 0.724 
  50 S _   0.012 0.028 0.001 0.014 0.005 0.011 0.182 0.747 
  51 S _   0.010 0.018 0.000 0.010 0.004 0.009 0.182 0.767 
  52 P _   0.008 0.012 0.000 0.007 0.003 0.008 0.181 0.782 
  53 G _   0.007 0.008 0.000 0.005 0.002 0.007 0.180 0.792 
  54 L _   0.006 0.005 0.000 0.004 0.002 0.006 0.178 0.799 
  55 S _   0.005 0.004 0.000 0.003 0.002 0.006 0.175 0.803 
  56 T _   0.006 0.004 0.000 0.003 0.002 0.007 0.172 0.806 
  57 E _   0.006 0.004 0.000 0.004 0.002 0.008 0.169 0.807 
  58 D _   0.007 0.005 0.000 0.005 0.003 0.011 0.164 0.805 
  59 L _   0.008 0.007 0.000 0.007 0.004 0.013 0.159 0.801 
  60 K _   0.010 0.011 0.001 0.010 0.006 0.017 0.153 0.792 
  61 R _   0.012 0.016 0.001 0.015 0.008 0.021 0.147 0.780 
  62 E _   0.014 0.023 0.001 0.020 0.011 0.025 0.141 0.766 
  63 A _   0.016 0.029 0.001 0.025 0.013 0.028 0.135 0.752 
  64 S _   0.018 0.034 0.001 0.029 0.015 0.031 0.129 0.742 
  65 I _   0.020 0.037 0.001 0.032 0.017 0.032 0.124 0.737 
  66 C _   0.022 0.038 0.001 0.032 0.018 0.034 0.120 0.735 
  67 H _   0.024 0.038 0.001 0.030 0.018 0.034 0.116 0.739 
  68 M _   0.026 0.036 0.001 0.027 0.018 0.035 0.112 0.745 
  69 L _   0.028 0.034 0.001 0.023 0.017 0.035 0.110 0.753 
  70 K _   0.029 0.031 0.001 0.020 0.016 0.034 0.107 0.761 
  71 H _   0.030 0.028 0.001 0.018 0.016 0.034 0.105 0.768 
  72 P _   0.031 0.025 0.001 0.018 0.015 0.033 0.103 0.774 
  73 H _   0.032 0.023 0.001 0.018 0.014 0.032 0.101 0.778 
  74 I _   0.033 0.021 0.001 0.018 0.014 0.031 0.100 0.782 
  75 V _   0.034 0.019 0.001 0.019 0.013 0.030 0.098 0.786 
  76 E _   0.034 0.016 0.001 0.018 0.012 0.028 0.097 0.794 
  77 L _   0.034 0.013 0.001 0.015 0.010 0.027 0.096 0.804 
  78 L _   0.033 0.009 0.001 0.012 0.009 0.025 0.095 0.817 
  79 E _   0.033 0.005 0.001 0.008 0.007 0.023 0.093 0.829 
  80 T _   0.034 0.003 0.001 0.005 0.006 0.023 0.091 0.838 
  81 Y _   0.037 0.001 0.001 0.003 0.005 0.023 0.089 0.841 
  82 S _   0.043 0.000 0.001 0.002 0.005 0.025 0.087 0.837 
  83 S _   0.053 0.000 0.001 0.002 0.006 0.028 0.084 0.825 
  84 D _   0.067 0.001 0.001 0.003 0.010 0.034 0.082 0.803 
  85 G _   0.085 0.002 0.001 0.005 0.015 0.040 0.079 0.772 
  86 M _   0.103 0.005 0.001 0.010 0.023 0.047 0.077 0.735 
  87 L _   0.116 0.010 0.002 0.017 0.032 0.052 0.074 0.697 
  88 Y _   0.125 0.015 0.002 0.025 0.038 0.055 0.072 0.668 
  89 M _   0.128 0.018 0.002 0.032 0.041 0.055 0.071 0.652 
  90 V _   0.127 0.020 0.002 0.035 0.040 0.053 0.070 0.653 
  91 F _   0.120 0.020 0.002 0.033 0.037 0.050 0.070 0.669 
  92 E _   0.108 0.017 0.002 0.027 0.031 0.045 0.070 0.699 
  93 F _   0.095 0.013 0.002 0.020 0.024 0.040 0.070 0.737 
  94 M _   0.081 0.008 0.001 0.013 0.018 0.035 0.070 0.774 
  95 D _   0.068 0.004 0.001 0.008 0.012 0.030 0.070 0.806 
  96 G _   0.056 0.002 0.001 0.006 0.009 0.026 0.070 0.829 
  97 A _   0.047 0.001 0.001 0.005 0.007 0.024 0.070 0.845 
  98 D _   0.041 0.001 0.001 0.005 0.006 0.022 0.070 0.854 
  99 L _   0.036 0.001 0.001 0.006 0.006 0.021 0.070 0.859 
 100 C _   0.033 0.001 0.001 0.007 0.006 0.021 0.070 0.862 
 101 F _   0.030 0.001 0.001 0.008 0.007 0.021 0.070 0.863 
 102 E _   0.027 0.001 0.001 0.009 0.007 0.020 0.069 0.865 
 103 I _   0.026 0.001 0.001 0.009 0.007 0.020 0.068 0.867 
 104 V _   0.025 0.001 0.001 0.009 0.007 0.020 0.068 0.870 
 105 K _   0.024 0.001 0.001 0.008 0.006 0.020 0.067 0.872 
 106 R _   0.024 0.001 0.001 0.007 0.006 0.021 0.066 0.874 
 107 A _   0.026 0.001 0.001 0.007 0.006 0.022 0.065 0.872 
 108 D _   0.029 0.001 0.001 0.006 0.007 0.023 0.064 0.869 
 109 A _   0.033 0.001 0.001 0.007 0.008 0.026 0.064 0.862 
 110 G _   0.037 0.001 0.001 0.007 0.009 0.028 0.063 0.854 
 111 F _   0.043 0.001 0.001 0.008 0.011 0.031 0.062 0.844 
 112 V _   0.049 0.001 0.001 0.009 0.012 0.034 0.061 0.832 
 113 Y _   0.056 0.002 0.001 0.010 0.014 0.036 0.061 0.820 
 114 S _   0.063 0.002 0.001 0.010 0.015 0.039 0.060 0.810 
 115 E _   0.070 0.002 0.001 0.010 0.016 0.041 0.059 0.802 
 116 A _   0.077 0.002 0.001 0.009 0.016 0.042 0.059 0.794 
 117 V _   0.084 0.002 0.001 0.008 0.017 0.044 0.058 0.786 
 118 A _   0.091 0.002 0.001 0.007 0.017 0.046 0.058 0.777 
 119 S _   0.098 0.002 0.001 0.007 0.019 0.048 0.058 0.767 
 120 H _   0.104 0.003 0.001 0.008 0.021 0.050 0.058 0.755 
 121 Y _   0.109 0.005 0.001 0.010 0.024 0.051 0.058 0.742 
 122 M _   0.112 0.007 0.002 0.014 0.027 0.052 0.058 0.728 
 123 R _   0.112 0.011 0.002 0.018 0.030 0.052 0.059 0.717 
 124 Q _   0.109 0.014 0.002 0.024 0.031 0.050 0.060 0.710 
 125 I _   0.104 0.017 0.002 0.028 0.031 0.048 0.061 0.709 
 126 L _   0.096 0.018 0.002 0.031 0.029 0.044 0.063 0.717 
 127 E _   0.086 0.018 0.002 0.030 0.026 0.039 0.065 0.733 
 128 A _   0.075 0.017 0.002 0.028 0.021 0.034 0.067 0.756 
 129 L _   0.062 0.015 0.001 0.023 0.017 0.029 0.070 0.783 
 130 R _   0.050 0.012 0.001 0.018 0.012 0.024 0.072 0.812 
 131 Y _   0.038 0.008 0.001 0.013 0.008 0.019 0.074 0.837 
 132 C _   0.029 0.005 0.001 0.009 0.006 0.016 0.076 0.858 
 133 H _   0.022 0.003 0.000 0.007 0.004 0.013 0.078 0.873 
 134 D _   0.017 0.002 0.000 0.005 0.003 0.011 0.079 0.882 
 135 N _   0.014 0.002 0.000 0.004 0.003 0.009 0.079 0.888 
 136 N _   0.012 0.002 0.000 0.004 0.002 0.009 0.080 0.892 
 137 I _   0.010 0.002 0.000 0.004 0.002 0.008 0.080 0.893 
 138 I _   0.010 0.002 0.000 0.004 0.002 0.009 0.080 0.893 
 139 H _   0.010 0.003 0.000 0.005 0.003 0.010 0.079 0.891 
 140 R _   0.010 0.005 0.000 0.007 0.004 0.011 0.078 0.886 
 141 D _   0.010 0.007 0.001 0.010 0.005 0.012 0.077 0.879 
 142 V _   0.011 0.012 0.001 0.014 0.006 0.014 0.075 0.868 
 143 K _   0.012 0.017 0.001 0.020 0.008 0.016 0.074 0.854 
 144 P _   0.012 0.022 0.001 0.026 0.009 0.017 0.072 0.840 
 145 H _   0.013 0.027 0.001 0.032 0.010 0.017 0.071 0.828 
 146 C _   0.013 0.030 0.001 0.036 0.011 0.017 0.071 0.822 
 147 V _   0.012 0.031 0.001 0.037 0.010 0.017 0.070 0.823 
 148 L _   0.011 0.030 0.001 0.034 0.009 0.015 0.070 0.829 
 149 L _   0.011 0.027 0.001 0.029 0.008 0.013 0.071 0.842 
 150 A _   0.009 0.022 0.001 0.022 0.006 0.012 0.071 0.858 
 151 S _   0.008 0.015 0.001 0.015 0.004 0.010 0.071 0.876 
 152 K _   0.008 0.010 0.000 0.009 0.003 0.008 0.071 0.891 
 153 E _   0.007 0.006 0.000 0.005 0.002 0.007 0.071 0.902 
 154 N _   0.006 0.004 0.000 0.003 0.002 0.007 0.070 0.908 
 155 S _   0.006 0.003 0.000 0.003 0.002 0.008 0.069 0.910 
 156 A _   0.008 0.003 0.000 0.003 0.002 0.009 0.068 0.908 
 157 P _   0.010 0.004 0.000 0.003 0.003 0.013 0.066 0.901 
 158 V _   0.014 0.008 0.000 0.006 0.004 0.017 0.063 0.888 
 159 K _   0.018 0.017 0.001 0.010 0.008 0.023 0.060 0.865 
 160 L _   0.022 0.033 0.001 0.017 0.012 0.029 0.056 0.831 
 161 G _   0.025 0.055 0.001 0.025 0.017 0.034 0.052 0.789 
 162 G _   0.028 0.077 0.002 0.034 0.022 0.038 0.048 0.751 
 163 F _   0.030 0.094 0.002 0.041 0.025 0.041 0.045 0.722 
 164 G _   0.032 0.106 0.002 0.045 0.027 0.043 0.042 0.703 
 165 V _   0.033 0.113 0.002 0.046 0.028 0.043 0.040 0.695 
 166 A _   0.034 0.116 0.002 0.044 0.027 0.043 0.038 0.697 
 167 I _   0.034 0.115 0.002 0.039 0.026 0.041 0.036 0.707 
 168 Q _   0.033 0.111 0.002 0.034 0.023 0.039 0.035 0.724 
 169 L _   0.031 0.104 0.001 0.028 0.020 0.037 0.034 0.744 
 170 G _   0.030 0.097 0.001 0.023 0.017 0.035 0.034 0.763 
 171 E _   0.029 0.089 0.001 0.020 0.015 0.033 0.033 0.780 
 172 S _   0.027 0.083 0.001 0.017 0.013 0.031 0.032 0.796 
 173 G _   0.026 0.077 0.001 0.016 0.012 0.029 0.032 0.808 
 174 L _   0.025 0.072 0.001 0.015 0.011 0.028 0.031 0.817 
 175 V _   0.024 0.069 0.001 0.015 0.010 0.026 0.030 0.824 
 176 A _   0.023 0.066 0.001 0.015 0.010 0.025 0.030 0.830 
 177 G _   0.023 0.063 0.001 0.015 0.010 0.024 0.029 0.835 
 178 G _   0.022 0.061 0.001 0.015 0.009 0.023 0.028 0.840 
 179 R _   0.022 0.058 0.001 0.015 0.009 0.023 0.028 0.844 
 180 V _   0.021 0.056 0.001 0.015 0.009 0.022 0.027 0.848 
 181 G _   0.021 0.054 0.001 0.016 0.010 0.022 0.027 0.851 
 182 T _   0.020 0.051 0.001 0.016 0.010 0.021 0.026 0.854 
 183 P _   0.020 0.049 0.001 0.017 0.010 0.020 0.026 0.857 
 184 H _   0.019 0.047 0.001 0.018 0.010 0.020 0.026 0.861 
 185 F _   0.018 0.044 0.001 0.019 0.009 0.019 0.025 0.865 
 186 M _   0.017 0.041 0.001 0.020 0.009 0.018 0.025 0.870 
 187 A _   0.015 0.037 0.001 0.020 0.008 0.016 0.025 0.877 
 188 P _   0.014 0.033 0.001 0.019 0.008 0.015 0.025 0.886 
 189 E _   0.013 0.028 0.001 0.017 0.007 0.013 0.025 0.896 
 190 V _   0.012 0.022 0.001 0.015 0.006 0.012 0.025 0.908 
 191 V _   0.012 0.016 0.001 0.012 0.005 0.010 0.024 0.920 
 192 K _   0.012 0.010 0.001 0.009 0.004 0.009 0.024 0.932 
 193 R _   0.012 0.006 0.000 0.007 0.003 0.007 0.023 0.941 
 194 E _   0.014 0.003 0.000 0.004 0.002 0.006 0.023 0.947 
 195 P _   0.018 0.001 0.000 0.003 0.002 0.005 0.022 0.949 
 196 Y _   0.027 0.000 0.000 0.002 0.002 0.005 0.020 0.944 
 197 G _   0.043 0.000 0.000 0.001 0.002 0.005 0.019 0.930 
 198 K _   0.074 0.000 0.000 0.001 0.002 0.006 0.017 0.900 
 199 P _   0.129 0.000 0.000 0.001 0.003 0.007 0.014 0.846 
 200 V _   0.217 0.000 0.001 0.001 0.004 0.008 0.012 0.757 
 201 D _   0.336 0.000 0.001 0.001 0.006 0.009 0.009 0.639 
 202 V _   0.483 0.000 0.001 0.001 0.008 0.009 0.006 0.492 
 203 W H   0.632 0.000 0.001 0.001 0.010 0.010 0.004 0.343 
 204 G H   0.753 0.000 0.001 0.001 0.012 0.009 0.003 0.221 
 205 C H   0.840 0.000 0.001 0.001 0.013 0.008 0.002 0.136 
 206 G H   0.891 0.000 0.001 0.000 0.013 0.007 0.001 0.087 
 207 V H   0.919 0.000 0.001 0.000 0.013 0.006 0.001 0.059 
 208 I H   0.933 0.000 0.001 0.000 0.014 0.006 0.001 0.046 
 209 L H   0.936 0.000 0.001 0.000 0.014 0.005 0.001 0.043 
 210 F H   0.931 0.000 0.001 0.000 0.014 0.005 0.001 0.047 
 211 I H   0.918 0.000 0.001 0.000 0.015 0.005 0.001 0.060 
 212 L H   0.892 0.000 0.001 0.001 0.015 0.005 0.001 0.085 
 213 L H   0.851 0.000 0.001 0.001 0.015 0.006 0.002 0.124 
 214 S H   0.789 0.000 0.001 0.001 0.015 0.007 0.002 0.185 
 215 G H   0.705 0.000 0.001 0.001 0.014 0.008 0.004 0.267 
 216 C H   0.607 0.000 0.001 0.001 0.012 0.009 0.005 0.364 
 217 L H   0.501 0.000 0.001 0.001 0.010 0.009 0.008 0.469 
 218 P _   0.395 0.000 0.001 0.001 0.009 0.010 0.011 0.574 
 219 F _   0.302 0.000 0.001 0.002 0.007 0.011 0.014 0.664 
 220 Y _   0.225 0.000 0.001 0.002 0.006 0.011 0.016 0.738 
 221 G _   0.165 0.000 0.001 0.002 0.006 0.012 0.019 0.796 
 222 T _   0.122 0.000 0.001 0.003 0.005 0.013 0.021 0.834 
 223 K _   0.091 0.001 0.001 0.005 0.006 0.014 0.023 0.860 
 224 E _   0.069 0.002 0.001 0.007 0.006 0.015 0.025 0.875 
 225 R _   0.054 0.005 0.001 0.010 0.007 0.016 0.026 0.882 
 226 L _   0.042 0.008 0.001 0.013 0.008 0.017 0.028 0.883 
 227 F _   0.033 0.012 0.001 0.018 0.009 0.017 0.030 0.881 
 228 E _   0.027 0.015 0.001 0.021 0.009 0.017 0.031 0.878 
 229 G _   0.022 0.018 0.001 0.023 0.010 0.017 0.033 0.876 
 230 I _   0.019 0.020 0.001 0.024 0.009 0.016 0.035 0.877 
 231 I _   0.016 0.020 0.001 0.023 0.008 0.015 0.037 0.880 
 232 K _   0.014 0.020 0.001 0.021 0.007 0.013 0.039 0.885 
 233 G _   0.012 0.018 0.001 0.018 0.006 0.012 0.042 0.890 
 234 K _   0.011 0.016 0.001 0.015 0.005 0.011 0.044 0.897 
 235 Y _   0.009 0.014 0.001 0.012 0.004 0.010 0.047 0.902 
 236 K _   0.009 0.012 0.000 0.010 0.004 0.009 0.050 0.906 
 237 M _   0.008 0.010 0.000 0.009 0.003 0.009 0.052 0.908 
 238 N _   0.007 0.009 0.000 0.008 0.003 0.008 0.054 0.909 
 239 P _   0.007 0.009 0.000 0.008 0.003 0.008 0.056 0.909 
 240 R _   0.007 0.008 0.000 0.008 0.003 0.008 0.058 0.907 
 241 Q _   0.007 0.008 0.000 0.008 0.003 0.008 0.060 0.906 
 242 W _   0.006 0.008 0.000 0.008 0.003 0.008 0.062 0.904 
 243 S _   0.006 0.009 0.000 0.008 0.003 0.008 0.063 0.902 
 244 H _   0.006 0.009 0.000 0.008 0.003 0.009 0.064 0.900 
 245 I _   0.006 0.009 0.000 0.008 0.003 0.009 0.066 0.897 
 246 S _   0.007 0.010 0.000 0.009 0.004 0.010 0.067 0.893 
 247 E _   0.007 0.011 0.000 0.009 0.004 0.012 0.068 0.888 
 248 S _   0.008 0.013 0.001 0.010 0.005 0.013 0.069 0.881 
 249 A _   0.010 0.015 0.001 0.013 0.006 0.015 0.071 0.871 
 250 K _   0.011 0.017 0.001 0.015 0.007 0.017 0.072 0.859 
 251 D _   0.013 0.020 0.001 0.019 0.009 0.019 0.074 0.846 
 252 L _   0.015 0.023 0.001 0.022 0.010 0.021 0.075 0.833 
 253 V _   0.017 0.025 0.001 0.025 0.011 0.022 0.078 0.822 
 254 R _   0.018 0.026 0.001 0.026 0.012 0.023 0.080 0.815 
 255 R _   0.019 0.025 0.001 0.024 0.012 0.023 0.083 0.813 
 256 M _   0.019 0.024 0.001 0.022 0.011 0.023 0.086 0.815 
 257 L _   0.019 0.021 0.001 0.017 0.010 0.022 0.089 0.820 
 258 M _   0.020 0.019 0.001 0.013 0.008 0.021 0.093 0.825 
 259 L _   0.020 0.016 0.001 0.010 0.007 0.021 0.096 0.829 
 260 D _   0.021 0.015 0.001 0.008 0.007 0.021 0.099 0.829 
 261 P _   0.022 0.014 0.001 0.008 0.007 0.022 0.102 0.825 
 262 A _   0.025 0.015 0.001 0.008 0.008 0.023 0.105 0.815 
 263 E _   0.027 0.017 0.001 0.011 0.009 0.024 0.108 0.802 
 264 R _   0.029 0.020 0.001 0.015 0.011 0.026 0.111 0.787 
 265 I _   0.030 0.025 0.001 0.020 0.013 0.026 0.115 0.770 
 266 T _   0.030 0.029 0.001 0.026 0.014 0.026 0.119 0.755 
 267 V _   0.029 0.032 0.001 0.030 0.015 0.025 0.124 0.745 
 268 Y _   0.027 0.033 0.001 0.031 0.014 0.024 0.129 0.741 
 269 E _   0.024 0.032 0.001 0.030 0.013 0.022 0.135 0.743 
 270 A _   0.021 0.030 0.001 0.027 0.011 0.019 0.142 0.749 
 271 L _   0.018 0.027 0.001 0.023 0.009 0.017 0.148 0.758 
 272 N _   0.016 0.022 0.001 0.018 0.007 0.014 0.155 0.768 
 273 H _   0.013 0.017 0.001 0.014 0.005 0.012 0.161 0.778 
 274 P _   0.011 0.013 0.000 0.010 0.004 0.010 0.167 0.785 
 275 W _   0.010 0.009 0.000 0.007 0.003 0.008 0.172 0.791 
 276 L _   0.008 0.007 0.000 0.006 0.002 0.007 0.176 0.794 
 277 K _   0.007 0.005 0.000 0.005 0.002 0.006 0.179 0.795 
 278 E _   0.006 0.005 0.000 0.004 0.002 0.006 0.182 0.795 
 279 R _   0.006 0.005 0.000 0.004 0.002 0.006 0.184 0.794 
 280 D _   0.006 0.005 0.000 0.004 0.002 0.007 0.185 0.792 
 281 R _   0.006 0.006 0.000 0.004 0.002 0.007 0.186 0.788 
 282 Y _   0.006 0.008 0.000 0.005 0.002 0.009 0.187 0.782 
 283 A _   0.007 0.012 0.000 0.007 0.003 0.010 0.187 0.773 
 284 Y _   0.008 0.018 0.000 0.009 0.004 0.012 0.187 0.761 
 285 K _   0.009 0.026 0.001 0.013 0.006 0.014 0.186 0.745 
 286 I _   0.010 0.036 0.001 0.017 0.007 0.017 0.186 0.726 
 287 H _   0.011 0.048 0.001 0.023 0.009 0.018 0.185 0.705 
 288 L _   0.011 0.058 0.001 0.029 0.011 0.020 0.186 0.684 
 289 P _   0.012 0.066 0.001 0.034 0.013 0.021 0.186 0.667 
 290 E _   0.012 0.072 0.001 0.038 0.013 0.021 0.188 0.654 
 291 T _   0.013 0.074 0.001 0.040 0.014 0.021 0.191 0.646 
 292 V _   0.013 0.074 0.001 0.039 0.013 0.021 0.194 0.645 
 293 E _   0.012 0.071 0.001 0.036 0.012 0.019 0.199 0.649 
 294 Q _   0.012 0.065 0.001 0.031 0.010 0.018 0.204 0.660 
 295 L _   0.011 0.056 0.001 0.024 0.008 0.016 0.210 0.675 
 296 R _   0.010 0.044 0.001 0.017 0.006 0.014 0.215 0.692 
 297 K _   0.009 0.033 0.001 0.011 0.004 0.013 0.220 0.708 
 298 F _   0.009 0.025 0.000 0.007 0.003 0.013 0.225 0.719 
 299 N _   0.009 0.020 0.000 0.004 0.003 0.013 0.228 0.723 
 300 A _   0.010 0.019 0.000 0.003 0.003 0.014 0.230 0.720 
 301 R _   0.013 0.020 0.000 0.004 0.003 0.017 0.232 0.711 
 302 R _   0.017 0.024 0.001 0.005 0.006 0.022 0.233 0.692 
 303 K _   0.023 0.037 0.001 0.009 0.011 0.028 0.234 0.657 
 304 L _   0.029 0.068 0.002 0.018 0.018 0.035 0.234 0.597 
 305 K _   0.033 0.122 0.002 0.029 0.026 0.040 0.234 0.513 
 306 G _   0.035 0.184 0.003 0.043 0.032 0.042 0.234 0.429 
 307 A _   0.035 0.234 0.002 0.055 0.034 0.042 0.236 0.363 
 308 V _   0.034 0.265 0.002 0.063 0.034 0.040 0.240 0.321 
 309 L _   0.033 0.281 0.002 0.069 0.033 0.038 0.245 0.299 
 310 A _   0.031 0.286 0.002 0.070 0.031 0.036 0.253 0.292 
 311 A _   0.029 0.282 0.002 0.067 0.028 0.032 0.263 0.296 
 312 V _   0.027 0.271 0.002 0.061 0.025 0.029 0.276 0.310 
 313 S _   0.024 0.249 0.002 0.053 0.021 0.026 0.293 0.333 
 314 S _   0.022 0.214 0.002 0.044 0.017 0.023 0.313 0.365 
 315 H _   0.020 0.171 0.002 0.035 0.014 0.020 0.337 0.402 
 316 K _   0.018 0.126 0.001 0.027 0.010 0.017 0.362 0.438 
 317 F _   0.016 0.087 0.001 0.020 0.007 0.014 0.386 0.469 
 318 N _   0.013 0.056 0.001 0.015 0.005 0.012 0.407 0.491 
 319 S _   0.011 0.035 0.001 0.011 0.004 0.009 0.423 0.507 
 320 F _   0.009 0.022 0.000 0.008 0.002 0.008 0.436 0.515 
 321 Y _   0.007 0.014 0.000 0.006 0.002 0.006 0.445 0.520 
 322 G _   0.006 0.009 0.000 0.005 0.001 0.005 0.452 0.521 
 323 D _   0.005 0.006 0.000 0.004 0.001 0.005 0.457 0.522 
 324 P _   0.004 0.004 0.000 0.004 0.001 0.004 0.461 0.522 
 325 P _   0.004 0.003 0.000 0.004 0.001 0.004 0.463 0.521 
 326 E _   0.003 0.002 0.000 0.004 0.001 0.004 0.465 0.521 
 327 E _   0.003 0.002 0.000 0.004 0.001 0.004 0.465 0.521 
 328 L _   0.003 0.002 0.000 0.004 0.001 0.004 0.465 0.521 
 329 P _   0.003 0.002 0.000 0.004 0.001 0.004 0.463 0.523 
 330 D _   0.003 0.002 0.000 0.004 0.001 0.004 0.461 0.526 
 331 F _   0.002 0.002 0.000 0.004 0.001 0.004 0.457 0.529 
 332 S _   0.002 0.002 0.000 0.004 0.001 0.005 0.453 0.533 
 333 E _   0.003 0.002 0.000 0.004 0.001 0.006 0.447 0.537 
 334 D _   0.003 0.003 0.000 0.004 0.001 0.008 0.440 0.541 
 335 P _   0.004 0.005 0.000 0.005 0.002 0.011 0.431 0.542 
 336 T _   0.006 0.009 0.000 0.007 0.004 0.015 0.421 0.538 
 337 S _   0.008 0.018 0.001 0.011 0.006 0.022 0.407 0.527 
 338 S _   0.012 0.033 0.001 0.018 0.011 0.029 0.390 0.505 
 339 G _   0.016 0.057 0.002 0.027 0.018 0.037 0.372 0.472 
 340 L _   0.021 0.084 0.002 0.037 0.024 0.044 0.353 0.436 
 341 L _   0.025 0.106 0.002 0.046 0.030 0.050 0.336 0.405 
 342 A _   0.029 0.122 0.002 0.053 0.035 0.053 0.323 0.384 
 343 A _   0.032 0.131 0.002 0.055 0.037 0.055 0.313 0.375 
 344 E _   0.036 0.134 0.002 0.053 0.038 0.055 0.306 0.376 
 345 R _   0.039 0.132 0.002 0.048 0.038 0.054 0.300 0.386 
 346 A _   0.042 0.126 0.002 0.041 0.035 0.053 0.296 0.405 
 347 V _   0.045 0.116 0.002 0.032 0.032 0.050 0.292 0.430 
 348 S _   0.046 0.103 0.002 0.024 0.027 0.048 0.290 0.459 
 349 Q _   0.046 0.091 0.001 0.018 0.023 0.045 0.289 0.486 
 350 V _   0.046 0.080 0.001 0.015 0.019 0.042 0.288 0.509 
 351 L _   0.044 0.073 0.001 0.013 0.017 0.039 0.287 0.526 
 352 D _   0.042 0.068 0.001 0.013 0.015 0.036 0.287 0.538 
 353 S _   0.040 0.065 0.001 0.014 0.014 0.034 0.286 0.546 
 354 L _   0.037 0.063 0.001 0.016 0.013 0.031 0.286 0.553 
 355 E _   0.033 0.061 0.001 0.018 0.012 0.028 0.286 0.560 
 356 E _   0.030 0.059 0.001 0.020 0.011 0.025 0.286 0.568 
 357 I _   0.026 0.056 0.001 0.020 0.010 0.022 0.287 0.579 
 358 H _   0.022 0.051 0.001 0.019 0.009 0.019 0.288 0.592 
 359 A _   0.019 0.044 0.001 0.016 0.007 0.016 0.290 0.608 
 360 L _   0.016 0.036 0.001 0.013 0.005 0.013 0.291 0.626 
 361 T _   0.013 0.028 0.001 0.009 0.004 0.011 0.292 0.642 
 362 D _   0.010 0.022 0.000 0.006 0.003 0.009 0.293 0.656 
 363 C _   0.008 0.018 0.000 0.004 0.002 0.008 0.293 0.666 
 364 S _   0.007 0.016 0.000 0.003 0.002 0.008 0.292 0.671 
 365 E _   0.007 0.016 0.000 0.003 0.002 0.008 0.291 0.673 
 366 K _   0.007 0.018 0.000 0.003 0.002 0.009 0.289 0.671 
 367 D _   0.008 0.023 0.000 0.005 0.003 0.011 0.286 0.662 
 368 L _   0.010 0.034 0.001 0.008 0.005 0.014 0.283 0.646 
 369 D _   0.012 0.056 0.001 0.012 0.007 0.017 0.278 0.618 
 370 F _   0.012 0.089 0.001 0.017 0.010 0.020 0.273 0.579 
 371 L _   0.013 0.126 0.001 0.022 0.011 0.021 0.267 0.538 
 372 H _   0.013 0.159 0.001 0.026 0.013 0.022 0.262 0.505 
 373 S _   0.012 0.184 0.001 0.027 0.013 0.023 0.259 0.481 
 374 V _   0.012 0.202 0.001 0.028 0.013 0.023 0.256 0.464 
 375 F _   0.013 0.215 0.001 0.027 0.013 0.023 0.254 0.453 
 376 Q _   0.013 0.224 0.001 0.026 0.014 0.024 0.253 0.446 
 377 D _   0.014 0.230 0.001 0.025 0.014 0.024 0.253 0.440 
 378 Q _   0.014 0.234 0.001 0.025 0.014 0.023 0.254 0.435 
 379 H _   0.015 0.238 0.001 0.026 0.014 0.023 0.255 0.430 
 380 L _   0.015 0.240 0.001 0.027 0.013 0.022 0.257 0.425 
 381 H _   0.015 0.240 0.001 0.029 0.013 0.022 0.259 0.422 
 382 T _   0.015 0.238 0.001 0.030 0.013 0.020 0.262 0.421 
 383 L _   0.015 0.233 0.001 0.031 0.012 0.019 0.267 0.422 
 384 L _   0.014 0.224 0.001 0.031 0.011 0.018 0.272 0.429 
 385 D _   0.013 0.210 0.001 0.030 0.010 0.016 0.278 0.441 
 386 L _   0.013 0.190 0.001 0.027 0.009 0.015 0.286 0.458 
 387 Y _   0.012 0.164 0.001 0.024 0.008 0.013 0.295 0.482 
 388 D _   0.012 0.134 0.001 0.021 0.007 0.012 0.305 0.509 
 389 K _   0.011 0.104 0.001 0.017 0.006 0.011 0.315 0.536 
 390 I _   0.010 0.076 0.001 0.014 0.005 0.010 0.325 0.560 
 391 N _   0.009 0.055 0.001 0.011 0.004 0.009 0.334 0.579 
 392 T _   0.008 0.039 0.000 0.008 0.003 0.007 0.341 0.593 
 393 K _   0.007 0.029 0.000 0.007 0.002 0.007 0.346 0.601 
 394 S _   0.006 0.023 0.000 0.006 0.002 0.006 0.351 0.607 
 395 S _   0.005 0.019 0.000 0.005 0.001 0.005 0.354 0.610 
 396 P _   0.005 0.016 0.000 0.004 0.001 0.005 0.355 0.613 
 397 Q _   0.004 0.015 0.000 0.004 0.001 0.005 0.356 0.615 
 398 I _   0.004 0.015 0.000 0.004 0.001 0.005 0.356 0.616 
 399 R _   0.004 0.015 0.000 0.004 0.001 0.005 0.354 0.617 
 400 N _   0.003 0.016 0.000 0.004 0.001 0.005 0.352 0.618 
 401 P _   0.003 0.018 0.000 0.005 0.002 0.006 0.348 0.617 
 402 P _   0.004 0.023 0.000 0.006 0.002 0.007 0.344 0.615 
 403 S _   0.004 0.030 0.000 0.008 0.003 0.009 0.338 0.608 
 404 D _   0.005 0.043 0.000 0.011 0.004 0.011 0.330 0.595 
 405 A _   0.006 0.065 0.001 0.016 0.006 0.014 0.320 0.573 
 406 V _   0.007 0.097 0.001 0.022 0.008 0.016 0.309 0.540 
 407 Q _   0.008 0.140 0.001 0.030 0.011 0.019 0.296 0.496 
 408 R _   0.008 0.188 0.001 0.039 0.013 0.020 0.283 0.448 
 409 A _   0.008 0.233 0.002 0.048 0.015 0.021 0.271 0.402 
 410 K _   0.008 0.266 0.001 0.057 0.016 0.021 0.263 0.369 
 411 E _   0.008 0.287 0.001 0.063 0.016 0.021 0.257 0.347 
 412 V _   0.008 0.297 0.001 0.067 0.016 0.020 0.254 0.337 
 413 L _   0.008 0.300 0.001 0.068 0.015 0.019 0.253 0.335 
 414 E _   0.008 0.296 0.001 0.065 0.014 0.018 0.253 0.343 
 415 E _   0.009 0.284 0.001 0.060 0.013 0.016 0.256 0.362 
 416 I _   0.009 0.258 0.001 0.051 0.012 0.015 0.260 0.395 
 417 S _   0.009 0.214 0.001 0.041 0.010 0.013 0.266 0.445 
 418 C _   0.009 0.156 0.001 0.030 0.008 0.012 0.273 0.510 
 419 Y _   0.009 0.098 0.001 0.020 0.006 0.010 0.280 0.575 
 420 P _   0.008 0.053 0.001 0.012 0.004 0.009 0.286 0.627 
 421 E _   0.007 0.027 0.000 0.007 0.003 0.008 0.290 0.659 
 422 N _   0.005 0.015 0.000 0.004 0.002 0.007 0.291 0.676 
 423 N _   0.005 0.009 0.000 0.003 0.001 0.007 0.292 0.684 
 424 D _   0.004 0.007 0.000 0.002 0.001 0.007 0.291 0.686 
 425 A _   0.005 0.007 0.000 0.003 0.001 0.009 0.289 0.685 
 426 K _   0.006 0.008 0.000 0.004 0.002 0.012 0.286 0.681 
 427 E _   0.008 0.011 0.000 0.006 0.003 0.016 0.282 0.672 
 428 L _   0.011 0.016 0.001 0.010 0.005 0.021 0.277 0.658 
 429 K _   0.014 0.024 0.001 0.014 0.008 0.027 0.271 0.640 
 430 R _   0.018 0.033 0.001 0.019 0.012 0.033 0.265 0.618 
 431 I _   0.022 0.043 0.001 0.023 0.017 0.039 0.259 0.596 
 432 L _   0.027 0.051 0.001 0.027 0.021 0.044 0.253 0.575 
 433 T _   0.032 0.058 0.002 0.029 0.026 0.049 0.249 0.557 
 434 Q _   0.037 0.062 0.002 0.031 0.030 0.052 0.245 0.541 
 435 P _   0.043 0.066 0.002 0.031 0.033 0.054 0.242 0.529 
 436 H _   0.049 0.067 0.002 0.031 0.035 0.055 0.241 0.521 
 437 F _   0.054 0.067 0.002 0.030 0.035 0.054 0.240 0.517 
 438 M _   0.058 0.066 0.002 0.029 0.034 0.052 0.241 0.519 
 439 A _   0.060 0.063 0.002 0.027 0.031 0.050 0.242 0.526 
 440 L _   0.060 0.058 0.002 0.024 0.028 0.047 0.244 0.538 
 441 L _   0.058 0.052 0.002 0.021 0.024 0.043 0.247 0.554 
 442 Q _   0.055 0.045 0.001 0.018 0.021 0.039 0.250 0.572 
 443 T _   0.050 0.039 0.001 0.015 0.017 0.035 0.253 0.590 
 444 H _   0.045 0.033 0.001 0.014 0.014 0.031 0.256 0.606 
 445 D _   0.040 0.028 0.001 0.013 0.012 0.027 0.260 0.619 
 446 V _   0.035 0.024 0.001 0.012 0.010 0.024 0.263 0.630 
 447 V _   0.031 0.021 0.001 0.011 0.008 0.021 0.267 0.639 
 448 A _   0.027 0.019 0.001 0.010 0.007 0.019 0.271 0.647 
 449 H _   0.023 0.016 0.001 0.010 0.006 0.017 0.274 0.654 
 450 E _   0.019 0.014 0.001 0.009 0.005 0.015 0.277 0.660 
 451 V _   0.016 0.013 0.001 0.008 0.005 0.013 0.279 0.664 
 452 Y _   0.014 0.012 0.001 0.008 0.004 0.012 0.282 0.667 
 453 S _   0.013 0.011 0.000 0.008 0.004 0.012 0.284 0.668 
 454 D _   0.012 0.011 0.000 0.008 0.004 0.011 0.286 0.667 
 455 E _   0.011 0.011 0.000 0.009 0.004 0.011 0.289 0.664 
 456 A _   0.011 0.012 0.001 0.010 0.004 0.011 0.291 0.660 
 457 L _   0.010 0.013 0.001 0.012 0.005 0.011 0.293 0.656 
 458 R _   0.010 0.013 0.001 0.013 0.005 0.011 0.296 0.652 
 459 V _   0.009 0.014 0.001 0.015 0.005 0.010 0.299 0.648 
 460 T _   0.008 0.014 0.001 0.015 0.005 0.010 0.301 0.646 
 461 P _   0.008 0.013 0.001 0.015 0.004 0.009 0.305 0.645 
 462 P _   0.007 0.013 0.000 0.014 0.004 0.008 0.308 0.645 
 463 P _   0.007 0.012 0.000 0.013 0.004 0.008 0.311 0.645 
 464 T _   0.006 0.010 0.000 0.012 0.003 0.007 0.315 0.646 
 465 S _   0.006 0.009 0.000 0.010 0.003 0.006 0.318 0.647 
 466 P _   0.005 0.008 0.000 0.009 0.002 0.006 0.321 0.649 
 467 Y _   0.005 0.007 0.000 0.008 0.002 0.005 0.323 0.651 
 468 L _   0.004 0.006 0.000 0.007 0.002 0.005 0.324 0.652 
 469 N _   0.004 0.005 0.000 0.006 0.001 0.004 0.325 0.654 
 470 G _   0.004 0.005 0.000 0.005 0.001 0.004 0.324 0.656 
 471 D _   0.003 0.005 0.000 0.005 0.001 0.004 0.323 0.658 
 472 S _   0.003 0.006 0.000 0.005 0.001 0.004 0.321 0.660 
 473 P _   0.003 0.006 0.000 0.005 0.001 0.004 0.318 0.663 
 474 E _   0.003 0.007 0.000 0.005 0.001 0.004 0.314 0.665 
 475 S _   0.003 0.009 0.000 0.005 0.001 0.005 0.309 0.668 
 476 A _   0.003 0.013 0.000 0.006 0.002 0.006 0.302 0.669 
 477 N _   0.003 0.018 0.000 0.007 0.002 0.007 0.294 0.669 
 478 G _   0.004 0.026 0.000 0.009 0.003 0.009 0.284 0.665 
 479 D _   0.004 0.040 0.001 0.012 0.004 0.011 0.273 0.656 
 480 M _   0.006 0.060 0.001 0.017 0.005 0.014 0.259 0.638 
 481 D _   0.007 0.089 0.001 0.023 0.008 0.018 0.244 0.612 
 482 M _   0.008 0.127 0.001 0.030 0.010 0.021 0.227 0.575 
 483 E _   0.009 0.170 0.001 0.039 0.013 0.024 0.210 0.532 
 484 N _   0.010 0.213 0.002 0.049 0.016 0.026 0.195 0.489 
 485 V _   0.011 0.247 0.002 0.059 0.018 0.027 0.182 0.454 
 486 T _   0.011 0.270 0.002 0.067 0.019 0.027 0.173 0.430 
 487 R _   0.012 0.283 0.001 0.073 0.019 0.027 0.166 0.419 
 488 V _   0.012 0.287 0.001 0.075 0.019 0.026 0.161 0.419 
 489 R _   0.012 0.283 0.001 0.073 0.018 0.024 0.158 0.430 
 490 L _   0.012 0.270 0.001 0.066 0.016 0.022 0.157 0.455 
 491 V _   0.012 0.244 0.002 0.056 0.014 0.020 0.156 0.497 
 492 Q _   0.012 0.199 0.002 0.043 0.012 0.017 0.156 0.558 
 493 F _   0.012 0.141 0.001 0.030 0.009 0.015 0.157 0.634 
 494 Q _   0.011 0.085 0.001 0.019 0.007 0.013 0.157 0.707 
 495 K _   0.010 0.044 0.001 0.011 0.005 0.011 0.157 0.762 
 496 N _   0.008 0.021 0.000 0.007 0.003 0.010 0.156 0.795 
 497 T _   0.007 0.011 0.000 0.005 0.002 0.009 0.155 0.812 
 498 D _   0.006 0.007 0.000 0.004 0.002 0.009 0.152 0.820 
 499 E _   0.006 0.005 0.000 0.004 0.002 0.010 0.149 0.823 
 500 P _   0.007 0.004 0.000 0.006 0.003 0.011 0.146 0.823 
 501 M _   0.009 0.004 0.000 0.008 0.004 0.013 0.142 0.820 
 502 G _   0.010 0.004 0.001 0.011 0.005 0.016 0.137 0.817 
 503 I _   0.013 0.004 0.001 0.013 0.006 0.018 0.132 0.814 
 504 T _   0.017 0.004 0.001 0.014 0.007 0.020 0.126 0.811 
 505 L _   0.023 0.003 0.001 0.014 0.007 0.023 0.121 0.808 
 506 K _   0.032 0.003 0.001 0.012 0.008 0.026 0.115 0.803 
 507 M _   0.047 0.002 0.001 0.010 0.009 0.029 0.109 0.793 
 508 N _   0.070 0.001 0.001 0.007 0.010 0.033 0.103 0.774 
 509 E _   0.103 0.001 0.001 0.005 0.013 0.038 0.097 0.743 
 510 L _   0.147 0.000 0.001 0.004 0.016 0.043 0.091 0.696 
 511 N _   0.201 0.000 0.001 0.004 0.022 0.049 0.085 0.637 
 512 H _   0.259 0.000 0.002 0.005 0.030 0.055 0.079 0.570 
 513 C _   0.316 0.001 0.002 0.006 0.038 0.060 0.075 0.503 
 514 I _   0.366 0.001 0.002 0.007 0.047 0.063 0.071 0.443 
 515 V H   0.405 0.002 0.002 0.009 0.053 0.064 0.069 0.396 
 516 A H   0.430 0.003 0.003 0.010 0.058 0.063 0.068 0.366 
 517 R H   0.443 0.003 0.003 0.011 0.059 0.061 0.067 0.352 
 518 I H   0.444 0.004 0.003 0.012 0.059 0.059 0.068 0.353 
 519 M H   0.432 0.004 0.003 0.012 0.055 0.055 0.069 0.370 
 520 H H   0.409 0.004 0.003 0.012 0.050 0.051 0.070 0.402 
 521 G _   0.373 0.003 0.002 0.012 0.044 0.046 0.073 0.446 
 522 G _   0.330 0.003 0.002 0.011 0.036 0.041 0.076 0.500 
 523 M _   0.282 0.002 0.002 0.010 0.027 0.037 0.080 0.560 
 524 I _   0.229 0.001 0.002 0.009 0.021 0.032 0.085 0.622 
 525 H _   0.179 0.001 0.001 0.008 0.015 0.027 0.089 0.680 
 526 R _   0.134 0.001 0.001 0.007 0.011 0.023 0.093 0.730 
 527 Q _   0.097 0.001 0.001 0.006 0.008 0.019 0.096 0.772 
 528 G _   0.068 0.000 0.001 0.005 0.006 0.017 0.099 0.803 
 529 T _   0.048 0.000 0.001 0.005 0.005 0.014 0.102 0.826 
 530 L _   0.034 0.000 0.000 0.004 0.004 0.013 0.104 0.841 
 531 H _   0.025 0.000 0.000 0.004 0.003 0.012 0.105 0.849 
 532 V _   0.021 0.000 0.000 0.004 0.003 0.012 0.106 0.853 
 533 G _   0.018 0.001 0.000 0.004 0.003 0.012 0.107 0.854 
 534 D _   0.017 0.001 0.000 0.005 0.004 0.013 0.108 0.852 
 535 E _   0.017 0.002 0.001 0.006 0.005 0.015 0.108 0.848 
 536 I _   0.018 0.002 0.001 0.007 0.005 0.016 0.109 0.842 
 537 R _   0.019 0.004 0.001 0.008 0.006 0.018 0.109 0.835 
 538 E _   0.021 0.005 0.001 0.009 0.008 0.020 0.110 0.827 
 539 I _   0.023 0.007 0.001 0.010 0.009 0.023 0.111 0.817 
 540 N _   0.025 0.009 0.001 0.011 0.010 0.025 0.111 0.807 
 541 G _   0.028 0.012 0.001 0.013 0.012 0.027 0.112 0.796 
 542 I _   0.030 0.014 0.001 0.015 0.014 0.029 0.113 0.784 
 543 S _   0.032 0.017 0.001 0.017 0.015 0.031 0.114 0.773 
 544 V _   0.033 0.020 0.001 0.018 0.016 0.032 0.116 0.763 
 545 A _   0.034 0.022 0.001 0.020 0.017 0.032 0.118 0.756 
 546 N _   0.034 0.024 0.001 0.021 0.016 0.032 0.121 0.752 
 547 Q _   0.032 0.025 0.001 0.021 0.016 0.031 0.123 0.752 
 548 T _   0.031 0.025 0.001 0.020 0.014 0.029 0.127 0.754 
 549 V _   0.029 0.024 0.001 0.018 0.013 0.028 0.130 0.758 
 550 E _   0.027 0.024 0.001 0.016 0.011 0.026 0.133 0.763 
 551 Q _   0.024 0.022 0.001 0.014 0.009 0.025 0.136 0.768 
 552 L _   0.022 0.021 0.001 0.012 0.008 0.023 0.140 0.773 
 553 Q _   0.021 0.021 0.001 0.010 0.007 0.022 0.143 0.776 
 554 K _   0.020 0.020 0.001 0.009 0.007 0.022 0.146 0.776 
 555 M _   0.019 0.021 0.001 0.008 0.006 0.022 0.148 0.774 
 556 L _   0.020 0.022 0.001 0.009 0.007 0.022 0.151 0.770 
 557 R _   0.020 0.024 0.001 0.009 0.007 0.023 0.154 0.762 
 558 E _   0.021 0.028 0.001 0.011 0.008 0.024 0.156 0.751 
 559 M _   0.023 0.034 0.001 0.013 0.010 0.026 0.159 0.735 
 560 R _   0.024 0.041 0.001 0.016 0.012 0.027 0.162 0.717 
 561 G _   0.025 0.049 0.001 0.021 0.014 0.028 0.165 0.696 
 562 S _   0.027 0.059 0.001 0.026 0.017 0.029 0.168 0.673 
 563 I _   0.027 0.067 0.001 0.032 0.018 0.030 0.173 0.650 
 564 T _   0.027 0.073 0.001 0.037 0.019 0.030 0.179 0.633 
 565 F _   0.027 0.077 0.001 0.041 0.019 0.029 0.185 0.620 
 566 K _   0.026 0.078 0.001 0.043 0.018 0.027 0.193 0.614 
 567 I _   0.024 0.076 0.001 0.042 0.017 0.025 0.202 0.614 
 568 V _   0.021 0.071 0.001 0.038 0.014 0.022 0.213 0.620 
 569 P _   0.019 0.063 0.001 0.032 0.011 0.019 0.224 0.630 
 570 S _   0.016 0.053 0.001 0.026 0.009 0.016 0.236 0.642 
 571 Y _   0.014 0.042 0.001 0.020 0.007 0.014 0.247 0.655 
 572 R _   0.012 0.031 0.001 0.015 0.005 0.012 0.259 0.666 
 573 T _   0.010 0.023 0.000 0.011 0.004 0.010 0.269 0.674 
 574 Q _   0.009 0.016 0.000 0.008 0.003 0.008 0.277 0.678 
 575 S _   0.007 0.012 0.000 0.007 0.002 0.007 0.284 0.680 
 576 S _   0.006 0.009 0.000 0.006 0.002 0.006 0.290 0.679 
 577 S _   0.006 0.008 0.000 0.006 0.002 0.006 0.295 0.678 
 578 C _   0.005 0.007 0.000 0.006 0.002 0.006 0.299 0.676 
 579 E _   0.005 0.006 0.000 0.006 0.002 0.005 0.302 0.673 
 580 R _   0.004 0.006 0.000 0.007 0.002 0.005 0.304 0.671 
 581 D _   0.004 0.006 0.000 0.007 0.002 0.005 0.306 0.669 
 582 S _   0.004 0.006 0.000 0.008 0.002 0.005 0.307 0.668 
 583 P _   0.004 0.006 0.000 0.008 0.002 0.005 0.308 0.667 
 584 S _   0.004 0.007 0.000 0.008 0.002 0.005 0.308 0.667 
 585 T _   0.003 0.007 0.000 0.008 0.002 0.005 0.308 0.667 
 586 S _   0.003 0.007 0.000 0.008 0.002 0.005 0.307 0.667 
 587 R _   0.003 0.008 0.000 0.008 0.002 0.005 0.306 0.667 
 588 Q _   0.003 0.009 0.000 0.008 0.002 0.005 0.305 0.668 
 589 S _   0.003 0.010 0.000 0.008 0.002 0.005 0.303 0.669 
 590 P _   0.003 0.011 0.000 0.009 0.002 0.005 0.301 0.669 
 591 A _   0.003 0.012 0.000 0.009 0.002 0.005 0.298 0.670 
 592 N _   0.003 0.014 0.000 0.009 0.002 0.005 0.295 0.671 
 593 G _   0.003 0.017 0.000 0.010 0.002 0.006 0.292 0.671 
 594 H _   0.003 0.020 0.000 0.011 0.002 0.006 0.288 0.671 
 595 S _   0.003 0.023 0.000 0.011 0.002 0.006 0.284 0.670 
 596 S _   0.003 0.027 0.000 0.013 0.002 0.006 0.279 0.668 
 597 T _   0.003 0.032 0.000 0.014 0.003 0.007 0.275 0.666 
 598 N _   0.003 0.037 0.000 0.016 0.003 0.007 0.271 0.663 
 599 N _   0.003 0.042 0.000 0.017 0.003 0.008 0.266 0.661 
 600 S _   0.003 0.046 0.000 0.017 0.003 0.008 0.262 0.659 
 601 V _   0.004 0.050 0.000 0.017 0.003 0.008 0.259 0.659 
 602 S _   0.004 0.053 0.000 0.017 0.003 0.008 0.256 0.660 
 603 D _   0.004 0.055 0.000 0.015 0.003 0.008 0.253 0.662 
 604 L _   0.004 0.057 0.000 0.014 0.003 0.008 0.250 0.665 
 605 P _   0.004 0.059 0.000 0.012 0.003 0.008 0.247 0.668 
 606 S _   0.004 0.061 0.000 0.010 0.002 0.008 0.244 0.671 
 607 T _   0.004 0.064 0.000 0.009 0.002 0.008 0.241 0.671 
 608 T _   0.004 0.068 0.000 0.009 0.003 0.009 0.237 0.669 
 609 Q _   0.005 0.075 0.000 0.010 0.003 0.011 0.233 0.662 
 610 P _   0.006 0.089 0.001 0.013 0.005 0.013 0.228 0.647 
 611 K _   0.007 0.111 0.001 0.018 0.007 0.016 0.221 0.620 
 612 G _   0.008 0.145 0.001 0.026 0.010 0.018 0.214 0.579 
 613 R _   0.009 0.187 0.001 0.036 0.012 0.020 0.206 0.530 
 614 Q _   0.009 0.229 0.001 0.047 0.014 0.020 0.199 0.480 
 615 I _   0.009 0.262 0.001 0.057 0.015 0.021 0.193 0.443 
 616 Y _   0.009 0.281 0.001 0.064 0.015 0.020 0.190 0.420 
 617 V _   0.009 0.289 0.001 0.068 0.014 0.019 0.189 0.410 
 618 R _   0.009 0.290 0.001 0.067 0.013 0.018 0.190 0.412 
 619 A _   0.009 0.283 0.001 0.062 0.012 0.017 0.191 0.424 
 620 Q _   0.008 0.265 0.001 0.054 0.011 0.015 0.194 0.451 
 621 F _   0.008 0.233 0.001 0.043 0.009 0.013 0.199 0.493 
 622 E _   0.008 0.188 0.001 0.031 0.007 0.011 0.205 0.548 
 623 Y _   0.008 0.140 0.001 0.021 0.005 0.010 0.211 0.605 
 624 D _   0.007 0.100 0.001 0.013 0.004 0.008 0.216 0.652 
 625 P _   0.006 0.076 0.000 0.007 0.002 0.007 0.219 0.682 
 626 A _   0.005 0.064 0.000 0.005 0.002 0.006 0.220 0.699 
 627 K _   0.004 0.059 0.000 0.003 0.001 0.006 0.220 0.706 
 628 D _   0.004 0.059 0.000 0.003 0.001 0.006 0.219 0.708 
 629 D _   0.004 0.061 0.000 0.004 0.002 0.007 0.216 0.705 
 630 L _   0.005 0.070 0.000 0.007 0.003 0.010 0.212 0.694 
 631 I _   0.006 0.089 0.001 0.011 0.004 0.013 0.205 0.671 
 632 P _   0.008 0.126 0.001 0.017 0.007 0.016 0.196 0.630 
 633 C _   0.009 0.183 0.001 0.024 0.010 0.019 0.185 0.569 
 634 K _   0.009 0.256 0.002 0.030 0.013 0.021 0.172 0.497 
 635 E _   0.009 0.333 0.002 0.035 0.014 0.022 0.160 0.425 
 636 A E   0.008 0.400 0.002 0.037 0.015 0.022 0.150 0.364 
 637 G E   0.008 0.453 0.002 0.038 0.016 0.022 0.143 0.318 
 638 I E   0.008 0.490 0.001 0.039 0.016 0.022 0.138 0.285 
 639 R E   0.008 0.515 0.001 0.038 0.016 0.022 0.135 0.265 
 640 F E   0.009 0.530 0.001 0.038 0.016 0.021 0.133 0.252 
 641 R E   0.009 0.538 0.001 0.038 0.016 0.021 0.133 0.244 
 642 V E   0.010 0.541 0.001 0.038 0.016 0.020 0.133 0.241 
 643 G E   0.010 0.539 0.001 0.038 0.016 0.020 0.134 0.242 
 644 D E   0.011 0.532 0.001 0.038 0.015 0.019 0.136 0.249 
 645 I E   0.011 0.517 0.001 0.038 0.015 0.018 0.139 0.261 
 646 I E   0.012 0.493 0.001 0.037 0.014 0.018 0.143 0.282 
 647 Q E   0.013 0.455 0.002 0.036 0.014 0.017 0.150 0.315 
 648 I E   0.013 0.400 0.002 0.034 0.013 0.017 0.158 0.363 
 649 I _   0.014 0.332 0.002 0.031 0.012 0.016 0.169 0.424 
 650 S _   0.013 0.259 0.002 0.027 0.011 0.015 0.181 0.492 
 651 K _   0.013 0.191 0.001 0.022 0.009 0.014 0.193 0.556 
 652 D _   0.012 0.138 0.001 0.018 0.007 0.013 0.204 0.608 
 653 D _   0.010 0.099 0.001 0.014 0.005 0.012 0.213 0.645 
 654 H _   0.009 0.073 0.001 0.012 0.004 0.011 0.220 0.670 
 655 N _   0.008 0.055 0.000 0.011 0.003 0.010 0.227 0.686 
 656 W _   0.007 0.043 0.000 0.010 0.003 0.009 0.231 0.697 
 657 W _   0.007 0.034 0.000 0.009 0.002 0.008 0.235 0.704 
 658 Q _   0.006 0.028 0.000 0.008 0.002 0.007 0.238 0.711 
 659 G _   0.005 0.022 0.000 0.008 0.002 0.006 0.240 0.717 
 660 K _   0.005 0.018 0.000 0.007 0.002 0.006 0.241 0.722 
 661 L _   0.004 0.014 0.000 0.006 0.002 0.005 0.241 0.727 
 662 E _   0.004 0.012 0.000 0.005 0.002 0.005 0.241 0.731 
 663 N _   0.003 0.010 0.000 0.005 0.001 0.005 0.241 0.734 
