#TopoPred_TM8: 8-state transmembrane topology prediction results by no_profile mode 
#probabilities are in the order of H E C I L F X _, the 8 transmembrane topology types used in PDBTM 
   1 M X   0.008 0.001 0.002 0.049 0.008 0.007 0.841 0.085 
   2 G X   0.003 0.000 0.000 0.029 0.001 0.003 0.867 0.096 
   3 N X   0.001 0.000 0.000 0.017 0.000 0.002 0.874 0.105 
   4 G X   0.001 0.000 0.000 0.011 0.000 0.002 0.874 0.111 
   5 S X   0.001 0.000 0.000 0.009 0.000 0.002 0.871 0.116 
   6 V X   0.001 0.001 0.000 0.007 0.001 0.003 0.866 0.122 
   7 K X   0.001 0.001 0.000 0.006 0.001 0.003 0.860 0.128 
   8 P X   0.001 0.002 0.000 0.006 0.001 0.003 0.851 0.136 
   9 K X   0.001 0.002 0.000 0.006 0.001 0.004 0.839 0.146 
  10 H X   0.002 0.004 0.000 0.007 0.001 0.004 0.825 0.157 
  11 S X   0.002 0.005 0.000 0.008 0.001 0.004 0.808 0.171 
  12 K X   0.002 0.008 0.000 0.009 0.002 0.005 0.789 0.186 
  13 H X   0.002 0.011 0.000 0.011 0.002 0.005 0.767 0.202 
  14 P X   0.002 0.015 0.000 0.012 0.002 0.006 0.743 0.220 
  15 D X   0.002 0.020 0.000 0.013 0.003 0.006 0.718 0.237 
  16 G X   0.002 0.026 0.000 0.015 0.003 0.007 0.692 0.255 
  17 H X   0.002 0.034 0.001 0.016 0.003 0.008 0.664 0.271 
  18 S X   0.002 0.043 0.001 0.018 0.004 0.008 0.637 0.287 
  19 G X   0.003 0.053 0.001 0.019 0.004 0.009 0.609 0.302 
  20 N X   0.003 0.064 0.001 0.021 0.005 0.010 0.582 0.315 
  21 L X   0.003 0.076 0.001 0.023 0.005 0.011 0.555 0.327 
  22 T X   0.003 0.089 0.001 0.024 0.005 0.012 0.529 0.338 
  23 T X   0.003 0.102 0.001 0.025 0.006 0.012 0.503 0.346 
  24 D X   0.004 0.116 0.001 0.027 0.006 0.013 0.480 0.353 
  25 A X   0.004 0.129 0.001 0.029 0.007 0.014 0.457 0.359 
  26 L X   0.004 0.141 0.001 0.032 0.008 0.015 0.437 0.363 
  27 R X   0.005 0.153 0.001 0.035 0.008 0.015 0.418 0.365 
  28 N X   0.005 0.162 0.001 0.038 0.009 0.016 0.402 0.367 
  29 K X   0.005 0.169 0.001 0.041 0.010 0.016 0.388 0.370 
  30 V X   0.006 0.173 0.001 0.043 0.010 0.016 0.377 0.374 
  31 T _   0.006 0.174 0.001 0.044 0.010 0.016 0.368 0.381 
  32 E _   0.007 0.172 0.001 0.043 0.010 0.015 0.361 0.392 
  33 L _   0.007 0.165 0.001 0.040 0.009 0.014 0.355 0.409 
  34 E _   0.007 0.153 0.001 0.035 0.008 0.013 0.351 0.433 
  35 R _   0.007 0.135 0.001 0.028 0.007 0.012 0.348 0.462 
  36 E _   0.007 0.113 0.001 0.022 0.006 0.010 0.345 0.497 
  37 L _   0.007 0.087 0.001 0.016 0.005 0.009 0.342 0.532 
  38 R _   0.006 0.065 0.001 0.012 0.004 0.008 0.340 0.564 
  39 R _   0.006 0.049 0.000 0.008 0.003 0.008 0.337 0.589 
  40 K _   0.005 0.038 0.000 0.007 0.002 0.007 0.334 0.606 
  41 D _   0.005 0.032 0.000 0.006 0.002 0.007 0.330 0.618 
  42 A _   0.005 0.028 0.000 0.006 0.002 0.007 0.326 0.626 
  43 E _   0.005 0.027 0.000 0.006 0.002 0.007 0.321 0.632 
  44 I _   0.005 0.026 0.000 0.007 0.003 0.008 0.315 0.636 
  45 Q _   0.005 0.026 0.000 0.009 0.003 0.008 0.309 0.639 
  46 E _   0.006 0.026 0.000 0.011 0.003 0.009 0.302 0.642 
  47 R _   0.006 0.026 0.000 0.013 0.004 0.009 0.296 0.646 
  48 E _   0.006 0.026 0.001 0.014 0.004 0.010 0.290 0.650 
  49 Y _   0.006 0.026 0.001 0.015 0.005 0.010 0.284 0.655 
  50 H _   0.006 0.025 0.001 0.014 0.005 0.010 0.279 0.661 
  51 L _   0.006 0.023 0.001 0.013 0.004 0.010 0.274 0.668 
  52 K _   0.006 0.021 0.001 0.012 0.004 0.011 0.269 0.677 
  53 E _   0.007 0.019 0.000 0.010 0.004 0.011 0.264 0.685 
  54 L _   0.007 0.017 0.000 0.008 0.003 0.011 0.259 0.693 
  55 R _   0.008 0.016 0.000 0.007 0.003 0.012 0.255 0.700 
  56 E _   0.009 0.015 0.000 0.006 0.003 0.013 0.249 0.704 
  57 Q _   0.010 0.016 0.000 0.006 0.004 0.015 0.244 0.705 
  58 L _   0.013 0.017 0.001 0.006 0.005 0.018 0.238 0.702 
  59 S _   0.016 0.021 0.001 0.009 0.007 0.021 0.232 0.694 
  60 K _   0.020 0.027 0.001 0.012 0.010 0.025 0.225 0.680 
  61 Q _   0.024 0.037 0.001 0.018 0.014 0.028 0.218 0.660 
  62 T _   0.027 0.049 0.001 0.025 0.018 0.031 0.211 0.637 
  63 V _   0.030 0.061 0.002 0.033 0.021 0.033 0.205 0.616 
  64 A _   0.032 0.070 0.002 0.038 0.022 0.033 0.199 0.604 
  65 I _   0.032 0.075 0.002 0.042 0.022 0.032 0.195 0.600 
  66 A _   0.032 0.077 0.002 0.041 0.021 0.031 0.192 0.605 
  67 E _   0.030 0.075 0.001 0.038 0.019 0.029 0.190 0.619 
  68 L _   0.028 0.069 0.001 0.032 0.016 0.026 0.188 0.640 
  69 T _   0.025 0.061 0.001 0.025 0.013 0.023 0.187 0.666 
  70 E _   0.022 0.050 0.001 0.018 0.010 0.020 0.187 0.692 
  71 E _   0.019 0.040 0.001 0.013 0.007 0.018 0.186 0.716 
  72 L _   0.017 0.033 0.001 0.009 0.005 0.016 0.186 0.734 
  73 Q _   0.015 0.028 0.000 0.007 0.004 0.014 0.185 0.747 
  74 N _   0.013 0.025 0.000 0.006 0.004 0.013 0.184 0.754 
  75 K _   0.012 0.024 0.000 0.006 0.003 0.013 0.182 0.759 
  76 C _   0.012 0.024 0.000 0.006 0.003 0.013 0.181 0.761 
  77 I _   0.012 0.026 0.000 0.007 0.004 0.013 0.179 0.760 
  78 Q _   0.012 0.029 0.001 0.008 0.004 0.014 0.176 0.756 
  79 L _   0.012 0.033 0.001 0.010 0.005 0.015 0.174 0.751 
  80 N _   0.012 0.039 0.001 0.013 0.006 0.015 0.171 0.743 
  81 K _   0.013 0.045 0.001 0.016 0.007 0.016 0.168 0.733 
  82 L _   0.013 0.053 0.001 0.019 0.009 0.017 0.166 0.723 
  83 Q _   0.013 0.060 0.001 0.023 0.009 0.018 0.164 0.712 
  84 D _   0.013 0.066 0.001 0.027 0.010 0.018 0.162 0.703 
  85 V _   0.014 0.070 0.001 0.030 0.010 0.018 0.161 0.696 
  86 V _   0.014 0.073 0.001 0.032 0.010 0.017 0.160 0.693 
  87 H _   0.014 0.073 0.001 0.032 0.010 0.016 0.160 0.694 
  88 M _   0.013 0.071 0.001 0.031 0.009 0.015 0.161 0.700 
  89 Q _   0.012 0.067 0.001 0.027 0.008 0.013 0.162 0.710 
  90 G _   0.011 0.060 0.001 0.023 0.006 0.012 0.163 0.723 
  91 G _   0.010 0.051 0.001 0.018 0.005 0.010 0.165 0.739 
  92 S _   0.009 0.042 0.001 0.013 0.004 0.009 0.166 0.756 
  93 P _   0.008 0.034 0.000 0.009 0.003 0.007 0.167 0.770 
  94 L _   0.007 0.028 0.000 0.007 0.002 0.006 0.168 0.781 
  95 Q _   0.006 0.025 0.000 0.005 0.002 0.006 0.167 0.789 
  96 A _   0.005 0.023 0.000 0.004 0.001 0.005 0.166 0.794 
  97 S _   0.005 0.024 0.000 0.004 0.001 0.005 0.164 0.796 
  98 P _   0.005 0.026 0.000 0.004 0.002 0.006 0.162 0.796 
  99 D _   0.005 0.031 0.000 0.005 0.002 0.007 0.158 0.791 
 100 K _   0.006 0.041 0.000 0.008 0.003 0.009 0.153 0.780 
 101 V _   0.006 0.060 0.001 0.012 0.004 0.011 0.146 0.760 
 102 P _   0.007 0.091 0.001 0.016 0.006 0.013 0.138 0.729 
 103 L _   0.007 0.131 0.001 0.021 0.007 0.014 0.128 0.690 
 104 E _   0.007 0.177 0.001 0.026 0.009 0.015 0.118 0.646 
 105 V _   0.007 0.222 0.001 0.029 0.009 0.015 0.109 0.607 
 106 H _   0.006 0.258 0.001 0.032 0.010 0.015 0.102 0.576 
 107 R _   0.006 0.287 0.001 0.033 0.009 0.015 0.096 0.553 
 108 K _   0.006 0.307 0.001 0.033 0.009 0.014 0.092 0.538 
 109 T _   0.006 0.321 0.001 0.032 0.009 0.013 0.088 0.529 
 110 S _   0.005 0.330 0.001 0.031 0.008 0.013 0.086 0.526 
 111 G _   0.005 0.335 0.001 0.030 0.008 0.012 0.084 0.526 
 112 L _   0.006 0.336 0.001 0.027 0.007 0.011 0.082 0.530 
 113 V _   0.006 0.334 0.001 0.025 0.006 0.011 0.081 0.537 
 114 S _   0.006 0.329 0.001 0.022 0.006 0.010 0.080 0.547 
 115 L _   0.006 0.321 0.001 0.019 0.005 0.010 0.080 0.560 
 116 H _   0.006 0.311 0.001 0.016 0.005 0.009 0.080 0.573 
 117 S _   0.005 0.302 0.001 0.014 0.004 0.009 0.079 0.587 
 118 R _   0.005 0.293 0.000 0.012 0.004 0.009 0.079 0.598 
 119 R _   0.005 0.286 0.000 0.011 0.004 0.009 0.079 0.606 
 120 G _   0.005 0.282 0.000 0.011 0.003 0.009 0.078 0.611 
 121 A _   0.006 0.280 0.000 0.011 0.004 0.009 0.078 0.611 
 122 K _   0.006 0.281 0.000 0.013 0.004 0.010 0.077 0.608 
 123 A _   0.006 0.283 0.001 0.016 0.005 0.011 0.076 0.602 
 124 G _   0.007 0.285 0.001 0.020 0.006 0.011 0.076 0.595 
 125 V _   0.007 0.287 0.001 0.024 0.006 0.012 0.075 0.588 
 126 S _   0.007 0.286 0.001 0.028 0.007 0.012 0.075 0.584 
 127 A _   0.008 0.281 0.001 0.031 0.008 0.012 0.076 0.584 
 128 E _   0.008 0.272 0.001 0.032 0.008 0.012 0.077 0.591 
 129 P _   0.008 0.255 0.001 0.031 0.008 0.012 0.079 0.607 
 130 T _   0.008 0.228 0.001 0.029 0.007 0.011 0.081 0.634 
 131 T _   0.008 0.192 0.001 0.025 0.007 0.011 0.084 0.672 
 132 R _   0.008 0.149 0.001 0.020 0.006 0.010 0.088 0.718 
 133 T _   0.008 0.108 0.001 0.015 0.004 0.009 0.091 0.763 
 134 Y _   0.007 0.077 0.001 0.010 0.003 0.008 0.094 0.800 
 135 D _   0.006 0.058 0.000 0.007 0.002 0.007 0.095 0.823 
 136 L _   0.005 0.047 0.000 0.005 0.002 0.007 0.096 0.837 
 137 N _   0.005 0.042 0.000 0.005 0.002 0.006 0.096 0.844 
 138 K _   0.005 0.041 0.000 0.005 0.002 0.007 0.096 0.845 
 139 P _   0.005 0.042 0.000 0.006 0.002 0.008 0.095 0.842 
 140 P _   0.005 0.045 0.000 0.009 0.003 0.009 0.093 0.836 
 141 E _   0.006 0.050 0.000 0.014 0.004 0.010 0.091 0.824 
 142 F _   0.006 0.057 0.001 0.020 0.005 0.011 0.089 0.812 
 143 S _   0.006 0.063 0.001 0.025 0.006 0.012 0.087 0.800 
 144 F _   0.006 0.067 0.001 0.029 0.006 0.012 0.086 0.793 
 145 E _   0.006 0.069 0.001 0.030 0.006 0.012 0.084 0.791 
 146 K _   0.006 0.069 0.001 0.029 0.006 0.011 0.083 0.795 
 147 A _   0.006 0.066 0.001 0.025 0.005 0.010 0.083 0.804 
 148 R _   0.006 0.062 0.001 0.020 0.004 0.009 0.083 0.816 
 149 V _   0.005 0.056 0.000 0.014 0.004 0.008 0.082 0.829 
 150 R _   0.005 0.051 0.000 0.010 0.003 0.008 0.082 0.841 
 151 K _   0.005 0.047 0.000 0.008 0.002 0.007 0.082 0.849 
 152 D _   0.005 0.044 0.000 0.007 0.002 0.007 0.081 0.853 
 153 S _   0.005 0.044 0.000 0.007 0.002 0.008 0.080 0.853 
 154 S _   0.006 0.045 0.000 0.008 0.003 0.009 0.079 0.850 
 155 E _   0.006 0.048 0.000 0.010 0.003 0.010 0.078 0.844 
 156 K _   0.007 0.053 0.001 0.013 0.004 0.010 0.077 0.835 
 157 K _   0.007 0.058 0.001 0.017 0.005 0.011 0.075 0.826 
 158 L _   0.008 0.063 0.001 0.020 0.006 0.012 0.074 0.818 
 159 I _   0.007 0.067 0.001 0.022 0.006 0.012 0.072 0.813 
 160 T _   0.007 0.069 0.001 0.022 0.006 0.012 0.071 0.812 
 161 D _   0.007 0.069 0.001 0.022 0.006 0.011 0.071 0.813 
 162 A _   0.007 0.068 0.001 0.021 0.006 0.011 0.070 0.817 
 163 L _   0.007 0.066 0.001 0.019 0.005 0.011 0.070 0.822 
 164 N _   0.007 0.062 0.001 0.017 0.005 0.010 0.070 0.829 
 165 K _   0.007 0.059 0.001 0.015 0.004 0.010 0.070 0.835 
 166 N _   0.007 0.055 0.000 0.013 0.004 0.010 0.070 0.841 
 167 Q _   0.007 0.051 0.000 0.012 0.004 0.009 0.070 0.847 
 168 F _   0.007 0.048 0.000 0.011 0.003 0.009 0.070 0.852 
 169 L _   0.007 0.045 0.000 0.010 0.003 0.009 0.070 0.856 
 170 K _   0.007 0.043 0.000 0.009 0.003 0.009 0.070 0.861 
 171 R _   0.007 0.041 0.000 0.008 0.003 0.008 0.069 0.864 
 172 L _   0.006 0.041 0.000 0.007 0.003 0.009 0.068 0.866 
 173 D _   0.006 0.041 0.000 0.007 0.003 0.009 0.067 0.866 
 174 P _   0.007 0.043 0.000 0.007 0.003 0.010 0.066 0.863 
 175 Q _   0.008 0.048 0.000 0.009 0.004 0.012 0.064 0.855 
 176 Q _   0.009 0.056 0.001 0.012 0.005 0.014 0.062 0.841 
 177 I _   0.010 0.069 0.001 0.017 0.007 0.017 0.060 0.820 
 178 K _   0.011 0.086 0.001 0.023 0.010 0.019 0.057 0.793 
 179 D _   0.012 0.104 0.001 0.031 0.012 0.021 0.054 0.764 
 180 M _   0.013 0.120 0.001 0.039 0.014 0.022 0.052 0.739 
 181 V _   0.014 0.130 0.001 0.045 0.015 0.023 0.050 0.721 
 182 E _   0.014 0.136 0.001 0.049 0.015 0.022 0.049 0.714 
 183 C _   0.014 0.136 0.001 0.048 0.015 0.022 0.048 0.716 
 184 M _   0.013 0.133 0.001 0.044 0.014 0.020 0.047 0.727 
 185 Y _   0.013 0.124 0.001 0.038 0.012 0.019 0.047 0.746 
 186 G _   0.012 0.111 0.001 0.031 0.010 0.017 0.047 0.770 
 187 R _   0.012 0.094 0.001 0.024 0.009 0.015 0.048 0.797 
 188 N _   0.011 0.076 0.001 0.019 0.007 0.014 0.048 0.823 
 189 Y _   0.011 0.060 0.001 0.014 0.006 0.013 0.049 0.846 
 190 Q _   0.010 0.048 0.001 0.012 0.005 0.012 0.049 0.863 
 191 Q _   0.010 0.040 0.001 0.011 0.004 0.012 0.049 0.874 
 192 G _   0.009 0.034 0.001 0.010 0.004 0.011 0.049 0.881 
 193 S _   0.009 0.030 0.000 0.010 0.004 0.011 0.049 0.886 
 194 Y _   0.009 0.027 0.001 0.010 0.004 0.011 0.048 0.890 
 195 I _   0.009 0.024 0.000 0.010 0.004 0.010 0.048 0.895 
 196 I _   0.009 0.021 0.000 0.009 0.004 0.010 0.047 0.899 
 197 K _   0.008 0.019 0.000 0.008 0.003 0.010 0.047 0.904 
 198 Q _   0.008 0.017 0.000 0.007 0.003 0.010 0.046 0.908 
 199 G _   0.008 0.016 0.000 0.006 0.003 0.011 0.045 0.911 
 200 E _   0.009 0.015 0.000 0.005 0.003 0.012 0.044 0.911 
 201 P _   0.010 0.016 0.000 0.006 0.004 0.014 0.042 0.907 
 202 G _   0.013 0.019 0.001 0.007 0.005 0.018 0.041 0.897 
 203 N _   0.016 0.025 0.001 0.010 0.007 0.021 0.039 0.881 
 204 H _   0.019 0.035 0.001 0.016 0.011 0.025 0.036 0.857 
 205 I _   0.022 0.048 0.001 0.023 0.015 0.029 0.034 0.827 
 206 F _   0.024 0.063 0.001 0.032 0.018 0.032 0.032 0.798 
 207 V _   0.025 0.075 0.002 0.039 0.021 0.034 0.029 0.776 
 208 L _   0.025 0.083 0.002 0.045 0.022 0.035 0.028 0.762 
 209 A _   0.025 0.086 0.002 0.048 0.022 0.034 0.026 0.757 
 210 E _   0.025 0.086 0.002 0.047 0.022 0.033 0.025 0.761 
 211 G _   0.025 0.083 0.001 0.043 0.020 0.032 0.023 0.773 
 212 R _   0.026 0.075 0.001 0.038 0.018 0.030 0.023 0.789 
 213 L _   0.028 0.064 0.001 0.031 0.016 0.028 0.022 0.811 
 214 E _   0.030 0.050 0.001 0.024 0.013 0.025 0.021 0.835 
 215 V _   0.034 0.035 0.001 0.018 0.011 0.023 0.021 0.857 
 216 F _   0.039 0.021 0.001 0.013 0.009 0.022 0.020 0.875 
 217 Q _   0.048 0.011 0.001 0.009 0.007 0.020 0.019 0.885 
 218 G _   0.061 0.005 0.001 0.006 0.006 0.019 0.018 0.884 
 219 E _   0.080 0.002 0.001 0.004 0.005 0.018 0.017 0.874 
 220 K _   0.106 0.001 0.001 0.003 0.005 0.018 0.016 0.851 
 221 L _   0.145 0.000 0.001 0.002 0.006 0.018 0.014 0.815 
 222 L _   0.197 0.000 0.001 0.002 0.007 0.019 0.012 0.762 
 223 S _   0.267 0.000 0.001 0.002 0.009 0.020 0.011 0.691 
 224 S _   0.350 0.000 0.001 0.002 0.011 0.022 0.009 0.605 
 225 I _   0.441 0.000 0.001 0.002 0.014 0.023 0.007 0.511 
 226 P H   0.529 0.000 0.001 0.002 0.018 0.024 0.006 0.420 
 227 M H   0.606 0.000 0.001 0.002 0.022 0.025 0.005 0.339 
 228 W H   0.667 0.000 0.002 0.002 0.026 0.025 0.004 0.275 
 229 T H   0.712 0.000 0.002 0.002 0.029 0.024 0.004 0.229 
 230 T H   0.738 0.000 0.002 0.002 0.031 0.023 0.003 0.201 
 231 F H   0.749 0.000 0.002 0.002 0.032 0.022 0.003 0.189 
 232 G H   0.748 0.000 0.002 0.002 0.032 0.021 0.004 0.191 
 233 E H   0.733 0.000 0.002 0.003 0.032 0.021 0.004 0.206 
 234 L H   0.703 0.000 0.002 0.003 0.030 0.020 0.005 0.238 
 235 A H   0.658 0.000 0.002 0.003 0.027 0.020 0.005 0.285 
 236 I H   0.598 0.000 0.002 0.003 0.023 0.019 0.007 0.348 
 237 L H   0.526 0.000 0.002 0.003 0.019 0.018 0.008 0.425 
 238 Y _   0.446 0.000 0.001 0.002 0.015 0.018 0.010 0.508 
 239 N _   0.367 0.000 0.001 0.002 0.012 0.018 0.012 0.588 
 240 C _   0.298 0.000 0.001 0.002 0.010 0.018 0.013 0.658 
 241 T _   0.241 0.000 0.001 0.003 0.008 0.018 0.015 0.714 
 242 R _   0.194 0.000 0.001 0.003 0.008 0.019 0.017 0.758 
 243 T _   0.159 0.000 0.001 0.004 0.008 0.020 0.018 0.790 
 244 A _   0.132 0.000 0.001 0.005 0.008 0.021 0.020 0.813 
 245 S _   0.111 0.001 0.001 0.006 0.009 0.022 0.021 0.830 
 246 V _   0.094 0.001 0.001 0.007 0.009 0.023 0.022 0.842 
 247 K _   0.081 0.001 0.001 0.009 0.010 0.024 0.024 0.851 
 248 A _   0.070 0.002 0.001 0.010 0.010 0.025 0.025 0.857 
 249 I _   0.062 0.002 0.001 0.011 0.011 0.026 0.026 0.862 
 250 T _   0.056 0.003 0.001 0.011 0.011 0.026 0.027 0.865 
 251 N _   0.050 0.003 0.001 0.011 0.011 0.027 0.028 0.869 
 252 V _   0.047 0.003 0.001 0.011 0.011 0.027 0.029 0.872 
 253 K _   0.044 0.003 0.001 0.010 0.010 0.027 0.030 0.874 
 254 T _   0.041 0.003 0.001 0.010 0.010 0.027 0.031 0.877 
 255 W _   0.040 0.003 0.001 0.009 0.009 0.027 0.032 0.878 
 256 A _   0.039 0.004 0.001 0.008 0.009 0.028 0.033 0.878 
 257 L _   0.039 0.004 0.001 0.008 0.010 0.029 0.034 0.875 
 258 D _   0.040 0.006 0.001 0.008 0.010 0.029 0.035 0.870 
 259 R _   0.041 0.007 0.001 0.010 0.012 0.031 0.036 0.862 
 260 E _   0.042 0.010 0.001 0.012 0.013 0.032 0.037 0.852 
 261 V _   0.043 0.014 0.001 0.016 0.015 0.033 0.038 0.840 
 262 F _   0.043 0.019 0.001 0.020 0.017 0.033 0.040 0.828 
 263 Q _   0.042 0.023 0.001 0.025 0.018 0.033 0.041 0.817 
 264 N _   0.040 0.026 0.001 0.029 0.018 0.031 0.042 0.811 
 265 I _   0.038 0.028 0.001 0.031 0.018 0.029 0.044 0.810 
 266 M _   0.034 0.028 0.001 0.031 0.016 0.027 0.046 0.816 
 267 R _   0.030 0.027 0.001 0.028 0.013 0.024 0.048 0.828 
 268 R _   0.026 0.024 0.001 0.023 0.011 0.021 0.051 0.844 
 269 T _   0.021 0.019 0.001 0.018 0.008 0.018 0.053 0.862 
 270 A _   0.018 0.015 0.001 0.012 0.006 0.015 0.055 0.879 
 271 Q _   0.014 0.011 0.000 0.008 0.004 0.013 0.056 0.893 
 272 A _   0.012 0.009 0.000 0.006 0.003 0.012 0.057 0.902 
 273 R _   0.011 0.007 0.000 0.004 0.003 0.011 0.058 0.906 
 274 D _   0.010 0.007 0.000 0.004 0.003 0.011 0.058 0.906 
 275 E _   0.011 0.008 0.000 0.005 0.003 0.013 0.059 0.901 
 276 Q _   0.013 0.011 0.000 0.007 0.004 0.015 0.059 0.892 
 277 Y _   0.014 0.018 0.001 0.010 0.006 0.017 0.058 0.875 
 278 R _   0.016 0.028 0.001 0.016 0.009 0.020 0.058 0.851 
 279 N _   0.018 0.041 0.001 0.024 0.012 0.022 0.058 0.824 
 280 F _   0.019 0.053 0.001 0.033 0.015 0.024 0.057 0.798 
 281 L _   0.020 0.062 0.001 0.040 0.016 0.025 0.057 0.779 
 282 R _   0.020 0.068 0.001 0.045 0.017 0.024 0.058 0.767 
 283 S _   0.019 0.070 0.001 0.046 0.016 0.023 0.059 0.765 
 284 V _   0.019 0.068 0.001 0.044 0.015 0.022 0.061 0.771 
 285 S _   0.018 0.063 0.001 0.038 0.013 0.020 0.063 0.786 
 286 L _   0.016 0.054 0.001 0.030 0.010 0.017 0.065 0.806 
 287 L _   0.015 0.042 0.001 0.022 0.008 0.015 0.067 0.830 
 288 K _   0.013 0.030 0.001 0.015 0.006 0.013 0.069 0.854 
 289 N _   0.011 0.019 0.001 0.009 0.004 0.011 0.071 0.873 
 290 L _   0.010 0.012 0.000 0.006 0.003 0.010 0.072 0.886 
 291 P _   0.009 0.009 0.000 0.004 0.002 0.010 0.073 0.893 
 292 E _   0.009 0.008 0.000 0.003 0.002 0.010 0.073 0.894 
 293 D _   0.010 0.008 0.000 0.004 0.002 0.011 0.073 0.891 
 294 K _   0.012 0.010 0.000 0.005 0.003 0.014 0.073 0.882 
 295 L _   0.014 0.015 0.001 0.008 0.005 0.017 0.072 0.867 
 296 T _   0.017 0.027 0.001 0.014 0.009 0.021 0.071 0.841 
 297 K _   0.019 0.047 0.001 0.023 0.013 0.024 0.070 0.804 
 298 I _   0.020 0.070 0.001 0.035 0.016 0.027 0.068 0.762 
 299 I _   0.021 0.092 0.002 0.047 0.019 0.028 0.067 0.725 
 300 D _   0.021 0.106 0.002 0.056 0.021 0.028 0.066 0.700 
 301 C _   0.021 0.113 0.002 0.061 0.021 0.028 0.066 0.688 
 302 L _   0.021 0.115 0.002 0.062 0.020 0.026 0.067 0.688 
 303 E _   0.020 0.112 0.001 0.056 0.018 0.024 0.068 0.701 
 304 V _   0.018 0.103 0.001 0.047 0.014 0.021 0.070 0.725 
 305 E _   0.016 0.087 0.001 0.036 0.011 0.018 0.073 0.758 
 306 Y _   0.014 0.068 0.001 0.025 0.008 0.015 0.075 0.795 
 307 Y _   0.012 0.049 0.001 0.015 0.005 0.012 0.077 0.829 
 308 D _   0.010 0.035 0.000 0.009 0.004 0.010 0.078 0.853 
 309 K _   0.008 0.027 0.000 0.006 0.002 0.009 0.079 0.868 
 310 G _   0.007 0.024 0.000 0.004 0.002 0.008 0.080 0.875 
 311 D _   0.007 0.023 0.000 0.004 0.002 0.008 0.079 0.877 
 312 Y _   0.007 0.024 0.000 0.004 0.002 0.009 0.079 0.875 
 313 I _   0.007 0.027 0.000 0.006 0.003 0.011 0.078 0.868 
 314 I _   0.008 0.035 0.000 0.008 0.004 0.013 0.076 0.856 
 315 R _   0.010 0.048 0.001 0.011 0.005 0.016 0.074 0.837 
 316 E _   0.011 0.069 0.001 0.014 0.007 0.019 0.071 0.808 
 317 G _   0.012 0.099 0.001 0.019 0.010 0.022 0.067 0.770 
 318 E _   0.014 0.137 0.001 0.024 0.013 0.025 0.063 0.722 
 319 E _   0.015 0.180 0.002 0.030 0.017 0.028 0.060 0.670 
 320 G _   0.017 0.224 0.002 0.035 0.019 0.030 0.056 0.617 
 321 S _   0.017 0.262 0.002 0.041 0.021 0.030 0.054 0.573 
 322 T _   0.018 0.291 0.002 0.046 0.022 0.030 0.052 0.540 
 323 F _   0.018 0.311 0.002 0.049 0.021 0.030 0.050 0.518 
 324 F _   0.018 0.323 0.001 0.050 0.021 0.029 0.050 0.508 
 325 I _   0.018 0.327 0.001 0.050 0.020 0.027 0.049 0.508 
 326 L _   0.018 0.325 0.001 0.047 0.018 0.025 0.050 0.515 
 327 A _   0.017 0.318 0.001 0.043 0.016 0.023 0.050 0.531 
 328 K _   0.017 0.303 0.001 0.038 0.014 0.021 0.051 0.553 
 329 G _   0.016 0.283 0.001 0.034 0.012 0.020 0.053 0.581 
 330 K _   0.016 0.257 0.001 0.030 0.011 0.018 0.054 0.613 
 331 V _   0.016 0.228 0.001 0.026 0.009 0.017 0.057 0.647 
 332 K _   0.015 0.196 0.001 0.023 0.008 0.015 0.059 0.683 
 333 V _   0.014 0.164 0.001 0.020 0.007 0.014 0.061 0.719 
 334 T _   0.013 0.134 0.001 0.017 0.006 0.012 0.063 0.754 
 335 Q _   0.012 0.108 0.001 0.013 0.005 0.011 0.065 0.785 
 336 S _   0.010 0.087 0.001 0.010 0.004 0.010 0.067 0.813 
 337 T _   0.008 0.071 0.000 0.008 0.003 0.008 0.067 0.834 
 338 E _   0.007 0.061 0.000 0.006 0.002 0.007 0.068 0.848 
 339 G _   0.006 0.056 0.000 0.005 0.002 0.007 0.067 0.857 
 340 H _   0.006 0.054 0.000 0.004 0.002 0.007 0.067 0.860 
 341 D _   0.006 0.055 0.000 0.005 0.002 0.008 0.066 0.858 
 342 Q _   0.006 0.060 0.000 0.006 0.003 0.009 0.064 0.852 
 343 P _   0.007 0.069 0.000 0.009 0.004 0.011 0.062 0.838 
 344 Q _   0.008 0.085 0.001 0.013 0.005 0.012 0.059 0.817 
 345 L _   0.008 0.106 0.001 0.018 0.006 0.014 0.056 0.791 
 346 I _   0.008 0.129 0.001 0.023 0.007 0.015 0.053 0.764 
 347 K _   0.008 0.149 0.001 0.027 0.008 0.015 0.050 0.742 
 348 T _   0.008 0.165 0.001 0.029 0.008 0.015 0.047 0.727 
 349 L _   0.007 0.176 0.001 0.030 0.008 0.015 0.045 0.718 
 350 Q _   0.007 0.182 0.001 0.030 0.008 0.015 0.043 0.714 
 351 K _   0.007 0.186 0.001 0.029 0.008 0.014 0.042 0.713 
 352 G _   0.007 0.188 0.001 0.028 0.008 0.014 0.041 0.713 
 353 E _   0.007 0.188 0.001 0.028 0.008 0.014 0.040 0.715 
 354 Y _   0.007 0.185 0.001 0.027 0.008 0.014 0.039 0.719 
 355 F _   0.007 0.182 0.001 0.027 0.008 0.013 0.039 0.723 
 356 G _   0.007 0.176 0.001 0.027 0.008 0.013 0.039 0.729 
 357 E _   0.008 0.168 0.001 0.026 0.007 0.013 0.039 0.739 
 358 K _   0.007 0.156 0.001 0.025 0.007 0.012 0.039 0.753 
 359 A _   0.007 0.141 0.001 0.022 0.006 0.012 0.040 0.771 
 360 L _   0.007 0.124 0.001 0.019 0.006 0.011 0.040 0.793 
 361 I _   0.007 0.105 0.001 0.016 0.005 0.010 0.041 0.815 
 362 S _   0.007 0.088 0.001 0.013 0.004 0.010 0.041 0.836 
 363 D _   0.007 0.075 0.001 0.010 0.004 0.010 0.041 0.853 
 364 D _   0.007 0.064 0.000 0.009 0.003 0.010 0.042 0.865 
 365 V _   0.007 0.058 0.000 0.008 0.003 0.010 0.042 0.871 
 366 R _   0.007 0.054 0.000 0.008 0.004 0.011 0.042 0.874 
 367 S _   0.008 0.052 0.000 0.009 0.004 0.012 0.042 0.873 
 368 A _   0.009 0.052 0.001 0.010 0.004 0.013 0.041 0.870 
 369 N _   0.010 0.052 0.001 0.011 0.005 0.015 0.041 0.865 
 370 I _   0.011 0.053 0.001 0.013 0.006 0.017 0.040 0.859 
 371 I _   0.012 0.054 0.001 0.014 0.007 0.018 0.040 0.854 
 372 A _   0.014 0.056 0.001 0.014 0.008 0.020 0.040 0.849 
 373 E _   0.015 0.057 0.001 0.015 0.009 0.022 0.039 0.843 
 374 E _   0.017 0.059 0.001 0.015 0.010 0.023 0.039 0.837 
 375 N _   0.019 0.060 0.001 0.016 0.011 0.025 0.038 0.830 
 376 D _   0.021 0.063 0.001 0.016 0.012 0.027 0.038 0.823 
 377 V _   0.023 0.065 0.001 0.018 0.013 0.028 0.038 0.814 
 378 A _   0.025 0.068 0.001 0.020 0.014 0.029 0.038 0.805 
 379 C _   0.027 0.070 0.001 0.021 0.015 0.029 0.038 0.798 
 380 L _   0.027 0.072 0.001 0.022 0.015 0.029 0.039 0.795 
 381 V _   0.028 0.072 0.001 0.022 0.014 0.028 0.039 0.796 
 382 I _   0.027 0.071 0.001 0.020 0.013 0.027 0.040 0.800 
 383 D _   0.026 0.069 0.001 0.018 0.012 0.026 0.040 0.808 
 384 R _   0.025 0.066 0.001 0.015 0.011 0.025 0.041 0.817 
 385 E _   0.023 0.063 0.001 0.013 0.009 0.024 0.041 0.825 
 386 T _   0.022 0.061 0.001 0.011 0.009 0.023 0.042 0.832 
 387 F _   0.021 0.060 0.001 0.010 0.008 0.022 0.043 0.835 
 388 N _   0.020 0.061 0.001 0.010 0.008 0.022 0.043 0.834 
 389 Q _   0.020 0.063 0.001 0.011 0.008 0.022 0.044 0.831 
 390 T _   0.020 0.067 0.001 0.012 0.009 0.022 0.044 0.825 
 391 V _   0.019 0.072 0.001 0.014 0.009 0.022 0.045 0.818 
 392 G _   0.018 0.077 0.001 0.016 0.009 0.022 0.045 0.811 
 393 T _   0.018 0.082 0.001 0.017 0.010 0.022 0.046 0.805 
 394 F _   0.017 0.086 0.001 0.018 0.010 0.021 0.047 0.801 
 395 E _   0.017 0.090 0.001 0.018 0.010 0.021 0.047 0.797 
 396 E _   0.016 0.093 0.001 0.018 0.010 0.021 0.048 0.793 
 397 L _   0.016 0.096 0.001 0.019 0.010 0.021 0.049 0.789 
 398 Q _   0.015 0.099 0.001 0.020 0.010 0.020 0.049 0.784 
 399 K _   0.015 0.103 0.001 0.022 0.011 0.020 0.050 0.777 
 400 Y _   0.016 0.106 0.001 0.025 0.011 0.020 0.052 0.770 
 401 L _   0.016 0.108 0.001 0.029 0.011 0.019 0.053 0.762 
 402 E _   0.015 0.109 0.001 0.032 0.011 0.019 0.055 0.757 
 403 G _   0.015 0.108 0.001 0.034 0.011 0.018 0.057 0.757 
 404 Y _   0.014 0.103 0.001 0.033 0.010 0.016 0.060 0.762 
 405 V _   0.013 0.095 0.001 0.030 0.009 0.015 0.063 0.774 
 406 A _   0.012 0.083 0.001 0.026 0.007 0.013 0.067 0.791 
 407 N _   0.011 0.067 0.001 0.020 0.006 0.011 0.070 0.814 
 408 L _   0.010 0.049 0.001 0.015 0.004 0.009 0.074 0.838 
 409 N _   0.008 0.034 0.000 0.010 0.003 0.008 0.077 0.859 
 410 R _   0.007 0.022 0.000 0.007 0.002 0.007 0.079 0.875 
 411 D _   0.006 0.015 0.000 0.005 0.002 0.006 0.081 0.884 
 412 D _   0.006 0.012 0.000 0.004 0.002 0.006 0.082 0.889 
 413 E _   0.005 0.010 0.000 0.004 0.002 0.006 0.082 0.891 
 414 K _   0.005 0.010 0.000 0.004 0.002 0.006 0.082 0.890 
 415 R _   0.005 0.010 0.000 0.005 0.002 0.007 0.082 0.888 
 416 H _   0.005 0.011 0.000 0.007 0.002 0.008 0.082 0.885 
 417 A _   0.006 0.013 0.000 0.009 0.003 0.009 0.081 0.880 
 418 K _   0.006 0.016 0.000 0.010 0.003 0.010 0.079 0.876 
 419 R _   0.006 0.018 0.000 0.011 0.004 0.011 0.078 0.871 
 420 S _   0.006 0.021 0.000 0.012 0.004 0.012 0.077 0.867 
 421 M _   0.007 0.023 0.001 0.012 0.004 0.014 0.076 0.864 
 422 S _   0.008 0.025 0.001 0.012 0.005 0.015 0.074 0.860 
 423 N _   0.009 0.027 0.001 0.012 0.005 0.017 0.073 0.856 
 424 W _   0.011 0.030 0.001 0.012 0.006 0.020 0.072 0.849 
 425 K _   0.014 0.033 0.001 0.012 0.007 0.022 0.071 0.840 
 426 L _   0.017 0.038 0.001 0.013 0.009 0.026 0.069 0.827 
 427 S _   0.022 0.044 0.001 0.015 0.012 0.029 0.068 0.810 
 428 K _   0.026 0.052 0.001 0.018 0.015 0.032 0.067 0.789 
 429 A _   0.031 0.062 0.001 0.022 0.018 0.035 0.066 0.765 
 430 L _   0.035 0.071 0.001 0.027 0.021 0.037 0.065 0.743 
 431 S _   0.039 0.078 0.002 0.031 0.022 0.038 0.065 0.725 
 432 L _   0.041 0.084 0.002 0.034 0.023 0.038 0.065 0.713 
 433 E _   0.042 0.086 0.002 0.036 0.023 0.037 0.065 0.708 
 434 M _   0.042 0.086 0.002 0.036 0.022 0.035 0.066 0.711 
 435 I _   0.040 0.083 0.001 0.034 0.020 0.033 0.067 0.722 
 436 Q _   0.038 0.077 0.001 0.031 0.017 0.030 0.068 0.737 
 437 L _   0.035 0.068 0.001 0.027 0.015 0.027 0.070 0.759 
 438 K _   0.031 0.057 0.001 0.022 0.012 0.023 0.071 0.783 
 439 E _   0.027 0.044 0.001 0.018 0.009 0.020 0.073 0.807 
 440 K _   0.023 0.032 0.001 0.015 0.007 0.017 0.075 0.830 
 441 V _   0.020 0.022 0.001 0.011 0.005 0.015 0.076 0.849 
 442 A _   0.017 0.014 0.001 0.009 0.004 0.013 0.077 0.865 
 443 R _   0.014 0.009 0.000 0.007 0.003 0.011 0.078 0.878 
 444 F _   0.012 0.005 0.000 0.005 0.003 0.010 0.078 0.887 
 445 S _   0.011 0.002 0.000 0.004 0.002 0.009 0.078 0.893 
 446 S _   0.011 0.001 0.000 0.003 0.002 0.009 0.077 0.896 
 447 S _   0.013 0.001 0.000 0.003 0.002 0.009 0.076 0.896 
 448 S _   0.016 0.000 0.000 0.002 0.002 0.011 0.075 0.893 
 449 P _   0.023 0.000 0.000 0.002 0.003 0.014 0.073 0.884 
 450 F _   0.035 0.000 0.000 0.003 0.004 0.019 0.071 0.868 
 451 Q _   0.053 0.000 0.001 0.003 0.006 0.025 0.068 0.843 
 452 N _   0.078 0.000 0.001 0.004 0.010 0.033 0.066 0.808 
 453 L _   0.108 0.001 0.001 0.006 0.017 0.041 0.063 0.764 
 454 E _   0.138 0.002 0.002 0.009 0.025 0.050 0.060 0.716 
 455 I _   0.168 0.003 0.002 0.012 0.033 0.057 0.057 0.669 
 456 I _   0.195 0.005 0.002 0.014 0.041 0.062 0.055 0.627 
 457 A _   0.215 0.007 0.002 0.016 0.047 0.064 0.053 0.596 
 458 T _   0.229 0.008 0.002 0.017 0.050 0.065 0.052 0.576 
 459 L _   0.236 0.009 0.002 0.018 0.051 0.064 0.052 0.568 
 460 G _   0.236 0.009 0.002 0.018 0.049 0.061 0.052 0.572 
 461 V _   0.229 0.009 0.002 0.018 0.046 0.058 0.053 0.585 
 462 G _   0.214 0.009 0.002 0.018 0.041 0.054 0.054 0.610 
 463 G _   0.193 0.008 0.002 0.017 0.035 0.049 0.055 0.642 
 464 F _   0.168 0.007 0.002 0.016 0.028 0.043 0.057 0.679 
 465 G _   0.141 0.006 0.002 0.015 0.022 0.038 0.058 0.719 
 466 R _   0.114 0.004 0.001 0.013 0.016 0.032 0.060 0.759 
 467 V _   0.089 0.003 0.001 0.011 0.011 0.027 0.062 0.796 
 468 E _   0.067 0.002 0.001 0.008 0.008 0.023 0.063 0.829 
 469 L _   0.049 0.001 0.001 0.006 0.006 0.019 0.064 0.854 
 470 V _   0.037 0.001 0.000 0.004 0.004 0.017 0.064 0.873 
 471 K _   0.028 0.001 0.000 0.003 0.003 0.015 0.064 0.885 
 472 V _   0.023 0.001 0.000 0.003 0.003 0.015 0.064 0.890 
 473 K _   0.021 0.001 0.000 0.003 0.003 0.016 0.063 0.891 
 474 N _   0.021 0.003 0.000 0.005 0.004 0.018 0.063 0.886 
 475 E _   0.022 0.006 0.001 0.007 0.006 0.021 0.062 0.874 
 476 N _   0.025 0.013 0.001 0.012 0.009 0.024 0.061 0.856 
 477 V _   0.027 0.023 0.001 0.018 0.013 0.027 0.060 0.831 
 478 A _   0.029 0.034 0.001 0.026 0.016 0.030 0.059 0.806 
 479 F _   0.030 0.043 0.001 0.033 0.018 0.031 0.058 0.785 
 480 A _   0.031 0.049 0.001 0.038 0.020 0.031 0.057 0.773 
 481 M _   0.030 0.053 0.001 0.040 0.020 0.030 0.057 0.768 
 482 K _   0.029 0.053 0.001 0.039 0.019 0.029 0.057 0.772 
 483 C _   0.028 0.051 0.001 0.036 0.017 0.027 0.058 0.782 
 484 I _   0.026 0.047 0.001 0.031 0.014 0.024 0.059 0.798 
 485 R _   0.024 0.040 0.001 0.025 0.012 0.021 0.060 0.817 
 486 K _   0.021 0.033 0.001 0.020 0.009 0.019 0.062 0.836 
 487 K _   0.019 0.025 0.001 0.015 0.007 0.016 0.063 0.854 
 488 H _   0.016 0.018 0.001 0.012 0.006 0.014 0.064 0.870 
 489 I _   0.014 0.012 0.001 0.009 0.004 0.012 0.065 0.882 
 490 V _   0.013 0.009 0.000 0.008 0.004 0.011 0.066 0.890 
 491 D _   0.011 0.006 0.000 0.006 0.003 0.010 0.066 0.897 
 492 T _   0.010 0.004 0.000 0.006 0.003 0.009 0.067 0.901 
 493 K _   0.009 0.003 0.000 0.005 0.003 0.009 0.067 0.904 
 494 Q _   0.009 0.002 0.000 0.005 0.003 0.009 0.066 0.906 
 495 Q _   0.008 0.002 0.000 0.005 0.002 0.009 0.066 0.908 
 496 E _   0.008 0.002 0.000 0.005 0.003 0.010 0.065 0.908 
 497 H _   0.009 0.001 0.000 0.005 0.003 0.012 0.063 0.906 
 498 V _   0.010 0.002 0.000 0.006 0.003 0.014 0.062 0.903 
 499 Y _   0.013 0.002 0.000 0.006 0.004 0.017 0.060 0.897 
 500 S _   0.016 0.003 0.001 0.007 0.005 0.020 0.059 0.889 
 501 E _   0.021 0.004 0.001 0.009 0.007 0.024 0.057 0.878 
 502 K _   0.027 0.005 0.001 0.011 0.010 0.029 0.055 0.864 
 503 R _   0.034 0.007 0.001 0.012 0.012 0.034 0.052 0.847 
 504 I _   0.043 0.009 0.001 0.013 0.015 0.039 0.050 0.830 
 505 L _   0.053 0.011 0.001 0.014 0.019 0.044 0.048 0.810 
 506 E _   0.064 0.013 0.001 0.015 0.023 0.049 0.046 0.789 
 507 E _   0.075 0.016 0.002 0.016 0.027 0.053 0.044 0.767 
 508 L _   0.086 0.019 0.002 0.017 0.032 0.056 0.042 0.745 
 509 C _   0.096 0.023 0.002 0.020 0.036 0.058 0.041 0.725 
 510 S _   0.103 0.026 0.002 0.024 0.038 0.058 0.040 0.709 
 511 P _   0.108 0.030 0.002 0.028 0.039 0.057 0.039 0.696 
 512 F _   0.110 0.033 0.002 0.033 0.039 0.055 0.038 0.691 
 513 I _   0.108 0.034 0.002 0.036 0.036 0.051 0.038 0.695 
 514 V _   0.104 0.033 0.002 0.036 0.032 0.046 0.038 0.709 
 515 K _   0.096 0.030 0.002 0.033 0.026 0.040 0.038 0.735 
 516 L _   0.086 0.024 0.002 0.026 0.020 0.033 0.039 0.770 
 517 Y _   0.076 0.016 0.001 0.018 0.013 0.027 0.039 0.809 
 518 R _   0.067 0.008 0.001 0.011 0.008 0.021 0.039 0.846 
 519 T _   0.059 0.003 0.001 0.005 0.005 0.016 0.038 0.873 
 520 F _   0.055 0.001 0.000 0.002 0.003 0.013 0.037 0.888 
 521 K _   0.057 0.000 0.000 0.001 0.002 0.012 0.036 0.892 
 522 D _   0.068 0.000 0.000 0.001 0.002 0.012 0.034 0.882 
 523 N _   0.094 0.000 0.000 0.001 0.003 0.014 0.032 0.855 
 524 K _   0.142 0.000 0.001 0.001 0.005 0.018 0.030 0.804 
 525 Y _   0.214 0.000 0.001 0.001 0.009 0.024 0.027 0.723 
 526 V _   0.302 0.000 0.001 0.002 0.016 0.032 0.024 0.622 
 527 Y _   0.392 0.000 0.002 0.003 0.025 0.039 0.022 0.517 
 528 M H   0.472 0.000 0.002 0.005 0.035 0.045 0.020 0.421 
 529 L H   0.531 0.001 0.002 0.006 0.044 0.048 0.018 0.350 
 530 L H   0.574 0.001 0.002 0.007 0.050 0.049 0.017 0.299 
 531 E H   0.601 0.001 0.002 0.007 0.054 0.048 0.017 0.269 
 532 A H   0.613 0.002 0.002 0.007 0.056 0.047 0.017 0.256 
 533 C H   0.614 0.002 0.002 0.007 0.056 0.045 0.018 0.257 
 534 L H   0.602 0.002 0.002 0.007 0.054 0.043 0.019 0.271 
 535 G H   0.577 0.002 0.002 0.007 0.051 0.041 0.020 0.300 
 536 G H   0.540 0.002 0.002 0.008 0.046 0.039 0.022 0.340 
 537 E H   0.489 0.002 0.002 0.010 0.041 0.037 0.025 0.394 
 538 L _   0.425 0.002 0.002 0.012 0.034 0.034 0.028 0.461 
 539 W _   0.354 0.003 0.002 0.014 0.027 0.031 0.032 0.537 
 540 S _   0.281 0.002 0.002 0.015 0.021 0.027 0.037 0.615 
 541 I _   0.214 0.002 0.001 0.014 0.015 0.023 0.041 0.690 
 542 L _   0.154 0.002 0.001 0.012 0.010 0.019 0.044 0.759 
 543 R _   0.106 0.001 0.001 0.009 0.007 0.015 0.047 0.815 
 544 D _   0.070 0.001 0.001 0.006 0.004 0.012 0.049 0.858 
 545 R _   0.046 0.000 0.000 0.004 0.003 0.009 0.050 0.887 
 546 G _   0.031 0.000 0.000 0.003 0.002 0.007 0.051 0.906 
 547 S _   0.023 0.000 0.000 0.002 0.001 0.007 0.051 0.916 
 548 F _   0.021 0.000 0.000 0.001 0.001 0.007 0.051 0.919 
 549 D _   0.024 0.000 0.000 0.001 0.001 0.008 0.050 0.915 
 550 E _   0.035 0.000 0.000 0.001 0.002 0.011 0.048 0.902 
 551 P _   0.057 0.000 0.000 0.002 0.004 0.017 0.047 0.873 
 552 T _   0.097 0.000 0.001 0.002 0.007 0.026 0.044 0.822 
 553 S _   0.155 0.000 0.001 0.004 0.014 0.039 0.041 0.746 
 554 K _   0.221 0.001 0.002 0.006 0.027 0.052 0.038 0.653 
 555 F _   0.281 0.004 0.002 0.010 0.043 0.064 0.035 0.561 
 556 C _   0.330 0.008 0.003 0.016 0.057 0.073 0.032 0.482 
 557 V _   0.363 0.012 0.003 0.022 0.066 0.077 0.030 0.427 
 558 A _   0.383 0.015 0.003 0.026 0.071 0.077 0.029 0.395 
 559 C H   0.392 0.016 0.003 0.028 0.071 0.075 0.029 0.386 
 560 V _   0.390 0.015 0.003 0.025 0.067 0.071 0.029 0.399 
 561 T _   0.378 0.012 0.003 0.020 0.060 0.066 0.029 0.431 
 562 E _   0.356 0.009 0.003 0.014 0.050 0.061 0.029 0.479 
 563 A _   0.325 0.005 0.002 0.009 0.039 0.055 0.030 0.536 
 564 F _   0.288 0.002 0.002 0.006 0.029 0.050 0.031 0.593 
 565 D _   0.250 0.001 0.001 0.004 0.022 0.045 0.032 0.645 
 566 Y _   0.215 0.001 0.001 0.004 0.017 0.042 0.032 0.688 
 567 L _   0.183 0.001 0.001 0.006 0.015 0.039 0.034 0.722 
 568 H _   0.155 0.002 0.001 0.008 0.015 0.037 0.035 0.747 
 569 R _   0.130 0.003 0.001 0.013 0.015 0.035 0.036 0.767 
 570 L _   0.106 0.005 0.001 0.018 0.015 0.033 0.037 0.785 
 571 G _   0.085 0.007 0.001 0.022 0.014 0.030 0.038 0.802 
 572 I _   0.067 0.008 0.001 0.023 0.013 0.026 0.040 0.822 
 573 I _   0.052 0.008 0.001 0.022 0.011 0.023 0.041 0.843 
 574 Y _   0.039 0.008 0.001 0.019 0.009 0.019 0.042 0.864 
 575 R _   0.029 0.007 0.001 0.015 0.006 0.015 0.043 0.885 
 576 D _   0.021 0.005 0.001 0.010 0.005 0.012 0.044 0.902 
 577 L _   0.015 0.004 0.000 0.007 0.003 0.010 0.044 0.915 
 578 K _   0.011 0.004 0.000 0.005 0.002 0.009 0.044 0.924 
 579 P _   0.009 0.004 0.000 0.004 0.002 0.008 0.044 0.928 
 580 E _   0.008 0.005 0.000 0.004 0.002 0.008 0.044 0.929 
 581 N _   0.008 0.006 0.000 0.005 0.002 0.008 0.043 0.927 
 582 L _   0.008 0.010 0.000 0.006 0.003 0.009 0.043 0.921 
 583 I _   0.009 0.016 0.000 0.008 0.004 0.011 0.042 0.910 
 584 L _   0.009 0.025 0.001 0.011 0.005 0.012 0.040 0.897 
 585 D _   0.009 0.037 0.001 0.014 0.006 0.013 0.039 0.882 
 586 A _   0.010 0.050 0.001 0.017 0.007 0.015 0.037 0.865 
 587 E _   0.010 0.062 0.001 0.019 0.008 0.016 0.035 0.849 
 588 G _   0.010 0.074 0.001 0.021 0.009 0.017 0.034 0.834 
 589 Y _   0.011 0.084 0.001 0.023 0.009 0.018 0.033 0.821 
 590 L _   0.012 0.093 0.001 0.025 0.010 0.019 0.031 0.809 
 591 K _   0.012 0.101 0.001 0.027 0.011 0.019 0.031 0.799 
 592 L _   0.013 0.107 0.001 0.028 0.011 0.019 0.030 0.791 
 593 V _   0.013 0.111 0.001 0.029 0.011 0.019 0.029 0.786 
 594 D _   0.013 0.113 0.001 0.030 0.011 0.018 0.029 0.786 
 595 F _   0.013 0.112 0.001 0.029 0.010 0.018 0.029 0.789 
 596 G _   0.013 0.110 0.001 0.027 0.009 0.017 0.029 0.795 
 597 F _   0.012 0.105 0.001 0.023 0.008 0.016 0.029 0.806 
 598 A _   0.012 0.098 0.001 0.019 0.007 0.014 0.029 0.820 
 599 K _   0.011 0.089 0.001 0.016 0.006 0.013 0.029 0.835 
 600 K _   0.010 0.081 0.001 0.012 0.005 0.013 0.029 0.849 
 601 I _   0.010 0.075 0.001 0.010 0.004 0.012 0.029 0.860 
 602 G _   0.009 0.070 0.000 0.009 0.004 0.012 0.029 0.866 
 603 S _   0.009 0.068 0.000 0.008 0.004 0.012 0.029 0.869 
 604 G _   0.010 0.068 0.000 0.009 0.004 0.012 0.028 0.868 
 605 Q _   0.010 0.069 0.001 0.011 0.005 0.013 0.028 0.864 
 606 K _   0.010 0.072 0.001 0.013 0.006 0.014 0.027 0.858 
 607 T _   0.010 0.074 0.001 0.015 0.007 0.014 0.027 0.852 
 608 W _   0.010 0.077 0.001 0.017 0.007 0.015 0.026 0.846 
 609 T _   0.010 0.079 0.001 0.019 0.008 0.015 0.026 0.843 
 610 F _   0.010 0.080 0.001 0.020 0.008 0.015 0.026 0.842 
 611 C _   0.010 0.080 0.001 0.020 0.008 0.015 0.025 0.843 
 612 G _   0.009 0.079 0.001 0.019 0.007 0.015 0.025 0.845 
 613 T _   0.009 0.077 0.001 0.019 0.007 0.015 0.025 0.848 
 614 P _   0.009 0.076 0.001 0.019 0.007 0.015 0.024 0.849 
 615 E _   0.009 0.074 0.001 0.019 0.008 0.015 0.024 0.850 
 616 Y _   0.009 0.073 0.001 0.021 0.008 0.015 0.024 0.849 
 617 V _   0.009 0.071 0.001 0.023 0.008 0.015 0.024 0.848 
 618 A _   0.010 0.069 0.001 0.025 0.009 0.016 0.024 0.847 
 619 P _   0.010 0.066 0.001 0.026 0.009 0.015 0.024 0.849 
 620 E _   0.010 0.061 0.001 0.027 0.009 0.015 0.024 0.853 
 621 V _   0.010 0.055 0.001 0.025 0.008 0.015 0.025 0.862 
 622 I _   0.011 0.046 0.001 0.022 0.007 0.014 0.025 0.875 
 623 L _   0.012 0.034 0.001 0.017 0.006 0.013 0.025 0.891 
 624 N _   0.013 0.023 0.001 0.013 0.005 0.012 0.026 0.907 
 625 K _   0.017 0.012 0.001 0.009 0.004 0.012 0.026 0.920 
 626 G _   0.024 0.005 0.000 0.005 0.004 0.012 0.026 0.924 
 627 H _   0.036 0.002 0.000 0.003 0.003 0.013 0.026 0.916 
 628 D _   0.057 0.001 0.000 0.002 0.004 0.015 0.025 0.895 
 629 F _   0.094 0.000 0.001 0.002 0.005 0.019 0.024 0.855 
 630 S _   0.153 0.000 0.001 0.002 0.008 0.023 0.023 0.790 
 631 V _   0.232 0.000 0.001 0.002 0.012 0.030 0.022 0.702 
 632 D _   0.322 0.000 0.001 0.003 0.019 0.036 0.021 0.597 
 633 F _   0.412 0.000 0.002 0.003 0.029 0.042 0.020 0.492 
 634 W H   0.487 0.000 0.002 0.004 0.039 0.047 0.019 0.401 
 635 S H   0.542 0.001 0.002 0.005 0.048 0.049 0.020 0.332 
 636 L H   0.580 0.002 0.002 0.007 0.055 0.050 0.020 0.284 
 637 G H   0.601 0.003 0.002 0.008 0.059 0.049 0.022 0.256 
 638 I H   0.606 0.004 0.003 0.010 0.060 0.047 0.024 0.245 
 639 L H   0.596 0.005 0.003 0.012 0.060 0.044 0.027 0.253 
 640 V H   0.570 0.005 0.003 0.013 0.057 0.041 0.031 0.279 
 641 Y H   0.525 0.005 0.003 0.014 0.050 0.038 0.037 0.328 
 642 E H   0.461 0.004 0.003 0.014 0.041 0.033 0.044 0.400 
 643 L _   0.379 0.003 0.002 0.012 0.031 0.029 0.052 0.492 
 644 L _   0.291 0.002 0.002 0.010 0.020 0.023 0.060 0.593 
 645 T _   0.207 0.001 0.001 0.007 0.012 0.019 0.068 0.686 
 646 G _   0.138 0.000 0.001 0.004 0.007 0.015 0.075 0.761 
 647 N _   0.087 0.000 0.001 0.003 0.004 0.012 0.080 0.814 
 648 P _   0.055 0.000 0.000 0.002 0.003 0.010 0.083 0.846 
 649 P _   0.037 0.000 0.000 0.002 0.002 0.010 0.086 0.863 
 650 F _   0.028 0.000 0.000 0.002 0.002 0.011 0.088 0.870 
 651 S _   0.025 0.000 0.000 0.002 0.002 0.013 0.090 0.868 
 652 G _   0.026 0.001 0.000 0.003 0.004 0.017 0.091 0.858 
 653 V _   0.030 0.004 0.001 0.005 0.006 0.022 0.092 0.840 
 654 D _   0.035 0.012 0.001 0.009 0.011 0.029 0.093 0.810 
 655 Q _   0.042 0.027 0.001 0.015 0.017 0.036 0.093 0.769 
 656 M _   0.047 0.049 0.002 0.023 0.024 0.042 0.093 0.720 
 657 M _   0.050 0.072 0.002 0.032 0.030 0.046 0.094 0.672 
 658 T _   0.052 0.092 0.002 0.041 0.034 0.049 0.096 0.635 
 659 Y _   0.052 0.106 0.002 0.047 0.037 0.049 0.098 0.608 
 660 N _   0.052 0.114 0.002 0.051 0.038 0.048 0.101 0.594 
 661 L _   0.051 0.118 0.002 0.051 0.036 0.046 0.104 0.590 
 662 I _   0.050 0.118 0.002 0.049 0.033 0.043 0.109 0.596 
 663 L _   0.047 0.114 0.002 0.045 0.029 0.040 0.115 0.610 
