#TopoPred_TM8: 8-state transmembrane topology prediction results by no_profile mode 
#probabilities are in the order of H E C I L F X _, the 8 transmembrane topology types used in PDBTM 
   1 M X   0.016 0.002 0.002 0.062 0.011 0.013 0.647 0.247 
   2 G X   0.006 0.001 0.000 0.042 0.002 0.008 0.663 0.277 
   3 D X   0.002 0.001 0.000 0.029 0.001 0.007 0.666 0.294 
   4 V X   0.002 0.002 0.000 0.024 0.001 0.008 0.661 0.302 
   5 K X   0.003 0.003 0.000 0.024 0.002 0.010 0.650 0.307 
   6 L X   0.005 0.005 0.000 0.025 0.003 0.013 0.635 0.313 
   7 V X   0.006 0.007 0.001 0.028 0.004 0.016 0.620 0.318 
   8 A X   0.008 0.011 0.001 0.031 0.006 0.017 0.602 0.325 
   9 S X   0.008 0.015 0.001 0.034 0.007 0.017 0.584 0.335 
  10 S X   0.008 0.018 0.001 0.036 0.008 0.017 0.566 0.347 
  11 H X   0.007 0.020 0.001 0.035 0.008 0.016 0.551 0.361 
  12 I X   0.007 0.021 0.001 0.033 0.008 0.015 0.538 0.377 
  13 S X   0.007 0.021 0.001 0.030 0.007 0.014 0.528 0.393 
  14 K X   0.007 0.020 0.001 0.026 0.006 0.012 0.519 0.409 
  15 T X   0.006 0.018 0.001 0.021 0.005 0.011 0.512 0.425 
  16 S X   0.006 0.015 0.001 0.017 0.004 0.010 0.506 0.440 
  17 L X   0.006 0.013 0.000 0.013 0.004 0.009 0.500 0.455 
  18 S X   0.005 0.010 0.000 0.010 0.003 0.008 0.494 0.469 
  19 V X   0.005 0.008 0.000 0.008 0.002 0.007 0.487 0.482 
  20 D _   0.005 0.007 0.000 0.006 0.002 0.006 0.481 0.493 
  21 P _   0.004 0.005 0.000 0.005 0.002 0.006 0.473 0.504 
  22 S _   0.004 0.005 0.000 0.004 0.002 0.005 0.465 0.514 
  23 R _   0.004 0.004 0.000 0.004 0.002 0.005 0.457 0.524 
  24 V _   0.004 0.005 0.000 0.004 0.002 0.006 0.447 0.532 
  25 D _   0.004 0.005 0.000 0.005 0.002 0.007 0.436 0.540 
  26 S _   0.005 0.007 0.000 0.007 0.003 0.008 0.424 0.546 
  27 M _   0.006 0.010 0.000 0.009 0.004 0.010 0.411 0.550 
  28 P _   0.007 0.014 0.001 0.013 0.005 0.012 0.397 0.553 
  29 L _   0.007 0.018 0.001 0.017 0.007 0.013 0.382 0.554 
  30 T _   0.008 0.024 0.001 0.022 0.008 0.015 0.368 0.555 
  31 E _   0.008 0.028 0.001 0.026 0.009 0.016 0.355 0.557 
  32 A _   0.009 0.031 0.001 0.028 0.009 0.016 0.344 0.562 
  33 P _   0.009 0.033 0.001 0.028 0.009 0.015 0.334 0.571 
  34 A _   0.009 0.034 0.001 0.026 0.009 0.015 0.325 0.582 
  35 F _   0.009 0.033 0.001 0.023 0.008 0.014 0.317 0.596 
  36 I _   0.009 0.031 0.001 0.019 0.007 0.013 0.310 0.611 
  37 L _   0.008 0.029 0.001 0.016 0.005 0.012 0.303 0.627 
  38 P _   0.008 0.026 0.001 0.012 0.005 0.011 0.297 0.641 
  39 P _   0.007 0.024 0.000 0.010 0.004 0.010 0.291 0.653 
  40 R _   0.007 0.023 0.000 0.008 0.003 0.010 0.285 0.663 
  41 N _   0.007 0.022 0.000 0.008 0.003 0.010 0.279 0.670 
  42 L _   0.007 0.022 0.000 0.008 0.003 0.010 0.273 0.676 
  43 C _   0.007 0.023 0.000 0.009 0.004 0.010 0.266 0.680 
  44 I _   0.007 0.025 0.001 0.011 0.004 0.010 0.259 0.683 
  45 K _   0.008 0.028 0.001 0.013 0.005 0.011 0.251 0.685 
  46 E _   0.008 0.030 0.001 0.015 0.005 0.011 0.244 0.686 
  47 G _   0.008 0.033 0.001 0.017 0.006 0.012 0.236 0.688 
  48 A _   0.008 0.035 0.001 0.019 0.006 0.012 0.229 0.690 
  49 T _   0.008 0.036 0.001 0.020 0.006 0.012 0.223 0.695 
  50 A _   0.008 0.036 0.001 0.020 0.006 0.012 0.218 0.700 
  51 K _   0.008 0.035 0.001 0.019 0.006 0.011 0.213 0.707 
  52 F _   0.007 0.034 0.001 0.018 0.006 0.011 0.208 0.715 
  53 E _   0.007 0.032 0.001 0.016 0.005 0.010 0.205 0.724 
  54 G _   0.007 0.029 0.001 0.014 0.005 0.010 0.201 0.733 
  55 R _   0.007 0.026 0.001 0.013 0.004 0.009 0.198 0.742 
  56 V _   0.007 0.024 0.000 0.011 0.004 0.009 0.195 0.750 
  57 R _   0.007 0.021 0.000 0.010 0.004 0.009 0.192 0.757 
  58 G _   0.007 0.019 0.000 0.010 0.003 0.009 0.189 0.763 
  59 Y _   0.006 0.017 0.000 0.009 0.003 0.009 0.186 0.769 
  60 P _   0.006 0.016 0.000 0.010 0.004 0.009 0.183 0.772 
  61 E _   0.006 0.015 0.000 0.011 0.004 0.009 0.180 0.775 
  62 P _   0.007 0.015 0.000 0.011 0.004 0.009 0.176 0.777 
  63 Q _   0.007 0.014 0.001 0.012 0.004 0.009 0.173 0.780 
  64 V _   0.007 0.013 0.001 0.012 0.004 0.009 0.171 0.783 
  65 T _   0.007 0.012 0.001 0.012 0.004 0.009 0.168 0.787 
  66 W _   0.006 0.011 0.000 0.012 0.004 0.009 0.165 0.793 
  67 H _   0.006 0.009 0.000 0.010 0.004 0.009 0.162 0.799 
  68 R _   0.006 0.008 0.000 0.009 0.003 0.009 0.159 0.805 
  69 N _   0.006 0.007 0.000 0.008 0.003 0.010 0.156 0.810 
  70 G _   0.006 0.006 0.000 0.007 0.003 0.010 0.153 0.814 
  71 Q _   0.007 0.005 0.000 0.007 0.003 0.012 0.150 0.816 
  72 P _   0.008 0.005 0.000 0.007 0.004 0.014 0.146 0.816 
  73 I _   0.010 0.005 0.001 0.008 0.005 0.017 0.143 0.813 
  74 T _   0.012 0.006 0.001 0.009 0.006 0.020 0.139 0.808 
  75 S _   0.015 0.007 0.001 0.011 0.007 0.025 0.134 0.800 
  76 G _   0.020 0.008 0.001 0.013 0.010 0.030 0.130 0.789 
  77 G _   0.026 0.009 0.001 0.015 0.013 0.036 0.125 0.776 
  78 R _   0.033 0.010 0.001 0.016 0.015 0.041 0.120 0.763 
  79 F _   0.041 0.011 0.001 0.016 0.018 0.047 0.116 0.749 
  80 L _   0.051 0.012 0.001 0.016 0.021 0.052 0.111 0.735 
  81 L _   0.063 0.012 0.001 0.015 0.025 0.057 0.107 0.719 
  82 D _   0.077 0.013 0.002 0.014 0.029 0.062 0.103 0.701 
  83 C _   0.093 0.014 0.002 0.013 0.033 0.066 0.099 0.680 
  84 G _   0.109 0.016 0.002 0.013 0.038 0.069 0.096 0.658 
  85 I _   0.125 0.019 0.002 0.013 0.043 0.071 0.093 0.633 
  86 R _   0.140 0.023 0.002 0.015 0.048 0.073 0.091 0.608 
  87 G _   0.150 0.028 0.002 0.019 0.052 0.073 0.089 0.587 
  88 T _   0.156 0.034 0.003 0.023 0.054 0.071 0.088 0.572 
  89 F _   0.157 0.039 0.003 0.028 0.054 0.068 0.088 0.565 
  90 S _   0.152 0.042 0.003 0.032 0.052 0.063 0.088 0.569 
  91 L _   0.143 0.044 0.003 0.035 0.047 0.057 0.089 0.582 
  92 V _   0.130 0.044 0.002 0.035 0.040 0.051 0.090 0.607 
  93 I _   0.113 0.041 0.002 0.034 0.032 0.044 0.092 0.641 
  94 H _   0.094 0.036 0.002 0.030 0.025 0.037 0.095 0.681 
  95 A _   0.075 0.030 0.002 0.024 0.018 0.030 0.097 0.724 
  96 V _   0.058 0.022 0.001 0.018 0.012 0.024 0.099 0.766 
  97 H _   0.042 0.015 0.001 0.013 0.007 0.019 0.101 0.802 
  98 E _   0.030 0.010 0.001 0.009 0.005 0.015 0.102 0.829 
  99 E _   0.021 0.007 0.000 0.006 0.003 0.012 0.103 0.848 
 100 D _   0.015 0.005 0.000 0.005 0.002 0.010 0.103 0.860 
 101 R _   0.011 0.005 0.000 0.004 0.002 0.008 0.102 0.867 
 102 G _   0.009 0.005 0.000 0.004 0.002 0.008 0.102 0.870 
 103 K _   0.008 0.005 0.000 0.005 0.002 0.007 0.100 0.872 
 104 Y _   0.007 0.007 0.000 0.006 0.002 0.008 0.099 0.871 
 105 T _   0.007 0.009 0.000 0.007 0.003 0.008 0.097 0.870 
 106 C _   0.006 0.012 0.000 0.008 0.003 0.008 0.095 0.867 
 107 E _   0.006 0.016 0.000 0.009 0.003 0.009 0.092 0.865 
 108 A _   0.006 0.021 0.000 0.009 0.003 0.010 0.089 0.862 
 109 T _   0.006 0.026 0.000 0.009 0.003 0.010 0.086 0.858 
 110 N _   0.007 0.033 0.000 0.010 0.004 0.012 0.082 0.852 
 111 G _   0.008 0.043 0.001 0.011 0.005 0.014 0.079 0.841 
 112 S _   0.009 0.056 0.001 0.012 0.006 0.016 0.074 0.825 
 113 G _   0.011 0.076 0.001 0.015 0.008 0.019 0.070 0.801 
 114 A _   0.013 0.103 0.001 0.018 0.010 0.022 0.065 0.767 
 115 R _   0.015 0.138 0.001 0.023 0.013 0.025 0.060 0.726 
 116 Q _   0.016 0.176 0.001 0.027 0.015 0.027 0.055 0.682 
 117 V _   0.016 0.213 0.002 0.031 0.017 0.028 0.051 0.642 
 118 T _   0.017 0.245 0.002 0.035 0.018 0.028 0.047 0.610 
 119 V _   0.017 0.268 0.001 0.037 0.018 0.028 0.044 0.587 
 120 E _   0.016 0.284 0.001 0.038 0.018 0.027 0.042 0.574 
 121 L _   0.016 0.292 0.001 0.037 0.017 0.026 0.040 0.570 
 122 T _   0.016 0.295 0.001 0.035 0.016 0.025 0.038 0.573 
 123 V _   0.015 0.294 0.001 0.032 0.015 0.024 0.037 0.581 
 124 E _   0.015 0.289 0.001 0.029 0.013 0.022 0.037 0.594 
 125 G _   0.014 0.281 0.001 0.026 0.012 0.021 0.036 0.610 
 126 S _   0.014 0.270 0.001 0.022 0.010 0.019 0.036 0.628 
 127 F _   0.013 0.257 0.001 0.019 0.009 0.018 0.035 0.646 
 128 A _   0.013 0.245 0.001 0.017 0.008 0.017 0.035 0.664 
 129 K _   0.013 0.233 0.001 0.015 0.007 0.016 0.035 0.680 
 130 Q _   0.012 0.222 0.001 0.014 0.007 0.015 0.035 0.694 
 131 L _   0.011 0.214 0.001 0.014 0.006 0.014 0.035 0.705 
 132 G _   0.011 0.206 0.001 0.014 0.006 0.014 0.035 0.714 
 133 Q _   0.010 0.200 0.001 0.014 0.006 0.013 0.035 0.721 
 134 P _   0.010 0.194 0.001 0.014 0.006 0.013 0.034 0.727 
 135 V _   0.010 0.188 0.001 0.015 0.006 0.013 0.034 0.733 
 136 V _   0.010 0.182 0.001 0.015 0.006 0.012 0.034 0.740 
 137 S _   0.009 0.176 0.001 0.014 0.005 0.012 0.034 0.748 
 138 K _   0.009 0.168 0.001 0.014 0.005 0.011 0.034 0.758 
 139 T _   0.008 0.161 0.001 0.012 0.005 0.011 0.034 0.768 
 140 L _   0.008 0.154 0.001 0.011 0.004 0.011 0.034 0.777 
 141 G _   0.008 0.149 0.001 0.010 0.004 0.011 0.034 0.784 
 142 D _   0.008 0.145 0.000 0.010 0.004 0.011 0.033 0.789 
 143 R _   0.008 0.143 0.001 0.010 0.004 0.011 0.033 0.790 
 144 F _   0.008 0.142 0.001 0.011 0.005 0.012 0.033 0.789 
 145 S _   0.009 0.144 0.001 0.012 0.005 0.012 0.032 0.786 
 146 A _   0.009 0.146 0.001 0.014 0.006 0.013 0.032 0.780 
 147 P _   0.009 0.149 0.001 0.017 0.006 0.013 0.031 0.774 
 148 A _   0.009 0.151 0.001 0.018 0.007 0.013 0.031 0.770 
 149 V _   0.009 0.152 0.001 0.020 0.007 0.013 0.030 0.767 
 150 E _   0.009 0.152 0.001 0.020 0.007 0.013 0.030 0.768 
 151 T _   0.009 0.150 0.001 0.019 0.007 0.013 0.030 0.772 
 152 R _   0.009 0.146 0.001 0.018 0.006 0.012 0.030 0.777 
 153 P _   0.009 0.141 0.001 0.016 0.006 0.012 0.030 0.785 
 154 S _   0.009 0.136 0.001 0.014 0.005 0.011 0.030 0.794 
 155 I _   0.008 0.130 0.001 0.012 0.005 0.011 0.031 0.803 
 156 W _   0.008 0.126 0.001 0.010 0.004 0.010 0.031 0.810 
 157 G _   0.008 0.122 0.000 0.009 0.004 0.010 0.031 0.815 
 158 E _   0.008 0.121 0.000 0.008 0.004 0.011 0.031 0.818 
 159 C _   0.008 0.121 0.000 0.008 0.004 0.011 0.030 0.818 
 160 P _   0.008 0.124 0.000 0.008 0.004 0.012 0.030 0.814 
 161 P _   0.009 0.130 0.001 0.009 0.005 0.013 0.029 0.805 
 162 K _   0.010 0.139 0.001 0.011 0.006 0.014 0.028 0.792 
 163 F _   0.010 0.153 0.001 0.013 0.007 0.015 0.027 0.773 
 164 A _   0.011 0.170 0.001 0.016 0.008 0.016 0.026 0.751 
 165 T _   0.011 0.189 0.001 0.019 0.009 0.017 0.025 0.728 
 166 K _   0.011 0.207 0.001 0.022 0.010 0.018 0.025 0.707 
 167 L _   0.011 0.223 0.001 0.024 0.010 0.018 0.024 0.689 
 168 G _   0.011 0.234 0.001 0.025 0.011 0.018 0.023 0.677 
 169 R _   0.011 0.242 0.001 0.026 0.010 0.017 0.023 0.670 
 170 V _   0.011 0.247 0.001 0.025 0.010 0.017 0.023 0.666 
 171 V _   0.011 0.249 0.001 0.024 0.010 0.017 0.023 0.666 
 172 V _   0.011 0.248 0.001 0.023 0.009 0.016 0.023 0.669 
 173 K _   0.011 0.246 0.001 0.021 0.009 0.016 0.023 0.674 
 174 E _   0.011 0.242 0.001 0.020 0.008 0.016 0.023 0.679 
 175 G _   0.011 0.237 0.001 0.019 0.008 0.015 0.024 0.685 
 176 Q _   0.011 0.231 0.001 0.018 0.008 0.015 0.024 0.692 
 177 M _   0.011 0.224 0.001 0.018 0.007 0.014 0.025 0.700 
 178 G _   0.011 0.216 0.001 0.017 0.007 0.014 0.025 0.708 
 179 R _   0.011 0.207 0.001 0.017 0.007 0.014 0.026 0.717 
 180 F _   0.010 0.198 0.001 0.016 0.007 0.013 0.027 0.728 
 181 S _   0.010 0.187 0.001 0.015 0.006 0.012 0.028 0.741 
 182 C _   0.010 0.177 0.001 0.014 0.006 0.012 0.029 0.753 
 183 K _   0.009 0.166 0.001 0.013 0.005 0.011 0.030 0.765 
 184 I _   0.009 0.157 0.001 0.011 0.005 0.011 0.031 0.776 
 185 T _   0.008 0.150 0.001 0.010 0.004 0.011 0.031 0.784 
 186 G _   0.008 0.145 0.001 0.010 0.004 0.011 0.032 0.790 
 187 R _   0.008 0.141 0.000 0.010 0.004 0.011 0.032 0.793 
 188 P _   0.008 0.139 0.001 0.010 0.004 0.011 0.033 0.794 
 189 Q _   0.008 0.139 0.001 0.011 0.005 0.011 0.033 0.792 
 190 P _   0.008 0.140 0.001 0.013 0.005 0.012 0.034 0.789 
 191 Q _   0.008 0.142 0.001 0.015 0.006 0.012 0.034 0.783 
 192 V _   0.008 0.144 0.001 0.017 0.006 0.013 0.034 0.778 
 193 T _   0.008 0.146 0.001 0.019 0.007 0.013 0.034 0.773 
 194 W _   0.008 0.146 0.001 0.020 0.007 0.013 0.035 0.771 
 195 L _   0.008 0.146 0.001 0.021 0.007 0.013 0.035 0.769 
 196 K _   0.007 0.145 0.001 0.022 0.007 0.013 0.036 0.770 
 197 G _   0.007 0.142 0.001 0.021 0.007 0.012 0.037 0.772 
 198 N _   0.007 0.138 0.001 0.021 0.007 0.012 0.038 0.777 
 199 V _   0.007 0.132 0.001 0.020 0.006 0.012 0.039 0.782 
 200 P _   0.008 0.126 0.001 0.019 0.006 0.011 0.040 0.789 
 201 L _   0.008 0.119 0.001 0.018 0.006 0.011 0.042 0.797 
 202 Q _   0.008 0.111 0.001 0.017 0.006 0.011 0.043 0.804 
 203 P _   0.007 0.102 0.001 0.016 0.005 0.011 0.045 0.813 
 204 S _   0.007 0.093 0.001 0.014 0.005 0.011 0.046 0.822 
 205 A _   0.007 0.085 0.001 0.013 0.005 0.011 0.048 0.831 
 206 R _   0.007 0.077 0.001 0.011 0.004 0.010 0.050 0.839 
 207 V _   0.007 0.071 0.001 0.010 0.004 0.011 0.051 0.846 
 208 S _   0.007 0.066 0.000 0.009 0.004 0.011 0.052 0.850 
 209 V _   0.008 0.063 0.000 0.008 0.004 0.012 0.053 0.852 
 210 S _   0.008 0.062 0.000 0.008 0.004 0.013 0.054 0.850 
 211 E _   0.009 0.063 0.001 0.010 0.005 0.015 0.055 0.843 
 212 K _   0.011 0.065 0.001 0.013 0.006 0.017 0.055 0.832 
 213 N _   0.012 0.070 0.001 0.018 0.009 0.019 0.056 0.816 
 214 G _   0.014 0.075 0.001 0.024 0.011 0.021 0.057 0.797 
 215 M _   0.015 0.080 0.001 0.032 0.013 0.023 0.058 0.778 
 216 Q _   0.016 0.083 0.001 0.038 0.015 0.023 0.059 0.764 
 217 V _   0.016 0.084 0.001 0.042 0.015 0.023 0.061 0.757 
 218 L _   0.016 0.081 0.001 0.041 0.015 0.022 0.063 0.760 
 219 E _   0.016 0.074 0.001 0.037 0.013 0.021 0.066 0.772 
 220 I _   0.015 0.062 0.001 0.030 0.011 0.019 0.070 0.792 
 221 H _   0.014 0.045 0.001 0.022 0.009 0.017 0.073 0.819 
 222 G _   0.013 0.028 0.001 0.014 0.006 0.016 0.077 0.846 
 223 V _   0.013 0.014 0.001 0.008 0.004 0.015 0.080 0.866 
 224 N _   0.013 0.006 0.000 0.004 0.003 0.015 0.082 0.876 
 225 Q _   0.014 0.003 0.000 0.003 0.003 0.016 0.084 0.877 
 226 D _   0.018 0.002 0.000 0.002 0.003 0.019 0.085 0.870 
 227 D _   0.024 0.003 0.000 0.003 0.005 0.023 0.086 0.855 
 228 V _   0.033 0.005 0.001 0.005 0.009 0.030 0.087 0.830 
 229 G _   0.043 0.014 0.001 0.011 0.016 0.038 0.088 0.789 
 230 V _   0.052 0.033 0.002 0.021 0.025 0.046 0.089 0.732 
 231 Y _   0.057 0.060 0.002 0.034 0.034 0.051 0.090 0.671 
 232 T _   0.059 0.086 0.003 0.048 0.039 0.054 0.092 0.621 
 233 C _   0.057 0.102 0.003 0.059 0.041 0.053 0.094 0.590 
 234 L _   0.054 0.110 0.002 0.064 0.040 0.051 0.098 0.579 
 235 V _   0.050 0.112 0.002 0.062 0.037 0.048 0.102 0.586 
 236 V _   0.045 0.109 0.002 0.056 0.032 0.043 0.108 0.604 
 237 N _   0.040 0.100 0.002 0.045 0.026 0.039 0.114 0.634 
 238 G _   0.035 0.086 0.002 0.033 0.020 0.034 0.121 0.671 
 239 S _   0.030 0.069 0.001 0.021 0.014 0.029 0.127 0.708 
 240 G _   0.025 0.055 0.001 0.014 0.010 0.025 0.133 0.737 
 241 K _   0.021 0.046 0.001 0.010 0.007 0.023 0.139 0.754 
 242 A _   0.018 0.042 0.001 0.008 0.006 0.021 0.143 0.761 
 243 S _   0.017 0.040 0.001 0.009 0.006 0.020 0.147 0.761 
 244 M _   0.015 0.041 0.001 0.011 0.006 0.019 0.151 0.755 
 245 S _   0.015 0.043 0.001 0.015 0.007 0.019 0.155 0.745 
 246 A _   0.014 0.045 0.001 0.020 0.008 0.019 0.159 0.733 
 247 E _   0.014 0.047 0.001 0.024 0.009 0.018 0.164 0.723 
 248 L _   0.013 0.047 0.001 0.026 0.009 0.017 0.169 0.717 
 249 S _   0.012 0.045 0.001 0.026 0.008 0.015 0.176 0.717 
 250 I _   0.011 0.042 0.001 0.023 0.007 0.014 0.182 0.721 
 251 Q _   0.009 0.036 0.001 0.018 0.006 0.012 0.189 0.729 
 252 G _   0.008 0.029 0.001 0.013 0.005 0.010 0.196 0.737 
 253 L _   0.007 0.023 0.000 0.010 0.004 0.009 0.203 0.743 
 254 D _   0.007 0.019 0.000 0.007 0.003 0.009 0.209 0.746 
 255 S _   0.006 0.017 0.000 0.006 0.003 0.008 0.214 0.745 
 256 A _   0.007 0.016 0.000 0.006 0.003 0.009 0.220 0.740 
 257 N _   0.007 0.016 0.000 0.008 0.003 0.009 0.225 0.732 
 258 R _   0.007 0.017 0.000 0.011 0.004 0.010 0.230 0.721 
 259 S _   0.008 0.019 0.001 0.014 0.005 0.011 0.235 0.708 
 260 F _   0.008 0.020 0.001 0.018 0.006 0.011 0.240 0.696 
 261 V _   0.008 0.021 0.001 0.021 0.006 0.012 0.246 0.686 
 262 R _   0.008 0.022 0.001 0.021 0.006 0.011 0.252 0.679 
 263 E _   0.007 0.021 0.001 0.020 0.006 0.010 0.259 0.676 
 264 T _   0.006 0.020 0.001 0.016 0.005 0.009 0.266 0.676 
 265 K _   0.006 0.017 0.001 0.013 0.004 0.009 0.274 0.677 
 266 A _   0.005 0.015 0.000 0.009 0.003 0.008 0.281 0.678 
 267 T _   0.005 0.013 0.000 0.007 0.002 0.007 0.287 0.677 
 268 N _   0.005 0.013 0.000 0.005 0.002 0.007 0.293 0.674 
 269 S _   0.005 0.013 0.000 0.005 0.002 0.008 0.299 0.668 
 270 D _   0.006 0.014 0.000 0.006 0.003 0.009 0.304 0.658 
 271 V _   0.007 0.017 0.000 0.009 0.004 0.011 0.309 0.644 
 272 R _   0.008 0.022 0.001 0.013 0.005 0.013 0.313 0.625 
 273 K _   0.009 0.030 0.001 0.020 0.007 0.014 0.319 0.601 
 274 E _   0.009 0.037 0.001 0.027 0.009 0.016 0.324 0.578 
 275 V _   0.009 0.042 0.001 0.033 0.010 0.016 0.331 0.557 
 276 T _   0.009 0.045 0.001 0.036 0.011 0.016 0.339 0.542 
 277 N _   0.009 0.046 0.001 0.037 0.010 0.016 0.349 0.532 
 278 V _   0.008 0.045 0.001 0.034 0.009 0.014 0.360 0.528 
 279 I _   0.008 0.042 0.001 0.029 0.008 0.013 0.373 0.527 
 280 S _   0.007 0.038 0.001 0.023 0.006 0.011 0.386 0.529 
 281 K _   0.006 0.032 0.001 0.017 0.005 0.010 0.399 0.531 
 282 E _   0.006 0.026 0.000 0.012 0.004 0.009 0.411 0.532 
 283 S _   0.005 0.022 0.000 0.009 0.003 0.008 0.423 0.529 
 284 K _   0.005 0.019 0.000 0.008 0.003 0.007 0.434 0.524 
 285 L _   0.005 0.018 0.000 0.008 0.002 0.007 0.444 0.516 
 286 D _   0.005 0.017 0.000 0.009 0.003 0.007 0.453 0.507 
 287 S _   0.005 0.017 0.000 0.010 0.003 0.008 0.462 0.495 
 288 L _   0.005 0.017 0.000 0.013 0.003 0.008 0.472 0.483 
 289 E X   0.005 0.017 0.000 0.014 0.004 0.008 0.481 0.471 
 290 A X   0.005 0.016 0.000 0.015 0.004 0.008 0.491 0.460 
 291 A X   0.005 0.015 0.000 0.015 0.004 0.008 0.501 0.451 
 292 A X   0.005 0.014 0.000 0.014 0.003 0.007 0.512 0.444 
 293 K X   0.004 0.012 0.000 0.012 0.003 0.006 0.524 0.438 
 294 S X   0.004 0.010 0.000 0.010 0.003 0.006 0.535 0.432 
 295 K X   0.004 0.008 0.000 0.008 0.002 0.005 0.547 0.426 
 296 N X   0.004 0.006 0.000 0.007 0.002 0.005 0.557 0.420 
 297 C X   0.004 0.004 0.000 0.005 0.002 0.004 0.567 0.414 
 298 S X   0.003 0.003 0.000 0.005 0.001 0.004 0.576 0.407 
 299 S X   0.003 0.003 0.000 0.004 0.001 0.004 0.583 0.401 
 300 P X   0.003 0.002 0.000 0.004 0.001 0.004 0.589 0.396 
 301 Q X   0.003 0.002 0.000 0.004 0.001 0.004 0.595 0.390 
 302 R X   0.003 0.002 0.000 0.005 0.001 0.004 0.600 0.386 
 303 G X   0.003 0.002 0.000 0.005 0.001 0.004 0.604 0.381 
 304 G X   0.003 0.002 0.000 0.005 0.001 0.004 0.607 0.377 
 305 S X   0.003 0.002 0.000 0.005 0.001 0.004 0.611 0.374 
 306 P X   0.003 0.002 0.000 0.005 0.001 0.004 0.613 0.371 
 307 P X   0.003 0.002 0.000 0.005 0.001 0.004 0.616 0.369 
 308 W X   0.003 0.002 0.000 0.005 0.001 0.004 0.618 0.368 
 309 A X   0.003 0.002 0.000 0.005 0.001 0.003 0.619 0.367 
 310 A X   0.003 0.002 0.000 0.004 0.001 0.003 0.621 0.367 
 311 N X   0.002 0.001 0.000 0.004 0.001 0.003 0.621 0.367 
 312 S X   0.002 0.001 0.000 0.003 0.001 0.003 0.621 0.368 
 313 Q X   0.002 0.001 0.000 0.003 0.001 0.003 0.620 0.370 
 314 P X   0.002 0.002 0.000 0.003 0.001 0.003 0.618 0.371 
 315 Q X   0.002 0.002 0.000 0.003 0.001 0.003 0.615 0.373 
 316 P X   0.002 0.002 0.000 0.004 0.001 0.003 0.612 0.375 
 317 P X   0.002 0.003 0.000 0.005 0.001 0.004 0.608 0.377 
 318 R X   0.002 0.004 0.000 0.006 0.001 0.004 0.604 0.379 
 319 E X   0.002 0.005 0.000 0.007 0.002 0.004 0.599 0.381 
 320 S X   0.002 0.006 0.000 0.008 0.002 0.005 0.594 0.383 
 321 K X   0.002 0.007 0.000 0.009 0.002 0.005 0.589 0.386 
 322 L X   0.002 0.008 0.000 0.009 0.002 0.005 0.584 0.390 
 323 E X   0.002 0.008 0.000 0.009 0.002 0.005 0.579 0.394 
 324 S X   0.002 0.009 0.000 0.008 0.002 0.005 0.574 0.400 
 325 C X   0.002 0.009 0.000 0.007 0.002 0.005 0.569 0.405 
 326 K X   0.002 0.010 0.000 0.006 0.002 0.004 0.564 0.411 
 327 D X   0.002 0.010 0.000 0.005 0.001 0.004 0.559 0.417 
 328 S X   0.002 0.011 0.000 0.005 0.001 0.005 0.553 0.422 
 329 P X   0.003 0.013 0.000 0.005 0.002 0.005 0.547 0.425 
 330 R X   0.003 0.015 0.000 0.006 0.002 0.006 0.541 0.428 
 331 T X   0.003 0.018 0.000 0.007 0.002 0.006 0.533 0.429 
 332 A X   0.004 0.024 0.000 0.009 0.003 0.007 0.526 0.428 
 333 P X   0.004 0.030 0.000 0.011 0.004 0.008 0.517 0.426 
 334 Q X   0.004 0.037 0.001 0.013 0.004 0.009 0.509 0.424 
 335 T X   0.004 0.045 0.001 0.014 0.004 0.009 0.500 0.422 
 336 P X   0.004 0.051 0.001 0.015 0.005 0.010 0.492 0.423 
 337 V X   0.004 0.057 0.001 0.015 0.005 0.010 0.485 0.424 
 338 L X   0.004 0.062 0.001 0.014 0.005 0.010 0.478 0.426 
 339 Q X   0.004 0.067 0.001 0.014 0.005 0.011 0.471 0.428 
 340 K X   0.005 0.071 0.001 0.014 0.005 0.011 0.465 0.429 
 341 T X   0.005 0.075 0.001 0.014 0.005 0.012 0.459 0.429 
 342 S X   0.005 0.081 0.001 0.016 0.006 0.012 0.454 0.425 
 343 S X   0.006 0.087 0.001 0.019 0.007 0.013 0.448 0.420 
 344 S X   0.006 0.093 0.001 0.022 0.008 0.013 0.444 0.413 
 345 I X   0.007 0.098 0.001 0.027 0.009 0.014 0.440 0.406 
 346 T X   0.008 0.101 0.001 0.030 0.009 0.014 0.437 0.401 
 347 L X   0.008 0.102 0.001 0.032 0.009 0.013 0.435 0.400 
 348 Q X   0.008 0.101 0.001 0.031 0.009 0.013 0.435 0.403 
 349 A X   0.008 0.096 0.001 0.029 0.008 0.012 0.435 0.412 
 350 A X   0.007 0.087 0.001 0.025 0.007 0.010 0.437 0.426 
 351 R _   0.007 0.074 0.001 0.019 0.005 0.009 0.439 0.445 
 352 V _   0.006 0.060 0.001 0.014 0.004 0.008 0.442 0.465 
 353 Q _   0.006 0.046 0.000 0.010 0.003 0.007 0.445 0.484 
 354 P _   0.005 0.036 0.000 0.007 0.002 0.006 0.447 0.497 
 355 E _   0.005 0.029 0.000 0.005 0.002 0.006 0.448 0.505 
 356 P _   0.005 0.026 0.000 0.005 0.002 0.006 0.449 0.509 
 357 R _   0.005 0.024 0.000 0.005 0.002 0.006 0.449 0.510 
 358 A _   0.005 0.024 0.000 0.006 0.002 0.006 0.449 0.509 
 359 P _   0.005 0.024 0.000 0.007 0.002 0.006 0.448 0.507 
 360 G _   0.005 0.025 0.000 0.009 0.002 0.006 0.447 0.505 
 361 L _   0.005 0.025 0.000 0.012 0.003 0.007 0.446 0.502 
 362 G _   0.005 0.026 0.000 0.013 0.003 0.007 0.445 0.501 
 363 V _   0.005 0.026 0.000 0.014 0.003 0.007 0.445 0.501 
 364 L _   0.005 0.025 0.000 0.013 0.003 0.006 0.445 0.503 
 365 S _   0.004 0.023 0.000 0.012 0.003 0.006 0.444 0.507 
 366 P _   0.004 0.021 0.000 0.010 0.002 0.005 0.444 0.512 
 367 S _   0.004 0.019 0.000 0.008 0.002 0.005 0.444 0.518 
 368 G _   0.004 0.017 0.000 0.007 0.002 0.004 0.443 0.523 
 369 E _   0.003 0.015 0.000 0.005 0.001 0.004 0.442 0.529 
 370 E _   0.003 0.014 0.000 0.004 0.001 0.004 0.440 0.533 
 371 R _   0.003 0.014 0.000 0.004 0.001 0.004 0.437 0.538 
 372 K _   0.003 0.014 0.000 0.003 0.001 0.004 0.432 0.542 
 373 R _   0.003 0.016 0.000 0.004 0.001 0.004 0.427 0.546 
 374 P _   0.003 0.018 0.000 0.005 0.001 0.005 0.420 0.548 
 375 A _   0.003 0.023 0.000 0.006 0.002 0.005 0.411 0.549 
 376 P _   0.003 0.031 0.000 0.008 0.002 0.006 0.400 0.548 
 377 P _   0.004 0.044 0.000 0.011 0.003 0.008 0.387 0.543 
 378 R _   0.004 0.061 0.001 0.015 0.004 0.009 0.373 0.534 
 379 P _   0.004 0.081 0.001 0.019 0.005 0.009 0.358 0.523 
 380 A _   0.004 0.103 0.001 0.022 0.005 0.010 0.343 0.512 
 381 T _   0.004 0.122 0.001 0.025 0.006 0.010 0.330 0.503 
 382 F _   0.004 0.137 0.001 0.026 0.006 0.010 0.320 0.498 
 383 P _   0.004 0.148 0.001 0.026 0.006 0.010 0.311 0.496 
 384 T _   0.003 0.156 0.001 0.025 0.005 0.009 0.303 0.497 
 385 R _   0.003 0.161 0.001 0.023 0.005 0.009 0.297 0.501 
 386 Q _   0.003 0.165 0.001 0.020 0.004 0.008 0.292 0.506 
 387 P _   0.003 0.166 0.000 0.018 0.004 0.008 0.288 0.512 
 388 G _   0.003 0.168 0.000 0.016 0.004 0.008 0.284 0.517 
 389 L _   0.003 0.168 0.000 0.015 0.004 0.008 0.281 0.521 
 390 G _   0.003 0.169 0.000 0.014 0.004 0.008 0.278 0.524 
 391 S _   0.004 0.170 0.000 0.013 0.004 0.008 0.275 0.526 
 392 Q _   0.004 0.171 0.000 0.013 0.004 0.008 0.273 0.526 
 393 D _   0.004 0.173 0.000 0.014 0.004 0.008 0.271 0.526 
 394 V _   0.004 0.174 0.000 0.014 0.004 0.008 0.269 0.526 
 395 V _   0.004 0.175 0.000 0.015 0.004 0.008 0.267 0.526 
 396 S _   0.004 0.176 0.000 0.016 0.004 0.008 0.265 0.525 
 397 K _   0.005 0.176 0.001 0.017 0.004 0.009 0.264 0.525 
 398 A _   0.005 0.175 0.001 0.018 0.005 0.009 0.263 0.525 
 399 A _   0.005 0.173 0.001 0.019 0.005 0.009 0.263 0.526 
 400 N _   0.005 0.169 0.001 0.019 0.005 0.009 0.264 0.528 
 401 R _   0.006 0.163 0.001 0.020 0.005 0.009 0.265 0.532 
 402 R _   0.006 0.156 0.001 0.020 0.005 0.009 0.267 0.537 
 403 I _   0.006 0.147 0.001 0.019 0.005 0.009 0.269 0.544 
 404 P _   0.006 0.135 0.001 0.018 0.005 0.009 0.272 0.554 
 405 M _   0.006 0.122 0.001 0.017 0.004 0.009 0.276 0.566 
 406 E _   0.006 0.106 0.001 0.016 0.004 0.008 0.279 0.579 
 407 G _   0.006 0.090 0.001 0.014 0.004 0.008 0.283 0.593 
 408 Q _   0.006 0.075 0.000 0.012 0.003 0.008 0.287 0.607 
 409 R _   0.006 0.062 0.000 0.011 0.003 0.008 0.291 0.619 
 410 D _   0.006 0.050 0.000 0.010 0.003 0.007 0.295 0.629 
 411 S _   0.006 0.040 0.000 0.009 0.002 0.007 0.297 0.638 
 412 A _   0.006 0.033 0.000 0.008 0.002 0.007 0.300 0.644 
 413 F _   0.006 0.027 0.000 0.008 0.002 0.006 0.301 0.650 
 414 P _   0.005 0.023 0.000 0.007 0.002 0.006 0.302 0.655 
 415 K _   0.005 0.019 0.000 0.006 0.002 0.005 0.302 0.660 
 416 F _   0.005 0.017 0.000 0.006 0.002 0.005 0.301 0.665 
 417 E _   0.004 0.015 0.000 0.005 0.001 0.005 0.299 0.670 
 418 S _   0.004 0.013 0.000 0.005 0.001 0.005 0.297 0.674 
 419 K _   0.004 0.013 0.000 0.005 0.001 0.005 0.294 0.679 
 420 P _   0.003 0.013 0.000 0.005 0.001 0.005 0.289 0.683 
 421 Q _   0.003 0.013 0.000 0.005 0.001 0.005 0.284 0.687 
 422 S _   0.003 0.014 0.000 0.006 0.002 0.006 0.278 0.691 
 423 Q _   0.004 0.017 0.000 0.007 0.002 0.006 0.271 0.694 
 424 E _   0.004 0.020 0.000 0.008 0.002 0.007 0.262 0.697 
 425 V _   0.004 0.025 0.000 0.010 0.003 0.008 0.253 0.698 
 426 K _   0.004 0.032 0.000 0.012 0.003 0.010 0.242 0.696 
 427 E _   0.005 0.042 0.001 0.015 0.004 0.011 0.230 0.692 
 428 N _   0.005 0.054 0.001 0.019 0.006 0.012 0.218 0.685 
 429 Q _   0.006 0.067 0.001 0.024 0.007 0.014 0.206 0.676 
 430 T _   0.006 0.079 0.001 0.028 0.008 0.015 0.196 0.667 
 431 V _   0.007 0.090 0.001 0.032 0.009 0.016 0.186 0.659 
 432 K _   0.007 0.098 0.001 0.035 0.010 0.016 0.178 0.656 
 433 F _   0.007 0.102 0.001 0.035 0.010 0.016 0.171 0.657 
 434 R _   0.007 0.104 0.001 0.034 0.009 0.016 0.166 0.663 
 435 C _   0.007 0.104 0.001 0.030 0.008 0.015 0.161 0.673 
 436 E _   0.007 0.100 0.001 0.025 0.007 0.014 0.157 0.687 
 437 V _   0.007 0.096 0.001 0.020 0.006 0.013 0.154 0.703 
 438 S _   0.008 0.090 0.001 0.015 0.005 0.013 0.150 0.719 
 439 G _   0.008 0.086 0.001 0.011 0.004 0.012 0.147 0.731 
 440 I _   0.008 0.083 0.000 0.009 0.004 0.013 0.144 0.739 
 441 P _   0.009 0.082 0.000 0.008 0.004 0.013 0.140 0.743 
 442 K _   0.010 0.084 0.001 0.009 0.005 0.015 0.137 0.741 
 443 P _   0.011 0.089 0.001 0.011 0.006 0.016 0.133 0.733 
 444 E _   0.013 0.097 0.001 0.015 0.008 0.018 0.128 0.721 
 445 V _   0.014 0.107 0.001 0.019 0.009 0.019 0.124 0.707 
 446 A _   0.014 0.117 0.001 0.024 0.011 0.019 0.120 0.694 
 447 W _   0.014 0.125 0.001 0.027 0.011 0.019 0.116 0.686 
 448 F _   0.013 0.130 0.001 0.029 0.011 0.019 0.113 0.684 
 449 L _   0.013 0.132 0.001 0.028 0.011 0.018 0.111 0.687 
 450 E _   0.012 0.132 0.001 0.027 0.010 0.016 0.109 0.695 
 451 G _   0.011 0.128 0.001 0.024 0.008 0.015 0.107 0.707 
 452 T _   0.010 0.123 0.001 0.020 0.007 0.013 0.105 0.721 
 453 P _   0.009 0.117 0.001 0.017 0.006 0.012 0.104 0.735 
 454 V _   0.009 0.110 0.001 0.014 0.005 0.011 0.103 0.748 
 455 R _   0.008 0.104 0.001 0.011 0.004 0.010 0.102 0.759 
 456 R _   0.008 0.100 0.000 0.010 0.004 0.010 0.101 0.767 
 457 Q _   0.007 0.097 0.000 0.010 0.004 0.010 0.100 0.772 
 458 E _   0.007 0.096 0.000 0.010 0.004 0.010 0.098 0.775 
 459 G _   0.007 0.096 0.000 0.010 0.004 0.010 0.097 0.777 
 460 S _   0.007 0.097 0.000 0.010 0.004 0.010 0.095 0.777 
 461 I _   0.007 0.098 0.000 0.011 0.004 0.010 0.094 0.776 
 462 E _   0.007 0.100 0.001 0.011 0.004 0.010 0.092 0.775 
 463 V _   0.007 0.103 0.001 0.012 0.004 0.010 0.090 0.773 
 464 Y _   0.007 0.106 0.001 0.012 0.004 0.011 0.088 0.771 
 465 E _   0.007 0.109 0.001 0.013 0.005 0.012 0.086 0.768 
 466 D _   0.007 0.114 0.001 0.014 0.005 0.012 0.084 0.764 
 467 A _   0.007 0.119 0.001 0.016 0.006 0.013 0.082 0.756 
 468 G _   0.008 0.125 0.001 0.018 0.007 0.015 0.080 0.747 
 469 S _   0.009 0.133 0.001 0.022 0.008 0.016 0.078 0.734 
 470 H _   0.009 0.141 0.001 0.027 0.009 0.017 0.076 0.721 
 471 Y _   0.010 0.147 0.001 0.032 0.010 0.018 0.074 0.708 
 472 L _   0.010 0.152 0.001 0.037 0.011 0.018 0.072 0.699 
 473 C _   0.010 0.154 0.001 0.040 0.011 0.018 0.071 0.695 
 474 L _   0.010 0.153 0.001 0.041 0.011 0.017 0.070 0.697 
 475 L _   0.010 0.147 0.001 0.040 0.010 0.016 0.070 0.706 
 476 K _   0.010 0.137 0.001 0.036 0.009 0.015 0.070 0.722 
 477 A _   0.009 0.121 0.001 0.030 0.008 0.013 0.070 0.746 
 478 R _   0.009 0.101 0.001 0.025 0.007 0.012 0.071 0.775 
 479 T _   0.008 0.078 0.001 0.019 0.006 0.011 0.072 0.806 
 480 R _   0.008 0.057 0.001 0.014 0.004 0.010 0.073 0.834 
 481 D _   0.007 0.041 0.000 0.011 0.003 0.009 0.073 0.856 
 482 S _   0.006 0.029 0.000 0.008 0.003 0.008 0.073 0.872 
 483 G _   0.006 0.023 0.000 0.007 0.002 0.008 0.073 0.881 
 484 T _   0.006 0.019 0.000 0.006 0.002 0.007 0.072 0.887 
 485 Y _   0.006 0.016 0.000 0.007 0.002 0.008 0.071 0.890 
 486 S _   0.006 0.015 0.000 0.007 0.003 0.008 0.070 0.891 
 487 C _   0.006 0.014 0.000 0.008 0.003 0.009 0.068 0.891 
 488 T _   0.006 0.014 0.000 0.010 0.003 0.010 0.066 0.890 
 489 A _   0.006 0.014 0.000 0.011 0.004 0.011 0.064 0.889 
 490 S _   0.006 0.014 0.001 0.012 0.004 0.012 0.062 0.888 
 491 N _   0.007 0.014 0.001 0.013 0.005 0.013 0.060 0.887 
 492 A _   0.008 0.014 0.001 0.013 0.005 0.015 0.058 0.886 
 493 Q _   0.009 0.013 0.001 0.013 0.006 0.017 0.056 0.885 
 494 G _   0.010 0.013 0.001 0.013 0.006 0.018 0.055 0.884 
 495 Q _   0.012 0.012 0.001 0.013 0.007 0.021 0.053 0.881 
 496 L _   0.015 0.011 0.001 0.013 0.008 0.024 0.051 0.877 
 497 S _   0.019 0.011 0.001 0.013 0.009 0.027 0.049 0.872 
 498 C _   0.024 0.010 0.001 0.013 0.011 0.030 0.048 0.864 
 499 S _   0.030 0.009 0.001 0.012 0.012 0.033 0.046 0.855 
 500 W _   0.038 0.009 0.001 0.012 0.014 0.037 0.045 0.844 
 501 T _   0.046 0.009 0.001 0.012 0.016 0.040 0.043 0.831 
 502 L _   0.056 0.009 0.001 0.012 0.019 0.043 0.042 0.817 
 503 Q _   0.066 0.009 0.001 0.013 0.021 0.046 0.041 0.802 
 504 V _   0.076 0.010 0.001 0.014 0.024 0.048 0.040 0.787 
 505 E _   0.084 0.011 0.002 0.015 0.026 0.049 0.039 0.774 
 506 R _   0.090 0.011 0.002 0.016 0.028 0.050 0.039 0.763 
 507 L _   0.094 0.012 0.002 0.018 0.029 0.049 0.039 0.757 
 508 A _   0.095 0.012 0.002 0.020 0.029 0.048 0.039 0.756 
 509 V _   0.093 0.012 0.002 0.020 0.027 0.045 0.039 0.762 
 510 M _   0.088 0.012 0.002 0.020 0.024 0.042 0.039 0.774 
 511 E _   0.080 0.010 0.002 0.018 0.021 0.038 0.039 0.792 
 512 V _   0.071 0.008 0.001 0.015 0.017 0.033 0.040 0.814 
 513 A _   0.061 0.006 0.001 0.012 0.013 0.029 0.040 0.837 
 514 P _   0.051 0.004 0.001 0.009 0.010 0.025 0.041 0.859 
 515 S _   0.042 0.003 0.001 0.007 0.007 0.022 0.041 0.877 
 516 F _   0.035 0.002 0.001 0.005 0.006 0.020 0.041 0.891 
 517 S _   0.030 0.001 0.001 0.005 0.005 0.018 0.041 0.900 
 518 S _   0.027 0.001 0.001 0.004 0.005 0.017 0.040 0.905 
 519 V _   0.025 0.001 0.001 0.005 0.005 0.017 0.040 0.907 
 520 L _   0.024 0.002 0.001 0.006 0.005 0.018 0.040 0.906 
 521 K _   0.024 0.002 0.001 0.007 0.006 0.018 0.039 0.903 
 522 D _   0.024 0.003 0.001 0.008 0.007 0.019 0.039 0.898 
 523 C _   0.025 0.005 0.001 0.010 0.008 0.020 0.038 0.893 
 524 A _   0.025 0.006 0.001 0.012 0.009 0.021 0.038 0.888 
 525 V _   0.025 0.008 0.001 0.013 0.010 0.022 0.037 0.884 
 526 I _   0.026 0.009 0.001 0.014 0.010 0.023 0.037 0.881 
 527 E _   0.026 0.010 0.001 0.014 0.010 0.023 0.037 0.879 
 528 G _   0.026 0.011 0.001 0.014 0.010 0.023 0.036 0.878 
 529 Q _   0.026 0.012 0.001 0.014 0.011 0.024 0.036 0.877 
 530 D _   0.026 0.012 0.001 0.014 0.010 0.024 0.036 0.878 
 531 F _   0.025 0.012 0.001 0.013 0.010 0.023 0.036 0.879 
 532 V _   0.025 0.013 0.001 0.013 0.010 0.023 0.036 0.880 
 533 L _   0.024 0.013 0.001 0.012 0.009 0.023 0.036 0.881 
 534 Q _   0.024 0.014 0.001 0.012 0.009 0.023 0.036 0.882 
 535 C _   0.024 0.015 0.001 0.011 0.009 0.022 0.036 0.883 
 536 S _   0.024 0.015 0.001 0.011 0.009 0.023 0.036 0.882 
 537 V _   0.024 0.017 0.001 0.011 0.009 0.023 0.036 0.881 
 538 R _   0.024 0.018 0.001 0.011 0.009 0.023 0.036 0.878 
 539 G _   0.025 0.020 0.001 0.011 0.009 0.024 0.036 0.874 
 540 T _   0.026 0.023 0.001 0.012 0.010 0.024 0.036 0.868 
 541 P _   0.027 0.027 0.001 0.013 0.011 0.025 0.036 0.860 
 542 V _   0.027 0.031 0.001 0.016 0.012 0.026 0.036 0.851 
 543 P _   0.027 0.036 0.001 0.018 0.013 0.026 0.036 0.842 
 544 R _   0.027 0.041 0.001 0.020 0.014 0.026 0.037 0.834 
 545 I _   0.026 0.045 0.001 0.022 0.014 0.025 0.037 0.829 
 546 T _   0.025 0.048 0.001 0.022 0.013 0.024 0.038 0.828 
 547 W _   0.023 0.050 0.001 0.022 0.012 0.023 0.039 0.831 
 548 L _   0.020 0.050 0.001 0.021 0.011 0.021 0.040 0.836 
 549 L _   0.017 0.050 0.001 0.019 0.009 0.019 0.040 0.844 
 550 N _   0.015 0.049 0.001 0.016 0.008 0.018 0.041 0.852 
 551 G _   0.014 0.048 0.001 0.014 0.006 0.016 0.042 0.860 
 552 Q _   0.012 0.047 0.001 0.011 0.005 0.015 0.043 0.867 
 553 P _   0.011 0.046 0.001 0.009 0.005 0.014 0.043 0.871 
 554 I _   0.011 0.047 0.000 0.008 0.004 0.014 0.043 0.872 
 555 Q _   0.011 0.049 0.000 0.008 0.004 0.015 0.043 0.870 
 556 Y _   0.011 0.054 0.001 0.008 0.005 0.015 0.043 0.863 
 557 A _   0.012 0.061 0.001 0.010 0.006 0.017 0.043 0.850 
 558 R _   0.013 0.075 0.001 0.013 0.008 0.019 0.042 0.829 
 559 S _   0.014 0.094 0.001 0.018 0.010 0.021 0.042 0.799 
 560 T _   0.014 0.120 0.001 0.025 0.013 0.023 0.041 0.763 
 561 C _   0.015 0.148 0.001 0.033 0.015 0.024 0.040 0.724 
 562 E _   0.015 0.174 0.001 0.041 0.017 0.024 0.040 0.688 
 563 A _   0.015 0.193 0.001 0.049 0.017 0.024 0.039 0.661 
 564 G _   0.015 0.205 0.001 0.053 0.017 0.024 0.040 0.645 
 565 V _   0.015 0.209 0.001 0.055 0.017 0.022 0.041 0.639 
 566 A _   0.015 0.208 0.001 0.054 0.016 0.021 0.042 0.643 
 567 E _   0.015 0.200 0.001 0.050 0.014 0.019 0.044 0.658 
 568 L _   0.014 0.184 0.001 0.043 0.012 0.017 0.047 0.682 
 569 H _   0.014 0.159 0.001 0.034 0.010 0.015 0.050 0.717 
 570 I _   0.013 0.126 0.001 0.026 0.008 0.013 0.053 0.759 
 571 Q _   0.012 0.093 0.001 0.018 0.006 0.012 0.057 0.802 
 572 D _   0.010 0.066 0.001 0.012 0.004 0.010 0.060 0.838 
 573 A _   0.009 0.048 0.000 0.007 0.003 0.009 0.062 0.862 
 574 L _   0.007 0.039 0.000 0.005 0.002 0.008 0.063 0.876 
 575 P _   0.006 0.035 0.000 0.004 0.002 0.008 0.063 0.882 
 576 E _   0.006 0.034 0.000 0.003 0.002 0.008 0.063 0.883 
 577 D _   0.006 0.036 0.000 0.004 0.002 0.010 0.063 0.878 
 578 H _   0.007 0.043 0.000 0.007 0.003 0.012 0.062 0.865 
 579 G _   0.009 0.059 0.001 0.011 0.005 0.016 0.060 0.841 
 580 T _   0.010 0.087 0.001 0.016 0.008 0.019 0.058 0.802 
 581 Y _   0.011 0.126 0.001 0.023 0.010 0.022 0.055 0.752 
 582 T _   0.011 0.169 0.001 0.028 0.012 0.025 0.052 0.701 
 583 C _   0.012 0.210 0.001 0.033 0.014 0.027 0.049 0.655 
 584 L _   0.012 0.242 0.001 0.035 0.015 0.029 0.047 0.619 
 585 A _   0.013 0.265 0.001 0.036 0.016 0.030 0.045 0.594 
 586 E _   0.014 0.280 0.001 0.034 0.017 0.031 0.044 0.578 
 587 N _   0.016 0.290 0.001 0.032 0.017 0.033 0.043 0.568 
 588 A _   0.019 0.296 0.001 0.029 0.018 0.034 0.042 0.561 
 589 L _   0.021 0.300 0.001 0.026 0.018 0.035 0.042 0.556 
 590 G _   0.025 0.302 0.001 0.024 0.019 0.036 0.042 0.552 
 591 Q _   0.028 0.304 0.001 0.023 0.020 0.036 0.042 0.546 
 592 V _   0.030 0.306 0.001 0.024 0.021 0.036 0.042 0.539 
 593 S _   0.032 0.307 0.001 0.027 0.022 0.036 0.042 0.532 
 594 C _   0.034 0.308 0.001 0.030 0.022 0.035 0.043 0.525 
 595 S _   0.035 0.307 0.001 0.034 0.022 0.034 0.044 0.522 
 596 A _   0.035 0.302 0.002 0.038 0.021 0.032 0.045 0.525 
 597 W _   0.034 0.291 0.002 0.039 0.020 0.029 0.047 0.538 
 598 V _   0.032 0.272 0.002 0.039 0.018 0.027 0.050 0.562 
 599 T _   0.029 0.240 0.002 0.035 0.016 0.024 0.053 0.602 
 600 V _   0.026 0.195 0.002 0.030 0.013 0.021 0.056 0.657 
 601 H _   0.024 0.142 0.001 0.023 0.010 0.018 0.060 0.722 
 602 E _   0.020 0.091 0.001 0.016 0.007 0.015 0.063 0.787 
 603 K _   0.017 0.053 0.001 0.010 0.005 0.012 0.066 0.836 
 604 K _   0.013 0.032 0.000 0.006 0.003 0.010 0.068 0.867 
 605 S _   0.010 0.022 0.000 0.004 0.002 0.009 0.069 0.883 
 606 S _   0.009 0.019 0.000 0.004 0.002 0.008 0.069 0.889 
 607 R _   0.008 0.018 0.000 0.004 0.002 0.009 0.069 0.889 
 608 K _   0.008 0.019 0.000 0.006 0.003 0.009 0.069 0.886 
 609 S _   0.008 0.021 0.000 0.009 0.003 0.010 0.069 0.880 
 610 E _   0.009 0.024 0.001 0.012 0.004 0.011 0.068 0.871 
 611 Y _   0.009 0.028 0.001 0.015 0.005 0.011 0.067 0.864 
 612 L _   0.009 0.031 0.001 0.017 0.005 0.011 0.067 0.860 
 613 L _   0.008 0.033 0.001 0.016 0.005 0.011 0.066 0.860 
 614 P _   0.008 0.034 0.001 0.015 0.005 0.011 0.065 0.863 
 615 V _   0.007 0.034 0.000 0.012 0.004 0.010 0.065 0.867 
 616 A _   0.007 0.034 0.000 0.010 0.003 0.010 0.064 0.871 
 617 P _   0.007 0.034 0.000 0.008 0.003 0.010 0.064 0.874 
 618 S _   0.008 0.035 0.000 0.007 0.003 0.011 0.063 0.873 
 619 K _   0.009 0.039 0.000 0.007 0.004 0.013 0.062 0.866 
 620 P _   0.010 0.046 0.001 0.010 0.005 0.015 0.061 0.853 
 621 T _   0.011 0.059 0.001 0.014 0.007 0.017 0.060 0.831 
 622 A _   0.012 0.079 0.001 0.020 0.010 0.019 0.058 0.801 
 623 P _   0.013 0.102 0.001 0.027 0.012 0.021 0.056 0.769 
 624 I _   0.013 0.122 0.001 0.033 0.013 0.021 0.055 0.742 
 625 F _   0.013 0.135 0.001 0.037 0.013 0.021 0.054 0.726 
 626 L _   0.012 0.142 0.001 0.038 0.013 0.021 0.053 0.720 
 627 Q _   0.011 0.144 0.001 0.036 0.012 0.020 0.053 0.722 
 628 G _   0.011 0.143 0.001 0.031 0.011 0.019 0.053 0.731 
 629 L _   0.010 0.139 0.001 0.026 0.009 0.018 0.054 0.743 
 630 S _   0.010 0.132 0.001 0.020 0.008 0.018 0.054 0.758 
 631 D _   0.010 0.125 0.001 0.015 0.007 0.017 0.055 0.771 
 632 L _   0.011 0.119 0.001 0.011 0.006 0.018 0.056 0.779 
 633 K _   0.012 0.117 0.001 0.010 0.006 0.018 0.056 0.781 
 634 V _   0.014 0.117 0.001 0.010 0.006 0.020 0.056 0.777 
 635 M _   0.016 0.120 0.001 0.012 0.008 0.022 0.057 0.766 
 636 D _   0.018 0.128 0.001 0.016 0.010 0.024 0.057 0.747 
 637 G _   0.020 0.139 0.001 0.023 0.013 0.026 0.057 0.721 
 638 S _   0.022 0.152 0.001 0.032 0.016 0.027 0.057 0.693 
 639 Q _   0.023 0.163 0.001 0.042 0.018 0.027 0.057 0.669 
 640 V _   0.023 0.169 0.001 0.049 0.019 0.027 0.059 0.652 
 641 T _   0.023 0.171 0.001 0.054 0.019 0.026 0.060 0.647 
 642 M _   0.022 0.167 0.001 0.054 0.017 0.024 0.063 0.653 
 643 T _   0.020 0.155 0.001 0.049 0.015 0.021 0.066 0.672 
 644 V _   0.018 0.135 0.001 0.040 0.012 0.018 0.069 0.705 
 645 Q _   0.016 0.105 0.001 0.030 0.009 0.015 0.073 0.750 
 646 V _   0.014 0.071 0.001 0.019 0.007 0.012 0.077 0.798 
 647 S _   0.012 0.042 0.001 0.011 0.004 0.010 0.081 0.839 
 648 G _   0.009 0.024 0.000 0.007 0.003 0.008 0.083 0.866 
 649 N _   0.007 0.015 0.000 0.004 0.002 0.007 0.085 0.880 
 650 P _   0.006 0.012 0.000 0.003 0.002 0.006 0.085 0.886 
 651 P _   0.006 0.011 0.000 0.003 0.002 0.006 0.086 0.886 
 652 P _   0.007 0.011 0.000 0.004 0.002 0.007 0.086 0.883 
 653 E _   0.007 0.013 0.000 0.007 0.002 0.008 0.085 0.878 
 654 V _   0.007 0.016 0.000 0.010 0.003 0.009 0.084 0.870 
 655 I _   0.008 0.021 0.000 0.013 0.004 0.010 0.083 0.861 
 656 W _   0.007 0.025 0.001 0.016 0.005 0.010 0.082 0.854 
 657 L _   0.007 0.028 0.001 0.018 0.005 0.010 0.081 0.850 
 658 H _   0.007 0.031 0.001 0.018 0.005 0.010 0.080 0.849 
 659 N _   0.006 0.032 0.001 0.017 0.004 0.010 0.080 0.850 
 660 G _   0.006 0.033 0.000 0.015 0.004 0.009 0.079 0.854 
 661 N _   0.006 0.033 0.000 0.013 0.004 0.009 0.078 0.857 
 662 E _   0.005 0.033 0.000 0.011 0.003 0.008 0.078 0.861 
 663 I _   0.005 0.034 0.000 0.010 0.003 0.008 0.077 0.863 
