#TopoPred_TM8: 8-state transmembrane topology prediction results by no_profile mode 
#probabilities are in the order of H E C I L F X _, the 8 transmembrane topology types used in PDBTM 
   1 M X   0.022 0.001 0.003 0.068 0.014 0.020 0.661 0.210 
   2 A X   0.013 0.001 0.000 0.050 0.004 0.016 0.680 0.235 
   3 T X   0.009 0.000 0.000 0.037 0.002 0.014 0.684 0.252 
   4 I X   0.010 0.001 0.000 0.029 0.003 0.015 0.680 0.262 
   5 T X   0.013 0.001 0.000 0.024 0.003 0.017 0.670 0.273 
   6 C X   0.015 0.001 0.001 0.019 0.005 0.018 0.654 0.288 
   7 T X   0.016 0.001 0.001 0.016 0.005 0.019 0.639 0.303 
   8 R X   0.018 0.001 0.001 0.013 0.005 0.018 0.623 0.320 
   9 F X   0.017 0.001 0.001 0.012 0.006 0.018 0.607 0.338 
  10 T X   0.016 0.001 0.001 0.012 0.006 0.017 0.590 0.358 
  11 E X   0.015 0.001 0.001 0.011 0.006 0.016 0.574 0.377 
  12 E X   0.013 0.001 0.001 0.010 0.006 0.015 0.558 0.396 
  13 Y X   0.012 0.001 0.001 0.009 0.005 0.015 0.543 0.413 
  14 Q X   0.012 0.001 0.001 0.008 0.005 0.014 0.530 0.429 
  15 L X   0.012 0.001 0.001 0.007 0.005 0.014 0.516 0.444 
  16 F X   0.013 0.001 0.001 0.006 0.005 0.015 0.502 0.458 
  17 E X   0.015 0.000 0.001 0.005 0.005 0.016 0.488 0.470 
  18 E _   0.018 0.000 0.001 0.005 0.005 0.017 0.474 0.480 
  19 L _   0.022 0.000 0.001 0.005 0.006 0.019 0.459 0.488 
  20 G _   0.028 0.000 0.001 0.005 0.007 0.022 0.444 0.493 
  21 K _   0.036 0.000 0.001 0.005 0.009 0.025 0.429 0.495 
  22 G _   0.046 0.001 0.001 0.005 0.011 0.029 0.413 0.493 
  23 A _   0.058 0.001 0.001 0.007 0.014 0.034 0.398 0.488 
  24 F _   0.069 0.001 0.001 0.008 0.018 0.038 0.383 0.481 
  25 S _   0.081 0.002 0.001 0.010 0.022 0.041 0.370 0.473 
  26 V _   0.090 0.003 0.002 0.011 0.025 0.044 0.358 0.468 
  27 V _   0.098 0.003 0.002 0.013 0.027 0.045 0.347 0.466 
  28 R _   0.102 0.004 0.002 0.014 0.028 0.045 0.337 0.468 
  29 R _   0.104 0.004 0.002 0.014 0.027 0.044 0.329 0.475 
  30 C _   0.104 0.004 0.002 0.013 0.025 0.043 0.322 0.487 
  31 V _   0.101 0.004 0.001 0.012 0.022 0.041 0.316 0.501 
  32 K _   0.096 0.004 0.001 0.011 0.020 0.039 0.311 0.518 
  33 V _   0.090 0.004 0.001 0.009 0.017 0.037 0.306 0.535 
  34 L _   0.084 0.004 0.001 0.008 0.015 0.034 0.302 0.552 
  35 A _   0.077 0.004 0.001 0.008 0.013 0.033 0.298 0.566 
  36 G _   0.070 0.004 0.001 0.008 0.012 0.031 0.295 0.578 
  37 Q _   0.063 0.005 0.001 0.009 0.012 0.030 0.292 0.589 
  38 E _   0.056 0.006 0.001 0.011 0.012 0.028 0.289 0.596 
  39 Y _   0.050 0.008 0.001 0.013 0.012 0.027 0.287 0.602 
  40 A _   0.045 0.010 0.001 0.016 0.012 0.025 0.285 0.607 
  41 A _   0.039 0.011 0.001 0.019 0.011 0.023 0.283 0.612 
  42 K _   0.033 0.012 0.001 0.020 0.011 0.021 0.282 0.619 
  43 I _   0.029 0.013 0.001 0.021 0.009 0.019 0.281 0.627 
  44 I _   0.024 0.012 0.001 0.020 0.008 0.017 0.281 0.637 
  45 N _   0.020 0.011 0.001 0.017 0.007 0.014 0.281 0.649 
  46 T _   0.017 0.009 0.001 0.014 0.005 0.012 0.282 0.661 
  47 K _   0.013 0.007 0.000 0.011 0.004 0.010 0.282 0.673 
  48 K _   0.011 0.005 0.000 0.008 0.003 0.008 0.282 0.684 
  49 L _   0.009 0.003 0.000 0.005 0.002 0.007 0.281 0.693 
  50 S _   0.007 0.002 0.000 0.004 0.002 0.006 0.280 0.700 
  51 A _   0.006 0.002 0.000 0.003 0.001 0.005 0.278 0.705 
  52 R _   0.005 0.001 0.000 0.002 0.001 0.005 0.275 0.710 
  53 D _   0.005 0.002 0.000 0.003 0.001 0.006 0.271 0.712 
  54 H _   0.005 0.002 0.000 0.003 0.002 0.007 0.267 0.714 
  55 Q _   0.006 0.004 0.000 0.004 0.002 0.009 0.261 0.713 
  56 K _   0.007 0.009 0.000 0.007 0.003 0.011 0.254 0.708 
  57 L _   0.009 0.017 0.001 0.011 0.005 0.015 0.245 0.698 
  58 E _   0.010 0.030 0.001 0.017 0.008 0.018 0.235 0.681 
  59 R _   0.012 0.047 0.001 0.023 0.010 0.021 0.225 0.661 
  60 E _   0.013 0.063 0.001 0.030 0.013 0.024 0.215 0.642 
  61 A _   0.014 0.077 0.001 0.036 0.014 0.025 0.206 0.627 
  62 R _   0.015 0.087 0.001 0.040 0.016 0.026 0.198 0.617 
  63 I _   0.015 0.093 0.001 0.042 0.017 0.027 0.192 0.614 
  64 C _   0.016 0.096 0.001 0.041 0.017 0.027 0.186 0.616 
  65 R _   0.017 0.096 0.001 0.039 0.016 0.026 0.182 0.623 
  66 L _   0.017 0.093 0.001 0.036 0.015 0.025 0.179 0.634 
  67 L _   0.016 0.088 0.001 0.032 0.014 0.023 0.176 0.648 
  68 K _   0.016 0.081 0.001 0.029 0.012 0.022 0.175 0.664 
  69 H _   0.016 0.073 0.001 0.025 0.011 0.020 0.173 0.682 
  70 P _   0.015 0.063 0.001 0.022 0.009 0.018 0.172 0.700 
  71 N _   0.014 0.054 0.001 0.020 0.008 0.016 0.171 0.717 
  72 I _   0.013 0.044 0.001 0.017 0.007 0.015 0.170 0.734 
  73 V _   0.012 0.034 0.001 0.014 0.006 0.013 0.169 0.751 
  74 R _   0.011 0.025 0.001 0.012 0.005 0.012 0.167 0.767 
  75 L _   0.010 0.017 0.001 0.009 0.004 0.011 0.166 0.783 
  76 H _   0.009 0.010 0.000 0.007 0.003 0.010 0.164 0.797 
  77 D _   0.008 0.006 0.000 0.005 0.003 0.010 0.161 0.807 
  78 S _   0.008 0.003 0.000 0.004 0.002 0.010 0.158 0.814 
  79 I _   0.008 0.002 0.000 0.003 0.002 0.011 0.154 0.818 
  80 S _   0.010 0.001 0.000 0.003 0.003 0.013 0.150 0.819 
  81 E _   0.014 0.001 0.000 0.004 0.003 0.017 0.146 0.815 
  82 E _   0.019 0.002 0.001 0.005 0.005 0.022 0.140 0.807 
  83 G _   0.026 0.003 0.001 0.007 0.008 0.028 0.134 0.793 
  84 H _   0.035 0.005 0.001 0.010 0.013 0.036 0.127 0.773 
  85 H _   0.046 0.009 0.001 0.014 0.019 0.044 0.120 0.748 
  86 Y _   0.057 0.013 0.002 0.019 0.026 0.051 0.112 0.720 
  87 L _   0.069 0.018 0.002 0.023 0.032 0.058 0.106 0.692 
  88 I _   0.080 0.022 0.002 0.027 0.038 0.062 0.099 0.670 
  89 F _   0.089 0.025 0.002 0.028 0.041 0.065 0.094 0.655 
  90 D _   0.096 0.027 0.002 0.028 0.043 0.066 0.090 0.649 
  91 L _   0.101 0.027 0.002 0.027 0.042 0.065 0.086 0.649 
  92 V _   0.104 0.026 0.002 0.024 0.040 0.064 0.083 0.657 
  93 T _   0.104 0.025 0.002 0.021 0.036 0.062 0.081 0.670 
  94 G _   0.100 0.023 0.002 0.018 0.033 0.059 0.078 0.687 
  95 G _   0.096 0.021 0.002 0.016 0.029 0.056 0.077 0.704 
  96 E _   0.090 0.020 0.001 0.015 0.025 0.053 0.075 0.720 
  97 L _   0.084 0.019 0.001 0.015 0.023 0.050 0.074 0.735 
  98 F _   0.075 0.019 0.001 0.017 0.021 0.046 0.072 0.748 
  99 E _   0.067 0.019 0.001 0.019 0.019 0.043 0.071 0.761 
 100 D _   0.059 0.019 0.001 0.022 0.018 0.039 0.070 0.772 
 101 I _   0.051 0.019 0.001 0.024 0.016 0.035 0.069 0.784 
 102 V _   0.044 0.018 0.001 0.024 0.014 0.031 0.068 0.798 
 103 A _   0.038 0.016 0.001 0.023 0.012 0.027 0.067 0.815 
 104 R _   0.032 0.014 0.001 0.019 0.010 0.023 0.067 0.835 
 105 E _   0.027 0.010 0.001 0.015 0.007 0.019 0.066 0.855 
 106 Y _   0.023 0.006 0.001 0.010 0.005 0.016 0.065 0.873 
 107 Y _   0.021 0.003 0.000 0.007 0.004 0.014 0.064 0.888 
 108 S _   0.022 0.001 0.000 0.004 0.003 0.012 0.062 0.896 
 109 E _   0.025 0.000 0.000 0.003 0.002 0.012 0.060 0.898 
 110 A _   0.033 0.000 0.000 0.002 0.002 0.013 0.057 0.892 
 111 D _   0.050 0.000 0.000 0.002 0.003 0.015 0.054 0.876 
 112 A _   0.078 0.000 0.001 0.002 0.004 0.019 0.051 0.845 
 113 S _   0.122 0.000 0.001 0.002 0.007 0.025 0.047 0.795 
 114 H _   0.181 0.000 0.001 0.003 0.013 0.033 0.042 0.727 
 115 C _   0.249 0.000 0.001 0.004 0.020 0.041 0.038 0.647 
 116 I _   0.319 0.000 0.002 0.006 0.029 0.048 0.034 0.564 
 117 Q _   0.381 0.000 0.002 0.007 0.037 0.053 0.030 0.490 
 118 Q H   0.434 0.001 0.002 0.007 0.044 0.055 0.027 0.429 
 119 I H   0.477 0.001 0.002 0.007 0.048 0.056 0.025 0.384 
 120 L H   0.508 0.001 0.002 0.007 0.050 0.055 0.024 0.354 
 121 E H   0.527 0.001 0.002 0.006 0.049 0.052 0.023 0.340 
 122 A H   0.535 0.001 0.002 0.005 0.048 0.050 0.023 0.337 
 123 V H   0.532 0.001 0.002 0.005 0.046 0.047 0.023 0.346 
 124 L H   0.518 0.000 0.002 0.005 0.043 0.044 0.023 0.364 
 125 H H   0.495 0.001 0.002 0.005 0.040 0.042 0.024 0.392 
 126 C H   0.461 0.001 0.002 0.006 0.036 0.039 0.026 0.428 
 127 H _   0.420 0.001 0.002 0.008 0.033 0.036 0.028 0.473 
 128 Q _   0.369 0.001 0.002 0.010 0.028 0.033 0.030 0.526 
 129 M _   0.311 0.001 0.002 0.012 0.023 0.030 0.033 0.587 
 130 G _   0.253 0.001 0.002 0.012 0.018 0.026 0.036 0.652 
 131 V _   0.196 0.001 0.001 0.011 0.013 0.022 0.039 0.716 
 132 V _   0.145 0.001 0.001 0.009 0.009 0.019 0.041 0.775 
 133 H _   0.103 0.001 0.001 0.007 0.006 0.015 0.043 0.824 
 134 R _   0.070 0.000 0.001 0.005 0.005 0.013 0.045 0.862 
 135 D _   0.048 0.000 0.000 0.004 0.003 0.011 0.046 0.888 
 136 L _   0.032 0.000 0.000 0.003 0.003 0.009 0.046 0.906 
 137 K _   0.023 0.000 0.000 0.003 0.002 0.009 0.047 0.916 
 138 P _   0.017 0.000 0.000 0.003 0.002 0.009 0.047 0.921 
 139 E _   0.014 0.001 0.000 0.004 0.003 0.009 0.047 0.922 
 140 N _   0.012 0.001 0.000 0.006 0.003 0.010 0.046 0.921 
 141 L _   0.012 0.002 0.000 0.007 0.004 0.011 0.046 0.918 
 142 L _   0.011 0.003 0.001 0.009 0.004 0.012 0.045 0.915 
 143 L _   0.011 0.005 0.001 0.011 0.005 0.013 0.044 0.911 
 144 A _   0.011 0.006 0.001 0.012 0.006 0.014 0.043 0.908 
 145 S _   0.011 0.007 0.001 0.013 0.006 0.015 0.042 0.905 
 146 K _   0.012 0.008 0.001 0.013 0.006 0.016 0.041 0.904 
 147 L _   0.013 0.008 0.001 0.013 0.007 0.017 0.040 0.902 
 148 K _   0.014 0.009 0.001 0.012 0.007 0.018 0.039 0.900 
 149 G _   0.016 0.010 0.001 0.012 0.007 0.019 0.038 0.897 
 150 A _   0.018 0.011 0.001 0.012 0.008 0.020 0.038 0.893 
 151 A _   0.020 0.011 0.001 0.012 0.008 0.021 0.037 0.890 
 152 V _   0.022 0.012 0.001 0.012 0.009 0.021 0.036 0.886 
 153 K _   0.024 0.014 0.001 0.013 0.009 0.022 0.036 0.881 
 154 L _   0.026 0.015 0.001 0.013 0.010 0.023 0.035 0.877 
 155 A _   0.027 0.017 0.001 0.014 0.011 0.023 0.035 0.872 
 156 D _   0.028 0.018 0.001 0.015 0.011 0.024 0.034 0.868 
 157 F _   0.029 0.020 0.001 0.016 0.011 0.024 0.034 0.865 
 158 G _   0.029 0.021 0.001 0.017 0.011 0.023 0.034 0.863 
 159 L _   0.028 0.022 0.001 0.017 0.011 0.023 0.034 0.864 
 160 A _   0.027 0.022 0.001 0.016 0.010 0.022 0.034 0.868 
 161 I _   0.026 0.022 0.001 0.015 0.009 0.021 0.034 0.873 
 162 E _   0.024 0.021 0.001 0.013 0.008 0.019 0.034 0.880 
 163 V _   0.022 0.021 0.001 0.011 0.007 0.018 0.034 0.887 
 164 E _   0.020 0.020 0.001 0.009 0.006 0.017 0.033 0.893 
 165 G _   0.019 0.020 0.001 0.008 0.006 0.017 0.033 0.896 
 166 E _   0.019 0.021 0.001 0.008 0.006 0.017 0.033 0.896 
 167 Q _   0.018 0.023 0.001 0.009 0.006 0.018 0.032 0.893 
 168 Q _   0.018 0.027 0.001 0.011 0.007 0.018 0.032 0.886 
 169 A _   0.018 0.031 0.001 0.014 0.008 0.019 0.032 0.876 
 170 W _   0.018 0.037 0.001 0.018 0.010 0.020 0.031 0.865 
 171 F _   0.018 0.043 0.001 0.022 0.011 0.020 0.031 0.854 
 172 G _   0.018 0.048 0.001 0.026 0.011 0.020 0.031 0.846 
 173 F _   0.017 0.051 0.001 0.028 0.011 0.019 0.031 0.842 
 174 A _   0.016 0.052 0.001 0.028 0.011 0.019 0.031 0.842 
 175 G _   0.015 0.051 0.001 0.027 0.010 0.017 0.031 0.847 
 176 T _   0.015 0.049 0.001 0.025 0.009 0.016 0.032 0.854 
 177 P _   0.014 0.045 0.001 0.022 0.008 0.015 0.032 0.863 
 178 G _   0.013 0.040 0.001 0.020 0.007 0.014 0.033 0.873 
 179 Y _   0.012 0.034 0.001 0.017 0.006 0.012 0.034 0.883 
 180 L _   0.012 0.029 0.001 0.016 0.005 0.011 0.035 0.891 
 181 S _   0.011 0.024 0.001 0.014 0.005 0.010 0.036 0.899 
 182 P _   0.010 0.019 0.001 0.013 0.004 0.010 0.037 0.907 
 183 E _   0.010 0.015 0.000 0.012 0.004 0.009 0.037 0.914 
 184 V _   0.009 0.010 0.000 0.010 0.003 0.007 0.037 0.923 
 185 L _   0.008 0.007 0.000 0.007 0.002 0.006 0.037 0.931 
 186 R _   0.008 0.004 0.000 0.005 0.002 0.005 0.037 0.938 
 187 K _   0.008 0.002 0.000 0.004 0.001 0.004 0.036 0.944 
 188 D _   0.010 0.001 0.000 0.002 0.001 0.004 0.035 0.947 
 189 P _   0.015 0.000 0.000 0.002 0.001 0.004 0.033 0.945 
 190 Y _   0.026 0.000 0.000 0.001 0.001 0.004 0.031 0.936 
 191 G _   0.051 0.000 0.000 0.001 0.002 0.005 0.028 0.913 
 192 K _   0.102 0.000 0.000 0.001 0.003 0.006 0.025 0.863 
 193 P _   0.193 0.000 0.001 0.001 0.004 0.008 0.020 0.773 
 194 V _   0.322 0.000 0.001 0.001 0.006 0.010 0.015 0.645 
 195 D _   0.472 0.000 0.001 0.001 0.008 0.011 0.011 0.495 
 196 L H   0.624 0.000 0.001 0.001 0.011 0.012 0.007 0.344 
 197 W H   0.750 0.000 0.001 0.001 0.013 0.012 0.004 0.219 
 198 A H   0.834 0.000 0.001 0.001 0.015 0.011 0.003 0.136 
 199 C H   0.886 0.000 0.001 0.001 0.016 0.010 0.002 0.085 
 200 G H   0.914 0.000 0.001 0.001 0.016 0.008 0.002 0.059 
 201 V H   0.928 0.000 0.001 0.000 0.016 0.007 0.001 0.046 
 202 I H   0.932 0.000 0.001 0.000 0.017 0.007 0.001 0.042 
 203 L H   0.928 0.000 0.001 0.000 0.017 0.006 0.002 0.046 
 204 Y H   0.914 0.000 0.001 0.001 0.018 0.006 0.002 0.058 
 205 I H   0.888 0.000 0.001 0.001 0.019 0.007 0.003 0.082 
 206 L H   0.842 0.000 0.001 0.001 0.019 0.008 0.004 0.125 
 207 L H   0.770 0.000 0.002 0.002 0.019 0.009 0.006 0.193 
 208 V H   0.670 0.000 0.002 0.002 0.017 0.009 0.010 0.290 
 209 G H   0.548 0.000 0.002 0.002 0.014 0.010 0.015 0.409 
 210 Y _   0.417 0.000 0.001 0.003 0.010 0.009 0.021 0.538 
 211 P _   0.295 0.000 0.001 0.003 0.007 0.009 0.027 0.657 
 212 P _   0.195 0.000 0.001 0.003 0.005 0.008 0.033 0.755 
 213 F _   0.122 0.000 0.001 0.003 0.004 0.007 0.038 0.827 
 214 W _   0.073 0.000 0.000 0.002 0.003 0.006 0.041 0.874 
 215 D _   0.043 0.000 0.000 0.002 0.002 0.006 0.043 0.903 
 216 E _   0.026 0.000 0.000 0.002 0.002 0.006 0.045 0.917 
 217 D _   0.018 0.001 0.000 0.003 0.002 0.007 0.046 0.922 
 218 Q _   0.014 0.003 0.000 0.005 0.002 0.008 0.047 0.920 
 219 H _   0.012 0.007 0.000 0.008 0.003 0.010 0.048 0.911 
 220 R _   0.011 0.016 0.001 0.013 0.005 0.012 0.048 0.894 
 221 L _   0.011 0.028 0.001 0.020 0.007 0.014 0.048 0.872 
 222 Y _   0.011 0.041 0.001 0.028 0.008 0.015 0.048 0.849 
 223 Q _   0.010 0.051 0.001 0.035 0.009 0.016 0.048 0.829 
 224 Q _   0.010 0.058 0.001 0.040 0.010 0.016 0.048 0.816 
 225 I _   0.010 0.062 0.001 0.041 0.010 0.016 0.049 0.811 
 226 K _   0.009 0.063 0.001 0.040 0.010 0.015 0.050 0.812 
 227 A _   0.009 0.061 0.001 0.036 0.009 0.014 0.052 0.819 
 228 G _   0.009 0.057 0.001 0.030 0.007 0.013 0.054 0.830 
 229 A _   0.009 0.050 0.001 0.023 0.006 0.011 0.056 0.844 
 230 Y _   0.008 0.042 0.001 0.017 0.005 0.010 0.059 0.859 
 231 D _   0.008 0.034 0.000 0.013 0.004 0.009 0.061 0.872 
 232 F _   0.007 0.028 0.000 0.009 0.003 0.008 0.062 0.883 
 233 P _   0.006 0.024 0.000 0.007 0.002 0.007 0.064 0.890 
 234 S _   0.006 0.022 0.000 0.006 0.002 0.007 0.064 0.893 
 235 P _   0.006 0.021 0.000 0.005 0.002 0.007 0.065 0.895 
 236 E _   0.005 0.021 0.000 0.005 0.002 0.007 0.065 0.894 
 237 W _   0.005 0.022 0.000 0.006 0.002 0.007 0.065 0.891 
 238 D _   0.005 0.025 0.000 0.007 0.003 0.008 0.064 0.886 
 239 T _   0.006 0.030 0.000 0.009 0.003 0.009 0.063 0.879 
 240 V _   0.006 0.037 0.000 0.011 0.004 0.010 0.062 0.869 
 241 T _   0.006 0.046 0.001 0.014 0.005 0.011 0.061 0.857 
 242 P _   0.007 0.056 0.001 0.016 0.006 0.013 0.059 0.843 
 243 E _   0.007 0.067 0.001 0.019 0.006 0.014 0.058 0.827 
 244 A _   0.007 0.078 0.001 0.022 0.008 0.015 0.057 0.812 
 245 K _   0.008 0.088 0.001 0.025 0.009 0.016 0.056 0.797 
 246 D _   0.009 0.098 0.001 0.028 0.010 0.017 0.055 0.783 
 247 L _   0.009 0.105 0.001 0.031 0.011 0.018 0.054 0.771 
 248 I _   0.010 0.110 0.001 0.033 0.011 0.019 0.054 0.763 
 249 N _   0.011 0.112 0.001 0.034 0.011 0.019 0.054 0.759 
 250 K _   0.012 0.112 0.001 0.032 0.011 0.018 0.054 0.760 
 251 M _   0.012 0.109 0.001 0.029 0.010 0.017 0.055 0.766 
 252 L _   0.012 0.103 0.001 0.025 0.009 0.016 0.056 0.778 
 253 T _   0.012 0.095 0.001 0.019 0.007 0.015 0.057 0.793 
 254 I _   0.011 0.087 0.001 0.015 0.006 0.014 0.058 0.808 
 255 N _   0.011 0.080 0.001 0.011 0.005 0.014 0.059 0.821 
 256 P _   0.010 0.075 0.001 0.008 0.004 0.014 0.060 0.828 
 257 S _   0.011 0.073 0.000 0.007 0.004 0.014 0.060 0.830 
 258 K _   0.011 0.074 0.001 0.008 0.005 0.015 0.060 0.826 
 259 R _   0.012 0.078 0.001 0.010 0.006 0.016 0.060 0.818 
 260 I _   0.012 0.085 0.001 0.013 0.007 0.018 0.060 0.804 
 261 T _   0.013 0.095 0.001 0.017 0.008 0.019 0.060 0.787 
 262 A _   0.013 0.106 0.001 0.022 0.010 0.019 0.060 0.769 
 263 A _   0.013 0.116 0.001 0.025 0.010 0.020 0.060 0.755 
 264 E _   0.012 0.122 0.001 0.026 0.010 0.020 0.060 0.748 
 265 A _   0.012 0.125 0.001 0.026 0.010 0.019 0.061 0.746 
 266 L _   0.011 0.126 0.001 0.023 0.009 0.019 0.061 0.749 
 267 K _   0.011 0.124 0.001 0.020 0.008 0.018 0.062 0.756 
 268 H _   0.011 0.121 0.001 0.016 0.007 0.018 0.063 0.763 
 269 P _   0.011 0.119 0.001 0.013 0.007 0.018 0.064 0.768 
 270 W _   0.011 0.117 0.001 0.011 0.006 0.018 0.065 0.770 
 271 I _   0.012 0.117 0.001 0.010 0.006 0.020 0.066 0.768 
 272 S _   0.013 0.120 0.001 0.011 0.007 0.021 0.066 0.760 
 273 H _   0.015 0.126 0.001 0.013 0.009 0.023 0.067 0.746 
 274 R _   0.017 0.135 0.001 0.016 0.011 0.026 0.068 0.726 
 275 S _   0.019 0.147 0.001 0.020 0.014 0.028 0.068 0.702 
 276 T _   0.021 0.161 0.001 0.026 0.017 0.029 0.069 0.677 
 277 V _   0.022 0.173 0.001 0.032 0.019 0.030 0.070 0.653 
 278 A _   0.023 0.182 0.002 0.037 0.021 0.030 0.071 0.633 
 279 S _   0.024 0.187 0.001 0.041 0.021 0.030 0.073 0.622 
 280 C _   0.024 0.188 0.002 0.043 0.021 0.029 0.076 0.617 
 281 M _   0.023 0.184 0.002 0.043 0.020 0.027 0.080 0.621 
 282 H _   0.023 0.174 0.002 0.040 0.019 0.026 0.084 0.633 
 283 R _   0.021 0.159 0.002 0.036 0.017 0.024 0.089 0.652 
 284 Q _   0.020 0.137 0.001 0.031 0.014 0.022 0.095 0.679 
 285 E _   0.018 0.111 0.001 0.026 0.012 0.020 0.102 0.709 
 286 T _   0.017 0.084 0.001 0.021 0.010 0.018 0.109 0.740 
 287 V _   0.016 0.060 0.001 0.016 0.008 0.016 0.116 0.767 
 288 D _   0.014 0.041 0.001 0.013 0.006 0.014 0.123 0.788 
 289 C _   0.013 0.026 0.001 0.010 0.005 0.013 0.128 0.804 
 290 L _   0.013 0.016 0.001 0.008 0.004 0.012 0.133 0.814 
 291 K _   0.013 0.009 0.000 0.006 0.003 0.011 0.137 0.820 
 292 K _   0.014 0.005 0.000 0.005 0.003 0.011 0.140 0.823 
 293 F _   0.016 0.002 0.000 0.004 0.002 0.012 0.143 0.821 
 294 N _   0.021 0.001 0.000 0.003 0.002 0.013 0.144 0.815 
 295 A _   0.031 0.000 0.000 0.003 0.003 0.016 0.146 0.802 
 296 R _   0.047 0.000 0.000 0.002 0.004 0.020 0.147 0.780 
 297 R _   0.072 0.000 0.001 0.002 0.006 0.026 0.147 0.745 
 298 K _   0.108 0.000 0.001 0.003 0.011 0.035 0.148 0.695 
 299 L _   0.151 0.001 0.001 0.004 0.019 0.045 0.148 0.631 
 300 K _   0.196 0.004 0.002 0.006 0.032 0.056 0.149 0.555 
 301 G _   0.237 0.011 0.002 0.010 0.047 0.065 0.151 0.478 
 302 A _   0.269 0.024 0.003 0.016 0.060 0.070 0.154 0.404 
 303 I _   0.288 0.041 0.003 0.024 0.070 0.072 0.159 0.343 
 304 L _   0.294 0.056 0.003 0.032 0.074 0.071 0.166 0.304 
 305 T H   0.291 0.065 0.003 0.039 0.074 0.068 0.175 0.285 
 306 T _   0.278 0.070 0.003 0.043 0.070 0.063 0.188 0.285 
 307 M _   0.256 0.071 0.003 0.045 0.063 0.057 0.203 0.303 
 308 L _   0.226 0.068 0.003 0.043 0.053 0.050 0.221 0.337 
 309 A _   0.189 0.060 0.003 0.038 0.041 0.042 0.243 0.384 
 310 T _   0.151 0.048 0.002 0.031 0.029 0.034 0.266 0.438 
 311 R _   0.114 0.035 0.002 0.023 0.019 0.027 0.291 0.489 
 312 N _   0.082 0.023 0.001 0.017 0.011 0.021 0.313 0.531 
 313 F _   0.057 0.014 0.001 0.012 0.007 0.016 0.332 0.562 
 314 S _   0.038 0.009 0.001 0.009 0.004 0.012 0.347 0.581 
 315 G _   0.025 0.005 0.000 0.006 0.003 0.009 0.359 0.593 
 316 G _   0.016 0.004 0.000 0.005 0.002 0.007 0.368 0.598 
 317 K _   0.011 0.002 0.000 0.004 0.001 0.005 0.374 0.601 
 318 S _   0.007 0.002 0.000 0.004 0.001 0.005 0.380 0.601 
 319 G _   0.005 0.001 0.000 0.004 0.001 0.004 0.383 0.601 
 320 G _   0.004 0.001 0.000 0.004 0.001 0.004 0.386 0.600 
 321 N _   0.003 0.001 0.000 0.004 0.001 0.004 0.387 0.600 
 322 K _   0.003 0.001 0.000 0.004 0.001 0.004 0.387 0.600 
 323 K _   0.003 0.002 0.000 0.005 0.001 0.004 0.386 0.600 
 324 S _   0.003 0.002 0.000 0.005 0.001 0.004 0.385 0.600 
 325 D _   0.003 0.003 0.000 0.006 0.001 0.004 0.383 0.600 
 326 G _   0.003 0.004 0.000 0.008 0.001 0.005 0.380 0.600 
 327 V _   0.003 0.005 0.000 0.009 0.002 0.005 0.376 0.600 
 328 K _   0.003 0.006 0.000 0.011 0.002 0.006 0.372 0.600 
 329 E _   0.003 0.007 0.000 0.013 0.002 0.006 0.368 0.600 
 330 S _   0.003 0.008 0.000 0.015 0.003 0.007 0.364 0.600 
 331 S _   0.003 0.009 0.000 0.017 0.003 0.007 0.361 0.600 
 332 E _   0.003 0.010 0.000 0.018 0.003 0.007 0.358 0.601 
 333 S _   0.003 0.010 0.000 0.017 0.003 0.007 0.355 0.603 
 334 T _   0.003 0.010 0.000 0.016 0.003 0.007 0.353 0.607 
 335 N _   0.003 0.009 0.000 0.015 0.003 0.007 0.352 0.612 
 336 T _   0.003 0.008 0.000 0.012 0.002 0.006 0.350 0.618 
 337 T _   0.003 0.007 0.000 0.009 0.002 0.006 0.348 0.625 
 338 I _   0.003 0.006 0.000 0.007 0.002 0.005 0.345 0.632 
 339 E _   0.003 0.005 0.000 0.006 0.001 0.005 0.342 0.638 
 340 D _   0.003 0.004 0.000 0.004 0.001 0.005 0.339 0.643 
 341 E _   0.003 0.004 0.000 0.004 0.001 0.006 0.334 0.648 
 342 D _   0.003 0.005 0.000 0.004 0.001 0.007 0.329 0.651 
 343 T _   0.004 0.006 0.000 0.004 0.002 0.009 0.323 0.652 
 344 K _   0.005 0.008 0.000 0.006 0.003 0.011 0.316 0.650 
 345 V _   0.007 0.013 0.000 0.008 0.004 0.015 0.307 0.645 
 346 R _   0.010 0.021 0.001 0.011 0.006 0.020 0.297 0.634 
 347 K _   0.013 0.034 0.001 0.015 0.009 0.026 0.286 0.618 
 348 Q _   0.016 0.051 0.001 0.019 0.012 0.032 0.272 0.597 
 349 E _   0.020 0.070 0.001 0.023 0.017 0.038 0.259 0.572 
 350 I _   0.025 0.092 0.002 0.026 0.022 0.043 0.246 0.544 
 351 I _   0.030 0.114 0.002 0.030 0.028 0.048 0.234 0.514 
 352 K _   0.035 0.136 0.002 0.035 0.033 0.051 0.223 0.486 
 353 V _   0.038 0.155 0.002 0.039 0.037 0.053 0.214 0.462 
 354 T _   0.041 0.170 0.002 0.043 0.039 0.053 0.207 0.444 
 355 E _   0.043 0.181 0.002 0.047 0.039 0.052 0.202 0.434 
 356 Q _   0.043 0.187 0.002 0.050 0.037 0.049 0.198 0.434 
 357 L _   0.042 0.188 0.002 0.050 0.034 0.046 0.195 0.444 
 358 I _   0.040 0.183 0.002 0.047 0.030 0.041 0.194 0.463 
 359 E _   0.038 0.174 0.002 0.041 0.025 0.036 0.193 0.492 
 360 A _   0.034 0.158 0.002 0.034 0.020 0.032 0.193 0.528 
 361 I _   0.030 0.137 0.001 0.027 0.015 0.027 0.193 0.570 
 362 S _   0.025 0.114 0.001 0.021 0.011 0.023 0.193 0.611 
 363 N _   0.021 0.092 0.001 0.016 0.009 0.019 0.194 0.648 
 364 G _   0.018 0.076 0.001 0.012 0.006 0.017 0.194 0.677 
 365 D _   0.015 0.063 0.001 0.010 0.005 0.014 0.193 0.699 
 366 F _   0.013 0.055 0.000 0.008 0.004 0.012 0.192 0.715 
 367 E _   0.011 0.050 0.000 0.007 0.003 0.011 0.191 0.726 
 368 S _   0.009 0.047 0.000 0.006 0.003 0.010 0.190 0.734 
 369 Y _   0.008 0.046 0.000 0.006 0.003 0.009 0.188 0.740 
 370 T _   0.007 0.046 0.000 0.006 0.003 0.009 0.185 0.744 
 371 K _   0.007 0.048 0.000 0.007 0.003 0.009 0.182 0.745 
 372 M _   0.006 0.051 0.000 0.007 0.003 0.009 0.178 0.745 
 373 C _   0.006 0.056 0.000 0.008 0.003 0.009 0.174 0.742 
 374 D _   0.006 0.064 0.001 0.010 0.004 0.010 0.170 0.735 
 375 P _   0.007 0.074 0.001 0.012 0.005 0.011 0.165 0.726 
 376 G _   0.007 0.087 0.001 0.014 0.005 0.012 0.160 0.715 
 377 M _   0.007 0.101 0.001 0.015 0.006 0.013 0.155 0.702 
 378 T _   0.007 0.117 0.001 0.016 0.006 0.013 0.151 0.689 
 379 A _   0.007 0.133 0.001 0.017 0.007 0.014 0.146 0.675 
 380 F _   0.007 0.148 0.001 0.018 0.007 0.015 0.142 0.662 
 381 E _   0.008 0.164 0.001 0.018 0.007 0.016 0.138 0.649 
 382 P _   0.008 0.180 0.001 0.018 0.008 0.017 0.134 0.636 
 383 E _   0.009 0.197 0.001 0.018 0.008 0.018 0.130 0.620 
 384 A _   0.010 0.215 0.001 0.019 0.009 0.019 0.126 0.601 
 385 L _   0.010 0.234 0.001 0.020 0.010 0.020 0.123 0.581 
 386 G _   0.011 0.254 0.001 0.022 0.011 0.022 0.120 0.559 
 387 N _   0.012 0.274 0.001 0.024 0.012 0.023 0.117 0.537 
 388 L _   0.013 0.292 0.001 0.026 0.013 0.023 0.115 0.517 
 389 V _   0.014 0.306 0.001 0.028 0.014 0.024 0.113 0.501 
 390 E _   0.014 0.317 0.001 0.030 0.015 0.024 0.111 0.488 
 391 G _   0.015 0.324 0.001 0.031 0.015 0.024 0.110 0.479 
 392 L _   0.015 0.328 0.001 0.033 0.015 0.024 0.109 0.475 
 393 D _   0.015 0.328 0.001 0.034 0.015 0.023 0.109 0.474 
 394 F _   0.015 0.324 0.001 0.035 0.015 0.023 0.110 0.478 
 395 H _   0.015 0.316 0.001 0.035 0.015 0.021 0.111 0.486 
 396 R _   0.015 0.303 0.001 0.035 0.014 0.020 0.113 0.499 
 397 F _   0.015 0.282 0.001 0.034 0.013 0.019 0.116 0.520 
 398 Y _   0.014 0.254 0.001 0.032 0.012 0.018 0.119 0.549 
 399 F _   0.014 0.217 0.001 0.029 0.011 0.016 0.124 0.588 
 400 E _   0.013 0.173 0.001 0.025 0.009 0.015 0.129 0.633 
 401 N _   0.013 0.128 0.001 0.020 0.008 0.014 0.134 0.682 
 402 L _   0.012 0.085 0.001 0.015 0.006 0.012 0.139 0.729 
 403 W _   0.011 0.052 0.001 0.011 0.005 0.011 0.143 0.768 
 404 S _   0.009 0.030 0.000 0.007 0.003 0.009 0.146 0.794 
 405 R _   0.008 0.019 0.000 0.005 0.003 0.009 0.148 0.809 
 406 N _   0.007 0.013 0.000 0.004 0.002 0.008 0.149 0.815 
 407 S _   0.007 0.011 0.000 0.004 0.002 0.009 0.150 0.817 
 408 K _   0.007 0.010 0.000 0.005 0.002 0.009 0.150 0.816 
 409 P _   0.007 0.011 0.000 0.006 0.003 0.011 0.150 0.811 
 410 V _   0.008 0.013 0.000 0.009 0.004 0.012 0.149 0.804 
 411 H _   0.009 0.015 0.001 0.013 0.005 0.014 0.149 0.795 
 412 T _   0.009 0.018 0.001 0.017 0.007 0.016 0.148 0.785 
 413 T _   0.010 0.021 0.001 0.021 0.008 0.017 0.147 0.776 
 414 I _   0.010 0.023 0.001 0.025 0.009 0.018 0.146 0.769 
 415 L _   0.010 0.024 0.001 0.026 0.010 0.018 0.146 0.765 
 416 N _   0.009 0.024 0.001 0.026 0.010 0.019 0.147 0.764 
 417 P _   0.010 0.023 0.001 0.024 0.009 0.019 0.147 0.767 
 418 H _   0.010 0.021 0.001 0.021 0.008 0.019 0.148 0.771 
 419 I _   0.011 0.019 0.001 0.017 0.007 0.019 0.150 0.777 
 420 H _   0.012 0.016 0.001 0.013 0.006 0.019 0.151 0.782 
 421 L _   0.013 0.014 0.001 0.010 0.006 0.020 0.152 0.785 
 422 M _   0.015 0.012 0.001 0.008 0.006 0.021 0.154 0.784 
 423 G _   0.019 0.012 0.001 0.006 0.006 0.023 0.154 0.779 
 424 D _   0.024 0.012 0.001 0.006 0.007 0.027 0.155 0.768 
 425 E _   0.030 0.014 0.001 0.007 0.010 0.031 0.156 0.750 
 426 S _   0.038 0.019 0.001 0.010 0.015 0.036 0.157 0.724 
 427 A _   0.046 0.028 0.001 0.015 0.021 0.041 0.158 0.691 
 428 C _   0.052 0.041 0.002 0.022 0.026 0.044 0.159 0.653 
 429 I _   0.057 0.056 0.002 0.030 0.031 0.047 0.161 0.615 
 430 A _   0.059 0.068 0.002 0.038 0.034 0.047 0.164 0.587 
 431 Y _   0.060 0.077 0.002 0.043 0.034 0.045 0.168 0.570 
 432 I _   0.058 0.081 0.002 0.045 0.033 0.042 0.174 0.566 
 433 R _   0.054 0.081 0.002 0.044 0.029 0.039 0.180 0.571 
 434 I _   0.048 0.078 0.002 0.039 0.025 0.034 0.188 0.586 
 435 T _   0.041 0.071 0.002 0.033 0.020 0.029 0.196 0.608 
 436 Q _   0.034 0.062 0.001 0.025 0.015 0.025 0.205 0.633 
 437 Y _   0.027 0.051 0.001 0.018 0.010 0.020 0.214 0.657 
 438 L _   0.022 0.042 0.001 0.013 0.007 0.017 0.223 0.675 
 439 D _   0.017 0.036 0.001 0.009 0.005 0.014 0.230 0.688 
 440 A _   0.014 0.032 0.000 0.007 0.004 0.012 0.236 0.696 
 441 G _   0.011 0.030 0.000 0.006 0.003 0.010 0.241 0.698 
 442 G _   0.010 0.030 0.000 0.006 0.003 0.009 0.245 0.697 
 443 I _   0.009 0.031 0.000 0.006 0.003 0.009 0.248 0.694 
 444 P _   0.008 0.033 0.000 0.006 0.003 0.009 0.251 0.689 
 445 R _   0.007 0.037 0.000 0.007 0.003 0.009 0.254 0.682 
 446 T _   0.007 0.042 0.000 0.009 0.004 0.009 0.257 0.673 
 447 A _   0.006 0.048 0.000 0.010 0.004 0.010 0.259 0.662 
 448 Q _   0.006 0.056 0.001 0.012 0.004 0.010 0.261 0.650 
 449 S _   0.006 0.065 0.001 0.014 0.005 0.010 0.263 0.637 
 450 E _   0.006 0.074 0.001 0.015 0.005 0.011 0.266 0.623 
 451 E _   0.006 0.083 0.001 0.017 0.005 0.011 0.268 0.609 
 452 T _   0.006 0.091 0.001 0.017 0.005 0.011 0.272 0.597 
 453 R _   0.006 0.097 0.001 0.017 0.005 0.011 0.275 0.587 
 454 V _   0.006 0.102 0.001 0.017 0.005 0.011 0.279 0.579 
 455 W _   0.006 0.106 0.001 0.016 0.005 0.011 0.283 0.572 
 456 H _   0.006 0.110 0.001 0.015 0.005 0.012 0.288 0.564 
 457 R _   0.006 0.114 0.001 0.014 0.005 0.012 0.293 0.555 
 458 R _   0.006 0.118 0.001 0.014 0.005 0.013 0.298 0.545 
 459 D _   0.007 0.124 0.001 0.015 0.006 0.014 0.303 0.530 
 460 G _   0.008 0.131 0.001 0.017 0.007 0.016 0.309 0.512 
 461 K _   0.009 0.140 0.001 0.020 0.008 0.017 0.315 0.491 
 462 W _   0.009 0.150 0.001 0.024 0.009 0.018 0.322 0.467 
 463 Q _   0.010 0.159 0.001 0.029 0.010 0.019 0.329 0.443 
 464 I _   0.010 0.167 0.001 0.033 0.011 0.019 0.337 0.421 
 465 V _   0.011 0.171 0.001 0.037 0.012 0.019 0.346 0.403 
 466 H _   0.011 0.173 0.001 0.039 0.012 0.019 0.357 0.389 
 467 F _   0.011 0.171 0.001 0.039 0.012 0.019 0.369 0.379 
 468 H X   0.010 0.166 0.001 0.037 0.011 0.018 0.384 0.372 
 469 R X   0.010 0.158 0.001 0.035 0.010 0.016 0.400 0.369 
 470 S X   0.009 0.147 0.001 0.031 0.009 0.015 0.418 0.370 
 471 G X   0.008 0.133 0.001 0.027 0.008 0.013 0.437 0.373 
 472 A X   0.006 0.118 0.001 0.023 0.007 0.010 0.458 0.377 
 473 P X   0.004 0.101 0.001 0.019 0.005 0.007 0.479 0.384 
 474 S X   0.003 0.082 0.001 0.014 0.003 0.004 0.500 0.395 
 475 V X   0.001 0.061 0.000 0.008 0.001 0.002 0.516 0.411 
 476 L X   0.000 0.047 0.000 0.005 0.000 0.001 0.522 0.425 
 477 P X   0.000 0.040 0.000 0.005 0.000 0.001 0.522 0.431 
 478 H X   0.003 0.037 0.001 0.013 0.003 0.003 0.512 0.427 
