#TopoPred_TM8: 8-state transmembrane topology prediction results by no_profile mode 
#probabilities are in the order of H E C I L F X _, the 8 transmembrane topology types used in PDBTM 
   1 M X   0.013 0.001 0.002 0.044 0.009 0.012 0.727 0.191 
   2 A X   0.005 0.001 0.000 0.027 0.002 0.007 0.745 0.212 
   3 G X   0.002 0.001 0.000 0.019 0.001 0.006 0.748 0.223 
   4 D X   0.002 0.001 0.000 0.016 0.001 0.008 0.744 0.227 
   5 L X   0.004 0.003 0.000 0.017 0.002 0.012 0.734 0.227 
   6 S X   0.007 0.006 0.000 0.020 0.004 0.016 0.720 0.226 
   7 A X   0.010 0.011 0.001 0.025 0.006 0.019 0.704 0.223 
   8 G X   0.013 0.017 0.001 0.031 0.008 0.021 0.688 0.221 
   9 F X   0.014 0.022 0.001 0.036 0.010 0.021 0.673 0.224 
  10 F X   0.014 0.025 0.001 0.038 0.010 0.020 0.661 0.231 
  11 M X   0.013 0.026 0.001 0.037 0.010 0.019 0.651 0.244 
  12 E X   0.012 0.026 0.001 0.031 0.009 0.017 0.642 0.262 
  13 E X   0.011 0.024 0.001 0.024 0.008 0.015 0.636 0.282 
  14 L X   0.010 0.020 0.001 0.017 0.006 0.013 0.631 0.303 
  15 N X   0.009 0.017 0.000 0.011 0.004 0.011 0.626 0.322 
  16 T X   0.008 0.014 0.000 0.007 0.003 0.009 0.622 0.337 
  17 Y X   0.007 0.012 0.000 0.005 0.002 0.009 0.618 0.347 
  18 R X   0.007 0.011 0.000 0.004 0.002 0.008 0.613 0.354 
  19 Q X   0.006 0.011 0.000 0.005 0.002 0.008 0.608 0.359 
  20 K X   0.006 0.012 0.000 0.006 0.003 0.008 0.603 0.362 
  21 Q X   0.006 0.013 0.000 0.009 0.003 0.008 0.597 0.363 
  22 G X   0.006 0.015 0.000 0.012 0.004 0.009 0.590 0.364 
  23 V X   0.006 0.017 0.001 0.015 0.004 0.009 0.584 0.364 
  24 V X   0.006 0.018 0.001 0.017 0.005 0.009 0.579 0.366 
  25 L X   0.006 0.019 0.001 0.018 0.005 0.008 0.575 0.369 
  26 K X   0.006 0.018 0.000 0.017 0.004 0.008 0.572 0.374 
  27 Y X   0.005 0.017 0.000 0.015 0.004 0.007 0.569 0.382 
  28 Q X   0.005 0.014 0.000 0.012 0.003 0.006 0.567 0.392 
  29 E X   0.004 0.012 0.000 0.009 0.002 0.005 0.565 0.402 
  30 L X   0.004 0.009 0.000 0.006 0.002 0.004 0.563 0.412 
  31 P X   0.003 0.006 0.000 0.004 0.001 0.004 0.560 0.422 
  32 N X   0.003 0.005 0.000 0.003 0.001 0.003 0.556 0.429 
  33 S X   0.003 0.004 0.000 0.002 0.001 0.003 0.551 0.436 
  34 G X   0.003 0.004 0.000 0.002 0.001 0.004 0.545 0.441 
  35 P X   0.003 0.005 0.000 0.002 0.001 0.005 0.538 0.445 
  36 P X   0.005 0.009 0.000 0.004 0.002 0.008 0.527 0.445 
  37 H X   0.007 0.019 0.001 0.008 0.005 0.012 0.512 0.438 
  38 D X   0.009 0.045 0.001 0.015 0.009 0.017 0.490 0.415 
  39 R X   0.010 0.095 0.002 0.027 0.014 0.021 0.462 0.370 
  40 R X   0.010 0.163 0.002 0.039 0.018 0.023 0.431 0.314 
  41 F X   0.009 0.228 0.002 0.050 0.019 0.023 0.405 0.265 
  42 T X   0.008 0.272 0.002 0.058 0.018 0.022 0.387 0.234 
  43 F X   0.007 0.297 0.001 0.063 0.017 0.020 0.374 0.219 
  44 Q X   0.007 0.310 0.001 0.064 0.016 0.019 0.367 0.216 
  45 V X   0.007 0.315 0.001 0.063 0.015 0.018 0.362 0.220 
  46 I X   0.007 0.313 0.001 0.059 0.014 0.016 0.359 0.231 
  47 I X   0.007 0.304 0.001 0.053 0.012 0.015 0.358 0.250 
  48 D X   0.007 0.285 0.001 0.046 0.011 0.014 0.359 0.277 
  49 G X   0.008 0.256 0.001 0.039 0.010 0.013 0.361 0.313 
  50 R X   0.008 0.216 0.001 0.032 0.008 0.012 0.365 0.357 
  51 E _   0.009 0.171 0.001 0.025 0.007 0.011 0.370 0.406 
  52 F _   0.009 0.126 0.001 0.020 0.006 0.010 0.375 0.454 
  53 P _   0.008 0.089 0.001 0.015 0.004 0.009 0.380 0.494 
  54 E _   0.007 0.062 0.000 0.011 0.003 0.008 0.382 0.526 
  55 G _   0.006 0.043 0.000 0.008 0.002 0.007 0.384 0.549 
  56 E _   0.005 0.031 0.000 0.006 0.002 0.006 0.383 0.566 
  57 G _   0.004 0.024 0.000 0.005 0.001 0.005 0.382 0.579 
  58 R _   0.004 0.019 0.000 0.004 0.001 0.005 0.379 0.588 
  59 S _   0.003 0.017 0.000 0.003 0.001 0.005 0.375 0.596 
  60 K _   0.003 0.017 0.000 0.003 0.001 0.005 0.369 0.602 
  61 K _   0.003 0.017 0.000 0.004 0.001 0.006 0.361 0.607 
  62 E _   0.004 0.020 0.000 0.005 0.002 0.008 0.351 0.609 
  63 A _   0.005 0.027 0.000 0.009 0.003 0.012 0.338 0.606 
  64 K _   0.007 0.041 0.001 0.015 0.006 0.016 0.321 0.593 
  65 N _   0.009 0.067 0.001 0.024 0.010 0.021 0.300 0.567 
  66 A _   0.011 0.104 0.002 0.038 0.015 0.026 0.276 0.529 
  67 A _   0.012 0.142 0.002 0.053 0.018 0.029 0.254 0.491 
  68 A _   0.013 0.171 0.002 0.066 0.021 0.030 0.235 0.462 
  69 K _   0.013 0.189 0.002 0.076 0.022 0.031 0.221 0.446 
  70 L _   0.014 0.197 0.002 0.080 0.022 0.030 0.211 0.444 
  71 A _   0.014 0.198 0.002 0.078 0.021 0.029 0.204 0.454 
  72 V _   0.014 0.192 0.002 0.071 0.019 0.027 0.198 0.477 
  73 E _   0.015 0.177 0.002 0.059 0.017 0.025 0.193 0.512 
  74 I _   0.015 0.151 0.002 0.044 0.014 0.023 0.190 0.562 
  75 L _   0.015 0.116 0.001 0.029 0.011 0.021 0.187 0.620 
  76 N _   0.015 0.081 0.001 0.018 0.008 0.019 0.185 0.674 
  77 K _   0.014 0.056 0.001 0.010 0.006 0.018 0.182 0.714 
  78 E _   0.013 0.043 0.001 0.007 0.004 0.017 0.179 0.737 
  79 K _   0.013 0.038 0.000 0.005 0.004 0.017 0.175 0.747 
  80 K _   0.014 0.037 0.000 0.006 0.004 0.018 0.171 0.749 
  81 A _   0.015 0.039 0.001 0.009 0.006 0.020 0.167 0.744 
  82 V _   0.016 0.044 0.001 0.015 0.008 0.022 0.161 0.732 
  83 S _   0.017 0.052 0.001 0.024 0.011 0.024 0.155 0.716 
  84 P _   0.017 0.060 0.001 0.033 0.013 0.024 0.150 0.701 
  85 L _   0.017 0.065 0.001 0.040 0.015 0.024 0.145 0.694 
  86 L _   0.016 0.066 0.001 0.043 0.015 0.023 0.141 0.695 
  87 L _   0.014 0.064 0.001 0.041 0.014 0.021 0.138 0.706 
  88 T _   0.013 0.058 0.001 0.036 0.012 0.019 0.136 0.725 
  89 T _   0.011 0.049 0.001 0.028 0.009 0.017 0.134 0.752 
  90 T _   0.010 0.036 0.001 0.019 0.007 0.015 0.132 0.780 
  91 N _   0.009 0.024 0.001 0.012 0.005 0.014 0.130 0.804 
  92 S _   0.009 0.016 0.000 0.008 0.004 0.013 0.128 0.822 
  93 S _   0.010 0.011 0.000 0.005 0.003 0.014 0.126 0.831 
  94 E _   0.011 0.009 0.000 0.004 0.003 0.015 0.124 0.833 
  95 G _   0.015 0.009 0.000 0.004 0.004 0.018 0.121 0.829 
  96 L _   0.020 0.010 0.001 0.005 0.006 0.022 0.118 0.818 
  97 S _   0.028 0.015 0.001 0.008 0.009 0.028 0.115 0.798 
  98 M _   0.036 0.023 0.001 0.013 0.014 0.034 0.110 0.767 
  99 G _   0.045 0.037 0.002 0.020 0.021 0.041 0.106 0.729 
 100 N _   0.052 0.054 0.002 0.028 0.028 0.046 0.102 0.689 
 101 Y _   0.058 0.070 0.002 0.036 0.033 0.049 0.098 0.655 
 102 I _   0.062 0.082 0.002 0.042 0.036 0.051 0.095 0.630 
 103 G _   0.064 0.090 0.002 0.046 0.037 0.051 0.093 0.618 
 104 L _   0.064 0.093 0.002 0.048 0.036 0.049 0.092 0.617 
 105 I _   0.062 0.092 0.002 0.046 0.033 0.046 0.091 0.628 
 106 N _   0.057 0.088 0.002 0.041 0.029 0.042 0.091 0.650 
 107 R _   0.052 0.080 0.002 0.034 0.024 0.038 0.091 0.680 
 108 I _   0.045 0.069 0.001 0.027 0.019 0.033 0.092 0.714 
 109 A _   0.039 0.056 0.001 0.020 0.014 0.029 0.092 0.748 
 110 Q _   0.033 0.045 0.001 0.015 0.010 0.025 0.093 0.778 
 111 K _   0.027 0.037 0.001 0.012 0.008 0.021 0.093 0.802 
 112 K _   0.022 0.031 0.001 0.009 0.006 0.019 0.093 0.819 
 113 R _   0.019 0.027 0.001 0.008 0.005 0.016 0.093 0.830 
 114 L _   0.016 0.025 0.001 0.008 0.005 0.015 0.093 0.837 
 115 T _   0.014 0.025 0.001 0.009 0.004 0.014 0.093 0.841 
 116 V _   0.013 0.025 0.001 0.010 0.005 0.013 0.092 0.842 
 117 N _   0.012 0.025 0.001 0.011 0.005 0.012 0.092 0.843 
 118 Y _   0.011 0.026 0.001 0.011 0.005 0.011 0.091 0.844 
 119 E _   0.010 0.026 0.001 0.012 0.005 0.011 0.091 0.845 
 120 Q _   0.009 0.027 0.001 0.012 0.005 0.010 0.090 0.846 
 121 C _   0.009 0.027 0.001 0.012 0.004 0.010 0.089 0.848 
 122 A _   0.008 0.027 0.001 0.012 0.004 0.010 0.089 0.850 
 123 S _   0.008 0.027 0.000 0.011 0.004 0.009 0.088 0.852 
 124 G _   0.007 0.028 0.000 0.011 0.004 0.009 0.088 0.853 
 125 V _   0.007 0.028 0.000 0.011 0.004 0.009 0.087 0.854 
 126 H _   0.007 0.029 0.000 0.011 0.004 0.009 0.086 0.854 
 127 G _   0.007 0.030 0.000 0.011 0.004 0.009 0.086 0.853 
 128 P _   0.007 0.031 0.000 0.012 0.004 0.009 0.085 0.852 
 129 E _   0.007 0.032 0.000 0.012 0.004 0.009 0.084 0.852 
 130 G _   0.006 0.033 0.000 0.012 0.004 0.009 0.084 0.851 
 131 F _   0.006 0.034 0.000 0.013 0.004 0.009 0.083 0.851 
 132 H _   0.006 0.035 0.000 0.013 0.004 0.009 0.082 0.851 
 133 Y _   0.006 0.036 0.000 0.013 0.004 0.009 0.081 0.851 
 134 K _   0.006 0.038 0.000 0.012 0.004 0.009 0.080 0.851 
 135 C _   0.006 0.039 0.000 0.013 0.004 0.009 0.080 0.850 
 136 K _   0.006 0.040 0.000 0.013 0.004 0.009 0.079 0.849 
 137 M _   0.006 0.042 0.000 0.013 0.004 0.009 0.078 0.848 
 138 G _   0.006 0.044 0.000 0.014 0.004 0.009 0.077 0.846 
 139 Q _   0.006 0.045 0.000 0.014 0.004 0.009 0.077 0.845 
 140 K _   0.006 0.047 0.000 0.014 0.004 0.009 0.076 0.843 
 141 E _   0.006 0.048 0.000 0.014 0.004 0.009 0.076 0.843 
 142 Y _   0.006 0.049 0.000 0.014 0.004 0.008 0.075 0.844 
 143 S _   0.006 0.049 0.000 0.013 0.004 0.008 0.075 0.845 
 144 I _   0.006 0.050 0.000 0.012 0.003 0.008 0.074 0.846 
 145 G _   0.006 0.050 0.000 0.011 0.003 0.008 0.074 0.848 
 146 T _   0.006 0.051 0.000 0.010 0.003 0.008 0.073 0.849 
 147 G _   0.005 0.052 0.000 0.009 0.003 0.008 0.072 0.850 
 148 S _   0.005 0.053 0.000 0.008 0.003 0.008 0.071 0.850 
 149 T _   0.005 0.056 0.000 0.008 0.003 0.009 0.070 0.848 
 150 K _   0.006 0.061 0.000 0.008 0.003 0.010 0.068 0.844 
 151 Q _   0.006 0.069 0.000 0.009 0.003 0.011 0.066 0.835 
 152 E _   0.007 0.081 0.001 0.011 0.004 0.013 0.064 0.819 
 153 A _   0.008 0.100 0.001 0.013 0.006 0.015 0.061 0.796 
 154 K _   0.009 0.128 0.001 0.017 0.008 0.018 0.057 0.763 
 155 Q _   0.010 0.165 0.001 0.021 0.010 0.020 0.053 0.720 
 156 L _   0.011 0.209 0.001 0.025 0.012 0.022 0.049 0.671 
 157 A _   0.012 0.254 0.001 0.029 0.014 0.023 0.045 0.621 
 158 A _   0.012 0.295 0.001 0.033 0.016 0.024 0.042 0.578 
 159 K _   0.013 0.327 0.001 0.036 0.016 0.024 0.039 0.543 
 160 L _   0.013 0.351 0.001 0.038 0.017 0.024 0.037 0.518 
 161 A _   0.014 0.367 0.001 0.039 0.017 0.024 0.035 0.503 
 162 Y _   0.015 0.375 0.001 0.039 0.016 0.023 0.034 0.496 
 163 L _   0.015 0.378 0.001 0.039 0.016 0.022 0.034 0.495 
 164 Q _   0.015 0.376 0.001 0.037 0.014 0.021 0.034 0.502 
 165 I _   0.015 0.368 0.001 0.034 0.013 0.019 0.034 0.516 
 166 L _   0.015 0.354 0.001 0.030 0.012 0.018 0.034 0.537 
 167 S _   0.015 0.334 0.001 0.025 0.010 0.017 0.035 0.564 
 168 E _   0.014 0.309 0.001 0.020 0.008 0.015 0.036 0.596 
 169 E _   0.013 0.285 0.001 0.016 0.007 0.014 0.036 0.629 
 170 T _   0.012 0.263 0.001 0.012 0.005 0.013 0.037 0.658 
 171 S _   0.010 0.248 0.001 0.009 0.004 0.012 0.037 0.679 
 172 V _   0.009 0.239 0.000 0.007 0.003 0.011 0.037 0.693 
 173 K _   0.008 0.235 0.000 0.006 0.003 0.011 0.037 0.699 
 174 S _   0.008 0.237 0.000 0.006 0.003 0.011 0.036 0.698 
 175 D _   0.008 0.244 0.000 0.008 0.004 0.012 0.035 0.689 
 176 Y _   0.009 0.259 0.001 0.010 0.005 0.013 0.034 0.671 
 177 L _   0.009 0.284 0.001 0.014 0.006 0.014 0.032 0.640 
 178 S _   0.009 0.321 0.001 0.018 0.008 0.014 0.030 0.600 
 179 S _   0.008 0.362 0.001 0.022 0.009 0.014 0.028 0.555 
 180 G _   0.008 0.400 0.001 0.025 0.009 0.014 0.026 0.517 
 181 S _   0.007 0.428 0.001 0.026 0.009 0.013 0.025 0.490 
 182 F _   0.007 0.446 0.001 0.027 0.008 0.013 0.024 0.475 
 183 A _   0.006 0.456 0.001 0.025 0.008 0.012 0.024 0.469 
 184 T _   0.006 0.460 0.001 0.022 0.007 0.011 0.024 0.470 
 185 T _   0.006 0.460 0.001 0.019 0.006 0.010 0.023 0.475 
 186 C _   0.005 0.457 0.001 0.015 0.005 0.010 0.024 0.483 
 187 E _   0.005 0.453 0.000 0.013 0.004 0.010 0.024 0.491 
 188 S _   0.005 0.450 0.000 0.010 0.004 0.010 0.024 0.497 
 189 Q _   0.006 0.449 0.000 0.010 0.004 0.010 0.024 0.498 
 190 S _   0.006 0.452 0.000 0.010 0.004 0.010 0.024 0.493 
 191 N _   0.007 0.459 0.001 0.012 0.005 0.011 0.024 0.482 
 192 S E   0.007 0.471 0.001 0.015 0.006 0.012 0.023 0.465 
 193 L E   0.007 0.485 0.001 0.019 0.007 0.012 0.023 0.446 
 194 V E   0.008 0.497 0.001 0.023 0.008 0.012 0.023 0.429 
 195 T E   0.008 0.504 0.001 0.027 0.008 0.012 0.024 0.418 
 196 S E   0.007 0.505 0.001 0.029 0.008 0.011 0.024 0.415 
 197 T E   0.007 0.501 0.001 0.029 0.007 0.011 0.025 0.419 
 198 L E   0.007 0.489 0.001 0.027 0.007 0.010 0.026 0.433 
 199 A E   0.007 0.469 0.001 0.024 0.006 0.009 0.028 0.456 
 200 S _   0.006 0.439 0.001 0.020 0.006 0.009 0.030 0.490 
 201 E _   0.006 0.405 0.001 0.016 0.005 0.008 0.032 0.527 
 202 S _   0.006 0.374 0.001 0.012 0.004 0.007 0.034 0.562 
 203 S _   0.005 0.351 0.000 0.009 0.003 0.007 0.036 0.589 
 204 S _   0.004 0.337 0.000 0.008 0.002 0.006 0.037 0.605 
 205 E _   0.004 0.330 0.000 0.007 0.002 0.006 0.038 0.613 
 206 G _   0.004 0.328 0.000 0.007 0.002 0.006 0.038 0.615 
 207 D _   0.003 0.330 0.000 0.008 0.002 0.006 0.038 0.611 
 208 F _   0.003 0.336 0.000 0.010 0.002 0.006 0.038 0.604 
 209 S _   0.003 0.345 0.000 0.012 0.003 0.007 0.037 0.593 
 210 A _   0.003 0.355 0.000 0.014 0.003 0.007 0.037 0.581 
 211 D _   0.003 0.367 0.000 0.015 0.003 0.007 0.036 0.569 
 212 T _   0.003 0.377 0.000 0.016 0.003 0.006 0.035 0.559 
 213 S _   0.003 0.387 0.000 0.016 0.003 0.006 0.035 0.551 
 214 E _   0.002 0.395 0.000 0.015 0.003 0.006 0.034 0.545 
 215 I _   0.002 0.402 0.000 0.014 0.003 0.006 0.034 0.539 
 216 N _   0.002 0.409 0.000 0.013 0.003 0.006 0.033 0.533 
 217 S _   0.002 0.417 0.000 0.012 0.003 0.006 0.033 0.526 
 218 N _   0.003 0.427 0.000 0.012 0.003 0.007 0.032 0.516 
 219 S _   0.003 0.441 0.000 0.013 0.003 0.008 0.031 0.500 
 220 D _   0.003 0.459 0.001 0.015 0.004 0.009 0.031 0.479 
 221 S E   0.004 0.483 0.001 0.018 0.005 0.010 0.030 0.451 
 222 L E   0.004 0.511 0.001 0.022 0.006 0.010 0.029 0.417 
 223 N E   0.004 0.540 0.001 0.026 0.007 0.011 0.028 0.382 
 224 S E   0.004 0.565 0.001 0.031 0.008 0.011 0.028 0.352 
 225 S E   0.004 0.583 0.001 0.035 0.008 0.011 0.028 0.329 
 226 S E   0.005 0.592 0.001 0.039 0.009 0.012 0.028 0.315 
 227 L E   0.005 0.594 0.001 0.042 0.009 0.012 0.029 0.308 
 228 L E   0.005 0.589 0.001 0.044 0.009 0.011 0.031 0.310 
 229 M E   0.006 0.573 0.001 0.043 0.010 0.011 0.033 0.323 
 230 N E   0.007 0.541 0.001 0.042 0.010 0.012 0.037 0.351 
 231 G E   0.008 0.485 0.002 0.039 0.011 0.012 0.044 0.401 
 232 L _   0.010 0.400 0.002 0.035 0.011 0.013 0.053 0.477 
 233 R _   0.011 0.298 0.002 0.029 0.010 0.013 0.064 0.573 
 234 N _   0.012 0.198 0.001 0.022 0.008 0.013 0.077 0.669 
 235 N _   0.011 0.125 0.001 0.016 0.006 0.012 0.087 0.743 
 236 Q _   0.010 0.080 0.001 0.011 0.004 0.011 0.095 0.789 
 237 R _   0.008 0.056 0.000 0.008 0.003 0.010 0.100 0.813 
 238 K _   0.008 0.044 0.000 0.007 0.002 0.009 0.104 0.825 
 239 A _   0.007 0.038 0.000 0.007 0.002 0.009 0.107 0.828 
 240 K _   0.007 0.035 0.000 0.008 0.002 0.009 0.109 0.828 
 241 R _   0.007 0.034 0.000 0.010 0.003 0.010 0.111 0.825 
 242 S _   0.007 0.033 0.000 0.012 0.003 0.010 0.113 0.822 
 243 L _   0.007 0.032 0.000 0.014 0.004 0.010 0.114 0.819 
 244 A _   0.007 0.031 0.000 0.015 0.004 0.010 0.116 0.818 
 245 P _   0.006 0.029 0.000 0.015 0.004 0.009 0.117 0.819 
 246 R _   0.006 0.026 0.000 0.014 0.004 0.009 0.119 0.822 
 247 F _   0.006 0.023 0.000 0.012 0.003 0.008 0.120 0.827 
 248 D _   0.005 0.020 0.000 0.010 0.003 0.007 0.122 0.831 
 249 L _   0.005 0.017 0.000 0.009 0.003 0.007 0.123 0.835 
 250 P _   0.005 0.015 0.000 0.008 0.002 0.007 0.124 0.838 
 251 D _   0.005 0.014 0.000 0.007 0.002 0.007 0.125 0.839 
 252 M _   0.005 0.013 0.000 0.007 0.002 0.007 0.126 0.840 
 253 K _   0.005 0.012 0.000 0.007 0.002 0.007 0.126 0.839 
 254 E _   0.006 0.012 0.000 0.007 0.003 0.007 0.126 0.838 
 255 T _   0.006 0.013 0.000 0.008 0.003 0.008 0.126 0.837 
 256 K _   0.005 0.014 0.000 0.009 0.003 0.008 0.126 0.835 
 257 Y _   0.005 0.015 0.000 0.010 0.003 0.009 0.125 0.833 
 258 T _   0.006 0.016 0.000 0.010 0.003 0.009 0.125 0.831 
 259 V _   0.006 0.017 0.000 0.010 0.004 0.010 0.124 0.829 
 260 D _   0.006 0.019 0.000 0.011 0.004 0.011 0.123 0.826 
 261 K _   0.007 0.021 0.000 0.011 0.004 0.012 0.122 0.824 
 262 R _   0.007 0.022 0.000 0.010 0.004 0.013 0.122 0.821 
 263 F _   0.008 0.024 0.001 0.010 0.005 0.014 0.121 0.817 
 264 G _   0.009 0.027 0.001 0.011 0.005 0.016 0.120 0.812 
 265 M _   0.011 0.029 0.001 0.011 0.006 0.018 0.120 0.805 
 266 D _   0.013 0.033 0.001 0.011 0.007 0.021 0.119 0.796 
 267 F _   0.016 0.037 0.001 0.011 0.008 0.024 0.118 0.785 
 268 K _   0.019 0.043 0.001 0.012 0.010 0.027 0.117 0.770 
 269 E _   0.023 0.052 0.001 0.013 0.012 0.031 0.116 0.752 
 270 I _   0.029 0.063 0.001 0.015 0.015 0.035 0.115 0.728 
 271 E _   0.034 0.077 0.001 0.017 0.018 0.039 0.114 0.700 
 272 L _   0.038 0.094 0.002 0.021 0.023 0.042 0.114 0.667 
 273 I _   0.042 0.115 0.002 0.026 0.026 0.044 0.113 0.631 
 274 G _   0.045 0.136 0.002 0.032 0.030 0.046 0.113 0.596 
 275 S _   0.047 0.154 0.002 0.039 0.032 0.046 0.113 0.567 
 276 G _   0.047 0.166 0.002 0.045 0.033 0.045 0.114 0.547 
 277 G _   0.046 0.173 0.002 0.050 0.032 0.042 0.117 0.539 
 278 F _   0.043 0.175 0.002 0.051 0.030 0.039 0.120 0.541 
 279 G _   0.039 0.171 0.002 0.050 0.026 0.036 0.124 0.553 
 280 Q _   0.035 0.161 0.002 0.045 0.022 0.031 0.128 0.576 
 281 V _   0.030 0.144 0.002 0.037 0.018 0.027 0.134 0.609 
 282 F _   0.025 0.119 0.001 0.029 0.013 0.023 0.140 0.649 
 283 K _   0.021 0.091 0.001 0.020 0.010 0.019 0.146 0.692 
 284 A _   0.017 0.066 0.001 0.013 0.007 0.016 0.152 0.728 
 285 K _   0.014 0.049 0.001 0.009 0.005 0.013 0.156 0.753 
 286 H _   0.011 0.040 0.000 0.006 0.003 0.011 0.160 0.768 
 287 R _   0.010 0.036 0.000 0.005 0.003 0.011 0.163 0.773 
 288 I _   0.009 0.034 0.000 0.006 0.003 0.010 0.165 0.773 
 289 D _   0.009 0.035 0.000 0.007 0.003 0.011 0.167 0.767 
 290 G _   0.009 0.038 0.000 0.011 0.004 0.012 0.169 0.757 
 291 K _   0.009 0.042 0.001 0.015 0.005 0.013 0.171 0.744 
 292 T _   0.010 0.046 0.001 0.020 0.007 0.013 0.173 0.730 
 293 Y _   0.010 0.050 0.001 0.025 0.007 0.013 0.176 0.719 
 294 V _   0.009 0.052 0.001 0.027 0.007 0.013 0.179 0.711 
 295 I _   0.009 0.052 0.001 0.028 0.007 0.012 0.183 0.708 
 296 K _   0.008 0.050 0.001 0.025 0.006 0.011 0.188 0.710 
 297 R _   0.008 0.047 0.001 0.021 0.005 0.010 0.193 0.717 
 298 V _   0.007 0.042 0.001 0.016 0.004 0.009 0.198 0.725 
 299 K _   0.006 0.037 0.000 0.011 0.003 0.007 0.202 0.733 
 300 Y _   0.005 0.033 0.000 0.008 0.002 0.006 0.207 0.739 
 301 N _   0.005 0.030 0.000 0.005 0.002 0.006 0.210 0.742 
 302 N _   0.004 0.029 0.000 0.004 0.002 0.006 0.212 0.743 
 303 E _   0.004 0.030 0.000 0.004 0.002 0.006 0.214 0.740 
 304 K _   0.005 0.033 0.000 0.005 0.002 0.007 0.215 0.734 
 305 A _   0.005 0.040 0.000 0.007 0.003 0.008 0.215 0.722 
 306 E _   0.006 0.054 0.000 0.010 0.004 0.010 0.214 0.702 
 307 R _   0.006 0.075 0.001 0.014 0.005 0.012 0.213 0.674 
 308 E _   0.007 0.102 0.001 0.019 0.006 0.014 0.212 0.640 
 309 V _   0.007 0.131 0.001 0.023 0.008 0.015 0.210 0.605 
 310 K _   0.007 0.159 0.001 0.026 0.008 0.016 0.209 0.573 
 311 A _   0.007 0.181 0.001 0.028 0.009 0.017 0.209 0.548 
 312 L _   0.007 0.198 0.001 0.028 0.009 0.018 0.210 0.529 
 313 A _   0.008 0.210 0.001 0.028 0.010 0.018 0.211 0.514 
 314 K _   0.008 0.219 0.001 0.028 0.010 0.019 0.213 0.503 
 315 L _   0.009 0.225 0.001 0.027 0.010 0.019 0.216 0.492 
 316 D _   0.010 0.230 0.001 0.027 0.011 0.020 0.219 0.482 
 317 H _   0.010 0.235 0.001 0.028 0.011 0.020 0.223 0.471 
 318 V _   0.011 0.238 0.001 0.029 0.012 0.020 0.228 0.460 
 319 N _   0.012 0.240 0.001 0.032 0.012 0.020 0.234 0.448 
 320 I _   0.013 0.241 0.001 0.034 0.012 0.020 0.241 0.438 
 321 V _   0.013 0.240 0.001 0.036 0.013 0.020 0.248 0.430 
 322 H _   0.012 0.235 0.001 0.038 0.012 0.019 0.258 0.425 
 323 Y _   0.012 0.226 0.001 0.038 0.012 0.018 0.268 0.425 
 324 N _   0.011 0.213 0.001 0.037 0.011 0.016 0.281 0.430 
 325 G _   0.011 0.195 0.001 0.034 0.010 0.015 0.295 0.439 
 326 C _   0.010 0.170 0.001 0.031 0.009 0.014 0.311 0.454 
 327 W _   0.009 0.141 0.001 0.027 0.008 0.012 0.329 0.473 
 328 D _   0.009 0.110 0.001 0.022 0.006 0.011 0.348 0.493 
 329 G _   0.008 0.082 0.001 0.018 0.005 0.010 0.366 0.512 
 330 F _   0.007 0.058 0.001 0.014 0.004 0.008 0.381 0.527 
 331 D _   0.006 0.041 0.000 0.010 0.003 0.007 0.394 0.539 
 332 Y _   0.005 0.029 0.000 0.008 0.002 0.006 0.405 0.546 
 333 D _   0.004 0.021 0.000 0.006 0.002 0.005 0.413 0.549 
 334 P _   0.004 0.016 0.000 0.005 0.001 0.005 0.419 0.550 
 335 E _   0.003 0.013 0.000 0.005 0.001 0.004 0.423 0.549 
 336 T _   0.003 0.012 0.000 0.005 0.001 0.004 0.426 0.548 
 337 S _   0.003 0.011 0.000 0.006 0.001 0.004 0.429 0.546 
 338 D _   0.003 0.010 0.000 0.006 0.001 0.005 0.430 0.545 
 339 D _   0.003 0.010 0.000 0.007 0.001 0.005 0.430 0.543 
 340 S _   0.003 0.010 0.000 0.008 0.002 0.005 0.430 0.542 
 341 L _   0.003 0.010 0.000 0.009 0.002 0.005 0.429 0.541 
 342 E _   0.003 0.010 0.000 0.010 0.002 0.005 0.428 0.541 
 343 S _   0.003 0.010 0.000 0.010 0.002 0.005 0.427 0.542 
 344 S _   0.003 0.010 0.000 0.010 0.002 0.005 0.425 0.545 
 345 D _   0.003 0.010 0.000 0.009 0.002 0.005 0.423 0.548 
 346 Y _   0.003 0.010 0.000 0.009 0.002 0.005 0.421 0.552 
 347 D _   0.003 0.010 0.000 0.008 0.001 0.005 0.418 0.556 
 348 P _   0.002 0.010 0.000 0.007 0.001 0.005 0.415 0.560 
 349 E _   0.002 0.010 0.000 0.006 0.001 0.005 0.410 0.565 
 350 N _   0.002 0.010 0.000 0.005 0.001 0.005 0.405 0.570 
 351 S _   0.002 0.011 0.000 0.005 0.001 0.005 0.399 0.576 
 352 K _   0.002 0.013 0.000 0.005 0.001 0.006 0.391 0.580 
 353 N _   0.003 0.017 0.000 0.006 0.002 0.007 0.382 0.583 
 354 S _   0.004 0.023 0.000 0.008 0.002 0.010 0.370 0.583 
 355 S _   0.005 0.035 0.001 0.011 0.004 0.013 0.355 0.577 
 356 R _   0.006 0.057 0.001 0.017 0.007 0.017 0.335 0.559 
 357 S _   0.008 0.096 0.001 0.025 0.011 0.023 0.311 0.525 
 358 K _   0.010 0.155 0.002 0.035 0.016 0.027 0.283 0.472 
 359 T _   0.011 0.224 0.002 0.047 0.021 0.030 0.255 0.410 
 360 K _   0.011 0.287 0.002 0.058 0.023 0.031 0.232 0.355 
 361 C E   0.011 0.333 0.002 0.067 0.023 0.031 0.215 0.317 
 362 L E   0.011 0.360 0.002 0.073 0.023 0.030 0.204 0.298 
 363 F E   0.011 0.372 0.001 0.075 0.022 0.028 0.196 0.294 
 364 I E   0.012 0.374 0.001 0.072 0.021 0.027 0.191 0.302 
 365 Q E   0.012 0.368 0.001 0.066 0.019 0.025 0.187 0.321 
 366 M _   0.012 0.351 0.002 0.056 0.017 0.023 0.185 0.354 
 367 E _   0.012 0.319 0.002 0.045 0.015 0.021 0.184 0.402 
 368 F _   0.013 0.273 0.002 0.033 0.013 0.019 0.183 0.464 
 369 C _   0.013 0.222 0.001 0.024 0.010 0.018 0.184 0.528 
 370 D _   0.012 0.180 0.001 0.018 0.008 0.017 0.184 0.580 
 371 K _   0.011 0.151 0.001 0.014 0.006 0.016 0.184 0.617 
 372 G _   0.011 0.133 0.001 0.012 0.005 0.015 0.184 0.640 
 373 T _   0.010 0.122 0.001 0.013 0.005 0.014 0.183 0.653 
 374 L _   0.010 0.114 0.001 0.014 0.005 0.013 0.182 0.662 
 375 E _   0.009 0.108 0.001 0.016 0.005 0.013 0.181 0.668 
 376 Q _   0.009 0.101 0.001 0.017 0.005 0.012 0.180 0.675 
 377 W _   0.008 0.094 0.001 0.018 0.005 0.012 0.179 0.684 
 378 I _   0.008 0.084 0.001 0.017 0.005 0.011 0.178 0.697 
 379 E _   0.007 0.072 0.001 0.014 0.004 0.010 0.177 0.714 
 380 K _   0.007 0.059 0.001 0.011 0.004 0.009 0.176 0.733 
 381 R _   0.006 0.048 0.000 0.009 0.003 0.009 0.175 0.750 
 382 R _   0.006 0.039 0.000 0.006 0.002 0.009 0.174 0.764 
 383 G _   0.006 0.033 0.000 0.005 0.002 0.009 0.172 0.772 
 384 E _   0.007 0.031 0.000 0.004 0.002 0.011 0.170 0.776 
 385 K _   0.008 0.031 0.000 0.004 0.003 0.013 0.167 0.773 
 386 L _   0.011 0.035 0.000 0.006 0.004 0.017 0.163 0.764 
 387 D _   0.015 0.044 0.001 0.010 0.007 0.022 0.158 0.742 
 388 K _   0.020 0.063 0.001 0.016 0.012 0.028 0.152 0.707 
 389 V _   0.025 0.092 0.002 0.026 0.018 0.034 0.145 0.659 
 390 L _   0.028 0.128 0.002 0.037 0.024 0.038 0.138 0.605 
 391 A _   0.030 0.158 0.002 0.049 0.028 0.041 0.132 0.561 
 392 L _   0.032 0.177 0.002 0.058 0.030 0.041 0.127 0.532 
 393 E _   0.034 0.187 0.002 0.063 0.031 0.041 0.124 0.518 
 394 L _   0.034 0.190 0.002 0.063 0.031 0.039 0.122 0.519 
 395 F _   0.034 0.186 0.002 0.059 0.029 0.037 0.121 0.531 
 396 E _   0.034 0.175 0.002 0.053 0.026 0.034 0.121 0.555 
 397 Q _   0.032 0.156 0.002 0.044 0.022 0.030 0.122 0.591 
 398 I _   0.031 0.129 0.002 0.034 0.018 0.027 0.124 0.636 
 399 T _   0.028 0.098 0.001 0.025 0.013 0.023 0.126 0.684 
 400 K _   0.025 0.069 0.001 0.018 0.010 0.020 0.128 0.729 
 401 G _   0.022 0.047 0.001 0.013 0.007 0.017 0.129 0.764 
 402 V _   0.019 0.032 0.001 0.009 0.005 0.015 0.130 0.789 
 403 D _   0.016 0.023 0.000 0.007 0.004 0.013 0.131 0.806 
 404 Y _   0.013 0.018 0.000 0.006 0.003 0.011 0.131 0.817 
 405 I _   0.011 0.015 0.000 0.006 0.003 0.010 0.131 0.823 
 406 H _   0.010 0.013 0.000 0.006 0.003 0.010 0.130 0.827 
 407 S _   0.009 0.013 0.000 0.007 0.003 0.009 0.129 0.830 
 408 K _   0.008 0.012 0.000 0.007 0.003 0.009 0.128 0.832 
 409 K _   0.008 0.013 0.000 0.008 0.003 0.009 0.126 0.834 
 410 L _   0.007 0.013 0.000 0.008 0.003 0.009 0.124 0.835 
 411 I _   0.007 0.014 0.000 0.008 0.003 0.009 0.122 0.836 
 412 H _   0.007 0.015 0.000 0.008 0.003 0.009 0.120 0.837 
 413 R _   0.007 0.016 0.000 0.008 0.003 0.010 0.118 0.838 
 414 D _   0.007 0.018 0.000 0.008 0.004 0.011 0.115 0.837 
 415 L _   0.008 0.020 0.000 0.008 0.004 0.012 0.113 0.834 
 416 K _   0.009 0.024 0.001 0.009 0.005 0.013 0.110 0.829 
 417 P _   0.010 0.030 0.001 0.011 0.006 0.015 0.108 0.821 
 418 S _   0.011 0.037 0.001 0.013 0.007 0.017 0.105 0.810 
 419 N _   0.012 0.045 0.001 0.016 0.008 0.019 0.103 0.796 
 420 I _   0.014 0.054 0.001 0.018 0.009 0.020 0.100 0.783 
 421 F _   0.015 0.063 0.001 0.020 0.010 0.021 0.098 0.772 
 422 L _   0.015 0.070 0.001 0.021 0.010 0.022 0.095 0.765 
 423 V _   0.016 0.075 0.001 0.021 0.011 0.023 0.094 0.760 
 424 D _   0.016 0.079 0.001 0.019 0.010 0.024 0.092 0.759 
 425 T _   0.017 0.082 0.001 0.017 0.010 0.024 0.090 0.759 
 426 K _   0.017 0.085 0.001 0.016 0.010 0.025 0.088 0.757 
 427 Q _   0.018 0.088 0.001 0.015 0.011 0.026 0.087 0.754 
 428 V _   0.020 0.094 0.001 0.016 0.011 0.026 0.086 0.746 
 429 K _   0.021 0.101 0.001 0.019 0.013 0.027 0.084 0.734 
 430 I _   0.022 0.111 0.001 0.024 0.014 0.028 0.083 0.718 
 431 G _   0.023 0.121 0.001 0.030 0.016 0.028 0.082 0.700 
 432 D _   0.023 0.130 0.001 0.036 0.017 0.027 0.081 0.685 
 433 F _   0.022 0.135 0.001 0.041 0.017 0.026 0.081 0.676 
 434 G _   0.021 0.137 0.001 0.044 0.016 0.024 0.082 0.675 
 435 L _   0.019 0.134 0.001 0.044 0.015 0.022 0.083 0.683 
 436 V _   0.017 0.126 0.001 0.040 0.013 0.020 0.084 0.700 
 437 T _   0.016 0.112 0.001 0.033 0.010 0.017 0.086 0.725 
 438 S _   0.014 0.091 0.001 0.026 0.008 0.014 0.088 0.758 
 439 L _   0.012 0.069 0.001 0.018 0.006 0.012 0.090 0.793 
 440 K _   0.010 0.048 0.001 0.012 0.004 0.010 0.092 0.824 
 441 N _   0.008 0.034 0.000 0.008 0.003 0.008 0.093 0.846 
 442 D _   0.007 0.026 0.000 0.005 0.002 0.007 0.093 0.860 
 443 G _   0.006 0.022 0.000 0.004 0.002 0.006 0.093 0.867 
 444 K _   0.006 0.020 0.000 0.004 0.002 0.006 0.093 0.870 
 445 R _   0.006 0.021 0.000 0.005 0.002 0.007 0.091 0.869 
 446 T _   0.006 0.023 0.000 0.006 0.002 0.008 0.090 0.864 
 447 R _   0.006 0.028 0.000 0.010 0.003 0.010 0.088 0.855 
 448 S _   0.007 0.036 0.001 0.015 0.005 0.012 0.085 0.840 
 449 K _   0.007 0.047 0.001 0.022 0.006 0.014 0.081 0.822 
 450 G _   0.008 0.058 0.001 0.030 0.008 0.015 0.078 0.803 
 451 T _   0.008 0.067 0.001 0.037 0.009 0.016 0.075 0.787 
 452 L _   0.009 0.073 0.001 0.042 0.010 0.016 0.073 0.775 
 453 R _   0.009 0.076 0.001 0.045 0.010 0.016 0.072 0.772 
 454 Y _   0.009 0.075 0.001 0.045 0.010 0.015 0.071 0.775 
 455 M _   0.008 0.071 0.001 0.042 0.009 0.014 0.070 0.784 
 456 S _   0.008 0.064 0.001 0.036 0.008 0.013 0.071 0.800 
 457 P _   0.008 0.053 0.001 0.029 0.006 0.011 0.071 0.821 
 458 E _   0.008 0.040 0.001 0.021 0.005 0.010 0.071 0.845 
 459 Q _   0.007 0.026 0.001 0.014 0.004 0.008 0.072 0.869 
 460 I _   0.007 0.014 0.000 0.009 0.003 0.007 0.072 0.888 
 461 S _   0.007 0.007 0.000 0.005 0.002 0.006 0.071 0.901 
 462 S _   0.008 0.003 0.000 0.003 0.001 0.005 0.070 0.909 
 463 Q _   0.010 0.001 0.000 0.002 0.001 0.005 0.068 0.912 
 464 D _   0.016 0.000 0.000 0.002 0.001 0.006 0.066 0.909 
 465 Y _   0.029 0.000 0.000 0.002 0.002 0.007 0.063 0.897 
 466 G _   0.056 0.000 0.000 0.002 0.003 0.009 0.058 0.871 
 467 K _   0.104 0.000 0.001 0.002 0.004 0.012 0.053 0.823 
 468 E _   0.181 0.000 0.001 0.002 0.007 0.016 0.046 0.747 
 469 V _   0.284 0.000 0.001 0.002 0.010 0.021 0.039 0.643 
 470 D _   0.400 0.000 0.001 0.002 0.015 0.024 0.032 0.526 
 471 L H   0.516 0.000 0.002 0.002 0.020 0.027 0.026 0.409 
 472 Y H   0.618 0.000 0.002 0.002 0.024 0.028 0.021 0.306 
 473 A H   0.697 0.000 0.002 0.002 0.027 0.027 0.018 0.227 
 474 L H   0.754 0.000 0.002 0.002 0.029 0.025 0.017 0.172 
 475 G H   0.793 0.000 0.001 0.002 0.030 0.023 0.016 0.135 
 476 L H   0.817 0.000 0.001 0.002 0.030 0.021 0.016 0.114 
 477 I H   0.829 0.000 0.001 0.001 0.029 0.019 0.016 0.105 
 478 L H   0.830 0.000 0.001 0.001 0.028 0.017 0.017 0.105 
 479 A H   0.820 0.000 0.001 0.001 0.027 0.016 0.019 0.115 
 480 E H   0.798 0.000 0.001 0.001 0.025 0.016 0.022 0.136 
 481 L H   0.761 0.000 0.002 0.001 0.023 0.016 0.026 0.171 
 482 L H   0.709 0.000 0.002 0.002 0.021 0.016 0.032 0.219 
 483 H H   0.643 0.000 0.002 0.002 0.019 0.016 0.040 0.278 
 484 V H   0.569 0.000 0.002 0.002 0.017 0.017 0.051 0.342 
 485 C H   0.489 0.000 0.001 0.003 0.015 0.018 0.065 0.409 
 486 D _   0.411 0.000 0.001 0.003 0.014 0.019 0.080 0.471 
 487 T _   0.337 0.000 0.001 0.005 0.013 0.020 0.097 0.527 
 488 A _   0.270 0.000 0.001 0.006 0.012 0.021 0.114 0.576 
 489 F _   0.211 0.001 0.001 0.007 0.011 0.021 0.131 0.616 
 490 E _   0.160 0.001 0.001 0.008 0.010 0.021 0.148 0.651 
 491 T _   0.120 0.002 0.001 0.009 0.009 0.021 0.163 0.676 
 492 S _   0.089 0.003 0.001 0.009 0.008 0.020 0.177 0.694 
 493 K _   0.065 0.004 0.001 0.009 0.007 0.020 0.189 0.703 
 494 F _   0.049 0.006 0.001 0.010 0.007 0.020 0.201 0.705 
 495 F _   0.038 0.010 0.001 0.012 0.007 0.021 0.212 0.700 
 496 T _   0.031 0.014 0.001 0.015 0.008 0.021 0.222 0.687 
 497 D _   0.026 0.021 0.001 0.019 0.009 0.022 0.233 0.668 
 498 L _   0.023 0.029 0.001 0.026 0.011 0.023 0.244 0.643 
 499 R _   0.021 0.038 0.001 0.034 0.013 0.024 0.256 0.614 
 500 D _   0.020 0.045 0.001 0.043 0.014 0.024 0.270 0.582 
 501 G _   0.019 0.051 0.001 0.050 0.015 0.024 0.287 0.552 
 502 I _   0.018 0.054 0.001 0.055 0.015 0.024 0.307 0.526 
 503 I _   0.017 0.054 0.001 0.056 0.014 0.022 0.330 0.506 
 504 S _   0.015 0.052 0.001 0.051 0.012 0.020 0.356 0.493 
 505 D _   0.012 0.046 0.001 0.043 0.010 0.017 0.383 0.487 
 506 I _   0.010 0.038 0.001 0.033 0.008 0.013 0.411 0.486 
 507 F _   0.007 0.029 0.001 0.023 0.005 0.010 0.440 0.485 
 508 D _   0.005 0.019 0.000 0.013 0.003 0.006 0.468 0.485 
 509 K X   0.002 0.010 0.000 0.007 0.001 0.003 0.492 0.485 
 510 K X   0.001 0.004 0.000 0.002 0.000 0.001 0.507 0.485 
 511 K X   0.000 0.002 0.000 0.001 0.000 0.000 0.512 0.485 
 512 K X   0.000 0.001 0.000 0.001 0.000 0.000 0.512 0.485 
 513 K X   0.002 0.001 0.001 0.007 0.002 0.002 0.504 0.480 
