#TopoPred_TM8: 8-state transmembrane topology prediction results by no_profile mode 
#probabilities are in the order of H E C I L F X _, the 8 transmembrane topology types used in PDBTM 
   1 M X   0.012 0.001 0.002 0.050 0.009 0.009 0.765 0.152 
   2 A X   0.005 0.001 0.000 0.029 0.002 0.005 0.787 0.172 
   3 L X   0.002 0.000 0.000 0.016 0.001 0.003 0.792 0.187 
   4 D X   0.001 0.000 0.000 0.010 0.001 0.003 0.789 0.195 
   5 V X   0.001 0.001 0.000 0.009 0.001 0.004 0.783 0.202 
   6 K X   0.002 0.001 0.000 0.008 0.001 0.005 0.773 0.210 
   7 S X   0.003 0.002 0.000 0.007 0.001 0.006 0.762 0.219 
   8 R X   0.003 0.004 0.000 0.008 0.002 0.007 0.747 0.230 
   9 A X   0.003 0.006 0.000 0.009 0.002 0.007 0.730 0.242 
  10 K X   0.003 0.009 0.000 0.011 0.003 0.008 0.710 0.255 
  11 R X   0.003 0.014 0.000 0.012 0.003 0.009 0.687 0.270 
  12 Y X   0.004 0.020 0.001 0.014 0.004 0.010 0.663 0.285 
  13 E X   0.004 0.027 0.001 0.016 0.005 0.011 0.638 0.299 
  14 K X   0.004 0.036 0.001 0.018 0.005 0.012 0.613 0.311 
  15 L X   0.004 0.046 0.001 0.021 0.006 0.014 0.588 0.320 
  16 D X   0.005 0.058 0.001 0.024 0.008 0.015 0.562 0.327 
  17 F X   0.005 0.072 0.001 0.029 0.009 0.016 0.537 0.331 
  18 L X   0.006 0.085 0.001 0.035 0.010 0.017 0.513 0.333 
  19 G X   0.006 0.097 0.001 0.041 0.011 0.017 0.491 0.335 
  20 E X   0.007 0.106 0.001 0.046 0.012 0.018 0.473 0.338 
  21 G X   0.007 0.111 0.001 0.049 0.012 0.017 0.459 0.344 
  22 Q X   0.007 0.113 0.001 0.050 0.012 0.017 0.447 0.354 
  23 F X   0.007 0.111 0.001 0.047 0.011 0.015 0.437 0.369 
  24 A X   0.007 0.106 0.001 0.043 0.010 0.014 0.430 0.389 
  25 T X   0.007 0.097 0.001 0.036 0.008 0.013 0.425 0.414 
  26 V _   0.007 0.083 0.001 0.028 0.007 0.011 0.420 0.444 
  27 Y _   0.007 0.065 0.001 0.020 0.005 0.009 0.415 0.478 
  28 K _   0.006 0.049 0.001 0.013 0.004 0.008 0.411 0.509 
  29 A _   0.005 0.036 0.000 0.008 0.002 0.007 0.406 0.535 
  30 R _   0.005 0.028 0.000 0.005 0.002 0.006 0.401 0.553 
  31 D _   0.004 0.024 0.000 0.004 0.001 0.006 0.395 0.566 
  32 K _   0.004 0.023 0.000 0.004 0.002 0.006 0.387 0.575 
  33 N _   0.004 0.024 0.000 0.005 0.002 0.007 0.378 0.581 
  34 T _   0.005 0.027 0.000 0.007 0.003 0.008 0.368 0.583 
  35 N _   0.006 0.033 0.001 0.012 0.004 0.010 0.354 0.580 
  36 Q _   0.006 0.044 0.001 0.019 0.006 0.012 0.339 0.572 
  37 I _   0.007 0.057 0.001 0.028 0.008 0.014 0.323 0.563 
  38 V _   0.007 0.069 0.001 0.037 0.009 0.015 0.308 0.554 
  39 A _   0.007 0.077 0.001 0.043 0.010 0.016 0.295 0.551 
  40 I _   0.007 0.082 0.001 0.046 0.010 0.016 0.285 0.553 
  41 K _   0.007 0.083 0.001 0.045 0.010 0.015 0.277 0.562 
  42 K _   0.007 0.082 0.001 0.041 0.009 0.014 0.270 0.576 
  43 I _   0.007 0.077 0.001 0.035 0.008 0.013 0.265 0.594 
  44 K _   0.007 0.069 0.001 0.028 0.007 0.012 0.261 0.616 
  45 L _   0.007 0.059 0.001 0.021 0.005 0.010 0.257 0.640 
  46 G _   0.006 0.049 0.001 0.015 0.004 0.009 0.254 0.662 
  47 H _   0.006 0.040 0.000 0.011 0.003 0.008 0.250 0.682 
  48 R _   0.005 0.033 0.000 0.008 0.002 0.007 0.247 0.697 
  49 S _   0.005 0.029 0.000 0.006 0.002 0.007 0.243 0.709 
  50 E _   0.005 0.026 0.000 0.005 0.002 0.007 0.238 0.717 
  51 A _   0.005 0.026 0.000 0.005 0.002 0.007 0.232 0.723 
  52 K _   0.005 0.027 0.000 0.005 0.002 0.008 0.225 0.726 
  53 D _   0.006 0.030 0.000 0.007 0.003 0.010 0.218 0.726 
  54 G _   0.007 0.036 0.001 0.010 0.004 0.013 0.208 0.721 
  55 I _   0.009 0.047 0.001 0.014 0.006 0.016 0.198 0.710 
  56 N _   0.010 0.062 0.001 0.020 0.009 0.019 0.186 0.693 
  57 R _   0.011 0.078 0.001 0.027 0.012 0.023 0.175 0.673 
  58 T _   0.013 0.094 0.001 0.035 0.014 0.025 0.163 0.654 
  59 A _   0.013 0.107 0.001 0.042 0.016 0.027 0.154 0.639 
  60 L _   0.014 0.115 0.001 0.047 0.018 0.028 0.145 0.631 
  61 R _   0.015 0.119 0.001 0.049 0.018 0.029 0.139 0.629 
  62 E _   0.015 0.120 0.001 0.049 0.018 0.028 0.133 0.636 
  63 I _   0.015 0.116 0.001 0.045 0.017 0.027 0.129 0.650 
  64 K _   0.016 0.108 0.001 0.039 0.015 0.025 0.125 0.671 
  65 L _   0.016 0.096 0.001 0.031 0.013 0.024 0.122 0.698 
  66 L _   0.016 0.080 0.001 0.023 0.010 0.022 0.119 0.728 
  67 Q _   0.015 0.064 0.001 0.016 0.009 0.021 0.116 0.757 
  68 E _   0.015 0.051 0.001 0.012 0.007 0.020 0.114 0.781 
  69 L _   0.015 0.042 0.001 0.009 0.006 0.020 0.111 0.797 
  70 S _   0.016 0.037 0.001 0.008 0.006 0.020 0.108 0.805 
  71 H _   0.017 0.035 0.001 0.008 0.006 0.021 0.106 0.806 
  72 P _   0.019 0.036 0.001 0.011 0.008 0.023 0.103 0.801 
  73 N _   0.021 0.038 0.001 0.015 0.010 0.025 0.099 0.791 
  74 I _   0.023 0.041 0.001 0.021 0.012 0.026 0.096 0.779 
  75 I _   0.024 0.044 0.001 0.027 0.014 0.027 0.093 0.769 
  76 G _   0.025 0.046 0.001 0.031 0.016 0.028 0.090 0.764 
  77 L _   0.025 0.045 0.001 0.033 0.015 0.027 0.088 0.766 
  78 L _   0.024 0.042 0.001 0.030 0.014 0.025 0.086 0.777 
  79 D _   0.022 0.036 0.001 0.025 0.012 0.024 0.084 0.795 
  80 A _   0.020 0.027 0.001 0.019 0.010 0.022 0.083 0.818 
  81 F _   0.019 0.019 0.001 0.013 0.008 0.020 0.082 0.841 
  82 G _   0.017 0.012 0.001 0.008 0.006 0.019 0.080 0.858 
  83 H _   0.017 0.008 0.001 0.005 0.005 0.018 0.078 0.868 
  84 K _   0.017 0.006 0.000 0.004 0.004 0.019 0.077 0.872 
  85 S _   0.019 0.006 0.001 0.005 0.005 0.020 0.075 0.870 
  86 N _   0.022 0.007 0.001 0.006 0.007 0.023 0.073 0.863 
  87 I _   0.025 0.009 0.001 0.009 0.009 0.026 0.071 0.850 
  88 S _   0.028 0.013 0.001 0.014 0.012 0.029 0.068 0.834 
  89 L _   0.032 0.018 0.001 0.020 0.016 0.031 0.066 0.816 
  90 V _   0.034 0.022 0.001 0.025 0.018 0.033 0.064 0.802 
  91 F _   0.036 0.026 0.001 0.029 0.020 0.034 0.062 0.792 
  92 D _   0.036 0.027 0.002 0.031 0.021 0.033 0.060 0.789 
  93 F _   0.036 0.027 0.001 0.030 0.021 0.033 0.059 0.793 
  94 M _   0.036 0.026 0.001 0.028 0.019 0.031 0.058 0.801 
  95 E _   0.034 0.023 0.001 0.025 0.017 0.029 0.057 0.813 
  96 T _   0.032 0.019 0.001 0.021 0.015 0.027 0.057 0.828 
  97 D _   0.031 0.015 0.001 0.017 0.012 0.024 0.057 0.844 
  98 L _   0.029 0.011 0.001 0.013 0.009 0.022 0.057 0.859 
  99 E _   0.027 0.008 0.001 0.011 0.008 0.020 0.056 0.871 
 100 V _   0.026 0.005 0.001 0.008 0.006 0.018 0.056 0.880 
 101 I _   0.025 0.003 0.001 0.007 0.005 0.016 0.055 0.887 
 102 I _   0.025 0.002 0.001 0.006 0.004 0.015 0.055 0.892 
 103 K _   0.026 0.001 0.000 0.005 0.004 0.015 0.054 0.894 
 104 D _   0.029 0.001 0.000 0.005 0.004 0.015 0.053 0.893 
 105 N _   0.035 0.001 0.000 0.004 0.004 0.015 0.051 0.889 
 106 S _   0.043 0.000 0.001 0.004 0.004 0.016 0.050 0.881 
 107 L _   0.055 0.000 0.001 0.004 0.005 0.018 0.048 0.870 
 108 V _   0.071 0.000 0.001 0.003 0.005 0.020 0.046 0.854 
 109 L _   0.094 0.000 0.001 0.003 0.006 0.022 0.044 0.830 
 110 T _   0.124 0.000 0.001 0.003 0.008 0.025 0.042 0.798 
 111 P _   0.164 0.000 0.001 0.003 0.010 0.029 0.039 0.754 
 112 S _   0.211 0.000 0.001 0.003 0.013 0.033 0.037 0.702 
 113 H _   0.264 0.000 0.001 0.003 0.018 0.038 0.034 0.642 
 114 I _   0.319 0.000 0.001 0.003 0.024 0.043 0.032 0.576 
 115 K _   0.371 0.000 0.002 0.004 0.032 0.047 0.031 0.513 
 116 A _   0.415 0.001 0.002 0.005 0.039 0.050 0.030 0.459 
 117 Y H   0.447 0.001 0.002 0.006 0.044 0.052 0.029 0.419 
 118 M H   0.466 0.002 0.002 0.008 0.047 0.052 0.029 0.394 
 119 L H   0.472 0.002 0.002 0.010 0.048 0.051 0.030 0.385 
 120 M H   0.466 0.002 0.002 0.011 0.047 0.049 0.031 0.392 
 121 T H   0.448 0.002 0.002 0.010 0.043 0.046 0.033 0.415 
 122 L _   0.419 0.002 0.002 0.009 0.038 0.043 0.034 0.453 
 123 Q _   0.378 0.001 0.002 0.008 0.031 0.040 0.036 0.503 
 124 G _   0.333 0.001 0.002 0.006 0.025 0.036 0.039 0.558 
 125 L _   0.284 0.001 0.001 0.005 0.019 0.034 0.041 0.615 
 126 E _   0.236 0.001 0.001 0.005 0.015 0.031 0.044 0.667 
 127 Y _   0.193 0.001 0.001 0.006 0.013 0.029 0.047 0.711 
 128 L _   0.155 0.001 0.001 0.007 0.012 0.027 0.049 0.748 
 129 H _   0.123 0.002 0.001 0.010 0.011 0.025 0.052 0.776 
 130 Q _   0.096 0.002 0.001 0.013 0.010 0.023 0.055 0.800 
 131 H _   0.074 0.003 0.001 0.015 0.010 0.021 0.057 0.819 
 132 W _   0.056 0.004 0.001 0.017 0.009 0.019 0.060 0.835 
 133 I _   0.042 0.004 0.001 0.017 0.008 0.017 0.062 0.850 
 134 L _   0.031 0.004 0.001 0.015 0.006 0.014 0.064 0.864 
 135 H _   0.023 0.004 0.001 0.013 0.005 0.012 0.066 0.877 
 136 R _   0.018 0.003 0.000 0.010 0.004 0.010 0.067 0.888 
 137 D _   0.013 0.002 0.000 0.008 0.003 0.008 0.069 0.897 
 138 L _   0.010 0.002 0.000 0.006 0.002 0.007 0.070 0.903 
 139 K _   0.008 0.002 0.000 0.004 0.002 0.006 0.070 0.907 
 140 P _   0.007 0.002 0.000 0.004 0.002 0.006 0.070 0.910 
 141 N _   0.006 0.002 0.000 0.004 0.002 0.006 0.070 0.910 
 142 N _   0.006 0.003 0.000 0.004 0.002 0.006 0.070 0.909 
 143 L _   0.006 0.004 0.000 0.005 0.002 0.007 0.069 0.907 
 144 L _   0.006 0.007 0.000 0.006 0.002 0.008 0.068 0.902 
 145 L _   0.007 0.011 0.000 0.008 0.003 0.009 0.066 0.896 
 146 D _   0.007 0.017 0.000 0.010 0.004 0.010 0.065 0.886 
 147 E _   0.008 0.026 0.001 0.013 0.005 0.012 0.062 0.873 
 148 N _   0.008 0.036 0.001 0.017 0.006 0.014 0.060 0.858 
 149 G _   0.009 0.048 0.001 0.021 0.007 0.015 0.057 0.841 
 150 V _   0.009 0.059 0.001 0.026 0.008 0.017 0.055 0.824 
 151 L _   0.010 0.069 0.001 0.031 0.010 0.018 0.052 0.808 
 152 K _   0.011 0.077 0.001 0.036 0.011 0.019 0.050 0.796 
 153 L _   0.011 0.082 0.001 0.039 0.011 0.019 0.049 0.788 
 154 A _   0.011 0.084 0.001 0.041 0.012 0.019 0.047 0.785 
 155 D _   0.011 0.083 0.001 0.041 0.011 0.018 0.047 0.788 
 156 F _   0.011 0.080 0.001 0.038 0.010 0.017 0.046 0.797 
 157 G _   0.011 0.074 0.001 0.034 0.009 0.016 0.046 0.810 
 158 L _   0.010 0.064 0.001 0.028 0.008 0.014 0.046 0.828 
 159 A _   0.010 0.052 0.001 0.022 0.006 0.013 0.046 0.850 
 160 K _   0.010 0.039 0.001 0.016 0.005 0.012 0.046 0.872 
 161 S _   0.009 0.026 0.001 0.011 0.004 0.011 0.046 0.893 
 162 F _   0.008 0.016 0.000 0.008 0.003 0.010 0.045 0.909 
 163 G _   0.008 0.010 0.000 0.006 0.003 0.010 0.045 0.919 
 164 S _   0.008 0.007 0.000 0.004 0.002 0.010 0.044 0.924 
 165 P _   0.009 0.005 0.000 0.004 0.003 0.011 0.043 0.925 
 166 N _   0.011 0.004 0.000 0.004 0.003 0.013 0.041 0.923 
 167 R _   0.013 0.005 0.000 0.006 0.004 0.016 0.040 0.917 
 168 A _   0.016 0.006 0.001 0.008 0.006 0.019 0.038 0.907 
 169 Y _   0.019 0.007 0.001 0.012 0.008 0.023 0.036 0.895 
 170 T _   0.022 0.009 0.001 0.016 0.011 0.026 0.034 0.880 
 171 H _   0.026 0.012 0.001 0.021 0.014 0.030 0.032 0.865 
 172 Q _   0.031 0.013 0.001 0.025 0.016 0.032 0.030 0.852 
 173 V _   0.036 0.014 0.001 0.027 0.018 0.034 0.028 0.843 
 174 V _   0.041 0.014 0.001 0.027 0.018 0.034 0.026 0.839 
 175 T _   0.047 0.012 0.001 0.024 0.018 0.034 0.024 0.840 
 176 R _   0.054 0.010 0.001 0.019 0.017 0.034 0.023 0.843 
 177 W _   0.062 0.007 0.001 0.014 0.015 0.033 0.021 0.847 
 178 Y _   0.072 0.004 0.001 0.010 0.013 0.032 0.020 0.847 
 179 R _   0.086 0.002 0.001 0.007 0.012 0.031 0.018 0.843 
 180 A _   0.103 0.001 0.001 0.005 0.011 0.030 0.017 0.832 
 181 P _   0.126 0.000 0.001 0.004 0.011 0.029 0.015 0.814 
 182 E _   0.154 0.000 0.001 0.004 0.011 0.028 0.014 0.788 
 183 L _   0.190 0.000 0.001 0.003 0.012 0.028 0.012 0.754 
 184 L _   0.230 0.000 0.001 0.004 0.013 0.027 0.011 0.714 
 185 F _   0.274 0.000 0.001 0.003 0.014 0.025 0.009 0.673 
 186 G _   0.319 0.000 0.001 0.003 0.014 0.023 0.008 0.632 
 187 A _   0.364 0.000 0.001 0.002 0.013 0.020 0.007 0.593 
 188 R _   0.409 0.000 0.001 0.002 0.011 0.017 0.006 0.554 
 189 M _   0.452 0.000 0.001 0.001 0.010 0.015 0.005 0.516 
 190 Y H   0.498 0.000 0.001 0.001 0.008 0.012 0.004 0.476 
 191 G H   0.548 0.000 0.001 0.001 0.007 0.010 0.004 0.430 
 192 V H   0.605 0.000 0.001 0.000 0.006 0.009 0.003 0.375 
 193 G H   0.668 0.000 0.001 0.000 0.006 0.007 0.003 0.314 
 194 V H   0.737 0.000 0.001 0.000 0.007 0.006 0.002 0.247 
 195 D H   0.802 0.000 0.001 0.000 0.007 0.006 0.002 0.182 
 196 M H   0.855 0.000 0.001 0.000 0.007 0.005 0.001 0.131 
 197 W H   0.892 0.000 0.001 0.000 0.008 0.004 0.001 0.094 
 198 A H   0.914 0.000 0.001 0.000 0.008 0.004 0.001 0.072 
 199 V H   0.926 0.000 0.001 0.000 0.009 0.004 0.001 0.059 
 200 G H   0.930 0.000 0.001 0.000 0.010 0.004 0.001 0.055 
 201 C H   0.926 0.000 0.001 0.000 0.011 0.004 0.001 0.057 
 202 I H   0.916 0.000 0.001 0.000 0.012 0.004 0.001 0.066 
 203 L H   0.897 0.000 0.001 0.000 0.013 0.005 0.002 0.081 
 204 A H   0.869 0.000 0.001 0.001 0.014 0.006 0.003 0.107 
 205 E H   0.826 0.000 0.001 0.001 0.016 0.007 0.004 0.145 
 206 L H   0.767 0.000 0.001 0.001 0.016 0.008 0.006 0.199 
 207 L H   0.691 0.000 0.002 0.002 0.017 0.010 0.010 0.270 
 208 L H   0.598 0.000 0.002 0.003 0.016 0.011 0.015 0.356 
 209 R H   0.494 0.000 0.002 0.004 0.015 0.012 0.022 0.452 
 210 V _   0.385 0.000 0.002 0.005 0.012 0.012 0.030 0.553 
 211 P _   0.283 0.000 0.001 0.006 0.009 0.011 0.039 0.650 
 212 F _   0.196 0.000 0.001 0.006 0.007 0.010 0.046 0.735 
 213 L _   0.126 0.000 0.001 0.005 0.005 0.009 0.052 0.803 
 214 P _   0.078 0.000 0.000 0.003 0.003 0.008 0.056 0.851 
 215 G _   0.047 0.000 0.000 0.002 0.002 0.007 0.059 0.881 
 216 D _   0.030 0.000 0.000 0.002 0.002 0.007 0.061 0.898 
 217 S _   0.021 0.000 0.000 0.002 0.002 0.007 0.063 0.906 
 218 D _   0.017 0.001 0.000 0.002 0.002 0.010 0.064 0.905 
 219 L _   0.018 0.002 0.000 0.003 0.003 0.013 0.065 0.896 
 220 D _   0.021 0.008 0.001 0.007 0.006 0.019 0.065 0.874 
 221 Q _   0.025 0.026 0.001 0.015 0.011 0.025 0.065 0.832 
 222 L _   0.028 0.063 0.002 0.028 0.018 0.031 0.064 0.767 
 223 T _   0.030 0.110 0.002 0.045 0.023 0.035 0.063 0.692 
 224 R _   0.029 0.149 0.002 0.060 0.026 0.036 0.063 0.633 
 225 I _   0.028 0.173 0.002 0.072 0.028 0.036 0.064 0.598 
 226 F _   0.027 0.183 0.002 0.077 0.027 0.034 0.065 0.585 
 227 E _   0.024 0.185 0.002 0.076 0.025 0.032 0.067 0.588 
 228 T _   0.022 0.181 0.002 0.069 0.022 0.029 0.070 0.604 
 229 L _   0.020 0.167 0.002 0.059 0.019 0.026 0.074 0.633 
 230 G _   0.018 0.144 0.002 0.046 0.015 0.022 0.079 0.673 
 231 T _   0.017 0.113 0.001 0.034 0.012 0.019 0.085 0.720 
 232 P _   0.015 0.079 0.001 0.023 0.009 0.016 0.090 0.766 
 233 T _   0.013 0.051 0.001 0.016 0.006 0.014 0.095 0.805 
 234 E _   0.011 0.032 0.001 0.011 0.004 0.012 0.099 0.831 
 235 E _   0.010 0.020 0.000 0.007 0.003 0.010 0.102 0.848 
 236 Q _   0.008 0.014 0.000 0.006 0.002 0.009 0.104 0.857 
 237 W _   0.007 0.010 0.000 0.005 0.002 0.008 0.106 0.861 
 238 P _   0.007 0.009 0.000 0.005 0.002 0.008 0.107 0.862 
 239 D _   0.007 0.008 0.000 0.005 0.002 0.008 0.107 0.861 
 240 M _   0.007 0.009 0.000 0.006 0.003 0.009 0.108 0.858 
 241 C _   0.007 0.009 0.000 0.008 0.003 0.010 0.108 0.853 
 242 S _   0.008 0.011 0.000 0.010 0.004 0.011 0.108 0.847 
 243 L _   0.008 0.012 0.001 0.013 0.005 0.012 0.108 0.841 
 244 P _   0.008 0.013 0.001 0.015 0.006 0.013 0.108 0.836 
 245 D _   0.008 0.014 0.001 0.016 0.006 0.014 0.108 0.831 
 246 Y _   0.009 0.015 0.001 0.017 0.006 0.015 0.109 0.829 
 247 V _   0.009 0.015 0.001 0.016 0.007 0.015 0.109 0.828 
 248 T _   0.009 0.014 0.001 0.014 0.006 0.016 0.110 0.829 
 249 F _   0.010 0.014 0.001 0.012 0.006 0.017 0.110 0.831 
 250 K _   0.010 0.013 0.001 0.010 0.006 0.018 0.111 0.831 
 251 S _   0.012 0.013 0.001 0.009 0.006 0.020 0.111 0.829 
 252 F _   0.013 0.013 0.001 0.008 0.007 0.022 0.112 0.824 
 253 P _   0.016 0.014 0.001 0.009 0.008 0.025 0.112 0.815 
 254 G _   0.019 0.017 0.001 0.011 0.011 0.028 0.113 0.800 
 255 I _   0.023 0.021 0.001 0.015 0.014 0.032 0.113 0.780 
 256 P _   0.027 0.028 0.001 0.021 0.019 0.036 0.114 0.754 
 257 L _   0.030 0.034 0.002 0.029 0.023 0.039 0.115 0.728 
 258 H _   0.033 0.039 0.002 0.036 0.026 0.041 0.116 0.707 
 259 H _   0.035 0.042 0.002 0.041 0.028 0.041 0.118 0.693 
 260 I _   0.036 0.042 0.002 0.042 0.027 0.041 0.121 0.689 
 261 F _   0.036 0.040 0.002 0.040 0.025 0.039 0.125 0.694 
 262 S _   0.036 0.034 0.002 0.033 0.021 0.036 0.129 0.709 
 263 A _   0.036 0.026 0.001 0.024 0.017 0.033 0.134 0.729 
 264 A _   0.036 0.016 0.001 0.015 0.013 0.031 0.139 0.749 
 265 G _   0.037 0.008 0.001 0.009 0.009 0.029 0.143 0.764 
 266 D _   0.039 0.003 0.001 0.005 0.007 0.029 0.146 0.769 
 267 D _   0.044 0.001 0.001 0.003 0.006 0.029 0.150 0.766 
 268 L _   0.050 0.001 0.001 0.003 0.007 0.031 0.153 0.755 
 269 L _   0.060 0.000 0.001 0.004 0.008 0.034 0.157 0.737 
 270 D _   0.072 0.001 0.001 0.005 0.011 0.037 0.160 0.713 
 271 L _   0.084 0.001 0.001 0.007 0.014 0.041 0.165 0.687 
 272 I _   0.095 0.001 0.001 0.010 0.018 0.045 0.169 0.661 
 273 Q _   0.105 0.002 0.001 0.013 0.020 0.048 0.174 0.636 
 274 G _   0.113 0.002 0.002 0.014 0.022 0.049 0.180 0.617 
 275 L _   0.120 0.002 0.002 0.013 0.022 0.050 0.187 0.604 
 276 F _   0.126 0.002 0.001 0.011 0.021 0.050 0.194 0.594 
 277 L _   0.129 0.001 0.001 0.009 0.020 0.051 0.201 0.588 
 278 F _   0.131 0.001 0.001 0.007 0.019 0.051 0.208 0.582 
 279 N _   0.134 0.001 0.001 0.005 0.019 0.052 0.216 0.571 
 280 P _   0.137 0.001 0.001 0.005 0.020 0.053 0.225 0.558 
 281 C _   0.140 0.002 0.001 0.006 0.022 0.054 0.235 0.540 
 282 A _   0.141 0.004 0.002 0.009 0.025 0.055 0.247 0.518 
 283 R _   0.140 0.007 0.002 0.013 0.029 0.056 0.260 0.492 
 284 I _   0.137 0.013 0.002 0.020 0.033 0.056 0.274 0.464 
 285 T _   0.129 0.019 0.002 0.028 0.036 0.055 0.291 0.439 
 286 A _   0.117 0.024 0.002 0.037 0.037 0.052 0.311 0.421 
 287 T _   0.103 0.027 0.002 0.042 0.035 0.048 0.333 0.410 
 288 Q _   0.089 0.028 0.002 0.044 0.032 0.043 0.358 0.404 
 289 A _   0.074 0.028 0.002 0.043 0.027 0.037 0.386 0.403 
 290 L X   0.060 0.025 0.002 0.038 0.022 0.031 0.416 0.405 
 291 K X   0.048 0.021 0.002 0.031 0.016 0.025 0.449 0.409 
 292 M X   0.036 0.016 0.001 0.023 0.011 0.020 0.482 0.412 
 293 K X   0.027 0.011 0.001 0.016 0.007 0.015 0.512 0.412 
 294 Y X   0.019 0.007 0.001 0.011 0.004 0.011 0.538 0.410 
 295 F X   0.014 0.004 0.000 0.007 0.003 0.008 0.560 0.405 
 296 S X   0.010 0.002 0.000 0.004 0.002 0.006 0.578 0.399 
 297 N X   0.007 0.001 0.000 0.003 0.001 0.004 0.592 0.391 
 298 R X   0.005 0.001 0.000 0.002 0.001 0.003 0.603 0.384 
 299 P X   0.004 0.000 0.000 0.002 0.001 0.003 0.612 0.377 
 300 G X   0.003 0.000 0.000 0.002 0.001 0.003 0.620 0.371 
 301 P X   0.003 0.000 0.000 0.002 0.001 0.003 0.626 0.365 
 302 T X   0.003 0.001 0.000 0.003 0.001 0.003 0.630 0.359 
 303 P X   0.003 0.001 0.000 0.003 0.001 0.003 0.634 0.354 
 304 G X   0.003 0.001 0.000 0.004 0.001 0.003 0.637 0.350 
 305 C X   0.003 0.002 0.000 0.005 0.001 0.004 0.640 0.346 
 306 Q X   0.002 0.002 0.000 0.005 0.001 0.004 0.642 0.342 
 307 L X   0.002 0.003 0.000 0.006 0.002 0.004 0.644 0.339 
 308 P X   0.002 0.004 0.000 0.006 0.002 0.004 0.646 0.336 
 309 R X   0.002 0.005 0.000 0.006 0.002 0.004 0.648 0.333 
 310 P X   0.002 0.005 0.000 0.007 0.002 0.004 0.649 0.330 
 311 N X   0.002 0.006 0.000 0.007 0.002 0.004 0.651 0.327 
 312 C X   0.002 0.007 0.000 0.008 0.002 0.004 0.654 0.323 
 313 P X   0.002 0.008 0.000 0.008 0.002 0.004 0.656 0.320 
 314 V X   0.002 0.008 0.000 0.008 0.002 0.004 0.658 0.316 
 315 E X   0.002 0.009 0.000 0.008 0.002 0.004 0.661 0.314 
 316 T X   0.002 0.009 0.000 0.007 0.002 0.004 0.664 0.312 
 317 L X   0.002 0.010 0.000 0.006 0.002 0.004 0.666 0.310 
 318 K X   0.002 0.010 0.000 0.006 0.001 0.004 0.668 0.309 
 319 E X   0.002 0.010 0.000 0.005 0.001 0.004 0.671 0.307 
 320 Q X   0.002 0.011 0.000 0.005 0.001 0.004 0.673 0.305 
 321 S X   0.002 0.012 0.000 0.005 0.001 0.004 0.674 0.301 
 322 N X   0.002 0.013 0.000 0.005 0.002 0.004 0.676 0.297 
 323 P X   0.002 0.015 0.000 0.006 0.002 0.005 0.677 0.291 
 324 A X   0.003 0.018 0.000 0.008 0.002 0.005 0.679 0.285 
 325 L X   0.003 0.021 0.000 0.010 0.003 0.006 0.680 0.277 
 326 A X   0.003 0.024 0.000 0.011 0.003 0.006 0.682 0.270 
 327 I X   0.003 0.026 0.000 0.013 0.003 0.006 0.685 0.263 
 328 K X   0.003 0.028 0.000 0.013 0.003 0.006 0.688 0.258 
 329 R X   0.003 0.028 0.000 0.013 0.003 0.006 0.692 0.253 
 330 K X   0.003 0.029 0.000 0.013 0.003 0.006 0.697 0.248 
 331 R X   0.003 0.028 0.000 0.012 0.003 0.006 0.703 0.244 
 332 T X   0.003 0.028 0.000 0.012 0.003 0.006 0.709 0.239 
 333 E X   0.003 0.027 0.000 0.011 0.003 0.006 0.716 0.234 
 334 A X   0.003 0.026 0.000 0.011 0.003 0.006 0.723 0.228 
 335 L X   0.003 0.025 0.000 0.010 0.003 0.006 0.731 0.222 
 336 E X   0.003 0.024 0.000 0.010 0.003 0.006 0.738 0.216 
 337 Q X   0.003 0.022 0.000 0.010 0.002 0.005 0.746 0.211 
 338 G X   0.003 0.021 0.000 0.009 0.002 0.005 0.753 0.206 
 339 G X   0.002 0.019 0.000 0.009 0.002 0.004 0.760 0.203 
 340 L X   0.002 0.018 0.000 0.008 0.002 0.003 0.768 0.199 
 341 P X   0.001 0.015 0.000 0.007 0.001 0.002 0.775 0.197 
 342 K X   0.001 0.013 0.000 0.005 0.001 0.001 0.782 0.197 
 343 K X   0.000 0.010 0.000 0.003 0.000 0.001 0.787 0.199 
 344 L X   0.000 0.007 0.000 0.002 0.000 0.000 0.788 0.202 
 345 I X   0.000 0.006 0.000 0.003 0.000 0.000 0.785 0.206 
 346 F X   0.002 0.006 0.001 0.009 0.002 0.002 0.769 0.209 
