#TopoPred_TM8: 8-state transmembrane topology prediction results by no_profile mode 
#probabilities are in the order of H E C I L F X _, the 8 transmembrane topology types used in PDBTM 
   1 M _   0.045 0.001 0.003 0.029 0.014 0.019 0.392 0.497 
   2 A _   0.031 0.000 0.000 0.014 0.004 0.013 0.398 0.540 
   3 L _   0.032 0.000 0.000 0.007 0.002 0.011 0.395 0.553 
   4 R _   0.062 0.000 0.001 0.005 0.004 0.013 0.378 0.538 
   5 R _   0.140 0.000 0.001 0.004 0.007 0.019 0.336 0.493 
   6 L _   0.265 0.000 0.002 0.002 0.013 0.025 0.271 0.421 
   7 G H   0.399 0.000 0.002 0.002 0.017 0.029 0.212 0.339 
   8 A H   0.519 0.000 0.002 0.002 0.020 0.029 0.164 0.264 
   9 A H   0.608 0.000 0.002 0.002 0.022 0.028 0.130 0.209 
  10 L H   0.665 0.000 0.002 0.002 0.024 0.026 0.107 0.174 
  11 L H   0.701 0.000 0.002 0.002 0.025 0.023 0.092 0.154 
  12 L H   0.720 0.000 0.002 0.002 0.026 0.022 0.083 0.146 
  13 L H   0.727 0.000 0.001 0.002 0.026 0.020 0.076 0.148 
  14 P H   0.723 0.000 0.001 0.002 0.025 0.019 0.072 0.158 
  15 L H   0.705 0.000 0.001 0.002 0.024 0.018 0.069 0.180 
  16 L H   0.675 0.000 0.001 0.002 0.023 0.017 0.067 0.214 
  17 A H   0.630 0.000 0.001 0.002 0.021 0.017 0.067 0.262 
  18 A H   0.570 0.000 0.001 0.003 0.018 0.016 0.067 0.324 
  19 V H   0.500 0.000 0.001 0.003 0.015 0.016 0.068 0.397 
  20 E _   0.419 0.000 0.001 0.003 0.012 0.015 0.069 0.479 
  21 E _   0.338 0.000 0.001 0.003 0.010 0.014 0.070 0.563 
  22 T _   0.262 0.000 0.001 0.003 0.007 0.014 0.072 0.641 
  23 L _   0.198 0.000 0.001 0.003 0.006 0.013 0.073 0.707 
  24 M _   0.147 0.000 0.001 0.002 0.005 0.013 0.074 0.759 
  25 D _   0.110 0.000 0.000 0.002 0.004 0.013 0.074 0.796 
  26 S _   0.085 0.000 0.000 0.003 0.004 0.014 0.074 0.820 
  27 T _   0.069 0.001 0.001 0.004 0.005 0.016 0.074 0.832 
  28 T _   0.059 0.002 0.001 0.006 0.006 0.018 0.074 0.836 
  29 A _   0.051 0.005 0.001 0.010 0.008 0.020 0.073 0.832 
  30 T _   0.046 0.011 0.001 0.015 0.010 0.022 0.073 0.823 
  31 A _   0.041 0.017 0.001 0.021 0.012 0.023 0.072 0.811 
  32 E _   0.037 0.023 0.001 0.027 0.014 0.023 0.072 0.803 
  33 L _   0.032 0.028 0.001 0.031 0.014 0.023 0.072 0.800 
  34 G _   0.028 0.030 0.001 0.031 0.013 0.022 0.072 0.802 
  35 W _   0.025 0.030 0.001 0.029 0.012 0.020 0.072 0.811 
  36 M _   0.021 0.029 0.001 0.026 0.010 0.018 0.073 0.823 
  37 V _   0.018 0.027 0.001 0.021 0.008 0.016 0.074 0.836 
  38 H _   0.015 0.024 0.001 0.016 0.006 0.014 0.074 0.850 
  39 P _   0.012 0.021 0.001 0.013 0.005 0.012 0.075 0.861 
  40 P _   0.010 0.019 0.000 0.011 0.004 0.011 0.076 0.869 
  41 S _   0.009 0.018 0.000 0.010 0.004 0.010 0.076 0.874 
  42 G _   0.008 0.017 0.000 0.009 0.003 0.009 0.076 0.877 
  43 W _   0.008 0.017 0.000 0.009 0.003 0.008 0.076 0.878 
  44 E _   0.007 0.017 0.000 0.009 0.003 0.008 0.076 0.879 
  45 E _   0.007 0.018 0.000 0.008 0.003 0.008 0.076 0.881 
  46 V _   0.006 0.019 0.000 0.008 0.003 0.007 0.075 0.882 
  47 S _   0.005 0.020 0.000 0.008 0.003 0.007 0.074 0.883 
  48 G _   0.005 0.021 0.000 0.007 0.002 0.007 0.073 0.884 
  49 Y _   0.005 0.024 0.000 0.007 0.002 0.008 0.071 0.882 
  50 D _   0.005 0.028 0.000 0.007 0.003 0.009 0.069 0.878 
  51 E _   0.006 0.035 0.000 0.009 0.004 0.011 0.067 0.868 
  52 N _   0.007 0.047 0.001 0.011 0.005 0.013 0.064 0.851 
  53 M _   0.009 0.067 0.001 0.015 0.007 0.016 0.061 0.824 
  54 N _   0.010 0.096 0.001 0.021 0.010 0.019 0.058 0.786 
  55 T _   0.011 0.133 0.001 0.028 0.012 0.021 0.054 0.739 
  56 I _   0.011 0.172 0.001 0.036 0.014 0.023 0.050 0.692 
  57 R _   0.012 0.206 0.001 0.042 0.016 0.023 0.047 0.653 
  58 T _   0.011 0.230 0.001 0.047 0.017 0.023 0.044 0.626 
  59 Y _   0.011 0.244 0.001 0.050 0.017 0.023 0.042 0.610 
  60 Q _   0.011 0.252 0.001 0.051 0.017 0.022 0.041 0.604 
  61 V _   0.011 0.254 0.001 0.049 0.016 0.021 0.041 0.607 
  62 C _   0.011 0.250 0.001 0.044 0.014 0.020 0.041 0.618 
  63 N _   0.011 0.242 0.001 0.038 0.012 0.019 0.041 0.636 
  64 V _   0.011 0.228 0.001 0.031 0.011 0.017 0.041 0.660 
  65 F _   0.011 0.209 0.001 0.024 0.009 0.016 0.042 0.689 
  66 E _   0.010 0.189 0.001 0.018 0.007 0.015 0.042 0.718 
  67 S _   0.010 0.172 0.001 0.013 0.006 0.014 0.043 0.742 
  68 S _   0.009 0.159 0.001 0.010 0.005 0.014 0.043 0.760 
  69 Q _   0.009 0.152 0.000 0.008 0.004 0.013 0.043 0.771 
  70 N _   0.009 0.149 0.000 0.008 0.004 0.014 0.042 0.774 
  71 N _   0.010 0.149 0.000 0.008 0.004 0.015 0.042 0.771 
  72 W _   0.010 0.154 0.001 0.010 0.005 0.016 0.041 0.763 
  73 L _   0.011 0.161 0.001 0.013 0.007 0.017 0.040 0.750 
  74 R _   0.012 0.171 0.001 0.016 0.008 0.018 0.039 0.734 
  75 T _   0.013 0.181 0.001 0.019 0.009 0.019 0.039 0.720 
  76 K _   0.013 0.189 0.001 0.022 0.010 0.019 0.038 0.709 
  77 F _   0.013 0.195 0.001 0.023 0.010 0.020 0.037 0.702 
  78 I _   0.013 0.198 0.001 0.022 0.010 0.019 0.037 0.700 
  79 R _   0.013 0.199 0.001 0.020 0.010 0.019 0.037 0.701 
  80 R _   0.013 0.198 0.001 0.018 0.009 0.019 0.037 0.705 
  81 R _   0.013 0.197 0.001 0.017 0.009 0.019 0.037 0.708 
  82 G _   0.013 0.196 0.001 0.015 0.008 0.019 0.037 0.710 
  83 A _   0.013 0.196 0.001 0.015 0.008 0.019 0.037 0.711 
  84 H _   0.014 0.197 0.001 0.016 0.009 0.019 0.037 0.708 
  85 R _   0.014 0.199 0.001 0.018 0.009 0.020 0.037 0.703 
  86 I _   0.015 0.201 0.001 0.020 0.010 0.020 0.037 0.696 
  87 H _   0.015 0.204 0.001 0.023 0.011 0.020 0.037 0.690 
  88 V _   0.015 0.204 0.001 0.026 0.011 0.019 0.038 0.686 
  89 E _   0.014 0.202 0.001 0.028 0.011 0.018 0.038 0.687 
  90 M _   0.014 0.198 0.001 0.028 0.011 0.017 0.039 0.693 
  91 K _   0.013 0.189 0.001 0.027 0.010 0.016 0.040 0.704 
  92 F _   0.012 0.177 0.001 0.025 0.009 0.015 0.041 0.721 
  93 S _   0.012 0.160 0.001 0.021 0.008 0.014 0.042 0.742 
  94 V _   0.011 0.142 0.001 0.018 0.007 0.012 0.044 0.766 
  95 R _   0.010 0.124 0.001 0.015 0.006 0.011 0.045 0.789 
  96 D _   0.009 0.109 0.001 0.012 0.005 0.010 0.046 0.808 
  97 C _   0.009 0.097 0.001 0.010 0.004 0.010 0.047 0.823 
  98 S _   0.008 0.088 0.000 0.009 0.003 0.009 0.048 0.834 
  99 S _   0.007 0.082 0.000 0.008 0.003 0.009 0.049 0.841 
 100 I _   0.007 0.079 0.000 0.008 0.003 0.008 0.049 0.846 
 101 P _   0.006 0.077 0.000 0.008 0.003 0.008 0.049 0.848 
 102 S _   0.006 0.076 0.000 0.008 0.003 0.009 0.049 0.848 
 103 V _   0.006 0.077 0.000 0.009 0.003 0.009 0.049 0.846 
 104 P _   0.006 0.079 0.000 0.010 0.003 0.010 0.048 0.843 
 105 G _   0.006 0.083 0.000 0.011 0.004 0.010 0.048 0.837 
 106 S _   0.007 0.088 0.001 0.013 0.004 0.011 0.047 0.830 
 107 C _   0.007 0.094 0.001 0.016 0.005 0.012 0.046 0.819 
 108 K _   0.007 0.103 0.001 0.019 0.006 0.013 0.045 0.805 
 109 E _   0.008 0.111 0.001 0.024 0.007 0.014 0.044 0.791 
 110 T _   0.008 0.119 0.001 0.028 0.008 0.015 0.043 0.777 
 111 F _   0.009 0.125 0.001 0.033 0.009 0.015 0.043 0.765 
 112 N _   0.009 0.129 0.001 0.036 0.010 0.015 0.043 0.757 
 113 L _   0.009 0.129 0.001 0.038 0.010 0.015 0.043 0.756 
 114 Y _   0.009 0.126 0.001 0.036 0.009 0.014 0.043 0.761 
 115 Y _   0.009 0.119 0.001 0.033 0.008 0.013 0.044 0.772 
 116 Y _   0.008 0.108 0.001 0.028 0.007 0.012 0.045 0.790 
 117 E _   0.008 0.092 0.001 0.023 0.006 0.011 0.047 0.812 
 118 A _   0.008 0.075 0.001 0.017 0.005 0.010 0.048 0.837 
 119 D _   0.007 0.059 0.001 0.013 0.004 0.009 0.049 0.858 
 120 F _   0.007 0.047 0.000 0.009 0.003 0.008 0.050 0.875 
 121 D _   0.006 0.038 0.000 0.008 0.003 0.008 0.051 0.886 
 122 S _   0.006 0.033 0.000 0.007 0.002 0.007 0.051 0.892 
 123 A _   0.006 0.031 0.000 0.007 0.002 0.007 0.051 0.895 
 124 T _   0.006 0.030 0.000 0.007 0.003 0.008 0.051 0.896 
 125 K _   0.006 0.030 0.000 0.008 0.003 0.008 0.051 0.894 
 126 T _   0.006 0.030 0.000 0.010 0.003 0.008 0.050 0.892 
 127 F _   0.006 0.032 0.000 0.011 0.004 0.009 0.049 0.889 
 128 P _   0.006 0.033 0.000 0.012 0.004 0.009 0.048 0.887 
 129 N _   0.006 0.034 0.001 0.013 0.004 0.009 0.047 0.885 
 130 W _   0.007 0.036 0.001 0.013 0.004 0.010 0.046 0.884 
 131 M _   0.007 0.037 0.001 0.013 0.004 0.010 0.045 0.884 
 132 E _   0.007 0.038 0.001 0.013 0.004 0.010 0.045 0.883 
 133 N _   0.007 0.039 0.001 0.013 0.004 0.010 0.044 0.882 
 134 P _   0.007 0.041 0.001 0.013 0.005 0.011 0.043 0.880 
 135 W _   0.007 0.043 0.001 0.013 0.005 0.011 0.042 0.878 
 136 V _   0.008 0.045 0.001 0.014 0.005 0.012 0.041 0.874 
 137 K _   0.008 0.047 0.001 0.015 0.006 0.012 0.040 0.871 
 138 V _   0.008 0.050 0.001 0.017 0.006 0.012 0.040 0.867 
 139 D _   0.008 0.052 0.001 0.018 0.006 0.012 0.039 0.864 
 140 T _   0.008 0.053 0.001 0.018 0.006 0.012 0.038 0.864 
 141 I _   0.008 0.054 0.001 0.018 0.006 0.012 0.038 0.864 
 142 A _   0.008 0.054 0.001 0.017 0.006 0.012 0.037 0.867 
 143 A _   0.008 0.053 0.001 0.015 0.005 0.011 0.037 0.871 
 144 D _   0.007 0.052 0.001 0.013 0.005 0.011 0.036 0.876 
 145 E _   0.007 0.050 0.001 0.012 0.004 0.011 0.035 0.880 
 146 S _   0.007 0.049 0.000 0.010 0.004 0.011 0.035 0.884 
 147 F _   0.007 0.049 0.000 0.009 0.004 0.011 0.034 0.885 
 148 S _   0.008 0.050 0.000 0.009 0.004 0.012 0.033 0.884 
 149 Q _   0.008 0.052 0.001 0.010 0.005 0.013 0.032 0.879 
 150 V _   0.009 0.055 0.001 0.012 0.006 0.015 0.032 0.871 
 151 D _   0.011 0.060 0.001 0.014 0.007 0.017 0.031 0.860 
 152 L _   0.012 0.067 0.001 0.018 0.008 0.018 0.030 0.847 
 153 G _   0.014 0.073 0.001 0.022 0.010 0.020 0.029 0.831 
 154 G _   0.015 0.080 0.001 0.026 0.012 0.022 0.028 0.817 
 155 R _   0.016 0.084 0.001 0.029 0.013 0.023 0.027 0.806 
 156 V _   0.017 0.087 0.001 0.031 0.014 0.024 0.026 0.799 
 157 M _   0.018 0.087 0.001 0.032 0.015 0.024 0.026 0.798 
 158 K _   0.018 0.085 0.001 0.032 0.015 0.024 0.026 0.800 
 159 I _   0.018 0.082 0.001 0.030 0.014 0.023 0.026 0.806 
 160 N _   0.018 0.076 0.001 0.028 0.013 0.022 0.026 0.816 
 161 T _   0.017 0.068 0.001 0.025 0.012 0.021 0.026 0.829 
 162 E _   0.016 0.059 0.001 0.022 0.010 0.020 0.026 0.844 
 163 V _   0.016 0.050 0.001 0.019 0.009 0.019 0.027 0.861 
 164 R _   0.015 0.040 0.001 0.015 0.008 0.017 0.027 0.877 
 165 S _   0.014 0.030 0.001 0.012 0.006 0.016 0.027 0.893 
 166 F _   0.013 0.023 0.001 0.010 0.005 0.015 0.027 0.906 
 167 G _   0.012 0.017 0.001 0.008 0.005 0.015 0.027 0.915 
 168 P _   0.012 0.014 0.001 0.008 0.005 0.015 0.027 0.919 
 169 V _   0.012 0.011 0.001 0.008 0.005 0.016 0.027 0.921 
 170 S _   0.013 0.010 0.001 0.008 0.005 0.017 0.026 0.919 
 171 R _   0.015 0.009 0.001 0.010 0.006 0.019 0.026 0.914 
 172 S _   0.018 0.009 0.001 0.012 0.008 0.021 0.025 0.906 
 173 G _   0.021 0.009 0.001 0.015 0.009 0.024 0.025 0.897 
 174 F _   0.025 0.009 0.001 0.017 0.011 0.026 0.024 0.888 
 175 Y _   0.031 0.008 0.001 0.018 0.011 0.027 0.023 0.880 
 176 L _   0.039 0.006 0.001 0.016 0.012 0.029 0.022 0.874 
 177 A _   0.051 0.005 0.001 0.014 0.011 0.030 0.022 0.867 
 178 F _   0.066 0.003 0.001 0.010 0.011 0.031 0.021 0.858 
 179 Q _   0.087 0.001 0.001 0.007 0.010 0.032 0.020 0.841 
 180 D _   0.116 0.001 0.001 0.004 0.011 0.034 0.019 0.815 
 181 Y _   0.155 0.000 0.001 0.003 0.013 0.037 0.017 0.773 
 182 G _   0.205 0.000 0.001 0.003 0.016 0.042 0.016 0.717 
 183 G _   0.263 0.000 0.001 0.003 0.023 0.047 0.015 0.649 
 184 C _   0.321 0.000 0.002 0.003 0.031 0.052 0.014 0.576 
 185 M _   0.371 0.001 0.002 0.005 0.041 0.056 0.014 0.510 
 186 S _   0.409 0.003 0.002 0.008 0.051 0.058 0.014 0.455 
 187 L H   0.434 0.005 0.003 0.011 0.057 0.059 0.014 0.417 
 188 I H   0.444 0.007 0.003 0.015 0.061 0.057 0.014 0.399 
 189 A H   0.440 0.009 0.003 0.018 0.061 0.055 0.015 0.400 
 190 V _   0.421 0.009 0.003 0.019 0.058 0.051 0.016 0.422 
 191 R _   0.389 0.008 0.003 0.019 0.051 0.046 0.018 0.466 
 192 V _   0.343 0.007 0.003 0.016 0.042 0.041 0.019 0.529 
 193 F _   0.285 0.005 0.002 0.013 0.031 0.035 0.021 0.608 
 194 Y _   0.222 0.002 0.002 0.009 0.021 0.030 0.023 0.692 
 195 R _   0.163 0.001 0.001 0.006 0.013 0.025 0.025 0.766 
 196 K _   0.114 0.001 0.001 0.004 0.008 0.021 0.026 0.825 
 197 C _   0.079 0.000 0.001 0.003 0.005 0.018 0.027 0.867 
 198 P _   0.055 0.000 0.000 0.003 0.004 0.016 0.027 0.893 
 199 R _   0.040 0.001 0.000 0.003 0.004 0.016 0.028 0.907 
 200 I _   0.032 0.002 0.000 0.005 0.004 0.017 0.028 0.912 
 201 I _   0.027 0.004 0.001 0.007 0.006 0.018 0.028 0.909 
 202 Q _   0.024 0.008 0.001 0.012 0.008 0.020 0.028 0.899 
 203 N _   0.023 0.014 0.001 0.018 0.010 0.022 0.028 0.885 
 204 G _   0.022 0.020 0.001 0.024 0.012 0.023 0.027 0.870 
 205 A _   0.021 0.024 0.001 0.030 0.014 0.024 0.027 0.858 
 206 I _   0.020 0.027 0.001 0.033 0.015 0.024 0.027 0.852 
 207 F _   0.019 0.028 0.001 0.033 0.014 0.024 0.028 0.853 
 208 Q _   0.018 0.027 0.001 0.030 0.013 0.023 0.028 0.860 
 209 E _   0.017 0.024 0.001 0.025 0.011 0.021 0.029 0.871 
 210 T _   0.016 0.021 0.001 0.020 0.009 0.020 0.030 0.885 
 211 L _   0.015 0.016 0.001 0.014 0.007 0.019 0.030 0.898 
 212 S _   0.014 0.012 0.001 0.010 0.006 0.018 0.031 0.908 
 213 G _   0.014 0.010 0.001 0.007 0.005 0.018 0.031 0.914 
 214 A _   0.016 0.008 0.001 0.006 0.005 0.018 0.032 0.915 
 215 E _   0.018 0.008 0.001 0.006 0.005 0.020 0.032 0.911 
 216 S _   0.020 0.009 0.001 0.007 0.007 0.022 0.032 0.903 
 217 T _   0.023 0.010 0.001 0.010 0.009 0.024 0.032 0.891 
 218 S _   0.026 0.013 0.001 0.014 0.011 0.027 0.032 0.876 
 219 L _   0.029 0.017 0.001 0.018 0.014 0.029 0.032 0.859 
 220 V _   0.032 0.020 0.001 0.023 0.017 0.030 0.033 0.844 
 221 A _   0.034 0.023 0.001 0.027 0.018 0.031 0.033 0.833 
 222 A _   0.034 0.025 0.001 0.029 0.019 0.031 0.034 0.828 
 223 R _   0.034 0.025 0.001 0.028 0.018 0.030 0.034 0.829 
 224 G _   0.033 0.024 0.001 0.026 0.017 0.028 0.035 0.836 
 225 S _   0.031 0.021 0.001 0.023 0.014 0.026 0.036 0.847 
 226 C _   0.029 0.018 0.001 0.019 0.012 0.024 0.038 0.859 
 227 I _   0.027 0.014 0.001 0.015 0.010 0.022 0.039 0.872 
 228 A _   0.025 0.011 0.001 0.012 0.008 0.020 0.040 0.883 
 229 N _   0.023 0.009 0.001 0.010 0.007 0.018 0.041 0.891 
 230 A _   0.022 0.007 0.001 0.009 0.006 0.017 0.042 0.896 
 231 E _   0.021 0.006 0.001 0.009 0.006 0.016 0.042 0.899 
 232 E _   0.020 0.006 0.001 0.009 0.006 0.015 0.043 0.901 
 233 V _   0.018 0.005 0.001 0.009 0.006 0.015 0.044 0.902 
 234 D _   0.017 0.005 0.001 0.010 0.006 0.014 0.045 0.902 
 235 V _   0.016 0.005 0.001 0.011 0.006 0.014 0.045 0.903 
 236 P _   0.015 0.005 0.001 0.011 0.005 0.013 0.046 0.904 
 237 I _   0.014 0.005 0.001 0.010 0.005 0.012 0.046 0.906 
 238 K _   0.013 0.004 0.001 0.009 0.005 0.012 0.047 0.909 
 239 L _   0.012 0.004 0.001 0.008 0.004 0.011 0.047 0.913 
 240 Y _   0.011 0.004 0.000 0.007 0.004 0.011 0.047 0.917 
 241 C _   0.010 0.004 0.000 0.005 0.003 0.011 0.047 0.920 
 242 N _   0.010 0.004 0.000 0.005 0.003 0.011 0.047 0.920 
 243 G _   0.010 0.005 0.000 0.005 0.003 0.012 0.046 0.918 
 244 D _   0.012 0.007 0.000 0.005 0.004 0.014 0.045 0.913 
 245 G _   0.014 0.010 0.001 0.006 0.005 0.016 0.045 0.903 
 246 E _   0.016 0.018 0.001 0.008 0.007 0.020 0.044 0.887 
 247 W _   0.019 0.031 0.001 0.012 0.009 0.023 0.042 0.863 
 248 L _   0.021 0.049 0.001 0.016 0.012 0.026 0.041 0.834 
 249 V _   0.023 0.073 0.001 0.020 0.015 0.029 0.039 0.800 
 250 P _   0.023 0.098 0.001 0.024 0.017 0.031 0.038 0.768 
 251 I _   0.024 0.121 0.002 0.026 0.019 0.032 0.036 0.740 
 252 G _   0.024 0.141 0.002 0.028 0.019 0.032 0.035 0.717 
 253 R _   0.024 0.157 0.001 0.029 0.020 0.033 0.035 0.701 
 254 C _   0.024 0.170 0.001 0.029 0.019 0.032 0.034 0.690 
 255 M _   0.024 0.179 0.001 0.028 0.019 0.031 0.033 0.684 
 256 C _   0.023 0.186 0.001 0.027 0.018 0.030 0.033 0.682 
 257 K _   0.022 0.191 0.001 0.026 0.016 0.029 0.033 0.682 
 258 A _   0.021 0.195 0.001 0.024 0.015 0.027 0.033 0.683 
 259 G _   0.020 0.198 0.001 0.023 0.014 0.026 0.033 0.686 
 260 F _   0.019 0.200 0.001 0.022 0.012 0.024 0.033 0.689 
 261 E _   0.018 0.201 0.001 0.021 0.011 0.022 0.033 0.692 
 262 A _   0.017 0.201 0.001 0.021 0.010 0.021 0.034 0.695 
 263 V _   0.016 0.200 0.001 0.020 0.010 0.020 0.034 0.699 
 264 E _   0.015 0.199 0.001 0.020 0.009 0.018 0.035 0.703 
 265 N _   0.014 0.197 0.001 0.020 0.008 0.017 0.035 0.708 
 266 G _   0.014 0.194 0.001 0.019 0.008 0.016 0.036 0.713 
 267 T _   0.013 0.190 0.001 0.019 0.007 0.015 0.036 0.719 
 268 V _   0.012 0.186 0.001 0.018 0.007 0.014 0.037 0.725 
 269 C _   0.011 0.181 0.001 0.018 0.006 0.013 0.038 0.732 
 270 R _   0.010 0.175 0.001 0.017 0.006 0.012 0.039 0.740 
 271 G _   0.010 0.169 0.001 0.017 0.005 0.011 0.040 0.748 
 272 C _   0.009 0.162 0.001 0.015 0.005 0.010 0.041 0.758 
 273 P _   0.008 0.155 0.001 0.014 0.004 0.009 0.042 0.767 
 274 S _   0.007 0.148 0.000 0.013 0.004 0.009 0.043 0.776 
 275 G _   0.007 0.142 0.000 0.011 0.003 0.008 0.043 0.785 
 276 T _   0.006 0.137 0.000 0.010 0.003 0.007 0.044 0.793 
 277 F _   0.006 0.134 0.000 0.008 0.002 0.007 0.044 0.799 
 278 K _   0.005 0.132 0.000 0.008 0.002 0.007 0.044 0.803 
 279 A _   0.005 0.133 0.000 0.007 0.002 0.007 0.043 0.804 
 280 N _   0.004 0.136 0.000 0.008 0.002 0.007 0.042 0.801 
 281 Q _   0.004 0.142 0.000 0.009 0.002 0.007 0.041 0.794 
 282 G _   0.004 0.153 0.000 0.011 0.003 0.008 0.040 0.781 
 283 D _   0.005 0.170 0.001 0.013 0.004 0.009 0.038 0.761 
 284 E _   0.005 0.193 0.001 0.017 0.005 0.009 0.036 0.735 
 285 A _   0.005 0.219 0.001 0.020 0.005 0.010 0.034 0.707 
 286 C _   0.005 0.245 0.001 0.023 0.006 0.010 0.032 0.679 
 287 T _   0.005 0.268 0.001 0.025 0.006 0.010 0.030 0.656 
 288 H _   0.004 0.287 0.001 0.025 0.006 0.010 0.029 0.639 
 289 C _   0.004 0.300 0.001 0.025 0.005 0.009 0.027 0.628 
 290 P _   0.004 0.310 0.001 0.024 0.005 0.009 0.026 0.622 
 291 I _   0.004 0.317 0.001 0.021 0.005 0.009 0.026 0.619 
 292 N _   0.004 0.321 0.001 0.019 0.004 0.008 0.025 0.618 
 293 S _   0.004 0.324 0.000 0.016 0.004 0.008 0.025 0.619 
 294 R _   0.004 0.327 0.000 0.015 0.004 0.008 0.024 0.618 
 295 T _   0.004 0.331 0.000 0.013 0.003 0.008 0.024 0.616 
 296 T _   0.004 0.336 0.000 0.013 0.004 0.008 0.023 0.612 
 297 S _   0.004 0.343 0.000 0.014 0.004 0.009 0.022 0.604 
 298 E _   0.004 0.353 0.001 0.015 0.004 0.009 0.022 0.593 
 299 G _   0.004 0.365 0.001 0.017 0.005 0.009 0.021 0.578 
 300 A _   0.005 0.379 0.001 0.019 0.005 0.009 0.020 0.562 
 301 T _   0.005 0.391 0.001 0.021 0.005 0.010 0.020 0.547 
 302 N _   0.005 0.402 0.001 0.024 0.006 0.010 0.019 0.535 
 303 C _   0.005 0.408 0.001 0.026 0.006 0.010 0.019 0.526 
 304 V _   0.005 0.412 0.001 0.027 0.006 0.009 0.019 0.522 
 305 C _   0.005 0.411 0.001 0.027 0.006 0.009 0.019 0.523 
 306 R _   0.005 0.406 0.001 0.026 0.006 0.009 0.019 0.529 
 307 N _   0.005 0.396 0.001 0.024 0.006 0.009 0.020 0.540 
 308 G _   0.005 0.382 0.001 0.022 0.005 0.008 0.021 0.557 
 309 Y _   0.005 0.363 0.001 0.018 0.005 0.008 0.022 0.579 
 310 Y _   0.005 0.342 0.001 0.015 0.004 0.008 0.023 0.603 
 311 R _   0.005 0.322 0.000 0.012 0.003 0.007 0.024 0.626 
 312 A _   0.005 0.307 0.000 0.009 0.003 0.007 0.025 0.644 
 313 D _   0.004 0.296 0.000 0.008 0.002 0.007 0.025 0.657 
 314 L _   0.004 0.291 0.000 0.007 0.002 0.007 0.025 0.663 
 315 D _   0.004 0.289 0.000 0.007 0.002 0.007 0.025 0.664 
 316 P _   0.005 0.292 0.000 0.008 0.003 0.008 0.025 0.659 
 317 L _   0.005 0.299 0.000 0.009 0.003 0.009 0.025 0.649 
 318 D _   0.005 0.310 0.000 0.011 0.004 0.010 0.025 0.636 
 319 M _   0.005 0.324 0.001 0.013 0.004 0.010 0.024 0.619 
 320 P _   0.006 0.339 0.001 0.014 0.005 0.011 0.023 0.601 
 321 C _   0.006 0.354 0.001 0.015 0.005 0.012 0.023 0.584 
 322 T _   0.006 0.369 0.001 0.016 0.006 0.012 0.022 0.568 
 323 T _   0.006 0.383 0.001 0.016 0.006 0.013 0.021 0.553 
 324 I _   0.007 0.397 0.001 0.017 0.007 0.014 0.021 0.537 
 325 P _   0.007 0.411 0.001 0.017 0.008 0.015 0.021 0.522 
 326 S _   0.008 0.424 0.001 0.017 0.008 0.015 0.020 0.506 
 327 A _   0.008 0.438 0.001 0.018 0.009 0.016 0.020 0.490 
 328 P _   0.009 0.449 0.001 0.019 0.009 0.016 0.020 0.477 
 329 Q _   0.009 0.459 0.001 0.019 0.009 0.017 0.020 0.466 
 330 A E   0.009 0.467 0.001 0.019 0.009 0.017 0.020 0.457 
 331 V E   0.010 0.473 0.001 0.019 0.009 0.017 0.020 0.451 
 332 I E   0.010 0.477 0.001 0.019 0.009 0.017 0.020 0.447 
 333 S E   0.010 0.479 0.001 0.018 0.009 0.017 0.021 0.445 
 334 S E   0.011 0.479 0.001 0.018 0.009 0.017 0.021 0.444 
 335 V E   0.011 0.479 0.001 0.019 0.009 0.017 0.021 0.442 
 336 N E   0.012 0.479 0.001 0.021 0.010 0.017 0.022 0.439 
 337 E E   0.012 0.477 0.001 0.023 0.010 0.017 0.022 0.437 
 338 T E   0.012 0.474 0.001 0.026 0.011 0.017 0.023 0.435 
 339 S E   0.012 0.468 0.001 0.030 0.011 0.017 0.024 0.437 
 340 L E   0.013 0.456 0.001 0.033 0.011 0.016 0.026 0.444 
 341 M _   0.013 0.436 0.001 0.034 0.011 0.016 0.028 0.461 
 342 L _   0.013 0.404 0.001 0.034 0.011 0.015 0.030 0.492 
 343 E _   0.013 0.355 0.001 0.032 0.010 0.014 0.034 0.541 
 344 W _   0.013 0.289 0.001 0.028 0.009 0.013 0.038 0.610 
 345 T _   0.012 0.213 0.001 0.022 0.008 0.012 0.042 0.690 
 346 P _   0.011 0.147 0.001 0.015 0.005 0.011 0.045 0.765 
 347 P _   0.009 0.103 0.001 0.009 0.004 0.009 0.048 0.817 
 348 R _   0.007 0.080 0.000 0.006 0.002 0.008 0.049 0.847 
 349 D _   0.006 0.071 0.000 0.004 0.002 0.007 0.050 0.861 
 350 S _   0.005 0.068 0.000 0.003 0.002 0.008 0.050 0.864 
 351 G _   0.006 0.070 0.000 0.004 0.002 0.009 0.049 0.859 
 352 G _   0.007 0.079 0.000 0.007 0.003 0.012 0.048 0.842 
 353 R _   0.009 0.104 0.001 0.013 0.006 0.016 0.046 0.805 
 354 E _   0.011 0.157 0.001 0.021 0.010 0.019 0.042 0.738 
 355 D _   0.011 0.239 0.002 0.031 0.014 0.021 0.037 0.644 
 356 L _   0.011 0.330 0.002 0.039 0.016 0.022 0.033 0.548 
 357 V _   0.009 0.407 0.002 0.045 0.016 0.021 0.029 0.473 
 358 Y E   0.008 0.458 0.001 0.047 0.015 0.019 0.026 0.426 
 359 N E   0.007 0.489 0.001 0.046 0.013 0.018 0.025 0.401 
 360 I E   0.007 0.507 0.001 0.044 0.012 0.017 0.023 0.389 
 361 I E   0.006 0.515 0.001 0.040 0.011 0.016 0.023 0.387 
 362 C E   0.006 0.517 0.001 0.036 0.011 0.015 0.022 0.391 
 363 K E   0.006 0.514 0.001 0.032 0.010 0.014 0.022 0.400 
 364 S E   0.006 0.507 0.001 0.028 0.009 0.014 0.022 0.412 
 365 C E   0.006 0.498 0.001 0.026 0.008 0.014 0.023 0.425 
 366 G E   0.007 0.487 0.001 0.024 0.008 0.013 0.023 0.438 
 367 S E   0.007 0.476 0.001 0.023 0.007 0.013 0.023 0.449 
 368 G E   0.007 0.465 0.001 0.023 0.007 0.013 0.024 0.461 
 369 R _   0.007 0.453 0.001 0.023 0.007 0.012 0.025 0.472 
 370 G _   0.008 0.437 0.001 0.023 0.007 0.012 0.025 0.487 
 371 A _   0.008 0.417 0.001 0.023 0.007 0.011 0.026 0.507 
 372 C _   0.008 0.390 0.001 0.022 0.007 0.011 0.028 0.535 
 373 T _   0.007 0.358 0.001 0.020 0.006 0.011 0.029 0.568 
 374 R _   0.007 0.323 0.001 0.017 0.006 0.010 0.030 0.606 
 375 C _   0.007 0.290 0.001 0.014 0.005 0.010 0.032 0.642 
 376 G _   0.006 0.263 0.001 0.011 0.004 0.009 0.033 0.673 
 377 D _   0.006 0.243 0.000 0.009 0.003 0.009 0.034 0.695 
 378 N _   0.006 0.231 0.000 0.007 0.003 0.009 0.035 0.708 
 379 V _   0.006 0.225 0.000 0.007 0.003 0.009 0.035 0.715 
 380 Q _   0.006 0.223 0.000 0.007 0.003 0.010 0.035 0.716 
 381 Y _   0.006 0.225 0.000 0.008 0.003 0.010 0.035 0.712 
 382 A _   0.006 0.230 0.000 0.010 0.004 0.012 0.035 0.703 
 383 P _   0.006 0.238 0.001 0.012 0.005 0.013 0.034 0.691 
 384 R _   0.007 0.249 0.001 0.014 0.006 0.014 0.034 0.676 
 385 Q _   0.007 0.260 0.001 0.016 0.007 0.015 0.033 0.661 
 386 L _   0.008 0.271 0.001 0.018 0.007 0.016 0.033 0.646 
 387 G _   0.008 0.280 0.001 0.019 0.008 0.018 0.032 0.634 
 388 L _   0.009 0.287 0.001 0.020 0.009 0.019 0.032 0.624 
 389 T _   0.009 0.292 0.001 0.020 0.009 0.020 0.032 0.616 
 390 E _   0.010 0.296 0.001 0.020 0.010 0.021 0.032 0.610 
 391 P _   0.011 0.297 0.001 0.020 0.010 0.022 0.032 0.606 
 392 R _   0.013 0.298 0.001 0.019 0.011 0.024 0.032 0.603 
 393 I _   0.014 0.297 0.001 0.019 0.012 0.025 0.033 0.600 
 394 Y _   0.015 0.295 0.001 0.018 0.012 0.026 0.033 0.598 
 395 I _   0.017 0.293 0.001 0.018 0.013 0.027 0.034 0.596 
 396 S _   0.019 0.290 0.001 0.017 0.013 0.028 0.035 0.596 
 397 D _   0.021 0.287 0.001 0.017 0.014 0.029 0.036 0.595 
 398 L _   0.023 0.284 0.001 0.017 0.014 0.030 0.037 0.595 
 399 L _   0.024 0.281 0.001 0.017 0.015 0.031 0.038 0.594 
 400 A _   0.025 0.278 0.001 0.017 0.015 0.031 0.039 0.593 
 401 H _   0.026 0.276 0.001 0.017 0.016 0.031 0.040 0.592 
 402 T _   0.027 0.274 0.001 0.019 0.016 0.031 0.041 0.590 
 403 Q _   0.028 0.273 0.001 0.021 0.017 0.031 0.043 0.588 
 404 Y _   0.027 0.271 0.001 0.023 0.017 0.030 0.044 0.586 
 405 T _   0.027 0.268 0.001 0.026 0.017 0.029 0.046 0.586 
 406 F _   0.026 0.263 0.001 0.028 0.017 0.027 0.048 0.589 
 407 E _   0.025 0.256 0.001 0.030 0.016 0.026 0.051 0.595 
 408 I _   0.023 0.244 0.001 0.031 0.015 0.024 0.054 0.608 
 409 Q _   0.021 0.228 0.001 0.030 0.014 0.022 0.058 0.627 
 410 A _   0.019 0.206 0.001 0.028 0.012 0.020 0.062 0.651 
 411 V _   0.017 0.178 0.001 0.026 0.011 0.018 0.066 0.683 
 412 N _   0.015 0.146 0.001 0.022 0.009 0.016 0.071 0.720 
 413 G _   0.014 0.113 0.001 0.018 0.007 0.014 0.076 0.757 
 414 V _   0.012 0.085 0.001 0.014 0.006 0.012 0.080 0.790 
 415 T _   0.010 0.063 0.001 0.010 0.004 0.011 0.084 0.817 
 416 D _   0.009 0.048 0.000 0.008 0.003 0.010 0.087 0.835 
 417 Q _   0.007 0.039 0.000 0.006 0.003 0.009 0.089 0.847 
 418 S _   0.006 0.034 0.000 0.005 0.002 0.009 0.091 0.852 
 419 P _   0.006 0.032 0.000 0.005 0.002 0.009 0.092 0.853 
 420 F _   0.006 0.032 0.000 0.007 0.003 0.009 0.093 0.850 
 421 S _   0.006 0.034 0.000 0.009 0.004 0.011 0.093 0.843 
 422 P _   0.007 0.038 0.001 0.012 0.004 0.012 0.093 0.834 
 423 Q _   0.007 0.042 0.001 0.016 0.006 0.013 0.094 0.822 
 424 F _   0.007 0.047 0.001 0.020 0.007 0.014 0.094 0.810 
 425 A _   0.008 0.051 0.001 0.023 0.008 0.015 0.095 0.800 
 426 S _   0.008 0.054 0.001 0.025 0.008 0.016 0.096 0.793 
 427 V _   0.008 0.055 0.001 0.025 0.008 0.017 0.097 0.789 
 428 N _   0.008 0.055 0.001 0.024 0.008 0.017 0.099 0.788 
 429 I _   0.009 0.053 0.001 0.021 0.008 0.018 0.101 0.789 
 430 T _   0.010 0.051 0.001 0.018 0.007 0.019 0.103 0.792 
 431 T _   0.011 0.048 0.001 0.014 0.007 0.020 0.105 0.794 
 432 N _   0.013 0.046 0.001 0.011 0.007 0.021 0.107 0.794 
 433 Q _   0.015 0.044 0.001 0.009 0.007 0.024 0.110 0.790 
 434 A _   0.018 0.044 0.001 0.009 0.008 0.027 0.112 0.782 
 435 A _   0.023 0.047 0.001 0.009 0.010 0.031 0.113 0.767 
 436 P _   0.028 0.052 0.001 0.011 0.013 0.035 0.115 0.744 
 437 S _   0.035 0.063 0.001 0.014 0.017 0.040 0.117 0.712 
 438 A _   0.041 0.078 0.002 0.020 0.022 0.044 0.119 0.673 
 439 V _   0.046 0.096 0.002 0.026 0.027 0.047 0.122 0.634 
 440 S _   0.050 0.113 0.002 0.032 0.031 0.048 0.126 0.599 
 441 I _   0.052 0.125 0.002 0.037 0.032 0.049 0.130 0.573 
 442 M _   0.053 0.132 0.002 0.039 0.032 0.048 0.135 0.559 
 443 H _   0.052 0.135 0.002 0.039 0.031 0.046 0.141 0.555 
 444 Q _   0.050 0.134 0.002 0.036 0.029 0.043 0.148 0.558 
 445 V _   0.047 0.130 0.002 0.032 0.026 0.040 0.156 0.567 
 446 S _   0.044 0.124 0.002 0.028 0.022 0.037 0.165 0.578 
 447 R _   0.040 0.116 0.001 0.025 0.019 0.034 0.175 0.590 
 448 T _   0.036 0.109 0.001 0.023 0.016 0.031 0.185 0.600 
 449 V _   0.032 0.102 0.001 0.022 0.013 0.027 0.196 0.606 
 450 D _   0.028 0.095 0.001 0.022 0.011 0.024 0.208 0.611 
 451 S _   0.024 0.088 0.001 0.022 0.010 0.022 0.219 0.614 
 452 I _   0.021 0.079 0.001 0.022 0.009 0.019 0.231 0.618 
 453 T _   0.018 0.069 0.001 0.020 0.008 0.016 0.243 0.624 
 454 L _   0.015 0.058 0.001 0.018 0.006 0.014 0.256 0.633 
 455 S _   0.013 0.047 0.001 0.014 0.005 0.011 0.267 0.643 
 456 W _   0.010 0.036 0.001 0.010 0.004 0.009 0.278 0.653 
 457 S _   0.008 0.027 0.000 0.007 0.003 0.007 0.287 0.661 
 458 Q _   0.006 0.021 0.000 0.005 0.002 0.006 0.294 0.666 
 459 P _   0.005 0.018 0.000 0.003 0.001 0.006 0.299 0.667 
 460 D _   0.005 0.017 0.000 0.003 0.001 0.006 0.304 0.665 
 461 Q _   0.005 0.018 0.000 0.003 0.001 0.007 0.307 0.660 
 462 P _   0.006 0.021 0.000 0.004 0.002 0.009 0.309 0.649 
 463 N _   0.007 0.031 0.000 0.007 0.004 0.012 0.310 0.629 
 464 G _   0.009 0.055 0.001 0.013 0.006 0.015 0.310 0.590 
 465 V _   0.010 0.101 0.001 0.023 0.010 0.019 0.309 0.527 
 466 I _   0.011 0.166 0.002 0.034 0.013 0.021 0.307 0.446 
 467 L _   0.010 0.231 0.002 0.045 0.015 0.022 0.306 0.369 
 468 D _   0.009 0.279 0.001 0.054 0.015 0.022 0.307 0.312 
 469 Y X   0.008 0.309 0.001 0.061 0.015 0.022 0.309 0.275 
 470 E E   0.008 0.324 0.001 0.065 0.015 0.021 0.313 0.253 
 471 L E   0.007 0.330 0.001 0.067 0.015 0.020 0.320 0.241 
 472 Q E   0.007 0.329 0.001 0.065 0.014 0.019 0.329 0.236 
 473 Y X   0.007 0.322 0.001 0.061 0.013 0.017 0.340 0.238 
 474 Y X   0.007 0.306 0.001 0.055 0.012 0.016 0.355 0.248 
 475 E X   0.006 0.280 0.001 0.048 0.011 0.014 0.374 0.266 
 476 K X   0.006 0.245 0.001 0.039 0.009 0.011 0.398 0.291 
 477 M X   0.005 0.196 0.001 0.029 0.007 0.008 0.428 0.325 
 478 K X   0.003 0.138 0.001 0.020 0.004 0.005 0.461 0.368 
 479 T X   0.001 0.078 0.000 0.010 0.001 0.002 0.489 0.418 
 480 Q X   0.000 0.045 0.000 0.005 0.000 0.001 0.498 0.451 
 481 R X   0.000 0.034 0.000 0.004 0.000 0.001 0.499 0.462 
 482 S X   0.003 0.031 0.001 0.011 0.003 0.003 0.491 0.459 
