#TopoPred_TM8: 8-state transmembrane topology prediction results by no_profile mode 
#probabilities are in the order of H E C I L F X _, the 8 transmembrane topology types used in PDBTM 
   1 M X   0.014 0.001 0.002 0.060 0.010 0.011 0.685 0.216 
   2 I X   0.005 0.001 0.000 0.038 0.002 0.006 0.703 0.244 
   3 S X   0.002 0.001 0.000 0.023 0.001 0.005 0.707 0.262 
   4 A X   0.002 0.001 0.000 0.017 0.001 0.005 0.703 0.271 
   5 D X   0.002 0.001 0.000 0.014 0.001 0.006 0.696 0.279 
   6 C X   0.003 0.002 0.000 0.013 0.002 0.008 0.685 0.288 
   7 N X   0.003 0.003 0.000 0.013 0.002 0.009 0.673 0.296 
   8 L X   0.004 0.005 0.000 0.013 0.003 0.011 0.659 0.304 
   9 C X   0.005 0.008 0.000 0.013 0.003 0.012 0.645 0.314 
  10 L X   0.005 0.011 0.001 0.014 0.004 0.013 0.628 0.325 
  11 P X   0.005 0.015 0.001 0.014 0.004 0.014 0.612 0.336 
  12 E X   0.005 0.018 0.001 0.013 0.005 0.015 0.596 0.347 
  13 Y X   0.006 0.022 0.001 0.013 0.005 0.017 0.580 0.357 
  14 D X   0.007 0.026 0.001 0.012 0.006 0.019 0.564 0.364 
  15 R X   0.009 0.032 0.001 0.012 0.008 0.022 0.548 0.368 
  16 Y X   0.011 0.041 0.001 0.014 0.010 0.026 0.530 0.367 
  17 L X   0.014 0.055 0.001 0.017 0.014 0.029 0.510 0.359 
  18 A X   0.016 0.078 0.002 0.023 0.019 0.032 0.488 0.342 
  19 S X   0.018 0.107 0.002 0.031 0.024 0.034 0.466 0.318 
  20 S X   0.019 0.139 0.002 0.041 0.026 0.034 0.445 0.292 
  21 K X   0.020 0.166 0.002 0.051 0.027 0.033 0.429 0.272 
  22 I X   0.020 0.183 0.002 0.058 0.026 0.032 0.417 0.262 
  23 M X   0.020 0.192 0.002 0.062 0.025 0.030 0.408 0.261 
  24 A X   0.020 0.194 0.002 0.063 0.023 0.027 0.403 0.268 
  25 A X   0.020 0.190 0.001 0.059 0.020 0.025 0.400 0.286 
  26 A X   0.018 0.178 0.001 0.051 0.017 0.021 0.398 0.315 
  27 Y X   0.017 0.156 0.001 0.041 0.013 0.018 0.398 0.356 
  28 L _   0.016 0.123 0.001 0.031 0.010 0.015 0.398 0.406 
  29 D _   0.014 0.086 0.001 0.021 0.007 0.013 0.400 0.459 
  30 P _   0.012 0.053 0.001 0.013 0.005 0.010 0.400 0.506 
  31 N _   0.010 0.031 0.000 0.008 0.003 0.008 0.400 0.540 
  32 L _   0.008 0.019 0.000 0.005 0.002 0.006 0.399 0.562 
  33 N _   0.006 0.013 0.000 0.003 0.001 0.005 0.396 0.576 
  34 H _   0.005 0.010 0.000 0.003 0.001 0.004 0.392 0.585 
  35 T _   0.004 0.009 0.000 0.003 0.001 0.004 0.386 0.593 
  36 P _   0.004 0.010 0.000 0.003 0.001 0.005 0.379 0.599 
  37 N _   0.004 0.011 0.000 0.005 0.002 0.006 0.369 0.603 
  38 S _   0.004 0.015 0.000 0.008 0.002 0.007 0.357 0.606 
  39 S _   0.004 0.022 0.000 0.012 0.004 0.009 0.343 0.605 
  40 T _   0.005 0.032 0.001 0.018 0.005 0.010 0.327 0.602 
  41 K _   0.005 0.043 0.001 0.024 0.006 0.012 0.311 0.599 
  42 T _   0.005 0.052 0.001 0.029 0.007 0.013 0.296 0.598 
  43 H _   0.004 0.060 0.001 0.032 0.007 0.013 0.283 0.600 
  44 L _   0.004 0.065 0.001 0.032 0.007 0.013 0.271 0.606 
  45 G _   0.004 0.068 0.001 0.030 0.007 0.013 0.261 0.616 
  46 T _   0.004 0.069 0.001 0.026 0.006 0.013 0.253 0.629 
  47 G _   0.005 0.068 0.001 0.021 0.005 0.013 0.245 0.643 
  48 M _   0.005 0.067 0.001 0.016 0.004 0.013 0.238 0.656 
  49 E _   0.006 0.066 0.000 0.012 0.004 0.014 0.232 0.666 
  50 R _   0.007 0.066 0.000 0.010 0.004 0.016 0.225 0.671 
  51 S _   0.009 0.068 0.001 0.009 0.005 0.019 0.218 0.671 
  52 P _   0.012 0.073 0.001 0.011 0.007 0.024 0.210 0.662 
  53 G _   0.017 0.085 0.001 0.015 0.012 0.029 0.200 0.641 
  54 A _   0.021 0.109 0.002 0.022 0.017 0.035 0.188 0.606 
  55 M _   0.026 0.143 0.002 0.032 0.024 0.040 0.176 0.557 
  56 E _   0.029 0.181 0.002 0.045 0.029 0.042 0.164 0.507 
  57 R _   0.030 0.210 0.002 0.057 0.033 0.043 0.155 0.471 
  58 V _   0.030 0.228 0.002 0.066 0.034 0.042 0.148 0.450 
  59 L _   0.030 0.236 0.002 0.072 0.033 0.040 0.143 0.445 
  60 K _   0.029 0.236 0.002 0.073 0.031 0.037 0.139 0.453 
  61 V _   0.027 0.227 0.002 0.068 0.028 0.034 0.137 0.477 
  62 F _   0.026 0.208 0.002 0.058 0.024 0.030 0.136 0.517 
  63 H _   0.024 0.173 0.002 0.046 0.019 0.026 0.135 0.575 
  64 Y _   0.021 0.125 0.002 0.032 0.014 0.022 0.135 0.649 
  65 F _   0.018 0.074 0.001 0.020 0.010 0.018 0.136 0.723 
  66 E _   0.015 0.038 0.001 0.011 0.006 0.015 0.135 0.779 
  67 S _   0.012 0.018 0.000 0.006 0.004 0.013 0.133 0.813 
  68 N _   0.010 0.011 0.000 0.003 0.002 0.012 0.131 0.829 
  69 S _   0.009 0.009 0.000 0.003 0.002 0.012 0.129 0.836 
  70 E _   0.010 0.009 0.000 0.003 0.003 0.014 0.125 0.835 
  71 P _   0.012 0.012 0.000 0.006 0.004 0.016 0.122 0.827 
  72 T _   0.014 0.019 0.001 0.011 0.007 0.020 0.117 0.811 
  73 T _   0.016 0.032 0.001 0.020 0.011 0.023 0.111 0.786 
  74 W _   0.017 0.048 0.001 0.031 0.015 0.026 0.105 0.758 
  75 A _   0.017 0.061 0.001 0.039 0.017 0.028 0.100 0.737 
  76 S _   0.017 0.069 0.001 0.044 0.018 0.028 0.095 0.726 
  77 I _   0.017 0.073 0.001 0.045 0.018 0.028 0.092 0.726 
  78 I _   0.016 0.073 0.001 0.042 0.017 0.027 0.089 0.735 
  79 R _   0.015 0.071 0.001 0.035 0.015 0.026 0.086 0.751 
  80 H _   0.015 0.065 0.001 0.026 0.012 0.025 0.084 0.771 
  81 G _   0.015 0.059 0.001 0.019 0.010 0.024 0.082 0.789 
  82 D _   0.015 0.054 0.001 0.014 0.009 0.024 0.081 0.803 
  83 A _   0.016 0.050 0.001 0.012 0.008 0.024 0.079 0.810 
  84 T _   0.017 0.049 0.001 0.011 0.009 0.025 0.078 0.811 
  85 D _   0.019 0.050 0.001 0.013 0.010 0.026 0.076 0.805 
  86 V _   0.021 0.053 0.001 0.018 0.012 0.028 0.074 0.793 
  87 R _   0.023 0.058 0.001 0.024 0.014 0.029 0.073 0.779 
  88 G _   0.023 0.062 0.001 0.030 0.016 0.029 0.071 0.767 
  89 I _   0.023 0.063 0.001 0.035 0.017 0.029 0.070 0.761 
  90 I _   0.023 0.063 0.001 0.037 0.017 0.027 0.070 0.762 
  91 Q _   0.022 0.060 0.001 0.034 0.015 0.026 0.070 0.772 
  92 K _   0.020 0.053 0.001 0.029 0.013 0.023 0.070 0.791 
  93 I _   0.018 0.042 0.001 0.022 0.010 0.021 0.070 0.815 
  94 V _   0.017 0.031 0.001 0.015 0.008 0.019 0.070 0.840 
  95 D _   0.015 0.022 0.001 0.009 0.006 0.018 0.070 0.860 
  96 S _   0.014 0.016 0.000 0.006 0.004 0.017 0.070 0.872 
  97 H _   0.014 0.014 0.000 0.004 0.004 0.018 0.070 0.876 
  98 K _   0.015 0.014 0.000 0.005 0.004 0.019 0.070 0.873 
  99 V _   0.018 0.016 0.001 0.006 0.006 0.022 0.069 0.863 
 100 K _   0.021 0.021 0.001 0.011 0.009 0.025 0.068 0.845 
 101 H _   0.024 0.030 0.001 0.018 0.013 0.029 0.067 0.819 
 102 V _   0.026 0.042 0.001 0.027 0.017 0.032 0.066 0.788 
 103 A _   0.027 0.054 0.002 0.037 0.020 0.034 0.065 0.761 
 104 C _   0.028 0.061 0.002 0.044 0.022 0.034 0.064 0.745 
 105 Y _   0.027 0.064 0.002 0.047 0.022 0.034 0.064 0.740 
 106 G _   0.026 0.063 0.002 0.046 0.021 0.032 0.064 0.746 
 107 F _   0.025 0.059 0.002 0.040 0.019 0.030 0.065 0.761 
 108 R _   0.023 0.051 0.001 0.032 0.016 0.028 0.066 0.783 
 109 L _   0.021 0.040 0.001 0.023 0.012 0.026 0.067 0.809 
 110 S _   0.020 0.028 0.001 0.015 0.009 0.024 0.069 0.834 
 111 H _   0.019 0.019 0.001 0.010 0.007 0.022 0.070 0.852 
 112 L _   0.018 0.013 0.001 0.007 0.006 0.021 0.071 0.863 
 113 R _   0.019 0.011 0.001 0.005 0.005 0.021 0.071 0.867 
 114 S _   0.021 0.010 0.001 0.005 0.005 0.022 0.072 0.864 
 115 E _   0.024 0.010 0.001 0.006 0.007 0.024 0.072 0.856 
 116 E _   0.028 0.012 0.001 0.008 0.009 0.026 0.073 0.843 
 117 V _   0.032 0.015 0.001 0.012 0.011 0.029 0.073 0.827 
 118 H _   0.036 0.020 0.001 0.016 0.014 0.031 0.073 0.809 
 119 W _   0.040 0.025 0.001 0.020 0.017 0.033 0.074 0.790 
 120 L _   0.042 0.029 0.001 0.025 0.019 0.033 0.075 0.776 
 121 H _   0.043 0.032 0.001 0.027 0.020 0.033 0.076 0.767 
 122 V _   0.043 0.034 0.001 0.029 0.020 0.032 0.077 0.764 
 123 D _   0.041 0.034 0.001 0.028 0.018 0.030 0.079 0.767 
 124 M _   0.039 0.033 0.001 0.026 0.016 0.028 0.081 0.775 
 125 G _   0.036 0.031 0.001 0.024 0.014 0.025 0.084 0.785 
 126 V _   0.033 0.028 0.001 0.021 0.011 0.023 0.086 0.796 
 127 S _   0.029 0.025 0.001 0.018 0.009 0.020 0.089 0.808 
 128 S _   0.026 0.021 0.001 0.016 0.008 0.018 0.091 0.820 
 129 V _   0.022 0.018 0.001 0.014 0.006 0.016 0.094 0.830 
 130 R _   0.019 0.015 0.001 0.012 0.005 0.013 0.096 0.839 
 131 E _   0.016 0.013 0.001 0.010 0.004 0.012 0.098 0.846 
 132 K _   0.014 0.010 0.000 0.009 0.003 0.010 0.099 0.853 
 133 Y _   0.012 0.009 0.000 0.007 0.003 0.009 0.100 0.860 
 134 E _   0.010 0.007 0.000 0.006 0.002 0.008 0.101 0.865 
 135 L _   0.008 0.007 0.000 0.005 0.002 0.007 0.101 0.869 
 136 A _   0.007 0.006 0.000 0.005 0.002 0.006 0.101 0.873 
 137 H _   0.006 0.006 0.000 0.004 0.002 0.006 0.100 0.875 
 138 P _   0.006 0.007 0.000 0.004 0.002 0.006 0.099 0.875 
 139 P _   0.006 0.009 0.000 0.004 0.002 0.007 0.097 0.874 
 140 E _   0.006 0.013 0.000 0.006 0.002 0.008 0.095 0.870 
 141 E _   0.007 0.019 0.000 0.007 0.003 0.009 0.093 0.861 
 142 W _   0.008 0.029 0.001 0.010 0.004 0.011 0.090 0.848 
 143 K _   0.008 0.043 0.001 0.014 0.005 0.013 0.086 0.829 
 144 Y _   0.009 0.061 0.001 0.018 0.007 0.014 0.083 0.808 
 145 E _   0.009 0.081 0.001 0.022 0.008 0.016 0.079 0.785 
 146 L _   0.009 0.099 0.001 0.027 0.009 0.016 0.075 0.764 
 147 R _   0.009 0.113 0.001 0.030 0.010 0.017 0.073 0.748 
 148 I _   0.009 0.124 0.001 0.032 0.010 0.017 0.070 0.737 
 149 R _   0.009 0.131 0.001 0.034 0.010 0.017 0.068 0.730 
 150 Y _   0.009 0.134 0.001 0.034 0.010 0.017 0.067 0.729 
 151 L _   0.009 0.135 0.001 0.034 0.010 0.016 0.066 0.730 
 152 P _   0.009 0.134 0.001 0.033 0.010 0.016 0.065 0.733 
 153 K _   0.009 0.130 0.001 0.031 0.009 0.015 0.065 0.740 
 154 G _   0.009 0.123 0.001 0.029 0.008 0.014 0.065 0.750 
 155 F _   0.010 0.113 0.001 0.026 0.008 0.014 0.066 0.764 
 156 L _   0.009 0.101 0.001 0.022 0.007 0.013 0.067 0.781 
 157 N _   0.009 0.086 0.001 0.019 0.006 0.012 0.067 0.801 
 158 Q _   0.009 0.071 0.001 0.015 0.005 0.011 0.068 0.822 
 159 F _   0.008 0.056 0.001 0.011 0.004 0.010 0.069 0.842 
 160 T _   0.007 0.045 0.000 0.008 0.003 0.009 0.069 0.858 
 161 E _   0.007 0.038 0.000 0.006 0.003 0.009 0.069 0.868 
 162 D _   0.007 0.035 0.000 0.005 0.002 0.009 0.068 0.873 
 163 K _   0.007 0.034 0.000 0.006 0.003 0.010 0.067 0.873 
 164 P _   0.008 0.034 0.000 0.007 0.004 0.012 0.067 0.868 
 165 T _   0.009 0.037 0.001 0.010 0.005 0.014 0.065 0.859 
 166 L _   0.010 0.042 0.001 0.015 0.006 0.015 0.064 0.846 
 167 N _   0.011 0.047 0.001 0.020 0.008 0.017 0.063 0.834 
 168 F _   0.011 0.051 0.001 0.024 0.009 0.018 0.061 0.825 
 169 F _   0.011 0.053 0.001 0.026 0.009 0.018 0.060 0.821 
 170 Y _   0.011 0.053 0.001 0.025 0.009 0.018 0.059 0.823 
 171 Q _   0.011 0.052 0.001 0.022 0.009 0.018 0.058 0.830 
 172 Q _   0.010 0.050 0.001 0.019 0.008 0.017 0.058 0.838 
 173 V _   0.010 0.047 0.001 0.016 0.007 0.017 0.057 0.846 
 174 K _   0.011 0.044 0.001 0.014 0.007 0.017 0.057 0.851 
 175 S _   0.011 0.041 0.001 0.012 0.007 0.017 0.056 0.854 
 176 D _   0.012 0.040 0.001 0.013 0.007 0.018 0.056 0.853 
 177 Y _   0.014 0.040 0.001 0.014 0.008 0.018 0.056 0.850 
 178 M _   0.015 0.039 0.001 0.016 0.008 0.019 0.056 0.846 
 179 L _   0.015 0.039 0.001 0.017 0.008 0.019 0.056 0.845 
 180 E _   0.016 0.037 0.001 0.017 0.008 0.019 0.056 0.846 
 181 I _   0.016 0.035 0.001 0.016 0.008 0.018 0.056 0.850 
 182 A _   0.016 0.032 0.001 0.013 0.007 0.018 0.056 0.856 
 183 D _   0.016 0.029 0.001 0.011 0.006 0.018 0.056 0.863 
 184 Q _   0.016 0.027 0.001 0.009 0.006 0.018 0.056 0.867 
 185 V _   0.017 0.025 0.001 0.007 0.005 0.019 0.056 0.869 
 186 D _   0.019 0.024 0.001 0.006 0.006 0.021 0.056 0.867 
 187 Q _   0.022 0.026 0.001 0.007 0.007 0.023 0.056 0.859 
 188 E _   0.025 0.029 0.001 0.008 0.008 0.026 0.056 0.847 
 189 I _   0.029 0.036 0.001 0.011 0.011 0.029 0.055 0.828 
 190 A _   0.033 0.045 0.001 0.015 0.014 0.032 0.055 0.805 
 191 L _   0.036 0.057 0.001 0.019 0.016 0.034 0.054 0.782 
 192 K _   0.038 0.068 0.001 0.023 0.019 0.035 0.054 0.762 
 193 L _   0.039 0.077 0.001 0.026 0.020 0.036 0.054 0.747 
 194 G _   0.039 0.084 0.001 0.028 0.021 0.035 0.054 0.737 
 195 C _   0.039 0.089 0.001 0.028 0.020 0.034 0.055 0.733 
 196 L _   0.038 0.091 0.001 0.028 0.019 0.033 0.056 0.734 
 197 E _   0.036 0.092 0.001 0.027 0.018 0.031 0.057 0.739 
 198 I _   0.034 0.091 0.001 0.025 0.016 0.029 0.058 0.746 
 199 R _   0.031 0.089 0.001 0.024 0.014 0.027 0.060 0.754 
 200 R _   0.028 0.087 0.001 0.023 0.013 0.025 0.061 0.762 
 201 S _   0.025 0.083 0.001 0.023 0.011 0.022 0.063 0.772 
 202 Y _   0.022 0.079 0.001 0.022 0.010 0.020 0.065 0.781 
 203 W _   0.019 0.074 0.001 0.022 0.008 0.018 0.067 0.790 
 204 E _   0.017 0.069 0.001 0.021 0.007 0.016 0.070 0.800 
 205 M _   0.015 0.062 0.001 0.019 0.006 0.014 0.072 0.812 
 206 R _   0.013 0.054 0.001 0.017 0.005 0.012 0.074 0.824 
 207 G _   0.011 0.046 0.001 0.014 0.004 0.010 0.076 0.837 
 208 N _   0.010 0.038 0.000 0.012 0.003 0.009 0.078 0.850 
 209 A _   0.008 0.031 0.000 0.009 0.003 0.008 0.080 0.861 
 210 L _   0.007 0.025 0.000 0.007 0.002 0.007 0.081 0.870 
 211 E _   0.006 0.021 0.000 0.006 0.002 0.006 0.082 0.877 
 212 K _   0.006 0.019 0.000 0.005 0.002 0.005 0.082 0.882 
 213 K _   0.005 0.017 0.000 0.004 0.002 0.005 0.082 0.884 
 214 S _   0.005 0.017 0.000 0.004 0.002 0.005 0.082 0.885 
 215 N _   0.005 0.018 0.000 0.005 0.002 0.006 0.081 0.884 
 216 Y _   0.005 0.021 0.000 0.006 0.002 0.006 0.080 0.881 
 217 E _   0.005 0.025 0.000 0.007 0.002 0.007 0.078 0.875 
 218 V _   0.005 0.031 0.000 0.009 0.003 0.008 0.076 0.867 
 219 L _   0.006 0.039 0.000 0.012 0.003 0.009 0.073 0.857 
 220 E _   0.006 0.049 0.001 0.014 0.004 0.010 0.071 0.845 
 221 K _   0.006 0.061 0.001 0.018 0.005 0.011 0.068 0.831 
 222 D _   0.006 0.072 0.001 0.021 0.006 0.013 0.065 0.817 
 223 V _   0.006 0.082 0.001 0.024 0.007 0.013 0.063 0.804 
 224 G _   0.007 0.091 0.001 0.026 0.007 0.014 0.061 0.793 
 225 L _   0.007 0.097 0.001 0.027 0.008 0.014 0.059 0.786 
 226 K _   0.008 0.101 0.001 0.027 0.008 0.015 0.057 0.783 
 227 R _   0.008 0.103 0.001 0.026 0.008 0.014 0.056 0.784 
 228 F _   0.008 0.103 0.001 0.024 0.007 0.014 0.056 0.788 
 229 F _   0.007 0.101 0.001 0.022 0.007 0.013 0.055 0.794 
 230 P _   0.007 0.098 0.001 0.019 0.006 0.013 0.055 0.801 
 231 K _   0.007 0.094 0.001 0.016 0.006 0.013 0.055 0.809 
 232 S _   0.008 0.090 0.001 0.014 0.005 0.012 0.054 0.816 
 233 L _   0.008 0.086 0.001 0.012 0.005 0.012 0.054 0.822 
 234 L _   0.008 0.084 0.001 0.011 0.004 0.012 0.054 0.826 
 235 D _   0.009 0.082 0.001 0.010 0.004 0.013 0.054 0.828 
 236 S _   0.009 0.081 0.001 0.010 0.005 0.013 0.053 0.828 
 237 V _   0.010 0.081 0.001 0.010 0.005 0.014 0.053 0.827 
 238 K _   0.011 0.082 0.001 0.011 0.005 0.016 0.052 0.823 
 239 A _   0.012 0.084 0.001 0.012 0.006 0.017 0.052 0.817 
 240 K _   0.013 0.087 0.001 0.013 0.007 0.019 0.051 0.809 
 241 T _   0.015 0.091 0.001 0.016 0.009 0.020 0.050 0.799 
 242 L _   0.016 0.095 0.001 0.019 0.010 0.022 0.050 0.788 
 243 R _   0.017 0.099 0.001 0.022 0.011 0.023 0.049 0.777 
 244 K _   0.018 0.103 0.001 0.026 0.013 0.023 0.049 0.767 
 245 L _   0.019 0.105 0.001 0.029 0.014 0.024 0.049 0.760 
 246 I _   0.019 0.105 0.001 0.032 0.014 0.023 0.049 0.756 
 247 Q _   0.019 0.103 0.001 0.033 0.014 0.022 0.050 0.759 
 248 Q _   0.018 0.097 0.001 0.032 0.013 0.021 0.050 0.767 
 249 T _   0.017 0.088 0.001 0.029 0.011 0.019 0.052 0.782 
 250 F _   0.016 0.075 0.001 0.025 0.010 0.018 0.053 0.802 
 251 R _   0.015 0.058 0.001 0.020 0.008 0.016 0.055 0.828 
 252 Q _   0.013 0.040 0.001 0.015 0.006 0.014 0.056 0.855 
 253 F _   0.012 0.024 0.001 0.010 0.005 0.013 0.057 0.879 
 254 A _   0.011 0.014 0.000 0.007 0.003 0.012 0.058 0.895 
 255 N _   0.011 0.008 0.000 0.005 0.003 0.012 0.058 0.904 
 256 L _   0.011 0.005 0.000 0.003 0.002 0.012 0.058 0.908 
 257 N _   0.013 0.004 0.000 0.003 0.003 0.014 0.058 0.906 
 258 R _   0.016 0.004 0.000 0.003 0.003 0.017 0.058 0.899 
 259 E _   0.021 0.005 0.001 0.005 0.005 0.021 0.057 0.886 
 260 E _   0.027 0.007 0.001 0.007 0.008 0.027 0.056 0.866 
 261 S _   0.035 0.013 0.001 0.012 0.013 0.033 0.054 0.839 
 262 I _   0.042 0.022 0.001 0.019 0.019 0.040 0.053 0.804 
 263 L _   0.049 0.032 0.002 0.026 0.025 0.045 0.051 0.769 
 264 K _   0.054 0.042 0.002 0.034 0.030 0.048 0.050 0.739 
 265 F _   0.057 0.049 0.002 0.040 0.033 0.049 0.049 0.719 
 266 F _   0.059 0.053 0.002 0.044 0.035 0.049 0.049 0.710 
 267 E _   0.058 0.054 0.002 0.045 0.034 0.048 0.049 0.711 
 268 I _   0.057 0.053 0.002 0.042 0.031 0.045 0.049 0.722 
 269 L _   0.053 0.048 0.002 0.037 0.027 0.041 0.050 0.742 
 270 S _   0.049 0.040 0.002 0.031 0.022 0.037 0.051 0.769 
 271 P _   0.045 0.031 0.001 0.023 0.017 0.033 0.052 0.799 
 272 V _   0.040 0.021 0.001 0.016 0.012 0.028 0.053 0.828 
 273 Y _   0.036 0.012 0.001 0.011 0.009 0.025 0.053 0.854 
 274 R _   0.033 0.006 0.001 0.007 0.006 0.022 0.054 0.872 
 275 F _   0.031 0.003 0.001 0.005 0.005 0.020 0.054 0.883 
 276 D _   0.031 0.001 0.000 0.003 0.004 0.020 0.053 0.887 
 277 K _   0.034 0.000 0.000 0.003 0.004 0.020 0.053 0.885 
 278 E _   0.039 0.000 0.000 0.003 0.004 0.022 0.052 0.879 
 279 C _   0.049 0.000 0.001 0.003 0.005 0.024 0.051 0.866 
 280 F _   0.062 0.000 0.001 0.004 0.007 0.028 0.051 0.848 
 281 K _   0.077 0.000 0.001 0.004 0.010 0.032 0.050 0.825 
 282 C _   0.096 0.001 0.001 0.005 0.014 0.037 0.048 0.798 
 283 A _   0.116 0.001 0.001 0.007 0.018 0.041 0.048 0.769 
 284 L _   0.136 0.001 0.001 0.008 0.023 0.046 0.047 0.739 
 285 G _   0.156 0.002 0.002 0.009 0.028 0.049 0.046 0.708 
 286 S _   0.175 0.002 0.002 0.010 0.032 0.052 0.046 0.681 
 287 S _   0.191 0.003 0.002 0.011 0.035 0.053 0.046 0.659 
 288 W _   0.202 0.004 0.002 0.012 0.036 0.054 0.046 0.644 
 289 I _   0.208 0.004 0.002 0.013 0.037 0.054 0.047 0.636 
 290 I _   0.208 0.005 0.002 0.014 0.036 0.052 0.048 0.635 
 291 S _   0.203 0.005 0.002 0.014 0.034 0.051 0.050 0.641 
 292 V _   0.194 0.005 0.002 0.013 0.031 0.048 0.052 0.654 
 293 E _   0.180 0.005 0.002 0.013 0.028 0.045 0.054 0.673 
 294 L _   0.161 0.005 0.002 0.012 0.024 0.042 0.057 0.697 
 295 A _   0.140 0.005 0.001 0.012 0.020 0.039 0.059 0.723 
 296 I _   0.118 0.006 0.001 0.012 0.018 0.036 0.062 0.747 
 297 G _   0.098 0.006 0.001 0.013 0.015 0.033 0.065 0.770 
 298 P _   0.080 0.007 0.001 0.014 0.014 0.030 0.067 0.787 
 299 E _   0.064 0.008 0.001 0.016 0.012 0.028 0.070 0.801 
 300 E _   0.051 0.009 0.001 0.018 0.011 0.025 0.073 0.813 
 301 G _   0.040 0.010 0.001 0.019 0.010 0.022 0.075 0.823 
 302 I _   0.031 0.010 0.001 0.019 0.009 0.019 0.078 0.833 
 303 S _   0.023 0.010 0.001 0.018 0.007 0.016 0.081 0.844 
 304 Y _   0.018 0.009 0.001 0.016 0.006 0.014 0.083 0.854 
 305 L _   0.014 0.009 0.001 0.013 0.004 0.012 0.085 0.863 
 306 T _   0.011 0.008 0.000 0.010 0.003 0.010 0.087 0.871 
 307 D _   0.009 0.007 0.000 0.007 0.003 0.008 0.089 0.877 
 308 K _   0.007 0.007 0.000 0.005 0.002 0.008 0.090 0.881 
 309 G _   0.006 0.007 0.000 0.004 0.002 0.007 0.091 0.882 
 310 C _   0.006 0.008 0.000 0.004 0.002 0.008 0.091 0.881 
 311 N _   0.006 0.010 0.000 0.005 0.002 0.009 0.091 0.876 
 312 P _   0.007 0.016 0.000 0.007 0.003 0.011 0.090 0.865 
 313 T _   0.009 0.027 0.001 0.010 0.005 0.014 0.089 0.846 
 314 H _   0.010 0.049 0.001 0.016 0.007 0.017 0.087 0.811 
 315 L _   0.012 0.086 0.001 0.026 0.011 0.021 0.085 0.759 
 316 A _   0.013 0.132 0.002 0.038 0.014 0.023 0.082 0.697 
 317 D _   0.013 0.177 0.002 0.050 0.017 0.025 0.079 0.637 
 318 F _   0.013 0.212 0.002 0.061 0.018 0.025 0.077 0.591 
 319 T _   0.013 0.233 0.002 0.070 0.019 0.025 0.077 0.561 
 320 Q _   0.013 0.244 0.001 0.075 0.019 0.024 0.077 0.546 
 321 V _   0.013 0.247 0.001 0.076 0.018 0.023 0.078 0.544 
 322 Q _   0.013 0.241 0.001 0.072 0.016 0.021 0.080 0.555 
 323 T _   0.013 0.227 0.001 0.063 0.014 0.019 0.084 0.579 
 324 I _   0.012 0.200 0.001 0.052 0.012 0.017 0.088 0.618 
 325 Q _   0.012 0.160 0.001 0.039 0.009 0.014 0.093 0.671 
 326 Y _   0.011 0.112 0.001 0.027 0.007 0.012 0.098 0.731 
 327 S _   0.010 0.070 0.001 0.017 0.005 0.010 0.103 0.785 
 328 N _   0.008 0.040 0.000 0.010 0.003 0.008 0.106 0.824 
 329 S _   0.007 0.024 0.000 0.006 0.002 0.006 0.108 0.847 
 330 E _   0.005 0.017 0.000 0.004 0.001 0.005 0.109 0.859 
 331 D _   0.004 0.014 0.000 0.003 0.001 0.005 0.109 0.864 
 332 K _   0.004 0.013 0.000 0.003 0.001 0.005 0.108 0.866 
 333 D _   0.004 0.013 0.000 0.004 0.001 0.006 0.106 0.865 
 334 R _   0.005 0.016 0.000 0.006 0.002 0.007 0.103 0.861 
 335 K _   0.005 0.022 0.000 0.010 0.003 0.009 0.099 0.851 
 336 G _   0.006 0.031 0.001 0.016 0.004 0.012 0.095 0.837 
 337 M _   0.006 0.042 0.001 0.023 0.006 0.013 0.090 0.820 
 338 L _   0.006 0.053 0.001 0.029 0.007 0.015 0.085 0.804 
 339 Q _   0.006 0.061 0.001 0.034 0.008 0.016 0.080 0.793 
 340 L _   0.006 0.066 0.001 0.037 0.009 0.017 0.077 0.789 
 341 K _   0.007 0.067 0.001 0.036 0.009 0.017 0.074 0.790 
 342 I _   0.007 0.067 0.001 0.033 0.009 0.017 0.071 0.796 
 343 A _   0.007 0.064 0.001 0.029 0.008 0.017 0.069 0.805 
 344 G _   0.008 0.060 0.001 0.023 0.007 0.017 0.068 0.816 
 345 A _   0.008 0.055 0.001 0.018 0.007 0.017 0.067 0.827 
 346 P _   0.010 0.050 0.001 0.014 0.006 0.018 0.066 0.835 
 347 E _   0.011 0.045 0.001 0.011 0.006 0.020 0.065 0.841 
 348 P _   0.014 0.042 0.001 0.010 0.006 0.022 0.064 0.842 
 349 L _   0.017 0.041 0.001 0.009 0.007 0.024 0.063 0.839 
 350 T _   0.020 0.041 0.001 0.009 0.008 0.027 0.062 0.832 
 351 V _   0.024 0.042 0.001 0.011 0.010 0.031 0.060 0.820 
 352 T _   0.029 0.045 0.001 0.013 0.013 0.035 0.059 0.805 
 353 A _   0.033 0.050 0.001 0.016 0.016 0.038 0.058 0.787 
 354 P _   0.037 0.056 0.001 0.020 0.020 0.041 0.057 0.769 
 355 S _   0.040 0.062 0.002 0.024 0.023 0.043 0.056 0.752 
 356 L _   0.042 0.066 0.002 0.027 0.025 0.043 0.055 0.740 
 357 T _   0.043 0.069 0.002 0.029 0.025 0.043 0.055 0.734 
 358 I _   0.043 0.070 0.002 0.030 0.025 0.042 0.055 0.734 
 359 A _   0.042 0.069 0.002 0.030 0.024 0.040 0.055 0.739 
 360 E _   0.040 0.066 0.002 0.028 0.022 0.038 0.055 0.750 
 361 N _   0.038 0.062 0.001 0.025 0.019 0.035 0.056 0.764 
 362 M _   0.035 0.057 0.001 0.021 0.016 0.032 0.057 0.781 
 363 A _   0.032 0.051 0.001 0.018 0.013 0.029 0.058 0.798 
 364 D _   0.029 0.045 0.001 0.015 0.011 0.026 0.059 0.813 
 365 L _   0.027 0.040 0.001 0.013 0.009 0.023 0.060 0.827 
 366 I _   0.024 0.036 0.001 0.012 0.008 0.021 0.061 0.837 
 367 D _   0.022 0.033 0.001 0.011 0.007 0.020 0.062 0.845 
 368 G _   0.020 0.030 0.001 0.011 0.007 0.019 0.062 0.850 
 369 Y _   0.019 0.029 0.001 0.011 0.006 0.018 0.063 0.854 
 370 C _   0.017 0.027 0.001 0.011 0.006 0.017 0.064 0.857 
 371 R _   0.016 0.026 0.001 0.011 0.006 0.016 0.065 0.859 
 372 L _   0.015 0.025 0.001 0.011 0.006 0.015 0.065 0.862 
 373 V _   0.014 0.025 0.001 0.011 0.006 0.014 0.066 0.863 
 374 N _   0.013 0.025 0.001 0.012 0.006 0.014 0.067 0.864 
 375 G _   0.013 0.025 0.001 0.012 0.006 0.013 0.067 0.864 
 376 T _   0.012 0.025 0.001 0.013 0.006 0.013 0.068 0.863 
 377 S _   0.012 0.025 0.001 0.014 0.006 0.013 0.069 0.862 
 378 Q _   0.012 0.025 0.001 0.015 0.006 0.012 0.070 0.860 
 379 S _   0.011 0.024 0.001 0.015 0.006 0.012 0.071 0.860 
 380 F _   0.011 0.024 0.001 0.015 0.005 0.011 0.072 0.861 
 381 I _   0.010 0.023 0.001 0.014 0.005 0.011 0.073 0.864 
 382 I _   0.009 0.021 0.001 0.013 0.004 0.010 0.075 0.867 
 383 R _   0.008 0.020 0.000 0.012 0.004 0.009 0.076 0.871 
 384 P _   0.008 0.018 0.000 0.010 0.003 0.008 0.077 0.876 
 385 Q _   0.007 0.017 0.000 0.009 0.003 0.008 0.078 0.879 
 386 K _   0.007 0.016 0.000 0.008 0.003 0.007 0.078 0.881 
 387 E _   0.006 0.015 0.000 0.008 0.003 0.007 0.079 0.882 
 388 G _   0.006 0.015 0.000 0.008 0.003 0.007 0.079 0.882 
 389 E _   0.006 0.015 0.000 0.009 0.003 0.007 0.080 0.880 
 390 R _   0.006 0.016 0.000 0.010 0.003 0.007 0.080 0.877 
 391 A _   0.006 0.017 0.000 0.011 0.003 0.007 0.080 0.875 
 392 L _   0.006 0.019 0.000 0.012 0.003 0.008 0.080 0.872 
 393 P _   0.006 0.020 0.000 0.012 0.003 0.007 0.080 0.871 
 394 S _   0.006 0.020 0.000 0.012 0.003 0.007 0.080 0.871 
 395 I _   0.005 0.021 0.000 0.011 0.003 0.007 0.080 0.872 
 396 P _   0.005 0.021 0.000 0.010 0.003 0.007 0.080 0.874 
 397 K _   0.005 0.021 0.000 0.009 0.002 0.007 0.080 0.876 
 398 L _   0.005 0.021 0.000 0.008 0.002 0.007 0.080 0.878 
 399 A _   0.005 0.022 0.000 0.007 0.002 0.007 0.079 0.878 
 400 N _   0.005 0.024 0.000 0.007 0.002 0.007 0.078 0.876 
 401 S _   0.005 0.028 0.000 0.008 0.003 0.008 0.077 0.872 
 402 E _   0.006 0.034 0.000 0.010 0.003 0.010 0.075 0.862 
 403 K _   0.006 0.043 0.001 0.014 0.004 0.011 0.073 0.847 
 404 Q _   0.007 0.057 0.001 0.019 0.006 0.013 0.071 0.827 
 405 G _   0.008 0.072 0.001 0.026 0.008 0.015 0.068 0.803 
 406 M _   0.008 0.088 0.001 0.033 0.009 0.016 0.066 0.779 
 407 R _   0.008 0.099 0.001 0.039 0.010 0.016 0.064 0.762 
 408 T _   0.008 0.107 0.001 0.043 0.011 0.016 0.063 0.751 
 409 H _   0.008 0.110 0.001 0.045 0.011 0.016 0.062 0.747 
 410 A _   0.008 0.110 0.001 0.043 0.010 0.015 0.062 0.750 
 411 V _   0.008 0.106 0.001 0.039 0.009 0.014 0.062 0.761 
 412 S _   0.008 0.098 0.001 0.032 0.008 0.013 0.063 0.778 
 413 V _   0.007 0.088 0.001 0.025 0.006 0.011 0.064 0.798 
 414 S _   0.007 0.075 0.001 0.018 0.005 0.010 0.065 0.819 
 415 E _   0.007 0.064 0.001 0.013 0.004 0.009 0.066 0.837 
 416 T _   0.006 0.055 0.000 0.010 0.003 0.008 0.066 0.851 
 417 D _   0.006 0.049 0.000 0.008 0.003 0.008 0.066 0.859 
 418 D _   0.006 0.046 0.000 0.007 0.002 0.008 0.066 0.864 
 419 Y _   0.006 0.045 0.000 0.008 0.003 0.008 0.066 0.864 
 420 A _   0.006 0.045 0.000 0.009 0.003 0.008 0.066 0.862 
 421 E _   0.006 0.046 0.000 0.011 0.003 0.009 0.065 0.858 
 422 I _   0.006 0.049 0.000 0.014 0.004 0.010 0.064 0.853 
 423 I _   0.007 0.051 0.001 0.016 0.004 0.010 0.063 0.848 
 424 D _   0.007 0.052 0.001 0.018 0.005 0.010 0.062 0.845 
 425 E _   0.007 0.053 0.001 0.019 0.005 0.010 0.062 0.844 
 426 E _   0.007 0.053 0.001 0.019 0.005 0.010 0.061 0.845 
 427 D _   0.006 0.051 0.001 0.018 0.005 0.010 0.061 0.849 
 428 T _   0.006 0.049 0.001 0.016 0.004 0.009 0.061 0.855 
 429 Y _   0.006 0.046 0.000 0.013 0.004 0.009 0.061 0.862 
 430 T _   0.006 0.043 0.000 0.011 0.003 0.008 0.060 0.869 
 431 M _   0.006 0.040 0.000 0.009 0.003 0.008 0.060 0.874 
 432 P _   0.005 0.039 0.000 0.007 0.002 0.008 0.060 0.878 
 433 S _   0.006 0.039 0.000 0.006 0.002 0.008 0.059 0.880 
 434 T _   0.006 0.040 0.000 0.006 0.003 0.009 0.058 0.878 
 435 R _   0.006 0.043 0.000 0.007 0.003 0.010 0.056 0.874 
 436 D _   0.007 0.049 0.000 0.009 0.004 0.012 0.055 0.864 
 437 Y _   0.008 0.060 0.001 0.011 0.005 0.014 0.052 0.848 
 438 E _   0.010 0.076 0.001 0.015 0.007 0.017 0.050 0.824 
 439 I _   0.011 0.097 0.001 0.019 0.009 0.019 0.047 0.796 
 440 Q _   0.012 0.122 0.001 0.023 0.011 0.021 0.045 0.766 
 441 R _   0.012 0.146 0.001 0.027 0.012 0.022 0.042 0.736 
 442 E _   0.013 0.167 0.001 0.031 0.013 0.023 0.040 0.712 
 443 R _   0.013 0.184 0.001 0.033 0.014 0.024 0.038 0.693 
 444 I _   0.013 0.195 0.001 0.034 0.015 0.024 0.036 0.682 
 445 E _   0.014 0.203 0.001 0.034 0.015 0.024 0.035 0.675 
 446 L _   0.014 0.206 0.001 0.033 0.014 0.023 0.034 0.674 
 447 G _   0.014 0.206 0.001 0.032 0.014 0.022 0.034 0.677 
 448 R _   0.014 0.204 0.001 0.029 0.013 0.022 0.033 0.684 
 449 C _   0.014 0.198 0.001 0.027 0.012 0.020 0.033 0.694 
 450 I _   0.014 0.190 0.001 0.024 0.011 0.020 0.033 0.707 
 451 G _   0.014 0.180 0.001 0.022 0.010 0.019 0.034 0.722 
 452 E _   0.013 0.169 0.001 0.019 0.009 0.018 0.034 0.737 
 453 G _   0.013 0.159 0.001 0.017 0.008 0.017 0.034 0.751 
 454 Q _   0.013 0.149 0.001 0.016 0.008 0.017 0.034 0.763 
 455 F _   0.012 0.139 0.001 0.016 0.007 0.016 0.035 0.773 
 456 G _   0.012 0.131 0.001 0.016 0.007 0.016 0.035 0.782 
 457 D _   0.012 0.124 0.001 0.017 0.007 0.015 0.035 0.789 
 458 V _   0.011 0.116 0.001 0.018 0.007 0.015 0.036 0.796 
 459 H _   0.011 0.108 0.001 0.018 0.007 0.014 0.036 0.805 
 460 Q _   0.011 0.099 0.001 0.017 0.006 0.013 0.037 0.816 
 461 G _   0.010 0.089 0.001 0.015 0.006 0.013 0.037 0.829 
 462 I _   0.010 0.078 0.001 0.013 0.005 0.012 0.038 0.844 
 463 Y _   0.009 0.068 0.001 0.010 0.004 0.012 0.038 0.859 
 464 M _   0.008 0.060 0.000 0.008 0.004 0.011 0.038 0.870 
 465 S _   0.008 0.055 0.000 0.006 0.003 0.012 0.038 0.877 
 466 P _   0.009 0.054 0.000 0.006 0.003 0.013 0.038 0.877 
 467 E _   0.010 0.055 0.000 0.006 0.004 0.016 0.037 0.871 
 468 N _   0.013 0.061 0.001 0.009 0.006 0.019 0.036 0.855 
 469 P _   0.016 0.075 0.001 0.015 0.010 0.023 0.035 0.825 
 470 A _   0.018 0.102 0.001 0.024 0.014 0.027 0.033 0.780 
 471 L _   0.020 0.136 0.002 0.037 0.019 0.029 0.031 0.726 
 472 A _   0.020 0.167 0.002 0.049 0.021 0.031 0.029 0.681 
 473 V _   0.020 0.187 0.002 0.058 0.022 0.030 0.028 0.653 
 474 A _   0.019 0.197 0.002 0.063 0.022 0.029 0.028 0.641 
 475 I _   0.018 0.199 0.002 0.063 0.021 0.027 0.027 0.644 
 476 K _   0.017 0.195 0.001 0.057 0.018 0.025 0.027 0.660 
 477 T _   0.015 0.183 0.001 0.048 0.015 0.022 0.028 0.688 
 478 C _   0.014 0.162 0.001 0.037 0.012 0.019 0.028 0.726 
 479 K _   0.012 0.135 0.001 0.026 0.009 0.017 0.029 0.770 
 480 N _   0.011 0.107 0.001 0.017 0.007 0.015 0.030 0.812 
 481 C _   0.010 0.086 0.001 0.011 0.005 0.014 0.030 0.844 
 482 T _   0.009 0.073 0.000 0.008 0.004 0.013 0.030 0.863 
 483 S _   0.008 0.068 0.000 0.006 0.003 0.013 0.030 0.871 
 484 D _   0.009 0.066 0.000 0.006 0.003 0.013 0.030 0.873 
 485 S _   0.009 0.067 0.000 0.008 0.004 0.015 0.029 0.867 
 486 V _   0.010 0.072 0.001 0.011 0.005 0.017 0.028 0.856 
 487 R _   0.012 0.081 0.001 0.016 0.007 0.019 0.027 0.838 
 488 E _   0.013 0.092 0.001 0.023 0.010 0.021 0.026 0.815 
 489 K _   0.013 0.102 0.001 0.031 0.012 0.023 0.024 0.793 
 490 F _   0.014 0.111 0.001 0.038 0.014 0.024 0.023 0.776 
 491 L _   0.015 0.115 0.001 0.043 0.015 0.024 0.023 0.764 
 492 Q _   0.015 0.116 0.001 0.045 0.016 0.024 0.022 0.761 
 493 E _   0.015 0.113 0.001 0.045 0.015 0.023 0.022 0.765 
 494 A _   0.015 0.106 0.001 0.041 0.014 0.022 0.022 0.779 
 495 L _   0.016 0.093 0.001 0.035 0.012 0.020 0.022 0.801 
 496 T _   0.016 0.074 0.001 0.027 0.010 0.018 0.022 0.831 
 497 M _   0.016 0.051 0.001 0.019 0.008 0.017 0.023 0.865 
 498 R _   0.016 0.031 0.001 0.013 0.006 0.015 0.023 0.895 
 499 Q _   0.016 0.015 0.001 0.008 0.005 0.015 0.023 0.918 
 500 F _   0.017 0.007 0.000 0.005 0.004 0.014 0.023 0.930 
 501 D _   0.019 0.003 0.000 0.004 0.003 0.015 0.022 0.934 
 502 H _   0.024 0.001 0.000 0.003 0.004 0.016 0.022 0.930 
 503 P _   0.032 0.001 0.000 0.004 0.004 0.018 0.021 0.920 
 504 H _   0.044 0.001 0.001 0.005 0.006 0.022 0.020 0.902 
 505 I _   0.061 0.001 0.001 0.007 0.009 0.026 0.019 0.877 
 506 V _   0.080 0.001 0.001 0.010 0.013 0.030 0.017 0.847 
 507 K _   0.103 0.002 0.001 0.013 0.016 0.033 0.016 0.816 
 508 L _   0.127 0.002 0.001 0.015 0.019 0.035 0.015 0.787 
 509 I _   0.155 0.002 0.002 0.014 0.020 0.036 0.013 0.759 
 510 G _   0.186 0.001 0.002 0.012 0.020 0.035 0.012 0.732 
 511 V _   0.219 0.001 0.001 0.009 0.018 0.034 0.011 0.707 
 512 I _   0.255 0.000 0.001 0.005 0.016 0.032 0.010 0.680 
 513 T _   0.296 0.000 0.001 0.003 0.014 0.030 0.009 0.646 
 514 E _   0.341 0.000 0.001 0.002 0.013 0.029 0.007 0.606 
 515 N _   0.395 0.000 0.001 0.001 0.013 0.028 0.006 0.554 
 516 P _   0.457 0.000 0.001 0.001 0.014 0.028 0.005 0.493 
 517 V H   0.521 0.000 0.001 0.001 0.017 0.028 0.005 0.428 
 518 W H   0.583 0.000 0.001 0.001 0.020 0.028 0.004 0.362 
 519 I H   0.637 0.000 0.001 0.002 0.024 0.028 0.003 0.305 
 520 I H   0.679 0.000 0.001 0.002 0.027 0.027 0.003 0.260 
 521 M H   0.706 0.000 0.002 0.002 0.030 0.027 0.003 0.231 
 522 E H   0.721 0.000 0.002 0.003 0.031 0.026 0.003 0.215 
 523 L H   0.723 0.000 0.002 0.003 0.032 0.025 0.003 0.213 
 524 C H   0.715 0.000 0.002 0.003 0.031 0.024 0.003 0.222 
 525 T H   0.695 0.000 0.002 0.003 0.030 0.023 0.003 0.244 
 526 L H   0.662 0.000 0.002 0.003 0.028 0.023 0.004 0.279 
 527 G H   0.620 0.000 0.002 0.003 0.025 0.022 0.005 0.324 
 528 E H   0.568 0.000 0.002 0.003 0.022 0.022 0.005 0.377 
 529 L H   0.510 0.000 0.001 0.003 0.019 0.022 0.006 0.437 
 530 R _   0.450 0.000 0.001 0.004 0.017 0.021 0.008 0.499 
 531 S _   0.389 0.000 0.001 0.005 0.014 0.020 0.009 0.562 
 532 F _   0.332 0.000 0.001 0.005 0.011 0.019 0.010 0.620 
 533 L _   0.283 0.000 0.001 0.005 0.009 0.018 0.011 0.672 
 534 Q _   0.243 0.000 0.001 0.005 0.007 0.017 0.012 0.715 
 535 V _   0.213 0.000 0.001 0.004 0.006 0.016 0.012 0.748 
 536 R _   0.193 0.000 0.001 0.003 0.005 0.016 0.013 0.771 
 537 K _   0.183 0.000 0.000 0.002 0.004 0.016 0.013 0.782 
 538 Y _   0.185 0.000 0.000 0.002 0.004 0.016 0.013 0.780 
 539 S _   0.198 0.000 0.001 0.001 0.005 0.018 0.012 0.764 
 540 L _   0.222 0.000 0.001 0.002 0.006 0.021 0.012 0.736 
 541 D _   0.259 0.000 0.001 0.002 0.009 0.025 0.012 0.693 
 542 L _   0.305 0.000 0.001 0.002 0.013 0.030 0.011 0.637 
 543 A _   0.354 0.000 0.001 0.003 0.019 0.035 0.011 0.576 
 544 S _   0.398 0.000 0.002 0.004 0.026 0.040 0.011 0.519 
 545 L _   0.436 0.001 0.002 0.006 0.032 0.043 0.011 0.471 
 546 I H   0.461 0.001 0.002 0.007 0.036 0.045 0.011 0.437 
 547 L H   0.475 0.001 0.002 0.008 0.039 0.045 0.011 0.418 
 548 Y H   0.479 0.001 0.002 0.008 0.041 0.045 0.012 0.412 
 549 A H   0.473 0.001 0.002 0.008 0.040 0.044 0.013 0.419 
 550 Y H   0.458 0.001 0.002 0.007 0.038 0.042 0.014 0.437 
 551 Q _   0.434 0.001 0.002 0.007 0.035 0.041 0.015 0.465 
 552 L _   0.402 0.001 0.002 0.007 0.032 0.039 0.017 0.502 
 553 S _   0.363 0.001 0.002 0.007 0.028 0.037 0.019 0.545 
 554 T _   0.319 0.001 0.002 0.007 0.024 0.034 0.021 0.592 
 555 A _   0.274 0.001 0.002 0.008 0.020 0.032 0.023 0.640 
 556 L _   0.226 0.001 0.001 0.009 0.017 0.029 0.026 0.690 
 557 A _   0.182 0.001 0.001 0.009 0.014 0.027 0.028 0.738 
 558 Y _   0.143 0.001 0.001 0.009 0.011 0.024 0.031 0.780 
 559 L _   0.110 0.001 0.001 0.009 0.009 0.021 0.033 0.817 
 560 E _   0.083 0.001 0.001 0.007 0.007 0.019 0.034 0.847 
 561 S _   0.062 0.001 0.001 0.006 0.006 0.017 0.036 0.871 
 562 K _   0.047 0.001 0.001 0.005 0.005 0.016 0.037 0.889 
 563 R _   0.036 0.001 0.001 0.005 0.004 0.015 0.038 0.901 
 564 F _   0.029 0.001 0.000 0.005 0.004 0.015 0.039 0.908 
 565 V _   0.024 0.002 0.000 0.005 0.004 0.015 0.039 0.909 
 566 H _   0.022 0.003 0.001 0.007 0.005 0.016 0.039 0.907 
 567 R _   0.021 0.006 0.001 0.010 0.006 0.017 0.040 0.900 
 568 D _   0.020 0.010 0.001 0.013 0.008 0.018 0.040 0.892 
 569 I _   0.019 0.014 0.001 0.017 0.009 0.019 0.040 0.881 
 570 A _   0.019 0.018 0.001 0.020 0.010 0.019 0.040 0.872 
 571 A _   0.018 0.022 0.001 0.023 0.011 0.019 0.041 0.866 
 572 R _   0.017 0.025 0.001 0.024 0.010 0.018 0.041 0.864 
 573 N _   0.016 0.026 0.001 0.023 0.010 0.017 0.042 0.866 
 574 V _   0.015 0.026 0.001 0.020 0.008 0.016 0.043 0.870 
 575 L _   0.014 0.026 0.001 0.017 0.007 0.015 0.043 0.877 
 576 V _   0.012 0.025 0.001 0.014 0.006 0.013 0.044 0.884 
 577 S _   0.011 0.024 0.001 0.011 0.005 0.013 0.045 0.890 
 578 S _   0.010 0.024 0.000 0.009 0.004 0.012 0.046 0.894 
 579 N _   0.010 0.024 0.000 0.008 0.004 0.012 0.046 0.895 
 580 D _   0.010 0.026 0.000 0.009 0.004 0.012 0.046 0.893 
 581 C _   0.010 0.028 0.001 0.009 0.004 0.013 0.047 0.888 
 582 V _   0.011 0.032 0.001 0.012 0.005 0.014 0.047 0.879 
 583 K _   0.011 0.038 0.001 0.015 0.006 0.015 0.047 0.867 
 584 L _   0.012 0.045 0.001 0.019 0.007 0.016 0.047 0.853 
 585 G _   0.012 0.052 0.001 0.024 0.008 0.017 0.047 0.839 
 586 D _   0.012 0.058 0.001 0.028 0.009 0.017 0.047 0.827 
 587 F _   0.012 0.062 0.001 0.032 0.010 0.017 0.047 0.818 
 588 G _   0.013 0.064 0.001 0.034 0.010 0.017 0.048 0.814 
 589 L _   0.012 0.063 0.001 0.034 0.010 0.016 0.049 0.815 
 590 S _   0.012 0.061 0.001 0.032 0.009 0.015 0.051 0.820 
 591 R _   0.011 0.055 0.001 0.029 0.008 0.014 0.052 0.830 
 592 Y _   0.011 0.048 0.001 0.024 0.006 0.012 0.054 0.843 
 593 M _   0.010 0.039 0.001 0.019 0.005 0.011 0.056 0.858 
 594 E _   0.009 0.030 0.001 0.015 0.004 0.009 0.058 0.874 
 595 D _   0.008 0.021 0.000 0.011 0.003 0.008 0.060 0.887 
 596 S _   0.008 0.014 0.000 0.008 0.002 0.007 0.061 0.899 
 597 T _   0.007 0.009 0.000 0.006 0.002 0.006 0.062 0.908 
 598 Y _   0.006 0.006 0.000 0.004 0.002 0.005 0.062 0.914 
 599 Y _   0.005 0.005 0.000 0.004 0.001 0.005 0.062 0.917 
 600 K _   0.005 0.004 0.000 0.004 0.001 0.005 0.061 0.919 
 601 A _   0.005 0.004 0.000 0.004 0.002 0.006 0.060 0.920 
 602 S _   0.005 0.005 0.000 0.004 0.002 0.007 0.058 0.919 
 603 K _   0.005 0.006 0.000 0.006 0.002 0.008 0.056 0.916 
 604 G _   0.006 0.008 0.000 0.008 0.003 0.010 0.054 0.911 
 605 K _   0.007 0.012 0.000 0.011 0.004 0.011 0.051 0.903 
 606 L _   0.008 0.017 0.001 0.015 0.005 0.013 0.048 0.893 
 607 P _   0.008 0.023 0.001 0.020 0.007 0.016 0.045 0.882 
 608 I _   0.009 0.028 0.001 0.024 0.008 0.017 0.042 0.870 
 609 K _   0.010 0.032 0.001 0.028 0.010 0.019 0.039 0.862 
 610 W _   0.011 0.034 0.001 0.030 0.011 0.020 0.036 0.857 
 611 M _   0.012 0.035 0.001 0.031 0.012 0.021 0.034 0.854 
 612 A _   0.013 0.035 0.001 0.031 0.012 0.021 0.032 0.855 
 613 P _   0.015 0.033 0.001 0.029 0.012 0.021 0.030 0.860 
 614 E _   0.018 0.029 0.001 0.026 0.011 0.020 0.029 0.866 
 615 S _   0.021 0.024 0.001 0.022 0.010 0.020 0.027 0.874 
 616 I _   0.027 0.018 0.001 0.018 0.009 0.019 0.026 0.882 
 617 N _   0.036 0.012 0.001 0.013 0.008 0.018 0.025 0.887 
 618 F _   0.048 0.007 0.001 0.009 0.007 0.017 0.023 0.889 
 619 R _   0.065 0.003 0.001 0.006 0.006 0.015 0.021 0.883 
 620 R _   0.089 0.001 0.001 0.004 0.006 0.014 0.019 0.867 
 621 F _   0.122 0.000 0.001 0.002 0.005 0.014 0.017 0.838 
 622 T _   0.171 0.000 0.001 0.002 0.006 0.013 0.015 0.793 
 623 S _   0.237 0.000 0.001 0.001 0.006 0.013 0.012 0.730 
 624 A _   0.325 0.000 0.001 0.001 0.007 0.012 0.010 0.644 
 625 S _   0.433 0.000 0.001 0.001 0.008 0.012 0.008 0.537 
 626 D H   0.551 0.000 0.001 0.001 0.010 0.012 0.006 0.420 
 627 V H   0.665 0.000 0.001 0.001 0.011 0.011 0.004 0.307 
 628 W H   0.760 0.000 0.001 0.001 0.012 0.010 0.003 0.213 
 629 M H   0.829 0.000 0.001 0.001 0.012 0.009 0.002 0.146 
 630 F H   0.874 0.000 0.001 0.000 0.013 0.008 0.002 0.102 
 631 G H   0.902 0.000 0.001 0.000 0.013 0.007 0.002 0.075 
 632 V H   0.916 0.000 0.001 0.000 0.013 0.006 0.002 0.062 
 633 C H   0.920 0.000 0.001 0.000 0.014 0.006 0.002 0.057 
 634 M H   0.916 0.000 0.001 0.000 0.014 0.006 0.002 0.060 
 635 W H   0.904 0.000 0.001 0.000 0.015 0.006 0.003 0.070 
 636 E H   0.882 0.000 0.001 0.001 0.016 0.007 0.005 0.089 
 637 I H   0.846 0.000 0.001 0.001 0.017 0.008 0.007 0.120 
 638 L H   0.792 0.000 0.001 0.001 0.018 0.009 0.010 0.168 
 639 M H   0.720 0.000 0.002 0.002 0.018 0.010 0.016 0.232 
 640 H H   0.635 0.000 0.002 0.002 0.018 0.012 0.024 0.307 
 641 G H   0.538 0.000 0.002 0.003 0.016 0.013 0.036 0.392 
 642 V _   0.434 0.000 0.002 0.005 0.014 0.013 0.050 0.482 
 643 K _   0.331 0.000 0.001 0.006 0.012 0.013 0.066 0.570 
 644 P _   0.240 0.000 0.001 0.007 0.009 0.012 0.081 0.650 
 645 F _   0.166 0.000 0.001 0.007 0.007 0.011 0.095 0.714 
 646 Q _   0.109 0.000 0.001 0.006 0.005 0.010 0.106 0.763 
 647 G _   0.069 0.000 0.001 0.005 0.004 0.008 0.115 0.798 
 648 V _   0.042 0.000 0.000 0.004 0.003 0.007 0.123 0.821 
 649 K _   0.026 0.000 0.000 0.004 0.002 0.006 0.128 0.834 
 650 N _   0.017 0.000 0.000 0.003 0.002 0.006 0.132 0.840 
 651 N _   0.012 0.000 0.000 0.003 0.002 0.005 0.136 0.841 
 652 D _   0.009 0.001 0.000 0.004 0.002 0.006 0.138 0.840 
 653 V _   0.008 0.002 0.000 0.005 0.002 0.006 0.141 0.836 
 654 I _   0.007 0.003 0.000 0.008 0.002 0.007 0.142 0.830 
 655 G _   0.007 0.004 0.000 0.010 0.003 0.008 0.144 0.823 
 656 R _   0.007 0.006 0.000 0.014 0.004 0.009 0.145 0.815 
 657 I _   0.007 0.008 0.001 0.016 0.004 0.009 0.147 0.808 
 658 E _   0.007 0.009 0.001 0.018 0.005 0.010 0.148 0.803 
 659 N _   0.007 0.010 0.001 0.018 0.005 0.009 0.150 0.801 
 660 G _   0.006 0.010 0.001 0.017 0.004 0.009 0.152 0.801 
 661 E _   0.006 0.009 0.000 0.015 0.004 0.008 0.155 0.803 
 662 R _   0.006 0.008 0.000 0.011 0.003 0.008 0.157 0.807 
 663 L _   0.005 0.007 0.000 0.008 0.002 0.007 0.159 0.811 
