#TopoPred_TM8: 8-state transmembrane topology prediction results by no_profile mode 
#probabilities are in the order of H E C I L F X _, the 8 transmembrane topology types used in PDBTM 
   1 M _   0.027 0.001 0.003 0.067 0.014 0.016 0.395 0.476 
   2 D _   0.010 0.000 0.000 0.035 0.003 0.008 0.403 0.539 
   3 V _   0.005 0.000 0.000 0.016 0.001 0.005 0.400 0.574 
   4 S _   0.008 0.000 0.000 0.009 0.001 0.005 0.387 0.589 
   5 L _   0.024 0.000 0.000 0.006 0.002 0.009 0.364 0.594 
   6 C _   0.068 0.000 0.001 0.004 0.005 0.014 0.326 0.583 
   7 P _   0.147 0.000 0.001 0.004 0.008 0.019 0.279 0.543 
   8 A _   0.261 0.000 0.001 0.003 0.011 0.024 0.223 0.477 
   9 K _   0.391 0.000 0.002 0.003 0.014 0.028 0.166 0.397 
  10 C H   0.513 0.000 0.002 0.003 0.020 0.030 0.116 0.317 
  11 S H   0.616 0.000 0.002 0.003 0.026 0.030 0.079 0.245 
  12 F H   0.697 0.000 0.002 0.002 0.029 0.028 0.053 0.187 
  13 W H   0.760 0.000 0.002 0.002 0.030 0.026 0.037 0.143 
  14 R H   0.804 0.000 0.002 0.002 0.030 0.023 0.027 0.113 
  15 I H   0.832 0.000 0.002 0.001 0.028 0.020 0.021 0.097 
  16 F H   0.849 0.000 0.001 0.001 0.026 0.017 0.017 0.089 
  17 L H   0.855 0.000 0.001 0.001 0.024 0.015 0.014 0.089 
  18 L H   0.852 0.000 0.001 0.001 0.022 0.013 0.013 0.097 
  19 G H   0.841 0.000 0.001 0.001 0.020 0.013 0.012 0.112 
  20 S H   0.821 0.000 0.001 0.001 0.018 0.012 0.012 0.135 
  21 V H   0.791 0.000 0.001 0.001 0.017 0.012 0.012 0.167 
  22 W H   0.751 0.000 0.001 0.001 0.015 0.013 0.012 0.208 
  23 L H   0.701 0.000 0.001 0.001 0.014 0.014 0.013 0.257 
  24 D H   0.648 0.000 0.001 0.001 0.013 0.015 0.014 0.308 
  25 Y H   0.592 0.000 0.001 0.001 0.013 0.017 0.015 0.360 
  26 V H   0.535 0.000 0.001 0.002 0.014 0.019 0.017 0.412 
  27 G H   0.479 0.000 0.001 0.003 0.015 0.021 0.019 0.462 
  28 S _   0.426 0.000 0.001 0.004 0.016 0.023 0.022 0.508 
  29 V _   0.374 0.001 0.001 0.006 0.017 0.025 0.024 0.551 
  30 L _   0.323 0.001 0.002 0.008 0.018 0.027 0.027 0.593 
  31 A _   0.270 0.002 0.002 0.010 0.018 0.028 0.031 0.639 
  32 C _   0.220 0.003 0.002 0.012 0.018 0.028 0.034 0.683 
  33 P _   0.177 0.004 0.001 0.014 0.017 0.028 0.037 0.723 
  34 A _   0.139 0.005 0.001 0.015 0.015 0.027 0.040 0.757 
  35 N _   0.108 0.006 0.001 0.016 0.014 0.026 0.043 0.786 
  36 C _   0.083 0.007 0.001 0.017 0.012 0.024 0.046 0.808 
  37 V _   0.063 0.008 0.001 0.019 0.011 0.023 0.049 0.826 
  38 C _   0.049 0.010 0.001 0.020 0.010 0.021 0.052 0.838 
  39 S _   0.037 0.011 0.001 0.021 0.009 0.019 0.055 0.847 
  40 K _   0.029 0.011 0.001 0.021 0.008 0.017 0.058 0.854 
  41 T _   0.023 0.011 0.001 0.020 0.007 0.015 0.061 0.861 
  42 E _   0.018 0.010 0.001 0.018 0.006 0.013 0.064 0.869 
  43 I _   0.015 0.010 0.001 0.016 0.005 0.011 0.067 0.876 
  44 N _   0.012 0.008 0.000 0.012 0.004 0.010 0.070 0.883 
  45 C _   0.010 0.007 0.000 0.009 0.003 0.008 0.073 0.891 
  46 R _   0.008 0.006 0.000 0.007 0.002 0.007 0.075 0.896 
  47 R _   0.007 0.005 0.000 0.005 0.002 0.006 0.076 0.900 
  48 P _   0.006 0.005 0.000 0.004 0.001 0.005 0.077 0.901 
  49 D _   0.005 0.005 0.000 0.004 0.001 0.006 0.078 0.901 
  50 D _   0.005 0.007 0.000 0.005 0.002 0.006 0.078 0.897 
  51 G _   0.005 0.010 0.000 0.008 0.002 0.007 0.078 0.889 
  52 N _   0.006 0.016 0.000 0.012 0.003 0.009 0.077 0.877 
  53 L _   0.006 0.024 0.001 0.018 0.004 0.010 0.076 0.861 
  54 F _   0.007 0.033 0.001 0.024 0.005 0.011 0.075 0.845 
  55 P _   0.006 0.040 0.001 0.029 0.006 0.011 0.074 0.833 
  56 L _   0.006 0.045 0.001 0.031 0.006 0.011 0.074 0.827 
  57 L _   0.006 0.047 0.001 0.030 0.005 0.010 0.073 0.827 
  58 E _   0.005 0.048 0.001 0.027 0.005 0.009 0.073 0.833 
  59 G _   0.005 0.047 0.000 0.021 0.004 0.008 0.073 0.842 
  60 Q _   0.004 0.045 0.000 0.016 0.003 0.007 0.073 0.852 
  61 D _   0.004 0.043 0.000 0.011 0.002 0.006 0.073 0.862 
  62 S _   0.004 0.042 0.000 0.007 0.002 0.005 0.072 0.868 
  63 G _   0.003 0.042 0.000 0.006 0.001 0.005 0.071 0.871 
  64 N _   0.003 0.045 0.000 0.006 0.002 0.006 0.070 0.869 
  65 S _   0.004 0.051 0.000 0.007 0.002 0.007 0.068 0.861 
  66 N _   0.005 0.065 0.000 0.010 0.003 0.009 0.065 0.843 
  67 G _   0.006 0.093 0.001 0.015 0.005 0.012 0.061 0.809 
  68 N _   0.007 0.138 0.001 0.022 0.007 0.014 0.055 0.756 
  69 A _   0.007 0.197 0.001 0.029 0.009 0.016 0.049 0.692 
  70 S _   0.007 0.259 0.001 0.034 0.010 0.017 0.043 0.628 
  71 I _   0.006 0.313 0.001 0.038 0.011 0.017 0.038 0.576 
  72 N _   0.006 0.353 0.001 0.039 0.011 0.017 0.035 0.539 
  73 I _   0.006 0.379 0.001 0.039 0.010 0.016 0.032 0.517 
  74 T _   0.005 0.397 0.001 0.037 0.010 0.016 0.030 0.505 
  75 D _   0.005 0.407 0.001 0.034 0.010 0.016 0.028 0.499 
  76 I _   0.006 0.413 0.001 0.031 0.009 0.016 0.027 0.498 
  77 S _   0.006 0.415 0.001 0.028 0.009 0.016 0.026 0.500 
  78 R _   0.006 0.415 0.001 0.025 0.009 0.016 0.025 0.503 
  79 N _   0.007 0.414 0.001 0.023 0.009 0.016 0.025 0.506 
  80 I _   0.007 0.412 0.001 0.022 0.009 0.016 0.024 0.509 
  81 T _   0.007 0.409 0.001 0.022 0.009 0.016 0.024 0.512 
  82 S _   0.008 0.405 0.001 0.022 0.009 0.016 0.024 0.515 
  83 I _   0.008 0.400 0.001 0.022 0.009 0.016 0.024 0.520 
  84 H _   0.009 0.392 0.001 0.022 0.009 0.017 0.024 0.527 
  85 I _   0.009 0.382 0.001 0.021 0.009 0.017 0.024 0.537 
  86 E _   0.009 0.369 0.001 0.020 0.009 0.017 0.024 0.550 
  87 N _   0.010 0.353 0.001 0.019 0.009 0.017 0.024 0.568 
  88 W _   0.010 0.335 0.001 0.017 0.008 0.017 0.025 0.587 
  89 R _   0.011 0.317 0.001 0.015 0.008 0.018 0.025 0.605 
  90 S _   0.012 0.300 0.001 0.013 0.008 0.018 0.026 0.622 
  91 L _   0.012 0.287 0.001 0.012 0.008 0.019 0.026 0.636 
  92 H _   0.013 0.276 0.001 0.011 0.008 0.020 0.027 0.645 
  93 T _   0.014 0.269 0.001 0.011 0.008 0.021 0.027 0.649 
  94 L _   0.016 0.264 0.001 0.012 0.008 0.022 0.027 0.650 
  95 N _   0.018 0.262 0.001 0.013 0.009 0.023 0.027 0.646 
  96 A _   0.020 0.262 0.001 0.015 0.011 0.024 0.028 0.640 
  97 V _   0.022 0.262 0.001 0.018 0.012 0.025 0.028 0.633 
  98 D _   0.024 0.261 0.001 0.020 0.013 0.025 0.028 0.627 
  99 M _   0.025 0.259 0.001 0.023 0.014 0.025 0.029 0.623 
 100 E _   0.026 0.255 0.001 0.026 0.015 0.025 0.030 0.623 
 101 L _   0.026 0.247 0.001 0.027 0.015 0.024 0.031 0.628 
 102 Y _   0.025 0.236 0.001 0.028 0.014 0.023 0.032 0.640 
 103 T _   0.024 0.219 0.001 0.028 0.014 0.022 0.034 0.659 
 104 G _   0.022 0.197 0.001 0.026 0.012 0.020 0.036 0.686 
 105 L _   0.021 0.169 0.001 0.023 0.011 0.019 0.038 0.719 
 106 Q _   0.019 0.139 0.001 0.020 0.009 0.017 0.040 0.755 
 107 K _   0.017 0.110 0.001 0.016 0.007 0.015 0.042 0.792 
 108 L _   0.015 0.084 0.001 0.012 0.006 0.013 0.044 0.825 
 109 T _   0.013 0.065 0.001 0.009 0.004 0.012 0.045 0.851 
 110 I _   0.011 0.053 0.000 0.007 0.003 0.010 0.046 0.868 
 111 K _   0.009 0.047 0.000 0.006 0.003 0.010 0.047 0.877 
 112 N _   0.009 0.044 0.000 0.006 0.003 0.010 0.047 0.882 
 113 S _   0.008 0.043 0.000 0.007 0.003 0.010 0.047 0.882 
 114 G _   0.008 0.043 0.000 0.009 0.003 0.010 0.047 0.879 
 115 L _   0.008 0.045 0.000 0.011 0.004 0.011 0.047 0.874 
 116 R _   0.008 0.047 0.001 0.014 0.005 0.011 0.046 0.868 
 117 S _   0.008 0.049 0.001 0.017 0.005 0.011 0.046 0.862 
 118 I _   0.008 0.051 0.001 0.020 0.006 0.012 0.045 0.858 
 119 Q _   0.007 0.052 0.001 0.021 0.006 0.012 0.045 0.857 
 120 P _   0.007 0.051 0.001 0.021 0.006 0.011 0.045 0.858 
 121 R _   0.007 0.050 0.001 0.020 0.006 0.011 0.045 0.862 
 122 A _   0.007 0.047 0.001 0.018 0.005 0.010 0.045 0.867 
 123 F _   0.006 0.044 0.001 0.016 0.005 0.010 0.045 0.873 
 124 A _   0.006 0.040 0.001 0.015 0.004 0.010 0.045 0.879 
 125 K _   0.006 0.037 0.001 0.013 0.004 0.010 0.046 0.884 
 126 N _   0.006 0.034 0.000 0.012 0.004 0.010 0.046 0.888 
 127 P _   0.006 0.031 0.000 0.012 0.004 0.010 0.046 0.891 
 128 H _   0.007 0.028 0.000 0.011 0.004 0.011 0.046 0.893 
 129 L _   0.007 0.026 0.000 0.011 0.004 0.011 0.047 0.894 
 130 R _   0.008 0.024 0.000 0.010 0.004 0.012 0.047 0.895 
 131 Y _   0.008 0.022 0.000 0.009 0.004 0.013 0.047 0.896 
 132 I _   0.009 0.020 0.000 0.008 0.004 0.015 0.047 0.896 
 133 N _   0.011 0.019 0.000 0.008 0.004 0.017 0.047 0.893 
 134 L _   0.014 0.018 0.001 0.007 0.005 0.020 0.047 0.888 
 135 S _   0.020 0.018 0.001 0.007 0.006 0.025 0.046 0.878 
 136 S _   0.027 0.020 0.001 0.007 0.008 0.030 0.046 0.861 
 137 N _   0.037 0.022 0.001 0.009 0.012 0.037 0.045 0.838 
 138 R _   0.049 0.028 0.001 0.011 0.017 0.044 0.044 0.807 
 139 L _   0.062 0.035 0.001 0.014 0.024 0.051 0.043 0.769 
 140 T _   0.075 0.046 0.002 0.018 0.031 0.058 0.043 0.728 
 141 T _   0.086 0.057 0.002 0.023 0.037 0.063 0.042 0.689 
 142 L _   0.096 0.068 0.002 0.027 0.043 0.066 0.042 0.656 
 143 S _   0.103 0.075 0.002 0.030 0.046 0.067 0.042 0.634 
 144 W _   0.108 0.079 0.002 0.032 0.047 0.066 0.042 0.623 
 145 Q _   0.110 0.080 0.002 0.032 0.046 0.064 0.043 0.622 
 146 L _   0.109 0.079 0.002 0.030 0.043 0.061 0.044 0.631 
 147 F _   0.106 0.076 0.002 0.028 0.039 0.057 0.046 0.647 
 148 Q _   0.099 0.070 0.002 0.025 0.034 0.052 0.048 0.670 
 149 T _   0.091 0.062 0.002 0.022 0.028 0.047 0.050 0.698 
 150 L _   0.081 0.054 0.002 0.020 0.023 0.042 0.052 0.726 
 151 S _   0.071 0.046 0.001 0.018 0.018 0.037 0.055 0.754 
 152 L _   0.062 0.038 0.001 0.016 0.015 0.033 0.057 0.779 
 153 R _   0.052 0.031 0.001 0.015 0.012 0.028 0.059 0.802 
 154 E _   0.044 0.025 0.001 0.013 0.009 0.025 0.061 0.822 
 155 L _   0.036 0.019 0.001 0.011 0.008 0.021 0.063 0.841 
 156 Q _   0.029 0.015 0.001 0.010 0.006 0.018 0.065 0.856 
 157 L _   0.024 0.011 0.001 0.008 0.005 0.016 0.066 0.869 
 158 E _   0.020 0.009 0.000 0.007 0.004 0.014 0.067 0.879 
 159 Q _   0.017 0.007 0.000 0.005 0.003 0.013 0.068 0.886 
 160 N _   0.016 0.006 0.000 0.005 0.003 0.012 0.068 0.890 
 161 F _   0.015 0.006 0.000 0.004 0.003 0.012 0.068 0.891 
 162 F _   0.015 0.007 0.000 0.005 0.003 0.013 0.068 0.890 
 163 N _   0.015 0.008 0.000 0.005 0.004 0.014 0.068 0.885 
 164 C _   0.016 0.011 0.001 0.007 0.005 0.016 0.068 0.876 
 165 S _   0.018 0.017 0.001 0.010 0.007 0.018 0.067 0.862 
 166 C _   0.020 0.025 0.001 0.015 0.009 0.020 0.067 0.844 
 167 D _   0.021 0.035 0.001 0.021 0.011 0.022 0.066 0.823 
 168 I _   0.022 0.044 0.001 0.027 0.013 0.023 0.066 0.803 
 169 R _   0.022 0.052 0.001 0.033 0.014 0.023 0.066 0.788 
 170 W _   0.022 0.057 0.001 0.037 0.014 0.023 0.066 0.781 
 171 M _   0.020 0.059 0.001 0.038 0.013 0.021 0.067 0.780 
 172 Q _   0.019 0.059 0.001 0.036 0.012 0.020 0.068 0.786 
 173 L _   0.017 0.055 0.001 0.032 0.010 0.017 0.069 0.799 
 174 W _   0.015 0.050 0.001 0.026 0.008 0.015 0.070 0.815 
 175 Q _   0.012 0.042 0.001 0.020 0.006 0.013 0.072 0.833 
 176 E _   0.011 0.034 0.001 0.015 0.005 0.011 0.073 0.851 
 177 Q _   0.009 0.027 0.000 0.011 0.003 0.009 0.074 0.866 
 178 G _   0.008 0.022 0.000 0.008 0.003 0.008 0.075 0.877 
 179 E _   0.007 0.019 0.000 0.006 0.002 0.007 0.075 0.884 
 180 A _   0.006 0.017 0.000 0.005 0.002 0.006 0.075 0.888 
 181 K _   0.006 0.017 0.000 0.005 0.002 0.006 0.074 0.890 
 182 L _   0.006 0.018 0.000 0.005 0.002 0.007 0.073 0.889 
 183 N _   0.006 0.020 0.000 0.007 0.002 0.007 0.072 0.886 
 184 S _   0.006 0.023 0.000 0.008 0.003 0.008 0.071 0.881 
 185 Q _   0.006 0.028 0.000 0.011 0.003 0.009 0.069 0.874 
 186 N _   0.006 0.034 0.001 0.013 0.004 0.009 0.067 0.866 
 187 L _   0.006 0.040 0.001 0.016 0.005 0.010 0.065 0.858 
 188 Y _   0.006 0.045 0.001 0.017 0.005 0.010 0.063 0.853 
 189 C _   0.006 0.050 0.001 0.017 0.005 0.011 0.061 0.849 
 190 I _   0.006 0.054 0.001 0.017 0.005 0.011 0.060 0.847 
 191 N _   0.006 0.057 0.001 0.017 0.005 0.011 0.058 0.846 
 192 A _   0.006 0.060 0.001 0.016 0.005 0.011 0.057 0.844 
 193 D _   0.006 0.063 0.001 0.016 0.005 0.012 0.055 0.842 
 194 G _   0.007 0.066 0.001 0.016 0.006 0.013 0.054 0.838 
 195 S _   0.008 0.069 0.001 0.018 0.006 0.014 0.052 0.832 
 196 Q _   0.008 0.073 0.001 0.020 0.007 0.015 0.051 0.825 
 197 L _   0.009 0.077 0.001 0.023 0.008 0.015 0.050 0.818 
 198 P _   0.009 0.081 0.001 0.025 0.008 0.016 0.049 0.811 
 199 L _   0.009 0.083 0.001 0.027 0.009 0.016 0.049 0.807 
 200 F _   0.009 0.083 0.001 0.027 0.009 0.015 0.048 0.808 
 201 R _   0.009 0.081 0.001 0.025 0.008 0.015 0.048 0.813 
 202 M _   0.009 0.078 0.001 0.023 0.007 0.014 0.047 0.820 
 203 N _   0.009 0.073 0.001 0.019 0.007 0.013 0.047 0.830 
 204 I _   0.009 0.068 0.001 0.016 0.006 0.013 0.047 0.841 
 205 S _   0.009 0.062 0.001 0.013 0.005 0.012 0.047 0.851 
 206 Q _   0.009 0.057 0.001 0.010 0.005 0.012 0.047 0.860 
 207 C _   0.009 0.053 0.001 0.009 0.004 0.012 0.047 0.865 
 208 D _   0.009 0.052 0.000 0.008 0.004 0.013 0.047 0.866 
 209 L _   0.010 0.052 0.001 0.009 0.005 0.013 0.047 0.864 
 210 P _   0.011 0.054 0.001 0.010 0.005 0.014 0.046 0.859 
 211 E _   0.012 0.057 0.001 0.012 0.006 0.016 0.046 0.851 
 212 I _   0.013 0.063 0.001 0.014 0.008 0.017 0.045 0.840 
 213 S _   0.013 0.069 0.001 0.018 0.009 0.018 0.044 0.827 
 214 V _   0.014 0.076 0.001 0.022 0.010 0.019 0.044 0.814 
 215 S _   0.014 0.081 0.001 0.025 0.011 0.019 0.043 0.805 
 216 H _   0.014 0.085 0.001 0.027 0.011 0.019 0.043 0.799 
 217 V _   0.013 0.087 0.001 0.028 0.011 0.019 0.043 0.798 
 218 N _   0.013 0.087 0.001 0.027 0.010 0.018 0.043 0.801 
 219 L _   0.013 0.085 0.001 0.024 0.009 0.017 0.043 0.808 
 220 T _   0.012 0.082 0.001 0.021 0.008 0.016 0.043 0.818 
 221 V _   0.011 0.077 0.001 0.017 0.007 0.015 0.043 0.829 
 222 R _   0.010 0.073 0.001 0.015 0.006 0.014 0.044 0.838 
 223 E _   0.009 0.070 0.001 0.013 0.005 0.013 0.044 0.844 
 224 G _   0.009 0.069 0.001 0.013 0.005 0.013 0.044 0.847 
 225 D _   0.009 0.069 0.001 0.014 0.005 0.013 0.044 0.846 
 226 N _   0.009 0.070 0.001 0.016 0.006 0.013 0.044 0.842 
 227 A _   0.009 0.071 0.001 0.019 0.006 0.013 0.044 0.837 
 228 V _   0.009 0.072 0.001 0.021 0.007 0.013 0.044 0.833 
 229 I _   0.009 0.072 0.001 0.023 0.007 0.013 0.045 0.832 
 230 T _   0.008 0.070 0.001 0.022 0.007 0.012 0.045 0.834 
 231 C _   0.008 0.067 0.001 0.020 0.006 0.011 0.046 0.841 
 232 N _   0.007 0.063 0.001 0.017 0.005 0.010 0.046 0.851 
 233 G _   0.007 0.057 0.001 0.013 0.004 0.010 0.047 0.862 
 234 S _   0.006 0.052 0.000 0.010 0.003 0.009 0.047 0.872 
 235 G _   0.006 0.048 0.000 0.007 0.003 0.009 0.047 0.879 
 236 S _   0.006 0.046 0.000 0.006 0.002 0.010 0.047 0.882 
 237 P _   0.007 0.047 0.000 0.005 0.003 0.011 0.047 0.880 
 238 L _   0.008 0.050 0.000 0.007 0.004 0.013 0.047 0.871 
 239 P _   0.010 0.060 0.001 0.010 0.006 0.017 0.046 0.851 
 240 D _   0.013 0.081 0.001 0.016 0.009 0.021 0.044 0.815 
 241 V _   0.014 0.117 0.001 0.025 0.014 0.025 0.042 0.761 
 242 D _   0.016 0.164 0.002 0.037 0.018 0.027 0.040 0.697 
 243 W _   0.016 0.208 0.002 0.049 0.021 0.029 0.038 0.638 
 244 I _   0.016 0.240 0.002 0.059 0.023 0.029 0.036 0.595 
 245 V _   0.015 0.258 0.002 0.066 0.023 0.029 0.036 0.571 
 246 T _   0.014 0.266 0.002 0.069 0.023 0.028 0.035 0.563 
 247 G _   0.014 0.266 0.001 0.068 0.021 0.026 0.036 0.567 
 248 L _   0.013 0.259 0.002 0.064 0.019 0.024 0.037 0.583 
 249 Q _   0.013 0.241 0.002 0.056 0.017 0.022 0.038 0.612 
 250 S _   0.012 0.211 0.002 0.046 0.015 0.020 0.040 0.655 
 251 I _   0.012 0.169 0.001 0.035 0.012 0.018 0.042 0.710 
 252 N _   0.011 0.122 0.001 0.026 0.009 0.016 0.045 0.770 
 253 T _   0.010 0.079 0.001 0.017 0.007 0.014 0.047 0.823 
 254 H _   0.009 0.050 0.001 0.011 0.005 0.013 0.049 0.862 
 255 Q _   0.008 0.032 0.000 0.007 0.004 0.012 0.050 0.886 
 256 T _   0.008 0.023 0.000 0.005 0.003 0.012 0.051 0.898 
 257 N _   0.008 0.019 0.000 0.004 0.002 0.012 0.051 0.903 
 258 L _   0.009 0.017 0.000 0.004 0.003 0.014 0.051 0.901 
 259 N _   0.011 0.018 0.000 0.005 0.004 0.017 0.051 0.895 
 260 W _   0.015 0.021 0.001 0.007 0.006 0.020 0.050 0.881 
 261 T _   0.019 0.026 0.001 0.011 0.009 0.025 0.049 0.860 
 262 N _   0.024 0.037 0.001 0.017 0.014 0.031 0.048 0.829 
 263 V _   0.029 0.051 0.001 0.025 0.019 0.036 0.046 0.793 
 264 H _   0.032 0.066 0.002 0.035 0.025 0.040 0.045 0.756 
 265 A _   0.035 0.079 0.002 0.045 0.030 0.042 0.044 0.724 
 266 I _   0.037 0.088 0.002 0.052 0.032 0.043 0.043 0.703 
 267 N _   0.038 0.093 0.002 0.057 0.033 0.042 0.043 0.693 
 268 L _   0.038 0.093 0.002 0.058 0.031 0.041 0.043 0.695 
 269 T _   0.036 0.089 0.002 0.054 0.028 0.038 0.044 0.709 
 270 L _   0.034 0.079 0.002 0.046 0.024 0.034 0.045 0.736 
 271 V _   0.032 0.064 0.002 0.035 0.019 0.030 0.046 0.772 
 272 N _   0.029 0.044 0.001 0.024 0.014 0.027 0.048 0.814 
 273 V _   0.025 0.024 0.001 0.015 0.009 0.023 0.049 0.854 
 274 T _   0.023 0.010 0.001 0.008 0.006 0.021 0.049 0.883 
 275 S _   0.021 0.003 0.000 0.004 0.004 0.019 0.050 0.899 
 276 E _   0.021 0.001 0.000 0.002 0.003 0.019 0.049 0.903 
 277 D _   0.025 0.000 0.000 0.002 0.003 0.021 0.049 0.899 
 278 N _   0.032 0.000 0.000 0.002 0.004 0.025 0.048 0.888 
 279 G _   0.043 0.001 0.001 0.003 0.007 0.031 0.047 0.868 
 280 F _   0.057 0.002 0.001 0.005 0.012 0.038 0.046 0.838 
 281 T _   0.072 0.004 0.001 0.010 0.020 0.046 0.045 0.801 
 282 L _   0.086 0.009 0.002 0.017 0.029 0.053 0.044 0.760 
 283 T _   0.096 0.014 0.002 0.025 0.037 0.058 0.043 0.724 
 284 C _   0.103 0.018 0.002 0.032 0.042 0.061 0.043 0.699 
 285 I _   0.107 0.021 0.002 0.036 0.044 0.062 0.043 0.685 
 286 A _   0.108 0.022 0.002 0.036 0.043 0.060 0.044 0.684 
 287 E _   0.107 0.020 0.002 0.033 0.040 0.058 0.044 0.695 
 288 N _   0.105 0.018 0.002 0.027 0.034 0.054 0.045 0.715 
 289 V _   0.100 0.014 0.002 0.020 0.027 0.050 0.047 0.741 
 290 V _   0.093 0.009 0.001 0.014 0.021 0.045 0.048 0.769 
 291 G _   0.085 0.006 0.001 0.009 0.016 0.042 0.049 0.793 
 292 M _   0.077 0.004 0.001 0.006 0.012 0.039 0.050 0.811 
 293 S _   0.071 0.003 0.001 0.005 0.010 0.037 0.051 0.822 
 294 N _   0.067 0.003 0.001 0.005 0.010 0.036 0.052 0.826 
 295 A _   0.063 0.003 0.001 0.007 0.011 0.036 0.053 0.826 
 296 S _   0.061 0.005 0.001 0.010 0.013 0.036 0.053 0.821 
 297 V _   0.059 0.007 0.001 0.014 0.015 0.036 0.054 0.812 
 298 A _   0.057 0.010 0.001 0.020 0.017 0.035 0.056 0.804 
 299 L _   0.054 0.013 0.001 0.024 0.018 0.034 0.057 0.800 
 300 T _   0.049 0.014 0.001 0.026 0.017 0.031 0.058 0.802 
 301 V _   0.043 0.014 0.001 0.026 0.016 0.028 0.060 0.810 
 302 Y _   0.037 0.013 0.001 0.024 0.014 0.025 0.062 0.823 
 303 Y _   0.031 0.012 0.001 0.020 0.011 0.022 0.065 0.839 
 304 P _   0.026 0.009 0.001 0.015 0.008 0.018 0.067 0.856 
 305 P _   0.021 0.007 0.001 0.011 0.006 0.016 0.069 0.870 
 306 R _   0.017 0.005 0.001 0.008 0.004 0.013 0.071 0.881 
 307 V _   0.014 0.003 0.000 0.006 0.003 0.012 0.072 0.888 
 308 V _   0.012 0.003 0.000 0.005 0.003 0.011 0.073 0.893 
 309 S _   0.011 0.002 0.000 0.004 0.002 0.011 0.074 0.895 
 310 L _   0.010 0.002 0.000 0.004 0.002 0.011 0.074 0.895 
 311 E _   0.011 0.003 0.000 0.004 0.003 0.012 0.075 0.892 
 312 E _   0.012 0.005 0.000 0.005 0.003 0.014 0.074 0.886 
 313 P _   0.014 0.008 0.001 0.006 0.005 0.017 0.073 0.875 
 314 E _   0.018 0.015 0.001 0.009 0.007 0.021 0.072 0.857 
 315 L _   0.021 0.028 0.001 0.014 0.011 0.026 0.071 0.829 
 316 R _   0.025 0.048 0.001 0.021 0.016 0.030 0.069 0.790 
 317 L _   0.028 0.074 0.002 0.031 0.021 0.034 0.067 0.743 
 318 E _   0.030 0.097 0.002 0.042 0.025 0.035 0.066 0.702 
 319 H _   0.032 0.114 0.002 0.052 0.027 0.036 0.066 0.672 
 320 C _   0.032 0.124 0.002 0.058 0.027 0.035 0.066 0.655 
 321 I _   0.032 0.128 0.002 0.060 0.026 0.034 0.066 0.652 
 322 E _   0.031 0.126 0.002 0.057 0.023 0.031 0.068 0.662 
 323 F _   0.029 0.118 0.002 0.049 0.019 0.027 0.070 0.685 
 324 V _   0.027 0.103 0.001 0.039 0.015 0.024 0.072 0.718 
 325 V _   0.024 0.081 0.001 0.027 0.011 0.020 0.075 0.760 
 326 R _   0.021 0.057 0.001 0.018 0.008 0.017 0.077 0.801 
 327 G _   0.018 0.038 0.001 0.011 0.005 0.014 0.079 0.834 
 328 N _   0.015 0.026 0.000 0.007 0.004 0.012 0.081 0.854 
 329 P _   0.013 0.020 0.000 0.005 0.003 0.011 0.082 0.866 
 330 P _   0.012 0.018 0.000 0.005 0.003 0.010 0.083 0.870 
 331 P _   0.011 0.017 0.000 0.005 0.003 0.009 0.083 0.871 
 332 T _   0.010 0.018 0.000 0.006 0.003 0.010 0.083 0.870 
 333 L _   0.010 0.019 0.000 0.008 0.003 0.010 0.083 0.867 
 334 H _   0.009 0.021 0.000 0.010 0.004 0.010 0.082 0.864 
 335 W _   0.008 0.024 0.000 0.011 0.004 0.009 0.081 0.862 
 336 L _   0.007 0.026 0.000 0.011 0.004 0.009 0.081 0.861 
 337 H _   0.007 0.029 0.000 0.011 0.004 0.009 0.079 0.861 
 338 N _   0.006 0.031 0.000 0.010 0.003 0.009 0.078 0.862 
 339 G _   0.006 0.033 0.000 0.009 0.003 0.009 0.077 0.862 
 340 Q _   0.006 0.036 0.000 0.009 0.003 0.009 0.075 0.861 
 341 P _   0.006 0.041 0.000 0.009 0.003 0.009 0.074 0.858 
 342 L _   0.007 0.047 0.000 0.009 0.004 0.010 0.072 0.850 
 343 R _   0.007 0.057 0.001 0.011 0.005 0.012 0.070 0.839 
 344 E _   0.008 0.071 0.001 0.013 0.006 0.013 0.068 0.822 
 345 S _   0.008 0.090 0.001 0.016 0.007 0.014 0.065 0.799 
 346 K _   0.009 0.113 0.001 0.020 0.008 0.015 0.062 0.771 
 347 I _   0.009 0.138 0.001 0.024 0.009 0.016 0.060 0.743 
 348 I _   0.009 0.161 0.001 0.027 0.010 0.017 0.058 0.718 
 349 H _   0.009 0.179 0.001 0.028 0.010 0.017 0.056 0.700 
 350 V _   0.009 0.191 0.001 0.028 0.010 0.016 0.054 0.690 
 351 E _   0.009 0.200 0.001 0.027 0.009 0.016 0.053 0.685 
 352 Y _   0.008 0.205 0.001 0.024 0.008 0.016 0.052 0.686 
 353 Y _   0.008 0.207 0.001 0.021 0.007 0.015 0.052 0.689 
 354 Q _   0.008 0.209 0.001 0.018 0.007 0.015 0.051 0.691 
 355 E _   0.008 0.211 0.001 0.016 0.006 0.015 0.050 0.692 
 356 G _   0.008 0.214 0.001 0.016 0.007 0.016 0.050 0.689 
 357 E _   0.009 0.220 0.001 0.017 0.007 0.016 0.049 0.680 
 358 I _   0.010 0.229 0.001 0.021 0.008 0.017 0.048 0.666 
 359 S _   0.011 0.240 0.001 0.026 0.010 0.018 0.047 0.648 
 360 E _   0.011 0.250 0.001 0.033 0.011 0.018 0.046 0.629 
 361 G _   0.011 0.257 0.001 0.039 0.012 0.018 0.046 0.615 
 362 C _   0.011 0.260 0.001 0.044 0.012 0.018 0.046 0.607 
 363 L _   0.011 0.258 0.001 0.046 0.012 0.017 0.046 0.608 
 364 L _   0.011 0.249 0.001 0.045 0.012 0.016 0.047 0.619 
 365 F _   0.010 0.232 0.001 0.041 0.010 0.015 0.048 0.642 
 366 N _   0.010 0.203 0.001 0.034 0.009 0.013 0.050 0.679 
 367 K _   0.010 0.165 0.001 0.026 0.007 0.012 0.052 0.727 
 368 P _   0.009 0.123 0.001 0.018 0.006 0.010 0.055 0.779 
 369 T _   0.008 0.088 0.001 0.012 0.004 0.009 0.057 0.822 
 370 H _   0.007 0.066 0.000 0.008 0.003 0.007 0.058 0.851 
 371 Y _   0.006 0.055 0.000 0.005 0.002 0.007 0.058 0.867 
 372 N _   0.005 0.050 0.000 0.004 0.002 0.007 0.058 0.874 
 373 N _   0.005 0.049 0.000 0.005 0.002 0.007 0.058 0.875 
 374 G _   0.005 0.051 0.000 0.006 0.002 0.008 0.057 0.870 
 375 N _   0.006 0.056 0.000 0.009 0.003 0.009 0.055 0.861 
 376 Y _   0.006 0.064 0.000 0.013 0.004 0.010 0.054 0.849 
 377 T _   0.006 0.074 0.001 0.017 0.005 0.011 0.052 0.835 
 378 L _   0.006 0.085 0.001 0.021 0.005 0.012 0.049 0.821 
 379 I _   0.006 0.093 0.001 0.023 0.006 0.012 0.048 0.812 
 380 A _   0.006 0.100 0.001 0.024 0.006 0.012 0.046 0.806 
 381 K _   0.006 0.104 0.001 0.023 0.006 0.011 0.044 0.805 
 382 N _   0.006 0.107 0.001 0.021 0.005 0.011 0.043 0.806 
 383 P _   0.006 0.108 0.001 0.019 0.005 0.011 0.042 0.809 
 384 L _   0.006 0.108 0.001 0.017 0.005 0.011 0.042 0.811 
 385 G _   0.006 0.108 0.001 0.015 0.005 0.011 0.041 0.813 
 386 T _   0.006 0.109 0.001 0.015 0.005 0.011 0.040 0.814 
 387 A _   0.007 0.109 0.001 0.014 0.005 0.012 0.040 0.813 
 388 N _   0.007 0.111 0.001 0.015 0.005 0.012 0.039 0.810 
 389 Q _   0.008 0.113 0.001 0.017 0.006 0.013 0.039 0.805 
 390 T _   0.008 0.115 0.001 0.019 0.006 0.014 0.038 0.800 
 391 I _   0.008 0.117 0.001 0.022 0.007 0.014 0.038 0.794 
 392 N _   0.009 0.118 0.001 0.024 0.008 0.014 0.037 0.788 
 393 G _   0.009 0.118 0.001 0.027 0.008 0.015 0.037 0.785 
 394 H _   0.009 0.116 0.001 0.027 0.008 0.014 0.037 0.787 
 395 F _   0.009 0.112 0.001 0.027 0.008 0.014 0.037 0.793 
 396 L _   0.009 0.104 0.001 0.025 0.007 0.013 0.038 0.804 
 397 K _   0.009 0.094 0.001 0.021 0.006 0.012 0.038 0.820 
 398 E _   0.008 0.081 0.001 0.017 0.005 0.011 0.038 0.839 
 399 P _   0.008 0.068 0.001 0.013 0.004 0.010 0.039 0.858 
 400 F _   0.007 0.057 0.000 0.010 0.004 0.009 0.039 0.874 
 401 P _   0.007 0.049 0.000 0.008 0.003 0.009 0.039 0.886 
 402 E _   0.007 0.044 0.000 0.007 0.003 0.009 0.039 0.891 
 403 S _   0.007 0.042 0.000 0.007 0.003 0.009 0.039 0.893 
 404 T _   0.007 0.041 0.000 0.008 0.003 0.010 0.038 0.891 
 405 D _   0.008 0.042 0.000 0.011 0.004 0.011 0.038 0.886 
 406 N _   0.008 0.044 0.001 0.014 0.005 0.012 0.037 0.879 
 407 F _   0.009 0.046 0.001 0.018 0.006 0.013 0.036 0.872 
 408 I _   0.009 0.048 0.001 0.021 0.007 0.013 0.036 0.866 
 409 L _   0.009 0.048 0.001 0.023 0.007 0.013 0.035 0.864 
 410 F _   0.009 0.047 0.001 0.023 0.007 0.013 0.034 0.866 
 411 D _   0.008 0.045 0.001 0.022 0.007 0.012 0.034 0.871 
 412 E _   0.008 0.041 0.001 0.020 0.006 0.012 0.034 0.879 
 413 V _   0.008 0.036 0.001 0.017 0.005 0.011 0.034 0.889 
 414 S _   0.008 0.030 0.001 0.015 0.005 0.010 0.033 0.898 
 415 P _   0.008 0.025 0.001 0.013 0.004 0.010 0.033 0.906 
 416 T _   0.008 0.021 0.000 0.012 0.004 0.010 0.033 0.912 
 417 P _   0.008 0.017 0.000 0.011 0.004 0.009 0.033 0.917 
 418 P _   0.008 0.014 0.000 0.011 0.004 0.009 0.033 0.921 
 419 I _   0.008 0.011 0.000 0.011 0.004 0.009 0.033 0.924 
 420 T _   0.008 0.009 0.000 0.010 0.004 0.008 0.033 0.928 
 421 V _   0.008 0.006 0.000 0.009 0.003 0.008 0.032 0.933 
 422 T _   0.009 0.004 0.000 0.007 0.003 0.007 0.031 0.938 
 423 H _   0.010 0.002 0.000 0.005 0.002 0.006 0.030 0.943 
 424 K _   0.012 0.001 0.000 0.004 0.002 0.005 0.029 0.946 
 425 P _   0.017 0.000 0.000 0.002 0.002 0.005 0.028 0.946 
 426 E _   0.026 0.000 0.000 0.001 0.002 0.004 0.026 0.940 
 427 E _   0.043 0.000 0.000 0.001 0.002 0.005 0.024 0.925 
 428 D _   0.074 0.000 0.000 0.001 0.002 0.005 0.021 0.896 
 429 T _   0.123 0.000 0.000 0.001 0.003 0.005 0.019 0.849 
 430 F _   0.192 0.000 0.000 0.000 0.004 0.006 0.017 0.781 
 431 G _   0.279 0.000 0.001 0.000 0.004 0.006 0.014 0.695 
 432 V _   0.386 0.000 0.001 0.000 0.005 0.006 0.012 0.590 
 433 S H   0.496 0.000 0.001 0.000 0.005 0.006 0.010 0.482 
 434 I H   0.604 0.000 0.001 0.000 0.006 0.005 0.008 0.376 
 435 A H   0.704 0.000 0.001 0.000 0.005 0.005 0.007 0.277 
 436 V H   0.789 0.000 0.001 0.000 0.005 0.004 0.006 0.195 
 437 G H   0.849 0.000 0.001 0.000 0.005 0.003 0.005 0.137 
 438 L H   0.894 0.000 0.001 0.000 0.005 0.003 0.004 0.094 
 439 A H   0.924 0.000 0.001 0.000 0.005 0.002 0.003 0.064 
 440 A H   0.944 0.000 0.001 0.000 0.005 0.002 0.003 0.045 
 441 F H   0.956 0.000 0.001 0.000 0.005 0.002 0.003 0.034 
 442 A H   0.962 0.000 0.001 0.000 0.006 0.002 0.002 0.028 
 443 C H   0.963 0.000 0.001 0.000 0.006 0.002 0.002 0.026 
 444 V H   0.961 0.000 0.001 0.000 0.007 0.002 0.002 0.028 
 445 L H   0.954 0.000 0.001 0.000 0.008 0.002 0.002 0.033 
 446 L H   0.942 0.000 0.001 0.000 0.009 0.003 0.002 0.044 
 447 V H   0.923 0.000 0.001 0.000 0.010 0.003 0.002 0.062 
 448 V H   0.894 0.000 0.001 0.000 0.011 0.003 0.002 0.089 
 449 L H   0.854 0.000 0.001 0.000 0.011 0.004 0.002 0.128 
 450 F H   0.797 0.000 0.001 0.001 0.012 0.005 0.002 0.183 
 451 V H   0.720 0.000 0.001 0.001 0.011 0.005 0.003 0.258 
 452 M H   0.623 0.000 0.001 0.001 0.010 0.006 0.005 0.354 
 453 I H   0.511 0.000 0.001 0.001 0.009 0.006 0.007 0.465 
 454 N _   0.392 0.000 0.001 0.001 0.007 0.007 0.009 0.583 
 455 K _   0.278 0.000 0.001 0.001 0.005 0.006 0.012 0.696 
 456 Y _   0.185 0.000 0.001 0.001 0.004 0.006 0.014 0.789 
 457 G _   0.117 0.000 0.000 0.001 0.003 0.006 0.016 0.856 
 458 R _   0.072 0.000 0.000 0.001 0.002 0.006 0.018 0.900 
 459 R _   0.045 0.000 0.000 0.002 0.002 0.006 0.020 0.925 
 460 S _   0.031 0.000 0.000 0.002 0.002 0.007 0.021 0.937 
 461 K _   0.023 0.001 0.000 0.003 0.003 0.008 0.021 0.940 
 462 F _   0.019 0.004 0.000 0.005 0.004 0.010 0.022 0.935 
 463 G _   0.017 0.011 0.001 0.009 0.005 0.013 0.022 0.922 
 464 M _   0.016 0.023 0.001 0.016 0.007 0.015 0.022 0.900 
 465 K _   0.015 0.038 0.001 0.023 0.010 0.017 0.022 0.873 
 466 G _   0.014 0.054 0.001 0.032 0.012 0.019 0.022 0.846 
 467 P _   0.014 0.066 0.001 0.039 0.013 0.019 0.023 0.825 
 468 V _   0.014 0.074 0.001 0.044 0.014 0.020 0.023 0.811 
 469 A _   0.014 0.078 0.001 0.046 0.014 0.019 0.024 0.805 
 470 V _   0.013 0.078 0.001 0.044 0.013 0.018 0.025 0.808 
 471 I _   0.012 0.075 0.001 0.039 0.011 0.017 0.026 0.818 
 472 S _   0.012 0.069 0.001 0.032 0.009 0.015 0.028 0.835 
 473 G _   0.010 0.059 0.001 0.023 0.007 0.013 0.030 0.857 
 474 E _   0.009 0.049 0.001 0.016 0.005 0.011 0.031 0.878 
 475 E _   0.008 0.040 0.000 0.010 0.004 0.010 0.032 0.895 
 476 D _   0.007 0.035 0.000 0.007 0.003 0.009 0.033 0.906 
 477 S _   0.007 0.032 0.000 0.005 0.002 0.009 0.033 0.911 
 478 A _   0.007 0.032 0.000 0.005 0.002 0.009 0.034 0.911 
 479 S _   0.007 0.034 0.000 0.007 0.003 0.010 0.034 0.905 
 480 P _   0.008 0.040 0.000 0.010 0.004 0.012 0.033 0.892 
 481 L _   0.009 0.050 0.001 0.016 0.006 0.014 0.033 0.871 
 482 H _   0.010 0.064 0.001 0.024 0.008 0.015 0.032 0.846 
 483 H _   0.010 0.078 0.001 0.032 0.010 0.017 0.032 0.821 
 484 I _   0.010 0.089 0.001 0.039 0.011 0.017 0.032 0.802 
 485 N _   0.010 0.095 0.001 0.043 0.011 0.017 0.032 0.791 
 486 H _   0.009 0.098 0.001 0.044 0.011 0.016 0.032 0.789 
 487 G _   0.009 0.097 0.001 0.041 0.010 0.015 0.032 0.795 
 488 I _   0.009 0.092 0.001 0.035 0.009 0.014 0.033 0.807 
 489 T _   0.008 0.085 0.001 0.028 0.007 0.013 0.034 0.824 
 490 T _   0.008 0.074 0.001 0.021 0.006 0.012 0.036 0.843 
 491 P _   0.007 0.064 0.001 0.015 0.004 0.010 0.037 0.862 
 492 S _   0.007 0.056 0.000 0.010 0.003 0.010 0.038 0.877 
 493 S _   0.006 0.050 0.000 0.007 0.003 0.009 0.038 0.886 
 494 L _   0.006 0.048 0.000 0.006 0.002 0.010 0.038 0.889 
 495 D _   0.007 0.049 0.000 0.005 0.003 0.011 0.038 0.888 
 496 A _   0.008 0.052 0.000 0.006 0.003 0.013 0.038 0.879 
 497 G _   0.010 0.061 0.001 0.009 0.005 0.016 0.037 0.862 
 498 P _   0.012 0.080 0.001 0.013 0.008 0.019 0.036 0.831 
 499 D _   0.015 0.111 0.001 0.019 0.011 0.023 0.035 0.785 
 500 T _   0.017 0.155 0.002 0.026 0.015 0.026 0.033 0.727 
 501 V _   0.018 0.205 0.002 0.033 0.018 0.028 0.031 0.666 
 502 V _   0.018 0.249 0.002 0.038 0.020 0.029 0.030 0.613 
 503 I _   0.019 0.282 0.002 0.042 0.021 0.029 0.029 0.577 
 504 G _   0.019 0.303 0.002 0.044 0.021 0.029 0.029 0.555 
 505 M _   0.019 0.314 0.001 0.043 0.020 0.028 0.029 0.546 
 506 T _   0.018 0.319 0.001 0.041 0.018 0.026 0.030 0.547 
 507 R _   0.017 0.319 0.001 0.038 0.016 0.025 0.030 0.554 
 508 I _   0.016 0.314 0.001 0.034 0.015 0.023 0.031 0.566 
 509 P _   0.014 0.307 0.001 0.030 0.013 0.022 0.032 0.581 
 510 V _   0.014 0.297 0.001 0.028 0.011 0.020 0.033 0.596 
 511 I _   0.013 0.286 0.001 0.026 0.010 0.019 0.035 0.610 
 512 E _   0.013 0.275 0.001 0.025 0.009 0.018 0.036 0.624 
 513 N _   0.012 0.262 0.001 0.025 0.008 0.016 0.038 0.638 
 514 P _   0.012 0.248 0.001 0.025 0.008 0.015 0.039 0.652 
 515 Q _   0.011 0.230 0.001 0.024 0.007 0.014 0.041 0.670 
 516 Y _   0.011 0.209 0.001 0.023 0.007 0.013 0.043 0.693 
 517 F _   0.010 0.185 0.001 0.020 0.006 0.012 0.045 0.720 
 518 R _   0.010 0.159 0.001 0.017 0.005 0.011 0.048 0.749 
 519 Q _   0.009 0.133 0.001 0.014 0.004 0.010 0.050 0.779 
 520 G _   0.008 0.110 0.001 0.011 0.003 0.008 0.051 0.807 
 521 H _   0.007 0.093 0.000 0.008 0.003 0.008 0.053 0.829 
 522 N _   0.006 0.082 0.000 0.006 0.002 0.007 0.054 0.843 
 523 C _   0.006 0.076 0.000 0.005 0.002 0.007 0.054 0.851 
 524 H _   0.005 0.075 0.000 0.004 0.002 0.007 0.054 0.854 
 525 K _   0.005 0.076 0.000 0.005 0.002 0.007 0.053 0.851 
 526 P _   0.006 0.081 0.000 0.007 0.003 0.009 0.052 0.843 
 527 D _   0.006 0.091 0.000 0.009 0.003 0.010 0.051 0.829 
 528 T _   0.007 0.109 0.001 0.013 0.005 0.011 0.049 0.807 
 529 Y _   0.007 0.132 0.001 0.016 0.006 0.012 0.047 0.779 
 530 V _   0.007 0.158 0.001 0.020 0.007 0.013 0.044 0.749 
 531 Q _   0.007 0.184 0.001 0.022 0.007 0.013 0.042 0.724 
 532 H _   0.007 0.204 0.001 0.023 0.007 0.013 0.040 0.704 
 533 I _   0.006 0.221 0.001 0.023 0.007 0.013 0.039 0.690 
 534 K _   0.006 0.233 0.001 0.022 0.007 0.012 0.037 0.682 
 535 R _   0.006 0.242 0.001 0.020 0.006 0.012 0.036 0.677 
 536 R _   0.006 0.249 0.001 0.018 0.006 0.011 0.036 0.674 
 537 D _   0.006 0.254 0.001 0.017 0.005 0.011 0.035 0.672 
 538 I _   0.006 0.260 0.001 0.015 0.005 0.011 0.034 0.669 
 539 V _   0.006 0.265 0.001 0.014 0.005 0.011 0.034 0.665 
 540 L _   0.006 0.271 0.001 0.013 0.005 0.011 0.033 0.660 
 541 K _   0.006 0.277 0.001 0.013 0.005 0.012 0.032 0.654 
 542 R _   0.007 0.284 0.001 0.013 0.005 0.013 0.032 0.646 
 543 E _   0.007 0.293 0.001 0.013 0.005 0.014 0.031 0.637 
 544 L _   0.008 0.303 0.001 0.014 0.006 0.015 0.030 0.624 
 545 G _   0.008 0.315 0.001 0.015 0.007 0.016 0.030 0.608 
 546 E _   0.009 0.330 0.001 0.018 0.008 0.017 0.029 0.588 
 547 G _   0.010 0.347 0.001 0.021 0.010 0.019 0.028 0.564 
 548 A _   0.011 0.365 0.001 0.025 0.011 0.020 0.027 0.540 
 549 F _   0.012 0.380 0.001 0.030 0.013 0.020 0.027 0.517 
 550 G _   0.013 0.392 0.001 0.035 0.014 0.021 0.026 0.499 
 551 K _   0.013 0.397 0.001 0.039 0.015 0.021 0.026 0.487 
 552 V _   0.014 0.397 0.001 0.042 0.015 0.020 0.026 0.484 
 553 F _   0.014 0.391 0.001 0.043 0.015 0.019 0.027 0.490 
 554 L _   0.014 0.374 0.001 0.042 0.014 0.018 0.028 0.507 
 555 A _   0.014 0.345 0.001 0.039 0.013 0.017 0.030 0.540 
 556 E _   0.014 0.299 0.002 0.034 0.012 0.016 0.033 0.590 
 557 C _   0.014 0.236 0.002 0.028 0.011 0.015 0.036 0.659 
 558 Y _   0.014 0.168 0.001 0.021 0.009 0.014 0.039 0.734 
 559 N _   0.013 0.112 0.001 0.014 0.006 0.013 0.041 0.799 
 560 L _   0.011 0.076 0.001 0.009 0.004 0.012 0.043 0.844 
 561 S _   0.010 0.057 0.000 0.006 0.003 0.011 0.045 0.869 
 562 P _   0.009 0.050 0.000 0.004 0.002 0.010 0.045 0.879 
 563 T _   0.009 0.047 0.000 0.004 0.002 0.011 0.046 0.880 
 564 K _   0.009 0.049 0.000 0.006 0.003 0.012 0.045 0.875 
 565 D _   0.010 0.054 0.000 0.009 0.004 0.014 0.045 0.863 
 566 K _   0.011 0.063 0.001 0.015 0.006 0.016 0.045 0.843 
 567 M _   0.012 0.076 0.001 0.023 0.008 0.018 0.044 0.818 
 568 L _   0.013 0.089 0.001 0.030 0.010 0.019 0.043 0.796 
 569 V _   0.012 0.098 0.001 0.036 0.011 0.019 0.043 0.780 
 570 A _   0.012 0.103 0.001 0.040 0.011 0.019 0.042 0.772 
 571 V _   0.012 0.104 0.001 0.040 0.011 0.018 0.043 0.772 
 572 K _   0.011 0.102 0.001 0.037 0.010 0.017 0.043 0.779 
 573 A _   0.011 0.096 0.001 0.032 0.009 0.015 0.044 0.792 
 574 L _   0.010 0.086 0.001 0.026 0.008 0.014 0.045 0.810 
 575 K _   0.010 0.074 0.001 0.021 0.006 0.012 0.047 0.829 
 576 D _   0.009 0.061 0.001 0.016 0.005 0.011 0.048 0.848 
 577 P _   0.009 0.050 0.001 0.013 0.004 0.010 0.049 0.865 
 578 T _   0.008 0.041 0.000 0.010 0.003 0.009 0.050 0.878 
 579 L _   0.008 0.034 0.000 0.008 0.003 0.008 0.051 0.887 
 580 A _   0.007 0.030 0.000 0.007 0.003 0.008 0.052 0.893 
 581 A _   0.007 0.027 0.000 0.007 0.002 0.008 0.052 0.897 
 582 R _   0.007 0.025 0.000 0.007 0.002 0.008 0.052 0.899 
 583 K _   0.006 0.025 0.000 0.007 0.003 0.008 0.051 0.899 
 584 D _   0.006 0.025 0.000 0.008 0.003 0.009 0.051 0.898 
 585 F _   0.007 0.026 0.000 0.009 0.003 0.010 0.050 0.895 
 586 Q _   0.007 0.027 0.000 0.011 0.004 0.011 0.049 0.891 
 587 R _   0.008 0.028 0.001 0.013 0.004 0.011 0.049 0.886 
 588 E _   0.008 0.030 0.001 0.014 0.005 0.012 0.048 0.882 
 589 A _   0.009 0.031 0.001 0.015 0.005 0.013 0.047 0.879 
 590 E _   0.009 0.032 0.001 0.014 0.005 0.013 0.047 0.879 
 591 L _   0.009 0.032 0.001 0.014 0.005 0.014 0.046 0.879 
 592 L _   0.010 0.032 0.001 0.012 0.005 0.015 0.045 0.880 
 593 T _   0.011 0.032 0.001 0.011 0.005 0.016 0.045 0.880 
 594 N _   0.012 0.032 0.001 0.010 0.006 0.017 0.044 0.879 
 595 L _   0.014 0.033 0.001 0.010 0.006 0.019 0.043 0.874 
 596 Q _   0.016 0.036 0.001 0.011 0.008 0.021 0.043 0.866 
 597 H _   0.018 0.040 0.001 0.014 0.010 0.023 0.042 0.853 
 598 E _   0.021 0.046 0.001 0.018 0.012 0.025 0.041 0.836 
 599 H _   0.023 0.053 0.001 0.023 0.015 0.027 0.040 0.818 
 600 I _   0.024 0.060 0.001 0.029 0.016 0.028 0.039 0.802 
 601 V _   0.024 0.065 0.001 0.034 0.017 0.028 0.039 0.790 
 602 K _   0.024 0.068 0.001 0.036 0.017 0.027 0.039 0.787 
 603 F _   0.023 0.067 0.001 0.035 0.016 0.026 0.039 0.793 
 604 Y _   0.021 0.063 0.001 0.031 0.014 0.023 0.040 0.806 
 605 G _   0.020 0.057 0.001 0.025 0.011 0.021 0.040 0.825 
 606 V _   0.018 0.049 0.001 0.018 0.009 0.019 0.041 0.847 
 607 C _   0.016 0.040 0.001 0.012 0.006 0.017 0.041 0.867 
 608 G _   0.014 0.034 0.001 0.008 0.005 0.017 0.042 0.880 
 609 D _   0.014 0.032 0.000 0.006 0.004 0.017 0.042 0.886 
 610 G _   0.015 0.032 0.000 0.005 0.004 0.018 0.041 0.884 
 611 D _   0.016 0.035 0.001 0.007 0.006 0.020 0.041 0.873 
 612 P _   0.019 0.044 0.001 0.012 0.009 0.023 0.041 0.852 
 613 L _   0.021 0.061 0.001 0.020 0.013 0.026 0.040 0.818 
 614 I _   0.022 0.085 0.001 0.031 0.016 0.028 0.039 0.778 
 615 M _   0.022 0.106 0.002 0.042 0.018 0.029 0.038 0.743 
 616 V _   0.021 0.119 0.002 0.050 0.019 0.028 0.038 0.723 
 617 F _   0.020 0.126 0.001 0.053 0.019 0.026 0.038 0.717 
 618 E _   0.018 0.127 0.001 0.050 0.017 0.024 0.038 0.725 
 619 Y _   0.016 0.123 0.001 0.043 0.014 0.021 0.039 0.743 
 620 M _   0.013 0.114 0.001 0.034 0.011 0.018 0.040 0.769 
 621 K _   0.011 0.100 0.001 0.025 0.008 0.015 0.041 0.798 
 622 H _   0.010 0.086 0.001 0.017 0.006 0.013 0.042 0.826 
 623 G _   0.008 0.074 0.001 0.012 0.004 0.012 0.043 0.847 
 624 D _   0.008 0.066 0.000 0.009 0.003 0.011 0.044 0.859 
 625 L _   0.007 0.063 0.000 0.008 0.003 0.010 0.044 0.865 
 626 N _   0.007 0.061 0.000 0.008 0.003 0.010 0.044 0.866 
 627 K _   0.007 0.062 0.000 0.009 0.003 0.010 0.044 0.863 
 628 F _   0.008 0.064 0.000 0.011 0.004 0.011 0.044 0.858 
 629 L _   0.008 0.068 0.001 0.013 0.005 0.012 0.044 0.851 
 630 R _   0.008 0.071 0.001 0.016 0.005 0.012 0.043 0.843 
 631 A _   0.008 0.075 0.001 0.019 0.006 0.013 0.043 0.836 
 632 H _   0.008 0.078 0.001 0.021 0.007 0.013 0.043 0.830 
 633 G _   0.009 0.080 0.001 0.024 0.007 0.013 0.043 0.824 
 634 P _   0.009 0.081 0.001 0.026 0.008 0.014 0.043 0.819 
 635 D _   0.010 0.080 0.001 0.028 0.008 0.014 0.043 0.816 
 636 A _   0.011 0.077 0.001 0.028 0.008 0.014 0.044 0.817 
 637 M _   0.011 0.073 0.001 0.028 0.008 0.013 0.046 0.822 
 638 I _   0.011 0.065 0.001 0.025 0.007 0.012 0.047 0.831 
 639 L _   0.011 0.055 0.001 0.022 0.006 0.012 0.049 0.846 
 640 V _   0.010 0.043 0.001 0.017 0.005 0.010 0.050 0.864 
 641 D _   0.009 0.030 0.001 0.013 0.004 0.009 0.052 0.883 
 642 G _   0.008 0.018 0.000 0.009 0.003 0.008 0.053 0.900 
 643 Q _   0.008 0.010 0.000 0.006 0.002 0.007 0.053 0.913 
 644 P _   0.007 0.005 0.000 0.004 0.002 0.007 0.054 0.921 
 645 R _   0.008 0.002 0.000 0.003 0.002 0.007 0.053 0.925 
 646 Q _   0.009 0.001 0.000 0.002 0.002 0.008 0.053 0.925 
 647 A _   0.012 0.000 0.000 0.003 0.002 0.011 0.052 0.920 
 648 K _   0.018 0.000 0.000 0.003 0.003 0.014 0.050 0.911 
 649 G _   0.029 0.000 0.000 0.004 0.004 0.019 0.048 0.895 
 650 E _   0.047 0.000 0.001 0.006 0.006 0.026 0.046 0.868 
 651 L _   0.072 0.001 0.001 0.008 0.010 0.034 0.043 0.831 
 652 G _   0.106 0.001 0.001 0.010 0.016 0.042 0.039 0.785 
 653 L _   0.147 0.001 0.002 0.011 0.023 0.050 0.036 0.731 
 654 S _   0.193 0.001 0.002 0.012 0.030 0.056 0.032 0.673 
 655 Q _   0.245 0.001 0.002 0.011 0.038 0.062 0.028 0.613 
 656 M _   0.299 0.001 0.002 0.010 0.044 0.065 0.025 0.553 
 657 L _   0.351 0.001 0.002 0.009 0.049 0.066 0.023 0.499 
 658 H _   0.400 0.001 0.002 0.007 0.052 0.065 0.021 0.452 
 659 I H   0.442 0.001 0.002 0.006 0.053 0.063 0.019 0.413 
 660 A H   0.476 0.001 0.002 0.005 0.053 0.061 0.019 0.384 
 661 S H   0.501 0.001 0.002 0.005 0.052 0.058 0.018 0.364 
 662 Q H   0.516 0.001 0.002 0.005 0.050 0.054 0.018 0.354 
 663 I H   0.522 0.001 0.002 0.005 0.048 0.051 0.018 0.353 
