#TopoPred_TM8: 8-state transmembrane topology prediction results by no_profile mode 
#probabilities are in the order of H E C I L F X _, the 8 transmembrane topology types used in PDBTM 
   1 M X   0.022 0.001 0.003 0.072 0.013 0.015 0.522 0.351 
   2 T X   0.009 0.001 0.000 0.043 0.003 0.008 0.535 0.402 
   3 S X   0.003 0.000 0.000 0.022 0.001 0.005 0.534 0.435 
   4 S X   0.003 0.000 0.000 0.013 0.001 0.005 0.525 0.453 
   5 L X   0.007 0.000 0.000 0.010 0.001 0.007 0.509 0.466 
   6 Q X   0.017 0.000 0.000 0.008 0.003 0.010 0.485 0.478 
   7 R _   0.036 0.000 0.001 0.006 0.004 0.013 0.456 0.485 
   8 P _   0.069 0.000 0.001 0.006 0.005 0.016 0.418 0.486 
   9 W _   0.118 0.000 0.001 0.005 0.007 0.020 0.371 0.477 
  10 R _   0.186 0.000 0.001 0.005 0.010 0.024 0.317 0.457 
  11 V _   0.271 0.000 0.002 0.004 0.014 0.028 0.259 0.422 
  12 P _   0.369 0.000 0.002 0.003 0.018 0.030 0.205 0.372 
  13 W H   0.475 0.000 0.002 0.003 0.023 0.032 0.157 0.309 
  14 L H   0.572 0.000 0.002 0.002 0.027 0.032 0.121 0.244 
  15 P H   0.655 0.000 0.002 0.002 0.030 0.030 0.096 0.185 
  16 W H   0.716 0.000 0.002 0.001 0.032 0.028 0.081 0.141 
  17 T H   0.755 0.000 0.002 0.001 0.032 0.025 0.072 0.113 
  18 I H   0.777 0.000 0.002 0.002 0.032 0.023 0.067 0.098 
  19 L H   0.785 0.000 0.001 0.002 0.031 0.021 0.064 0.095 
  20 L H   0.780 0.000 0.002 0.002 0.031 0.019 0.062 0.103 
  21 V H   0.761 0.000 0.002 0.003 0.030 0.018 0.062 0.124 
  22 S H   0.723 0.000 0.002 0.003 0.028 0.017 0.062 0.164 
  23 T H   0.663 0.000 0.002 0.003 0.025 0.017 0.063 0.226 
  24 A H   0.580 0.000 0.002 0.003 0.021 0.016 0.066 0.313 
  25 A H   0.479 0.000 0.002 0.003 0.016 0.015 0.069 0.416 
  26 A _   0.375 0.000 0.001 0.003 0.011 0.014 0.073 0.523 
  27 S _   0.279 0.000 0.001 0.003 0.008 0.013 0.077 0.619 
  28 Q _   0.200 0.000 0.001 0.003 0.006 0.012 0.081 0.697 
  29 N _   0.142 0.000 0.001 0.004 0.005 0.011 0.084 0.753 
  30 Q _   0.099 0.000 0.001 0.005 0.004 0.011 0.086 0.794 
  31 E _   0.069 0.001 0.001 0.006 0.004 0.010 0.088 0.821 
  32 R _   0.049 0.001 0.000 0.007 0.004 0.010 0.090 0.839 
  33 L _   0.034 0.002 0.000 0.008 0.003 0.009 0.091 0.852 
  34 C _   0.024 0.003 0.000 0.008 0.003 0.009 0.091 0.862 
  35 A _   0.018 0.004 0.000 0.008 0.003 0.008 0.091 0.868 
  36 F _   0.013 0.005 0.000 0.007 0.003 0.008 0.091 0.874 
  37 K _   0.010 0.006 0.000 0.007 0.002 0.007 0.090 0.877 
  38 D _   0.008 0.007 0.000 0.006 0.002 0.007 0.089 0.880 
  39 P _   0.007 0.009 0.000 0.006 0.002 0.007 0.088 0.880 
  40 Y _   0.006 0.013 0.000 0.007 0.002 0.007 0.086 0.878 
  41 Q _   0.006 0.018 0.000 0.008 0.003 0.008 0.084 0.873 
  42 Q _   0.006 0.028 0.000 0.010 0.003 0.009 0.081 0.863 
  43 D _   0.006 0.041 0.001 0.013 0.004 0.010 0.078 0.847 
  44 L _   0.006 0.060 0.001 0.016 0.005 0.010 0.075 0.828 
  45 G _   0.006 0.081 0.001 0.019 0.005 0.011 0.071 0.806 
  46 I _   0.006 0.103 0.001 0.021 0.006 0.011 0.067 0.786 
  47 G _   0.006 0.123 0.001 0.022 0.006 0.011 0.063 0.768 
  48 E _   0.005 0.140 0.001 0.022 0.006 0.011 0.060 0.755 
  49 S _   0.005 0.154 0.001 0.021 0.006 0.010 0.057 0.746 
  50 R _   0.005 0.166 0.001 0.020 0.005 0.010 0.054 0.738 
  51 I _   0.005 0.177 0.001 0.019 0.005 0.010 0.052 0.731 
  52 S _   0.005 0.188 0.001 0.018 0.005 0.011 0.050 0.723 
  53 H _   0.005 0.200 0.001 0.019 0.006 0.011 0.048 0.711 
  54 E _   0.005 0.214 0.001 0.020 0.006 0.012 0.046 0.697 
  55 N _   0.006 0.229 0.001 0.022 0.007 0.012 0.044 0.680 
  56 G _   0.006 0.245 0.001 0.024 0.007 0.013 0.042 0.663 
  57 T _   0.007 0.259 0.001 0.026 0.007 0.013 0.040 0.647 
  58 I _   0.007 0.271 0.001 0.028 0.008 0.013 0.039 0.634 
  59 L _   0.007 0.279 0.001 0.029 0.008 0.013 0.038 0.626 
  60 C _   0.007 0.284 0.001 0.029 0.008 0.012 0.037 0.623 
  61 S _   0.006 0.285 0.001 0.029 0.007 0.012 0.036 0.624 
  62 K _   0.006 0.283 0.001 0.028 0.007 0.012 0.036 0.628 
  63 G _   0.006 0.278 0.001 0.027 0.007 0.011 0.036 0.635 
  64 S _   0.006 0.271 0.001 0.025 0.006 0.011 0.036 0.644 
  65 T _   0.006 0.262 0.001 0.024 0.006 0.010 0.036 0.655 
  66 C _   0.006 0.251 0.001 0.022 0.006 0.010 0.037 0.667 
  67 Y _   0.007 0.238 0.001 0.020 0.005 0.010 0.037 0.682 
  68 G _   0.006 0.223 0.001 0.018 0.005 0.009 0.038 0.700 
  69 L _   0.006 0.207 0.001 0.016 0.004 0.009 0.039 0.719 
  70 W _   0.006 0.191 0.001 0.013 0.004 0.008 0.039 0.738 
  71 E _   0.006 0.177 0.000 0.010 0.003 0.008 0.040 0.757 
  72 K _   0.005 0.166 0.000 0.008 0.002 0.007 0.040 0.770 
  73 S _   0.005 0.160 0.000 0.006 0.002 0.007 0.040 0.779 
  74 K _   0.005 0.158 0.000 0.006 0.002 0.008 0.040 0.781 
  75 G _   0.005 0.160 0.000 0.007 0.003 0.009 0.039 0.777 
  76 D _   0.006 0.167 0.000 0.009 0.003 0.011 0.038 0.765 
  77 I _   0.007 0.182 0.001 0.014 0.005 0.013 0.036 0.743 
  78 N _   0.008 0.205 0.001 0.020 0.007 0.014 0.034 0.711 
  79 L _   0.008 0.233 0.001 0.028 0.009 0.016 0.032 0.674 
  80 V _   0.008 0.258 0.001 0.035 0.010 0.016 0.031 0.641 
  81 K _   0.008 0.276 0.001 0.041 0.011 0.016 0.029 0.618 
  82 Q _   0.008 0.284 0.001 0.044 0.011 0.016 0.028 0.607 
  83 G _   0.008 0.287 0.001 0.044 0.011 0.016 0.028 0.606 
  84 C _   0.007 0.283 0.001 0.041 0.010 0.015 0.028 0.614 
  85 W _   0.007 0.274 0.001 0.036 0.009 0.014 0.028 0.631 
  86 S _   0.007 0.257 0.001 0.029 0.008 0.013 0.029 0.656 
  87 H _   0.007 0.236 0.001 0.022 0.006 0.012 0.030 0.687 
  88 I _   0.007 0.214 0.001 0.016 0.005 0.011 0.030 0.716 
  89 G _   0.007 0.196 0.001 0.011 0.004 0.011 0.031 0.741 
  90 D _   0.007 0.184 0.000 0.008 0.003 0.010 0.031 0.756 
  91 P _   0.007 0.179 0.000 0.006 0.003 0.011 0.031 0.763 
  92 Q _   0.007 0.179 0.000 0.006 0.003 0.012 0.030 0.762 
  93 E _   0.008 0.185 0.000 0.008 0.004 0.014 0.030 0.751 
  94 C _   0.009 0.200 0.001 0.011 0.006 0.016 0.028 0.728 
  95 H _   0.010 0.229 0.001 0.017 0.009 0.018 0.027 0.688 
  96 Y _   0.011 0.273 0.001 0.024 0.012 0.020 0.025 0.634 
  97 E _   0.011 0.323 0.001 0.030 0.013 0.020 0.023 0.578 
  98 E _   0.010 0.365 0.001 0.035 0.014 0.020 0.021 0.533 
  99 C _   0.010 0.394 0.001 0.037 0.013 0.019 0.020 0.506 
 100 V _   0.009 0.410 0.001 0.037 0.012 0.018 0.020 0.492 
 101 V _   0.009 0.418 0.001 0.035 0.011 0.017 0.020 0.490 
 102 T _   0.008 0.419 0.001 0.030 0.010 0.016 0.020 0.496 
 103 T _   0.008 0.415 0.001 0.025 0.008 0.015 0.020 0.508 
 104 T _   0.007 0.408 0.001 0.019 0.007 0.015 0.020 0.523 
 105 P _   0.008 0.400 0.001 0.014 0.006 0.015 0.020 0.538 
 106 P _   0.008 0.393 0.001 0.011 0.005 0.015 0.020 0.547 
 107 S _   0.008 0.392 0.000 0.009 0.005 0.016 0.020 0.550 
 108 I _   0.009 0.396 0.001 0.009 0.006 0.017 0.020 0.542 
 109 Q _   0.010 0.411 0.001 0.011 0.008 0.019 0.019 0.522 
 110 N _   0.011 0.441 0.001 0.015 0.010 0.020 0.018 0.483 
 111 G E   0.012 0.489 0.001 0.019 0.013 0.021 0.017 0.428 
 112 T E   0.011 0.550 0.002 0.024 0.014 0.020 0.016 0.364 
 113 Y E   0.009 0.605 0.001 0.028 0.014 0.018 0.015 0.310 
 114 R E   0.008 0.644 0.001 0.029 0.013 0.016 0.014 0.275 
 115 F E   0.007 0.668 0.001 0.030 0.011 0.014 0.014 0.255 
 116 C E   0.006 0.681 0.001 0.029 0.010 0.013 0.013 0.246 
 117 C E   0.006 0.686 0.001 0.028 0.009 0.012 0.014 0.244 
 118 C E   0.005 0.685 0.001 0.026 0.009 0.011 0.014 0.249 
 119 S E   0.005 0.679 0.001 0.024 0.008 0.011 0.015 0.257 
 120 T E   0.006 0.669 0.001 0.023 0.008 0.010 0.015 0.269 
 121 D E   0.006 0.654 0.001 0.023 0.008 0.010 0.016 0.283 
 122 L E   0.006 0.635 0.001 0.023 0.008 0.010 0.018 0.299 
 123 C E   0.007 0.612 0.001 0.024 0.008 0.011 0.020 0.319 
 124 N E   0.007 0.584 0.001 0.026 0.008 0.011 0.022 0.341 
 125 V E   0.008 0.549 0.001 0.028 0.008 0.011 0.025 0.369 
 126 N E   0.009 0.505 0.001 0.029 0.009 0.012 0.028 0.406 
 127 F _   0.010 0.447 0.001 0.030 0.009 0.012 0.033 0.457 
 128 T _   0.011 0.375 0.001 0.029 0.009 0.013 0.039 0.522 
 129 E _   0.012 0.294 0.001 0.027 0.009 0.013 0.045 0.598 
 130 N _   0.012 0.213 0.001 0.024 0.008 0.013 0.052 0.677 
 131 F _   0.012 0.142 0.001 0.019 0.006 0.012 0.058 0.750 
 132 P _   0.010 0.089 0.001 0.015 0.005 0.011 0.063 0.806 
 133 P _   0.009 0.055 0.000 0.011 0.003 0.010 0.067 0.844 
 134 P _   0.008 0.034 0.000 0.009 0.003 0.009 0.070 0.868 
 135 D _   0.007 0.022 0.000 0.008 0.002 0.008 0.071 0.882 
 136 T _   0.006 0.014 0.000 0.007 0.002 0.007 0.072 0.891 
 137 T _   0.006 0.009 0.000 0.006 0.002 0.007 0.072 0.897 
 138 P _   0.005 0.006 0.000 0.006 0.002 0.006 0.072 0.902 
 139 L _   0.005 0.004 0.000 0.006 0.002 0.006 0.071 0.906 
 140 S _   0.005 0.003 0.000 0.005 0.002 0.005 0.070 0.910 
 141 P _   0.006 0.002 0.000 0.005 0.002 0.005 0.067 0.914 
 142 P _   0.008 0.001 0.000 0.004 0.002 0.005 0.065 0.917 
 143 H _   0.012 0.000 0.000 0.003 0.002 0.005 0.061 0.917 
 144 S _   0.021 0.000 0.000 0.002 0.002 0.005 0.057 0.912 
 145 F _   0.039 0.000 0.000 0.002 0.002 0.006 0.052 0.898 
 146 N _   0.073 0.000 0.000 0.002 0.003 0.007 0.047 0.868 
 147 R _   0.129 0.000 0.001 0.001 0.004 0.008 0.040 0.816 
 148 D _   0.207 0.000 0.001 0.001 0.005 0.009 0.033 0.744 
 149 E _   0.301 0.000 0.001 0.001 0.006 0.009 0.027 0.656 
 150 T _   0.406 0.000 0.001 0.001 0.006 0.009 0.021 0.557 
 151 I H   0.509 0.000 0.001 0.001 0.007 0.008 0.017 0.458 
 152 I H   0.606 0.000 0.001 0.000 0.006 0.007 0.013 0.366 
 153 I H   0.692 0.000 0.001 0.000 0.006 0.006 0.011 0.284 
 154 A H   0.766 0.000 0.001 0.000 0.005 0.005 0.009 0.214 
 155 L H   0.828 0.000 0.001 0.000 0.005 0.004 0.007 0.155 
 156 A H   0.875 0.000 0.001 0.000 0.005 0.003 0.006 0.111 
 157 S H   0.909 0.000 0.001 0.000 0.005 0.003 0.005 0.078 
 158 V H   0.934 0.000 0.001 0.000 0.004 0.002 0.004 0.054 
 159 S H   0.951 0.000 0.001 0.000 0.004 0.002 0.003 0.039 
 160 V H   0.961 0.000 0.001 0.000 0.005 0.002 0.003 0.029 
 161 L H   0.967 0.000 0.001 0.000 0.005 0.002 0.002 0.024 
 162 A H   0.969 0.000 0.001 0.000 0.005 0.002 0.002 0.021 
 163 V H   0.968 0.000 0.001 0.000 0.006 0.002 0.002 0.022 
 164 L H   0.963 0.000 0.001 0.000 0.006 0.002 0.002 0.026 
 165 I H   0.955 0.000 0.001 0.000 0.007 0.002 0.002 0.033 
 166 V H   0.940 0.000 0.001 0.000 0.008 0.003 0.002 0.047 
 167 A H   0.918 0.000 0.001 0.000 0.009 0.003 0.002 0.066 
 168 L H   0.888 0.000 0.001 0.000 0.010 0.004 0.002 0.095 
 169 C H   0.845 0.000 0.001 0.000 0.011 0.004 0.002 0.135 
 170 F H   0.789 0.000 0.001 0.001 0.012 0.005 0.003 0.189 
 171 G H   0.715 0.000 0.001 0.001 0.012 0.006 0.005 0.260 
 172 Y H   0.620 0.000 0.001 0.001 0.012 0.007 0.007 0.351 
 173 R H   0.510 0.000 0.001 0.001 0.011 0.008 0.010 0.458 
 174 M _   0.391 0.000 0.001 0.002 0.009 0.008 0.014 0.575 
 175 L _   0.279 0.000 0.001 0.002 0.007 0.008 0.018 0.685 
 176 T _   0.185 0.000 0.001 0.002 0.005 0.007 0.022 0.778 
 177 G _   0.115 0.000 0.001 0.002 0.003 0.007 0.025 0.847 
 178 D _   0.070 0.000 0.000 0.002 0.003 0.007 0.027 0.892 
 179 R _   0.043 0.000 0.000 0.002 0.002 0.007 0.029 0.916 
 180 K _   0.029 0.001 0.000 0.002 0.002 0.008 0.030 0.928 
 181 Q _   0.021 0.002 0.000 0.003 0.003 0.010 0.031 0.930 
 182 G _   0.018 0.007 0.000 0.006 0.004 0.012 0.031 0.921 
 183 L _   0.017 0.019 0.001 0.011 0.006 0.015 0.032 0.898 
 184 H _   0.017 0.042 0.001 0.021 0.010 0.019 0.032 0.859 
 185 S _   0.017 0.074 0.001 0.033 0.013 0.021 0.032 0.810 
 186 M _   0.017 0.104 0.001 0.046 0.016 0.023 0.032 0.762 
 187 N _   0.017 0.125 0.001 0.057 0.017 0.024 0.032 0.728 
 188 M _   0.016 0.136 0.001 0.064 0.018 0.024 0.033 0.709 
 189 M _   0.016 0.140 0.001 0.065 0.017 0.023 0.034 0.704 
 190 E _   0.015 0.138 0.001 0.061 0.015 0.021 0.036 0.712 
 191 A _   0.014 0.129 0.001 0.053 0.013 0.019 0.039 0.731 
 192 A _   0.013 0.113 0.001 0.042 0.011 0.016 0.042 0.761 
 193 A _   0.013 0.090 0.001 0.030 0.008 0.014 0.046 0.799 
 194 S _   0.011 0.063 0.001 0.019 0.006 0.012 0.049 0.839 
 195 E _   0.010 0.041 0.001 0.011 0.004 0.010 0.052 0.871 
 196 P _   0.009 0.027 0.000 0.007 0.003 0.008 0.054 0.892 
 197 S _   0.007 0.020 0.000 0.004 0.002 0.008 0.055 0.903 
 198 L _   0.007 0.018 0.000 0.003 0.002 0.008 0.056 0.907 
 199 D _   0.007 0.017 0.000 0.003 0.002 0.008 0.056 0.906 
 200 L _   0.008 0.019 0.000 0.004 0.002 0.010 0.056 0.900 
 201 D _   0.009 0.025 0.000 0.006 0.003 0.013 0.056 0.888 
 202 N _   0.011 0.037 0.001 0.010 0.005 0.016 0.054 0.865 
 203 L _   0.013 0.061 0.001 0.017 0.008 0.020 0.053 0.829 
 204 K _   0.014 0.093 0.001 0.025 0.011 0.022 0.051 0.783 
 205 L _   0.014 0.128 0.001 0.033 0.014 0.024 0.048 0.738 
 206 L _   0.015 0.158 0.001 0.040 0.015 0.026 0.047 0.698 
 207 E _   0.015 0.180 0.001 0.046 0.017 0.026 0.045 0.669 
 208 L _   0.015 0.194 0.001 0.050 0.017 0.026 0.044 0.652 
 209 I _   0.015 0.202 0.001 0.052 0.018 0.026 0.044 0.643 
 210 G _   0.015 0.204 0.001 0.052 0.017 0.025 0.044 0.642 
 211 R _   0.016 0.201 0.001 0.049 0.016 0.023 0.045 0.648 
 212 G _   0.016 0.194 0.001 0.046 0.015 0.022 0.046 0.660 
 213 R _   0.016 0.181 0.001 0.041 0.014 0.020 0.047 0.679 
 214 Y _   0.015 0.162 0.001 0.036 0.012 0.019 0.050 0.706 
 215 G _   0.015 0.137 0.001 0.029 0.010 0.017 0.052 0.739 
 216 A _   0.014 0.108 0.001 0.023 0.008 0.015 0.055 0.777 
 217 V _   0.012 0.081 0.001 0.017 0.006 0.013 0.057 0.814 
 218 Y _   0.011 0.059 0.001 0.011 0.004 0.011 0.059 0.844 
 219 K _   0.009 0.044 0.000 0.007 0.003 0.010 0.060 0.866 
 220 G _   0.008 0.035 0.000 0.005 0.002 0.009 0.060 0.880 
 221 S _   0.008 0.031 0.000 0.004 0.002 0.010 0.060 0.886 
 222 L _   0.008 0.030 0.000 0.004 0.002 0.011 0.060 0.886 
 223 D _   0.009 0.032 0.000 0.005 0.003 0.013 0.059 0.880 
 224 E _   0.011 0.038 0.000 0.007 0.004 0.016 0.058 0.865 
 225 R _   0.013 0.053 0.001 0.012 0.007 0.020 0.056 0.837 
 226 P _   0.016 0.082 0.001 0.020 0.012 0.024 0.054 0.791 
 227 V _   0.018 0.126 0.002 0.031 0.016 0.028 0.051 0.729 
 228 A _   0.018 0.171 0.002 0.042 0.020 0.030 0.048 0.668 
 229 V _   0.019 0.206 0.002 0.053 0.022 0.031 0.046 0.622 
 230 K _   0.018 0.228 0.002 0.060 0.023 0.031 0.045 0.594 
 231 V _   0.018 0.238 0.002 0.064 0.023 0.030 0.044 0.581 
 232 F _   0.017 0.241 0.002 0.064 0.022 0.029 0.044 0.582 
 233 S _   0.016 0.237 0.002 0.060 0.020 0.026 0.044 0.595 
 234 F _   0.015 0.225 0.002 0.053 0.018 0.024 0.045 0.619 
 235 A _   0.014 0.204 0.001 0.044 0.015 0.022 0.046 0.653 
 236 N _   0.014 0.175 0.001 0.035 0.013 0.019 0.048 0.696 
 237 R _   0.013 0.141 0.001 0.026 0.010 0.017 0.050 0.742 
 238 Q _   0.012 0.109 0.001 0.019 0.008 0.015 0.052 0.785 
 239 N _   0.011 0.084 0.001 0.014 0.006 0.013 0.053 0.819 
 240 F _   0.010 0.066 0.001 0.011 0.004 0.012 0.054 0.843 
 241 I _   0.009 0.055 0.000 0.009 0.004 0.011 0.055 0.858 
 242 N _   0.008 0.048 0.000 0.008 0.003 0.010 0.055 0.867 
 243 E _   0.008 0.045 0.000 0.008 0.003 0.010 0.055 0.871 
 244 K _   0.008 0.043 0.000 0.008 0.003 0.010 0.055 0.872 
 245 N _   0.008 0.042 0.000 0.009 0.004 0.011 0.055 0.871 
 246 I _   0.008 0.042 0.001 0.010 0.004 0.011 0.055 0.869 
 247 Y _   0.008 0.043 0.001 0.012 0.005 0.012 0.054 0.866 
 248 R _   0.008 0.043 0.001 0.013 0.005 0.012 0.054 0.864 
 249 V _   0.009 0.044 0.001 0.013 0.005 0.013 0.053 0.863 
 250 P _   0.009 0.044 0.001 0.013 0.005 0.013 0.053 0.862 
 251 L _   0.009 0.044 0.001 0.013 0.005 0.013 0.053 0.862 
 252 M _   0.009 0.044 0.001 0.012 0.005 0.014 0.052 0.862 
 253 E _   0.010 0.045 0.001 0.012 0.006 0.015 0.052 0.861 
 254 H _   0.010 0.046 0.001 0.012 0.006 0.016 0.051 0.858 
 255 D _   0.011 0.048 0.001 0.013 0.007 0.017 0.051 0.853 
 256 N _   0.013 0.051 0.001 0.015 0.008 0.019 0.050 0.844 
 257 I _   0.015 0.054 0.001 0.018 0.010 0.020 0.050 0.833 
 258 A _   0.016 0.058 0.001 0.022 0.011 0.021 0.050 0.821 
 259 R _   0.017 0.061 0.001 0.026 0.012 0.022 0.050 0.812 
 260 F _   0.018 0.062 0.001 0.028 0.012 0.022 0.050 0.808 
 261 I _   0.017 0.061 0.001 0.028 0.012 0.021 0.050 0.808 
 262 V _   0.017 0.058 0.001 0.027 0.011 0.020 0.051 0.814 
 263 G _   0.016 0.053 0.001 0.023 0.010 0.019 0.052 0.826 
 264 D _   0.015 0.046 0.001 0.019 0.008 0.018 0.053 0.840 
 265 E _   0.015 0.038 0.001 0.014 0.007 0.017 0.054 0.856 
 266 R _   0.014 0.030 0.001 0.010 0.005 0.016 0.054 0.870 
 267 V _   0.013 0.025 0.000 0.007 0.004 0.015 0.055 0.879 
 268 T _   0.013 0.023 0.000 0.005 0.004 0.016 0.055 0.883 
 269 A _   0.014 0.023 0.000 0.005 0.004 0.017 0.055 0.881 
 270 D _   0.016 0.025 0.001 0.007 0.006 0.020 0.055 0.872 
 271 G _   0.018 0.030 0.001 0.010 0.008 0.022 0.055 0.855 
 272 R _   0.021 0.040 0.001 0.016 0.011 0.025 0.054 0.831 
 273 M _   0.023 0.054 0.001 0.025 0.015 0.028 0.054 0.800 
 274 E _   0.024 0.069 0.001 0.034 0.018 0.029 0.053 0.771 
 275 Y _   0.024 0.079 0.002 0.043 0.020 0.030 0.053 0.750 
 276 L _   0.023 0.086 0.002 0.048 0.020 0.029 0.053 0.739 
 277 L _   0.022 0.087 0.001 0.049 0.019 0.027 0.054 0.739 
 278 V _   0.021 0.085 0.001 0.046 0.018 0.025 0.055 0.749 
 279 M _   0.019 0.078 0.001 0.040 0.015 0.022 0.056 0.768 
 280 E _   0.017 0.067 0.001 0.031 0.012 0.020 0.058 0.794 
 281 Y _   0.015 0.053 0.001 0.023 0.009 0.017 0.060 0.823 
 282 Y _   0.013 0.038 0.001 0.015 0.006 0.014 0.061 0.851 
 283 P _   0.011 0.026 0.001 0.011 0.005 0.013 0.063 0.872 
 284 N _   0.010 0.018 0.000 0.008 0.004 0.011 0.064 0.885 
 285 G _   0.009 0.014 0.000 0.006 0.003 0.011 0.065 0.892 
 286 S _   0.009 0.011 0.000 0.006 0.003 0.011 0.065 0.895 
 287 L _   0.009 0.010 0.000 0.006 0.003 0.011 0.065 0.895 
 288 C _   0.009 0.010 0.000 0.008 0.004 0.012 0.065 0.892 
 289 K _   0.009 0.010 0.000 0.010 0.004 0.013 0.065 0.889 
 290 Y _   0.009 0.010 0.001 0.012 0.005 0.014 0.065 0.885 
 291 L _   0.009 0.011 0.001 0.013 0.005 0.015 0.064 0.882 
 292 S _   0.010 0.011 0.001 0.014 0.006 0.016 0.064 0.880 
 293 L _   0.010 0.010 0.001 0.013 0.006 0.017 0.064 0.879 
 294 H _   0.011 0.009 0.001 0.012 0.006 0.018 0.064 0.879 
 295 T _   0.014 0.008 0.001 0.011 0.006 0.020 0.063 0.878 
 296 S _   0.017 0.007 0.001 0.009 0.006 0.022 0.063 0.875 
 297 D _   0.022 0.007 0.001 0.008 0.007 0.025 0.063 0.869 
 298 W _   0.029 0.006 0.001 0.007 0.008 0.029 0.062 0.857 
 299 V _   0.040 0.007 0.001 0.007 0.010 0.034 0.062 0.839 
 300 S _   0.054 0.008 0.001 0.007 0.014 0.041 0.061 0.814 
 301 S _   0.070 0.011 0.001 0.009 0.019 0.047 0.060 0.782 
 302 C _   0.089 0.015 0.002 0.011 0.025 0.054 0.060 0.744 
 303 R _   0.108 0.023 0.002 0.013 0.032 0.061 0.059 0.702 
 304 L _   0.125 0.032 0.002 0.016 0.040 0.066 0.059 0.661 
 305 A _   0.138 0.042 0.002 0.020 0.046 0.069 0.060 0.624 
 306 H _   0.148 0.052 0.003 0.023 0.051 0.070 0.060 0.594 
 307 S _   0.154 0.062 0.003 0.026 0.053 0.069 0.061 0.572 
 308 V _   0.156 0.070 0.003 0.029 0.054 0.067 0.063 0.558 
 309 T _   0.154 0.076 0.003 0.032 0.052 0.064 0.065 0.553 
 310 R _   0.147 0.079 0.003 0.035 0.049 0.060 0.068 0.559 
 311 G _   0.137 0.080 0.002 0.037 0.044 0.055 0.071 0.572 
 312 L _   0.123 0.079 0.002 0.037 0.038 0.050 0.076 0.595 
 313 A _   0.107 0.074 0.002 0.036 0.032 0.044 0.081 0.625 
 314 Y _   0.089 0.067 0.002 0.034 0.025 0.037 0.086 0.660 
 315 L _   0.071 0.058 0.002 0.029 0.019 0.031 0.092 0.699 
 316 H _   0.055 0.046 0.001 0.024 0.013 0.025 0.097 0.738 
 317 T _   0.041 0.034 0.001 0.018 0.009 0.020 0.102 0.774 
 318 E _   0.030 0.023 0.001 0.013 0.006 0.016 0.107 0.805 
 319 L _   0.022 0.016 0.001 0.009 0.004 0.012 0.110 0.827 
 320 P _   0.015 0.011 0.000 0.006 0.003 0.009 0.113 0.843 
 321 R _   0.011 0.008 0.000 0.005 0.002 0.008 0.114 0.852 
 322 G _   0.008 0.006 0.000 0.004 0.002 0.007 0.115 0.857 
 323 D _   0.007 0.006 0.000 0.004 0.002 0.006 0.116 0.859 
 324 H _   0.006 0.006 0.000 0.005 0.002 0.006 0.116 0.859 
 325 Y _   0.006 0.006 0.000 0.006 0.002 0.006 0.116 0.857 
 326 K _   0.005 0.008 0.000 0.008 0.002 0.007 0.115 0.855 
 327 P _   0.005 0.009 0.000 0.009 0.003 0.007 0.115 0.852 
 328 A _   0.005 0.011 0.000 0.011 0.003 0.007 0.113 0.849 
 329 I _   0.005 0.013 0.000 0.012 0.003 0.007 0.112 0.847 
 330 S _   0.005 0.015 0.000 0.012 0.003 0.007 0.111 0.846 
 331 H _   0.005 0.017 0.000 0.012 0.003 0.007 0.109 0.846 
 332 R _   0.004 0.019 0.000 0.012 0.003 0.007 0.108 0.847 
 333 D _   0.004 0.021 0.000 0.011 0.003 0.007 0.106 0.847 
 334 L _   0.004 0.022 0.000 0.011 0.003 0.007 0.105 0.848 
 335 N _   0.004 0.025 0.000 0.010 0.003 0.008 0.103 0.847 
 336 S _   0.004 0.027 0.000 0.010 0.003 0.008 0.101 0.846 
 337 R _   0.004 0.031 0.000 0.010 0.003 0.009 0.099 0.843 
 338 N _   0.005 0.036 0.000 0.010 0.003 0.010 0.097 0.838 
 339 V _   0.005 0.042 0.000 0.011 0.004 0.011 0.095 0.831 
 340 L _   0.006 0.051 0.001 0.012 0.004 0.013 0.092 0.821 
 341 V _   0.007 0.061 0.001 0.013 0.005 0.014 0.089 0.809 
 342 K _   0.008 0.074 0.001 0.015 0.006 0.017 0.086 0.792 
 343 N _   0.010 0.090 0.001 0.016 0.008 0.020 0.083 0.772 
 344 D _   0.012 0.109 0.001 0.019 0.010 0.023 0.080 0.746 
 345 G _   0.014 0.132 0.001 0.021 0.013 0.026 0.076 0.716 
 346 T _   0.017 0.157 0.001 0.024 0.016 0.030 0.073 0.682 
 347 C _   0.020 0.185 0.002 0.028 0.019 0.033 0.070 0.644 
 348 V _   0.022 0.215 0.002 0.032 0.022 0.035 0.067 0.606 
 349 I _   0.024 0.241 0.002 0.036 0.024 0.036 0.065 0.573 
 350 S _   0.025 0.262 0.002 0.040 0.025 0.036 0.063 0.548 
 351 D _   0.025 0.276 0.002 0.043 0.025 0.035 0.062 0.531 
 352 F _   0.026 0.285 0.002 0.045 0.024 0.034 0.062 0.524 
 353 G _   0.026 0.287 0.002 0.045 0.023 0.032 0.061 0.524 
 354 L _   0.025 0.284 0.002 0.044 0.021 0.030 0.062 0.533 
 355 S _   0.024 0.275 0.001 0.041 0.019 0.028 0.063 0.549 
 356 M _   0.022 0.260 0.001 0.038 0.017 0.025 0.064 0.572 
 357 R _   0.021 0.239 0.001 0.034 0.015 0.023 0.066 0.601 
 358 L _   0.019 0.212 0.001 0.031 0.013 0.021 0.068 0.636 
 359 T _   0.017 0.182 0.001 0.027 0.011 0.018 0.070 0.672 
 360 G _   0.015 0.151 0.001 0.024 0.009 0.016 0.073 0.710 
 361 N _   0.014 0.119 0.001 0.021 0.007 0.015 0.076 0.747 
 362 R _   0.013 0.090 0.001 0.018 0.006 0.013 0.078 0.781 
 363 L _   0.011 0.065 0.001 0.014 0.005 0.011 0.081 0.813 
 364 V _   0.010 0.045 0.001 0.011 0.004 0.009 0.082 0.839 
 365 R _   0.008 0.030 0.000 0.008 0.003 0.008 0.083 0.860 
 366 P _   0.007 0.020 0.000 0.006 0.002 0.007 0.084 0.875 
 367 G _   0.006 0.014 0.000 0.004 0.002 0.006 0.083 0.885 
 368 E _   0.005 0.012 0.000 0.003 0.001 0.006 0.082 0.890 
 369 E _   0.005 0.011 0.000 0.003 0.002 0.007 0.081 0.891 
 370 D _   0.006 0.011 0.000 0.003 0.002 0.008 0.079 0.890 
 371 N _   0.007 0.013 0.000 0.005 0.003 0.011 0.077 0.884 
 372 A _   0.009 0.019 0.000 0.007 0.004 0.014 0.074 0.872 
 373 A _   0.012 0.030 0.001 0.012 0.006 0.019 0.070 0.851 
 374 I _   0.014 0.047 0.001 0.018 0.009 0.023 0.065 0.822 
 375 S _   0.017 0.069 0.001 0.025 0.013 0.027 0.061 0.788 
 376 E _   0.018 0.090 0.001 0.032 0.016 0.031 0.056 0.756 
 377 V _   0.020 0.107 0.001 0.037 0.019 0.033 0.052 0.731 
 378 G _   0.021 0.119 0.002 0.040 0.020 0.035 0.048 0.714 
 379 T _   0.023 0.127 0.002 0.041 0.022 0.036 0.045 0.705 
 380 I _   0.024 0.131 0.002 0.040 0.022 0.037 0.043 0.702 
 381 R _   0.024 0.131 0.001 0.038 0.022 0.036 0.041 0.706 
 382 Y _   0.025 0.130 0.001 0.034 0.021 0.036 0.039 0.715 
 383 M _   0.025 0.126 0.001 0.031 0.019 0.034 0.038 0.725 
 384 A _   0.024 0.122 0.001 0.029 0.018 0.033 0.036 0.736 
 385 P _   0.024 0.116 0.001 0.027 0.017 0.031 0.035 0.748 
 386 E _   0.023 0.110 0.001 0.026 0.015 0.029 0.035 0.760 
 387 V _   0.022 0.104 0.001 0.026 0.014 0.027 0.034 0.772 
 388 L _   0.021 0.097 0.001 0.025 0.013 0.025 0.033 0.785 
 389 E _   0.020 0.088 0.001 0.024 0.011 0.023 0.033 0.800 
 390 G _   0.019 0.077 0.001 0.023 0.010 0.021 0.032 0.817 
 391 A _   0.018 0.064 0.001 0.020 0.009 0.019 0.032 0.837 
 392 V _   0.017 0.051 0.001 0.017 0.008 0.017 0.031 0.859 
 393 N _   0.016 0.037 0.001 0.014 0.006 0.015 0.030 0.881 
 394 L _   0.016 0.024 0.001 0.011 0.005 0.014 0.030 0.899 
 395 R _   0.017 0.014 0.001 0.008 0.004 0.013 0.029 0.913 
 396 D _   0.020 0.008 0.000 0.006 0.004 0.012 0.028 0.921 
 397 C _   0.024 0.004 0.000 0.005 0.004 0.012 0.027 0.924 
 398 E _   0.033 0.002 0.000 0.004 0.003 0.012 0.026 0.920 
 399 S _   0.047 0.001 0.000 0.004 0.004 0.013 0.024 0.908 
 400 A _   0.069 0.000 0.001 0.003 0.004 0.014 0.022 0.886 
 401 L _   0.103 0.000 0.001 0.003 0.005 0.015 0.020 0.853 
 402 K _   0.151 0.000 0.001 0.003 0.007 0.017 0.018 0.804 
 403 Q _   0.213 0.000 0.001 0.002 0.008 0.018 0.015 0.742 
 404 V _   0.292 0.000 0.001 0.002 0.010 0.020 0.012 0.662 
 405 D _   0.382 0.000 0.001 0.002 0.013 0.021 0.010 0.572 
 406 M _   0.475 0.000 0.001 0.002 0.015 0.022 0.008 0.478 
 407 Y H   0.566 0.000 0.001 0.001 0.017 0.021 0.006 0.386 
 408 A H   0.646 0.000 0.001 0.001 0.019 0.021 0.005 0.307 
 409 L H   0.711 0.000 0.001 0.001 0.021 0.020 0.004 0.241 
 410 G H   0.760 0.000 0.001 0.001 0.023 0.019 0.003 0.193 
 411 L H   0.792 0.000 0.001 0.001 0.024 0.018 0.003 0.160 
 412 I H   0.811 0.000 0.001 0.001 0.025 0.017 0.003 0.142 
 413 Y H   0.817 0.000 0.001 0.001 0.026 0.016 0.003 0.135 
 414 W H   0.811 0.000 0.001 0.002 0.027 0.015 0.004 0.140 
 415 E H   0.790 0.000 0.002 0.002 0.027 0.015 0.005 0.158 
 416 I H   0.753 0.000 0.002 0.003 0.027 0.016 0.006 0.194 
 417 F H   0.696 0.000 0.002 0.003 0.026 0.016 0.008 0.248 
 418 M H   0.618 0.000 0.002 0.004 0.024 0.016 0.011 0.324 
 419 R H   0.525 0.000 0.002 0.005 0.020 0.016 0.014 0.419 
 420 C _   0.422 0.000 0.002 0.005 0.016 0.015 0.018 0.523 
 421 T _   0.322 0.000 0.001 0.005 0.011 0.014 0.022 0.625 
 422 D _   0.229 0.000 0.001 0.004 0.008 0.012 0.026 0.719 
 423 L _   0.154 0.000 0.001 0.004 0.005 0.011 0.029 0.796 
 424 F _   0.100 0.000 0.001 0.003 0.004 0.010 0.031 0.852 
 425 P _   0.064 0.000 0.000 0.003 0.003 0.009 0.033 0.887 
 426 G _   0.043 0.000 0.000 0.003 0.003 0.009 0.034 0.908 
 427 E _   0.030 0.001 0.000 0.003 0.003 0.010 0.035 0.918 
 428 S _   0.024 0.003 0.000 0.004 0.003 0.012 0.035 0.919 
 429 V _   0.021 0.008 0.001 0.006 0.004 0.014 0.036 0.911 
 430 P _   0.019 0.019 0.001 0.011 0.007 0.017 0.035 0.891 
 431 E _   0.019 0.040 0.001 0.017 0.010 0.020 0.035 0.859 
 432 Y _   0.018 0.068 0.001 0.025 0.012 0.022 0.034 0.819 
 433 Q _   0.017 0.097 0.001 0.034 0.015 0.023 0.034 0.779 
 434 M _   0.016 0.120 0.001 0.041 0.016 0.023 0.033 0.750 
 435 A _   0.015 0.134 0.001 0.044 0.016 0.023 0.034 0.733 
 436 F _   0.014 0.141 0.001 0.044 0.015 0.022 0.034 0.729 
 437 Q _   0.012 0.143 0.001 0.041 0.013 0.020 0.035 0.733 
 438 T _   0.012 0.141 0.001 0.035 0.011 0.018 0.036 0.745 
 439 E _   0.011 0.136 0.001 0.028 0.009 0.017 0.037 0.762 
 440 V _   0.010 0.128 0.001 0.020 0.007 0.015 0.039 0.780 
 441 G _   0.010 0.120 0.001 0.015 0.006 0.014 0.040 0.795 
 442 N _   0.010 0.114 0.001 0.011 0.005 0.014 0.041 0.805 
 443 H _   0.010 0.111 0.000 0.009 0.004 0.014 0.043 0.809 
 444 P _   0.010 0.111 0.001 0.009 0.005 0.014 0.043 0.807 
 445 T _   0.011 0.114 0.001 0.011 0.005 0.015 0.044 0.799 
 446 F _   0.012 0.120 0.001 0.015 0.007 0.017 0.045 0.784 
 447 E _   0.013 0.129 0.001 0.021 0.008 0.018 0.046 0.764 
 448 D _   0.013 0.139 0.001 0.027 0.010 0.019 0.047 0.744 
 449 M _   0.014 0.147 0.001 0.033 0.011 0.019 0.048 0.728 
 450 Q _   0.014 0.151 0.001 0.037 0.011 0.018 0.049 0.718 
 451 V _   0.013 0.152 0.001 0.039 0.011 0.018 0.051 0.716 
 452 L _   0.013 0.148 0.001 0.037 0.010 0.016 0.053 0.722 
 453 V _   0.012 0.140 0.001 0.033 0.009 0.015 0.055 0.735 
 454 S _   0.011 0.126 0.001 0.027 0.007 0.013 0.058 0.756 
 455 R _   0.010 0.109 0.001 0.021 0.006 0.011 0.062 0.780 
 456 E _   0.009 0.090 0.001 0.015 0.005 0.010 0.065 0.806 
 457 K _   0.008 0.074 0.000 0.011 0.003 0.009 0.068 0.828 
 458 Q _   0.007 0.062 0.000 0.007 0.003 0.008 0.070 0.843 
 459 R _   0.006 0.056 0.000 0.006 0.002 0.007 0.072 0.852 
 460 P _   0.006 0.053 0.000 0.005 0.002 0.007 0.073 0.855 
 461 K _   0.005 0.053 0.000 0.005 0.002 0.007 0.073 0.855 
 462 F _   0.005 0.055 0.000 0.005 0.002 0.008 0.073 0.851 
 463 P _   0.006 0.060 0.000 0.007 0.003 0.009 0.073 0.843 
 464 E _   0.006 0.070 0.000 0.009 0.003 0.010 0.072 0.829 
 465 A _   0.007 0.084 0.001 0.012 0.004 0.012 0.071 0.810 
 466 W _   0.007 0.103 0.001 0.015 0.005 0.014 0.069 0.786 
 467 K _   0.008 0.126 0.001 0.019 0.007 0.016 0.067 0.757 
 468 E _   0.008 0.151 0.001 0.024 0.009 0.017 0.065 0.725 
 469 N _   0.009 0.177 0.001 0.029 0.010 0.019 0.063 0.693 
 470 S _   0.009 0.200 0.001 0.034 0.012 0.020 0.061 0.662 
 471 L _   0.010 0.220 0.001 0.039 0.013 0.021 0.060 0.635 
 472 A _   0.011 0.235 0.001 0.044 0.014 0.022 0.059 0.613 
 473 V _   0.012 0.244 0.001 0.048 0.015 0.022 0.059 0.598 
 474 R _   0.013 0.247 0.001 0.051 0.015 0.022 0.059 0.591 
 475 S _   0.013 0.245 0.001 0.051 0.015 0.021 0.060 0.592 
 476 L _   0.013 0.237 0.001 0.050 0.014 0.020 0.062 0.602 
 477 K _   0.014 0.222 0.001 0.045 0.013 0.019 0.064 0.622 
 478 E _   0.014 0.197 0.001 0.039 0.012 0.017 0.067 0.653 
 479 T _   0.013 0.162 0.001 0.032 0.010 0.015 0.071 0.696 
 480 I _   0.013 0.121 0.001 0.024 0.008 0.014 0.075 0.745 
 481 E _   0.012 0.081 0.001 0.017 0.006 0.012 0.079 0.793 
 482 D _   0.011 0.050 0.001 0.011 0.004 0.010 0.082 0.831 
 483 C _   0.009 0.030 0.000 0.007 0.003 0.009 0.084 0.857 
 484 W _   0.008 0.019 0.000 0.005 0.002 0.008 0.085 0.872 
 485 D _   0.007 0.014 0.000 0.004 0.002 0.008 0.086 0.879 
 486 Q _   0.006 0.012 0.000 0.004 0.002 0.008 0.086 0.882 
 487 D _   0.007 0.012 0.000 0.004 0.002 0.009 0.085 0.880 
 488 A _   0.007 0.013 0.000 0.006 0.003 0.011 0.085 0.876 
 489 E _   0.008 0.015 0.000 0.008 0.004 0.013 0.084 0.868 
 490 A _   0.009 0.018 0.001 0.011 0.005 0.015 0.082 0.859 
 491 R _   0.010 0.022 0.001 0.014 0.006 0.018 0.081 0.849 
 492 L _   0.011 0.025 0.001 0.017 0.007 0.021 0.080 0.839 
 493 T _   0.013 0.028 0.001 0.018 0.008 0.023 0.078 0.830 
 494 A _   0.015 0.030 0.001 0.018 0.009 0.025 0.077 0.824 
 495 Q _   0.017 0.032 0.001 0.017 0.010 0.028 0.076 0.819 
 496 C _   0.021 0.033 0.001 0.016 0.011 0.031 0.075 0.814 
 497 A _   0.025 0.034 0.001 0.014 0.012 0.034 0.074 0.806 
 498 E _   0.031 0.035 0.001 0.014 0.015 0.037 0.073 0.794 
 499 E _   0.038 0.038 0.001 0.014 0.017 0.040 0.073 0.778 
 500 R _   0.046 0.042 0.001 0.017 0.021 0.043 0.072 0.757 
 501 M _   0.054 0.048 0.002 0.021 0.025 0.045 0.072 0.733 
 502 A _   0.060 0.055 0.002 0.027 0.028 0.046 0.073 0.709 
 503 E _   0.064 0.060 0.002 0.033 0.030 0.046 0.073 0.691 
 504 L _   0.066 0.064 0.002 0.038 0.030 0.044 0.075 0.681 
 505 M _   0.066 0.065 0.002 0.040 0.029 0.041 0.077 0.681 
 506 M _   0.062 0.063 0.002 0.039 0.026 0.037 0.079 0.692 
 507 I _   0.057 0.057 0.002 0.035 0.021 0.033 0.082 0.714 
 508 W _   0.050 0.048 0.001 0.029 0.017 0.028 0.085 0.743 
 509 E _   0.042 0.037 0.001 0.021 0.012 0.023 0.088 0.776 
 510 R _   0.035 0.025 0.001 0.014 0.008 0.019 0.091 0.807 
 511 N _   0.028 0.015 0.001 0.009 0.005 0.015 0.094 0.834 
 512 K _   0.022 0.009 0.000 0.006 0.004 0.012 0.096 0.852 
 513 S _   0.017 0.006 0.000 0.004 0.003 0.010 0.097 0.863 
 514 V _   0.014 0.005 0.000 0.003 0.002 0.009 0.098 0.868 
 515 S _   0.012 0.005 0.000 0.003 0.002 0.009 0.099 0.870 
 516 P _   0.011 0.006 0.000 0.004 0.003 0.010 0.099 0.867 
 517 T _   0.011 0.009 0.000 0.007 0.003 0.011 0.099 0.861 
 518 V _   0.011 0.014 0.001 0.011 0.005 0.012 0.098 0.849 
 519 N _   0.011 0.021 0.001 0.016 0.006 0.014 0.097 0.834 
 520 P _   0.011 0.030 0.001 0.022 0.008 0.015 0.097 0.817 
 521 M _   0.011 0.037 0.001 0.028 0.009 0.015 0.096 0.803 
 522 S _   0.011 0.041 0.001 0.032 0.009 0.015 0.096 0.795 
 523 T _   0.010 0.044 0.001 0.033 0.009 0.015 0.097 0.792 
 524 A _   0.009 0.044 0.001 0.032 0.008 0.014 0.098 0.795 
 525 M _   0.009 0.042 0.001 0.028 0.007 0.012 0.099 0.803 
 526 Q _   0.008 0.039 0.001 0.022 0.006 0.011 0.100 0.814 
 527 N _   0.007 0.034 0.001 0.017 0.004 0.009 0.102 0.825 
 528 E _   0.007 0.030 0.000 0.013 0.003 0.008 0.103 0.836 
 529 R _   0.006 0.026 0.000 0.009 0.003 0.007 0.104 0.844 
 530 N _   0.006 0.023 0.000 0.007 0.002 0.007 0.105 0.850 
 531 L _   0.006 0.021 0.000 0.006 0.002 0.006 0.106 0.853 
 532 S _   0.005 0.020 0.000 0.006 0.002 0.006 0.106 0.853 
 533 H _   0.005 0.020 0.000 0.007 0.002 0.006 0.106 0.852 
 534 N _   0.005 0.022 0.000 0.008 0.002 0.007 0.106 0.850 
 535 R _   0.006 0.024 0.000 0.009 0.003 0.007 0.105 0.846 
 536 R _   0.006 0.027 0.000 0.011 0.003 0.008 0.104 0.841 
 537 V _   0.006 0.030 0.000 0.013 0.003 0.008 0.103 0.837 
 538 P _   0.006 0.033 0.000 0.014 0.003 0.008 0.102 0.834 
 539 K _   0.005 0.035 0.000 0.015 0.003 0.008 0.101 0.832 
 540 I _   0.005 0.038 0.000 0.015 0.003 0.008 0.100 0.831 
 541 G _   0.005 0.039 0.000 0.014 0.003 0.008 0.098 0.833 
 542 P _   0.005 0.041 0.000 0.012 0.003 0.007 0.097 0.835 
 543 Y _   0.005 0.043 0.000 0.010 0.002 0.007 0.095 0.838 
 544 P _   0.004 0.045 0.000 0.009 0.002 0.007 0.094 0.839 
 545 D _   0.004 0.049 0.000 0.008 0.002 0.007 0.091 0.839 
 546 Y _   0.004 0.054 0.000 0.009 0.002 0.007 0.088 0.834 
 547 S _   0.004 0.064 0.000 0.010 0.003 0.008 0.085 0.825 
 548 S _   0.005 0.081 0.001 0.013 0.004 0.010 0.081 0.807 
 549 S _   0.005 0.107 0.001 0.017 0.005 0.011 0.075 0.778 
 550 S _   0.005 0.144 0.001 0.022 0.006 0.012 0.069 0.740 
 551 Y _   0.005 0.188 0.001 0.027 0.007 0.013 0.063 0.696 
 552 I _   0.005 0.231 0.001 0.031 0.008 0.012 0.057 0.654 
 553 E _   0.005 0.269 0.001 0.033 0.008 0.012 0.052 0.621 
 554 D _   0.004 0.297 0.001 0.033 0.007 0.011 0.048 0.598 
 555 S _   0.004 0.316 0.001 0.032 0.007 0.011 0.045 0.584 
 556 I _   0.004 0.329 0.001 0.030 0.006 0.010 0.043 0.576 
 557 H _   0.004 0.338 0.001 0.028 0.006 0.010 0.041 0.573 
 558 H _   0.004 0.343 0.001 0.025 0.006 0.009 0.040 0.573 
 559 T _   0.004 0.346 0.001 0.023 0.005 0.009 0.039 0.574 
 560 D _   0.004 0.347 0.001 0.021 0.005 0.009 0.038 0.576 
 561 S _   0.004 0.347 0.001 0.019 0.004 0.008 0.038 0.578 
 562 I _   0.004 0.347 0.001 0.018 0.004 0.008 0.037 0.581 
 563 V _   0.004 0.345 0.000 0.017 0.004 0.008 0.037 0.584 
 564 K _   0.004 0.342 0.000 0.016 0.004 0.008 0.037 0.589 
 565 N _   0.004 0.339 0.000 0.014 0.004 0.008 0.037 0.594 
 566 I _   0.004 0.335 0.000 0.013 0.003 0.008 0.036 0.600 
 567 S _   0.004 0.332 0.000 0.011 0.003 0.008 0.036 0.606 
 568 S _   0.004 0.329 0.000 0.010 0.003 0.008 0.036 0.609 
 569 E _   0.004 0.329 0.000 0.010 0.003 0.008 0.035 0.610 
 570 H _   0.004 0.330 0.000 0.010 0.003 0.008 0.035 0.608 
 571 S _   0.005 0.334 0.000 0.012 0.004 0.009 0.034 0.603 
 572 M _   0.005 0.340 0.001 0.014 0.004 0.009 0.034 0.593 
 573 S _   0.005 0.348 0.001 0.017 0.005 0.010 0.033 0.581 
 574 S _   0.005 0.357 0.001 0.020 0.005 0.010 0.032 0.569 
 575 T _   0.005 0.364 0.001 0.024 0.006 0.010 0.032 0.559 
 576 P _   0.005 0.367 0.001 0.026 0.006 0.010 0.032 0.552 
 577 L _   0.005 0.367 0.001 0.027 0.006 0.010 0.032 0.552 
 578 T _   0.005 0.362 0.001 0.026 0.006 0.009 0.032 0.559 
 579 I _   0.005 0.352 0.001 0.023 0.005 0.009 0.033 0.572 
 580 G _   0.005 0.336 0.001 0.020 0.005 0.008 0.034 0.591 
 581 E _   0.005 0.317 0.001 0.016 0.004 0.008 0.035 0.615 
 582 K _   0.005 0.297 0.000 0.012 0.003 0.007 0.036 0.639 
 583 N _   0.005 0.281 0.000 0.009 0.003 0.007 0.037 0.658 
 584 R _   0.005 0.271 0.000 0.007 0.002 0.007 0.037 0.671 
 585 N _   0.004 0.266 0.000 0.007 0.002 0.007 0.038 0.676 
 586 S _   0.005 0.265 0.000 0.007 0.002 0.007 0.038 0.676 
 587 I _   0.005 0.269 0.000 0.008 0.003 0.008 0.038 0.670 
 588 N _   0.005 0.278 0.000 0.010 0.003 0.008 0.037 0.658 
 589 Y _   0.005 0.290 0.000 0.013 0.004 0.009 0.036 0.643 
 590 E _   0.005 0.305 0.001 0.015 0.004 0.009 0.036 0.625 
 591 R _   0.005 0.319 0.001 0.018 0.005 0.009 0.035 0.609 
 592 Q _   0.005 0.332 0.001 0.019 0.005 0.009 0.034 0.596 
 593 Q _   0.004 0.341 0.001 0.019 0.005 0.009 0.034 0.587 
 594 A _   0.004 0.347 0.001 0.019 0.005 0.009 0.033 0.583 
 595 Q _   0.004 0.351 0.001 0.018 0.004 0.008 0.033 0.581 
 596 A _   0.004 0.353 0.000 0.017 0.004 0.008 0.033 0.580 
 597 R _   0.004 0.353 0.000 0.016 0.004 0.008 0.034 0.581 
 598 I _   0.004 0.353 0.000 0.015 0.004 0.008 0.034 0.582 
 599 P _   0.004 0.352 0.000 0.014 0.004 0.008 0.034 0.583 
 600 S _   0.004 0.351 0.000 0.014 0.004 0.008 0.035 0.583 
 601 P _   0.005 0.351 0.000 0.014 0.004 0.008 0.035 0.583 
 602 E _   0.005 0.350 0.000 0.014 0.004 0.008 0.036 0.582 
 603 T _   0.005 0.350 0.000 0.014 0.004 0.008 0.036 0.582 
 604 S _   0.005 0.349 0.000 0.015 0.004 0.008 0.037 0.581 
 605 V _   0.005 0.348 0.001 0.015 0.004 0.008 0.037 0.581 
 606 T _   0.005 0.346 0.001 0.015 0.004 0.008 0.038 0.582 
 607 S _   0.005 0.343 0.001 0.015 0.004 0.008 0.039 0.585 
 608 L _   0.005 0.339 0.001 0.015 0.004 0.008 0.040 0.588 
 609 S _   0.005 0.335 0.001 0.014 0.004 0.008 0.041 0.593 
 610 T _   0.005 0.330 0.000 0.013 0.004 0.008 0.042 0.598 
 611 N _   0.005 0.325 0.000 0.012 0.003 0.008 0.042 0.604 
 612 T _   0.004 0.320 0.000 0.011 0.003 0.008 0.043 0.609 
 613 T _   0.004 0.316 0.000 0.010 0.003 0.008 0.044 0.614 
 614 T _   0.004 0.314 0.000 0.009 0.003 0.008 0.045 0.617 
 615 T _   0.004 0.313 0.000 0.009 0.003 0.008 0.045 0.617 
 616 N _   0.004 0.316 0.000 0.009 0.003 0.008 0.046 0.613 
 617 T _   0.005 0.321 0.000 0.010 0.003 0.009 0.046 0.606 
 618 T _   0.005 0.330 0.000 0.011 0.004 0.010 0.046 0.593 
 619 G _   0.005 0.344 0.001 0.014 0.005 0.011 0.045 0.574 
 620 L _   0.006 0.363 0.001 0.017 0.006 0.012 0.045 0.550 
 621 T _   0.006 0.387 0.001 0.021 0.007 0.013 0.045 0.520 
 622 P _   0.006 0.412 0.001 0.026 0.009 0.014 0.044 0.488 
 623 S _   0.006 0.436 0.001 0.031 0.010 0.014 0.044 0.458 
 624 T E   0.006 0.455 0.001 0.036 0.011 0.014 0.044 0.432 
 625 G E   0.006 0.467 0.001 0.041 0.011 0.014 0.045 0.414 
 626 M E   0.006 0.472 0.001 0.044 0.011 0.014 0.047 0.404 
 627 T E   0.006 0.471 0.001 0.045 0.011 0.014 0.049 0.403 
 628 T E   0.007 0.462 0.001 0.044 0.011 0.013 0.052 0.410 
 629 I E   0.007 0.444 0.001 0.041 0.010 0.013 0.056 0.428 
 630 S _   0.007 0.413 0.001 0.037 0.010 0.012 0.061 0.459 
 631 E _   0.007 0.367 0.001 0.031 0.009 0.012 0.068 0.505 
 632 M _   0.008 0.311 0.001 0.024 0.008 0.011 0.077 0.560 
 633 P _   0.007 0.257 0.001 0.018 0.006 0.010 0.085 0.615 
 634 Y _   0.007 0.216 0.001 0.012 0.004 0.010 0.093 0.657 
 635 P _   0.006 0.191 0.000 0.009 0.003 0.009 0.099 0.683 
 636 D _   0.006 0.178 0.000 0.007 0.002 0.009 0.103 0.695 
 637 E _   0.005 0.172 0.000 0.006 0.002 0.009 0.106 0.699 
 638 T _   0.005 0.172 0.000 0.006 0.002 0.009 0.109 0.696 
 639 N _   0.006 0.176 0.000 0.008 0.003 0.010 0.111 0.688 
 640 L _   0.006 0.184 0.000 0.010 0.004 0.011 0.112 0.673 
 641 H _   0.006 0.197 0.001 0.013 0.005 0.012 0.113 0.654 
 642 T _   0.006 0.214 0.001 0.015 0.006 0.013 0.114 0.630 
 643 T _   0.007 0.232 0.001 0.018 0.006 0.014 0.116 0.607 
 644 N _   0.007 0.249 0.001 0.020 0.007 0.015 0.117 0.585 
 645 V _   0.007 0.265 0.001 0.021 0.008 0.016 0.119 0.565 
 646 A _   0.007 0.277 0.001 0.022 0.008 0.016 0.121 0.548 
 647 Q _   0.008 0.287 0.001 0.022 0.008 0.017 0.123 0.534 
 648 S _   0.008 0.295 0.001 0.022 0.009 0.018 0.126 0.521 
 649 I _   0.009 0.301 0.001 0.022 0.010 0.019 0.130 0.508 
 650 G _   0.010 0.307 0.001 0.023 0.010 0.020 0.134 0.495 
 651 P _   0.011 0.313 0.001 0.025 0.011 0.021 0.138 0.480 
 652 T _   0.012 0.318 0.001 0.028 0.012 0.021 0.143 0.464 
 653 P _   0.013 0.322 0.001 0.032 0.013 0.022 0.149 0.447 
 654 V _   0.014 0.324 0.001 0.036 0.014 0.022 0.156 0.433 
 655 C _   0.014 0.323 0.001 0.040 0.014 0.021 0.165 0.422 
 656 L _   0.014 0.317 0.001 0.042 0.014 0.020 0.175 0.417 
 657 Q _   0.013 0.304 0.001 0.043 0.013 0.019 0.187 0.419 
 658 L _   0.013 0.284 0.001 0.041 0.012 0.018 0.202 0.429 
 659 T _   0.012 0.253 0.001 0.038 0.011 0.016 0.220 0.448 
 660 E _   0.012 0.212 0.001 0.033 0.010 0.015 0.241 0.476 
 661 E _   0.011 0.163 0.001 0.027 0.008 0.013 0.265 0.511 
 662 D _   0.011 0.116 0.001 0.021 0.007 0.012 0.288 0.545 
 663 L _   0.010 0.078 0.001 0.015 0.005 0.010 0.310 0.572 
