#TopoPred_TM8: 8-state transmembrane topology prediction results by no_profile mode 
#probabilities are in the order of H E C I L F X _, the 8 transmembrane topology types used in PDBTM 
   1 M X   0.025 0.002 0.003 0.079 0.014 0.015 0.487 0.374 
   2 P X   0.010 0.001 0.000 0.044 0.003 0.007 0.499 0.436 
   3 A X   0.003 0.000 0.000 0.018 0.001 0.004 0.497 0.477 
   4 L _   0.003 0.000 0.000 0.008 0.001 0.003 0.487 0.498 
   5 A _   0.006 0.000 0.000 0.006 0.001 0.004 0.471 0.512 
   6 R _   0.018 0.000 0.000 0.004 0.002 0.007 0.446 0.522 
   7 D _   0.044 0.000 0.000 0.004 0.003 0.010 0.414 0.524 
   8 G _   0.097 0.000 0.001 0.004 0.005 0.015 0.369 0.510 
   9 G _   0.178 0.000 0.001 0.004 0.007 0.019 0.313 0.477 
  10 Q _   0.283 0.000 0.001 0.004 0.011 0.024 0.250 0.426 
  11 L H   0.401 0.000 0.002 0.003 0.016 0.028 0.189 0.362 
  12 P H   0.517 0.000 0.002 0.003 0.021 0.030 0.136 0.292 
  13 L H   0.619 0.000 0.002 0.002 0.025 0.030 0.097 0.225 
  14 L H   0.698 0.000 0.002 0.002 0.029 0.029 0.070 0.171 
  15 V H   0.757 0.000 0.002 0.002 0.030 0.026 0.054 0.129 
  16 V H   0.797 0.000 0.002 0.001 0.030 0.023 0.044 0.102 
  17 F H   0.821 0.000 0.001 0.001 0.030 0.020 0.039 0.088 
  18 S H   0.831 0.000 0.001 0.001 0.029 0.018 0.035 0.084 
  19 A H   0.829 0.000 0.001 0.001 0.029 0.016 0.034 0.090 
  20 M H   0.814 0.000 0.002 0.002 0.028 0.015 0.033 0.107 
  21 I H   0.782 0.000 0.002 0.002 0.027 0.015 0.032 0.140 
  22 F H   0.729 0.000 0.002 0.002 0.025 0.014 0.033 0.195 
  23 G H   0.651 0.000 0.002 0.002 0.021 0.014 0.035 0.276 
  24 T H   0.554 0.000 0.002 0.002 0.017 0.013 0.037 0.376 
  25 I _   0.445 0.000 0.001 0.002 0.012 0.013 0.040 0.488 
  26 T _   0.337 0.000 0.001 0.002 0.009 0.013 0.043 0.596 
  27 N _   0.247 0.000 0.001 0.001 0.006 0.013 0.047 0.685 
  28 Q _   0.181 0.000 0.001 0.001 0.005 0.013 0.050 0.748 
  29 D _   0.136 0.000 0.001 0.002 0.005 0.015 0.052 0.789 
  30 L _   0.107 0.000 0.001 0.003 0.006 0.016 0.055 0.812 
  31 P _   0.086 0.002 0.001 0.006 0.007 0.019 0.057 0.822 
  32 V _   0.071 0.005 0.001 0.012 0.010 0.021 0.059 0.822 
  33 I _   0.059 0.010 0.001 0.021 0.012 0.023 0.062 0.813 
  34 K _   0.048 0.015 0.001 0.030 0.014 0.023 0.064 0.804 
  35 C _   0.039 0.020 0.001 0.037 0.015 0.023 0.067 0.797 
  36 V _   0.032 0.022 0.001 0.041 0.014 0.022 0.070 0.798 
  37 L _   0.025 0.023 0.001 0.040 0.013 0.019 0.073 0.806 
  38 I _   0.020 0.021 0.001 0.035 0.010 0.017 0.077 0.819 
  39 N _   0.016 0.018 0.001 0.027 0.008 0.014 0.081 0.835 
  40 H _   0.012 0.014 0.001 0.020 0.005 0.011 0.085 0.852 
  41 K _   0.010 0.010 0.000 0.013 0.004 0.009 0.089 0.866 
  42 N _   0.008 0.007 0.000 0.008 0.002 0.007 0.091 0.876 
  43 N _   0.007 0.005 0.000 0.006 0.002 0.006 0.093 0.882 
  44 D _   0.006 0.004 0.000 0.004 0.001 0.005 0.095 0.885 
  45 S _   0.005 0.003 0.000 0.004 0.001 0.005 0.096 0.886 
  46 S _   0.005 0.003 0.000 0.004 0.001 0.005 0.096 0.885 
  47 V _   0.005 0.004 0.000 0.005 0.002 0.005 0.096 0.883 
  48 G _   0.005 0.005 0.000 0.007 0.002 0.006 0.095 0.880 
  49 K _   0.005 0.006 0.000 0.010 0.002 0.007 0.094 0.876 
  50 S _   0.005 0.008 0.000 0.012 0.003 0.007 0.093 0.872 
  51 S _   0.005 0.009 0.000 0.015 0.003 0.008 0.092 0.868 
  52 S _   0.005 0.011 0.000 0.017 0.004 0.008 0.090 0.865 
  53 Y _   0.005 0.012 0.000 0.018 0.004 0.008 0.089 0.864 
  54 P _   0.004 0.012 0.000 0.018 0.004 0.008 0.088 0.865 
  55 M _   0.004 0.012 0.000 0.017 0.003 0.008 0.088 0.868 
  56 V _   0.004 0.012 0.000 0.015 0.003 0.007 0.087 0.871 
  57 S _   0.004 0.011 0.000 0.013 0.003 0.007 0.087 0.875 
  58 E _   0.004 0.010 0.000 0.011 0.003 0.007 0.086 0.879 
  59 S _   0.004 0.010 0.000 0.010 0.002 0.007 0.085 0.882 
  60 P _   0.004 0.009 0.000 0.010 0.002 0.007 0.085 0.883 
  61 E _   0.004 0.009 0.000 0.010 0.003 0.007 0.084 0.883 
  62 D _   0.004 0.009 0.000 0.011 0.003 0.007 0.083 0.882 
  63 L _   0.005 0.009 0.000 0.012 0.003 0.008 0.082 0.881 
  64 G _   0.005 0.010 0.000 0.013 0.003 0.008 0.081 0.880 
  65 C _   0.005 0.010 0.000 0.013 0.003 0.009 0.080 0.880 
  66 A _   0.005 0.010 0.000 0.013 0.003 0.009 0.079 0.881 
  67 L _   0.005 0.009 0.000 0.012 0.003 0.009 0.077 0.884 
  68 R _   0.005 0.008 0.000 0.010 0.003 0.009 0.076 0.887 
  69 P _   0.005 0.008 0.000 0.009 0.003 0.010 0.075 0.890 
  70 Q _   0.006 0.007 0.000 0.008 0.003 0.011 0.073 0.891 
  71 S _   0.007 0.007 0.000 0.007 0.003 0.013 0.072 0.890 
  72 S _   0.008 0.008 0.000 0.008 0.004 0.016 0.070 0.886 
  73 G _   0.011 0.009 0.001 0.010 0.006 0.019 0.068 0.877 
  74 T _   0.014 0.012 0.001 0.013 0.008 0.024 0.066 0.863 
  75 V _   0.018 0.015 0.001 0.017 0.011 0.028 0.064 0.845 
  76 Y _   0.022 0.019 0.001 0.023 0.014 0.033 0.062 0.825 
  77 E _   0.026 0.022 0.001 0.028 0.018 0.037 0.060 0.808 
  78 A _   0.029 0.025 0.001 0.031 0.020 0.040 0.059 0.796 
  79 A _   0.032 0.025 0.001 0.031 0.021 0.041 0.057 0.791 
  80 A _   0.034 0.024 0.001 0.028 0.020 0.042 0.056 0.793 
  81 V _   0.037 0.022 0.001 0.024 0.019 0.043 0.055 0.798 
  82 E _   0.040 0.019 0.001 0.018 0.018 0.043 0.054 0.806 
  83 V _   0.042 0.016 0.001 0.014 0.017 0.043 0.053 0.814 
  84 D _   0.045 0.014 0.001 0.011 0.016 0.043 0.053 0.817 
  85 V _   0.048 0.012 0.001 0.010 0.015 0.044 0.052 0.818 
  86 S _   0.051 0.012 0.001 0.010 0.016 0.045 0.052 0.814 
  87 A _   0.053 0.013 0.001 0.012 0.018 0.045 0.051 0.807 
  88 S _   0.055 0.014 0.001 0.014 0.019 0.046 0.051 0.800 
  89 I _   0.056 0.015 0.001 0.018 0.021 0.046 0.051 0.793 
  90 T _   0.057 0.016 0.001 0.021 0.021 0.045 0.051 0.788 
  91 L _   0.056 0.017 0.002 0.022 0.021 0.043 0.051 0.789 
  92 Q _   0.054 0.017 0.001 0.021 0.019 0.041 0.051 0.796 
  93 V _   0.052 0.015 0.001 0.019 0.017 0.038 0.052 0.806 
  94 L _   0.049 0.013 0.001 0.015 0.014 0.036 0.053 0.820 
  95 V _   0.046 0.011 0.001 0.011 0.011 0.034 0.053 0.833 
  96 D _   0.043 0.010 0.001 0.008 0.010 0.032 0.053 0.842 
  97 A _   0.042 0.009 0.001 0.007 0.009 0.032 0.054 0.847 
  98 P _   0.041 0.010 0.001 0.007 0.009 0.032 0.054 0.846 
  99 G _   0.042 0.012 0.001 0.008 0.011 0.033 0.055 0.839 
 100 N _   0.043 0.016 0.001 0.012 0.013 0.035 0.055 0.827 
 101 I _   0.043 0.022 0.001 0.018 0.016 0.036 0.055 0.809 
 102 S _   0.042 0.030 0.001 0.025 0.018 0.036 0.056 0.791 
 103 C _   0.040 0.037 0.002 0.033 0.020 0.035 0.056 0.777 
 104 L _   0.037 0.042 0.002 0.038 0.020 0.033 0.057 0.771 
 105 W _   0.034 0.044 0.001 0.040 0.019 0.030 0.059 0.774 
 106 V _   0.029 0.043 0.001 0.038 0.016 0.027 0.060 0.785 
 107 F _   0.025 0.040 0.001 0.033 0.013 0.023 0.062 0.802 
 108 K _   0.021 0.035 0.001 0.027 0.010 0.020 0.064 0.822 
 109 H _   0.017 0.027 0.001 0.020 0.008 0.016 0.066 0.844 
 110 S _   0.014 0.020 0.001 0.015 0.006 0.013 0.068 0.863 
 111 S _   0.012 0.013 0.001 0.011 0.004 0.011 0.070 0.878 
 112 L _   0.010 0.009 0.000 0.008 0.003 0.010 0.072 0.889 
 113 N _   0.009 0.005 0.000 0.006 0.002 0.008 0.073 0.896 
 114 C _   0.008 0.003 0.000 0.005 0.002 0.008 0.073 0.901 
 115 Q _   0.007 0.002 0.000 0.004 0.002 0.007 0.073 0.903 
 116 P _   0.007 0.002 0.000 0.004 0.002 0.008 0.073 0.904 
 117 H _   0.007 0.001 0.000 0.004 0.002 0.008 0.073 0.904 
 118 F _   0.008 0.001 0.000 0.004 0.002 0.010 0.072 0.903 
 119 D _   0.010 0.002 0.000 0.004 0.003 0.012 0.071 0.899 
 120 L _   0.013 0.002 0.000 0.004 0.003 0.015 0.069 0.892 
 121 Q _   0.018 0.004 0.000 0.005 0.005 0.020 0.067 0.880 
 122 N _   0.025 0.007 0.001 0.007 0.008 0.026 0.065 0.861 
 123 R _   0.034 0.013 0.001 0.011 0.013 0.034 0.062 0.832 
 124 G _   0.044 0.023 0.001 0.017 0.020 0.042 0.059 0.793 
 125 V _   0.055 0.038 0.002 0.025 0.029 0.049 0.056 0.747 
 126 V _   0.063 0.053 0.002 0.035 0.036 0.054 0.054 0.703 
 127 S _   0.069 0.067 0.002 0.044 0.041 0.057 0.051 0.669 
 128 M _   0.073 0.075 0.002 0.051 0.043 0.057 0.050 0.648 
 129 V _   0.074 0.079 0.002 0.054 0.043 0.056 0.049 0.644 
 130 I _   0.072 0.079 0.002 0.052 0.040 0.053 0.048 0.654 
 131 L _   0.068 0.074 0.002 0.046 0.035 0.049 0.048 0.678 
 132 K _   0.061 0.064 0.002 0.037 0.029 0.044 0.048 0.715 
 133 M _   0.054 0.050 0.002 0.027 0.022 0.039 0.048 0.759 
 134 T _   0.046 0.035 0.001 0.018 0.016 0.035 0.048 0.801 
 135 E _   0.039 0.022 0.001 0.012 0.012 0.031 0.048 0.835 
 136 T _   0.032 0.015 0.001 0.009 0.008 0.028 0.048 0.859 
 137 Q _   0.028 0.011 0.001 0.007 0.007 0.026 0.048 0.873 
 138 A _   0.025 0.010 0.001 0.007 0.007 0.025 0.047 0.879 
 139 G _   0.024 0.009 0.001 0.009 0.007 0.025 0.047 0.879 
 140 E _   0.023 0.009 0.001 0.012 0.008 0.025 0.046 0.876 
 141 Y _   0.023 0.009 0.001 0.014 0.009 0.025 0.046 0.873 
 142 L _   0.024 0.009 0.001 0.017 0.010 0.025 0.045 0.870 
 143 L _   0.024 0.009 0.001 0.017 0.010 0.025 0.045 0.870 
 144 F _   0.025 0.008 0.001 0.016 0.009 0.024 0.044 0.872 
 145 I _   0.028 0.006 0.001 0.014 0.009 0.024 0.044 0.876 
 146 Q _   0.031 0.004 0.001 0.010 0.008 0.024 0.043 0.880 
 147 S _   0.036 0.002 0.001 0.007 0.007 0.025 0.042 0.880 
 148 E _   0.044 0.001 0.001 0.005 0.006 0.027 0.042 0.874 
 149 A _   0.056 0.001 0.001 0.004 0.007 0.030 0.041 0.862 
 150 T _   0.072 0.000 0.001 0.003 0.009 0.034 0.040 0.840 
 151 N _   0.094 0.000 0.001 0.004 0.012 0.039 0.040 0.810 
 152 Y _   0.119 0.001 0.001 0.005 0.017 0.046 0.039 0.772 
 153 T _   0.145 0.002 0.001 0.007 0.024 0.053 0.038 0.730 
 154 I _   0.169 0.004 0.002 0.010 0.032 0.059 0.038 0.686 
 155 L _   0.188 0.007 0.002 0.014 0.039 0.064 0.038 0.649 
 156 F _   0.201 0.010 0.002 0.016 0.045 0.066 0.038 0.621 
 157 T _   0.209 0.013 0.002 0.018 0.048 0.067 0.038 0.605 
 158 V _   0.210 0.015 0.002 0.019 0.049 0.067 0.039 0.600 
 159 S _   0.206 0.016 0.002 0.019 0.048 0.065 0.040 0.603 
 160 I _   0.198 0.017 0.002 0.019 0.046 0.063 0.041 0.614 
 161 R _   0.187 0.017 0.002 0.018 0.042 0.060 0.043 0.631 
 162 N _   0.171 0.018 0.002 0.018 0.038 0.056 0.044 0.653 
 163 T _   0.153 0.018 0.002 0.018 0.033 0.052 0.047 0.676 
 164 L _   0.134 0.018 0.002 0.019 0.029 0.048 0.049 0.701 
 165 L _   0.113 0.018 0.002 0.021 0.025 0.043 0.052 0.726 
 166 Y _   0.092 0.018 0.002 0.022 0.021 0.038 0.054 0.752 
 167 T _   0.074 0.018 0.001 0.022 0.017 0.033 0.057 0.777 
 168 L _   0.058 0.017 0.001 0.021 0.014 0.028 0.060 0.801 
 169 R _   0.044 0.015 0.001 0.019 0.011 0.024 0.063 0.823 
 170 R _   0.033 0.013 0.001 0.016 0.008 0.020 0.065 0.844 
 171 P _   0.024 0.011 0.001 0.013 0.006 0.016 0.067 0.861 
 172 Y _   0.018 0.009 0.001 0.010 0.004 0.013 0.069 0.876 
 173 F _   0.014 0.007 0.000 0.007 0.003 0.011 0.071 0.887 
 174 R _   0.011 0.006 0.000 0.005 0.003 0.009 0.072 0.894 
 175 K _   0.009 0.005 0.000 0.004 0.002 0.009 0.072 0.898 
 176 M _   0.008 0.006 0.000 0.004 0.002 0.009 0.073 0.899 
 177 E _   0.007 0.007 0.000 0.005 0.002 0.009 0.073 0.896 
 178 N _   0.008 0.010 0.000 0.006 0.003 0.011 0.073 0.889 
 179 Q _   0.009 0.015 0.001 0.009 0.004 0.013 0.072 0.877 
 180 D _   0.010 0.024 0.001 0.013 0.006 0.015 0.072 0.859 
 181 A _   0.012 0.037 0.001 0.018 0.008 0.017 0.071 0.836 
 182 L _   0.012 0.050 0.001 0.023 0.010 0.019 0.070 0.814 
 183 V _   0.013 0.062 0.001 0.028 0.011 0.020 0.070 0.796 
 184 C _   0.013 0.070 0.001 0.030 0.012 0.021 0.069 0.784 
 185 I _   0.014 0.075 0.001 0.031 0.012 0.021 0.069 0.777 
 186 S _   0.014 0.077 0.001 0.029 0.012 0.021 0.070 0.775 
 187 E _   0.015 0.078 0.001 0.026 0.011 0.021 0.070 0.777 
 188 S _   0.015 0.077 0.001 0.023 0.011 0.021 0.072 0.781 
 189 V _   0.016 0.075 0.001 0.020 0.010 0.021 0.073 0.784 
 190 P _   0.016 0.074 0.001 0.019 0.010 0.021 0.074 0.785 
 191 E _   0.017 0.073 0.001 0.019 0.010 0.021 0.076 0.784 
 192 P _   0.018 0.072 0.001 0.020 0.010 0.021 0.078 0.781 
 193 I _   0.018 0.072 0.001 0.022 0.010 0.021 0.080 0.776 
 194 V _   0.018 0.072 0.001 0.025 0.010 0.020 0.082 0.772 
 195 E _   0.018 0.071 0.001 0.027 0.010 0.019 0.084 0.770 
 196 W _   0.017 0.068 0.001 0.027 0.010 0.018 0.087 0.772 
 197 V _   0.015 0.063 0.001 0.026 0.009 0.016 0.090 0.779 
 198 L _   0.014 0.056 0.001 0.024 0.007 0.014 0.094 0.790 
 199 C _   0.012 0.047 0.001 0.020 0.006 0.012 0.097 0.805 
 200 D _   0.010 0.037 0.001 0.015 0.005 0.010 0.100 0.821 
 201 S _   0.009 0.028 0.000 0.011 0.003 0.009 0.103 0.836 
 202 Q _   0.008 0.020 0.000 0.008 0.003 0.007 0.105 0.848 
 203 G _   0.007 0.015 0.000 0.006 0.002 0.006 0.107 0.856 
 204 E _   0.006 0.012 0.000 0.005 0.002 0.006 0.108 0.861 
 205 S _   0.006 0.010 0.000 0.004 0.002 0.005 0.109 0.864 
 206 C _   0.005 0.009 0.000 0.004 0.002 0.005 0.109 0.865 
 207 K _   0.005 0.009 0.000 0.005 0.002 0.006 0.108 0.865 
 208 E _   0.005 0.010 0.000 0.005 0.002 0.006 0.108 0.864 
 209 E _   0.005 0.012 0.000 0.006 0.002 0.006 0.106 0.862 
 210 S _   0.005 0.014 0.000 0.007 0.002 0.007 0.104 0.860 
 211 P _   0.005 0.017 0.000 0.008 0.002 0.008 0.102 0.857 
 212 A _   0.005 0.022 0.000 0.009 0.003 0.008 0.100 0.853 
 213 V _   0.005 0.027 0.000 0.010 0.003 0.009 0.097 0.849 
 214 V _   0.006 0.033 0.000 0.011 0.003 0.010 0.093 0.843 
 215 K _   0.006 0.041 0.000 0.012 0.004 0.012 0.090 0.835 
 216 K _   0.007 0.051 0.001 0.013 0.005 0.013 0.086 0.825 
 217 E _   0.007 0.062 0.001 0.015 0.006 0.015 0.083 0.811 
 218 E _   0.008 0.077 0.001 0.018 0.007 0.018 0.079 0.793 
 219 K _   0.009 0.093 0.001 0.021 0.009 0.020 0.075 0.772 
 220 V _   0.011 0.111 0.001 0.025 0.011 0.022 0.071 0.748 
 221 L _   0.012 0.129 0.001 0.029 0.012 0.023 0.068 0.726 
 222 H _   0.013 0.143 0.001 0.033 0.014 0.025 0.065 0.707 
 223 E _   0.014 0.154 0.001 0.036 0.015 0.025 0.062 0.693 
 224 L _   0.014 0.161 0.001 0.037 0.015 0.025 0.060 0.685 
 225 F _   0.015 0.164 0.001 0.037 0.015 0.025 0.059 0.683 
 226 G _   0.015 0.164 0.001 0.036 0.015 0.024 0.058 0.687 
 227 T _   0.015 0.161 0.001 0.033 0.014 0.023 0.057 0.696 
 228 D _   0.016 0.155 0.001 0.029 0.012 0.022 0.057 0.709 
 229 I _   0.015 0.146 0.001 0.024 0.011 0.021 0.056 0.725 
 230 R _   0.015 0.135 0.001 0.020 0.009 0.020 0.056 0.742 
 231 C _   0.015 0.124 0.001 0.016 0.008 0.020 0.056 0.760 
 232 C _   0.014 0.114 0.001 0.013 0.007 0.019 0.056 0.776 
 233 A _   0.014 0.107 0.001 0.010 0.006 0.019 0.056 0.787 
 234 R _   0.014 0.103 0.001 0.009 0.006 0.019 0.055 0.794 
 235 N _   0.015 0.101 0.001 0.009 0.006 0.020 0.054 0.795 
 236 E _   0.015 0.103 0.001 0.009 0.006 0.021 0.053 0.791 
 237 L _   0.016 0.107 0.001 0.012 0.008 0.022 0.052 0.782 
 238 G _   0.018 0.114 0.001 0.015 0.010 0.024 0.051 0.768 
 239 R _   0.019 0.125 0.001 0.021 0.012 0.026 0.049 0.748 
 240 E _   0.020 0.136 0.001 0.028 0.015 0.027 0.048 0.726 
 241 C _   0.020 0.145 0.001 0.034 0.017 0.027 0.046 0.708 
 242 T _   0.020 0.151 0.001 0.040 0.018 0.027 0.046 0.696 
 243 R _   0.020 0.153 0.001 0.044 0.018 0.026 0.045 0.692 
 244 L _   0.020 0.151 0.001 0.045 0.017 0.024 0.045 0.696 
 245 F _   0.019 0.144 0.001 0.042 0.016 0.022 0.046 0.710 
 246 T _   0.018 0.130 0.001 0.037 0.013 0.020 0.047 0.734 
 247 I _   0.017 0.109 0.001 0.030 0.011 0.018 0.048 0.767 
 248 D _   0.016 0.082 0.001 0.022 0.009 0.016 0.049 0.806 
 249 L _   0.014 0.055 0.001 0.015 0.007 0.014 0.050 0.844 
 250 N _   0.013 0.033 0.001 0.010 0.005 0.012 0.051 0.875 
 251 Q _   0.012 0.019 0.000 0.007 0.004 0.011 0.052 0.896 
 252 T _   0.010 0.011 0.000 0.005 0.003 0.010 0.052 0.908 
 253 P _   0.010 0.008 0.000 0.004 0.003 0.010 0.052 0.913 
 254 Q _   0.009 0.007 0.000 0.004 0.003 0.011 0.052 0.914 
 255 T _   0.010 0.006 0.000 0.005 0.003 0.012 0.052 0.912 
 256 T _   0.011 0.007 0.000 0.006 0.004 0.014 0.051 0.907 
 257 L _   0.012 0.008 0.001 0.009 0.005 0.016 0.050 0.900 
 258 P _   0.013 0.011 0.001 0.012 0.007 0.018 0.049 0.891 
 259 Q _   0.014 0.013 0.001 0.015 0.008 0.020 0.047 0.882 
 260 L _   0.015 0.015 0.001 0.017 0.009 0.022 0.046 0.874 
 261 F _   0.016 0.017 0.001 0.018 0.010 0.024 0.045 0.868 
 262 L _   0.018 0.018 0.001 0.019 0.011 0.025 0.044 0.864 
 263 K _   0.019 0.018 0.001 0.019 0.012 0.027 0.043 0.861 
 264 V _   0.021 0.019 0.001 0.018 0.012 0.028 0.042 0.859 
 265 G _   0.024 0.019 0.001 0.017 0.013 0.029 0.042 0.856 
 266 E _   0.027 0.019 0.001 0.016 0.013 0.031 0.041 0.852 
 267 P _   0.030 0.018 0.001 0.016 0.014 0.032 0.041 0.848 
 268 L _   0.034 0.018 0.001 0.015 0.014 0.033 0.040 0.845 
 269 W _   0.037 0.017 0.001 0.015 0.014 0.034 0.040 0.842 
 270 I _   0.039 0.017 0.001 0.014 0.014 0.034 0.040 0.840 
 271 R _   0.041 0.016 0.001 0.013 0.014 0.035 0.040 0.840 
 272 C _   0.042 0.016 0.001 0.012 0.014 0.034 0.040 0.841 
 273 K _   0.044 0.015 0.001 0.011 0.013 0.034 0.040 0.842 
 274 A _   0.044 0.015 0.001 0.010 0.013 0.034 0.040 0.842 
 275 V _   0.045 0.016 0.001 0.010 0.013 0.035 0.040 0.841 
 276 H _   0.046 0.018 0.001 0.011 0.014 0.035 0.040 0.837 
 277 V _   0.046 0.020 0.001 0.013 0.015 0.035 0.040 0.829 
 278 N _   0.047 0.024 0.001 0.017 0.017 0.035 0.039 0.818 
 279 H _   0.046 0.029 0.001 0.023 0.019 0.035 0.040 0.807 
 280 G _   0.044 0.033 0.001 0.028 0.019 0.034 0.040 0.799 
 281 F _   0.042 0.036 0.001 0.033 0.019 0.032 0.040 0.796 
 282 G _   0.038 0.037 0.001 0.035 0.018 0.029 0.041 0.800 
 283 L _   0.033 0.036 0.001 0.034 0.016 0.026 0.042 0.812 
 284 T _   0.028 0.033 0.001 0.030 0.013 0.022 0.043 0.830 
 285 W _   0.023 0.027 0.001 0.025 0.010 0.019 0.044 0.852 
 286 E _   0.018 0.021 0.001 0.018 0.007 0.015 0.045 0.875 
 287 L _   0.014 0.014 0.001 0.013 0.005 0.012 0.046 0.896 
 288 E _   0.011 0.009 0.000 0.009 0.003 0.010 0.046 0.912 
 289 N _   0.009 0.005 0.000 0.006 0.002 0.008 0.046 0.923 
 290 K _   0.008 0.004 0.000 0.005 0.002 0.007 0.046 0.930 
 291 A _   0.007 0.003 0.000 0.004 0.002 0.007 0.045 0.933 
 292 L _   0.007 0.002 0.000 0.005 0.002 0.007 0.044 0.933 
 293 E _   0.007 0.002 0.000 0.006 0.002 0.007 0.043 0.932 
 294 E _   0.007 0.002 0.000 0.007 0.003 0.008 0.042 0.930 
 295 G _   0.008 0.003 0.000 0.009 0.003 0.009 0.041 0.927 
 296 N _   0.009 0.003 0.000 0.011 0.004 0.010 0.039 0.924 
 297 Y _   0.011 0.003 0.001 0.012 0.005 0.010 0.038 0.922 
 298 F _   0.014 0.003 0.001 0.012 0.005 0.010 0.036 0.921 
 299 E _   0.018 0.002 0.001 0.010 0.005 0.010 0.034 0.920 
 300 M _   0.026 0.001 0.001 0.008 0.004 0.010 0.032 0.918 
 301 S _   0.038 0.001 0.001 0.006 0.004 0.010 0.030 0.911 
 302 T _   0.060 0.000 0.001 0.004 0.004 0.010 0.027 0.895 
 303 Y _   0.095 0.000 0.001 0.002 0.004 0.010 0.024 0.863 
 304 S _   0.152 0.000 0.001 0.001 0.005 0.011 0.021 0.808 
 305 T _   0.237 0.000 0.001 0.001 0.006 0.012 0.018 0.725 
 306 N _   0.352 0.000 0.001 0.001 0.008 0.013 0.014 0.610 
 307 R H   0.487 0.000 0.001 0.001 0.011 0.014 0.011 0.475 
 308 T H   0.620 0.000 0.001 0.001 0.014 0.015 0.008 0.341 
 309 M H   0.730 0.000 0.001 0.001 0.017 0.014 0.006 0.231 
 310 I H   0.803 0.000 0.001 0.001 0.019 0.013 0.005 0.157 
 311 R H   0.851 0.000 0.001 0.001 0.020 0.012 0.005 0.111 
 312 I H   0.876 0.000 0.001 0.001 0.021 0.011 0.005 0.086 
 313 L H   0.887 0.000 0.001 0.001 0.021 0.010 0.005 0.075 
 314 F H   0.886 0.000 0.001 0.001 0.022 0.010 0.006 0.075 
 315 A H   0.873 0.000 0.001 0.001 0.023 0.010 0.007 0.086 
 316 F H   0.846 0.000 0.002 0.001 0.024 0.010 0.008 0.110 
 317 V H   0.799 0.000 0.002 0.002 0.023 0.011 0.011 0.152 
 318 S H   0.729 0.000 0.002 0.002 0.022 0.011 0.016 0.218 
 319 S H   0.636 0.000 0.002 0.002 0.019 0.012 0.023 0.306 
 320 V H   0.527 0.000 0.002 0.003 0.015 0.012 0.033 0.408 
 321 A _   0.414 0.000 0.001 0.003 0.012 0.012 0.044 0.514 
 322 R _   0.310 0.000 0.001 0.004 0.009 0.011 0.055 0.610 
 323 N _   0.222 0.000 0.001 0.004 0.007 0.011 0.066 0.690 
 324 D _   0.152 0.000 0.001 0.005 0.005 0.010 0.075 0.752 
 325 T _   0.101 0.000 0.001 0.005 0.004 0.009 0.082 0.798 
 326 G _   0.065 0.000 0.000 0.005 0.003 0.008 0.088 0.830 
 327 Y _   0.040 0.000 0.000 0.005 0.003 0.007 0.093 0.851 
 328 Y _   0.025 0.000 0.000 0.005 0.002 0.007 0.096 0.865 
 329 T _   0.016 0.000 0.000 0.004 0.002 0.006 0.098 0.874 
 330 C _   0.010 0.000 0.000 0.004 0.001 0.006 0.099 0.879 
 331 S _   0.007 0.001 0.000 0.003 0.001 0.006 0.100 0.882 
 332 S _   0.006 0.001 0.000 0.003 0.001 0.006 0.100 0.883 
 333 S _   0.005 0.002 0.000 0.003 0.001 0.007 0.099 0.882 
 334 K _   0.006 0.003 0.000 0.004 0.002 0.010 0.097 0.878 
 335 H _   0.008 0.008 0.000 0.005 0.003 0.014 0.095 0.867 
 336 P _   0.012 0.019 0.001 0.008 0.006 0.020 0.092 0.842 
 337 S _   0.018 0.047 0.001 0.014 0.012 0.028 0.087 0.793 
 338 Q _   0.024 0.108 0.002 0.024 0.021 0.036 0.080 0.705 
 339 S _   0.028 0.209 0.003 0.035 0.032 0.042 0.072 0.579 
 340 A _   0.029 0.336 0.004 0.047 0.039 0.043 0.064 0.439 
 341 L E   0.027 0.448 0.003 0.055 0.040 0.042 0.058 0.326 
 342 V E   0.026 0.527 0.003 0.060 0.038 0.039 0.054 0.253 
 343 T E   0.024 0.571 0.002 0.063 0.035 0.036 0.052 0.216 
 344 I E   0.024 0.592 0.002 0.065 0.033 0.033 0.051 0.200 
 345 V E   0.024 0.600 0.002 0.064 0.030 0.031 0.051 0.198 
 346 E E   0.023 0.598 0.002 0.062 0.028 0.028 0.052 0.207 
 347 K E   0.023 0.584 0.002 0.059 0.025 0.026 0.054 0.227 
 348 G E   0.022 0.553 0.002 0.054 0.023 0.024 0.057 0.265 
 349 F E   0.022 0.499 0.002 0.048 0.020 0.022 0.062 0.326 
 350 I E   0.021 0.420 0.002 0.041 0.017 0.020 0.068 0.410 
 351 N _   0.021 0.326 0.002 0.033 0.014 0.018 0.076 0.510 
 352 A _   0.019 0.235 0.002 0.025 0.010 0.016 0.084 0.609 
 353 T _   0.016 0.164 0.001 0.018 0.007 0.014 0.090 0.690 
 354 N _   0.013 0.117 0.001 0.012 0.004 0.011 0.095 0.747 
 355 S _   0.010 0.090 0.000 0.008 0.003 0.009 0.098 0.782 
 356 S _   0.007 0.076 0.000 0.005 0.002 0.008 0.099 0.802 
 357 E _   0.006 0.070 0.000 0.004 0.002 0.007 0.100 0.811 
 358 D _   0.005 0.069 0.000 0.004 0.001 0.007 0.100 0.813 
 359 Y _   0.005 0.071 0.000 0.005 0.002 0.009 0.099 0.810 
 360 E _   0.006 0.079 0.000 0.007 0.003 0.010 0.097 0.798 
 361 I _   0.007 0.095 0.001 0.011 0.004 0.013 0.094 0.775 
 362 D _   0.008 0.127 0.001 0.017 0.007 0.016 0.090 0.734 
 363 Q _   0.009 0.176 0.001 0.024 0.009 0.019 0.085 0.676 
 364 Y _   0.009 0.233 0.001 0.032 0.012 0.020 0.080 0.613 
 365 E _   0.009 0.285 0.001 0.038 0.013 0.021 0.076 0.557 
 366 E _   0.008 0.323 0.001 0.041 0.014 0.021 0.073 0.518 
 367 F _   0.008 0.348 0.001 0.043 0.014 0.021 0.071 0.494 
 368 C _   0.008 0.363 0.001 0.043 0.013 0.021 0.070 0.482 
 369 F _   0.008 0.369 0.001 0.040 0.013 0.020 0.069 0.479 
 370 S _   0.009 0.370 0.001 0.036 0.012 0.020 0.069 0.483 
 371 V _   0.009 0.365 0.001 0.031 0.011 0.019 0.070 0.493 
 372 R _   0.010 0.356 0.001 0.025 0.010 0.019 0.071 0.507 
 373 F _   0.010 0.345 0.001 0.020 0.009 0.019 0.072 0.523 
 374 K _   0.011 0.334 0.001 0.017 0.008 0.019 0.073 0.537 
 375 A _   0.012 0.324 0.001 0.015 0.008 0.019 0.074 0.547 
 376 Y _   0.013 0.318 0.001 0.014 0.008 0.020 0.075 0.551 
 377 P _   0.014 0.315 0.001 0.015 0.008 0.020 0.077 0.551 
 378 Q _   0.015 0.315 0.001 0.017 0.009 0.021 0.078 0.546 
 379 I _   0.015 0.315 0.001 0.020 0.010 0.021 0.079 0.539 
 380 R _   0.016 0.314 0.001 0.024 0.011 0.020 0.081 0.533 
 381 C _   0.016 0.312 0.001 0.027 0.011 0.020 0.083 0.531 
 382 T _   0.015 0.305 0.001 0.030 0.011 0.019 0.085 0.533 
 383 W _   0.014 0.293 0.001 0.031 0.011 0.018 0.088 0.544 
 384 T _   0.014 0.274 0.001 0.030 0.011 0.016 0.091 0.563 
 385 F _   0.013 0.247 0.001 0.028 0.010 0.015 0.096 0.590 
 386 S _   0.012 0.213 0.001 0.025 0.009 0.014 0.101 0.625 
 387 R _   0.012 0.174 0.001 0.022 0.007 0.013 0.107 0.664 
 388 K _   0.011 0.137 0.001 0.018 0.006 0.012 0.112 0.702 
 389 S _   0.010 0.106 0.001 0.015 0.005 0.011 0.117 0.735 
 390 F _   0.009 0.081 0.001 0.012 0.004 0.010 0.122 0.761 
 391 P _   0.008 0.064 0.000 0.010 0.003 0.009 0.125 0.781 
 392 C _   0.007 0.051 0.000 0.008 0.003 0.008 0.128 0.795 
 393 E _   0.006 0.043 0.000 0.007 0.002 0.007 0.129 0.805 
 394 Q _   0.006 0.038 0.000 0.006 0.002 0.006 0.130 0.812 
 395 K _   0.005 0.035 0.000 0.006 0.002 0.006 0.130 0.816 
 396 G _   0.005 0.033 0.000 0.006 0.002 0.006 0.130 0.818 
 397 L _   0.004 0.033 0.000 0.007 0.002 0.006 0.129 0.819 
 398 D _   0.004 0.034 0.000 0.008 0.002 0.007 0.127 0.817 
 399 N _   0.005 0.036 0.000 0.010 0.002 0.007 0.126 0.814 
 400 G _   0.005 0.038 0.000 0.012 0.003 0.008 0.124 0.810 
 401 Y _   0.005 0.041 0.000 0.014 0.003 0.008 0.121 0.806 
 402 S _   0.005 0.044 0.000 0.016 0.004 0.008 0.119 0.803 
 403 I _   0.005 0.047 0.000 0.017 0.004 0.009 0.117 0.802 
 404 S _   0.005 0.049 0.000 0.016 0.004 0.008 0.115 0.803 
 405 K _   0.005 0.050 0.000 0.015 0.003 0.008 0.113 0.806 
 406 F _   0.004 0.050 0.000 0.013 0.003 0.008 0.111 0.810 
 407 C _   0.004 0.051 0.000 0.011 0.003 0.007 0.108 0.815 
 408 N _   0.004 0.051 0.000 0.010 0.003 0.007 0.106 0.818 
 409 H _   0.004 0.053 0.000 0.009 0.003 0.008 0.104 0.819 
 410 K _   0.004 0.057 0.000 0.010 0.003 0.008 0.101 0.816 
 411 H _   0.005 0.063 0.000 0.012 0.003 0.009 0.098 0.809 
 412 Q _   0.005 0.071 0.001 0.015 0.004 0.010 0.095 0.799 
 413 P _   0.006 0.082 0.001 0.019 0.005 0.011 0.092 0.784 
 414 G _   0.006 0.094 0.001 0.024 0.006 0.012 0.088 0.769 
 415 E _   0.006 0.103 0.001 0.028 0.007 0.012 0.086 0.758 
 416 Y _   0.006 0.110 0.001 0.029 0.007 0.012 0.083 0.752 
 417 I _   0.006 0.113 0.001 0.028 0.007 0.012 0.082 0.752 
 418 F _   0.006 0.113 0.001 0.025 0.006 0.011 0.080 0.758 
 419 H _   0.006 0.111 0.001 0.020 0.005 0.010 0.079 0.768 
 420 A _   0.005 0.108 0.000 0.015 0.004 0.009 0.078 0.780 
 421 E _   0.005 0.105 0.000 0.011 0.003 0.009 0.077 0.790 
 422 N _   0.005 0.103 0.000 0.009 0.003 0.009 0.076 0.796 
 423 D _   0.005 0.103 0.000 0.007 0.003 0.009 0.074 0.798 
 424 D _   0.006 0.106 0.000 0.008 0.003 0.010 0.072 0.794 
 425 A _   0.007 0.114 0.000 0.010 0.004 0.012 0.070 0.782 
 426 Q _   0.008 0.129 0.001 0.014 0.006 0.013 0.068 0.762 
 427 F _   0.009 0.149 0.001 0.019 0.007 0.015 0.065 0.735 
 428 T _   0.010 0.171 0.001 0.024 0.009 0.016 0.063 0.707 
 429 K _   0.010 0.189 0.001 0.028 0.009 0.016 0.060 0.686 
 430 M _   0.010 0.201 0.001 0.030 0.009 0.016 0.059 0.673 
 431 F _   0.010 0.208 0.001 0.030 0.009 0.015 0.057 0.670 
 432 T _   0.009 0.211 0.001 0.027 0.008 0.014 0.057 0.673 
 433 L _   0.009 0.210 0.001 0.023 0.007 0.014 0.056 0.681 
 434 N _   0.008 0.207 0.001 0.019 0.006 0.013 0.055 0.691 
 435 I _   0.008 0.203 0.001 0.015 0.005 0.012 0.055 0.701 
 436 R _   0.008 0.200 0.001 0.011 0.004 0.011 0.055 0.710 
 437 R _   0.008 0.198 0.000 0.010 0.004 0.011 0.054 0.714 
 438 K _   0.008 0.200 0.000 0.009 0.004 0.011 0.054 0.714 
 439 P _   0.008 0.204 0.000 0.010 0.004 0.012 0.053 0.708 
 440 Q _   0.008 0.213 0.001 0.011 0.005 0.013 0.052 0.698 
 441 V _   0.008 0.225 0.001 0.014 0.006 0.013 0.051 0.682 
 442 L _   0.008 0.241 0.001 0.016 0.006 0.013 0.049 0.664 
 443 A _   0.008 0.257 0.001 0.020 0.007 0.013 0.048 0.646 
 444 E _   0.008 0.272 0.001 0.022 0.008 0.013 0.047 0.629 
 445 A _   0.007 0.284 0.001 0.025 0.008 0.013 0.046 0.617 
 446 S _   0.007 0.292 0.001 0.026 0.008 0.013 0.045 0.609 
 447 A _   0.007 0.296 0.001 0.027 0.008 0.012 0.045 0.605 
 448 S _   0.007 0.296 0.001 0.027 0.008 0.012 0.045 0.605 
 449 Q _   0.007 0.294 0.001 0.026 0.007 0.011 0.045 0.610 
 450 A _   0.007 0.287 0.001 0.024 0.007 0.011 0.045 0.618 
 451 S _   0.007 0.277 0.001 0.022 0.006 0.011 0.046 0.630 
 452 C _   0.007 0.263 0.001 0.020 0.006 0.010 0.048 0.646 
 453 F _   0.007 0.247 0.001 0.018 0.005 0.010 0.049 0.663 
 454 S _   0.007 0.231 0.001 0.016 0.005 0.010 0.050 0.680 
 455 D _   0.007 0.216 0.001 0.016 0.005 0.010 0.052 0.694 
 456 G _   0.007 0.203 0.001 0.016 0.005 0.010 0.053 0.705 
 457 Y _   0.008 0.192 0.001 0.016 0.005 0.011 0.055 0.713 
 458 P _   0.008 0.183 0.001 0.018 0.005 0.011 0.056 0.719 
 459 L _   0.008 0.173 0.001 0.020 0.005 0.011 0.058 0.723 
 460 P _   0.008 0.163 0.001 0.022 0.006 0.011 0.060 0.729 
 461 S _   0.008 0.151 0.001 0.024 0.006 0.011 0.062 0.737 
 462 W _   0.008 0.136 0.001 0.023 0.006 0.011 0.064 0.751 
 463 T _   0.008 0.117 0.001 0.022 0.005 0.010 0.067 0.770 
 464 W _   0.008 0.096 0.001 0.018 0.004 0.009 0.070 0.794 
 465 K _   0.007 0.074 0.001 0.014 0.004 0.008 0.072 0.820 
 466 K _   0.006 0.055 0.000 0.010 0.003 0.007 0.074 0.845 
 467 C _   0.005 0.040 0.000 0.007 0.002 0.006 0.075 0.865 
 468 S _   0.004 0.031 0.000 0.005 0.002 0.005 0.076 0.877 
 469 D _   0.004 0.027 0.000 0.004 0.001 0.005 0.075 0.884 
 470 K _   0.004 0.025 0.000 0.003 0.001 0.006 0.075 0.886 
 471 S _   0.004 0.026 0.000 0.004 0.002 0.007 0.073 0.883 
 472 P _   0.005 0.030 0.000 0.006 0.002 0.009 0.072 0.875 
 473 N _   0.006 0.040 0.000 0.011 0.004 0.012 0.069 0.858 
 474 C _   0.008 0.058 0.001 0.018 0.006 0.015 0.065 0.830 
 475 T _   0.009 0.084 0.001 0.028 0.009 0.018 0.061 0.791 
 476 E _   0.009 0.113 0.001 0.039 0.011 0.020 0.056 0.750 
 477 E _   0.009 0.136 0.001 0.050 0.013 0.021 0.052 0.717 
 478 I _   0.009 0.151 0.001 0.056 0.014 0.022 0.049 0.697 
 479 T _   0.009 0.158 0.001 0.059 0.014 0.021 0.047 0.690 
 480 E _   0.009 0.160 0.001 0.058 0.014 0.021 0.045 0.692 
 481 G _   0.009 0.157 0.001 0.052 0.013 0.020 0.044 0.704 
 482 V _   0.009 0.148 0.001 0.044 0.012 0.018 0.043 0.724 
 483 W _   0.009 0.134 0.001 0.035 0.010 0.017 0.043 0.752 
 484 N _   0.009 0.115 0.001 0.026 0.008 0.016 0.043 0.783 
 485 R _   0.009 0.097 0.001 0.018 0.006 0.015 0.043 0.811 
 486 K _   0.009 0.082 0.001 0.014 0.005 0.014 0.042 0.833 
 487 A _   0.009 0.072 0.001 0.011 0.005 0.014 0.042 0.847 
 488 N _   0.009 0.066 0.001 0.010 0.005 0.015 0.041 0.854 
 489 R _   0.010 0.063 0.001 0.011 0.005 0.015 0.041 0.855 
 490 K _   0.010 0.062 0.001 0.013 0.006 0.016 0.040 0.852 
 491 V _   0.011 0.062 0.001 0.017 0.007 0.017 0.039 0.847 
 492 F _   0.011 0.061 0.001 0.020 0.008 0.018 0.038 0.842 
 493 G _   0.011 0.060 0.001 0.023 0.009 0.019 0.037 0.840 
 494 Q _   0.011 0.057 0.001 0.024 0.009 0.019 0.036 0.843 
 495 W _   0.011 0.052 0.001 0.023 0.009 0.019 0.036 0.850 
 496 V _   0.011 0.044 0.001 0.021 0.008 0.018 0.035 0.861 
 497 S _   0.011 0.035 0.001 0.017 0.008 0.019 0.035 0.875 
 498 S _   0.012 0.025 0.001 0.013 0.007 0.019 0.034 0.888 
 499 S _   0.015 0.016 0.001 0.010 0.006 0.020 0.034 0.898 
 500 T _   0.018 0.010 0.001 0.008 0.006 0.022 0.033 0.903 
 501 L _   0.024 0.006 0.001 0.006 0.006 0.024 0.033 0.900 
 502 N _   0.033 0.004 0.001 0.005 0.007 0.028 0.032 0.891 
 503 M _   0.044 0.003 0.001 0.005 0.009 0.032 0.031 0.874 
 504 S _   0.060 0.003 0.001 0.006 0.012 0.038 0.030 0.850 
 505 E _   0.079 0.004 0.001 0.008 0.017 0.045 0.029 0.819 
 506 A _   0.099 0.005 0.001 0.010 0.023 0.051 0.028 0.783 
 507 I _   0.119 0.007 0.002 0.013 0.031 0.057 0.027 0.746 
 508 K _   0.136 0.009 0.002 0.017 0.038 0.062 0.026 0.712 
 509 G _   0.149 0.011 0.002 0.021 0.043 0.064 0.025 0.685 
 510 F _   0.158 0.013 0.002 0.024 0.045 0.064 0.025 0.669 
 511 L _   0.160 0.014 0.002 0.025 0.045 0.063 0.025 0.666 
 512 V _   0.156 0.014 0.002 0.026 0.042 0.059 0.025 0.676 
 513 K _   0.146 0.013 0.002 0.024 0.037 0.054 0.025 0.699 
 514 C _   0.132 0.010 0.002 0.020 0.030 0.049 0.026 0.732 
 515 C _   0.115 0.008 0.002 0.015 0.023 0.043 0.026 0.769 
 516 A _   0.099 0.005 0.001 0.011 0.017 0.037 0.026 0.804 
 517 Y _   0.083 0.003 0.001 0.008 0.012 0.032 0.027 0.835 
 518 N _   0.070 0.002 0.001 0.006 0.009 0.029 0.027 0.858 
 519 S _   0.059 0.002 0.001 0.005 0.007 0.027 0.026 0.873 
 520 L _   0.051 0.002 0.001 0.005 0.007 0.025 0.026 0.883 
 521 G _   0.046 0.002 0.001 0.007 0.007 0.025 0.026 0.887 
 522 T _   0.041 0.003 0.001 0.009 0.008 0.024 0.026 0.887 
 523 S _   0.037 0.005 0.001 0.013 0.009 0.024 0.025 0.886 
 524 C _   0.034 0.007 0.001 0.016 0.010 0.023 0.025 0.884 
 525 E _   0.030 0.008 0.001 0.019 0.011 0.022 0.025 0.884 
 526 T _   0.027 0.009 0.001 0.020 0.010 0.021 0.024 0.888 
 527 I _   0.024 0.009 0.001 0.020 0.010 0.019 0.024 0.894 
 528 L _   0.021 0.008 0.001 0.018 0.009 0.017 0.024 0.902 
 529 L _   0.018 0.007 0.001 0.015 0.007 0.015 0.024 0.912 
 530 N _   0.016 0.006 0.001 0.013 0.006 0.013 0.024 0.922 
 531 S _   0.014 0.005 0.001 0.010 0.005 0.012 0.024 0.930 
 532 P _   0.014 0.003 0.001 0.009 0.004 0.010 0.023 0.936 
 533 G _   0.013 0.002 0.000 0.007 0.004 0.009 0.023 0.940 
 534 P _   0.014 0.001 0.000 0.006 0.003 0.008 0.023 0.944 
 535 F _   0.015 0.001 0.000 0.005 0.003 0.008 0.022 0.946 
 536 P _   0.018 0.001 0.000 0.004 0.003 0.007 0.022 0.946 
 537 F _   0.022 0.000 0.000 0.003 0.003 0.006 0.021 0.945 
 538 I _   0.030 0.000 0.000 0.002 0.002 0.006 0.020 0.940 
 539 Q _   0.043 0.000 0.000 0.001 0.002 0.006 0.018 0.929 
 540 D _   0.063 0.000 0.000 0.001 0.002 0.005 0.017 0.911 
 541 N _   0.097 0.000 0.000 0.001 0.003 0.006 0.015 0.878 
 542 I _   0.149 0.000 0.000 0.001 0.003 0.006 0.013 0.827 
 543 S _   0.222 0.000 0.001 0.000 0.004 0.006 0.012 0.755 
 544 F _   0.319 0.000 0.001 0.000 0.005 0.006 0.010 0.659 
 545 Y _   0.436 0.000 0.001 0.000 0.005 0.006 0.008 0.543 
 546 A H   0.558 0.000 0.001 0.000 0.006 0.006 0.007 0.422 
 547 T H   0.677 0.000 0.001 0.000 0.006 0.005 0.005 0.305 
 548 I H   0.780 0.000 0.001 0.000 0.006 0.005 0.004 0.204 
 549 G H   0.856 0.000 0.001 0.000 0.007 0.004 0.003 0.130 
 550 V H   0.906 0.000 0.001 0.000 0.007 0.003 0.002 0.080 
 551 C H   0.937 0.000 0.001 0.000 0.007 0.003 0.002 0.051 
 552 L H   0.952 0.000 0.001 0.000 0.008 0.003 0.001 0.035 
 553 L H   0.959 0.000 0.001 0.000 0.008 0.002 0.001 0.029 
 554 F H   0.959 0.000 0.001 0.000 0.008 0.002 0.001 0.028 
 555 I H   0.954 0.000 0.001 0.000 0.009 0.003 0.001 0.032 
 556 V H   0.944 0.000 0.001 0.000 0.010 0.003 0.001 0.041 
 557 V H   0.927 0.000 0.001 0.000 0.011 0.003 0.001 0.057 
 558 L H   0.900 0.000 0.001 0.000 0.011 0.004 0.001 0.083 
 559 T H   0.860 0.000 0.001 0.000 0.012 0.004 0.002 0.120 
 560 L H   0.803 0.000 0.001 0.001 0.012 0.005 0.003 0.176 
 561 L H   0.724 0.000 0.001 0.001 0.012 0.006 0.004 0.253 
 562 I H   0.622 0.000 0.001 0.001 0.011 0.007 0.006 0.353 
 563 C H   0.506 0.000 0.001 0.001 0.009 0.007 0.009 0.466 
 564 H _   0.388 0.000 0.001 0.001 0.007 0.007 0.012 0.582 
 565 K _   0.281 0.000 0.001 0.001 0.006 0.007 0.016 0.688 
 566 Y _   0.193 0.000 0.001 0.001 0.004 0.007 0.019 0.774 
 567 K _   0.130 0.000 0.000 0.001 0.003 0.007 0.022 0.836 
 568 K _   0.087 0.000 0.000 0.001 0.003 0.007 0.024 0.877 
 569 Q _   0.060 0.000 0.000 0.002 0.002 0.008 0.026 0.902 
 570 F _   0.044 0.000 0.000 0.002 0.002 0.009 0.027 0.914 
 571 R _   0.035 0.001 0.000 0.003 0.003 0.012 0.029 0.917 
 572 Y _   0.031 0.004 0.001 0.005 0.005 0.015 0.029 0.911 
 573 E _   0.029 0.010 0.001 0.010 0.007 0.018 0.030 0.894 
 574 S _   0.028 0.021 0.001 0.018 0.011 0.021 0.031 0.869 
 575 Q _   0.027 0.037 0.001 0.029 0.014 0.023 0.031 0.838 
 576 L _   0.025 0.050 0.001 0.039 0.016 0.025 0.032 0.811 
 577 Q _   0.024 0.060 0.001 0.046 0.018 0.025 0.033 0.794 
 578 M _   0.022 0.064 0.001 0.050 0.017 0.024 0.034 0.788 
 579 V _   0.020 0.065 0.001 0.048 0.016 0.022 0.036 0.792 
 580 Q _   0.018 0.062 0.001 0.043 0.013 0.020 0.038 0.806 
 581 V _   0.015 0.056 0.001 0.034 0.011 0.017 0.040 0.827 
 582 T _   0.013 0.046 0.001 0.025 0.008 0.014 0.042 0.852 
 583 G _   0.011 0.036 0.001 0.016 0.006 0.012 0.044 0.875 
 584 S _   0.009 0.027 0.000 0.010 0.004 0.010 0.045 0.893 
 585 S _   0.008 0.021 0.000 0.007 0.003 0.009 0.047 0.904 
 586 D _   0.007 0.019 0.000 0.006 0.002 0.009 0.048 0.909 
 587 N _   0.007 0.018 0.000 0.006 0.003 0.009 0.048 0.909 
 588 E _   0.007 0.018 0.000 0.008 0.003 0.010 0.049 0.905 
 589 Y _   0.008 0.020 0.000 0.011 0.004 0.011 0.049 0.897 
 590 F _   0.009 0.023 0.001 0.015 0.005 0.012 0.049 0.887 
 591 Y _   0.009 0.027 0.001 0.020 0.006 0.013 0.049 0.876 
 592 V _   0.009 0.030 0.001 0.024 0.007 0.013 0.049 0.867 
 593 D _   0.009 0.031 0.001 0.027 0.007 0.013 0.050 0.862 
 594 F _   0.009 0.031 0.001 0.027 0.007 0.013 0.051 0.862 
 595 R _   0.009 0.030 0.001 0.025 0.007 0.012 0.052 0.866 
 596 E _   0.008 0.027 0.001 0.021 0.006 0.011 0.053 0.874 
 597 Y _   0.008 0.023 0.001 0.017 0.005 0.010 0.054 0.883 
 598 E _   0.007 0.018 0.000 0.013 0.004 0.009 0.055 0.893 
 599 Y _   0.007 0.015 0.000 0.010 0.003 0.008 0.056 0.901 
 600 D _   0.006 0.012 0.000 0.008 0.003 0.008 0.057 0.907 
 601 L _   0.006 0.010 0.000 0.006 0.002 0.007 0.058 0.910 
 602 K _   0.006 0.009 0.000 0.006 0.002 0.007 0.058 0.913 
 603 W _   0.006 0.008 0.000 0.005 0.002 0.007 0.058 0.913 
 604 E _   0.006 0.008 0.000 0.005 0.002 0.008 0.057 0.913 
 605 F _   0.006 0.009 0.000 0.006 0.002 0.009 0.057 0.911 
 606 P _   0.007 0.010 0.000 0.006 0.003 0.010 0.056 0.908 
 607 R _   0.007 0.013 0.000 0.007 0.003 0.012 0.054 0.903 
 608 E _   0.008 0.016 0.001 0.009 0.004 0.014 0.053 0.895 
 609 N _   0.010 0.021 0.001 0.011 0.006 0.017 0.051 0.884 
 610 L _   0.011 0.028 0.001 0.014 0.007 0.020 0.050 0.870 
 611 E _   0.013 0.036 0.001 0.017 0.009 0.023 0.048 0.853 
 612 F _   0.015 0.045 0.001 0.020 0.012 0.026 0.046 0.835 
 613 G _   0.017 0.053 0.001 0.024 0.014 0.030 0.044 0.817 
 614 K _   0.020 0.061 0.001 0.027 0.017 0.033 0.042 0.800 
 615 V _   0.022 0.067 0.001 0.030 0.019 0.035 0.041 0.786 
 616 L _   0.024 0.071 0.001 0.032 0.021 0.037 0.040 0.775 
 617 G _   0.026 0.073 0.002 0.033 0.023 0.039 0.039 0.767 
 618 S _   0.029 0.073 0.002 0.033 0.023 0.039 0.038 0.763 
 619 G _   0.031 0.072 0.002 0.032 0.024 0.040 0.037 0.763 
 620 A _   0.032 0.069 0.002 0.030 0.023 0.039 0.037 0.768 
 621 F _   0.033 0.064 0.001 0.028 0.022 0.039 0.037 0.776 
 622 G _   0.034 0.059 0.001 0.026 0.020 0.037 0.037 0.786 
 623 K _   0.034 0.052 0.001 0.023 0.018 0.036 0.037 0.798 
 624 V _   0.034 0.045 0.001 0.021 0.016 0.034 0.038 0.812 
 625 M _   0.033 0.037 0.001 0.018 0.014 0.032 0.038 0.826 
 626 N _   0.032 0.029 0.001 0.015 0.012 0.031 0.039 0.840 
 627 A _   0.032 0.023 0.001 0.013 0.011 0.030 0.039 0.852 
 628 T _   0.032 0.017 0.001 0.010 0.009 0.029 0.040 0.862 
 629 A _   0.032 0.013 0.001 0.008 0.008 0.028 0.040 0.870 
 630 Y _   0.033 0.011 0.001 0.007 0.007 0.028 0.040 0.873 
 631 G _   0.035 0.009 0.001 0.006 0.007 0.029 0.040 0.873 
 632 I _   0.038 0.009 0.001 0.005 0.008 0.031 0.040 0.868 
 633 S _   0.043 0.011 0.001 0.006 0.009 0.033 0.040 0.857 
 634 K _   0.048 0.014 0.001 0.007 0.012 0.037 0.040 0.841 
 635 T _   0.054 0.020 0.001 0.011 0.017 0.041 0.040 0.817 
 636 G _   0.059 0.031 0.002 0.016 0.022 0.044 0.040 0.786 
 637 V _   0.063 0.047 0.002 0.024 0.027 0.047 0.040 0.750 
 638 S _   0.065 0.066 0.002 0.034 0.031 0.048 0.040 0.715 
 639 I _   0.064 0.082 0.002 0.044 0.034 0.047 0.040 0.686 
 640 Q _   0.063 0.093 0.002 0.052 0.034 0.045 0.041 0.670 
 641 V _   0.060 0.098 0.002 0.057 0.032 0.042 0.043 0.667 
 642 A _   0.054 0.099 0.002 0.057 0.028 0.038 0.045 0.676 
 643 V _   0.048 0.094 0.002 0.053 0.024 0.033 0.047 0.699 
 644 K _   0.040 0.083 0.002 0.044 0.018 0.028 0.050 0.734 
 645 M _   0.033 0.066 0.001 0.033 0.013 0.023 0.053 0.778 
 646 L _   0.026 0.045 0.001 0.022 0.009 0.018 0.056 0.824 
 647 K _   0.020 0.025 0.001 0.013 0.005 0.014 0.058 0.864 
 648 E _   0.015 0.012 0.000 0.007 0.003 0.011 0.060 0.893 
 649 K _   0.011 0.005 0.000 0.004 0.002 0.009 0.060 0.909 
 650 A _   0.008 0.003 0.000 0.002 0.001 0.008 0.061 0.917 
 651 D _   0.007 0.002 0.000 0.002 0.001 0.008 0.060 0.919 
 652 S _   0.008 0.002 0.000 0.002 0.002 0.009 0.060 0.918 
 653 S _   0.010 0.003 0.000 0.003 0.002 0.012 0.058 0.911 
 654 E _   0.013 0.006 0.000 0.006 0.004 0.017 0.057 0.897 
 655 R _   0.017 0.014 0.001 0.010 0.007 0.023 0.054 0.874 
 656 E _   0.021 0.028 0.001 0.018 0.011 0.029 0.051 0.839 
 657 A _   0.025 0.046 0.001 0.029 0.017 0.035 0.048 0.799 
 658 L _   0.028 0.063 0.002 0.039 0.021 0.039 0.045 0.763 
 659 M _   0.031 0.075 0.002 0.048 0.025 0.042 0.042 0.736 
 660 S _   0.033 0.082 0.002 0.054 0.028 0.044 0.039 0.719 
 661 E _   0.036 0.084 0.002 0.056 0.030 0.044 0.037 0.712 
 662 L _   0.038 0.083 0.002 0.054 0.029 0.043 0.036 0.715 
 663 K _   0.041 0.077 0.002 0.049 0.028 0.041 0.035 0.728 
