#TopoPred_TM8: 8-state transmembrane topology prediction results by no_profile mode 
#probabilities are in the order of H E C I L F X _, the 8 transmembrane topology types used in PDBTM 
   1 M X   0.012 0.001 0.002 0.052 0.009 0.010 0.778 0.136 
   2 P X   0.005 0.001 0.000 0.034 0.002 0.006 0.800 0.152 
   3 V X   0.002 0.000 0.000 0.022 0.001 0.004 0.806 0.164 
   4 L X   0.002 0.001 0.000 0.017 0.001 0.005 0.805 0.171 
   5 S X   0.002 0.001 0.000 0.014 0.001 0.005 0.800 0.176 
   6 A X   0.003 0.001 0.000 0.013 0.001 0.006 0.793 0.183 
   7 R X   0.003 0.002 0.000 0.012 0.002 0.007 0.785 0.189 
   8 R X   0.004 0.002 0.000 0.012 0.002 0.007 0.776 0.197 
   9 R X   0.004 0.003 0.000 0.012 0.002 0.007 0.767 0.205 
  10 E X   0.004 0.004 0.000 0.012 0.002 0.007 0.757 0.214 
  11 L X   0.003 0.004 0.000 0.012 0.003 0.006 0.747 0.224 
  12 A X   0.003 0.005 0.000 0.011 0.002 0.006 0.738 0.234 
  13 D X   0.003 0.005 0.000 0.010 0.002 0.005 0.730 0.245 
  14 H X   0.003 0.005 0.000 0.009 0.002 0.005 0.722 0.255 
  15 A X   0.003 0.005 0.000 0.008 0.002 0.004 0.714 0.264 
  16 G X   0.003 0.005 0.000 0.007 0.002 0.004 0.706 0.273 
  17 S X   0.003 0.005 0.000 0.006 0.001 0.004 0.697 0.283 
  18 G X   0.003 0.006 0.000 0.006 0.001 0.004 0.689 0.292 
  19 R X   0.003 0.006 0.000 0.005 0.001 0.004 0.679 0.302 
  20 R X   0.002 0.007 0.000 0.005 0.001 0.004 0.668 0.312 
  21 S X   0.002 0.008 0.000 0.005 0.001 0.004 0.656 0.323 
  22 G X   0.002 0.009 0.000 0.006 0.002 0.005 0.642 0.335 
  23 P X   0.003 0.012 0.000 0.006 0.002 0.005 0.626 0.346 
  24 S X   0.003 0.016 0.000 0.007 0.002 0.006 0.608 0.358 
  25 P X   0.003 0.022 0.000 0.009 0.003 0.007 0.587 0.368 
  26 T X   0.003 0.032 0.001 0.012 0.004 0.008 0.563 0.377 
  27 A X   0.004 0.047 0.001 0.016 0.005 0.010 0.535 0.383 
  28 R X   0.004 0.069 0.001 0.020 0.006 0.012 0.504 0.385 
  29 S X   0.004 0.096 0.001 0.024 0.007 0.013 0.471 0.383 
  30 G X   0.004 0.129 0.001 0.029 0.009 0.014 0.437 0.377 
  31 P X   0.004 0.164 0.001 0.033 0.009 0.014 0.405 0.369 
  32 H X   0.004 0.198 0.001 0.036 0.010 0.015 0.376 0.360 
  33 L _   0.004 0.226 0.001 0.037 0.010 0.014 0.353 0.354 
  34 S _   0.004 0.248 0.001 0.037 0.009 0.014 0.334 0.351 
  35 A _   0.004 0.264 0.001 0.037 0.009 0.014 0.318 0.352 
  36 L _   0.004 0.275 0.001 0.035 0.008 0.013 0.306 0.357 
  37 R _   0.004 0.281 0.001 0.032 0.008 0.013 0.296 0.366 
  38 A _   0.004 0.284 0.001 0.028 0.007 0.012 0.287 0.376 
  39 Q _   0.005 0.284 0.001 0.025 0.006 0.012 0.280 0.388 
  40 P _   0.005 0.283 0.001 0.021 0.006 0.012 0.274 0.399 
  41 A _   0.005 0.281 0.001 0.019 0.006 0.011 0.268 0.410 
  42 R _   0.005 0.278 0.001 0.017 0.005 0.011 0.263 0.419 
  43 A _   0.006 0.276 0.001 0.016 0.005 0.011 0.258 0.426 
  44 A _   0.006 0.274 0.001 0.016 0.005 0.012 0.254 0.432 
  45 H _   0.007 0.271 0.001 0.017 0.006 0.012 0.251 0.436 
  46 L _   0.007 0.269 0.001 0.019 0.006 0.012 0.247 0.440 
  47 S _   0.007 0.266 0.001 0.020 0.006 0.012 0.244 0.444 
  48 G _   0.008 0.261 0.001 0.022 0.007 0.012 0.242 0.449 
  49 R _   0.008 0.253 0.001 0.023 0.007 0.011 0.241 0.456 
  50 G _   0.009 0.242 0.001 0.023 0.007 0.011 0.240 0.468 
  51 T _   0.009 0.226 0.001 0.022 0.006 0.011 0.240 0.485 
  52 Y _   0.009 0.205 0.001 0.020 0.006 0.010 0.241 0.508 
  53 V _   0.009 0.181 0.001 0.018 0.006 0.010 0.242 0.535 
  54 R _   0.008 0.154 0.001 0.015 0.005 0.009 0.243 0.565 
  55 R _   0.008 0.128 0.001 0.013 0.004 0.008 0.244 0.594 
  56 D _   0.007 0.108 0.000 0.010 0.003 0.008 0.245 0.619 
  57 T _   0.007 0.093 0.000 0.008 0.002 0.007 0.245 0.638 
  58 A _   0.006 0.083 0.000 0.007 0.002 0.006 0.245 0.651 
  59 G _   0.005 0.078 0.000 0.006 0.002 0.006 0.243 0.660 
  60 G _   0.005 0.075 0.000 0.006 0.002 0.006 0.241 0.666 
  61 G _   0.005 0.074 0.000 0.006 0.002 0.006 0.238 0.670 
  62 P _   0.005 0.074 0.000 0.007 0.002 0.006 0.234 0.672 
  63 G _   0.005 0.076 0.000 0.007 0.002 0.006 0.229 0.674 
  64 Q _   0.004 0.079 0.000 0.008 0.002 0.006 0.224 0.676 
  65 A _   0.004 0.084 0.000 0.009 0.002 0.007 0.218 0.676 
  66 R _   0.004 0.090 0.000 0.009 0.002 0.007 0.210 0.676 
  67 P _   0.004 0.098 0.000 0.010 0.003 0.008 0.202 0.674 
  68 L _   0.004 0.109 0.000 0.012 0.003 0.008 0.193 0.670 
  69 G _   0.004 0.124 0.001 0.014 0.004 0.009 0.183 0.662 
  70 P _   0.004 0.143 0.001 0.016 0.004 0.010 0.172 0.649 
  71 P _   0.004 0.168 0.001 0.020 0.005 0.011 0.161 0.630 
  72 G _   0.005 0.197 0.001 0.024 0.006 0.011 0.149 0.608 
  73 T _   0.004 0.225 0.001 0.027 0.007 0.011 0.138 0.587 
  74 S _   0.004 0.251 0.001 0.030 0.007 0.011 0.128 0.568 
  75 L _   0.004 0.273 0.001 0.031 0.007 0.011 0.120 0.553 
  76 L _   0.004 0.288 0.001 0.032 0.006 0.010 0.113 0.545 
  77 G _   0.004 0.299 0.001 0.030 0.006 0.010 0.108 0.543 
  78 R _   0.004 0.304 0.001 0.028 0.005 0.009 0.103 0.546 
  79 G _   0.004 0.307 0.001 0.024 0.005 0.009 0.100 0.552 
  80 A _   0.004 0.306 0.001 0.020 0.004 0.008 0.097 0.561 
  81 R _   0.004 0.304 0.000 0.016 0.004 0.008 0.094 0.570 
  82 R _   0.004 0.302 0.000 0.014 0.003 0.007 0.091 0.578 
  83 S _   0.004 0.301 0.000 0.012 0.003 0.007 0.089 0.584 
  84 G _   0.004 0.301 0.000 0.011 0.003 0.007 0.087 0.586 
  85 E _   0.004 0.303 0.000 0.011 0.003 0.008 0.085 0.586 
  86 G _   0.004 0.308 0.000 0.012 0.003 0.008 0.082 0.582 
  87 W _   0.005 0.315 0.000 0.014 0.004 0.008 0.080 0.574 
  88 C _   0.005 0.323 0.001 0.016 0.004 0.009 0.077 0.566 
  89 P _   0.005 0.331 0.001 0.018 0.005 0.009 0.075 0.557 
  90 G _   0.005 0.338 0.001 0.020 0.005 0.009 0.072 0.550 
  91 A _   0.005 0.343 0.001 0.021 0.005 0.009 0.071 0.546 
  92 F _   0.005 0.344 0.001 0.021 0.005 0.009 0.069 0.546 
  93 E _   0.005 0.343 0.001 0.021 0.005 0.009 0.068 0.549 
  94 S _   0.005 0.340 0.001 0.019 0.005 0.008 0.067 0.555 
  95 G _   0.005 0.333 0.001 0.017 0.004 0.008 0.066 0.565 
  96 A _   0.005 0.325 0.001 0.015 0.004 0.008 0.066 0.577 
  97 R _   0.005 0.315 0.000 0.013 0.003 0.007 0.066 0.590 
  98 A _   0.005 0.306 0.000 0.010 0.003 0.007 0.065 0.603 
  99 A _   0.005 0.299 0.000 0.009 0.003 0.007 0.065 0.613 
 100 R _   0.005 0.294 0.000 0.008 0.002 0.007 0.064 0.621 
 101 P _   0.004 0.291 0.000 0.007 0.002 0.007 0.063 0.625 
 102 P _   0.004 0.293 0.000 0.007 0.002 0.007 0.062 0.625 
 103 S _   0.004 0.298 0.000 0.008 0.003 0.008 0.060 0.619 
 104 R _   0.005 0.309 0.000 0.009 0.003 0.008 0.058 0.607 
 105 V _   0.005 0.325 0.001 0.012 0.004 0.009 0.055 0.589 
 106 E _   0.005 0.348 0.001 0.014 0.005 0.010 0.053 0.564 
 107 P _   0.005 0.375 0.001 0.017 0.006 0.010 0.050 0.537 
 108 R _   0.005 0.401 0.001 0.020 0.006 0.010 0.047 0.510 
 109 L _   0.005 0.423 0.001 0.021 0.006 0.010 0.045 0.490 
 110 A _   0.004 0.439 0.001 0.021 0.006 0.009 0.043 0.477 
 111 T _   0.004 0.449 0.001 0.021 0.005 0.009 0.042 0.469 
 112 A _   0.004 0.455 0.001 0.019 0.005 0.008 0.041 0.467 
 113 A _   0.004 0.457 0.001 0.017 0.004 0.008 0.041 0.469 
 114 S _   0.004 0.456 0.000 0.015 0.004 0.007 0.041 0.473 
 115 R _   0.004 0.454 0.000 0.013 0.003 0.007 0.040 0.478 
 116 E _   0.004 0.452 0.000 0.011 0.003 0.007 0.040 0.482 
 117 G _   0.004 0.452 0.000 0.010 0.003 0.007 0.040 0.484 
 118 A _   0.004 0.452 0.000 0.010 0.003 0.007 0.040 0.483 
 119 G _   0.004 0.455 0.000 0.011 0.003 0.007 0.040 0.479 
 120 L _   0.004 0.459 0.000 0.012 0.004 0.008 0.040 0.472 
 121 P _   0.004 0.464 0.000 0.014 0.004 0.008 0.040 0.465 
 122 R E   0.005 0.468 0.001 0.016 0.005 0.008 0.040 0.458 
 123 A E   0.005 0.471 0.001 0.018 0.005 0.009 0.040 0.453 
 124 E E   0.005 0.471 0.001 0.019 0.005 0.009 0.040 0.451 
 125 V E   0.005 0.467 0.001 0.019 0.005 0.009 0.041 0.454 
 126 A _   0.005 0.460 0.001 0.018 0.005 0.008 0.042 0.461 
 127 A _   0.005 0.448 0.001 0.016 0.005 0.008 0.044 0.473 
 128 G _   0.005 0.433 0.001 0.014 0.004 0.008 0.045 0.489 
 129 S _   0.005 0.417 0.001 0.011 0.004 0.009 0.047 0.507 
 130 G _   0.005 0.402 0.000 0.009 0.003 0.009 0.049 0.523 
 131 R _   0.005 0.390 0.000 0.007 0.003 0.010 0.050 0.533 
 132 G _   0.006 0.385 0.000 0.006 0.003 0.011 0.052 0.537 
 133 A _   0.007 0.384 0.000 0.007 0.003 0.013 0.052 0.533 
 134 R _   0.008 0.390 0.000 0.008 0.005 0.015 0.053 0.521 
 135 S _   0.010 0.406 0.001 0.010 0.007 0.018 0.053 0.495 
 136 G _   0.012 0.438 0.001 0.014 0.010 0.021 0.053 0.451 
 137 E E   0.013 0.489 0.001 0.020 0.014 0.023 0.053 0.387 
 138 W E   0.013 0.553 0.002 0.025 0.017 0.023 0.053 0.315 
 139 G E   0.013 0.613 0.002 0.029 0.018 0.023 0.052 0.251 
 140 L E   0.012 0.659 0.001 0.032 0.017 0.022 0.053 0.203 
 141 A E   0.011 0.689 0.001 0.035 0.017 0.020 0.054 0.173 
 142 A E   0.010 0.705 0.001 0.037 0.016 0.019 0.056 0.155 
 143 A E   0.010 0.711 0.001 0.038 0.016 0.019 0.059 0.146 
 144 G E   0.010 0.710 0.001 0.039 0.016 0.018 0.063 0.143 
 145 A E   0.011 0.702 0.001 0.039 0.016 0.017 0.068 0.146 
 146 W E   0.011 0.682 0.001 0.040 0.016 0.017 0.076 0.156 
 147 E E   0.012 0.647 0.002 0.041 0.017 0.017 0.088 0.177 
 148 T E   0.013 0.590 0.002 0.042 0.018 0.017 0.106 0.211 
 149 M E   0.015 0.509 0.003 0.042 0.018 0.018 0.133 0.263 
 150 H E   0.016 0.406 0.003 0.040 0.018 0.018 0.169 0.331 
 151 H _   0.017 0.295 0.003 0.035 0.015 0.018 0.211 0.406 
 152 C _   0.017 0.195 0.002 0.028 0.012 0.017 0.253 0.476 
 153 K _   0.015 0.120 0.001 0.020 0.008 0.014 0.291 0.529 
 154 R _   0.013 0.070 0.001 0.014 0.006 0.012 0.320 0.565 
 155 Y _   0.010 0.042 0.001 0.009 0.004 0.009 0.342 0.584 
 156 R _   0.007 0.027 0.000 0.006 0.002 0.008 0.358 0.592 
 157 S _   0.006 0.020 0.000 0.004 0.002 0.006 0.369 0.593 
 158 P _   0.005 0.017 0.000 0.004 0.001 0.006 0.377 0.591 
 159 E _   0.004 0.016 0.000 0.004 0.001 0.006 0.383 0.587 
 160 P _   0.004 0.016 0.000 0.004 0.002 0.006 0.387 0.580 
 161 D _   0.004 0.018 0.000 0.006 0.002 0.007 0.391 0.572 
 162 P _   0.005 0.021 0.000 0.009 0.003 0.008 0.394 0.560 
 163 Y _   0.005 0.026 0.000 0.013 0.004 0.010 0.397 0.546 
 164 L _   0.005 0.032 0.001 0.018 0.005 0.011 0.400 0.529 
 165 S _   0.005 0.038 0.001 0.023 0.006 0.012 0.404 0.512 
 166 Y _   0.005 0.043 0.001 0.028 0.007 0.012 0.408 0.497 
 167 R _   0.005 0.046 0.001 0.030 0.007 0.012 0.413 0.485 
 168 W _   0.005 0.047 0.001 0.031 0.007 0.012 0.420 0.478 
 169 K _   0.005 0.046 0.001 0.029 0.006 0.011 0.428 0.474 
 170 R _   0.005 0.044 0.001 0.025 0.006 0.010 0.437 0.473 
 171 R _   0.005 0.040 0.001 0.021 0.005 0.009 0.446 0.473 
 172 R _   0.005 0.036 0.001 0.017 0.004 0.008 0.457 0.472 
 173 S _   0.004 0.032 0.000 0.014 0.003 0.008 0.467 0.472 
 174 Y X   0.004 0.027 0.000 0.011 0.003 0.007 0.478 0.469 
 175 S X   0.004 0.024 0.000 0.010 0.003 0.007 0.487 0.464 
 176 R X   0.004 0.022 0.000 0.010 0.003 0.007 0.497 0.458 
 177 E X   0.004 0.020 0.000 0.010 0.003 0.007 0.506 0.450 
 178 H X   0.004 0.018 0.000 0.010 0.003 0.006 0.516 0.442 
 179 E X   0.004 0.017 0.000 0.010 0.003 0.006 0.524 0.435 
 180 G X   0.004 0.015 0.000 0.010 0.003 0.006 0.533 0.428 
 181 R X   0.004 0.014 0.000 0.010 0.002 0.006 0.542 0.422 
 182 L X   0.004 0.012 0.000 0.009 0.002 0.005 0.550 0.417 
 183 R X   0.004 0.010 0.000 0.008 0.002 0.005 0.558 0.413 
 184 Y X   0.003 0.008 0.000 0.007 0.002 0.005 0.566 0.409 
 185 P X   0.003 0.007 0.000 0.006 0.002 0.004 0.572 0.406 
 186 S X   0.003 0.006 0.000 0.005 0.001 0.004 0.579 0.402 
 187 R X   0.003 0.005 0.000 0.004 0.001 0.004 0.584 0.399 
 188 R X   0.003 0.004 0.000 0.004 0.001 0.003 0.589 0.396 
 189 E X   0.003 0.004 0.000 0.004 0.001 0.003 0.593 0.393 
 190 P X   0.003 0.004 0.000 0.004 0.001 0.003 0.595 0.390 
 191 P X   0.003 0.004 0.000 0.004 0.001 0.003 0.598 0.388 
 192 P X   0.002 0.004 0.000 0.004 0.001 0.003 0.599 0.386 
 193 R X   0.002 0.004 0.000 0.004 0.001 0.003 0.600 0.384 
 194 R X   0.002 0.005 0.000 0.004 0.001 0.003 0.601 0.383 
 195 S X   0.002 0.006 0.000 0.004 0.001 0.004 0.601 0.382 
 196 R X   0.002 0.006 0.000 0.004 0.001 0.004 0.600 0.382 
 197 S X   0.002 0.008 0.000 0.005 0.001 0.004 0.599 0.381 
 198 R X   0.002 0.009 0.000 0.005 0.001 0.004 0.598 0.380 
 199 S X   0.002 0.011 0.000 0.006 0.002 0.005 0.596 0.378 
 200 H X   0.002 0.014 0.000 0.008 0.002 0.006 0.594 0.375 
 201 D X   0.003 0.018 0.000 0.010 0.002 0.006 0.591 0.370 
 202 R X   0.003 0.023 0.000 0.013 0.003 0.007 0.588 0.363 
 203 L X   0.003 0.027 0.000 0.016 0.004 0.008 0.586 0.355 
 204 P X   0.003 0.032 0.000 0.020 0.004 0.008 0.584 0.348 
 205 Y X   0.004 0.035 0.001 0.023 0.005 0.009 0.583 0.341 
 206 Q X   0.004 0.036 0.001 0.025 0.005 0.009 0.583 0.337 
 207 R X   0.004 0.037 0.001 0.025 0.005 0.009 0.585 0.335 
 208 R X   0.004 0.036 0.001 0.024 0.005 0.008 0.588 0.335 
 209 Y X   0.004 0.033 0.000 0.021 0.004 0.007 0.592 0.338 
 210 R X   0.004 0.029 0.000 0.017 0.004 0.007 0.597 0.342 
 211 E X   0.003 0.024 0.000 0.013 0.003 0.006 0.602 0.348 
 212 R X   0.003 0.019 0.000 0.010 0.002 0.005 0.608 0.353 
 213 R X   0.003 0.014 0.000 0.007 0.002 0.004 0.613 0.358 
 214 D X   0.003 0.010 0.000 0.005 0.001 0.004 0.617 0.360 
 215 S X   0.003 0.007 0.000 0.004 0.001 0.003 0.620 0.362 
 216 D X   0.003 0.005 0.000 0.003 0.001 0.003 0.622 0.363 
 217 T X   0.002 0.004 0.000 0.003 0.001 0.003 0.623 0.363 
 218 Y X   0.002 0.004 0.000 0.003 0.001 0.003 0.624 0.362 
 219 R X   0.002 0.004 0.000 0.004 0.001 0.003 0.624 0.362 
 220 C X   0.002 0.004 0.000 0.004 0.001 0.003 0.623 0.362 
 221 E X   0.002 0.004 0.000 0.005 0.001 0.004 0.622 0.363 
 222 E X   0.002 0.004 0.000 0.005 0.001 0.004 0.620 0.363 
 223 R X   0.002 0.004 0.000 0.006 0.001 0.004 0.618 0.364 
 224 S X   0.002 0.005 0.000 0.006 0.002 0.004 0.615 0.366 
 225 P X   0.002 0.005 0.000 0.007 0.002 0.004 0.613 0.367 
 226 S X   0.002 0.005 0.000 0.007 0.002 0.004 0.610 0.369 
 227 F X   0.002 0.005 0.000 0.008 0.002 0.004 0.608 0.370 
 228 G X   0.002 0.006 0.000 0.008 0.002 0.004 0.605 0.373 
 229 E X   0.003 0.006 0.000 0.007 0.002 0.004 0.603 0.375 
 230 D X   0.003 0.006 0.000 0.007 0.002 0.004 0.601 0.378 
 231 Y X   0.002 0.006 0.000 0.006 0.002 0.004 0.599 0.381 
 232 Y X   0.002 0.006 0.000 0.006 0.001 0.004 0.596 0.384 
 233 G X   0.002 0.006 0.000 0.005 0.001 0.004 0.594 0.388 
 234 P X   0.002 0.006 0.000 0.005 0.001 0.004 0.591 0.391 
 235 S X   0.002 0.006 0.000 0.005 0.001 0.004 0.587 0.394 
 236 R X   0.002 0.006 0.000 0.005 0.001 0.004 0.583 0.397 
 237 S X   0.002 0.007 0.000 0.005 0.001 0.004 0.579 0.400 
 238 R X   0.003 0.008 0.000 0.006 0.002 0.005 0.574 0.403 
 239 H X   0.003 0.010 0.000 0.007 0.002 0.005 0.568 0.405 
 240 R X   0.003 0.012 0.000 0.008 0.002 0.005 0.563 0.407 
 241 R X   0.003 0.015 0.000 0.010 0.003 0.006 0.557 0.408 
 242 R X   0.003 0.017 0.000 0.012 0.003 0.006 0.550 0.408 
 243 S X   0.003 0.020 0.000 0.014 0.003 0.007 0.545 0.408 
 244 R X   0.003 0.023 0.000 0.015 0.004 0.007 0.540 0.408 
 245 E X   0.003 0.024 0.000 0.017 0.004 0.007 0.535 0.409 
 246 R X   0.003 0.026 0.000 0.017 0.004 0.007 0.532 0.411 
 247 G X   0.003 0.026 0.000 0.017 0.004 0.007 0.529 0.413 
 248 P X   0.003 0.026 0.000 0.016 0.004 0.007 0.527 0.417 
 249 Y X   0.003 0.025 0.000 0.014 0.003 0.006 0.526 0.422 
 250 R X   0.003 0.023 0.000 0.012 0.003 0.006 0.525 0.427 
 251 T X   0.003 0.021 0.000 0.010 0.003 0.006 0.524 0.432 
 252 R X   0.003 0.020 0.000 0.009 0.002 0.005 0.524 0.437 
 253 K X   0.003 0.018 0.000 0.007 0.002 0.005 0.524 0.441 
 254 H X   0.003 0.016 0.000 0.006 0.002 0.005 0.523 0.444 
 255 A X   0.003 0.015 0.000 0.006 0.002 0.005 0.522 0.447 
 256 H X   0.003 0.015 0.000 0.006 0.002 0.005 0.521 0.449 
 257 H X   0.003 0.014 0.000 0.006 0.002 0.005 0.519 0.450 
 258 C X   0.003 0.014 0.000 0.007 0.002 0.005 0.517 0.451 
 259 H X   0.003 0.015 0.000 0.008 0.002 0.005 0.515 0.451 
 260 K X   0.003 0.015 0.000 0.009 0.002 0.006 0.513 0.451 
 261 R X   0.003 0.015 0.000 0.010 0.003 0.006 0.511 0.452 
 262 R X   0.003 0.015 0.000 0.011 0.003 0.006 0.510 0.452 
 263 T X   0.003 0.015 0.000 0.011 0.003 0.006 0.508 0.453 
 264 R X   0.003 0.015 0.000 0.011 0.003 0.006 0.507 0.454 
 265 S X   0.004 0.014 0.000 0.011 0.003 0.006 0.507 0.456 
 266 C X   0.004 0.013 0.000 0.010 0.003 0.006 0.506 0.458 
 267 S X   0.004 0.012 0.000 0.009 0.002 0.005 0.506 0.461 
 268 S X   0.004 0.010 0.000 0.008 0.002 0.005 0.506 0.463 
 269 A X   0.004 0.009 0.000 0.008 0.002 0.005 0.506 0.466 
 270 S X   0.004 0.008 0.000 0.007 0.002 0.005 0.506 0.468 
 271 S X   0.004 0.007 0.000 0.006 0.002 0.005 0.506 0.470 
 272 R X   0.004 0.006 0.000 0.006 0.002 0.005 0.506 0.472 
 273 S X   0.004 0.005 0.000 0.006 0.002 0.005 0.505 0.473 
 274 Q X   0.004 0.005 0.000 0.006 0.002 0.005 0.504 0.475 
 275 Q X   0.004 0.004 0.000 0.007 0.002 0.005 0.502 0.476 
 276 S X   0.004 0.004 0.000 0.007 0.002 0.005 0.501 0.478 
 277 S X   0.004 0.003 0.000 0.007 0.002 0.005 0.499 0.480 
 278 K X   0.004 0.003 0.000 0.007 0.002 0.005 0.497 0.483 
 279 R X   0.004 0.003 0.000 0.006 0.002 0.004 0.494 0.487 
 280 S _   0.003 0.002 0.000 0.005 0.001 0.004 0.491 0.492 
 281 S _   0.003 0.002 0.000 0.005 0.001 0.004 0.487 0.498 
 282 R _   0.003 0.001 0.000 0.004 0.001 0.004 0.483 0.504 
 283 S _   0.003 0.001 0.000 0.003 0.001 0.004 0.477 0.511 
 284 V _   0.002 0.001 0.000 0.003 0.001 0.004 0.470 0.519 
 285 E _   0.003 0.001 0.000 0.003 0.001 0.005 0.461 0.526 
 286 D _   0.003 0.002 0.000 0.003 0.001 0.006 0.451 0.533 
 287 D _   0.004 0.003 0.000 0.004 0.002 0.008 0.440 0.539 
 288 K _   0.005 0.006 0.000 0.006 0.003 0.012 0.426 0.542 
 289 E _   0.008 0.012 0.001 0.010 0.005 0.017 0.409 0.539 
 290 G _   0.010 0.023 0.001 0.016 0.009 0.023 0.389 0.530 
 291 H _   0.013 0.039 0.001 0.024 0.013 0.029 0.366 0.514 
 292 L _   0.016 0.059 0.002 0.034 0.019 0.035 0.342 0.494 
 293 V _   0.019 0.077 0.002 0.042 0.023 0.039 0.321 0.477 
 294 C _   0.021 0.091 0.002 0.049 0.027 0.042 0.302 0.466 
 295 R _   0.023 0.100 0.002 0.053 0.029 0.043 0.287 0.463 
 296 I _   0.025 0.105 0.002 0.055 0.030 0.043 0.273 0.466 
 297 G _   0.027 0.106 0.002 0.054 0.030 0.043 0.263 0.476 
 298 D _   0.028 0.104 0.002 0.050 0.029 0.041 0.254 0.494 
 299 W _   0.028 0.098 0.002 0.044 0.026 0.038 0.246 0.517 
 300 L _   0.028 0.088 0.002 0.038 0.023 0.035 0.240 0.547 
 301 Q _   0.026 0.075 0.002 0.030 0.019 0.032 0.235 0.581 
 302 E _   0.025 0.060 0.001 0.024 0.015 0.028 0.231 0.616 
 303 R _   0.022 0.046 0.001 0.018 0.011 0.025 0.227 0.649 
 304 Y _   0.020 0.033 0.001 0.013 0.009 0.022 0.223 0.679 
 305 E _   0.018 0.024 0.001 0.009 0.006 0.020 0.219 0.703 
 306 I _   0.016 0.019 0.001 0.007 0.005 0.018 0.214 0.720 
 307 V _   0.015 0.016 0.001 0.006 0.005 0.018 0.210 0.730 
 308 G _   0.015 0.015 0.001 0.006 0.005 0.018 0.205 0.736 
 309 N _   0.016 0.015 0.001 0.006 0.005 0.019 0.200 0.738 
 310 L _   0.018 0.016 0.001 0.008 0.006 0.021 0.194 0.737 
 311 G _   0.019 0.018 0.001 0.010 0.008 0.023 0.188 0.732 
 312 E _   0.020 0.022 0.001 0.015 0.011 0.025 0.183 0.724 
 313 G _   0.021 0.026 0.001 0.019 0.013 0.027 0.177 0.716 
 314 T _   0.022 0.030 0.001 0.024 0.015 0.028 0.171 0.708 
 315 F _   0.023 0.033 0.001 0.028 0.017 0.028 0.167 0.703 
 316 G _   0.023 0.035 0.001 0.031 0.017 0.028 0.162 0.702 
 317 K _   0.022 0.036 0.001 0.033 0.016 0.027 0.159 0.706 
 318 V _   0.021 0.034 0.001 0.031 0.015 0.025 0.156 0.716 
 319 V _   0.019 0.031 0.001 0.028 0.013 0.023 0.154 0.730 
 320 E _   0.017 0.026 0.001 0.023 0.011 0.020 0.152 0.749 
 321 C _   0.016 0.020 0.001 0.017 0.008 0.018 0.150 0.769 
 322 L _   0.014 0.014 0.001 0.012 0.006 0.016 0.149 0.788 
 323 D _   0.013 0.009 0.001 0.008 0.005 0.015 0.147 0.803 
 324 H _   0.012 0.005 0.000 0.006 0.004 0.014 0.145 0.814 
 325 A _   0.012 0.003 0.000 0.004 0.003 0.014 0.143 0.820 
 326 R _   0.013 0.002 0.000 0.004 0.003 0.015 0.140 0.822 
 327 G _   0.015 0.002 0.000 0.004 0.004 0.016 0.138 0.820 
 328 K _   0.018 0.003 0.001 0.005 0.005 0.019 0.135 0.814 
 329 S _   0.022 0.004 0.001 0.008 0.008 0.022 0.132 0.804 
 330 Q _   0.026 0.006 0.001 0.011 0.010 0.025 0.128 0.791 
 331 V _   0.030 0.009 0.001 0.015 0.013 0.028 0.125 0.777 
 332 A _   0.034 0.012 0.001 0.019 0.016 0.031 0.122 0.765 
 333 L _   0.037 0.014 0.001 0.022 0.018 0.032 0.120 0.756 
 334 K _   0.039 0.016 0.001 0.023 0.018 0.033 0.118 0.752 
 335 I _   0.040 0.016 0.001 0.023 0.018 0.032 0.116 0.754 
 336 I _   0.040 0.016 0.001 0.020 0.017 0.032 0.115 0.759 
 337 R _   0.040 0.015 0.001 0.017 0.015 0.030 0.114 0.768 
 338 N _   0.039 0.013 0.001 0.014 0.013 0.029 0.113 0.777 
 339 V _   0.039 0.012 0.001 0.011 0.011 0.027 0.113 0.786 
 340 G _   0.038 0.011 0.001 0.009 0.010 0.026 0.112 0.793 
 341 K _   0.036 0.010 0.001 0.008 0.009 0.025 0.112 0.798 
 342 Y _   0.035 0.010 0.001 0.008 0.008 0.025 0.112 0.801 
 343 R _   0.034 0.011 0.001 0.009 0.008 0.024 0.111 0.801 
 344 E _   0.032 0.013 0.001 0.010 0.009 0.024 0.111 0.799 
 345 A _   0.031 0.016 0.001 0.013 0.010 0.024 0.111 0.794 
 346 A _   0.029 0.019 0.001 0.017 0.011 0.024 0.111 0.789 
 347 R _   0.028 0.023 0.001 0.021 0.011 0.023 0.111 0.783 
 348 L _   0.025 0.026 0.001 0.025 0.011 0.022 0.111 0.779 
 349 E _   0.024 0.028 0.001 0.028 0.011 0.021 0.111 0.777 
 350 I _   0.021 0.028 0.001 0.029 0.011 0.019 0.112 0.778 
 351 N _   0.019 0.028 0.001 0.029 0.009 0.017 0.114 0.784 
 352 V _   0.017 0.025 0.001 0.026 0.008 0.015 0.116 0.793 
 353 L _   0.015 0.021 0.001 0.021 0.006 0.013 0.118 0.806 
 354 K _   0.012 0.016 0.001 0.016 0.005 0.010 0.120 0.821 
 355 K _   0.010 0.010 0.000 0.011 0.003 0.008 0.121 0.836 
 356 I _   0.008 0.005 0.000 0.006 0.002 0.007 0.122 0.848 
 357 K _   0.007 0.002 0.000 0.004 0.002 0.006 0.122 0.857 
 358 E _   0.006 0.001 0.000 0.002 0.001 0.005 0.122 0.862 
 359 K _   0.006 0.000 0.000 0.002 0.001 0.006 0.121 0.865 
 360 D _   0.007 0.000 0.000 0.001 0.001 0.007 0.119 0.863 
 361 K _   0.011 0.000 0.000 0.002 0.002 0.011 0.117 0.858 
 362 E _   0.017 0.001 0.000 0.003 0.003 0.017 0.114 0.844 
 363 N _   0.028 0.003 0.001 0.006 0.007 0.027 0.109 0.820 
 364 K _   0.043 0.007 0.001 0.013 0.013 0.038 0.104 0.781 
 365 F _   0.059 0.015 0.002 0.025 0.022 0.049 0.097 0.730 
 366 L _   0.076 0.024 0.002 0.038 0.031 0.058 0.091 0.679 
 367 C _   0.093 0.030 0.002 0.049 0.037 0.064 0.085 0.639 
 368 V _   0.110 0.033 0.002 0.053 0.041 0.067 0.080 0.613 
 369 L _   0.128 0.032 0.002 0.051 0.042 0.067 0.076 0.600 
 370 M _   0.149 0.029 0.002 0.043 0.040 0.066 0.072 0.598 
 371 S _   0.174 0.021 0.002 0.030 0.037 0.063 0.069 0.603 
 372 D _   0.203 0.012 0.002 0.018 0.031 0.059 0.067 0.607 
 373 W _   0.235 0.005 0.002 0.009 0.025 0.055 0.064 0.605 
 374 F _   0.267 0.001 0.001 0.004 0.020 0.052 0.062 0.593 
 375 N _   0.301 0.000 0.001 0.002 0.017 0.049 0.060 0.569 
 376 F _   0.340 0.000 0.001 0.002 0.017 0.047 0.059 0.535 
 377 H _   0.382 0.000 0.001 0.002 0.019 0.047 0.058 0.492 
 378 G _   0.425 0.000 0.001 0.002 0.022 0.047 0.057 0.445 
 379 H H   0.462 0.000 0.002 0.003 0.028 0.047 0.057 0.401 
 380 M H   0.489 0.001 0.002 0.005 0.033 0.047 0.058 0.365 
 381 C H   0.504 0.002 0.002 0.007 0.038 0.047 0.060 0.341 
 382 I H   0.505 0.003 0.002 0.010 0.041 0.045 0.062 0.332 
 383 A H   0.494 0.004 0.002 0.012 0.042 0.043 0.066 0.337 
 384 F H   0.469 0.004 0.002 0.013 0.041 0.041 0.070 0.358 
 385 E H   0.432 0.004 0.002 0.014 0.038 0.038 0.076 0.396 
 386 L _   0.382 0.004 0.002 0.013 0.033 0.035 0.083 0.448 
 387 L _   0.324 0.003 0.002 0.012 0.026 0.032 0.091 0.510 
 388 G _   0.264 0.002 0.002 0.011 0.020 0.028 0.099 0.576 
 389 K _   0.206 0.002 0.001 0.010 0.014 0.024 0.107 0.636 
 390 N _   0.154 0.001 0.001 0.009 0.010 0.021 0.116 0.688 
 391 T _   0.112 0.001 0.001 0.009 0.008 0.018 0.123 0.729 
 392 F _   0.079 0.001 0.001 0.008 0.006 0.015 0.130 0.760 
 393 E _   0.055 0.001 0.001 0.008 0.005 0.013 0.135 0.783 
 394 F _   0.038 0.001 0.000 0.007 0.004 0.011 0.140 0.799 
 395 L _   0.026 0.001 0.000 0.006 0.003 0.009 0.144 0.810 
 396 K _   0.018 0.001 0.000 0.006 0.002 0.008 0.147 0.818 
 397 E _   0.013 0.000 0.000 0.005 0.002 0.007 0.149 0.824 
 398 N _   0.010 0.000 0.000 0.004 0.002 0.006 0.151 0.827 
 399 N _   0.008 0.000 0.000 0.003 0.002 0.006 0.152 0.829 
 400 F _   0.007 0.000 0.000 0.003 0.001 0.007 0.152 0.830 
 401 Q _   0.007 0.000 0.000 0.003 0.001 0.008 0.152 0.829 
 402 P _   0.008 0.001 0.000 0.003 0.002 0.009 0.151 0.826 
 403 Y _   0.010 0.001 0.000 0.003 0.002 0.013 0.150 0.821 
 404 P _   0.014 0.002 0.000 0.004 0.003 0.018 0.148 0.811 
 405 L _   0.020 0.005 0.001 0.006 0.006 0.024 0.145 0.794 
 406 P _   0.030 0.011 0.001 0.008 0.010 0.033 0.141 0.766 
 407 H _   0.042 0.022 0.001 0.011 0.016 0.044 0.137 0.727 
 408 V _   0.057 0.041 0.002 0.015 0.025 0.055 0.132 0.674 
 409 R _   0.071 0.068 0.002 0.020 0.036 0.064 0.127 0.611 
 410 H _   0.085 0.101 0.003 0.024 0.048 0.072 0.122 0.546 
 411 M _   0.097 0.135 0.003 0.029 0.058 0.077 0.117 0.484 
 412 A _   0.106 0.166 0.003 0.033 0.065 0.079 0.114 0.435 
 413 Y _   0.113 0.190 0.003 0.036 0.069 0.079 0.112 0.399 
 414 Q _   0.118 0.207 0.003 0.038 0.070 0.076 0.111 0.377 
 415 L _   0.119 0.218 0.003 0.041 0.068 0.073 0.111 0.367 
 416 C _   0.120 0.223 0.003 0.042 0.065 0.068 0.112 0.367 
 417 H _   0.118 0.223 0.003 0.042 0.060 0.063 0.114 0.377 
 418 A _   0.112 0.218 0.003 0.042 0.052 0.057 0.118 0.398 
 419 L _   0.104 0.206 0.003 0.040 0.044 0.051 0.122 0.431 
 420 R _   0.093 0.186 0.002 0.037 0.035 0.044 0.127 0.476 
 421 F _   0.080 0.159 0.002 0.032 0.027 0.037 0.134 0.529 
 422 L _   0.067 0.126 0.002 0.027 0.020 0.031 0.141 0.587 
 423 H _   0.054 0.091 0.001 0.021 0.014 0.025 0.147 0.646 
 424 E _   0.042 0.059 0.001 0.016 0.009 0.020 0.154 0.699 
 425 N _   0.032 0.036 0.001 0.011 0.006 0.016 0.159 0.741 
 426 Q _   0.023 0.020 0.001 0.007 0.004 0.012 0.162 0.770 
 427 L _   0.017 0.012 0.000 0.005 0.003 0.010 0.165 0.790 
 428 T _   0.012 0.007 0.000 0.003 0.002 0.008 0.166 0.802 
 429 H _   0.009 0.005 0.000 0.003 0.001 0.007 0.166 0.808 
 430 T _   0.007 0.005 0.000 0.002 0.001 0.007 0.166 0.811 
 431 D _   0.007 0.005 0.000 0.003 0.002 0.008 0.165 0.811 
 432 L _   0.007 0.007 0.000 0.004 0.002 0.009 0.163 0.807 
 433 K _   0.009 0.013 0.000 0.006 0.003 0.012 0.160 0.797 
 434 P _   0.011 0.025 0.001 0.010 0.005 0.015 0.156 0.777 
 435 E _   0.012 0.049 0.001 0.017 0.008 0.019 0.150 0.744 
 436 N _   0.014 0.084 0.001 0.026 0.012 0.022 0.144 0.698 
 437 I _   0.014 0.127 0.002 0.036 0.015 0.024 0.137 0.645 
 438 L _   0.014 0.165 0.002 0.046 0.017 0.025 0.132 0.599 
 439 F _   0.014 0.193 0.002 0.055 0.018 0.025 0.127 0.566 
 440 V _   0.014 0.210 0.001 0.061 0.019 0.025 0.124 0.545 
 441 N _   0.014 0.218 0.001 0.064 0.018 0.024 0.122 0.538 
 442 S _   0.014 0.220 0.001 0.063 0.017 0.023 0.122 0.540 
 443 E _   0.013 0.215 0.001 0.059 0.016 0.021 0.122 0.552 
 444 F _   0.013 0.203 0.001 0.052 0.013 0.019 0.123 0.575 
 445 E _   0.013 0.182 0.001 0.042 0.011 0.017 0.125 0.609 
 446 T _   0.012 0.153 0.001 0.033 0.009 0.015 0.128 0.650 
 447 L _   0.011 0.120 0.001 0.024 0.007 0.013 0.130 0.695 
 448 Y _   0.010 0.090 0.001 0.016 0.005 0.011 0.132 0.736 
 449 N _   0.009 0.067 0.000 0.011 0.003 0.009 0.134 0.767 
 450 E _   0.007 0.053 0.000 0.008 0.002 0.008 0.134 0.788 
 451 H _   0.006 0.044 0.000 0.006 0.002 0.007 0.134 0.800 
 452 K _   0.005 0.040 0.000 0.005 0.002 0.006 0.133 0.808 
 453 S _   0.005 0.038 0.000 0.005 0.002 0.006 0.131 0.813 
 454 C _   0.005 0.039 0.000 0.005 0.002 0.007 0.129 0.814 
 455 E _   0.005 0.041 0.000 0.006 0.002 0.007 0.126 0.814 
 456 E _   0.005 0.045 0.000 0.008 0.002 0.008 0.121 0.810 
 457 K _   0.005 0.053 0.000 0.010 0.003 0.009 0.116 0.803 
 458 S _   0.005 0.065 0.001 0.013 0.004 0.011 0.110 0.791 
 459 V _   0.006 0.082 0.001 0.017 0.005 0.013 0.103 0.773 
 460 K _   0.006 0.104 0.001 0.022 0.007 0.015 0.096 0.749 
 461 N _   0.007 0.129 0.001 0.028 0.009 0.017 0.088 0.721 
 462 T _   0.008 0.156 0.001 0.034 0.010 0.018 0.081 0.692 
 463 S _   0.008 0.179 0.001 0.041 0.012 0.019 0.074 0.665 
 464 I _   0.008 0.197 0.001 0.047 0.013 0.020 0.069 0.644 
 465 R _   0.009 0.209 0.001 0.051 0.014 0.020 0.065 0.631 
 466 V _   0.009 0.215 0.001 0.053 0.014 0.020 0.062 0.626 
 467 A _   0.009 0.216 0.001 0.053 0.014 0.020 0.059 0.629 
 468 D _   0.010 0.211 0.001 0.049 0.013 0.019 0.057 0.640 
 469 F _   0.010 0.200 0.001 0.043 0.012 0.018 0.056 0.661 
 470 G _   0.010 0.182 0.001 0.035 0.010 0.017 0.055 0.690 
 471 S _   0.010 0.158 0.001 0.027 0.008 0.015 0.055 0.726 
 472 A _   0.010 0.131 0.001 0.019 0.007 0.014 0.054 0.764 
 473 T _   0.009 0.108 0.001 0.013 0.005 0.014 0.054 0.796 
 474 F _   0.009 0.092 0.001 0.009 0.004 0.013 0.053 0.819 
 475 D _   0.009 0.083 0.000 0.007 0.004 0.014 0.052 0.831 
 476 H _   0.009 0.080 0.000 0.007 0.004 0.014 0.050 0.835 
 477 E _   0.010 0.080 0.000 0.009 0.005 0.016 0.049 0.833 
 478 H _   0.011 0.083 0.001 0.012 0.006 0.017 0.047 0.824 
 479 H _   0.012 0.088 0.001 0.018 0.008 0.019 0.045 0.809 
 480 T _   0.013 0.095 0.001 0.026 0.011 0.021 0.042 0.792 
 481 T _   0.013 0.102 0.001 0.033 0.013 0.022 0.040 0.776 
 482 I _   0.014 0.105 0.001 0.039 0.014 0.022 0.038 0.766 
 483 V _   0.014 0.106 0.001 0.042 0.014 0.022 0.037 0.764 
 484 A _   0.014 0.102 0.001 0.041 0.014 0.021 0.036 0.772 
 485 T _   0.013 0.094 0.001 0.036 0.013 0.019 0.035 0.789 
 486 R _   0.013 0.080 0.001 0.030 0.011 0.018 0.034 0.814 
 487 H _   0.012 0.061 0.001 0.023 0.009 0.017 0.034 0.844 
 488 Y _   0.011 0.042 0.001 0.016 0.007 0.015 0.034 0.873 
 489 R _   0.011 0.027 0.001 0.011 0.006 0.015 0.033 0.897 
 490 P _   0.011 0.017 0.001 0.008 0.005 0.014 0.032 0.912 
 491 P _   0.011 0.012 0.000 0.007 0.004 0.015 0.032 0.919 
 492 E _   0.013 0.009 0.000 0.007 0.004 0.016 0.031 0.919 
 493 V _   0.016 0.008 0.001 0.008 0.005 0.017 0.030 0.915 
 494 I _   0.021 0.007 0.001 0.010 0.006 0.019 0.028 0.907 
 495 L _   0.027 0.006 0.001 0.012 0.008 0.021 0.027 0.897 
 496 E _   0.036 0.006 0.001 0.014 0.009 0.023 0.026 0.885 
 497 L _   0.049 0.005 0.001 0.014 0.011 0.025 0.024 0.872 
 498 G _   0.066 0.003 0.001 0.012 0.011 0.026 0.022 0.858 
 499 W _   0.090 0.002 0.001 0.010 0.011 0.026 0.021 0.839 
 500 A _   0.122 0.001 0.001 0.007 0.011 0.027 0.019 0.812 
 501 Q _   0.165 0.000 0.001 0.004 0.011 0.027 0.017 0.774 
 502 P _   0.220 0.000 0.001 0.003 0.012 0.028 0.015 0.721 
 503 C _   0.290 0.000 0.001 0.002 0.014 0.029 0.013 0.651 
 504 D _   0.372 0.000 0.001 0.002 0.016 0.030 0.011 0.567 
 505 V _   0.458 0.000 0.001 0.002 0.020 0.031 0.010 0.477 
 506 W H   0.539 0.000 0.002 0.002 0.025 0.031 0.009 0.393 
 507 S H   0.607 0.000 0.002 0.002 0.029 0.032 0.008 0.320 
 508 I H   0.662 0.000 0.002 0.002 0.033 0.031 0.008 0.262 
 509 G H   0.698 0.000 0.002 0.003 0.036 0.030 0.008 0.223 
 510 C H   0.720 0.000 0.002 0.003 0.038 0.029 0.009 0.200 
 511 I H   0.727 0.000 0.002 0.003 0.039 0.028 0.009 0.192 
 512 L H   0.720 0.000 0.002 0.004 0.039 0.027 0.010 0.198 
 513 F H   0.699 0.000 0.002 0.004 0.038 0.026 0.012 0.218 
 514 E H   0.660 0.000 0.002 0.004 0.037 0.026 0.014 0.256 
 515 Y H   0.602 0.001 0.002 0.005 0.035 0.026 0.017 0.312 
 516 Y H   0.529 0.001 0.002 0.006 0.031 0.025 0.022 0.384 
 517 R _   0.445 0.001 0.002 0.008 0.026 0.024 0.027 0.467 
 518 G _   0.358 0.001 0.002 0.009 0.021 0.023 0.033 0.554 
 519 F _   0.276 0.001 0.002 0.009 0.016 0.021 0.039 0.636 
 520 T _   0.203 0.001 0.001 0.009 0.012 0.019 0.045 0.710 
 521 L _   0.140 0.001 0.001 0.008 0.009 0.016 0.050 0.775 
 522 F _   0.093 0.000 0.001 0.006 0.006 0.014 0.055 0.824 
 523 Q _   0.061 0.000 0.001 0.005 0.004 0.012 0.058 0.860 
 524 T _   0.039 0.000 0.000 0.004 0.003 0.011 0.060 0.882 
 525 H _   0.027 0.000 0.000 0.003 0.002 0.011 0.062 0.894 
 526 E _   0.021 0.001 0.000 0.003 0.002 0.011 0.063 0.899 
 527 N _   0.018 0.001 0.000 0.003 0.003 0.013 0.065 0.897 
 528 R _   0.019 0.003 0.000 0.005 0.004 0.016 0.065 0.888 
 529 E _   0.021 0.007 0.001 0.008 0.006 0.020 0.066 0.871 
 530 H _   0.024 0.016 0.001 0.013 0.010 0.025 0.066 0.845 
 531 L _   0.027 0.029 0.001 0.020 0.014 0.029 0.067 0.812 
 532 V _   0.030 0.044 0.002 0.028 0.018 0.033 0.067 0.778 
 533 M _   0.032 0.057 0.002 0.035 0.021 0.035 0.068 0.750 
 534 M _   0.034 0.065 0.002 0.039 0.023 0.037 0.069 0.731 
 535 E _   0.035 0.070 0.002 0.039 0.024 0.037 0.071 0.722 
 536 K _   0.036 0.072 0.002 0.037 0.024 0.037 0.073 0.720 
 537 I _   0.036 0.071 0.002 0.033 0.022 0.036 0.076 0.725 
 538 L _   0.036 0.068 0.001 0.028 0.020 0.034 0.079 0.733 
 539 G _   0.035 0.064 0.001 0.023 0.018 0.032 0.082 0.744 
 540 P _   0.034 0.060 0.001 0.020 0.015 0.031 0.086 0.753 
 541 I _   0.033 0.056 0.001 0.018 0.014 0.029 0.090 0.759 
 542 P _   0.031 0.053 0.001 0.017 0.012 0.027 0.094 0.764 
 543 S _   0.029 0.050 0.001 0.017 0.011 0.025 0.098 0.768 
 544 H _   0.027 0.047 0.001 0.017 0.010 0.023 0.102 0.772 
 545 M _   0.025 0.044 0.001 0.016 0.009 0.021 0.107 0.776 
 546 I _   0.022 0.041 0.001 0.015 0.008 0.019 0.111 0.782 
 547 H _   0.019 0.037 0.001 0.014 0.007 0.017 0.116 0.789 
 548 R _   0.017 0.034 0.001 0.012 0.006 0.015 0.120 0.797 
 549 T _   0.014 0.031 0.001 0.010 0.005 0.014 0.123 0.803 
 550 R _   0.012 0.028 0.000 0.008 0.004 0.012 0.126 0.808 
 551 K _   0.011 0.027 0.000 0.008 0.004 0.012 0.129 0.809 
 552 Q _   0.010 0.027 0.000 0.008 0.004 0.011 0.132 0.808 
 553 K _   0.009 0.028 0.000 0.009 0.004 0.011 0.135 0.804 
 554 Y _   0.009 0.030 0.001 0.011 0.005 0.012 0.137 0.796 
 555 F _   0.009 0.033 0.001 0.015 0.005 0.012 0.140 0.786 
 556 Y _   0.009 0.036 0.001 0.019 0.006 0.013 0.143 0.773 
 557 K _   0.009 0.039 0.001 0.024 0.007 0.013 0.146 0.762 
 558 G _   0.009 0.041 0.001 0.027 0.007 0.013 0.150 0.753 
 559 G _   0.009 0.042 0.001 0.028 0.007 0.012 0.154 0.747 
 560 L _   0.008 0.041 0.001 0.028 0.007 0.011 0.159 0.746 
 561 V _   0.008 0.037 0.001 0.025 0.006 0.010 0.165 0.748 
 562 W _   0.007 0.032 0.001 0.021 0.005 0.009 0.171 0.754 
 563 D _   0.007 0.026 0.001 0.016 0.004 0.008 0.177 0.761 
 564 E _   0.006 0.020 0.000 0.012 0.003 0.007 0.183 0.767 
 565 N _   0.006 0.015 0.000 0.009 0.003 0.006 0.189 0.772 
 566 S _   0.005 0.011 0.000 0.007 0.002 0.006 0.194 0.775 
 567 S _   0.005 0.008 0.000 0.006 0.002 0.005 0.198 0.776 
 568 D _   0.005 0.007 0.000 0.005 0.002 0.005 0.201 0.775 
 569 G _   0.004 0.006 0.000 0.005 0.002 0.005 0.204 0.774 
 570 R _   0.004 0.006 0.000 0.005 0.002 0.005 0.206 0.772 
 571 Y _   0.004 0.006 0.000 0.006 0.002 0.005 0.207 0.770 
 572 V _   0.004 0.006 0.000 0.006 0.002 0.006 0.208 0.768 
 573 K _   0.004 0.006 0.000 0.007 0.002 0.006 0.209 0.766 
 574 E _   0.004 0.007 0.000 0.008 0.002 0.006 0.209 0.764 
 575 N _   0.004 0.008 0.000 0.008 0.002 0.007 0.209 0.762 
 576 C _   0.004 0.009 0.000 0.009 0.003 0.008 0.208 0.759 
 577 K _   0.004 0.010 0.000 0.010 0.003 0.009 0.208 0.756 
 578 P _   0.005 0.012 0.000 0.010 0.003 0.010 0.208 0.752 
 579 L _   0.005 0.013 0.000 0.011 0.004 0.011 0.208 0.747 
 580 K _   0.006 0.015 0.000 0.012 0.004 0.012 0.208 0.742 
 581 S _   0.006 0.016 0.001 0.012 0.004 0.013 0.208 0.738 
 582 Y _   0.007 0.017 0.001 0.012 0.005 0.015 0.209 0.734 
 583 M _   0.009 0.018 0.001 0.012 0.005 0.016 0.209 0.730 
 584 L _   0.010 0.019 0.001 0.011 0.006 0.018 0.210 0.725 
 585 Q _   0.012 0.020 0.001 0.011 0.007 0.021 0.211 0.718 
 586 D _   0.016 0.021 0.001 0.010 0.008 0.024 0.211 0.709 
 587 S _   0.020 0.023 0.001 0.011 0.009 0.027 0.212 0.697 
 588 L _   0.025 0.026 0.001 0.012 0.012 0.031 0.213 0.680 
 589 E _   0.031 0.030 0.001 0.014 0.016 0.035 0.215 0.659 
 590 H _   0.037 0.035 0.001 0.018 0.019 0.038 0.216 0.636 
 591 V _   0.042 0.040 0.001 0.023 0.023 0.040 0.219 0.612 
 592 Q _   0.047 0.044 0.002 0.028 0.026 0.041 0.222 0.590 
 593 L _   0.049 0.047 0.002 0.032 0.027 0.041 0.227 0.575 
 594 F _   0.050 0.048 0.002 0.035 0.027 0.040 0.232 0.566 
 595 D _   0.050 0.047 0.002 0.035 0.026 0.038 0.238 0.565 
 596 L _   0.048 0.043 0.002 0.032 0.023 0.035 0.246 0.572 
 597 M _   0.045 0.037 0.002 0.027 0.019 0.031 0.254 0.586 
 598 R _   0.041 0.028 0.001 0.021 0.014 0.027 0.263 0.605 
 599 R _   0.037 0.018 0.001 0.014 0.010 0.023 0.272 0.625 
 600 M _   0.033 0.010 0.001 0.009 0.007 0.019 0.280 0.642 
 601 L _   0.029 0.004 0.001 0.005 0.005 0.017 0.286 0.653 
 602 E _   0.027 0.001 0.000 0.003 0.003 0.015 0.291 0.658 
 603 F _   0.027 0.000 0.000 0.002 0.003 0.015 0.295 0.658 
 604 D _   0.030 0.000 0.000 0.002 0.003 0.016 0.299 0.651 
 605 P _   0.037 0.000 0.000 0.002 0.003 0.019 0.302 0.637 
 606 A _   0.049 0.000 0.000 0.002 0.004 0.023 0.305 0.617 
 607 Q _   0.065 0.000 0.001 0.003 0.007 0.029 0.307 0.588 
 608 R _   0.084 0.001 0.001 0.004 0.012 0.036 0.310 0.553 
 609 I _   0.103 0.002 0.001 0.006 0.018 0.044 0.314 0.513 
 610 T _   0.122 0.004 0.001 0.008 0.025 0.050 0.318 0.472 
 611 L _   0.137 0.007 0.002 0.011 0.033 0.056 0.322 0.432 
 612 A _   0.150 0.011 0.002 0.014 0.040 0.060 0.329 0.395 
 613 E _   0.159 0.015 0.002 0.016 0.046 0.062 0.336 0.364 
 614 A X   0.164 0.019 0.002 0.018 0.049 0.063 0.346 0.339 
 615 L X   0.165 0.022 0.002 0.019 0.051 0.062 0.357 0.321 
 616 L X   0.162 0.025 0.002 0.021 0.051 0.061 0.371 0.307 
 617 H X   0.155 0.028 0.002 0.023 0.049 0.058 0.387 0.298 
 618 P X   0.144 0.029 0.002 0.025 0.045 0.054 0.407 0.293 
 619 F X   0.131 0.030 0.002 0.027 0.040 0.050 0.429 0.292 
 620 F X   0.115 0.030 0.002 0.027 0.034 0.045 0.454 0.293 
 621 A X   0.098 0.028 0.002 0.027 0.028 0.040 0.482 0.295 
 622 G X   0.081 0.026 0.002 0.026 0.023 0.036 0.510 0.297 
 623 L X   0.065 0.024 0.001 0.024 0.018 0.031 0.539 0.297 
 624 T X   0.052 0.021 0.001 0.022 0.014 0.026 0.568 0.296 
 625 P X   0.040 0.018 0.001 0.020 0.011 0.022 0.596 0.292 
 626 E X   0.031 0.015 0.001 0.017 0.008 0.018 0.625 0.285 
 627 E X   0.023 0.012 0.001 0.015 0.006 0.015 0.652 0.276 
 628 R X   0.017 0.009 0.001 0.013 0.005 0.012 0.677 0.266 
 629 S X   0.012 0.007 0.000 0.010 0.003 0.009 0.700 0.257 
 630 F X   0.008 0.005 0.000 0.008 0.003 0.007 0.719 0.249 
 631 H X   0.006 0.004 0.000 0.006 0.002 0.005 0.735 0.241 
 632 T X   0.004 0.003 0.000 0.005 0.001 0.004 0.750 0.234 
 633 S X   0.002 0.002 0.000 0.004 0.001 0.002 0.761 0.228 
 634 R X   0.001 0.001 0.000 0.002 0.000 0.001 0.771 0.223 
 635 N X   0.000 0.001 0.000 0.001 0.000 0.000 0.776 0.221 
 636 P X   0.000 0.000 0.000 0.001 0.000 0.000 0.778 0.221 
 637 S X   0.000 0.000 0.000 0.001 0.000 0.000 0.775 0.223 
 638 R X   0.002 0.001 0.001 0.007 0.002 0.002 0.761 0.224 
