#TopoPred_TM8: 8-state transmembrane topology prediction results by no_profile mode 
#probabilities are in the order of H E C I L F X _, the 8 transmembrane topology types used in PDBTM 
   1 M X   0.007 0.001 0.002 0.038 0.008 0.007 0.889 0.048 
   2 M X   0.003 0.000 0.000 0.020 0.002 0.003 0.918 0.053 
   3 E X   0.001 0.000 0.000 0.010 0.000 0.002 0.928 0.058 
   4 E X   0.001 0.000 0.000 0.006 0.000 0.002 0.930 0.062 
   5 L X   0.001 0.000 0.000 0.003 0.000 0.002 0.928 0.065 
   6 H X   0.001 0.000 0.000 0.002 0.000 0.002 0.925 0.069 
   7 S X   0.001 0.000 0.000 0.001 0.000 0.002 0.922 0.073 
   8 L X   0.001 0.000 0.000 0.001 0.000 0.002 0.917 0.078 
   9 D X   0.001 0.000 0.000 0.001 0.000 0.002 0.910 0.084 
  10 P X   0.002 0.001 0.000 0.002 0.001 0.003 0.902 0.090 
  11 R X   0.002 0.002 0.000 0.003 0.001 0.005 0.891 0.096 
  12 R X   0.003 0.005 0.000 0.005 0.002 0.007 0.877 0.101 
  13 Q X   0.003 0.013 0.001 0.008 0.004 0.010 0.858 0.104 
  14 E X   0.004 0.027 0.001 0.013 0.007 0.012 0.833 0.102 
  15 L X   0.005 0.048 0.001 0.019 0.010 0.015 0.806 0.097 
  16 L X   0.005 0.072 0.001 0.024 0.012 0.016 0.780 0.089 
  17 E X   0.005 0.095 0.001 0.029 0.013 0.016 0.758 0.082 
  18 A X   0.005 0.112 0.001 0.033 0.014 0.016 0.742 0.077 
  19 R X   0.006 0.123 0.001 0.036 0.013 0.015 0.731 0.075 
  20 F X   0.006 0.129 0.001 0.037 0.013 0.014 0.724 0.077 
  21 T X   0.006 0.131 0.001 0.037 0.012 0.013 0.719 0.081 
  22 G X   0.006 0.130 0.001 0.035 0.011 0.012 0.717 0.088 
  23 V X   0.006 0.126 0.001 0.032 0.010 0.011 0.716 0.098 
  24 G X   0.006 0.119 0.001 0.028 0.008 0.010 0.718 0.111 
  25 V X   0.006 0.105 0.001 0.023 0.007 0.009 0.721 0.129 
  26 S X   0.005 0.087 0.001 0.017 0.005 0.008 0.725 0.152 
  27 K X   0.005 0.066 0.001 0.012 0.004 0.006 0.730 0.176 
  28 G X   0.004 0.048 0.000 0.008 0.003 0.005 0.734 0.197 
  29 P X   0.004 0.035 0.000 0.005 0.002 0.004 0.737 0.214 
  30 L X   0.003 0.028 0.000 0.003 0.001 0.004 0.738 0.224 
  31 N X   0.002 0.024 0.000 0.002 0.001 0.003 0.738 0.230 
  32 S X   0.002 0.023 0.000 0.002 0.001 0.003 0.736 0.233 
  33 E X   0.002 0.023 0.000 0.002 0.001 0.004 0.734 0.234 
  34 S X   0.002 0.026 0.000 0.004 0.001 0.004 0.731 0.232 
  35 S X   0.003 0.031 0.000 0.007 0.002 0.006 0.726 0.225 
  36 N X   0.003 0.041 0.000 0.012 0.004 0.007 0.719 0.214 
  37 Q X   0.003 0.055 0.001 0.018 0.005 0.008 0.712 0.198 
  38 S X   0.003 0.067 0.001 0.025 0.006 0.009 0.707 0.183 
  39 L X   0.003 0.075 0.001 0.030 0.006 0.009 0.703 0.173 
  40 C X   0.003 0.079 0.001 0.033 0.006 0.009 0.702 0.167 
  41 S X   0.003 0.080 0.001 0.034 0.006 0.009 0.702 0.166 
  42 V X   0.003 0.078 0.001 0.032 0.006 0.008 0.705 0.168 
  43 G X   0.003 0.074 0.001 0.028 0.005 0.007 0.709 0.173 
  44 S X   0.003 0.067 0.001 0.023 0.005 0.007 0.715 0.180 
  45 L X   0.003 0.056 0.001 0.018 0.004 0.006 0.723 0.189 
  46 S X   0.003 0.043 0.000 0.013 0.003 0.006 0.733 0.199 
  47 D X   0.003 0.031 0.000 0.009 0.002 0.005 0.743 0.206 
  48 K X   0.003 0.022 0.000 0.007 0.002 0.004 0.751 0.211 
  49 E X   0.003 0.015 0.000 0.005 0.001 0.004 0.759 0.213 
  50 V X   0.003 0.011 0.000 0.004 0.001 0.003 0.764 0.213 
  51 E X   0.003 0.009 0.000 0.003 0.001 0.003 0.768 0.213 
  52 T X   0.003 0.007 0.000 0.003 0.001 0.003 0.771 0.212 
  53 P X   0.002 0.006 0.000 0.003 0.001 0.003 0.774 0.212 
  54 E X   0.002 0.005 0.000 0.003 0.001 0.003 0.775 0.212 
  55 K X   0.002 0.004 0.000 0.003 0.001 0.002 0.775 0.213 
  56 K X   0.002 0.003 0.000 0.003 0.001 0.002 0.775 0.214 
  57 Q X   0.002 0.003 0.000 0.002 0.001 0.002 0.774 0.216 
  58 N X   0.002 0.003 0.000 0.002 0.001 0.002 0.772 0.218 
  59 D X   0.002 0.003 0.000 0.002 0.001 0.002 0.769 0.221 
  60 Q X   0.002 0.003 0.000 0.002 0.001 0.002 0.766 0.225 
  61 R X   0.002 0.003 0.000 0.003 0.001 0.002 0.761 0.229 
  62 N X   0.002 0.003 0.000 0.003 0.001 0.003 0.755 0.234 
  63 R X   0.002 0.004 0.000 0.004 0.001 0.003 0.748 0.239 
  64 K X   0.002 0.005 0.000 0.005 0.001 0.003 0.740 0.244 
  65 R X   0.002 0.007 0.000 0.006 0.001 0.004 0.730 0.250 
  66 K X   0.002 0.009 0.000 0.007 0.002 0.004 0.720 0.256 
  67 A X   0.002 0.011 0.000 0.008 0.002 0.005 0.709 0.263 
  68 E X   0.002 0.014 0.000 0.009 0.002 0.005 0.697 0.270 
  69 P X   0.002 0.016 0.000 0.010 0.002 0.005 0.686 0.279 
  70 Y X   0.002 0.018 0.000 0.010 0.002 0.005 0.674 0.288 
  71 E X   0.002 0.020 0.000 0.010 0.002 0.005 0.663 0.297 
  72 T X   0.002 0.023 0.000 0.009 0.002 0.005 0.652 0.307 
  73 S X   0.002 0.025 0.000 0.009 0.002 0.005 0.640 0.316 
  74 Q X   0.002 0.028 0.000 0.009 0.002 0.005 0.629 0.325 
  75 G X   0.002 0.031 0.000 0.009 0.002 0.006 0.616 0.334 
  76 K X   0.002 0.035 0.000 0.010 0.002 0.006 0.603 0.341 
  77 G X   0.002 0.040 0.000 0.010 0.002 0.006 0.590 0.349 
  78 T X   0.003 0.046 0.000 0.011 0.003 0.007 0.576 0.355 
  79 P X   0.003 0.053 0.000 0.012 0.003 0.007 0.561 0.361 
  80 R X   0.003 0.062 0.001 0.013 0.003 0.008 0.544 0.365 
  81 G X   0.003 0.074 0.001 0.015 0.004 0.009 0.527 0.367 
  82 H X   0.003 0.088 0.001 0.018 0.005 0.010 0.508 0.366 
  83 K X   0.003 0.106 0.001 0.022 0.006 0.011 0.490 0.361 
  84 I X   0.004 0.127 0.001 0.026 0.007 0.012 0.470 0.353 
  85 S X   0.004 0.150 0.001 0.032 0.008 0.013 0.452 0.341 
  86 D X   0.004 0.170 0.001 0.038 0.009 0.013 0.436 0.329 
  87 Y X   0.004 0.187 0.001 0.043 0.010 0.013 0.423 0.319 
  88 F X   0.004 0.199 0.001 0.047 0.010 0.013 0.413 0.312 
  89 E X   0.004 0.205 0.001 0.050 0.010 0.013 0.406 0.311 
  90 F X   0.004 0.207 0.001 0.050 0.009 0.012 0.401 0.316 
  91 A X   0.004 0.205 0.001 0.047 0.009 0.011 0.398 0.325 
  92 G X   0.004 0.197 0.001 0.042 0.008 0.011 0.396 0.341 
  93 G X   0.005 0.183 0.001 0.035 0.007 0.010 0.396 0.364 
  94 S X   0.005 0.162 0.001 0.028 0.006 0.009 0.397 0.394 
  95 A _   0.005 0.135 0.001 0.020 0.005 0.008 0.399 0.428 
  96 P _   0.005 0.108 0.001 0.014 0.004 0.007 0.401 0.460 
  97 G _   0.004 0.087 0.000 0.010 0.003 0.006 0.402 0.487 
  98 T _   0.004 0.073 0.000 0.007 0.002 0.006 0.403 0.505 
  99 S _   0.004 0.066 0.000 0.005 0.002 0.006 0.403 0.515 
 100 P _   0.003 0.062 0.000 0.005 0.002 0.006 0.402 0.520 
 101 G _   0.004 0.061 0.000 0.006 0.002 0.006 0.400 0.522 
 102 R _   0.004 0.062 0.000 0.008 0.002 0.007 0.397 0.520 
 103 S _   0.004 0.065 0.000 0.011 0.003 0.008 0.394 0.514 
 104 V _   0.004 0.069 0.000 0.015 0.004 0.009 0.390 0.507 
 105 P _   0.005 0.074 0.001 0.020 0.005 0.010 0.387 0.499 
 106 P _   0.005 0.077 0.001 0.025 0.005 0.010 0.384 0.492 
 107 V _   0.005 0.079 0.001 0.028 0.006 0.011 0.382 0.488 
 108 A _   0.005 0.079 0.001 0.030 0.006 0.010 0.382 0.488 
 109 R _   0.005 0.076 0.001 0.029 0.006 0.010 0.382 0.492 
 110 S _   0.005 0.071 0.001 0.026 0.005 0.009 0.383 0.500 
 111 S _   0.005 0.062 0.001 0.022 0.005 0.008 0.386 0.512 
 112 P _   0.005 0.052 0.001 0.017 0.004 0.007 0.388 0.526 
 113 Q _   0.004 0.040 0.000 0.013 0.003 0.007 0.392 0.541 
 114 H _   0.004 0.029 0.000 0.009 0.002 0.006 0.394 0.555 
 115 S _   0.004 0.021 0.000 0.007 0.002 0.005 0.396 0.565 
 116 L _   0.004 0.015 0.000 0.005 0.001 0.005 0.397 0.573 
 117 S _   0.003 0.012 0.000 0.004 0.001 0.004 0.397 0.578 
 118 N _   0.003 0.010 0.000 0.004 0.001 0.004 0.396 0.581 
 119 P _   0.003 0.010 0.000 0.004 0.001 0.005 0.395 0.582 
 120 L _   0.004 0.010 0.000 0.005 0.002 0.005 0.392 0.582 
 121 P _   0.004 0.011 0.000 0.007 0.002 0.006 0.390 0.581 
 122 R _   0.004 0.012 0.000 0.010 0.003 0.007 0.386 0.578 
 123 R _   0.005 0.014 0.000 0.013 0.003 0.008 0.383 0.574 
 124 V _   0.005 0.016 0.000 0.016 0.004 0.009 0.379 0.571 
 125 E _   0.005 0.017 0.000 0.019 0.004 0.009 0.376 0.570 
 126 Q _   0.005 0.017 0.001 0.020 0.005 0.009 0.374 0.570 
 127 P _   0.005 0.017 0.001 0.020 0.004 0.009 0.372 0.573 
 128 L _   0.005 0.016 0.000 0.018 0.004 0.008 0.371 0.578 
 129 Y _   0.005 0.014 0.000 0.015 0.003 0.007 0.370 0.585 
 130 G _   0.004 0.012 0.000 0.012 0.003 0.007 0.369 0.592 
 131 L _   0.004 0.009 0.000 0.010 0.002 0.006 0.369 0.600 
 132 D _   0.004 0.007 0.000 0.008 0.002 0.006 0.368 0.606 
 133 G _   0.004 0.005 0.000 0.006 0.002 0.005 0.366 0.612 
 134 S _   0.004 0.004 0.000 0.005 0.002 0.005 0.365 0.616 
 135 A _   0.004 0.003 0.000 0.004 0.001 0.006 0.362 0.620 
 136 A _   0.004 0.002 0.000 0.004 0.002 0.006 0.359 0.623 
 137 K _   0.004 0.002 0.000 0.004 0.002 0.008 0.355 0.625 
 138 E _   0.005 0.002 0.000 0.004 0.002 0.009 0.351 0.627 
 139 A _   0.007 0.002 0.000 0.004 0.002 0.012 0.345 0.627 
 140 T _   0.010 0.002 0.000 0.005 0.003 0.015 0.339 0.625 
 141 E _   0.015 0.003 0.000 0.006 0.005 0.020 0.332 0.620 
 142 E _   0.022 0.005 0.001 0.007 0.007 0.027 0.323 0.609 
 143 Q _   0.033 0.007 0.001 0.008 0.011 0.034 0.314 0.591 
 144 S _   0.047 0.012 0.001 0.010 0.018 0.043 0.305 0.565 
 145 A _   0.063 0.020 0.002 0.014 0.027 0.051 0.294 0.529 
 146 L _   0.080 0.031 0.002 0.019 0.037 0.058 0.285 0.489 
 147 P _   0.095 0.044 0.002 0.025 0.045 0.062 0.277 0.449 
 148 T _   0.106 0.057 0.003 0.033 0.051 0.064 0.271 0.416 
 149 L _   0.113 0.067 0.003 0.040 0.052 0.062 0.266 0.396 
 150 M _   0.116 0.072 0.002 0.045 0.051 0.059 0.264 0.390 
 151 S _   0.115 0.074 0.002 0.046 0.047 0.055 0.264 0.397 
 152 V _   0.109 0.072 0.002 0.044 0.041 0.049 0.264 0.419 
 153 M _   0.099 0.065 0.002 0.038 0.033 0.042 0.266 0.454 
 154 L _   0.087 0.052 0.002 0.030 0.025 0.035 0.269 0.501 
 155 A _   0.072 0.036 0.001 0.020 0.017 0.028 0.271 0.554 
 156 K _   0.056 0.021 0.001 0.013 0.010 0.023 0.274 0.603 
 157 P _   0.041 0.010 0.001 0.007 0.006 0.018 0.276 0.643 
 158 R _   0.029 0.004 0.000 0.004 0.003 0.014 0.276 0.669 
 159 L _   0.020 0.002 0.000 0.003 0.002 0.012 0.275 0.685 
 160 D _   0.015 0.001 0.000 0.002 0.002 0.011 0.274 0.694 
 161 T _   0.013 0.001 0.000 0.002 0.002 0.011 0.272 0.698 
 162 E _   0.013 0.002 0.000 0.003 0.002 0.013 0.269 0.698 
 163 Q _   0.014 0.004 0.000 0.004 0.003 0.016 0.265 0.693 
 164 L _   0.017 0.010 0.001 0.006 0.006 0.020 0.260 0.681 
 165 A _   0.021 0.024 0.001 0.010 0.010 0.026 0.253 0.656 
 166 Q _   0.025 0.052 0.001 0.016 0.016 0.032 0.244 0.614 
 167 R _   0.029 0.098 0.002 0.023 0.023 0.037 0.233 0.554 
 168 G _   0.031 0.160 0.003 0.032 0.030 0.040 0.222 0.482 
 169 A _   0.032 0.223 0.003 0.041 0.035 0.041 0.213 0.413 
 170 G _   0.033 0.274 0.003 0.050 0.037 0.041 0.205 0.358 
 171 L _   0.033 0.309 0.002 0.057 0.036 0.039 0.201 0.323 
 172 C E   0.032 0.328 0.002 0.062 0.035 0.037 0.199 0.306 
 173 F E   0.031 0.336 0.002 0.065 0.032 0.034 0.198 0.301 
 174 T E   0.030 0.335 0.002 0.065 0.029 0.031 0.199 0.309 
 175 F _   0.028 0.326 0.002 0.061 0.026 0.028 0.201 0.329 
 176 V _   0.025 0.305 0.002 0.054 0.021 0.025 0.205 0.363 
 177 S _   0.023 0.268 0.002 0.045 0.017 0.021 0.211 0.413 
 178 A _   0.021 0.215 0.002 0.035 0.013 0.018 0.218 0.478 
 179 Q _   0.018 0.157 0.001 0.025 0.010 0.015 0.226 0.548 
 180 Q _   0.015 0.106 0.001 0.017 0.006 0.012 0.232 0.609 
 181 N _   0.012 0.072 0.001 0.011 0.004 0.010 0.237 0.653 
 182 S _   0.009 0.052 0.000 0.007 0.003 0.008 0.241 0.680 
 183 P _   0.007 0.042 0.000 0.005 0.002 0.007 0.243 0.695 
 184 S _   0.006 0.037 0.000 0.004 0.001 0.006 0.243 0.703 
 185 S _   0.005 0.035 0.000 0.004 0.001 0.005 0.243 0.707 
 186 T _   0.004 0.035 0.000 0.005 0.001 0.005 0.241 0.708 
 187 G _   0.004 0.036 0.000 0.005 0.002 0.006 0.239 0.708 
 188 S _   0.004 0.039 0.000 0.007 0.002 0.006 0.235 0.707 
 189 G _   0.004 0.044 0.000 0.008 0.002 0.007 0.231 0.703 
 190 N _   0.004 0.052 0.000 0.010 0.003 0.008 0.225 0.698 
 191 T _   0.004 0.062 0.000 0.012 0.003 0.008 0.219 0.691 
 192 E _   0.004 0.075 0.000 0.014 0.004 0.009 0.212 0.682 
 193 H _   0.004 0.090 0.001 0.016 0.004 0.010 0.205 0.671 
 194 S _   0.004 0.108 0.001 0.018 0.005 0.011 0.197 0.657 
 195 C _   0.005 0.129 0.001 0.020 0.005 0.012 0.189 0.640 
 196 S _   0.005 0.151 0.001 0.022 0.006 0.012 0.181 0.621 
 197 S _   0.005 0.175 0.001 0.024 0.007 0.013 0.174 0.602 
 198 Q _   0.005 0.197 0.001 0.027 0.007 0.013 0.168 0.582 
 199 K _   0.005 0.215 0.001 0.029 0.008 0.014 0.162 0.566 
 200 Q _   0.005 0.230 0.001 0.030 0.008 0.014 0.158 0.554 
 201 I _   0.005 0.241 0.001 0.031 0.008 0.014 0.155 0.546 
 202 S _   0.006 0.247 0.001 0.029 0.008 0.014 0.153 0.543 
 203 I _   0.006 0.250 0.001 0.027 0.007 0.013 0.151 0.545 
 204 Q _   0.006 0.249 0.001 0.024 0.007 0.013 0.150 0.551 
 205 H _   0.006 0.246 0.001 0.020 0.006 0.013 0.149 0.559 
 206 R _   0.006 0.242 0.001 0.016 0.005 0.013 0.149 0.568 
 207 Q _   0.007 0.237 0.001 0.013 0.005 0.013 0.149 0.576 
 208 T _   0.007 0.234 0.001 0.011 0.005 0.013 0.149 0.580 
 209 Q _   0.008 0.234 0.001 0.011 0.005 0.014 0.148 0.580 
 210 S _   0.008 0.237 0.001 0.012 0.006 0.015 0.148 0.574 
 211 D _   0.010 0.244 0.001 0.015 0.007 0.016 0.147 0.560 
 212 L _   0.011 0.255 0.001 0.021 0.009 0.018 0.146 0.541 
 213 T _   0.011 0.267 0.001 0.027 0.010 0.018 0.145 0.520 
 214 I _   0.012 0.277 0.001 0.034 0.011 0.018 0.145 0.501 
 215 E _   0.012 0.283 0.001 0.040 0.012 0.018 0.145 0.489 
 216 K _   0.012 0.283 0.001 0.043 0.012 0.017 0.147 0.485 
 217 I _   0.011 0.277 0.001 0.043 0.011 0.016 0.149 0.491 
 218 S _   0.011 0.263 0.001 0.040 0.010 0.015 0.153 0.507 
 219 A _   0.010 0.238 0.001 0.035 0.009 0.013 0.157 0.536 
 220 L _   0.010 0.202 0.001 0.028 0.008 0.012 0.163 0.575 
 221 E _   0.009 0.160 0.001 0.022 0.006 0.010 0.170 0.622 
 222 N _   0.009 0.120 0.001 0.015 0.005 0.009 0.177 0.665 
 223 S _   0.008 0.089 0.001 0.010 0.003 0.008 0.182 0.699 
 224 K _   0.007 0.069 0.000 0.007 0.002 0.007 0.186 0.722 
 225 N _   0.005 0.059 0.000 0.005 0.002 0.006 0.188 0.735 
 226 S _   0.005 0.053 0.000 0.004 0.001 0.005 0.189 0.741 
 227 D _   0.004 0.051 0.000 0.004 0.001 0.005 0.189 0.744 
 228 L _   0.004 0.052 0.000 0.005 0.001 0.006 0.189 0.743 
 229 E _   0.004 0.054 0.000 0.006 0.002 0.006 0.187 0.741 
 230 K _   0.004 0.058 0.000 0.008 0.002 0.007 0.185 0.735 
 231 K _   0.004 0.066 0.000 0.010 0.003 0.008 0.182 0.726 
 232 E _   0.004 0.076 0.000 0.013 0.003 0.009 0.179 0.715 
 233 G _   0.004 0.088 0.001 0.016 0.004 0.010 0.175 0.702 
 234 R _   0.005 0.100 0.001 0.020 0.005 0.011 0.172 0.688 
 235 I _   0.005 0.113 0.001 0.023 0.006 0.011 0.169 0.673 
 236 D _   0.005 0.124 0.001 0.026 0.006 0.012 0.166 0.660 
 237 D _   0.005 0.132 0.001 0.029 0.007 0.012 0.164 0.650 
 238 L _   0.006 0.137 0.001 0.031 0.007 0.012 0.163 0.644 
 239 L _   0.006 0.140 0.001 0.031 0.007 0.012 0.163 0.641 
 240 R _   0.006 0.139 0.001 0.031 0.007 0.012 0.163 0.642 
 241 A _   0.006 0.137 0.001 0.029 0.007 0.012 0.164 0.645 
 242 N _   0.006 0.131 0.001 0.027 0.006 0.011 0.166 0.652 
 243 C _   0.007 0.123 0.001 0.024 0.006 0.010 0.168 0.662 
 244 D _   0.007 0.113 0.001 0.020 0.005 0.010 0.171 0.674 
 245 L _   0.007 0.100 0.001 0.017 0.004 0.009 0.174 0.687 
 246 R _   0.007 0.088 0.001 0.014 0.004 0.009 0.178 0.701 
 247 R _   0.006 0.076 0.000 0.012 0.003 0.008 0.181 0.713 
 248 Q _   0.006 0.066 0.000 0.010 0.003 0.008 0.184 0.723 
 249 I _   0.006 0.059 0.000 0.009 0.003 0.007 0.186 0.731 
 250 D _   0.005 0.054 0.000 0.008 0.002 0.007 0.188 0.736 
 251 E _   0.005 0.050 0.000 0.007 0.002 0.007 0.189 0.739 
 252 Q _   0.005 0.048 0.000 0.007 0.002 0.007 0.190 0.741 
 253 Q _   0.005 0.046 0.000 0.007 0.002 0.007 0.190 0.742 
 254 K _   0.005 0.046 0.000 0.007 0.002 0.007 0.191 0.742 
 255 M _   0.005 0.046 0.000 0.007 0.002 0.007 0.190 0.742 
 256 L _   0.005 0.046 0.000 0.007 0.002 0.008 0.190 0.741 
 257 E _   0.005 0.048 0.000 0.008 0.003 0.009 0.189 0.739 
 258 K _   0.005 0.050 0.000 0.008 0.003 0.010 0.189 0.735 
 259 Y _   0.006 0.054 0.000 0.008 0.004 0.011 0.188 0.729 
 260 K _   0.007 0.059 0.001 0.010 0.004 0.013 0.187 0.719 
 261 E _   0.009 0.066 0.001 0.012 0.006 0.016 0.186 0.706 
 262 R _   0.011 0.076 0.001 0.015 0.008 0.018 0.185 0.687 
 263 L _   0.013 0.088 0.001 0.019 0.010 0.021 0.184 0.665 
 264 N _   0.015 0.102 0.001 0.024 0.012 0.023 0.183 0.640 
 265 R _   0.016 0.114 0.001 0.029 0.014 0.025 0.183 0.617 
 266 C _   0.018 0.124 0.001 0.035 0.016 0.025 0.183 0.597 
 267 V _   0.019 0.131 0.001 0.040 0.017 0.026 0.185 0.582 
 268 T _   0.019 0.134 0.001 0.042 0.017 0.025 0.187 0.574 
 269 M _   0.019 0.133 0.001 0.042 0.016 0.024 0.190 0.574 
 270 S _   0.019 0.128 0.001 0.040 0.015 0.022 0.194 0.582 
 271 K _   0.018 0.118 0.001 0.035 0.013 0.020 0.199 0.596 
 272 K _   0.016 0.104 0.001 0.029 0.010 0.018 0.205 0.616 
 273 L _   0.015 0.085 0.001 0.023 0.008 0.015 0.212 0.641 
 274 L _   0.013 0.065 0.001 0.017 0.006 0.013 0.218 0.666 
 275 I _   0.012 0.048 0.001 0.012 0.005 0.011 0.224 0.687 
 276 E _   0.010 0.034 0.001 0.009 0.004 0.010 0.229 0.703 
 277 K _   0.009 0.025 0.000 0.007 0.003 0.009 0.233 0.712 
 278 S _   0.008 0.020 0.000 0.006 0.003 0.008 0.237 0.718 
 279 K _   0.008 0.016 0.000 0.006 0.002 0.008 0.240 0.720 
 280 Q _   0.007 0.014 0.000 0.006 0.002 0.007 0.242 0.720 
 281 E _   0.007 0.013 0.000 0.007 0.002 0.007 0.245 0.720 
 282 K _   0.006 0.012 0.000 0.007 0.002 0.007 0.246 0.719 
 283 M _   0.006 0.011 0.000 0.007 0.002 0.007 0.248 0.718 
 284 A _   0.006 0.011 0.000 0.007 0.002 0.007 0.249 0.718 
 285 C _   0.005 0.010 0.000 0.007 0.002 0.007 0.250 0.719 
 286 R _   0.005 0.010 0.000 0.006 0.002 0.007 0.250 0.720 
 287 D _   0.005 0.010 0.000 0.006 0.002 0.007 0.250 0.720 
 288 K _   0.005 0.010 0.000 0.005 0.002 0.008 0.250 0.720 
 289 S _   0.005 0.011 0.000 0.005 0.002 0.009 0.249 0.718 
 290 M _   0.006 0.013 0.000 0.006 0.003 0.010 0.249 0.713 
 291 Q _   0.007 0.017 0.000 0.007 0.004 0.012 0.247 0.706 
 292 D _   0.009 0.023 0.001 0.009 0.005 0.015 0.245 0.693 
 293 R _   0.011 0.033 0.001 0.012 0.007 0.018 0.243 0.674 
 294 L _   0.013 0.047 0.001 0.016 0.010 0.022 0.241 0.650 
 295 R _   0.015 0.065 0.001 0.022 0.013 0.024 0.238 0.623 
 296 L _   0.016 0.083 0.001 0.027 0.015 0.027 0.236 0.595 
 297 G _   0.017 0.098 0.001 0.032 0.017 0.028 0.234 0.572 
 298 H _   0.018 0.109 0.001 0.036 0.019 0.029 0.234 0.554 
 299 F _   0.019 0.116 0.001 0.038 0.019 0.029 0.234 0.544 
 300 T _   0.019 0.120 0.001 0.038 0.019 0.028 0.235 0.539 
 301 T _   0.019 0.120 0.001 0.036 0.018 0.027 0.237 0.540 
 302 V _   0.019 0.118 0.001 0.033 0.017 0.026 0.240 0.545 
 303 R _   0.018 0.113 0.001 0.030 0.015 0.024 0.244 0.554 
 304 H _   0.018 0.106 0.001 0.026 0.013 0.022 0.248 0.565 
 305 G _   0.017 0.098 0.001 0.022 0.011 0.021 0.253 0.577 
 306 A _   0.016 0.088 0.001 0.019 0.010 0.019 0.259 0.589 
 307 S _   0.015 0.078 0.001 0.016 0.008 0.017 0.264 0.601 
 308 F _   0.014 0.069 0.001 0.013 0.007 0.016 0.270 0.611 
 309 T _   0.013 0.060 0.001 0.011 0.006 0.015 0.275 0.620 
 310 E _   0.012 0.054 0.001 0.009 0.005 0.014 0.280 0.626 
 311 Q _   0.011 0.050 0.001 0.008 0.004 0.013 0.285 0.629 
 312 W _   0.010 0.047 0.000 0.007 0.004 0.013 0.289 0.629 
 313 T _   0.010 0.046 0.000 0.007 0.004 0.013 0.293 0.627 
 314 D _   0.010 0.046 0.000 0.008 0.004 0.013 0.297 0.621 
 315 G _   0.010 0.048 0.001 0.010 0.005 0.014 0.301 0.612 
 316 Y _   0.011 0.051 0.001 0.012 0.006 0.015 0.305 0.599 
 317 A _   0.012 0.054 0.001 0.016 0.008 0.016 0.309 0.585 
 318 F _   0.012 0.058 0.001 0.020 0.009 0.016 0.314 0.570 
 319 Q _   0.012 0.061 0.001 0.024 0.010 0.017 0.320 0.557 
 320 N _   0.012 0.062 0.001 0.027 0.010 0.016 0.326 0.546 
 321 L _   0.012 0.062 0.001 0.028 0.010 0.016 0.334 0.539 
 322 I _   0.011 0.060 0.001 0.027 0.009 0.014 0.343 0.536 
 323 K _   0.010 0.055 0.001 0.024 0.008 0.013 0.353 0.536 
 324 Q _   0.009 0.049 0.001 0.019 0.007 0.012 0.364 0.540 
 325 Q _   0.008 0.041 0.001 0.015 0.005 0.010 0.375 0.545 
 326 E _   0.007 0.034 0.001 0.011 0.004 0.009 0.386 0.549 
 327 R _   0.007 0.028 0.000 0.008 0.003 0.008 0.396 0.550 
 328 I _   0.006 0.023 0.000 0.006 0.003 0.007 0.405 0.549 
 329 N _   0.006 0.021 0.000 0.005 0.002 0.007 0.413 0.545 
 330 S _   0.005 0.020 0.000 0.005 0.002 0.007 0.421 0.539 
 331 Q _   0.005 0.020 0.000 0.006 0.002 0.007 0.428 0.531 
 332 R _   0.005 0.021 0.000 0.008 0.003 0.008 0.435 0.521 
 333 E _   0.006 0.022 0.000 0.010 0.003 0.008 0.441 0.510 
 334 E _   0.006 0.024 0.000 0.012 0.004 0.009 0.448 0.498 
 335 I _   0.006 0.025 0.000 0.015 0.004 0.009 0.455 0.485 
 336 E _   0.006 0.026 0.001 0.017 0.005 0.009 0.463 0.474 
 337 R X   0.006 0.027 0.001 0.019 0.005 0.009 0.471 0.463 
 338 Q X   0.005 0.026 0.001 0.019 0.005 0.009 0.481 0.454 
 339 R X   0.005 0.025 0.001 0.018 0.004 0.008 0.492 0.446 
 340 K X   0.005 0.023 0.001 0.016 0.004 0.008 0.504 0.439 
 341 M X   0.005 0.021 0.000 0.014 0.004 0.007 0.516 0.433 
 342 L X   0.004 0.018 0.000 0.012 0.003 0.007 0.530 0.427 
 343 A X   0.004 0.015 0.000 0.009 0.003 0.006 0.543 0.420 
 344 K X   0.004 0.012 0.000 0.008 0.002 0.005 0.555 0.413 
 345 R X   0.004 0.010 0.000 0.007 0.002 0.005 0.567 0.405 
 346 K X   0.004 0.009 0.000 0.006 0.002 0.005 0.578 0.397 
 347 P X   0.004 0.008 0.000 0.006 0.002 0.005 0.588 0.388 
 348 P X   0.004 0.007 0.000 0.006 0.002 0.005 0.598 0.379 
 349 A X   0.004 0.006 0.000 0.006 0.002 0.005 0.607 0.370 
 350 M X   0.004 0.006 0.000 0.007 0.002 0.005 0.616 0.361 
 351 G X   0.003 0.006 0.000 0.007 0.002 0.005 0.624 0.353 
 352 Q X   0.003 0.005 0.000 0.007 0.002 0.004 0.632 0.346 
 353 A X   0.003 0.005 0.000 0.007 0.002 0.004 0.640 0.339 
 354 P X   0.003 0.004 0.000 0.007 0.002 0.004 0.647 0.334 
 355 P X   0.003 0.004 0.000 0.006 0.001 0.004 0.653 0.329 
 356 A X   0.003 0.003 0.000 0.006 0.001 0.004 0.660 0.324 
 357 T X   0.002 0.003 0.000 0.005 0.001 0.003 0.665 0.320 
 358 N X   0.002 0.002 0.000 0.005 0.001 0.003 0.670 0.316 
 359 E X   0.002 0.002 0.000 0.004 0.001 0.003 0.674 0.313 
 360 Q X   0.002 0.002 0.000 0.004 0.001 0.003 0.678 0.310 
 361 K X   0.002 0.002 0.000 0.004 0.001 0.003 0.681 0.308 
 362 Q X   0.002 0.001 0.000 0.004 0.001 0.003 0.683 0.306 
 363 R X   0.002 0.001 0.000 0.004 0.001 0.003 0.684 0.305 
 364 K X   0.002 0.001 0.000 0.004 0.001 0.003 0.685 0.305 
 365 S X   0.002 0.001 0.000 0.004 0.001 0.003 0.685 0.305 
 366 K X   0.002 0.001 0.000 0.004 0.001 0.003 0.684 0.305 
 367 T X   0.002 0.001 0.000 0.004 0.001 0.003 0.683 0.306 
 368 N X   0.002 0.001 0.000 0.004 0.001 0.003 0.682 0.307 
 369 G X   0.002 0.001 0.000 0.004 0.001 0.003 0.680 0.309 
 370 A X   0.002 0.001 0.000 0.004 0.001 0.003 0.677 0.312 
 371 E X   0.002 0.001 0.000 0.004 0.001 0.003 0.674 0.315 
 372 N X   0.002 0.002 0.000 0.005 0.001 0.003 0.670 0.318 
 373 E X   0.002 0.002 0.000 0.005 0.001 0.003 0.665 0.322 
 374 T X   0.002 0.002 0.000 0.005 0.001 0.003 0.660 0.327 
 375 P X   0.002 0.002 0.000 0.005 0.001 0.003 0.654 0.333 
 376 S X   0.002 0.002 0.000 0.005 0.001 0.003 0.648 0.339 
 377 S X   0.002 0.003 0.000 0.005 0.001 0.004 0.640 0.346 
 378 G X   0.002 0.003 0.000 0.005 0.001 0.004 0.632 0.353 
 379 N X   0.002 0.004 0.000 0.005 0.001 0.005 0.622 0.361 
 380 T X   0.002 0.005 0.000 0.005 0.002 0.005 0.611 0.369 
 381 E X   0.002 0.007 0.000 0.006 0.002 0.007 0.600 0.377 
 382 L X   0.003 0.010 0.000 0.007 0.002 0.008 0.586 0.384 
 383 K X   0.003 0.014 0.000 0.008 0.003 0.011 0.572 0.389 
 384 D X   0.004 0.020 0.001 0.010 0.004 0.014 0.556 0.391 
 385 T X   0.006 0.029 0.001 0.013 0.006 0.018 0.537 0.390 
 386 A X   0.008 0.042 0.001 0.017 0.009 0.022 0.517 0.384 
 387 P X   0.010 0.057 0.001 0.021 0.012 0.027 0.497 0.374 
 388 A X   0.013 0.075 0.001 0.025 0.016 0.031 0.477 0.362 
 389 L X   0.016 0.091 0.001 0.029 0.020 0.035 0.458 0.349 
 390 G X   0.019 0.105 0.002 0.033 0.024 0.038 0.441 0.338 
 391 A X   0.022 0.116 0.002 0.037 0.027 0.040 0.427 0.330 
 392 H X   0.025 0.122 0.002 0.039 0.029 0.041 0.414 0.327 
 393 S X   0.028 0.126 0.002 0.040 0.030 0.041 0.404 0.329 
 394 L X   0.030 0.126 0.002 0.039 0.029 0.040 0.397 0.337 
 395 L X   0.032 0.122 0.002 0.037 0.027 0.038 0.391 0.351 
 396 R X   0.032 0.115 0.002 0.034 0.025 0.035 0.387 0.370 
 397 L _   0.032 0.103 0.002 0.028 0.021 0.032 0.383 0.397 
 398 T _   0.031 0.087 0.001 0.022 0.017 0.029 0.381 0.430 
 399 L _   0.029 0.069 0.001 0.017 0.014 0.026 0.380 0.465 
 400 A _   0.027 0.052 0.001 0.012 0.010 0.023 0.378 0.497 
 401 E _   0.024 0.039 0.001 0.009 0.008 0.021 0.377 0.523 
 402 Y _   0.021 0.031 0.001 0.007 0.006 0.018 0.375 0.541 
 403 H _   0.019 0.027 0.001 0.006 0.005 0.017 0.373 0.553 
 404 E _   0.017 0.025 0.001 0.007 0.005 0.016 0.371 0.560 
 405 Q _   0.016 0.024 0.001 0.008 0.005 0.015 0.368 0.563 
 406 E _   0.015 0.024 0.001 0.010 0.005 0.014 0.366 0.564 
 407 E _   0.014 0.024 0.001 0.013 0.006 0.014 0.364 0.564 
 408 I _   0.014 0.024 0.001 0.015 0.006 0.013 0.362 0.565 
 409 F _   0.013 0.024 0.001 0.016 0.006 0.012 0.360 0.567 
 410 K _   0.012 0.023 0.001 0.016 0.006 0.011 0.359 0.572 
 411 L _   0.011 0.021 0.001 0.015 0.005 0.010 0.359 0.579 
 412 R _   0.010 0.018 0.001 0.012 0.004 0.009 0.358 0.588 
 413 L _   0.008 0.014 0.000 0.010 0.003 0.008 0.358 0.599 
 414 G _   0.007 0.011 0.000 0.007 0.002 0.006 0.357 0.608 
 415 H _   0.006 0.009 0.000 0.005 0.002 0.006 0.356 0.616 
 416 L _   0.005 0.007 0.000 0.004 0.002 0.005 0.355 0.622 
 417 K _   0.005 0.007 0.000 0.003 0.001 0.005 0.352 0.627 
 418 K _   0.005 0.007 0.000 0.003 0.001 0.005 0.350 0.629 
 419 E _   0.005 0.008 0.000 0.003 0.002 0.006 0.346 0.630 
 420 E _   0.005 0.011 0.000 0.005 0.002 0.007 0.342 0.628 
 421 A _   0.006 0.017 0.000 0.007 0.003 0.008 0.336 0.623 
 422 E _   0.006 0.026 0.001 0.010 0.004 0.010 0.330 0.614 
 423 I _   0.007 0.037 0.001 0.014 0.005 0.011 0.323 0.603 
 424 Q _   0.007 0.049 0.001 0.017 0.006 0.012 0.316 0.591 
 425 A _   0.007 0.060 0.001 0.020 0.007 0.013 0.310 0.582 
 426 E _   0.007 0.069 0.001 0.022 0.007 0.014 0.305 0.576 
 427 L _   0.007 0.074 0.001 0.022 0.007 0.014 0.300 0.574 
 428 E _   0.008 0.078 0.001 0.020 0.007 0.015 0.297 0.575 
 429 R _   0.008 0.081 0.001 0.018 0.007 0.015 0.294 0.577 
 430 L _   0.008 0.082 0.001 0.016 0.006 0.015 0.292 0.580 
 431 E _   0.009 0.084 0.001 0.014 0.006 0.015 0.290 0.581 
 432 R _   0.010 0.085 0.001 0.013 0.006 0.016 0.288 0.581 
 433 V _   0.011 0.088 0.001 0.014 0.007 0.016 0.287 0.578 
 434 R _   0.011 0.091 0.001 0.015 0.007 0.017 0.286 0.571 
 435 N _   0.012 0.096 0.001 0.018 0.008 0.018 0.284 0.562 
 436 L _   0.013 0.101 0.001 0.022 0.009 0.018 0.284 0.551 
 437 H _   0.014 0.106 0.001 0.026 0.010 0.019 0.284 0.540 
 438 I _   0.014 0.109 0.001 0.030 0.011 0.018 0.284 0.532 
 439 R _   0.014 0.109 0.001 0.033 0.011 0.018 0.286 0.528 
 440 E _   0.013 0.107 0.001 0.033 0.010 0.017 0.288 0.530 
 441 L _   0.013 0.102 0.001 0.032 0.009 0.015 0.291 0.537 
 442 K _   0.012 0.093 0.001 0.028 0.008 0.014 0.295 0.549 
 443 R _   0.011 0.079 0.001 0.024 0.007 0.012 0.300 0.566 
 444 I _   0.010 0.063 0.001 0.019 0.006 0.010 0.306 0.586 
 445 H _   0.009 0.045 0.001 0.014 0.004 0.009 0.312 0.606 
 446 N _   0.008 0.030 0.000 0.011 0.003 0.008 0.317 0.623 
 447 E _   0.007 0.019 0.000 0.008 0.002 0.006 0.321 0.636 
 448 D _   0.006 0.012 0.000 0.006 0.002 0.006 0.323 0.645 
 449 N _   0.005 0.007 0.000 0.004 0.001 0.005 0.325 0.652 
 450 S _   0.005 0.004 0.000 0.003 0.001 0.005 0.326 0.656 
 451 Q _   0.004 0.003 0.000 0.003 0.001 0.005 0.326 0.659 
 452 F _   0.004 0.002 0.000 0.003 0.001 0.005 0.324 0.661 
 453 K _   0.004 0.002 0.000 0.003 0.001 0.005 0.322 0.663 
 454 D _   0.004 0.002 0.000 0.003 0.001 0.007 0.319 0.665 
 455 H _   0.005 0.002 0.000 0.003 0.002 0.009 0.314 0.665 
 456 P _   0.007 0.003 0.000 0.004 0.002 0.012 0.309 0.663 
 457 T _   0.010 0.005 0.000 0.005 0.003 0.018 0.301 0.658 
 458 L _   0.015 0.009 0.001 0.007 0.006 0.025 0.292 0.645 
 459 N _   0.023 0.019 0.001 0.010 0.011 0.035 0.281 0.621 
 460 D _   0.032 0.036 0.001 0.016 0.019 0.045 0.268 0.584 
 461 R _   0.041 0.062 0.002 0.022 0.029 0.055 0.253 0.535 
 462 Y _   0.050 0.097 0.003 0.030 0.039 0.063 0.238 0.481 
 463 L _   0.057 0.132 0.003 0.038 0.047 0.067 0.225 0.431 
 464 L _   0.062 0.160 0.003 0.045 0.052 0.069 0.215 0.394 
 465 L _   0.066 0.179 0.003 0.049 0.055 0.069 0.208 0.372 
 466 H _   0.069 0.190 0.003 0.051 0.054 0.067 0.202 0.365 
 467 L _   0.070 0.194 0.002 0.050 0.053 0.064 0.198 0.370 
 468 L _   0.070 0.192 0.002 0.047 0.049 0.060 0.195 0.385 
 469 G _   0.069 0.185 0.002 0.042 0.044 0.055 0.194 0.409 
 470 R _   0.065 0.173 0.002 0.036 0.038 0.050 0.193 0.442 
 471 G _   0.061 0.155 0.002 0.031 0.031 0.045 0.193 0.482 
 472 G _   0.055 0.135 0.002 0.025 0.025 0.040 0.194 0.524 
 473 F _   0.049 0.114 0.002 0.021 0.019 0.035 0.196 0.565 
 474 S _   0.042 0.095 0.001 0.017 0.014 0.030 0.197 0.602 
 475 E _   0.036 0.079 0.001 0.015 0.011 0.026 0.199 0.634 
 476 V _   0.029 0.066 0.001 0.012 0.008 0.023 0.200 0.661 
 477 Y _   0.024 0.056 0.001 0.010 0.006 0.020 0.201 0.683 
 478 K _   0.020 0.049 0.001 0.008 0.005 0.018 0.201 0.699 
 479 A _   0.017 0.045 0.001 0.007 0.004 0.016 0.201 0.710 
 480 F _   0.015 0.043 0.000 0.006 0.004 0.016 0.200 0.716 
 481 D _   0.014 0.043 0.000 0.006 0.004 0.016 0.199 0.718 
 482 L _   0.014 0.045 0.001 0.007 0.005 0.016 0.198 0.715 
 483 T _   0.014 0.050 0.001 0.009 0.006 0.018 0.196 0.707 
 484 E _   0.015 0.058 0.001 0.012 0.008 0.020 0.194 0.692 
 485 Q _   0.016 0.073 0.001 0.018 0.010 0.021 0.192 0.669 
 486 R _   0.016 0.091 0.001 0.026 0.013 0.023 0.190 0.640 
 487 Y _   0.017 0.110 0.001 0.035 0.015 0.023 0.188 0.611 
 488 V _   0.017 0.125 0.001 0.043 0.016 0.023 0.187 0.589 
 489 A _   0.016 0.134 0.001 0.049 0.016 0.023 0.187 0.575 
 490 V _   0.016 0.137 0.001 0.051 0.015 0.021 0.188 0.570 
 491 K _   0.015 0.137 0.001 0.050 0.014 0.020 0.190 0.573 
 492 I _   0.014 0.131 0.001 0.046 0.012 0.018 0.193 0.585 
 493 H _   0.013 0.120 0.001 0.039 0.010 0.015 0.197 0.605 
 494 Q _   0.012 0.103 0.001 0.031 0.008 0.013 0.202 0.630 
 495 L _   0.011 0.082 0.001 0.023 0.006 0.011 0.208 0.658 
 496 N _   0.010 0.061 0.001 0.017 0.004 0.010 0.213 0.685 
 497 K _   0.009 0.042 0.000 0.012 0.003 0.008 0.217 0.708 
 498 N _   0.008 0.030 0.000 0.008 0.002 0.007 0.221 0.724 
 499 W _   0.007 0.021 0.000 0.006 0.002 0.006 0.223 0.735 
 500 R _   0.006 0.017 0.000 0.005 0.001 0.005 0.224 0.742 
 501 D _   0.005 0.014 0.000 0.004 0.001 0.005 0.224 0.747 
 502 E _   0.005 0.013 0.000 0.004 0.001 0.005 0.223 0.750 
 503 K _   0.004 0.013 0.000 0.004 0.001 0.005 0.221 0.753 
 504 K _   0.004 0.014 0.000 0.004 0.001 0.005 0.217 0.754 
 505 E _   0.004 0.016 0.000 0.005 0.002 0.006 0.213 0.754 
 506 N _   0.004 0.021 0.000 0.007 0.002 0.007 0.207 0.752 
 507 Y _   0.005 0.028 0.000 0.010 0.003 0.009 0.199 0.746 
 508 H _   0.005 0.041 0.001 0.014 0.004 0.010 0.191 0.736 
 509 K _   0.005 0.057 0.001 0.019 0.005 0.012 0.181 0.720 
 510 H _   0.006 0.077 0.001 0.025 0.007 0.013 0.170 0.701 
 511 A _   0.006 0.097 0.001 0.031 0.008 0.015 0.160 0.683 
 512 C _   0.006 0.113 0.001 0.035 0.008 0.015 0.152 0.669 
 513 R _   0.006 0.125 0.001 0.038 0.009 0.015 0.145 0.661 
 514 E _   0.006 0.133 0.001 0.039 0.009 0.015 0.139 0.659 
 515 Y _   0.006 0.136 0.001 0.037 0.008 0.015 0.135 0.663 
 516 R _   0.006 0.136 0.001 0.033 0.008 0.014 0.131 0.671 
 517 I _   0.006 0.134 0.001 0.028 0.007 0.013 0.128 0.683 
 518 H _   0.006 0.130 0.001 0.022 0.006 0.012 0.126 0.697 
 519 K _   0.006 0.125 0.001 0.018 0.005 0.012 0.123 0.710 
 520 E _   0.006 0.121 0.001 0.014 0.005 0.012 0.121 0.720 
 521 L _   0.007 0.118 0.001 0.012 0.004 0.012 0.119 0.727 
 522 D _   0.007 0.116 0.001 0.012 0.005 0.013 0.117 0.730 
 523 H _   0.008 0.117 0.001 0.013 0.005 0.013 0.115 0.729 
 524 P _   0.008 0.119 0.001 0.016 0.006 0.014 0.113 0.723 
 525 R _   0.009 0.123 0.001 0.020 0.007 0.015 0.110 0.716 
 526 I _   0.010 0.126 0.001 0.024 0.008 0.016 0.108 0.708 
 527 V _   0.010 0.128 0.001 0.027 0.009 0.016 0.106 0.703 
 528 K _   0.010 0.128 0.001 0.029 0.009 0.016 0.104 0.703 
 529 L _   0.010 0.125 0.001 0.028 0.009 0.015 0.103 0.709 
 530 Y _   0.009 0.118 0.001 0.025 0.008 0.014 0.102 0.722 
 531 D _   0.009 0.108 0.001 0.021 0.007 0.013 0.102 0.740 
 532 Y _   0.008 0.096 0.001 0.015 0.005 0.013 0.101 0.761 
 533 F _   0.008 0.084 0.001 0.011 0.004 0.012 0.101 0.780 
 534 S _   0.008 0.076 0.000 0.007 0.003 0.012 0.100 0.794 
 535 L _   0.008 0.072 0.000 0.006 0.003 0.013 0.098 0.800 
 536 D _   0.009 0.071 0.000 0.005 0.004 0.015 0.096 0.798 
 537 T _   0.012 0.076 0.001 0.007 0.005 0.018 0.094 0.787 
 538 D _   0.014 0.090 0.001 0.013 0.009 0.022 0.091 0.760 
 539 S _   0.017 0.120 0.001 0.022 0.014 0.027 0.086 0.711 
 540 F _   0.019 0.166 0.002 0.036 0.020 0.030 0.081 0.646 
 541 C _   0.020 0.210 0.002 0.051 0.023 0.031 0.077 0.586 
 542 T _   0.020 0.240 0.002 0.063 0.024 0.031 0.074 0.546 
 543 V _   0.019 0.255 0.002 0.070 0.024 0.030 0.072 0.527 
 544 L _   0.019 0.260 0.002 0.071 0.023 0.029 0.071 0.525 
 545 E _   0.018 0.256 0.002 0.067 0.021 0.026 0.071 0.539 
 546 Y _   0.016 0.242 0.002 0.059 0.019 0.024 0.072 0.567 
 547 C _   0.015 0.215 0.002 0.047 0.016 0.021 0.073 0.611 
 548 E _   0.014 0.175 0.002 0.036 0.013 0.019 0.075 0.666 
 549 G _   0.014 0.129 0.001 0.026 0.010 0.017 0.077 0.725 
 550 N _   0.013 0.088 0.001 0.018 0.007 0.015 0.080 0.778 
 551 D _   0.012 0.058 0.001 0.013 0.005 0.013 0.082 0.816 
 552 L _   0.011 0.039 0.001 0.010 0.004 0.012 0.083 0.840 
 553 D _   0.010 0.027 0.000 0.009 0.003 0.011 0.084 0.856 
 554 F _   0.009 0.019 0.000 0.008 0.003 0.010 0.085 0.866 
 555 Y _   0.008 0.014 0.000 0.008 0.003 0.010 0.085 0.872 
 556 L _   0.008 0.010 0.000 0.008 0.003 0.010 0.084 0.877 
 557 K _   0.008 0.007 0.000 0.007 0.003 0.009 0.084 0.881 
 558 Q _   0.009 0.005 0.000 0.007 0.003 0.009 0.083 0.884 
 559 H _   0.010 0.003 0.000 0.006 0.003 0.010 0.082 0.886 
 560 K _   0.013 0.002 0.000 0.005 0.003 0.010 0.080 0.887 
 561 L _   0.018 0.001 0.000 0.004 0.003 0.012 0.078 0.884 
 562 M _   0.028 0.000 0.000 0.003 0.003 0.014 0.076 0.876 
 563 S _   0.044 0.000 0.000 0.003 0.004 0.017 0.073 0.859 
 564 E _   0.072 0.000 0.001 0.003 0.005 0.021 0.069 0.828 
 565 K _   0.114 0.000 0.001 0.003 0.008 0.027 0.065 0.781 
 566 E _   0.171 0.000 0.001 0.003 0.013 0.035 0.061 0.715 
 567 A _   0.237 0.000 0.001 0.004 0.021 0.043 0.057 0.637 
 568 R _   0.304 0.000 0.002 0.005 0.030 0.050 0.053 0.555 
 569 S _   0.363 0.001 0.002 0.006 0.039 0.056 0.050 0.482 
 570 I _   0.407 0.002 0.002 0.008 0.047 0.059 0.049 0.426 
 571 I H   0.437 0.003 0.002 0.010 0.051 0.059 0.048 0.388 
 572 M H   0.453 0.004 0.002 0.013 0.053 0.058 0.048 0.369 
 573 Q H   0.453 0.005 0.003 0.015 0.052 0.055 0.049 0.368 
 574 I H   0.442 0.005 0.003 0.015 0.049 0.051 0.050 0.385 
 575 V H   0.419 0.004 0.002 0.014 0.044 0.046 0.052 0.418 
 576 N _   0.384 0.004 0.002 0.012 0.037 0.041 0.054 0.466 
 577 A _   0.339 0.002 0.002 0.010 0.028 0.036 0.057 0.525 
 578 L _   0.287 0.001 0.002 0.008 0.021 0.031 0.060 0.592 
 579 K _   0.233 0.001 0.001 0.006 0.014 0.026 0.063 0.656 
 580 Y _   0.182 0.000 0.001 0.005 0.010 0.022 0.066 0.713 
 581 L _   0.137 0.000 0.001 0.005 0.007 0.019 0.069 0.763 
 582 N _   0.101 0.000 0.001 0.004 0.006 0.016 0.071 0.801 
 583 E _   0.074 0.000 0.001 0.004 0.005 0.014 0.073 0.829 
 584 I _   0.054 0.000 0.001 0.005 0.004 0.013 0.074 0.849 
 585 K _   0.040 0.000 0.000 0.005 0.004 0.012 0.075 0.864 
 586 P _   0.029 0.001 0.000 0.006 0.004 0.011 0.076 0.874 
 587 P _   0.022 0.001 0.000 0.006 0.003 0.010 0.077 0.881 
 588 I _   0.017 0.001 0.000 0.006 0.003 0.010 0.077 0.886 
 589 I _   0.014 0.001 0.000 0.006 0.003 0.010 0.077 0.889 
 590 H _   0.012 0.001 0.000 0.005 0.003 0.010 0.076 0.891 
 591 Y _   0.011 0.002 0.000 0.005 0.003 0.010 0.076 0.893 
 592 D _   0.010 0.002 0.000 0.005 0.003 0.011 0.075 0.893 
 593 L _   0.011 0.003 0.000 0.005 0.003 0.013 0.074 0.891 
 594 K _   0.012 0.005 0.000 0.005 0.004 0.015 0.072 0.886 
 595 P _   0.014 0.008 0.001 0.006 0.005 0.019 0.071 0.876 
 596 G _   0.017 0.015 0.001 0.008 0.007 0.023 0.069 0.860 
 597 N _   0.022 0.027 0.001 0.011 0.010 0.028 0.066 0.835 
 598 I _   0.027 0.047 0.001 0.015 0.014 0.033 0.063 0.800 
 599 L _   0.031 0.075 0.002 0.019 0.019 0.038 0.060 0.757 
 600 L _   0.035 0.107 0.002 0.023 0.023 0.042 0.057 0.711 
 601 V _   0.038 0.141 0.002 0.026 0.027 0.045 0.055 0.666 
 602 N _   0.040 0.173 0.002 0.028 0.029 0.047 0.052 0.628 
 603 G _   0.042 0.201 0.002 0.029 0.031 0.047 0.050 0.598 
 604 T _   0.043 0.226 0.002 0.030 0.031 0.047 0.049 0.573 
 605 A _   0.042 0.247 0.002 0.030 0.030 0.047 0.048 0.554 
 606 C _   0.042 0.265 0.002 0.030 0.030 0.045 0.047 0.539 
 607 G _   0.040 0.280 0.002 0.031 0.028 0.044 0.047 0.528 
 608 E _   0.038 0.293 0.002 0.032 0.026 0.041 0.047 0.521 
 609 I _   0.035 0.302 0.002 0.033 0.024 0.038 0.047 0.518 
 610 K _   0.032 0.310 0.001 0.035 0.022 0.035 0.047 0.517 
 611 I _   0.029 0.313 0.001 0.037 0.020 0.032 0.048 0.520 
 612 T _   0.026 0.313 0.001 0.038 0.018 0.029 0.049 0.526 
 613 D _   0.022 0.309 0.001 0.039 0.016 0.026 0.050 0.537 
 614 F _   0.019 0.300 0.001 0.038 0.014 0.023 0.052 0.552 
 615 G _   0.017 0.286 0.001 0.037 0.012 0.020 0.054 0.573 
 616 L _   0.015 0.264 0.001 0.034 0.010 0.018 0.057 0.601 
 617 S _   0.013 0.234 0.001 0.029 0.009 0.015 0.060 0.638 
 618 K _   0.012 0.198 0.001 0.024 0.007 0.013 0.064 0.681 
 619 I _   0.010 0.160 0.001 0.018 0.005 0.011 0.067 0.727 
 620 M _   0.009 0.128 0.001 0.013 0.004 0.009 0.070 0.767 
 621 D _   0.007 0.105 0.000 0.008 0.003 0.007 0.072 0.797 
 622 D _   0.006 0.091 0.000 0.006 0.002 0.006 0.073 0.816 
 623 D _   0.005 0.084 0.000 0.004 0.001 0.006 0.074 0.826 
 624 S _   0.004 0.081 0.000 0.004 0.001 0.006 0.074 0.829 
 625 Y _   0.004 0.083 0.000 0.005 0.002 0.007 0.073 0.826 
 626 N _   0.005 0.089 0.000 0.007 0.002 0.008 0.072 0.817 
 627 S _   0.005 0.102 0.000 0.010 0.003 0.010 0.070 0.798 
 628 V _   0.006 0.125 0.001 0.016 0.005 0.012 0.068 0.768 
 629 D _   0.006 0.158 0.001 0.021 0.006 0.013 0.064 0.730 
 630 G _   0.006 0.193 0.001 0.027 0.007 0.015 0.061 0.690 
 631 M _   0.006 0.223 0.001 0.030 0.008 0.015 0.058 0.659 
 632 E _   0.006 0.246 0.001 0.032 0.008 0.015 0.056 0.636 
 633 L _   0.006 0.260 0.001 0.032 0.008 0.015 0.054 0.623 
 634 T _   0.006 0.269 0.001 0.031 0.008 0.015 0.053 0.616 
 635 S _   0.006 0.274 0.001 0.029 0.008 0.016 0.052 0.614 
 636 Q _   0.006 0.277 0.001 0.027 0.008 0.016 0.052 0.614 
 637 G _   0.007 0.277 0.001 0.025 0.008 0.016 0.052 0.614 
 638 A _   0.008 0.276 0.001 0.023 0.008 0.017 0.052 0.615 
 639 G _   0.009 0.274 0.001 0.021 0.008 0.017 0.052 0.617 
 640 T _   0.010 0.272 0.001 0.020 0.008 0.018 0.053 0.618 
 641 Y _   0.011 0.269 0.001 0.020 0.009 0.018 0.053 0.618 
 642 W _   0.012 0.267 0.001 0.021 0.009 0.019 0.054 0.618 
 643 Y _   0.012 0.263 0.001 0.022 0.010 0.019 0.055 0.617 
 644 L _   0.013 0.260 0.001 0.024 0.011 0.019 0.056 0.616 
 645 P _   0.013 0.256 0.001 0.026 0.011 0.019 0.057 0.616 
 646 P _   0.013 0.250 0.001 0.028 0.011 0.019 0.059 0.618 
 647 E _   0.013 0.241 0.001 0.030 0.012 0.018 0.061 0.623 
 648 C _   0.013 0.228 0.001 0.032 0.011 0.018 0.063 0.633 
 649 F _   0.013 0.211 0.001 0.032 0.011 0.017 0.066 0.649 
 650 V _   0.012 0.186 0.001 0.031 0.010 0.016 0.070 0.674 
 651 V _   0.012 0.154 0.001 0.028 0.009 0.014 0.074 0.708 
 652 G _   0.011 0.116 0.001 0.023 0.008 0.013 0.078 0.750 
 653 K _   0.010 0.077 0.001 0.017 0.006 0.012 0.082 0.794 
 654 E _   0.010 0.044 0.001 0.012 0.005 0.010 0.085 0.833 
 655 P _   0.009 0.021 0.000 0.007 0.003 0.009 0.088 0.862 
 656 P _   0.009 0.008 0.000 0.004 0.002 0.008 0.089 0.878 
 657 K _   0.011 0.003 0.000 0.003 0.002 0.009 0.090 0.883 
 658 I _   0.016 0.001 0.000 0.002 0.002 0.010 0.090 0.879 
 659 S _   0.027 0.000 0.000 0.002 0.002 0.013 0.090 0.865 
 660 N _   0.050 0.000 0.000 0.002 0.004 0.019 0.089 0.836 
 661 K _   0.088 0.000 0.001 0.003 0.007 0.027 0.088 0.787 
 662 V _   0.143 0.000 0.001 0.004 0.013 0.038 0.086 0.714 
 663 D _   0.208 0.001 0.001 0.005 0.024 0.051 0.084 0.625 
