#TopoPred_TM8: 8-state transmembrane topology prediction results by no_profile mode 
#probabilities are in the order of H E C I L F X _, the 8 transmembrane topology types used in PDBTM 
   1 M X   0.019 0.002 0.002 0.057 0.011 0.017 0.595 0.296 
   2 S X   0.008 0.001 0.000 0.041 0.003 0.012 0.608 0.326 
   3 S X   0.004 0.002 0.000 0.033 0.001 0.011 0.608 0.340 
   4 L X   0.005 0.003 0.000 0.031 0.002 0.014 0.601 0.344 
   5 G X   0.007 0.006 0.000 0.034 0.004 0.019 0.586 0.345 
   6 A X   0.010 0.010 0.001 0.038 0.007 0.024 0.563 0.347 
   7 S X   0.013 0.017 0.001 0.044 0.009 0.027 0.540 0.351 
   8 F X   0.015 0.023 0.001 0.048 0.011 0.027 0.515 0.360 
   9 V X   0.015 0.027 0.001 0.049 0.012 0.027 0.493 0.376 
  10 Q X   0.014 0.030 0.001 0.047 0.012 0.025 0.472 0.400 
  11 I X   0.012 0.031 0.001 0.041 0.012 0.022 0.453 0.428 
  12 K _   0.010 0.030 0.001 0.034 0.010 0.020 0.437 0.458 
  13 F _   0.009 0.028 0.001 0.025 0.008 0.018 0.422 0.488 
  14 D _   0.009 0.026 0.001 0.019 0.007 0.016 0.410 0.514 
  15 D _   0.008 0.024 0.001 0.014 0.006 0.014 0.399 0.534 
  16 L _   0.008 0.023 0.001 0.012 0.005 0.013 0.388 0.551 
  17 Q _   0.008 0.022 0.001 0.011 0.004 0.013 0.378 0.564 
  18 F _   0.007 0.022 0.001 0.011 0.005 0.012 0.368 0.575 
  19 F _   0.008 0.023 0.001 0.011 0.005 0.012 0.357 0.584 
  20 E _   0.008 0.024 0.001 0.012 0.005 0.012 0.346 0.593 
  21 N _   0.008 0.025 0.001 0.012 0.005 0.013 0.334 0.602 
  22 C _   0.008 0.027 0.001 0.013 0.006 0.013 0.323 0.610 
  23 G _   0.008 0.029 0.001 0.014 0.006 0.014 0.312 0.617 
  24 G _   0.009 0.031 0.001 0.015 0.007 0.014 0.301 0.622 
  25 G _   0.009 0.033 0.001 0.017 0.007 0.015 0.291 0.627 
  26 S _   0.010 0.035 0.001 0.019 0.008 0.016 0.281 0.629 
  27 F _   0.011 0.036 0.001 0.022 0.009 0.017 0.272 0.632 
  28 G _   0.011 0.038 0.001 0.024 0.010 0.017 0.264 0.635 
  29 S _   0.012 0.038 0.001 0.026 0.010 0.017 0.257 0.640 
  30 V _   0.012 0.037 0.001 0.026 0.010 0.017 0.251 0.647 
  31 Y _   0.011 0.036 0.001 0.025 0.009 0.016 0.245 0.656 
  32 R _   0.011 0.033 0.001 0.022 0.008 0.015 0.241 0.670 
  33 A _   0.010 0.028 0.001 0.019 0.007 0.013 0.236 0.685 
  34 K _   0.010 0.023 0.001 0.015 0.006 0.012 0.232 0.702 
  35 W _   0.009 0.018 0.001 0.012 0.005 0.010 0.229 0.718 
  36 I _   0.008 0.013 0.000 0.009 0.004 0.009 0.225 0.732 
  37 S _   0.007 0.009 0.000 0.007 0.003 0.009 0.221 0.743 
  38 Q _   0.007 0.007 0.000 0.006 0.003 0.008 0.217 0.751 
  39 D _   0.007 0.006 0.000 0.006 0.003 0.008 0.213 0.757 
  40 K _   0.007 0.005 0.000 0.006 0.003 0.008 0.209 0.762 
  41 E _   0.007 0.005 0.000 0.006 0.003 0.009 0.204 0.765 
  42 V _   0.007 0.005 0.000 0.007 0.003 0.010 0.199 0.768 
  43 A _   0.008 0.005 0.000 0.008 0.004 0.011 0.193 0.771 
  44 V _   0.008 0.005 0.001 0.010 0.004 0.012 0.188 0.773 
  45 K _   0.009 0.006 0.001 0.010 0.005 0.013 0.182 0.776 
  46 K _   0.009 0.006 0.001 0.011 0.005 0.014 0.176 0.779 
  47 L _   0.010 0.006 0.001 0.011 0.005 0.015 0.170 0.782 
  48 L _   0.011 0.006 0.001 0.011 0.006 0.017 0.164 0.785 
  49 K _   0.012 0.006 0.001 0.011 0.007 0.019 0.158 0.786 
  50 I _   0.014 0.007 0.001 0.012 0.007 0.021 0.152 0.787 
  51 E _   0.016 0.007 0.001 0.012 0.008 0.023 0.147 0.785 
  52 K _   0.019 0.007 0.001 0.013 0.010 0.026 0.141 0.783 
  53 E _   0.023 0.008 0.001 0.014 0.011 0.028 0.136 0.779 
  54 A _   0.026 0.008 0.001 0.015 0.012 0.030 0.132 0.776 
  55 E _   0.030 0.008 0.001 0.015 0.013 0.032 0.127 0.773 
  56 I _   0.035 0.008 0.001 0.014 0.013 0.033 0.123 0.772 
  57 L _   0.040 0.008 0.001 0.013 0.014 0.035 0.120 0.771 
  58 S _   0.044 0.007 0.001 0.011 0.014 0.036 0.116 0.771 
  59 V _   0.048 0.007 0.001 0.010 0.014 0.037 0.113 0.770 
  60 L _   0.053 0.007 0.001 0.009 0.014 0.039 0.110 0.768 
  61 S _   0.058 0.007 0.001 0.008 0.015 0.040 0.107 0.763 
  62 H _   0.062 0.008 0.001 0.009 0.017 0.042 0.104 0.757 
  63 R _   0.066 0.010 0.001 0.011 0.020 0.043 0.101 0.748 
  64 N _   0.069 0.013 0.001 0.014 0.022 0.044 0.099 0.737 
  65 I _   0.071 0.017 0.002 0.019 0.025 0.044 0.097 0.725 
  66 I _   0.070 0.021 0.002 0.025 0.027 0.043 0.096 0.717 
  67 Q _   0.067 0.025 0.002 0.030 0.027 0.041 0.094 0.715 
  68 F _   0.061 0.026 0.002 0.033 0.025 0.038 0.094 0.722 
  69 Y _   0.054 0.027 0.002 0.033 0.022 0.034 0.094 0.735 
  70 G _   0.046 0.025 0.002 0.030 0.018 0.030 0.094 0.755 
  71 V _   0.038 0.022 0.001 0.024 0.014 0.026 0.094 0.780 
  72 I _   0.030 0.018 0.001 0.018 0.010 0.022 0.094 0.807 
  73 L _   0.024 0.014 0.001 0.012 0.007 0.018 0.094 0.831 
  74 E _   0.018 0.011 0.001 0.007 0.005 0.016 0.093 0.850 
  75 P _   0.015 0.009 0.000 0.005 0.003 0.014 0.093 0.861 
  76 P _   0.013 0.009 0.000 0.004 0.003 0.014 0.091 0.866 
  77 N _   0.012 0.010 0.000 0.004 0.003 0.015 0.090 0.864 
  78 Y _   0.013 0.015 0.001 0.006 0.005 0.017 0.088 0.855 
  79 G _   0.015 0.027 0.001 0.010 0.007 0.020 0.086 0.834 
  80 I _   0.016 0.053 0.001 0.017 0.011 0.024 0.082 0.796 
  81 V _   0.017 0.093 0.002 0.026 0.015 0.026 0.078 0.743 
  82 T _   0.017 0.140 0.002 0.036 0.018 0.027 0.074 0.686 
  83 E _   0.016 0.181 0.002 0.045 0.020 0.027 0.070 0.639 
  84 Y _   0.015 0.212 0.002 0.052 0.020 0.027 0.068 0.605 
  85 A _   0.014 0.231 0.002 0.057 0.020 0.026 0.066 0.584 
  86 S _   0.013 0.242 0.001 0.060 0.020 0.025 0.065 0.574 
  87 L _   0.012 0.246 0.001 0.061 0.019 0.023 0.064 0.573 
  88 G _   0.012 0.244 0.001 0.059 0.017 0.021 0.065 0.580 
  89 S _   0.012 0.236 0.001 0.056 0.015 0.020 0.066 0.594 
  90 L _   0.011 0.220 0.001 0.050 0.013 0.018 0.068 0.618 
  91 Y _   0.011 0.195 0.001 0.043 0.011 0.016 0.070 0.653 
  92 D _   0.010 0.160 0.001 0.034 0.009 0.014 0.073 0.698 
  93 Y _   0.010 0.119 0.001 0.026 0.007 0.012 0.076 0.749 
  94 I _   0.009 0.079 0.001 0.018 0.005 0.011 0.079 0.797 
  95 N _   0.008 0.048 0.001 0.012 0.004 0.009 0.082 0.836 
  96 S _   0.007 0.027 0.000 0.007 0.003 0.008 0.083 0.864 
  97 N _   0.006 0.016 0.000 0.005 0.002 0.008 0.084 0.880 
  98 R _   0.006 0.010 0.000 0.003 0.002 0.008 0.084 0.887 
  99 S _   0.006 0.008 0.000 0.003 0.002 0.009 0.084 0.888 
 100 E _   0.007 0.008 0.000 0.003 0.002 0.011 0.083 0.886 
 101 E _   0.010 0.009 0.000 0.004 0.003 0.015 0.081 0.878 
 102 M _   0.014 0.013 0.000 0.006 0.005 0.021 0.079 0.862 
 103 D _   0.020 0.021 0.001 0.011 0.009 0.028 0.076 0.836 
 104 M _   0.027 0.035 0.001 0.017 0.014 0.036 0.073 0.798 
 105 D _   0.034 0.055 0.002 0.025 0.021 0.043 0.069 0.751 
 106 H _   0.040 0.076 0.002 0.034 0.029 0.050 0.065 0.704 
 107 I _   0.046 0.095 0.002 0.043 0.035 0.054 0.062 0.663 
 108 M _   0.050 0.107 0.002 0.049 0.040 0.057 0.059 0.636 
 109 T _   0.054 0.114 0.002 0.052 0.042 0.057 0.058 0.621 
 110 W _   0.055 0.117 0.002 0.053 0.041 0.056 0.057 0.619 
 111 A _   0.055 0.115 0.002 0.051 0.039 0.054 0.056 0.628 
 112 T _   0.055 0.109 0.002 0.045 0.035 0.050 0.056 0.648 
 113 D _   0.052 0.098 0.002 0.038 0.030 0.046 0.056 0.677 
 114 V _   0.050 0.082 0.002 0.030 0.025 0.042 0.057 0.712 
 115 A _   0.047 0.066 0.002 0.023 0.019 0.038 0.058 0.748 
 116 K _   0.043 0.049 0.001 0.017 0.015 0.034 0.058 0.783 
 117 G _   0.039 0.036 0.001 0.012 0.012 0.030 0.059 0.811 
 118 M _   0.035 0.027 0.001 0.010 0.009 0.027 0.059 0.832 
 119 H _   0.031 0.022 0.001 0.008 0.008 0.025 0.060 0.846 
 120 Y _   0.028 0.019 0.001 0.008 0.007 0.023 0.060 0.854 
 121 L _   0.026 0.017 0.001 0.009 0.007 0.022 0.060 0.859 
 122 H _   0.024 0.017 0.001 0.010 0.007 0.021 0.060 0.861 
 123 M _   0.022 0.017 0.001 0.012 0.008 0.020 0.060 0.861 
 124 E _   0.020 0.017 0.001 0.014 0.008 0.019 0.060 0.862 
 125 A _   0.019 0.017 0.001 0.015 0.008 0.019 0.060 0.862 
 126 P _   0.017 0.017 0.001 0.016 0.008 0.018 0.060 0.864 
 127 V _   0.016 0.016 0.001 0.016 0.008 0.016 0.060 0.867 
 128 K _   0.015 0.015 0.001 0.015 0.007 0.015 0.060 0.873 
 129 V _   0.013 0.013 0.001 0.014 0.006 0.014 0.060 0.879 
 130 I _   0.012 0.012 0.001 0.011 0.005 0.013 0.060 0.886 
 131 H _   0.011 0.010 0.001 0.009 0.004 0.012 0.060 0.893 
 132 R _   0.010 0.009 0.000 0.007 0.004 0.011 0.060 0.899 
 133 D _   0.009 0.008 0.000 0.006 0.003 0.011 0.059 0.903 
 134 L _   0.009 0.008 0.000 0.005 0.003 0.011 0.059 0.904 
 135 K _   0.010 0.008 0.000 0.005 0.003 0.012 0.058 0.903 
 136 S _   0.011 0.010 0.000 0.006 0.004 0.014 0.057 0.898 
 137 R _   0.012 0.013 0.001 0.007 0.005 0.016 0.056 0.890 
 138 N _   0.014 0.019 0.001 0.009 0.007 0.019 0.055 0.876 
 139 V _   0.017 0.029 0.001 0.013 0.009 0.022 0.054 0.856 
 140 V _   0.020 0.042 0.001 0.017 0.011 0.026 0.052 0.831 
 141 I _   0.022 0.058 0.001 0.022 0.014 0.029 0.050 0.804 
 142 A _   0.024 0.073 0.001 0.026 0.017 0.031 0.048 0.779 
 143 A _   0.025 0.087 0.001 0.031 0.019 0.033 0.047 0.755 
 144 D _   0.026 0.099 0.002 0.035 0.022 0.035 0.046 0.736 
 145 G _   0.027 0.108 0.002 0.038 0.023 0.036 0.045 0.721 
 146 V _   0.028 0.114 0.002 0.041 0.023 0.035 0.044 0.712 
 147 L _   0.028 0.117 0.002 0.043 0.023 0.035 0.044 0.709 
 148 K _   0.027 0.117 0.002 0.043 0.022 0.033 0.044 0.712 
 149 I _   0.026 0.114 0.001 0.042 0.020 0.031 0.045 0.721 
 150 C _   0.024 0.107 0.001 0.039 0.018 0.028 0.046 0.736 
 151 D _   0.022 0.096 0.001 0.035 0.015 0.026 0.046 0.759 
 152 F _   0.019 0.080 0.001 0.029 0.012 0.023 0.048 0.788 
 153 G _   0.018 0.061 0.001 0.022 0.010 0.021 0.049 0.819 
 154 A _   0.016 0.041 0.001 0.016 0.007 0.019 0.050 0.850 
 155 S _   0.015 0.024 0.001 0.010 0.005 0.017 0.051 0.877 
 156 R _   0.014 0.012 0.001 0.007 0.004 0.016 0.051 0.896 
 157 F _   0.014 0.005 0.000 0.004 0.003 0.016 0.051 0.905 
 158 H _   0.016 0.003 0.000 0.003 0.003 0.017 0.051 0.906 
 159 N _   0.020 0.002 0.000 0.003 0.004 0.020 0.051 0.900 
 160 H _   0.028 0.002 0.000 0.003 0.005 0.025 0.050 0.887 
 161 T _   0.038 0.003 0.001 0.005 0.008 0.031 0.049 0.866 
 162 T _   0.052 0.005 0.001 0.007 0.013 0.039 0.048 0.836 
 163 H _   0.067 0.009 0.001 0.012 0.021 0.047 0.047 0.798 
 164 M _   0.082 0.015 0.002 0.017 0.029 0.054 0.046 0.755 
 165 S _   0.095 0.022 0.002 0.023 0.037 0.060 0.045 0.716 
 166 L _   0.106 0.028 0.002 0.028 0.043 0.064 0.044 0.685 
 167 V _   0.115 0.032 0.002 0.031 0.047 0.066 0.044 0.663 
 168 G _   0.121 0.034 0.002 0.031 0.049 0.066 0.044 0.652 
 169 T _   0.124 0.035 0.002 0.030 0.048 0.065 0.044 0.651 
 170 F _   0.123 0.034 0.002 0.027 0.046 0.063 0.045 0.659 
 171 P _   0.118 0.032 0.002 0.024 0.041 0.060 0.046 0.676 
 172 W _   0.110 0.028 0.002 0.021 0.036 0.056 0.048 0.699 
 173 M _   0.099 0.025 0.002 0.019 0.030 0.052 0.050 0.723 
 174 A _   0.087 0.022 0.002 0.017 0.025 0.047 0.051 0.748 
 175 P _   0.075 0.020 0.001 0.017 0.021 0.043 0.053 0.770 
 176 E _   0.064 0.018 0.001 0.017 0.018 0.038 0.055 0.789 
 177 V _   0.053 0.017 0.001 0.017 0.015 0.034 0.057 0.806 
 178 I _   0.044 0.015 0.001 0.017 0.013 0.030 0.059 0.821 
 179 Q _   0.036 0.013 0.001 0.017 0.011 0.026 0.061 0.835 
 180 S _   0.029 0.011 0.001 0.016 0.009 0.022 0.062 0.849 
 181 L _   0.023 0.009 0.001 0.014 0.007 0.019 0.064 0.863 
 182 P _   0.019 0.006 0.001 0.011 0.006 0.016 0.065 0.876 
 183 V _   0.015 0.004 0.001 0.008 0.004 0.014 0.066 0.887 
 184 S _   0.013 0.003 0.000 0.006 0.003 0.013 0.067 0.895 
 185 E _   0.012 0.001 0.000 0.004 0.003 0.012 0.068 0.900 
 186 T _   0.012 0.001 0.000 0.003 0.002 0.012 0.068 0.902 
 187 C _   0.013 0.001 0.000 0.002 0.002 0.013 0.068 0.900 
 188 D _   0.016 0.001 0.000 0.003 0.003 0.016 0.067 0.893 
 189 T _   0.022 0.001 0.000 0.003 0.005 0.021 0.067 0.880 
 190 Y _   0.032 0.004 0.001 0.005 0.009 0.028 0.066 0.857 
 191 S _   0.043 0.010 0.001 0.010 0.015 0.036 0.065 0.821 
 192 Y _   0.055 0.023 0.002 0.017 0.024 0.044 0.063 0.773 
 193 G _   0.065 0.043 0.002 0.027 0.033 0.050 0.062 0.718 
 194 V _   0.073 0.063 0.002 0.039 0.040 0.054 0.061 0.668 
 195 V _   0.077 0.078 0.003 0.048 0.045 0.056 0.060 0.632 
 196 L _   0.079 0.087 0.003 0.055 0.047 0.056 0.060 0.614 
 197 W _   0.078 0.090 0.002 0.057 0.046 0.053 0.061 0.612 
 198 E _   0.074 0.088 0.002 0.054 0.042 0.050 0.063 0.626 
 199 M _   0.067 0.082 0.002 0.048 0.037 0.045 0.065 0.654 
 200 L _   0.060 0.070 0.002 0.039 0.030 0.040 0.067 0.693 
 201 T _   0.051 0.053 0.002 0.029 0.022 0.035 0.070 0.740 
 202 R _   0.042 0.034 0.001 0.019 0.015 0.029 0.073 0.786 
 203 E _   0.034 0.020 0.001 0.012 0.010 0.025 0.075 0.823 
 204 V _   0.028 0.011 0.001 0.008 0.006 0.021 0.077 0.848 
 205 P _   0.024 0.006 0.000 0.005 0.004 0.019 0.078 0.863 
 206 F _   0.021 0.004 0.000 0.004 0.004 0.018 0.079 0.871 
 207 K _   0.020 0.003 0.000 0.003 0.003 0.018 0.079 0.872 
 208 G _   0.021 0.004 0.000 0.004 0.004 0.019 0.079 0.869 
 209 L _   0.023 0.005 0.001 0.005 0.005 0.022 0.079 0.860 
 210 E _   0.026 0.008 0.001 0.007 0.008 0.025 0.079 0.846 
 211 G _   0.030 0.014 0.001 0.012 0.011 0.028 0.079 0.825 
 212 L _   0.034 0.023 0.001 0.017 0.015 0.032 0.078 0.799 
 213 Q _   0.037 0.034 0.001 0.024 0.019 0.034 0.078 0.772 
 214 V _   0.039 0.044 0.002 0.031 0.022 0.036 0.078 0.748 
 215 A _   0.040 0.051 0.002 0.036 0.023 0.036 0.079 0.733 
 216 W _   0.040 0.055 0.002 0.039 0.023 0.035 0.080 0.726 
 217 L _   0.038 0.056 0.002 0.039 0.022 0.034 0.081 0.728 
 218 V _   0.036 0.054 0.001 0.036 0.020 0.032 0.083 0.737 
 219 V _   0.034 0.051 0.001 0.031 0.017 0.029 0.086 0.752 
 220 E _   0.030 0.045 0.001 0.026 0.015 0.026 0.088 0.769 
 221 K _   0.027 0.038 0.001 0.021 0.012 0.023 0.091 0.788 
 222 N _   0.024 0.030 0.001 0.016 0.009 0.020 0.094 0.806 
 223 E _   0.020 0.023 0.001 0.012 0.007 0.018 0.097 0.822 
 224 R _   0.018 0.018 0.001 0.010 0.005 0.016 0.099 0.834 
 225 L _   0.015 0.014 0.001 0.007 0.004 0.014 0.101 0.844 
 226 T _   0.014 0.011 0.000 0.006 0.003 0.013 0.103 0.850 
 227 I _   0.012 0.010 0.000 0.005 0.003 0.013 0.104 0.853 
 228 P _   0.012 0.009 0.000 0.004 0.003 0.014 0.105 0.853 
 229 S _   0.013 0.010 0.000 0.004 0.003 0.015 0.105 0.848 
 230 S _   0.015 0.013 0.000 0.005 0.005 0.018 0.105 0.839 
 231 C _   0.018 0.018 0.001 0.008 0.007 0.022 0.105 0.821 
 232 P _   0.022 0.031 0.001 0.012 0.011 0.027 0.104 0.792 
 233 R _   0.026 0.052 0.001 0.020 0.016 0.031 0.103 0.750 
 234 S _   0.028 0.081 0.002 0.030 0.022 0.034 0.102 0.701 
 235 F _   0.030 0.112 0.002 0.043 0.026 0.036 0.102 0.651 
 236 A _   0.030 0.137 0.002 0.054 0.027 0.036 0.102 0.612 
 237 E _   0.030 0.151 0.002 0.062 0.028 0.035 0.103 0.590 
 238 L _   0.028 0.158 0.002 0.066 0.026 0.033 0.105 0.582 
 239 L _   0.026 0.157 0.002 0.065 0.024 0.030 0.108 0.588 
 240 H _   0.024 0.150 0.002 0.059 0.020 0.027 0.112 0.606 
 241 Q _   0.021 0.135 0.002 0.050 0.016 0.023 0.117 0.637 
 242 C _   0.018 0.109 0.001 0.038 0.012 0.019 0.123 0.678 
 243 W _   0.016 0.077 0.001 0.026 0.009 0.016 0.129 0.725 
 244 E _   0.014 0.046 0.001 0.016 0.006 0.013 0.135 0.769 
 245 A _   0.011 0.023 0.001 0.009 0.004 0.011 0.139 0.802 
 246 D _   0.009 0.011 0.000 0.005 0.002 0.009 0.142 0.822 
 247 A _   0.008 0.005 0.000 0.003 0.002 0.008 0.144 0.830 
 248 K _   0.008 0.003 0.000 0.002 0.001 0.009 0.144 0.832 
 249 K _   0.009 0.003 0.000 0.002 0.002 0.011 0.144 0.829 
 250 R _   0.013 0.004 0.000 0.003 0.003 0.015 0.144 0.818 
 251 P _   0.020 0.009 0.001 0.005 0.006 0.022 0.142 0.795 
 252 S _   0.029 0.027 0.001 0.011 0.013 0.031 0.140 0.749 
 253 F _   0.037 0.076 0.002 0.022 0.024 0.040 0.136 0.663 
 254 K _   0.042 0.163 0.003 0.039 0.035 0.046 0.131 0.542 
 255 Q _   0.042 0.257 0.003 0.056 0.040 0.047 0.126 0.428 
 256 I _   0.040 0.328 0.003 0.070 0.041 0.045 0.124 0.349 
 257 I E   0.038 0.367 0.002 0.080 0.039 0.043 0.124 0.308 
 258 S E   0.035 0.384 0.002 0.085 0.036 0.040 0.125 0.293 
 259 I E   0.033 0.388 0.002 0.085 0.033 0.036 0.128 0.294 
 260 L E   0.030 0.382 0.002 0.080 0.030 0.032 0.133 0.311 
 261 E E   0.028 0.361 0.002 0.070 0.025 0.028 0.140 0.346 
 262 S _   0.025 0.320 0.002 0.058 0.021 0.024 0.148 0.401 
 263 M _   0.022 0.257 0.002 0.044 0.016 0.021 0.160 0.478 
 264 S _   0.019 0.183 0.002 0.031 0.012 0.018 0.172 0.563 
 265 N _   0.017 0.120 0.001 0.021 0.008 0.014 0.183 0.636 
 266 D _   0.013 0.077 0.001 0.014 0.005 0.011 0.192 0.687 
 267 T _   0.010 0.053 0.000 0.009 0.003 0.009 0.198 0.718 
 268 S _   0.008 0.039 0.000 0.006 0.002 0.007 0.202 0.735 
 269 L _   0.006 0.032 0.000 0.005 0.002 0.006 0.205 0.744 
 270 P _   0.005 0.029 0.000 0.004 0.001 0.006 0.206 0.748 
 271 D _   0.004 0.028 0.000 0.004 0.001 0.005 0.206 0.750 
 272 K _   0.004 0.028 0.000 0.005 0.001 0.006 0.206 0.750 
 273 C _   0.004 0.030 0.000 0.006 0.002 0.006 0.204 0.749 
 274 N _   0.004 0.033 0.000 0.007 0.002 0.007 0.202 0.746 
 275 S _   0.004 0.037 0.000 0.008 0.002 0.008 0.199 0.741 
 276 F _   0.004 0.045 0.000 0.010 0.003 0.009 0.196 0.734 
 277 L _   0.005 0.054 0.000 0.011 0.003 0.011 0.191 0.724 
 278 H _   0.005 0.068 0.001 0.014 0.004 0.012 0.186 0.710 
 279 N _   0.006 0.085 0.001 0.016 0.005 0.014 0.181 0.691 
 280 K _   0.007 0.108 0.001 0.020 0.007 0.016 0.175 0.666 
 281 A _   0.008 0.134 0.001 0.024 0.009 0.018 0.169 0.637 
 282 E _   0.009 0.162 0.001 0.029 0.011 0.020 0.164 0.605 
 283 W _   0.010 0.189 0.001 0.034 0.013 0.021 0.159 0.573 
 284 R _   0.010 0.212 0.001 0.040 0.014 0.022 0.156 0.545 
 285 C _   0.011 0.229 0.001 0.045 0.015 0.023 0.153 0.524 
 286 E _   0.011 0.239 0.001 0.048 0.015 0.022 0.151 0.511 
 287 I _   0.012 0.244 0.001 0.049 0.015 0.022 0.151 0.506 
 288 E _   0.012 0.244 0.001 0.048 0.014 0.021 0.151 0.508 
 289 A _   0.013 0.238 0.001 0.045 0.013 0.020 0.152 0.518 
 290 T _   0.013 0.226 0.001 0.040 0.012 0.018 0.154 0.536 
 291 L _   0.013 0.205 0.001 0.034 0.011 0.017 0.157 0.562 
 292 E _   0.012 0.178 0.001 0.028 0.009 0.015 0.160 0.595 
 293 R _   0.012 0.145 0.001 0.023 0.008 0.014 0.165 0.632 
 294 L _   0.012 0.113 0.001 0.018 0.006 0.013 0.169 0.668 
 295 K _   0.011 0.086 0.001 0.014 0.005 0.012 0.173 0.698 
 296 K _   0.010 0.066 0.001 0.011 0.004 0.010 0.176 0.721 
 297 L _   0.010 0.051 0.000 0.009 0.003 0.009 0.179 0.738 
 298 E _   0.009 0.041 0.000 0.008 0.003 0.009 0.181 0.749 
 299 R _   0.008 0.034 0.000 0.008 0.003 0.008 0.183 0.757 
 300 D _   0.008 0.029 0.000 0.007 0.002 0.008 0.184 0.762 
 301 L _   0.007 0.025 0.000 0.007 0.002 0.007 0.184 0.765 
 302 S _   0.007 0.023 0.000 0.007 0.002 0.007 0.185 0.769 
 303 F _   0.006 0.021 0.000 0.007 0.002 0.007 0.185 0.771 
 304 K _   0.006 0.019 0.000 0.007 0.002 0.007 0.184 0.774 
 305 E _   0.006 0.018 0.000 0.007 0.002 0.007 0.184 0.776 
 306 Q _   0.006 0.017 0.000 0.007 0.002 0.007 0.183 0.779 
 307 E _   0.005 0.017 0.000 0.007 0.002 0.007 0.181 0.781 
 308 L _   0.005 0.017 0.000 0.007 0.002 0.007 0.179 0.782 
 309 K _   0.005 0.017 0.000 0.007 0.002 0.007 0.177 0.783 
 310 E _   0.005 0.018 0.000 0.008 0.003 0.008 0.175 0.783 
 311 R _   0.005 0.020 0.000 0.009 0.003 0.008 0.172 0.782 
 312 E _   0.006 0.022 0.000 0.011 0.003 0.009 0.169 0.779 
 313 R _   0.006 0.025 0.000 0.013 0.004 0.010 0.166 0.775 
 314 R _   0.007 0.028 0.001 0.016 0.005 0.011 0.163 0.769 
 315 L _   0.007 0.031 0.001 0.020 0.006 0.012 0.160 0.764 
 316 K _   0.007 0.034 0.001 0.023 0.006 0.012 0.158 0.759 
 317 M _   0.008 0.035 0.001 0.025 0.007 0.012 0.156 0.757 
 318 W _   0.008 0.035 0.001 0.025 0.007 0.012 0.154 0.757 
 319 E _   0.008 0.034 0.001 0.024 0.006 0.012 0.154 0.761 
 320 Q _   0.008 0.032 0.001 0.022 0.006 0.011 0.153 0.768 
 321 K _   0.008 0.028 0.001 0.018 0.005 0.010 0.153 0.777 
 322 L _   0.007 0.023 0.001 0.014 0.004 0.009 0.153 0.788 
 323 T _   0.007 0.018 0.000 0.011 0.003 0.008 0.153 0.799 
 324 E _   0.007 0.014 0.000 0.007 0.003 0.008 0.152 0.809 
 325 Q _   0.006 0.011 0.000 0.005 0.002 0.007 0.152 0.816 
 326 S _   0.006 0.009 0.000 0.004 0.002 0.008 0.151 0.820 
 327 N _   0.007 0.008 0.000 0.004 0.002 0.008 0.149 0.821 
 328 T _   0.008 0.009 0.000 0.004 0.003 0.010 0.147 0.819 
 329 P _   0.009 0.011 0.000 0.006 0.004 0.012 0.145 0.813 
 330 L _   0.011 0.015 0.001 0.009 0.005 0.015 0.142 0.802 
 331 L _   0.012 0.022 0.001 0.014 0.007 0.018 0.139 0.786 
 332 P _   0.014 0.031 0.001 0.021 0.010 0.021 0.135 0.767 
 333 S _   0.015 0.040 0.001 0.027 0.012 0.023 0.132 0.751 
 334 F _   0.016 0.046 0.001 0.031 0.013 0.024 0.129 0.740 
 335 E _   0.016 0.050 0.001 0.033 0.014 0.025 0.127 0.735 
 336 I _   0.016 0.051 0.001 0.031 0.013 0.025 0.125 0.737 
 337 G _   0.017 0.050 0.001 0.027 0.012 0.024 0.124 0.746 
 338 A _   0.017 0.047 0.001 0.021 0.010 0.024 0.123 0.757 
 339 W _   0.017 0.043 0.001 0.015 0.009 0.023 0.122 0.770 
 340 T _   0.017 0.040 0.001 0.011 0.008 0.024 0.121 0.779 
 341 E _   0.019 0.038 0.001 0.008 0.007 0.025 0.120 0.782 
 342 D _   0.021 0.038 0.001 0.008 0.008 0.027 0.119 0.779 
 343 D _   0.023 0.041 0.001 0.010 0.010 0.029 0.118 0.767 
 344 V _   0.026 0.048 0.001 0.015 0.013 0.032 0.117 0.747 
 345 Y _   0.028 0.059 0.001 0.024 0.017 0.034 0.115 0.720 
 346 C _   0.029 0.072 0.002 0.035 0.021 0.035 0.114 0.693 
 347 W _   0.029 0.082 0.002 0.046 0.022 0.034 0.113 0.672 
 348 V _   0.028 0.087 0.002 0.052 0.022 0.033 0.113 0.664 
 349 Q _   0.025 0.087 0.002 0.053 0.020 0.030 0.114 0.669 
 350 Q _   0.022 0.083 0.001 0.048 0.017 0.027 0.115 0.686 
 351 L _   0.019 0.074 0.001 0.038 0.014 0.023 0.117 0.714 
 352 V _   0.017 0.058 0.001 0.026 0.010 0.020 0.119 0.750 
 353 R _   0.014 0.041 0.001 0.015 0.007 0.017 0.121 0.785 
 354 K _   0.012 0.027 0.001 0.008 0.004 0.015 0.122 0.811 
 355 G _   0.011 0.020 0.000 0.005 0.003 0.014 0.122 0.825 
 356 D _   0.011 0.017 0.000 0.004 0.003 0.014 0.123 0.828 
 357 S _   0.012 0.018 0.000 0.004 0.004 0.016 0.123 0.823 
 358 S _   0.015 0.021 0.001 0.007 0.005 0.019 0.122 0.810 
 359 A _   0.018 0.031 0.001 0.013 0.009 0.023 0.122 0.784 
 360 E _   0.021 0.047 0.001 0.022 0.013 0.026 0.121 0.748 
 361 M _   0.023 0.067 0.001 0.034 0.017 0.029 0.119 0.709 
 362 S _   0.024 0.082 0.002 0.045 0.019 0.030 0.119 0.679 
 363 V _   0.025 0.091 0.002 0.052 0.020 0.029 0.119 0.662 
 364 Y _   0.024 0.094 0.001 0.054 0.020 0.028 0.120 0.658 
 365 A _   0.022 0.093 0.001 0.051 0.019 0.026 0.122 0.666 
 366 S _   0.021 0.086 0.001 0.044 0.016 0.023 0.125 0.683 
 367 L _   0.019 0.074 0.001 0.034 0.013 0.020 0.129 0.709 
 368 F _   0.017 0.058 0.001 0.024 0.010 0.017 0.133 0.740 
 369 K _   0.015 0.041 0.001 0.016 0.007 0.015 0.137 0.769 
 370 E _   0.013 0.028 0.001 0.010 0.005 0.012 0.140 0.791 
 371 N _   0.011 0.020 0.000 0.007 0.003 0.011 0.143 0.804 
 372 N _   0.010 0.016 0.000 0.005 0.003 0.010 0.145 0.810 
 373 I _   0.009 0.015 0.000 0.005 0.003 0.010 0.147 0.811 
 374 T _   0.009 0.014 0.000 0.007 0.003 0.010 0.148 0.808 
 375 G _   0.009 0.015 0.000 0.009 0.004 0.010 0.149 0.803 
 376 K _   0.010 0.016 0.001 0.012 0.004 0.011 0.150 0.796 
 377 R _   0.009 0.017 0.001 0.015 0.005 0.011 0.152 0.790 
 378 L _   0.009 0.018 0.001 0.017 0.005 0.011 0.153 0.786 
 379 L _   0.008 0.018 0.001 0.018 0.005 0.010 0.154 0.786 
 380 L _   0.007 0.017 0.001 0.016 0.005 0.010 0.155 0.789 
 381 L _   0.007 0.016 0.000 0.014 0.004 0.009 0.157 0.794 
 382 E _   0.006 0.014 0.000 0.011 0.003 0.008 0.158 0.800 
 383 E _   0.005 0.012 0.000 0.008 0.003 0.007 0.159 0.805 
 384 E _   0.005 0.011 0.000 0.006 0.002 0.007 0.160 0.809 
 385 D _   0.005 0.010 0.000 0.005 0.002 0.007 0.161 0.811 
 386 L _   0.005 0.010 0.000 0.005 0.002 0.007 0.161 0.810 
 387 K _   0.005 0.011 0.000 0.005 0.002 0.008 0.161 0.807 
 388 D _   0.006 0.014 0.000 0.006 0.003 0.010 0.160 0.801 
 389 M _   0.007 0.019 0.000 0.008 0.004 0.012 0.160 0.790 
 390 G _   0.009 0.026 0.001 0.011 0.005 0.015 0.158 0.775 
 391 I _   0.011 0.037 0.001 0.014 0.007 0.019 0.157 0.755 
 392 V _   0.012 0.049 0.001 0.018 0.009 0.022 0.156 0.732 
 393 S _   0.014 0.062 0.001 0.021 0.011 0.026 0.154 0.710 
 394 K _   0.016 0.073 0.001 0.025 0.014 0.029 0.153 0.688 
 395 G _   0.019 0.084 0.001 0.027 0.016 0.033 0.153 0.668 
 396 H _   0.021 0.093 0.001 0.029 0.019 0.035 0.152 0.649 
 397 I _   0.023 0.100 0.001 0.031 0.021 0.038 0.153 0.633 
 398 I _   0.026 0.106 0.001 0.032 0.023 0.039 0.154 0.620 
 399 H _   0.028 0.109 0.002 0.033 0.024 0.040 0.155 0.610 
 400 F _   0.029 0.111 0.002 0.033 0.024 0.040 0.158 0.604 
 401 K _   0.029 0.111 0.002 0.032 0.023 0.039 0.161 0.603 
 402 S _   0.030 0.109 0.002 0.031 0.021 0.038 0.165 0.606 
 403 A _   0.030 0.105 0.001 0.028 0.019 0.036 0.169 0.613 
 404 I _   0.030 0.098 0.001 0.024 0.017 0.034 0.174 0.623 
 405 E _   0.029 0.091 0.001 0.020 0.015 0.032 0.179 0.634 
 406 K _   0.028 0.083 0.001 0.016 0.012 0.030 0.184 0.646 
 407 L _   0.027 0.075 0.001 0.013 0.011 0.028 0.190 0.655 
 408 T _   0.026 0.070 0.001 0.011 0.010 0.027 0.195 0.661 
 409 H _   0.026 0.067 0.001 0.010 0.009 0.027 0.200 0.661 
 410 D _   0.026 0.066 0.001 0.011 0.009 0.026 0.204 0.656 
 411 Y _   0.026 0.067 0.001 0.014 0.010 0.026 0.209 0.647 
 412 I _   0.026 0.069 0.001 0.018 0.011 0.026 0.215 0.634 
 413 N _   0.026 0.072 0.001 0.024 0.012 0.025 0.221 0.619 
 414 L _   0.025 0.074 0.001 0.029 0.013 0.024 0.227 0.607 
 415 F _   0.023 0.074 0.001 0.033 0.013 0.022 0.235 0.599 
 416 H _   0.021 0.072 0.001 0.034 0.012 0.020 0.244 0.597 
 417 F _   0.018 0.067 0.001 0.032 0.010 0.018 0.253 0.600 
 418 P _   0.016 0.059 0.001 0.029 0.008 0.015 0.264 0.608 
 419 P _   0.013 0.048 0.001 0.023 0.006 0.013 0.275 0.621 
 420 L _   0.011 0.036 0.001 0.017 0.005 0.010 0.285 0.635 
 421 I _   0.010 0.024 0.000 0.012 0.003 0.008 0.295 0.647 
 422 K _   0.008 0.015 0.000 0.008 0.002 0.007 0.303 0.656 
 423 D _   0.007 0.009 0.000 0.005 0.002 0.005 0.309 0.662 
 424 S _   0.006 0.006 0.000 0.004 0.001 0.004 0.313 0.666 
 425 G _   0.005 0.004 0.000 0.003 0.001 0.004 0.316 0.668 
 426 G _   0.004 0.003 0.000 0.002 0.001 0.003 0.317 0.670 
 427 E _   0.003 0.002 0.000 0.002 0.001 0.003 0.316 0.671 
 428 P _   0.003 0.003 0.000 0.002 0.001 0.004 0.314 0.673 
 429 E _   0.003 0.003 0.000 0.002 0.001 0.005 0.311 0.674 
 430 E _   0.004 0.005 0.000 0.003 0.001 0.007 0.306 0.673 
 431 N _   0.006 0.010 0.000 0.005 0.002 0.011 0.298 0.668 
 432 E _   0.008 0.022 0.001 0.008 0.004 0.016 0.288 0.653 
 433 E _   0.012 0.051 0.001 0.015 0.009 0.023 0.272 0.617 
 434 K _   0.017 0.109 0.002 0.024 0.017 0.031 0.250 0.551 
 435 I _   0.020 0.204 0.003 0.035 0.026 0.037 0.224 0.452 
 436 V _   0.020 0.322 0.003 0.046 0.032 0.039 0.198 0.339 
 437 N E   0.019 0.428 0.003 0.055 0.033 0.038 0.177 0.246 
 438 L E   0.018 0.502 0.002 0.061 0.031 0.035 0.164 0.186 
 439 E E   0.017 0.543 0.002 0.065 0.029 0.032 0.156 0.156 
 440 L E   0.016 0.562 0.001 0.067 0.027 0.030 0.152 0.144 
 441 V E   0.016 0.568 0.001 0.068 0.025 0.027 0.150 0.145 
 442 F E   0.016 0.564 0.001 0.066 0.023 0.025 0.149 0.155 
 443 G E   0.016 0.547 0.002 0.062 0.021 0.023 0.150 0.179 
 444 F E   0.016 0.510 0.002 0.056 0.020 0.021 0.153 0.223 
 445 H E   0.017 0.439 0.002 0.048 0.018 0.019 0.157 0.298 
 446 L _   0.019 0.336 0.002 0.038 0.016 0.018 0.165 0.405 
 447 K _   0.019 0.220 0.002 0.028 0.013 0.016 0.173 0.529 
 448 P _   0.017 0.125 0.001 0.018 0.008 0.014 0.181 0.635 
 449 G _   0.014 0.068 0.001 0.011 0.005 0.011 0.186 0.704 
 450 T _   0.010 0.041 0.000 0.007 0.003 0.009 0.188 0.741 
 451 G _   0.008 0.029 0.000 0.004 0.002 0.007 0.189 0.760 
 452 P _   0.006 0.024 0.000 0.004 0.002 0.007 0.189 0.768 
 453 Q _   0.005 0.023 0.000 0.004 0.002 0.007 0.188 0.771 
 454 D _   0.005 0.023 0.000 0.005 0.002 0.007 0.187 0.772 
 455 C _   0.005 0.024 0.000 0.007 0.002 0.008 0.184 0.770 
 456 K _   0.005 0.027 0.000 0.009 0.003 0.008 0.181 0.766 
 457 W _   0.005 0.031 0.000 0.011 0.003 0.009 0.178 0.762 
 458 K _   0.005 0.036 0.000 0.013 0.004 0.010 0.174 0.758 
 459 M _   0.005 0.040 0.001 0.014 0.004 0.010 0.170 0.756 
 460 Y _   0.005 0.044 0.001 0.014 0.004 0.011 0.166 0.755 
 461 M _   0.005 0.047 0.001 0.014 0.004 0.012 0.162 0.755 
 462 E _   0.006 0.050 0.001 0.013 0.004 0.012 0.159 0.755 
 463 M _   0.006 0.053 0.001 0.012 0.005 0.014 0.155 0.754 
 464 D _   0.008 0.058 0.001 0.012 0.005 0.016 0.152 0.749 
 465 G _   0.010 0.064 0.001 0.013 0.007 0.019 0.148 0.739 
 466 D _   0.012 0.074 0.001 0.016 0.009 0.022 0.144 0.722 
 467 E _   0.015 0.087 0.001 0.020 0.012 0.026 0.140 0.698 
 468 I _   0.018 0.105 0.001 0.027 0.015 0.029 0.136 0.669 
 469 A _   0.020 0.123 0.002 0.036 0.019 0.031 0.132 0.638 
 470 I _   0.021 0.138 0.002 0.045 0.021 0.032 0.129 0.612 
 471 T _   0.022 0.148 0.002 0.052 0.022 0.031 0.126 0.598 
 472 Y _   0.021 0.152 0.002 0.055 0.022 0.030 0.125 0.593 
 473 I _   0.021 0.151 0.002 0.056 0.021 0.028 0.125 0.598 
 474 K _   0.019 0.145 0.002 0.052 0.018 0.026 0.125 0.614 
 475 D _   0.018 0.132 0.001 0.044 0.015 0.023 0.126 0.640 
 476 V _   0.016 0.111 0.001 0.035 0.012 0.019 0.128 0.676 
 477 T _   0.015 0.085 0.001 0.026 0.009 0.016 0.129 0.719 
 478 F _   0.013 0.058 0.001 0.017 0.007 0.014 0.131 0.760 
 479 N _   0.011 0.036 0.001 0.011 0.005 0.011 0.132 0.793 
 480 T _   0.009 0.023 0.000 0.007 0.003 0.010 0.133 0.815 
 481 N _   0.007 0.015 0.000 0.005 0.002 0.009 0.133 0.828 
 482 L _   0.007 0.012 0.000 0.004 0.002 0.008 0.132 0.835 
 483 P _   0.006 0.010 0.000 0.004 0.002 0.008 0.131 0.837 
 484 D _   0.007 0.010 0.000 0.005 0.002 0.009 0.129 0.837 
 485 A _   0.007 0.011 0.000 0.007 0.003 0.010 0.127 0.834 
 486 E _   0.008 0.013 0.000 0.008 0.004 0.012 0.125 0.830 
 487 I _   0.008 0.015 0.001 0.010 0.004 0.013 0.123 0.826 
 488 L _   0.009 0.017 0.001 0.012 0.005 0.015 0.120 0.822 
 489 K _   0.010 0.019 0.001 0.013 0.006 0.016 0.117 0.818 
 490 M _   0.011 0.021 0.001 0.013 0.006 0.018 0.115 0.816 
 491 T _   0.012 0.022 0.001 0.013 0.007 0.020 0.112 0.813 
 492 K _   0.014 0.024 0.001 0.012 0.008 0.023 0.110 0.809 
 493 P _   0.017 0.026 0.001 0.012 0.009 0.025 0.107 0.803 
 494 P _   0.020 0.030 0.001 0.012 0.011 0.029 0.105 0.793 
 495 F _   0.024 0.035 0.001 0.013 0.013 0.032 0.103 0.779 
 496 V _   0.029 0.041 0.001 0.015 0.016 0.036 0.101 0.761 
 497 M _   0.034 0.050 0.001 0.018 0.019 0.039 0.099 0.741 
 498 E _   0.037 0.059 0.002 0.022 0.021 0.041 0.097 0.721 
 499 K _   0.040 0.067 0.002 0.025 0.023 0.042 0.096 0.705 
 500 W _   0.041 0.074 0.002 0.027 0.024 0.043 0.095 0.695 
 501 I _   0.042 0.079 0.002 0.027 0.023 0.042 0.095 0.690 
 502 V _   0.042 0.082 0.002 0.026 0.022 0.042 0.094 0.691 
 503 G _   0.041 0.083 0.001 0.023 0.021 0.040 0.094 0.696 
 504 I _   0.040 0.083 0.001 0.021 0.019 0.039 0.095 0.702 
 505 A _   0.039 0.083 0.001 0.018 0.018 0.038 0.095 0.708 
 506 K _   0.037 0.083 0.001 0.017 0.016 0.036 0.096 0.713 
 507 S _   0.035 0.084 0.001 0.017 0.016 0.035 0.096 0.715 
 508 Q _   0.033 0.086 0.001 0.019 0.016 0.034 0.097 0.714 
 509 T _   0.031 0.088 0.001 0.022 0.016 0.032 0.098 0.712 
 510 V _   0.029 0.091 0.001 0.026 0.016 0.030 0.099 0.708 
 511 E _   0.026 0.093 0.001 0.030 0.015 0.028 0.101 0.706 
 512 C _   0.024 0.093 0.001 0.032 0.015 0.026 0.103 0.707 
 513 T _   0.022 0.090 0.001 0.033 0.013 0.023 0.105 0.712 
 514 V _   0.019 0.085 0.001 0.032 0.012 0.021 0.108 0.721 
 515 T _   0.017 0.077 0.001 0.029 0.010 0.018 0.112 0.736 
 516 Y _   0.015 0.066 0.001 0.025 0.008 0.015 0.115 0.755 
 517 E _   0.013 0.051 0.001 0.020 0.007 0.013 0.119 0.777 
 518 S _   0.011 0.036 0.001 0.014 0.005 0.011 0.123 0.799 
 519 D _   0.010 0.024 0.000 0.010 0.003 0.009 0.127 0.817 
 520 V _   0.008 0.015 0.000 0.007 0.003 0.008 0.129 0.830 
 521 R _   0.007 0.010 0.000 0.005 0.002 0.007 0.131 0.839 
 522 T _   0.006 0.007 0.000 0.004 0.002 0.006 0.132 0.843 
 523 P _   0.006 0.006 0.000 0.003 0.002 0.006 0.133 0.844 
 524 K _   0.006 0.006 0.000 0.004 0.002 0.007 0.133 0.842 
 525 S _   0.006 0.007 0.000 0.005 0.002 0.008 0.133 0.839 
 526 T _   0.007 0.008 0.000 0.008 0.003 0.009 0.132 0.832 
 527 K _   0.007 0.011 0.000 0.013 0.004 0.011 0.131 0.823 
 528 H _   0.008 0.015 0.001 0.018 0.005 0.012 0.130 0.811 
 529 V _   0.008 0.019 0.001 0.024 0.007 0.013 0.129 0.800 
 530 H _   0.008 0.022 0.001 0.029 0.007 0.014 0.128 0.792 
 531 S _   0.008 0.023 0.001 0.031 0.008 0.014 0.128 0.788 
 532 I _   0.008 0.023 0.001 0.030 0.007 0.013 0.128 0.790 
 533 Q _   0.007 0.021 0.001 0.027 0.006 0.012 0.129 0.797 
 534 W _   0.007 0.018 0.001 0.021 0.005 0.011 0.130 0.808 
 535 S _   0.006 0.013 0.001 0.015 0.004 0.009 0.131 0.821 
 536 R _   0.006 0.009 0.000 0.009 0.003 0.009 0.131 0.833 
 537 T _   0.006 0.006 0.000 0.006 0.002 0.008 0.131 0.841 
 538 K _   0.006 0.004 0.000 0.003 0.002 0.008 0.131 0.846 
 539 P _   0.007 0.003 0.000 0.002 0.002 0.010 0.130 0.845 
 540 Q _   0.010 0.004 0.000 0.002 0.002 0.013 0.129 0.840 
 541 D _   0.015 0.006 0.000 0.003 0.004 0.019 0.127 0.826 
 542 E _   0.024 0.014 0.001 0.006 0.009 0.027 0.123 0.796 
 543 V _   0.035 0.043 0.002 0.013 0.019 0.038 0.118 0.734 
 544 K _   0.044 0.113 0.003 0.025 0.033 0.047 0.110 0.625 
 545 A _   0.047 0.225 0.004 0.039 0.045 0.052 0.101 0.487 
 546 V _   0.045 0.345 0.004 0.053 0.048 0.051 0.094 0.360 
 547 Q E   0.042 0.431 0.003 0.065 0.045 0.047 0.089 0.277 
 548 L E   0.038 0.479 0.002 0.073 0.041 0.043 0.087 0.236 
 549 A E   0.035 0.501 0.002 0.077 0.038 0.039 0.087 0.221 
 550 I E   0.033 0.508 0.002 0.078 0.034 0.035 0.088 0.222 
 551 Q E   0.030 0.503 0.002 0.075 0.030 0.032 0.090 0.239 
 552 T E   0.028 0.483 0.002 0.068 0.026 0.028 0.093 0.272 
 553 L E   0.025 0.440 0.002 0.058 0.022 0.024 0.098 0.329 
 554 F _   0.023 0.369 0.002 0.047 0.018 0.021 0.106 0.415 
 555 T _   0.021 0.279 0.002 0.034 0.013 0.018 0.114 0.518 
 556 N _   0.018 0.196 0.001 0.023 0.009 0.015 0.123 0.614 
 557 S _   0.015 0.137 0.001 0.015 0.006 0.012 0.129 0.685 
 558 D _   0.011 0.104 0.000 0.009 0.003 0.010 0.133 0.729 
 559 G _   0.008 0.087 0.000 0.006 0.002 0.008 0.135 0.753 
 560 N _   0.006 0.080 0.000 0.005 0.001 0.006 0.136 0.765 
 561 P _   0.005 0.077 0.000 0.004 0.001 0.006 0.136 0.770 
 562 G _   0.004 0.077 0.000 0.004 0.001 0.006 0.135 0.771 
 563 S _   0.004 0.082 0.000 0.006 0.002 0.007 0.133 0.767 
 564 R _   0.004 0.091 0.000 0.008 0.002 0.008 0.130 0.756 
 565 S _   0.005 0.108 0.000 0.011 0.003 0.010 0.125 0.737 
 566 D _   0.005 0.137 0.001 0.016 0.005 0.013 0.118 0.706 
 567 S _   0.006 0.181 0.001 0.021 0.006 0.015 0.110 0.661 
 568 S _   0.006 0.240 0.001 0.026 0.009 0.017 0.100 0.601 
 569 A _   0.007 0.313 0.001 0.031 0.011 0.018 0.090 0.530 
 570 D _   0.007 0.388 0.002 0.034 0.012 0.019 0.080 0.459 
 571 C E   0.007 0.459 0.002 0.037 0.013 0.019 0.072 0.393 
 572 Q E   0.006 0.517 0.001 0.039 0.013 0.019 0.066 0.339 
 573 W E   0.006 0.561 0.001 0.041 0.013 0.018 0.061 0.298 
 574 L E   0.006 0.590 0.001 0.043 0.013 0.018 0.058 0.271 
 575 D E   0.006 0.607 0.001 0.044 0.013 0.017 0.056 0.255 
 576 T E   0.007 0.614 0.001 0.045 0.013 0.017 0.055 0.248 
 577 L E   0.007 0.614 0.001 0.045 0.013 0.016 0.055 0.248 
 578 R E   0.008 0.607 0.001 0.043 0.013 0.016 0.055 0.257 
 579 M E   0.009 0.588 0.001 0.041 0.013 0.015 0.057 0.276 
 580 R E   0.010 0.555 0.001 0.038 0.013 0.015 0.059 0.309 
 581 Q E   0.011 0.502 0.002 0.035 0.013 0.015 0.062 0.360 
 582 I E   0.013 0.432 0.002 0.031 0.012 0.015 0.067 0.429 
 583 A _   0.014 0.350 0.002 0.027 0.011 0.015 0.072 0.509 
 584 S _   0.014 0.272 0.001 0.022 0.009 0.015 0.078 0.588 
 585 N _   0.014 0.208 0.001 0.018 0.007 0.014 0.083 0.655 
 586 T _   0.013 0.161 0.001 0.013 0.005 0.013 0.087 0.707 
 587 S _   0.011 0.131 0.001 0.010 0.004 0.011 0.090 0.742 
 588 L _   0.009 0.113 0.000 0.008 0.003 0.010 0.092 0.765 
 589 Q _   0.008 0.103 0.000 0.006 0.002 0.010 0.093 0.778 
 590 R _   0.007 0.098 0.000 0.005 0.002 0.009 0.093 0.785 
 591 S _   0.007 0.097 0.000 0.006 0.002 0.009 0.093 0.786 
 592 Q _   0.007 0.100 0.000 0.007 0.003 0.010 0.092 0.782 
 593 S _   0.007 0.107 0.000 0.009 0.004 0.012 0.090 0.771 
 594 N _   0.008 0.120 0.001 0.013 0.005 0.013 0.088 0.752 
 595 P _   0.008 0.140 0.001 0.019 0.007 0.014 0.086 0.725 
 596 I _   0.008 0.164 0.001 0.026 0.008 0.015 0.083 0.693 
 597 L _   0.008 0.187 0.001 0.034 0.010 0.016 0.081 0.664 
 598 G _   0.008 0.203 0.001 0.040 0.010 0.016 0.079 0.642 
 599 S _   0.008 0.213 0.001 0.043 0.011 0.016 0.078 0.631 
 600 P _   0.008 0.216 0.001 0.043 0.010 0.015 0.078 0.628 
 601 F _   0.008 0.214 0.001 0.040 0.009 0.014 0.078 0.635 
 602 F _   0.007 0.207 0.001 0.035 0.008 0.013 0.079 0.650 
 603 S _   0.007 0.195 0.001 0.028 0.007 0.011 0.080 0.671 
 604 H _   0.006 0.180 0.001 0.020 0.005 0.010 0.082 0.696 
 605 F _   0.006 0.164 0.001 0.014 0.004 0.009 0.083 0.720 
 606 D _   0.005 0.151 0.000 0.010 0.003 0.008 0.084 0.738 
 607 G _   0.005 0.144 0.000 0.007 0.002 0.008 0.085 0.749 
 608 Q _   0.005 0.141 0.000 0.006 0.002 0.008 0.085 0.752 
 609 D _   0.005 0.142 0.000 0.007 0.002 0.009 0.085 0.749 
 610 S _   0.006 0.148 0.000 0.008 0.003 0.010 0.085 0.740 
 611 Y _   0.007 0.159 0.001 0.011 0.004 0.011 0.084 0.724 
 612 A _   0.007 0.176 0.001 0.015 0.005 0.012 0.083 0.701 
 613 A _   0.008 0.197 0.001 0.019 0.007 0.013 0.082 0.674 
 614 A _   0.008 0.216 0.001 0.022 0.007 0.014 0.081 0.651 
 615 V _   0.008 0.232 0.001 0.024 0.008 0.014 0.080 0.633 
 616 R _   0.008 0.243 0.001 0.025 0.008 0.014 0.080 0.622 
 617 R _   0.008 0.250 0.001 0.025 0.008 0.014 0.080 0.615 
 618 P _   0.008 0.254 0.001 0.024 0.008 0.014 0.080 0.611 
 619 Q _   0.008 0.256 0.001 0.024 0.008 0.014 0.081 0.608 
 620 V _   0.008 0.257 0.001 0.023 0.008 0.014 0.082 0.606 
 621 P _   0.009 0.256 0.001 0.023 0.008 0.014 0.084 0.605 
 622 I _   0.009 0.254 0.001 0.024 0.008 0.014 0.086 0.603 
 623 K _   0.009 0.251 0.001 0.025 0.008 0.014 0.088 0.604 
 624 Y _   0.010 0.245 0.001 0.026 0.008 0.014 0.092 0.606 
 625 Q _   0.010 0.236 0.001 0.026 0.008 0.013 0.095 0.611 
 626 Q _   0.010 0.223 0.001 0.025 0.007 0.012 0.099 0.622 
 627 I _   0.009 0.206 0.001 0.023 0.007 0.012 0.104 0.638 
 628 T _   0.009 0.185 0.001 0.020 0.006 0.011 0.109 0.659 
 629 P _   0.008 0.162 0.001 0.017 0.005 0.010 0.115 0.683 
 630 V _   0.008 0.140 0.001 0.013 0.004 0.009 0.120 0.706 
 631 N _   0.007 0.121 0.000 0.010 0.003 0.008 0.124 0.726 
 632 Q _   0.007 0.107 0.000 0.007 0.002 0.007 0.128 0.741 
 633 S _   0.006 0.099 0.000 0.006 0.002 0.007 0.131 0.750 
 634 R _   0.005 0.095 0.000 0.005 0.002 0.007 0.133 0.753 
 635 S _   0.005 0.095 0.000 0.005 0.002 0.007 0.134 0.752 
 636 S _   0.005 0.097 0.000 0.006 0.002 0.007 0.135 0.747 
 637 S _   0.005 0.104 0.000 0.009 0.003 0.008 0.135 0.736 
 638 P _   0.005 0.115 0.000 0.012 0.004 0.009 0.135 0.720 
 639 T _   0.006 0.130 0.001 0.016 0.004 0.010 0.134 0.700 
 640 Q _   0.005 0.146 0.001 0.020 0.005 0.010 0.133 0.679 
 641 Y _   0.005 0.160 0.001 0.023 0.005 0.011 0.133 0.662 
 642 G _   0.005 0.172 0.001 0.025 0.006 0.010 0.133 0.648 
 643 L _   0.004 0.180 0.001 0.026 0.006 0.010 0.133 0.640 
 644 T _   0.004 0.185 0.001 0.025 0.005 0.009 0.134 0.636 
 645 K _   0.004 0.187 0.001 0.024 0.005 0.009 0.136 0.635 
 646 N _   0.004 0.187 0.001 0.022 0.005 0.008 0.138 0.636 
 647 F _   0.004 0.186 0.001 0.020 0.004 0.008 0.140 0.638 
 648 S _   0.004 0.184 0.000 0.018 0.004 0.007 0.143 0.640 
 649 S _   0.004 0.181 0.000 0.017 0.003 0.007 0.145 0.643 
 650 L _   0.003 0.179 0.000 0.015 0.003 0.007 0.148 0.644 
 651 H _   0.003 0.176 0.000 0.015 0.003 0.007 0.151 0.645 
 652 L _   0.003 0.174 0.000 0.014 0.003 0.006 0.153 0.645 
 653 N _   0.003 0.173 0.000 0.014 0.003 0.006 0.156 0.644 
 654 S _   0.003 0.172 0.000 0.014 0.003 0.006 0.159 0.643 
 655 R _   0.003 0.171 0.000 0.015 0.003 0.006 0.161 0.640 
 656 D _   0.003 0.169 0.000 0.016 0.003 0.007 0.164 0.638 
 657 S _   0.003 0.168 0.000 0.017 0.003 0.007 0.167 0.635 
 658 G _   0.003 0.166 0.000 0.017 0.003 0.007 0.171 0.632 
 659 F _   0.003 0.163 0.000 0.018 0.003 0.007 0.175 0.630 
 660 S _   0.003 0.160 0.000 0.018 0.003 0.007 0.179 0.629 
 661 S _   0.003 0.156 0.000 0.018 0.003 0.007 0.184 0.628 
 662 G _   0.003 0.151 0.000 0.018 0.003 0.007 0.189 0.628 
 663 N _   0.003 0.146 0.000 0.018 0.003 0.007 0.195 0.627 
