#TopoPred_TM8: 8-state transmembrane topology prediction results by no_profile mode 
#probabilities are in the order of H E C I L F X _, the 8 transmembrane topology types used in PDBTM 
   1 M X   0.015 0.001 0.003 0.063 0.011 0.014 0.725 0.167 
   2 A X   0.007 0.001 0.000 0.046 0.003 0.010 0.746 0.186 
   3 M X   0.004 0.001 0.000 0.034 0.001 0.008 0.752 0.199 
   4 T X   0.004 0.001 0.000 0.028 0.002 0.009 0.750 0.206 
   5 A X   0.005 0.001 0.000 0.025 0.002 0.010 0.744 0.213 
   6 G X   0.006 0.001 0.000 0.022 0.003 0.011 0.734 0.222 
   7 T X   0.007 0.002 0.000 0.019 0.003 0.012 0.725 0.232 
   8 T X   0.007 0.002 0.000 0.016 0.003 0.011 0.716 0.244 
   9 T X   0.007 0.002 0.000 0.013 0.003 0.010 0.706 0.257 
  10 T X   0.006 0.002 0.000 0.011 0.003 0.009 0.696 0.272 
  11 F X   0.006 0.002 0.000 0.008 0.003 0.009 0.685 0.287 
  12 P X   0.005 0.002 0.000 0.006 0.002 0.008 0.675 0.301 
  13 M X   0.005 0.002 0.000 0.005 0.002 0.008 0.665 0.313 
  14 S X   0.005 0.003 0.000 0.004 0.002 0.008 0.654 0.324 
  15 N X   0.005 0.003 0.000 0.004 0.002 0.009 0.643 0.332 
  16 H X   0.006 0.005 0.000 0.005 0.003 0.011 0.631 0.338 
  17 T X   0.008 0.010 0.001 0.007 0.005 0.014 0.616 0.340 
  18 R X   0.009 0.020 0.001 0.011 0.008 0.017 0.599 0.336 
  19 E X   0.011 0.035 0.001 0.016 0.011 0.020 0.579 0.327 
  20 R X   0.012 0.056 0.001 0.022 0.014 0.022 0.559 0.313 
  21 V X   0.012 0.078 0.002 0.027 0.016 0.024 0.540 0.301 
  22 T X   0.013 0.096 0.001 0.031 0.017 0.025 0.523 0.293 
  23 V X   0.014 0.108 0.001 0.033 0.018 0.025 0.510 0.290 
  24 A X   0.014 0.116 0.001 0.033 0.018 0.025 0.499 0.293 
  25 K X   0.014 0.121 0.001 0.032 0.017 0.025 0.491 0.299 
  26 L X   0.015 0.122 0.001 0.029 0.016 0.024 0.484 0.310 
  27 T X   0.014 0.121 0.001 0.025 0.014 0.022 0.479 0.323 
  28 L X   0.014 0.118 0.001 0.022 0.012 0.021 0.474 0.337 
  29 E X   0.014 0.115 0.001 0.019 0.011 0.020 0.471 0.350 
  30 N X   0.013 0.111 0.001 0.017 0.010 0.019 0.468 0.361 
  31 F X   0.013 0.107 0.001 0.017 0.009 0.017 0.466 0.370 
  32 Y X   0.013 0.104 0.001 0.016 0.008 0.016 0.464 0.378 
  33 S X   0.013 0.100 0.001 0.017 0.008 0.015 0.463 0.384 
  34 N X   0.012 0.095 0.001 0.017 0.007 0.014 0.462 0.391 
  35 L X   0.012 0.089 0.001 0.018 0.007 0.013 0.462 0.399 
  36 I X   0.011 0.082 0.001 0.017 0.006 0.012 0.462 0.409 
  37 L X   0.010 0.072 0.001 0.016 0.005 0.011 0.463 0.422 
  38 Q X   0.010 0.059 0.001 0.014 0.005 0.009 0.465 0.437 
  39 H X   0.009 0.046 0.001 0.011 0.004 0.008 0.467 0.455 
  40 E _   0.008 0.033 0.000 0.009 0.003 0.007 0.468 0.472 
  41 E _   0.007 0.023 0.000 0.006 0.002 0.006 0.468 0.487 
  42 R _   0.006 0.016 0.000 0.004 0.002 0.005 0.468 0.499 
  43 E _   0.005 0.012 0.000 0.003 0.001 0.005 0.467 0.507 
  44 T _   0.004 0.010 0.000 0.003 0.001 0.004 0.465 0.512 
  45 R _   0.004 0.010 0.000 0.003 0.001 0.004 0.462 0.516 
  46 Q _   0.004 0.010 0.000 0.004 0.001 0.005 0.458 0.518 
  47 K _   0.004 0.011 0.000 0.005 0.002 0.006 0.454 0.517 
  48 K _   0.004 0.014 0.000 0.008 0.003 0.007 0.448 0.515 
  49 L _   0.005 0.018 0.000 0.013 0.003 0.008 0.442 0.511 
  50 E _   0.005 0.023 0.001 0.017 0.004 0.009 0.436 0.506 
  51 V _   0.005 0.027 0.001 0.022 0.005 0.009 0.430 0.502 
  52 A _   0.005 0.029 0.001 0.024 0.005 0.009 0.425 0.501 
  53 M _   0.005 0.030 0.001 0.025 0.005 0.009 0.422 0.503 
  54 E _   0.005 0.030 0.001 0.023 0.005 0.009 0.419 0.509 
  55 E _   0.005 0.028 0.000 0.020 0.004 0.008 0.417 0.518 
  56 E _   0.005 0.025 0.000 0.016 0.003 0.007 0.416 0.528 
  57 G _   0.005 0.021 0.000 0.012 0.003 0.006 0.415 0.538 
  58 L _   0.004 0.017 0.000 0.009 0.002 0.006 0.414 0.548 
  59 A _   0.004 0.014 0.000 0.006 0.002 0.005 0.413 0.556 
  60 D _   0.004 0.012 0.000 0.005 0.001 0.005 0.411 0.562 
  61 E _   0.004 0.011 0.000 0.004 0.001 0.005 0.408 0.567 
  62 E _   0.004 0.010 0.000 0.004 0.001 0.005 0.405 0.571 
  63 K _   0.004 0.010 0.000 0.004 0.001 0.005 0.400 0.575 
  64 K _   0.004 0.011 0.000 0.005 0.001 0.005 0.394 0.579 
  65 L _   0.004 0.012 0.000 0.005 0.002 0.006 0.387 0.583 
  66 R _   0.004 0.015 0.000 0.006 0.002 0.007 0.378 0.587 
  67 R _   0.004 0.019 0.000 0.007 0.002 0.008 0.369 0.591 
  68 S _   0.004 0.024 0.000 0.009 0.003 0.009 0.358 0.594 
  69 Q _   0.005 0.031 0.000 0.011 0.003 0.010 0.345 0.595 
  70 H _   0.005 0.040 0.001 0.013 0.004 0.012 0.332 0.594 
  71 A _   0.006 0.052 0.001 0.016 0.005 0.013 0.318 0.589 
  72 R _   0.006 0.066 0.001 0.020 0.007 0.015 0.304 0.582 
  73 K _   0.007 0.083 0.001 0.024 0.008 0.016 0.290 0.572 
  74 E _   0.007 0.099 0.001 0.029 0.009 0.018 0.276 0.561 
  75 T _   0.008 0.115 0.001 0.034 0.010 0.019 0.263 0.550 
  76 E _   0.008 0.127 0.001 0.039 0.011 0.019 0.252 0.543 
  77 F _   0.008 0.136 0.001 0.042 0.012 0.019 0.242 0.539 
  78 L _   0.009 0.140 0.001 0.044 0.012 0.019 0.235 0.541 
  79 R _   0.009 0.141 0.001 0.043 0.012 0.018 0.229 0.548 
  80 L _   0.009 0.138 0.001 0.041 0.011 0.017 0.224 0.560 
  81 K _   0.009 0.131 0.001 0.036 0.010 0.016 0.220 0.578 
  82 R _   0.009 0.120 0.001 0.030 0.009 0.014 0.217 0.600 
  83 T _   0.009 0.104 0.001 0.024 0.007 0.013 0.215 0.627 
  84 R _   0.009 0.087 0.001 0.018 0.006 0.012 0.213 0.655 
  85 L _   0.008 0.070 0.001 0.013 0.005 0.011 0.212 0.681 
  86 G _   0.008 0.056 0.001 0.010 0.004 0.010 0.210 0.703 
  87 L _   0.007 0.047 0.000 0.007 0.003 0.009 0.207 0.720 
  88 D _   0.007 0.041 0.000 0.005 0.002 0.009 0.204 0.730 
  89 D _   0.007 0.038 0.000 0.005 0.002 0.009 0.201 0.737 
  90 F _   0.008 0.038 0.000 0.005 0.003 0.010 0.197 0.739 
  91 E _   0.008 0.040 0.000 0.006 0.003 0.012 0.192 0.738 
  92 S _   0.010 0.044 0.001 0.008 0.004 0.014 0.187 0.733 
  93 L _   0.012 0.053 0.001 0.011 0.006 0.017 0.180 0.721 
  94 K _   0.013 0.067 0.001 0.015 0.009 0.020 0.173 0.702 
  95 V _   0.015 0.086 0.001 0.020 0.012 0.023 0.165 0.678 
  96 I _   0.017 0.108 0.001 0.027 0.014 0.026 0.156 0.651 
  97 G _   0.018 0.130 0.001 0.033 0.017 0.028 0.149 0.624 
  98 R _   0.019 0.147 0.002 0.039 0.019 0.029 0.142 0.604 
  99 G _   0.020 0.159 0.001 0.044 0.020 0.030 0.137 0.589 
 100 A _   0.020 0.166 0.002 0.047 0.021 0.029 0.133 0.583 
 101 F _   0.020 0.168 0.001 0.049 0.021 0.028 0.130 0.584 
 102 G _   0.020 0.166 0.001 0.047 0.019 0.027 0.127 0.592 
 103 E _   0.019 0.159 0.001 0.044 0.017 0.025 0.126 0.608 
 104 V _   0.018 0.147 0.001 0.038 0.015 0.023 0.126 0.632 
 105 R _   0.017 0.129 0.001 0.031 0.012 0.020 0.125 0.663 
 106 L _   0.016 0.107 0.001 0.023 0.009 0.018 0.126 0.700 
 107 V _   0.015 0.083 0.001 0.016 0.007 0.016 0.126 0.737 
 108 Q _   0.013 0.063 0.001 0.011 0.005 0.014 0.126 0.769 
 109 K _   0.011 0.049 0.000 0.007 0.004 0.013 0.125 0.790 
 110 K _   0.010 0.043 0.000 0.005 0.003 0.012 0.124 0.802 
 111 D _   0.010 0.040 0.000 0.005 0.003 0.012 0.122 0.807 
 112 T _   0.010 0.040 0.000 0.007 0.004 0.013 0.121 0.805 
 113 G _   0.011 0.043 0.001 0.010 0.005 0.015 0.119 0.797 
 114 H _   0.012 0.049 0.001 0.015 0.007 0.017 0.116 0.784 
 115 I _   0.013 0.056 0.001 0.022 0.009 0.018 0.114 0.767 
 116 Y _   0.014 0.063 0.001 0.030 0.010 0.019 0.111 0.752 
 117 A _   0.014 0.067 0.001 0.035 0.011 0.019 0.109 0.743 
 118 M _   0.013 0.068 0.001 0.037 0.011 0.018 0.108 0.743 
 119 K _   0.013 0.066 0.001 0.036 0.010 0.017 0.108 0.749 
 120 I _   0.012 0.061 0.001 0.031 0.009 0.015 0.107 0.764 
 121 L _   0.011 0.053 0.001 0.025 0.008 0.014 0.107 0.783 
 122 R _   0.010 0.041 0.001 0.018 0.006 0.012 0.107 0.805 
 123 K _   0.009 0.030 0.001 0.012 0.004 0.010 0.108 0.825 
 124 S _   0.008 0.021 0.000 0.009 0.003 0.009 0.108 0.841 
 125 D _   0.008 0.016 0.000 0.006 0.003 0.009 0.108 0.851 
 126 M _   0.007 0.012 0.000 0.005 0.002 0.008 0.107 0.857 
 127 L _   0.007 0.011 0.000 0.005 0.002 0.009 0.106 0.859 
 128 E _   0.008 0.010 0.000 0.006 0.003 0.009 0.105 0.859 
 129 K _   0.008 0.011 0.000 0.007 0.003 0.010 0.104 0.856 
 130 E _   0.008 0.011 0.000 0.009 0.004 0.011 0.102 0.853 
 131 Q _   0.009 0.012 0.001 0.012 0.005 0.012 0.101 0.850 
 132 V _   0.009 0.013 0.001 0.014 0.005 0.012 0.099 0.846 
 133 A _   0.010 0.014 0.001 0.015 0.006 0.013 0.097 0.844 
 134 H _   0.010 0.015 0.001 0.016 0.006 0.014 0.096 0.844 
 135 I _   0.010 0.014 0.001 0.015 0.006 0.014 0.094 0.845 
 136 R _   0.011 0.014 0.001 0.014 0.006 0.014 0.093 0.847 
 137 A _   0.011 0.013 0.001 0.013 0.006 0.014 0.093 0.850 
 138 E _   0.011 0.012 0.001 0.011 0.005 0.015 0.092 0.854 
 139 R _   0.012 0.011 0.001 0.009 0.005 0.015 0.091 0.856 
 140 D _   0.013 0.010 0.001 0.008 0.005 0.016 0.090 0.858 
 141 I _   0.015 0.010 0.001 0.007 0.005 0.018 0.089 0.857 
 142 L _   0.018 0.010 0.001 0.006 0.005 0.020 0.087 0.853 
 143 V _   0.022 0.012 0.001 0.006 0.006 0.023 0.086 0.844 
 144 E _   0.026 0.015 0.001 0.008 0.008 0.027 0.084 0.830 
 145 A _   0.031 0.022 0.001 0.011 0.012 0.032 0.082 0.808 
 146 D _   0.036 0.033 0.001 0.016 0.017 0.037 0.080 0.780 
 147 G _   0.040 0.050 0.002 0.024 0.022 0.041 0.077 0.744 
 148 A _   0.043 0.068 0.002 0.033 0.027 0.043 0.075 0.708 
 149 W _   0.045 0.083 0.002 0.043 0.030 0.044 0.074 0.679 
 150 V _   0.045 0.094 0.002 0.051 0.031 0.043 0.073 0.661 
 151 V _   0.043 0.098 0.002 0.055 0.030 0.041 0.072 0.658 
 152 K _   0.040 0.098 0.002 0.055 0.027 0.038 0.072 0.668 
 153 M _   0.035 0.093 0.002 0.050 0.023 0.034 0.073 0.691 
 154 F _   0.031 0.081 0.002 0.040 0.018 0.029 0.074 0.725 
 155 Y _   0.026 0.063 0.001 0.029 0.013 0.024 0.075 0.768 
 156 S _   0.022 0.042 0.001 0.018 0.009 0.020 0.076 0.811 
 157 F _   0.018 0.024 0.001 0.010 0.006 0.017 0.077 0.847 
 158 Q _   0.015 0.014 0.000 0.006 0.004 0.015 0.077 0.869 
 159 D _   0.013 0.009 0.000 0.003 0.003 0.014 0.077 0.880 
 160 K _   0.013 0.008 0.000 0.003 0.003 0.014 0.077 0.882 
 161 R _   0.015 0.009 0.000 0.003 0.003 0.016 0.076 0.878 
 162 N _   0.018 0.012 0.001 0.005 0.005 0.019 0.075 0.866 
 163 L _   0.021 0.020 0.001 0.009 0.008 0.023 0.074 0.845 
 164 Y _   0.025 0.034 0.001 0.015 0.011 0.026 0.072 0.816 
 165 L _   0.028 0.053 0.001 0.021 0.015 0.030 0.070 0.782 
 166 I _   0.030 0.071 0.001 0.027 0.017 0.032 0.068 0.754 
 167 M _   0.031 0.084 0.001 0.031 0.019 0.033 0.067 0.734 
 168 E _   0.031 0.092 0.001 0.032 0.020 0.034 0.066 0.723 
 169 F _   0.031 0.097 0.001 0.031 0.020 0.034 0.065 0.720 
 170 L _   0.031 0.099 0.001 0.029 0.019 0.033 0.065 0.721 
 171 P _   0.031 0.100 0.001 0.028 0.018 0.033 0.065 0.724 
 172 G _   0.031 0.099 0.001 0.027 0.018 0.032 0.065 0.727 
 173 G _   0.031 0.098 0.001 0.028 0.017 0.030 0.066 0.729 
 174 D _   0.031 0.096 0.001 0.028 0.016 0.029 0.067 0.733 
 175 M _   0.030 0.092 0.001 0.029 0.015 0.027 0.068 0.739 
 176 M _   0.028 0.086 0.001 0.029 0.013 0.024 0.069 0.749 
 177 T _   0.025 0.077 0.001 0.027 0.011 0.022 0.071 0.765 
 178 L _   0.022 0.065 0.001 0.024 0.009 0.019 0.073 0.787 
 179 L _   0.019 0.049 0.001 0.019 0.007 0.016 0.075 0.814 
 180 M _   0.016 0.034 0.001 0.014 0.006 0.013 0.076 0.841 
 181 K _   0.013 0.020 0.001 0.009 0.004 0.011 0.077 0.864 
 182 K _   0.011 0.010 0.000 0.006 0.003 0.009 0.078 0.881 
 183 D _   0.010 0.005 0.000 0.004 0.002 0.008 0.078 0.892 
 184 T _   0.010 0.002 0.000 0.003 0.002 0.008 0.078 0.898 
 185 L _   0.011 0.001 0.000 0.003 0.002 0.008 0.077 0.899 
 186 T _   0.014 0.000 0.000 0.002 0.002 0.009 0.076 0.896 
 187 E _   0.020 0.000 0.000 0.003 0.002 0.011 0.074 0.890 
 188 E _   0.030 0.000 0.000 0.003 0.003 0.014 0.072 0.877 
 189 E _   0.047 0.000 0.001 0.004 0.004 0.018 0.069 0.857 
 190 T _   0.073 0.000 0.001 0.004 0.007 0.024 0.065 0.826 
 191 Q _   0.109 0.000 0.001 0.005 0.010 0.030 0.061 0.784 
 192 F _   0.155 0.000 0.001 0.005 0.015 0.037 0.057 0.730 
 193 Y _   0.212 0.000 0.001 0.005 0.021 0.044 0.052 0.663 
 194 I _   0.272 0.000 0.002 0.006 0.029 0.050 0.048 0.593 
 195 S _   0.331 0.000 0.002 0.006 0.036 0.055 0.045 0.525 
 196 E _   0.386 0.001 0.002 0.006 0.043 0.058 0.042 0.462 
 197 T H   0.434 0.001 0.002 0.006 0.048 0.060 0.040 0.409 
 198 V H   0.472 0.001 0.002 0.007 0.051 0.059 0.039 0.369 
 199 L H   0.498 0.001 0.002 0.007 0.053 0.058 0.039 0.342 
 200 A H   0.512 0.002 0.002 0.007 0.054 0.056 0.039 0.328 
 201 I H   0.516 0.002 0.002 0.007 0.054 0.054 0.040 0.326 
 202 D H   0.508 0.002 0.002 0.008 0.052 0.051 0.041 0.335 
 203 A H   0.490 0.003 0.002 0.009 0.050 0.049 0.043 0.355 
 204 I H   0.457 0.003 0.002 0.011 0.046 0.046 0.046 0.388 
 205 H _   0.413 0.004 0.002 0.013 0.041 0.043 0.050 0.434 
 206 Q _   0.358 0.004 0.002 0.015 0.035 0.039 0.055 0.492 
 207 L _   0.296 0.004 0.002 0.017 0.028 0.034 0.060 0.557 
 208 G _   0.233 0.004 0.002 0.017 0.021 0.030 0.066 0.627 
 209 F _   0.174 0.004 0.001 0.016 0.015 0.025 0.071 0.694 
 210 I _   0.123 0.003 0.001 0.013 0.010 0.020 0.076 0.754 
 211 H _   0.084 0.002 0.001 0.010 0.007 0.016 0.080 0.801 
 212 R _   0.055 0.002 0.001 0.007 0.004 0.012 0.083 0.835 
 213 D _   0.035 0.001 0.000 0.005 0.003 0.010 0.086 0.859 
 214 I _   0.022 0.001 0.000 0.004 0.002 0.008 0.087 0.875 
 215 K _   0.015 0.002 0.000 0.003 0.002 0.007 0.088 0.884 
 216 P _   0.010 0.002 0.000 0.003 0.002 0.006 0.088 0.887 
 217 D _   0.008 0.004 0.000 0.004 0.002 0.007 0.088 0.887 
 218 N _   0.007 0.007 0.000 0.005 0.002 0.007 0.088 0.883 
 219 L _   0.007 0.014 0.000 0.007 0.003 0.008 0.086 0.875 
 220 L _   0.007 0.024 0.000 0.009 0.003 0.009 0.085 0.863 
 221 L _   0.007 0.038 0.001 0.012 0.004 0.011 0.082 0.846 
 222 D _   0.007 0.055 0.001 0.014 0.005 0.012 0.080 0.827 
 223 A _   0.007 0.075 0.001 0.016 0.005 0.013 0.077 0.806 
 224 K _   0.007 0.096 0.001 0.018 0.006 0.014 0.074 0.784 
 225 G _   0.007 0.119 0.001 0.019 0.007 0.015 0.071 0.762 
 226 H _   0.008 0.141 0.001 0.020 0.007 0.015 0.068 0.740 
 227 V _   0.008 0.165 0.001 0.021 0.008 0.016 0.065 0.715 
 228 K _   0.009 0.190 0.001 0.023 0.009 0.017 0.063 0.688 
 229 L _   0.009 0.215 0.001 0.025 0.010 0.018 0.061 0.662 
 230 S _   0.010 0.237 0.001 0.027 0.011 0.018 0.059 0.637 
 231 D _   0.010 0.255 0.001 0.030 0.011 0.018 0.058 0.616 
 232 F _   0.010 0.269 0.001 0.031 0.011 0.018 0.057 0.602 
 233 G _   0.010 0.278 0.001 0.032 0.011 0.018 0.057 0.594 
 234 L _   0.010 0.281 0.001 0.031 0.010 0.017 0.057 0.592 
 235 C _   0.010 0.281 0.001 0.029 0.010 0.017 0.057 0.595 
 236 T _   0.010 0.278 0.001 0.026 0.009 0.016 0.058 0.603 
 237 G _   0.010 0.272 0.001 0.023 0.008 0.015 0.059 0.614 
 238 L _   0.010 0.263 0.001 0.020 0.007 0.015 0.059 0.625 
 239 K _   0.010 0.255 0.001 0.017 0.007 0.014 0.060 0.636 
 240 K _   0.010 0.247 0.001 0.016 0.006 0.014 0.062 0.645 
 241 A _   0.010 0.240 0.001 0.017 0.006 0.014 0.063 0.650 
 242 H _   0.010 0.235 0.001 0.018 0.006 0.014 0.064 0.653 
 243 R _   0.010 0.230 0.001 0.020 0.007 0.014 0.066 0.654 
 244 T _   0.010 0.224 0.001 0.022 0.007 0.013 0.067 0.655 
 245 E _   0.010 0.217 0.001 0.025 0.007 0.013 0.069 0.658 
 246 F _   0.010 0.207 0.001 0.026 0.007 0.013 0.072 0.665 
 247 Y _   0.010 0.192 0.001 0.026 0.007 0.012 0.075 0.678 
 248 R _   0.010 0.171 0.001 0.024 0.007 0.012 0.078 0.698 
 249 N _   0.009 0.145 0.001 0.021 0.006 0.011 0.082 0.725 
 250 L _   0.009 0.115 0.001 0.018 0.005 0.010 0.086 0.755 
 251 T _   0.009 0.087 0.001 0.014 0.004 0.009 0.090 0.786 
 252 H _   0.008 0.063 0.001 0.011 0.003 0.008 0.094 0.811 
 253 N _   0.007 0.046 0.000 0.009 0.003 0.008 0.097 0.830 
 254 P _   0.007 0.035 0.000 0.007 0.002 0.007 0.099 0.842 
 255 P _   0.006 0.029 0.000 0.007 0.002 0.007 0.100 0.849 
 256 S _   0.006 0.025 0.000 0.007 0.002 0.006 0.101 0.853 
 257 D _   0.006 0.022 0.000 0.007 0.002 0.006 0.101 0.856 
 258 F _   0.005 0.021 0.000 0.007 0.002 0.006 0.101 0.857 
 259 S _   0.005 0.020 0.000 0.008 0.002 0.006 0.101 0.858 
 260 F _   0.005 0.019 0.000 0.009 0.002 0.007 0.099 0.859 
 261 Q _   0.004 0.019 0.000 0.009 0.002 0.007 0.098 0.860 
 262 N _   0.004 0.020 0.000 0.010 0.002 0.007 0.096 0.861 
 263 M _   0.004 0.020 0.000 0.010 0.002 0.007 0.095 0.861 
 264 N _   0.004 0.021 0.000 0.010 0.002 0.007 0.093 0.862 
 265 S _   0.004 0.022 0.000 0.010 0.003 0.007 0.091 0.863 
 266 K _   0.004 0.023 0.000 0.011 0.003 0.007 0.088 0.863 
 267 R _   0.004 0.024 0.000 0.011 0.003 0.008 0.086 0.864 
 268 K _   0.004 0.026 0.000 0.011 0.003 0.008 0.084 0.864 
 269 A _   0.005 0.028 0.000 0.011 0.003 0.008 0.081 0.863 
 270 E _   0.005 0.030 0.000 0.011 0.003 0.009 0.078 0.863 
 271 T _   0.005 0.033 0.000 0.012 0.003 0.009 0.075 0.862 
 272 W _   0.005 0.036 0.000 0.012 0.004 0.010 0.072 0.860 
 273 K _   0.006 0.039 0.000 0.013 0.004 0.011 0.069 0.857 
 274 K _   0.006 0.044 0.001 0.014 0.005 0.012 0.066 0.853 
 275 N _   0.007 0.049 0.001 0.016 0.005 0.013 0.063 0.846 
 276 R _   0.008 0.054 0.001 0.019 0.006 0.015 0.059 0.838 
 277 R _   0.008 0.060 0.001 0.022 0.008 0.016 0.056 0.829 
 278 Q _   0.009 0.066 0.001 0.026 0.009 0.017 0.053 0.820 
 279 L _   0.010 0.070 0.001 0.029 0.010 0.017 0.051 0.813 
 280 A _   0.010 0.072 0.001 0.030 0.010 0.017 0.049 0.810 
 281 Y _   0.010 0.073 0.001 0.029 0.010 0.017 0.047 0.813 
 282 S _   0.010 0.071 0.001 0.027 0.009 0.017 0.045 0.820 
 283 T _   0.010 0.067 0.001 0.023 0.008 0.016 0.044 0.832 
 284 V _   0.010 0.062 0.001 0.018 0.007 0.015 0.042 0.844 
 285 G _   0.010 0.057 0.001 0.014 0.006 0.015 0.041 0.856 
 286 T _   0.010 0.052 0.001 0.011 0.005 0.015 0.040 0.866 
 287 P _   0.011 0.049 0.001 0.010 0.005 0.016 0.038 0.871 
 288 D _   0.011 0.048 0.001 0.010 0.006 0.017 0.036 0.871 
 289 Y _   0.013 0.049 0.001 0.012 0.007 0.019 0.035 0.865 
 290 I _   0.014 0.052 0.001 0.016 0.009 0.022 0.033 0.853 
 291 A _   0.016 0.057 0.001 0.023 0.012 0.024 0.031 0.837 
 292 P _   0.018 0.062 0.001 0.031 0.014 0.026 0.029 0.820 
 293 E _   0.019 0.065 0.001 0.038 0.016 0.027 0.027 0.807 
 294 V _   0.020 0.066 0.001 0.042 0.017 0.027 0.025 0.802 
 295 F _   0.021 0.064 0.001 0.042 0.017 0.026 0.024 0.806 
 296 M _   0.023 0.058 0.001 0.038 0.015 0.024 0.022 0.818 
 297 Q _   0.026 0.047 0.001 0.030 0.013 0.022 0.021 0.839 
 298 T _   0.032 0.032 0.001 0.021 0.011 0.020 0.020 0.863 
 299 G _   0.041 0.017 0.001 0.013 0.008 0.019 0.019 0.882 
 300 Y _   0.055 0.007 0.001 0.007 0.006 0.017 0.018 0.889 
 301 N _   0.077 0.002 0.001 0.004 0.005 0.016 0.017 0.879 
 302 K _   0.112 0.000 0.001 0.002 0.005 0.016 0.015 0.849 
 303 L _   0.168 0.000 0.001 0.001 0.006 0.016 0.014 0.795 
 304 C _   0.248 0.000 0.001 0.001 0.007 0.017 0.012 0.713 
 305 D _   0.352 0.000 0.001 0.001 0.010 0.019 0.010 0.607 
 306 W _   0.467 0.000 0.001 0.001 0.014 0.021 0.008 0.487 
 307 W H   0.577 0.000 0.001 0.002 0.018 0.022 0.007 0.372 
 308 S H   0.667 0.000 0.001 0.002 0.023 0.023 0.006 0.279 
 309 L H   0.732 0.000 0.002 0.002 0.026 0.022 0.005 0.211 
 310 G H   0.775 0.000 0.001 0.002 0.028 0.021 0.005 0.168 
 311 V H   0.802 0.000 0.001 0.002 0.029 0.020 0.005 0.141 
 312 I H   0.813 0.000 0.002 0.002 0.030 0.019 0.005 0.130 
 313 M H   0.811 0.000 0.002 0.002 0.030 0.018 0.006 0.131 
 314 Y H   0.795 0.000 0.002 0.002 0.030 0.017 0.007 0.146 
 315 E H   0.763 0.000 0.002 0.003 0.029 0.017 0.009 0.177 
 316 M H   0.710 0.000 0.002 0.003 0.027 0.017 0.012 0.229 
 317 L H   0.634 0.000 0.002 0.004 0.024 0.017 0.017 0.302 
 318 I H   0.539 0.000 0.002 0.004 0.020 0.017 0.022 0.395 
 319 G _   0.436 0.000 0.002 0.004 0.016 0.016 0.029 0.498 
 320 Y _   0.335 0.000 0.001 0.004 0.012 0.015 0.035 0.597 
 321 P _   0.245 0.000 0.001 0.004 0.009 0.013 0.042 0.686 
 322 P _   0.171 0.000 0.001 0.004 0.006 0.012 0.048 0.758 
 323 F _   0.115 0.000 0.001 0.004 0.005 0.011 0.052 0.812 
 324 C _   0.075 0.000 0.001 0.004 0.004 0.010 0.056 0.851 
 325 S _   0.049 0.000 0.000 0.004 0.003 0.009 0.059 0.876 
 326 E _   0.032 0.000 0.000 0.004 0.003 0.009 0.061 0.891 
 327 T _   0.022 0.001 0.000 0.004 0.003 0.009 0.063 0.899 
 328 P _   0.016 0.002 0.000 0.004 0.003 0.009 0.064 0.902 
 329 Q _   0.013 0.003 0.000 0.006 0.003 0.010 0.065 0.900 
 330 E _   0.011 0.006 0.000 0.007 0.004 0.011 0.065 0.896 
 331 T _   0.011 0.009 0.001 0.009 0.004 0.012 0.065 0.888 
 332 Y _   0.011 0.015 0.001 0.012 0.005 0.014 0.065 0.878 
 333 R _   0.011 0.022 0.001 0.016 0.007 0.015 0.065 0.864 
 334 K _   0.011 0.030 0.001 0.020 0.008 0.017 0.065 0.848 
 335 V _   0.012 0.037 0.001 0.024 0.010 0.018 0.066 0.833 
 336 M _   0.012 0.044 0.001 0.029 0.011 0.019 0.066 0.818 
 337 N _   0.013 0.048 0.001 0.032 0.012 0.019 0.067 0.807 
 338 W _   0.013 0.051 0.001 0.034 0.013 0.019 0.068 0.800 
 339 K _   0.014 0.053 0.001 0.035 0.012 0.019 0.070 0.797 
 340 E _   0.014 0.052 0.001 0.034 0.012 0.018 0.072 0.798 
 341 T _   0.014 0.049 0.001 0.031 0.010 0.017 0.074 0.804 
 342 L _   0.013 0.044 0.001 0.026 0.009 0.015 0.077 0.814 
 343 V _   0.012 0.038 0.001 0.021 0.007 0.014 0.080 0.827 
 344 F _   0.011 0.030 0.001 0.016 0.006 0.012 0.083 0.841 
 345 P _   0.010 0.023 0.001 0.012 0.004 0.011 0.086 0.854 
 346 P _   0.009 0.018 0.000 0.008 0.003 0.009 0.088 0.864 
 347 E _   0.008 0.014 0.000 0.006 0.003 0.009 0.090 0.871 
 348 V _   0.008 0.012 0.000 0.004 0.002 0.008 0.091 0.874 
 349 P _   0.008 0.011 0.000 0.004 0.002 0.009 0.092 0.875 
 350 I _   0.008 0.012 0.000 0.004 0.002 0.010 0.092 0.872 
 351 S _   0.009 0.014 0.000 0.005 0.003 0.012 0.092 0.865 
 352 E _   0.011 0.020 0.000 0.007 0.004 0.015 0.091 0.851 
 353 K _   0.012 0.033 0.001 0.011 0.007 0.018 0.090 0.828 
 354 A _   0.014 0.055 0.001 0.018 0.010 0.021 0.088 0.792 
 355 K _   0.015 0.087 0.001 0.027 0.014 0.024 0.086 0.745 
 356 D _   0.016 0.122 0.002 0.038 0.017 0.026 0.084 0.696 
 357 L _   0.016 0.150 0.002 0.048 0.018 0.027 0.083 0.657 
 358 I _   0.016 0.169 0.002 0.056 0.019 0.026 0.082 0.630 
 359 L _   0.015 0.179 0.001 0.060 0.019 0.026 0.082 0.617 
 360 R _   0.015 0.182 0.001 0.061 0.018 0.024 0.084 0.616 
 361 F _   0.014 0.178 0.001 0.057 0.017 0.022 0.085 0.626 
 362 C _   0.013 0.169 0.001 0.049 0.014 0.019 0.088 0.647 
 363 I _   0.012 0.152 0.001 0.040 0.012 0.017 0.091 0.676 
 364 D _   0.011 0.129 0.001 0.030 0.009 0.014 0.095 0.711 
 365 S _   0.010 0.105 0.001 0.021 0.007 0.012 0.098 0.746 
 366 E _   0.010 0.083 0.001 0.014 0.005 0.011 0.102 0.775 
 367 N _   0.009 0.068 0.000 0.010 0.003 0.009 0.105 0.796 
 368 R _   0.008 0.059 0.000 0.007 0.003 0.008 0.107 0.809 
 369 I _   0.007 0.054 0.000 0.006 0.002 0.008 0.108 0.815 
 370 G _   0.006 0.052 0.000 0.006 0.002 0.008 0.109 0.817 
 371 N _   0.006 0.052 0.000 0.006 0.002 0.008 0.110 0.815 
 372 S _   0.006 0.055 0.000 0.007 0.003 0.008 0.110 0.811 
 373 G _   0.006 0.060 0.000 0.009 0.003 0.009 0.110 0.803 
 374 V _   0.006 0.067 0.000 0.011 0.004 0.010 0.109 0.793 
 375 E _   0.006 0.076 0.001 0.013 0.004 0.011 0.108 0.781 
 376 E _   0.006 0.086 0.001 0.015 0.005 0.011 0.107 0.767 
 377 I _   0.007 0.097 0.001 0.017 0.006 0.012 0.107 0.754 
 378 K _   0.007 0.107 0.001 0.019 0.006 0.012 0.106 0.741 
 379 G _   0.007 0.117 0.001 0.021 0.007 0.013 0.106 0.729 
 380 H _   0.007 0.124 0.001 0.022 0.007 0.013 0.107 0.720 
 381 P _   0.007 0.130 0.001 0.022 0.007 0.013 0.107 0.714 
 382 F _   0.007 0.135 0.001 0.021 0.007 0.012 0.109 0.709 
 383 F _   0.007 0.138 0.001 0.020 0.006 0.012 0.110 0.707 
 384 E _   0.007 0.140 0.001 0.018 0.006 0.012 0.112 0.706 
 385 G _   0.007 0.141 0.001 0.016 0.005 0.012 0.113 0.706 
 386 V _   0.007 0.142 0.001 0.014 0.005 0.012 0.115 0.705 
 387 D _   0.007 0.143 0.001 0.013 0.005 0.012 0.117 0.704 
 388 W _   0.007 0.144 0.001 0.012 0.005 0.012 0.119 0.701 
 389 E _   0.007 0.147 0.001 0.012 0.005 0.012 0.121 0.696 
 390 H _   0.007 0.151 0.001 0.013 0.005 0.013 0.122 0.688 
 391 I _   0.008 0.157 0.001 0.014 0.006 0.014 0.124 0.678 
 392 R _   0.008 0.165 0.001 0.015 0.006 0.015 0.126 0.664 
 393 E _   0.009 0.174 0.001 0.018 0.007 0.016 0.127 0.647 
 394 R _   0.010 0.185 0.001 0.022 0.009 0.017 0.129 0.628 
 395 P _   0.010 0.197 0.001 0.026 0.010 0.018 0.131 0.607 
 396 A _   0.011 0.207 0.001 0.031 0.011 0.019 0.134 0.586 
 397 A _   0.011 0.216 0.001 0.037 0.012 0.019 0.137 0.567 
 398 I _   0.011 0.221 0.001 0.042 0.013 0.019 0.141 0.552 
 399 P _   0.011 0.222 0.001 0.045 0.013 0.019 0.147 0.541 
 400 I _   0.011 0.220 0.001 0.047 0.013 0.018 0.154 0.537 
 401 E _   0.011 0.212 0.001 0.046 0.012 0.017 0.162 0.539 
 402 I _   0.011 0.197 0.001 0.042 0.011 0.016 0.173 0.550 
 403 K _   0.010 0.174 0.001 0.037 0.010 0.014 0.185 0.569 
 404 S _   0.010 0.143 0.001 0.030 0.008 0.013 0.200 0.596 
 405 I _   0.009 0.108 0.001 0.023 0.006 0.011 0.215 0.627 
 406 D _   0.008 0.076 0.001 0.016 0.005 0.009 0.229 0.655 
 407 D _   0.007 0.052 0.001 0.011 0.003 0.008 0.241 0.676 
 408 T _   0.006 0.036 0.000 0.008 0.002 0.007 0.251 0.690 
 409 S _   0.005 0.027 0.000 0.005 0.002 0.006 0.258 0.697 
 410 N _   0.005 0.022 0.000 0.004 0.001 0.005 0.263 0.699 
 411 F _   0.004 0.020 0.000 0.004 0.001 0.005 0.267 0.698 
 412 D _   0.004 0.019 0.000 0.004 0.001 0.005 0.270 0.696 
 413 D _   0.004 0.020 0.000 0.005 0.002 0.006 0.271 0.692 
 414 F _   0.004 0.022 0.000 0.007 0.002 0.006 0.273 0.686 
 415 P _   0.004 0.025 0.000 0.010 0.002 0.007 0.273 0.678 
 416 E _   0.004 0.029 0.000 0.013 0.003 0.008 0.274 0.669 
 417 S _   0.004 0.033 0.000 0.017 0.004 0.009 0.274 0.659 
 418 D _   0.004 0.038 0.001 0.021 0.004 0.009 0.275 0.648 
 419 I _   0.005 0.041 0.001 0.024 0.005 0.010 0.276 0.639 
 420 L _   0.005 0.043 0.001 0.026 0.005 0.010 0.278 0.632 
 421 Q _   0.005 0.044 0.001 0.027 0.005 0.010 0.281 0.628 
 422 P _   0.005 0.044 0.001 0.026 0.005 0.009 0.285 0.626 
 423 V _   0.005 0.042 0.001 0.023 0.005 0.009 0.290 0.627 
 424 P _   0.005 0.038 0.001 0.019 0.004 0.008 0.295 0.630 
 425 N _   0.005 0.034 0.000 0.015 0.003 0.007 0.300 0.635 
 426 T _   0.004 0.030 0.000 0.011 0.003 0.006 0.305 0.640 
 427 T _   0.004 0.026 0.000 0.008 0.002 0.006 0.310 0.645 
 428 E _   0.004 0.024 0.000 0.005 0.002 0.005 0.313 0.647 
 429 P _   0.004 0.022 0.000 0.004 0.001 0.005 0.315 0.648 
 430 D _   0.004 0.023 0.000 0.003 0.001 0.006 0.316 0.646 
 431 Y _   0.004 0.025 0.000 0.004 0.002 0.007 0.317 0.641 
 432 K _   0.005 0.031 0.000 0.006 0.002 0.009 0.316 0.631 
 433 S _   0.006 0.045 0.001 0.009 0.004 0.011 0.315 0.609 
 434 K _   0.007 0.073 0.001 0.014 0.006 0.014 0.312 0.572 
 435 D _   0.008 0.117 0.001 0.021 0.009 0.016 0.308 0.519 
 436 W _   0.008 0.168 0.001 0.028 0.011 0.017 0.304 0.462 
 437 V _   0.008 0.213 0.001 0.033 0.011 0.018 0.302 0.414 
 438 F _   0.007 0.246 0.001 0.037 0.011 0.017 0.301 0.380 
 439 L _   0.007 0.266 0.001 0.038 0.011 0.017 0.301 0.360 
 440 N _   0.006 0.277 0.001 0.037 0.011 0.016 0.303 0.349 
 441 Y _   0.006 0.282 0.001 0.034 0.010 0.016 0.306 0.345 
 442 T _   0.006 0.283 0.001 0.030 0.009 0.015 0.310 0.346 
 443 Y _   0.006 0.280 0.001 0.026 0.008 0.014 0.315 0.349 
 444 K _   0.006 0.275 0.001 0.021 0.008 0.014 0.322 0.353 
 445 R _   0.006 0.269 0.001 0.018 0.007 0.013 0.328 0.357 
 446 F _   0.007 0.264 0.001 0.015 0.006 0.013 0.336 0.359 
 447 E _   0.007 0.258 0.001 0.014 0.006 0.013 0.343 0.359 
 448 G _   0.007 0.254 0.001 0.013 0.005 0.013 0.350 0.357 
 449 L X   0.007 0.251 0.001 0.013 0.005 0.013 0.357 0.353 
 450 T X   0.007 0.249 0.001 0.014 0.005 0.013 0.364 0.347 
 451 Q X   0.007 0.247 0.001 0.015 0.006 0.013 0.372 0.339 
 452 R X   0.008 0.246 0.001 0.017 0.006 0.013 0.379 0.331 
 453 G X   0.008 0.244 0.001 0.019 0.007 0.013 0.387 0.322 
 454 S X   0.008 0.241 0.001 0.021 0.007 0.013 0.396 0.313 
 455 I X   0.008 0.238 0.001 0.023 0.007 0.013 0.406 0.305 
 456 P X   0.007 0.232 0.001 0.024 0.007 0.012 0.416 0.300 
 457 T X   0.006 0.224 0.001 0.024 0.007 0.011 0.428 0.299 
 458 Y X   0.005 0.212 0.001 0.024 0.006 0.009 0.442 0.300 
 459 M X   0.004 0.195 0.001 0.022 0.005 0.007 0.458 0.308 
 460 K X   0.003 0.170 0.001 0.018 0.003 0.004 0.477 0.324 
 461 A X   0.001 0.135 0.000 0.012 0.001 0.002 0.495 0.354 
 462 G X   0.000 0.103 0.000 0.007 0.000 0.001 0.502 0.386 
 463 K X   0.000 0.088 0.000 0.007 0.000 0.001 0.502 0.401 
 464 L X   0.003 0.081 0.001 0.014 0.003 0.003 0.493 0.401 
