#TopoPred_TM8: 8-state transmembrane topology prediction results by no_profile mode 
#probabilities are in the order of H E C I L F X _, the 8 transmembrane topology types used in PDBTM 
   1 M X   0.011 0.001 0.002 0.041 0.008 0.008 0.753 0.177 
   2 K X   0.003 0.001 0.000 0.022 0.001 0.004 0.772 0.197 
   3 K X   0.001 0.001 0.000 0.012 0.000 0.003 0.775 0.208 
   4 F X   0.001 0.001 0.000 0.010 0.000 0.003 0.772 0.213 
   5 K X   0.001 0.003 0.000 0.010 0.001 0.005 0.765 0.214 
   6 R X   0.002 0.006 0.000 0.013 0.002 0.007 0.754 0.215 
   7 R X   0.003 0.012 0.000 0.016 0.003 0.009 0.742 0.214 
   8 L X   0.004 0.020 0.000 0.022 0.004 0.011 0.726 0.212 
   9 S X   0.004 0.030 0.001 0.027 0.005 0.012 0.710 0.211 
  10 L X   0.004 0.038 0.001 0.031 0.006 0.012 0.695 0.213 
  11 T X   0.004 0.043 0.001 0.032 0.006 0.012 0.684 0.218 
  12 L X   0.004 0.046 0.001 0.031 0.006 0.011 0.674 0.227 
  13 R X   0.004 0.047 0.001 0.027 0.006 0.010 0.668 0.238 
  14 G X   0.004 0.046 0.001 0.022 0.005 0.009 0.663 0.251 
  15 S X   0.004 0.045 0.000 0.016 0.004 0.008 0.659 0.265 
  16 Q X   0.003 0.042 0.000 0.011 0.003 0.008 0.655 0.277 
  17 T X   0.003 0.041 0.000 0.008 0.002 0.007 0.651 0.287 
  18 I X   0.004 0.040 0.000 0.006 0.002 0.007 0.647 0.294 
  19 D X   0.004 0.040 0.000 0.005 0.002 0.008 0.642 0.298 
  20 E X   0.004 0.042 0.000 0.006 0.003 0.009 0.637 0.299 
  21 S X   0.005 0.047 0.000 0.008 0.004 0.010 0.630 0.296 
  22 L X   0.006 0.054 0.001 0.012 0.005 0.011 0.622 0.288 
  23 S X   0.006 0.065 0.001 0.019 0.007 0.012 0.614 0.276 
  24 E X   0.007 0.077 0.001 0.026 0.008 0.013 0.606 0.262 
  25 L X   0.007 0.086 0.001 0.032 0.009 0.013 0.599 0.252 
  26 A X   0.007 0.091 0.001 0.037 0.009 0.013 0.595 0.247 
  27 E X   0.007 0.093 0.001 0.038 0.009 0.013 0.593 0.247 
  28 Q X   0.007 0.092 0.001 0.037 0.008 0.012 0.593 0.252 
  29 M X   0.006 0.087 0.001 0.033 0.007 0.010 0.594 0.262 
  30 T X   0.006 0.077 0.001 0.027 0.006 0.009 0.596 0.278 
  31 I X   0.006 0.063 0.001 0.020 0.005 0.008 0.600 0.298 
  32 E X   0.005 0.046 0.000 0.014 0.003 0.006 0.604 0.320 
  33 E X   0.005 0.031 0.000 0.009 0.002 0.005 0.608 0.339 
  34 N X   0.004 0.020 0.000 0.006 0.002 0.004 0.610 0.354 
  35 S X   0.004 0.014 0.000 0.004 0.001 0.004 0.611 0.363 
  36 S X   0.003 0.010 0.000 0.003 0.001 0.003 0.611 0.369 
  37 K X   0.003 0.009 0.000 0.002 0.001 0.003 0.609 0.373 
  38 D X   0.003 0.008 0.000 0.003 0.001 0.003 0.606 0.377 
  39 N X   0.003 0.008 0.000 0.003 0.001 0.003 0.602 0.381 
  40 E X   0.003 0.008 0.000 0.004 0.001 0.004 0.596 0.385 
  41 P X   0.003 0.009 0.000 0.005 0.001 0.004 0.588 0.391 
  42 I X   0.003 0.011 0.000 0.006 0.001 0.005 0.578 0.397 
  43 V X   0.003 0.013 0.000 0.007 0.002 0.006 0.566 0.404 
  44 K X   0.003 0.017 0.000 0.008 0.002 0.006 0.552 0.412 
  45 N X   0.003 0.021 0.000 0.009 0.002 0.008 0.537 0.421 
  46 G X   0.003 0.027 0.000 0.010 0.003 0.009 0.519 0.429 
  47 R X   0.004 0.035 0.000 0.011 0.003 0.011 0.498 0.437 
  48 P X   0.005 0.048 0.001 0.014 0.005 0.014 0.475 0.440 
  49 P X   0.006 0.067 0.001 0.017 0.007 0.017 0.447 0.437 
  50 T _   0.007 0.100 0.001 0.023 0.011 0.022 0.413 0.422 
  51 S _   0.009 0.151 0.002 0.032 0.016 0.026 0.372 0.392 
  52 H _   0.010 0.223 0.003 0.042 0.022 0.029 0.327 0.345 
  53 S E   0.010 0.309 0.003 0.053 0.025 0.029 0.284 0.287 
  54 M E   0.009 0.388 0.003 0.062 0.025 0.028 0.249 0.236 
  55 H E   0.008 0.443 0.002 0.070 0.023 0.026 0.225 0.203 
  56 S E   0.008 0.473 0.002 0.074 0.021 0.024 0.209 0.189 
  57 F E   0.008 0.486 0.001 0.076 0.020 0.022 0.200 0.187 
  58 L E   0.008 0.490 0.001 0.075 0.018 0.021 0.194 0.195 
  59 H E   0.008 0.483 0.001 0.070 0.017 0.019 0.189 0.213 
  60 Q E   0.008 0.463 0.001 0.063 0.015 0.017 0.187 0.245 
  61 Y E   0.009 0.421 0.002 0.053 0.014 0.016 0.185 0.299 
  62 T _   0.010 0.353 0.002 0.042 0.013 0.015 0.186 0.380 
  63 G _   0.011 0.266 0.002 0.031 0.011 0.014 0.187 0.478 
  64 S _   0.011 0.181 0.001 0.021 0.008 0.013 0.190 0.575 
  65 F _   0.010 0.119 0.001 0.013 0.005 0.012 0.191 0.649 
  66 K _   0.008 0.085 0.001 0.008 0.003 0.011 0.191 0.693 
  67 K _   0.007 0.069 0.000 0.005 0.002 0.010 0.189 0.717 
  68 P _   0.006 0.063 0.000 0.004 0.002 0.010 0.187 0.728 
  69 P _   0.006 0.061 0.000 0.004 0.002 0.011 0.184 0.731 
  70 L _   0.007 0.064 0.000 0.005 0.003 0.013 0.179 0.728 
  71 R _   0.009 0.071 0.001 0.008 0.004 0.016 0.174 0.717 
  72 R _   0.011 0.088 0.001 0.012 0.007 0.020 0.166 0.695 
  73 P _   0.014 0.116 0.001 0.017 0.010 0.024 0.157 0.660 
  74 H _   0.016 0.156 0.002 0.023 0.015 0.028 0.147 0.614 
  75 S _   0.018 0.206 0.002 0.029 0.019 0.032 0.136 0.559 
  76 V _   0.019 0.260 0.002 0.034 0.023 0.034 0.126 0.502 
  77 I _   0.020 0.310 0.002 0.039 0.026 0.036 0.117 0.449 
  78 G _   0.021 0.350 0.002 0.044 0.028 0.036 0.110 0.408 
  79 G _   0.022 0.379 0.002 0.048 0.029 0.036 0.105 0.380 
  80 S E   0.023 0.396 0.002 0.051 0.029 0.035 0.101 0.363 
  81 L E   0.023 0.405 0.002 0.053 0.029 0.034 0.099 0.356 
  82 G E   0.023 0.406 0.002 0.053 0.027 0.032 0.097 0.359 
  83 S E   0.023 0.399 0.002 0.051 0.025 0.030 0.097 0.373 
  84 F _   0.022 0.383 0.002 0.047 0.022 0.027 0.097 0.400 
  85 M _   0.021 0.354 0.002 0.040 0.019 0.024 0.098 0.441 
  86 A _   0.020 0.313 0.002 0.032 0.016 0.022 0.100 0.496 
  87 M _   0.019 0.262 0.001 0.024 0.012 0.020 0.102 0.560 
  88 P _   0.016 0.215 0.001 0.017 0.009 0.017 0.104 0.620 
  89 R _   0.014 0.180 0.001 0.012 0.006 0.015 0.105 0.665 
  90 N _   0.012 0.159 0.001 0.009 0.005 0.014 0.106 0.694 
  91 G _   0.010 0.149 0.000 0.007 0.004 0.013 0.107 0.709 
  92 S _   0.010 0.145 0.000 0.008 0.004 0.013 0.107 0.715 
  93 R _   0.009 0.145 0.000 0.009 0.004 0.013 0.106 0.713 
  94 L _   0.009 0.148 0.001 0.012 0.005 0.013 0.106 0.707 
  95 D _   0.009 0.153 0.001 0.017 0.006 0.013 0.105 0.697 
  96 I _   0.009 0.158 0.001 0.021 0.006 0.013 0.104 0.687 
  97 V _   0.009 0.163 0.001 0.025 0.007 0.013 0.104 0.679 
  98 H _   0.008 0.165 0.001 0.028 0.007 0.013 0.104 0.675 
  99 E _   0.008 0.164 0.001 0.029 0.007 0.012 0.104 0.675 
 100 N _   0.008 0.159 0.001 0.028 0.007 0.011 0.105 0.682 
 101 L _   0.007 0.151 0.001 0.025 0.006 0.011 0.106 0.693 
 102 K _   0.007 0.139 0.001 0.021 0.005 0.010 0.108 0.709 
 103 M _   0.007 0.125 0.001 0.017 0.004 0.009 0.110 0.728 
 104 G _   0.006 0.111 0.000 0.014 0.003 0.008 0.112 0.746 
 105 S _   0.006 0.099 0.000 0.011 0.003 0.007 0.114 0.761 
 106 D _   0.005 0.090 0.000 0.009 0.002 0.006 0.115 0.773 
 107 G _   0.005 0.084 0.000 0.007 0.002 0.006 0.115 0.780 
 108 E _   0.005 0.080 0.000 0.007 0.002 0.006 0.116 0.785 
 109 S _   0.004 0.079 0.000 0.007 0.002 0.006 0.115 0.787 
 110 D _   0.004 0.079 0.000 0.007 0.002 0.006 0.114 0.786 
 111 Q _   0.004 0.081 0.000 0.008 0.002 0.007 0.113 0.785 
 112 A _   0.004 0.084 0.000 0.009 0.002 0.007 0.111 0.782 
 113 S _   0.004 0.089 0.000 0.010 0.002 0.007 0.109 0.778 
 114 G _   0.004 0.095 0.000 0.011 0.003 0.008 0.107 0.773 
 115 T _   0.004 0.102 0.000 0.012 0.003 0.008 0.104 0.768 
 116 S _   0.004 0.110 0.000 0.012 0.003 0.009 0.101 0.761 
 117 S _   0.004 0.120 0.000 0.013 0.003 0.010 0.097 0.752 
 118 D _   0.005 0.133 0.001 0.014 0.004 0.011 0.094 0.739 
 119 E _   0.005 0.150 0.001 0.015 0.005 0.013 0.090 0.722 
 120 V _   0.006 0.172 0.001 0.018 0.006 0.014 0.086 0.698 
 121 Q _   0.006 0.200 0.001 0.020 0.007 0.016 0.081 0.668 
 122 S _   0.007 0.234 0.001 0.023 0.009 0.018 0.077 0.631 
 123 P _   0.008 0.272 0.001 0.027 0.011 0.019 0.072 0.589 
 124 T _   0.008 0.310 0.001 0.030 0.012 0.020 0.068 0.549 
 125 G _   0.009 0.342 0.001 0.033 0.013 0.021 0.065 0.516 
 126 V _   0.009 0.367 0.001 0.035 0.014 0.021 0.063 0.490 
 127 C _   0.009 0.385 0.001 0.037 0.014 0.021 0.061 0.472 
 128 L _   0.010 0.396 0.001 0.037 0.014 0.021 0.059 0.461 
 129 R _   0.010 0.402 0.001 0.037 0.014 0.021 0.059 0.456 
 130 N _   0.010 0.403 0.001 0.037 0.014 0.020 0.058 0.456 
 131 R _   0.010 0.399 0.001 0.036 0.014 0.020 0.058 0.462 
 132 I _   0.011 0.391 0.001 0.035 0.013 0.019 0.059 0.472 
 133 H _   0.011 0.377 0.001 0.033 0.012 0.018 0.060 0.488 
 134 R _   0.011 0.357 0.001 0.031 0.011 0.017 0.062 0.510 
 135 R _   0.011 0.331 0.001 0.029 0.011 0.016 0.064 0.538 
 136 I _   0.011 0.298 0.001 0.027 0.010 0.015 0.066 0.571 
 137 S _   0.011 0.261 0.001 0.024 0.009 0.014 0.069 0.611 
 138 M _   0.010 0.221 0.001 0.021 0.008 0.014 0.073 0.652 
 139 E _   0.010 0.184 0.001 0.018 0.007 0.013 0.076 0.692 
 140 D _   0.009 0.152 0.001 0.015 0.006 0.012 0.079 0.725 
 141 L _   0.009 0.127 0.001 0.013 0.005 0.011 0.081 0.753 
 142 N _   0.009 0.108 0.001 0.011 0.004 0.011 0.084 0.772 
 143 K _   0.008 0.095 0.001 0.010 0.004 0.010 0.086 0.786 
 144 R _   0.008 0.086 0.000 0.010 0.004 0.010 0.087 0.795 
 145 L _   0.008 0.079 0.000 0.010 0.004 0.010 0.089 0.800 
 146 S _   0.008 0.074 0.000 0.011 0.004 0.010 0.090 0.803 
 147 L _   0.008 0.070 0.000 0.011 0.004 0.010 0.092 0.806 
 148 P _   0.008 0.066 0.000 0.011 0.004 0.010 0.093 0.808 
 149 A _   0.008 0.063 0.000 0.011 0.004 0.010 0.094 0.810 
 150 D _   0.008 0.060 0.000 0.011 0.004 0.009 0.095 0.813 
 151 I _   0.008 0.057 0.000 0.011 0.004 0.009 0.096 0.815 
 152 R _   0.008 0.054 0.000 0.011 0.004 0.010 0.097 0.817 
 153 I _   0.008 0.052 0.000 0.011 0.004 0.010 0.098 0.817 
 154 P _   0.008 0.051 0.000 0.012 0.004 0.010 0.099 0.816 
 155 D _   0.008 0.050 0.001 0.013 0.004 0.010 0.100 0.814 
 156 G _   0.008 0.049 0.001 0.015 0.005 0.011 0.101 0.811 
 157 Y _   0.008 0.048 0.001 0.016 0.005 0.011 0.102 0.809 
 158 L _   0.009 0.047 0.001 0.017 0.005 0.011 0.103 0.807 
 159 E _   0.008 0.045 0.001 0.018 0.005 0.011 0.105 0.807 
 160 K _   0.008 0.043 0.001 0.017 0.005 0.010 0.106 0.810 
 161 L _   0.008 0.039 0.001 0.016 0.004 0.009 0.108 0.815 
 162 Q _   0.007 0.034 0.000 0.014 0.004 0.009 0.109 0.822 
 163 I _   0.007 0.029 0.000 0.012 0.003 0.008 0.111 0.829 
 164 N _   0.006 0.025 0.000 0.010 0.003 0.007 0.112 0.836 
 165 S _   0.006 0.021 0.000 0.008 0.003 0.007 0.114 0.842 
 166 P _   0.006 0.017 0.000 0.007 0.002 0.006 0.115 0.846 
 167 P _   0.006 0.015 0.000 0.006 0.002 0.006 0.116 0.849 
 168 F _   0.006 0.014 0.000 0.006 0.002 0.006 0.116 0.851 
 169 D _   0.005 0.013 0.000 0.006 0.002 0.006 0.116 0.851 
 170 Q _   0.005 0.013 0.000 0.006 0.002 0.007 0.115 0.852 
 171 P _   0.005 0.013 0.000 0.006 0.002 0.007 0.115 0.852 
 172 M _   0.005 0.014 0.000 0.006 0.002 0.007 0.113 0.851 
 173 S _   0.005 0.015 0.000 0.007 0.002 0.008 0.111 0.851 
 174 R _   0.005 0.017 0.000 0.007 0.003 0.009 0.109 0.849 
 175 R _   0.006 0.021 0.000 0.008 0.003 0.010 0.107 0.845 
 176 S _   0.006 0.026 0.000 0.009 0.004 0.012 0.104 0.839 
 177 R _   0.007 0.033 0.001 0.011 0.005 0.014 0.101 0.828 
 178 R _   0.008 0.044 0.001 0.014 0.006 0.016 0.097 0.813 
 179 A _   0.010 0.057 0.001 0.018 0.009 0.019 0.093 0.793 
 180 S _   0.012 0.074 0.001 0.024 0.011 0.022 0.089 0.767 
 181 L _   0.013 0.091 0.001 0.030 0.014 0.024 0.086 0.741 
 182 S _   0.015 0.106 0.001 0.036 0.015 0.026 0.082 0.719 
 183 E _   0.016 0.117 0.001 0.041 0.017 0.027 0.080 0.702 
 184 I _   0.017 0.124 0.001 0.044 0.018 0.027 0.077 0.692 
 185 G _   0.018 0.127 0.001 0.045 0.018 0.027 0.076 0.688 
 186 F _   0.019 0.126 0.001 0.043 0.017 0.026 0.075 0.693 
 187 G _   0.019 0.120 0.001 0.039 0.016 0.025 0.074 0.705 
 188 K _   0.019 0.111 0.001 0.034 0.014 0.023 0.074 0.723 
 189 M _   0.019 0.098 0.001 0.027 0.012 0.021 0.075 0.747 
 190 E _   0.017 0.082 0.001 0.022 0.010 0.019 0.075 0.774 
 191 T _   0.016 0.067 0.001 0.016 0.008 0.017 0.076 0.799 
 192 Y _   0.015 0.054 0.001 0.012 0.006 0.016 0.076 0.821 
 193 I _   0.013 0.046 0.001 0.009 0.005 0.014 0.076 0.836 
 194 K _   0.012 0.041 0.000 0.008 0.004 0.013 0.076 0.845 
 195 L _   0.011 0.038 0.000 0.008 0.004 0.013 0.075 0.850 
 196 E _   0.011 0.037 0.000 0.008 0.004 0.013 0.075 0.852 
 197 K _   0.011 0.037 0.001 0.009 0.004 0.013 0.074 0.852 
 198 L _   0.011 0.038 0.001 0.011 0.005 0.013 0.073 0.849 
 199 G _   0.011 0.039 0.001 0.014 0.006 0.014 0.072 0.844 
 200 E _   0.011 0.041 0.001 0.017 0.007 0.014 0.071 0.839 
 201 G _   0.011 0.043 0.001 0.019 0.007 0.014 0.070 0.835 
 202 T _   0.011 0.043 0.001 0.021 0.008 0.014 0.070 0.833 
 203 Y _   0.011 0.043 0.001 0.022 0.007 0.014 0.069 0.834 
 204 A _   0.010 0.041 0.001 0.021 0.007 0.013 0.069 0.839 
 205 T _   0.010 0.037 0.001 0.018 0.006 0.012 0.069 0.847 
 206 V _   0.009 0.033 0.001 0.015 0.005 0.011 0.069 0.857 
 207 Y _   0.008 0.029 0.001 0.012 0.004 0.010 0.069 0.868 
 208 K _   0.007 0.024 0.000 0.009 0.003 0.010 0.069 0.877 
 209 G _   0.007 0.022 0.000 0.007 0.003 0.009 0.068 0.884 
 210 R _   0.007 0.020 0.000 0.006 0.003 0.010 0.068 0.887 
 211 S _   0.007 0.020 0.000 0.006 0.003 0.010 0.067 0.886 
 212 K _   0.008 0.021 0.000 0.007 0.004 0.012 0.066 0.882 
 213 L _   0.009 0.024 0.001 0.009 0.005 0.014 0.065 0.873 
 214 T _   0.011 0.030 0.001 0.013 0.006 0.016 0.064 0.859 
 215 E _   0.012 0.038 0.001 0.019 0.009 0.018 0.062 0.841 
 216 N _   0.013 0.047 0.001 0.027 0.011 0.020 0.061 0.821 
 217 L _   0.014 0.055 0.001 0.033 0.012 0.021 0.059 0.804 
 218 V _   0.015 0.060 0.001 0.038 0.014 0.022 0.058 0.793 
 219 A _   0.015 0.062 0.001 0.041 0.014 0.022 0.058 0.788 
 220 L _   0.015 0.061 0.001 0.040 0.013 0.021 0.058 0.791 
 221 K _   0.015 0.057 0.001 0.036 0.012 0.020 0.058 0.801 
 222 E _   0.014 0.050 0.001 0.030 0.010 0.018 0.058 0.818 
 223 I _   0.013 0.041 0.001 0.023 0.008 0.016 0.059 0.838 
 224 R _   0.013 0.030 0.001 0.016 0.007 0.015 0.060 0.859 
 225 L _   0.012 0.021 0.001 0.011 0.005 0.014 0.060 0.877 
 226 E _   0.012 0.014 0.000 0.007 0.004 0.013 0.061 0.889 
 227 H _   0.012 0.010 0.000 0.005 0.003 0.013 0.061 0.896 
 228 E _   0.012 0.008 0.000 0.004 0.003 0.014 0.060 0.898 
 229 E _   0.013 0.008 0.000 0.004 0.004 0.015 0.060 0.895 
 230 G _   0.016 0.009 0.000 0.005 0.005 0.018 0.059 0.888 
 231 A _   0.019 0.012 0.001 0.008 0.007 0.021 0.058 0.875 
 232 P _   0.023 0.016 0.001 0.012 0.010 0.025 0.057 0.856 
 233 C _   0.026 0.023 0.001 0.019 0.014 0.028 0.056 0.833 
 234 T _   0.029 0.030 0.001 0.026 0.017 0.031 0.055 0.809 
 235 A _   0.031 0.037 0.002 0.033 0.020 0.033 0.055 0.790 
 236 I _   0.032 0.041 0.002 0.038 0.022 0.034 0.054 0.778 
 237 R _   0.032 0.042 0.002 0.039 0.022 0.033 0.054 0.775 
 238 E _   0.031 0.041 0.002 0.038 0.020 0.032 0.055 0.782 
 239 V _   0.030 0.037 0.001 0.032 0.017 0.030 0.055 0.797 
 240 S _   0.028 0.032 0.001 0.025 0.014 0.027 0.056 0.817 
 241 L _   0.026 0.024 0.001 0.019 0.011 0.024 0.057 0.838 
 242 L _   0.024 0.017 0.001 0.013 0.008 0.022 0.057 0.858 
 243 K _   0.022 0.011 0.001 0.008 0.006 0.020 0.058 0.873 
 244 D _   0.021 0.008 0.001 0.006 0.005 0.019 0.058 0.882 
 245 L _   0.021 0.006 0.001 0.005 0.005 0.019 0.059 0.885 
 246 K _   0.022 0.006 0.001 0.005 0.005 0.019 0.059 0.883 
 247 H _   0.024 0.006 0.001 0.007 0.006 0.020 0.059 0.878 
 248 A _   0.025 0.008 0.001 0.009 0.008 0.022 0.059 0.868 
 249 N _   0.027 0.010 0.001 0.013 0.010 0.023 0.059 0.858 
 250 I _   0.028 0.013 0.001 0.018 0.011 0.023 0.059 0.847 
 251 V _   0.028 0.015 0.001 0.022 0.012 0.024 0.059 0.839 
 252 T _   0.027 0.016 0.001 0.024 0.013 0.023 0.060 0.836 
 253 L _   0.026 0.016 0.001 0.023 0.012 0.022 0.060 0.840 
 254 H _   0.023 0.015 0.001 0.021 0.010 0.020 0.061 0.848 
 255 D _   0.021 0.013 0.001 0.016 0.008 0.018 0.062 0.861 
 256 I _   0.018 0.011 0.001 0.012 0.006 0.016 0.063 0.874 
 257 V _   0.016 0.008 0.001 0.008 0.005 0.014 0.063 0.885 
 258 H _   0.015 0.007 0.000 0.005 0.004 0.013 0.063 0.892 
 259 T _   0.014 0.007 0.000 0.005 0.003 0.013 0.063 0.894 
 260 D _   0.014 0.007 0.000 0.005 0.004 0.014 0.063 0.892 
 261 K _   0.015 0.010 0.001 0.007 0.005 0.016 0.063 0.884 
 262 S _   0.016 0.014 0.001 0.012 0.007 0.018 0.063 0.870 
 263 L _   0.017 0.021 0.001 0.019 0.009 0.019 0.062 0.851 
 264 T _   0.018 0.029 0.001 0.027 0.011 0.021 0.062 0.832 
 265 L _   0.017 0.035 0.001 0.034 0.013 0.021 0.062 0.818 
 266 V _   0.017 0.038 0.001 0.038 0.013 0.020 0.062 0.812 
 267 F _   0.015 0.038 0.001 0.038 0.012 0.019 0.062 0.814 
 268 E _   0.013 0.037 0.001 0.034 0.010 0.017 0.063 0.824 
 269 Y _   0.012 0.032 0.001 0.028 0.008 0.015 0.064 0.840 
 270 L _   0.010 0.026 0.001 0.021 0.007 0.013 0.065 0.857 
 271 D _   0.009 0.019 0.001 0.015 0.005 0.011 0.066 0.874 
 272 K _   0.008 0.012 0.000 0.010 0.004 0.009 0.067 0.889 
 273 D _   0.007 0.007 0.000 0.007 0.003 0.008 0.068 0.899 
 274 L _   0.007 0.005 0.000 0.005 0.002 0.008 0.069 0.905 
 275 K _   0.007 0.003 0.000 0.005 0.002 0.008 0.069 0.907 
 276 Q _   0.007 0.002 0.000 0.004 0.002 0.008 0.069 0.908 
 277 Y _   0.007 0.002 0.000 0.005 0.002 0.009 0.068 0.907 
 278 M _   0.008 0.001 0.000 0.005 0.003 0.010 0.068 0.904 
 279 D _   0.010 0.001 0.000 0.006 0.003 0.012 0.067 0.900 
 280 D _   0.013 0.001 0.000 0.007 0.004 0.014 0.066 0.895 
 281 C _   0.017 0.001 0.001 0.007 0.005 0.017 0.065 0.887 
 282 G _   0.024 0.001 0.001 0.008 0.006 0.021 0.063 0.876 
 283 N _   0.034 0.001 0.001 0.008 0.007 0.025 0.062 0.861 
 284 I _   0.048 0.001 0.001 0.008 0.009 0.030 0.060 0.842 
 285 M _   0.066 0.001 0.001 0.008 0.011 0.036 0.059 0.818 
 286 S _   0.089 0.001 0.001 0.008 0.014 0.041 0.057 0.789 
 287 M _   0.116 0.001 0.001 0.007 0.017 0.047 0.055 0.755 
 288 H _   0.148 0.001 0.001 0.007 0.021 0.052 0.054 0.716 
 289 N _   0.182 0.001 0.001 0.006 0.025 0.057 0.052 0.675 
 290 V _   0.218 0.001 0.002 0.006 0.030 0.061 0.051 0.631 
 291 K _   0.250 0.001 0.002 0.006 0.035 0.064 0.051 0.591 
 292 L _   0.279 0.001 0.002 0.007 0.040 0.066 0.050 0.554 
 293 F _   0.302 0.002 0.002 0.008 0.044 0.067 0.051 0.524 
 294 L _   0.317 0.002 0.002 0.009 0.048 0.067 0.052 0.503 
 295 Y _   0.324 0.003 0.002 0.011 0.049 0.065 0.053 0.493 
 296 Q _   0.322 0.003 0.002 0.012 0.048 0.063 0.056 0.493 
 297 I _   0.314 0.004 0.002 0.013 0.046 0.060 0.058 0.503 
 298 L _   0.299 0.004 0.002 0.014 0.042 0.056 0.062 0.522 
 299 R _   0.276 0.004 0.002 0.014 0.037 0.051 0.065 0.550 
 300 G _   0.249 0.004 0.002 0.013 0.031 0.046 0.070 0.584 
 301 L _   0.216 0.004 0.002 0.013 0.026 0.041 0.075 0.624 
 302 A _   0.181 0.004 0.002 0.013 0.020 0.037 0.079 0.664 
 303 Y _   0.146 0.003 0.001 0.013 0.016 0.032 0.084 0.704 
 304 C _   0.114 0.003 0.001 0.013 0.013 0.027 0.089 0.740 
 305 H _   0.087 0.003 0.001 0.012 0.010 0.023 0.094 0.770 
 306 R _   0.065 0.003 0.001 0.012 0.008 0.020 0.098 0.794 
 307 R _   0.048 0.003 0.001 0.011 0.006 0.017 0.102 0.813 
 308 K _   0.035 0.002 0.001 0.010 0.005 0.014 0.105 0.828 
 309 V _   0.025 0.002 0.000 0.009 0.004 0.012 0.108 0.839 
 310 L _   0.019 0.002 0.000 0.008 0.003 0.010 0.111 0.847 
 311 H _   0.014 0.002 0.000 0.007 0.003 0.008 0.112 0.853 
 312 R _   0.011 0.002 0.000 0.006 0.002 0.007 0.114 0.857 
 313 D _   0.009 0.002 0.000 0.006 0.002 0.007 0.115 0.859 
 314 L _   0.008 0.002 0.000 0.005 0.002 0.006 0.116 0.860 
 315 K _   0.007 0.002 0.000 0.005 0.002 0.006 0.117 0.860 
 316 P _   0.007 0.002 0.000 0.006 0.002 0.006 0.117 0.860 
 317 Q _   0.006 0.003 0.000 0.006 0.002 0.006 0.117 0.859 
 318 N _   0.006 0.004 0.000 0.006 0.002 0.006 0.117 0.858 
 319 L _   0.006 0.005 0.000 0.007 0.002 0.006 0.116 0.858 
 320 L _   0.006 0.006 0.000 0.007 0.002 0.006 0.115 0.857 
 321 I _   0.006 0.008 0.000 0.007 0.002 0.007 0.113 0.856 
 322 N _   0.005 0.010 0.000 0.008 0.002 0.007 0.112 0.856 
 323 E _   0.005 0.012 0.000 0.008 0.002 0.007 0.109 0.855 
 324 K _   0.005 0.016 0.000 0.008 0.003 0.008 0.107 0.853 
 325 G _   0.005 0.020 0.000 0.009 0.003 0.009 0.104 0.850 
 326 E _   0.006 0.026 0.000 0.011 0.003 0.009 0.101 0.844 
 327 L _   0.006 0.033 0.000 0.013 0.004 0.011 0.097 0.835 
 328 K _   0.006 0.043 0.001 0.016 0.005 0.012 0.094 0.823 
 329 L _   0.007 0.054 0.001 0.021 0.006 0.013 0.090 0.809 
 330 A _   0.007 0.066 0.001 0.026 0.007 0.014 0.086 0.793 
 331 D _   0.008 0.076 0.001 0.031 0.008 0.015 0.082 0.779 
 332 F _   0.008 0.084 0.001 0.035 0.009 0.016 0.079 0.768 
 333 G _   0.008 0.089 0.001 0.038 0.010 0.016 0.077 0.761 
 334 L _   0.009 0.091 0.001 0.039 0.010 0.016 0.075 0.760 
 335 A _   0.009 0.090 0.001 0.037 0.009 0.016 0.074 0.765 
 336 R _   0.009 0.086 0.001 0.033 0.009 0.015 0.073 0.774 
 337 A _   0.009 0.079 0.001 0.028 0.008 0.014 0.073 0.789 
 338 K _   0.008 0.069 0.001 0.023 0.007 0.013 0.073 0.807 
 339 S _   0.008 0.058 0.001 0.017 0.005 0.012 0.073 0.826 
 340 V _   0.008 0.048 0.001 0.012 0.004 0.011 0.073 0.843 
 341 P _   0.008 0.041 0.000 0.009 0.003 0.011 0.073 0.855 
 342 T _   0.008 0.036 0.000 0.007 0.003 0.011 0.072 0.863 
 343 K _   0.008 0.034 0.000 0.006 0.003 0.011 0.071 0.866 
 344 T _   0.009 0.034 0.000 0.007 0.004 0.013 0.070 0.864 
 345 Y _   0.010 0.036 0.001 0.009 0.005 0.015 0.069 0.857 
 346 S _   0.011 0.040 0.001 0.013 0.006 0.017 0.067 0.845 
 347 N _   0.013 0.047 0.001 0.018 0.009 0.019 0.065 0.828 
 348 E _   0.014 0.056 0.001 0.025 0.011 0.021 0.063 0.808 
 349 V _   0.015 0.064 0.001 0.032 0.013 0.022 0.062 0.790 
 350 V _   0.016 0.070 0.001 0.037 0.014 0.023 0.060 0.779 
 351 T _   0.016 0.072 0.001 0.040 0.015 0.023 0.059 0.774 
 352 L _   0.015 0.072 0.001 0.040 0.014 0.022 0.059 0.777 
 353 W _   0.014 0.068 0.001 0.037 0.013 0.021 0.059 0.788 
 354 Y _   0.013 0.061 0.001 0.032 0.012 0.019 0.059 0.804 
 355 R _   0.012 0.052 0.001 0.026 0.010 0.017 0.059 0.823 
 356 P _   0.011 0.042 0.001 0.021 0.008 0.016 0.059 0.843 
 357 P _   0.011 0.032 0.001 0.016 0.007 0.014 0.060 0.860 
 358 D _   0.010 0.023 0.001 0.013 0.005 0.013 0.060 0.875 
 359 V _   0.010 0.017 0.001 0.010 0.005 0.012 0.061 0.885 
 360 L _   0.010 0.012 0.000 0.009 0.004 0.011 0.061 0.892 
 361 L _   0.011 0.008 0.000 0.008 0.004 0.011 0.060 0.897 
 362 G _   0.013 0.006 0.000 0.007 0.004 0.011 0.060 0.899 
 363 S _   0.016 0.004 0.000 0.006 0.003 0.011 0.059 0.900 
 364 S _   0.021 0.002 0.000 0.005 0.003 0.012 0.058 0.898 
 365 E _   0.030 0.001 0.000 0.005 0.004 0.013 0.057 0.891 
 366 Y _   0.046 0.000 0.000 0.004 0.004 0.014 0.055 0.876 
 367 S _   0.073 0.000 0.001 0.003 0.005 0.016 0.053 0.849 
 368 T _   0.114 0.000 0.001 0.003 0.006 0.019 0.051 0.806 
 369 Q _   0.172 0.000 0.001 0.002 0.009 0.023 0.048 0.744 
 370 I _   0.249 0.000 0.001 0.002 0.013 0.028 0.045 0.661 
 371 D _   0.336 0.000 0.001 0.002 0.019 0.033 0.042 0.565 
 372 M _   0.422 0.000 0.002 0.003 0.028 0.037 0.040 0.468 
 373 W H   0.498 0.000 0.002 0.003 0.036 0.040 0.039 0.382 
 374 G H   0.555 0.000 0.002 0.004 0.043 0.042 0.039 0.314 
 375 V H   0.594 0.001 0.002 0.004 0.049 0.042 0.040 0.267 
 376 G H   0.616 0.001 0.002 0.006 0.053 0.041 0.042 0.239 
 377 C H   0.624 0.002 0.002 0.007 0.054 0.040 0.044 0.227 
 378 I H   0.614 0.002 0.003 0.008 0.053 0.038 0.048 0.233 
 379 F H   0.589 0.002 0.003 0.009 0.051 0.035 0.053 0.257 
 380 F H   0.545 0.002 0.003 0.010 0.046 0.033 0.060 0.301 
 381 E H   0.482 0.002 0.003 0.010 0.039 0.030 0.069 0.365 
 382 M _   0.404 0.001 0.002 0.009 0.030 0.027 0.080 0.446 
 383 A _   0.317 0.001 0.002 0.008 0.021 0.023 0.091 0.536 
 384 S _   0.234 0.001 0.001 0.007 0.014 0.020 0.103 0.620 
 385 G _   0.165 0.000 0.001 0.006 0.009 0.017 0.114 0.688 
 386 R _   0.111 0.000 0.001 0.005 0.006 0.014 0.123 0.740 
 387 P _   0.074 0.000 0.001 0.004 0.004 0.012 0.131 0.774 
 388 L _   0.049 0.000 0.000 0.004 0.003 0.011 0.137 0.797 
 389 F _   0.033 0.000 0.000 0.003 0.002 0.010 0.142 0.809 
 390 P _   0.024 0.000 0.000 0.003 0.002 0.010 0.145 0.815 
 391 G _   0.020 0.000 0.000 0.002 0.002 0.011 0.148 0.816 
 392 S _   0.020 0.000 0.000 0.002 0.002 0.013 0.151 0.811 
 393 T _   0.022 0.001 0.000 0.003 0.003 0.017 0.152 0.801 
 394 V _   0.029 0.002 0.000 0.004 0.005 0.023 0.154 0.783 
 395 E _   0.039 0.005 0.001 0.006 0.009 0.031 0.155 0.754 
 396 D _   0.051 0.015 0.001 0.009 0.017 0.040 0.156 0.710 
 397 E _   0.063 0.036 0.002 0.016 0.028 0.050 0.157 0.648 
 398 L _   0.072 0.072 0.003 0.027 0.040 0.057 0.158 0.570 
 399 H _   0.078 0.115 0.003 0.041 0.048 0.061 0.160 0.494 
 400 L _   0.079 0.150 0.003 0.055 0.053 0.061 0.164 0.437 
 401 I _   0.077 0.171 0.003 0.065 0.053 0.059 0.169 0.403 
 402 F _   0.074 0.182 0.003 0.071 0.051 0.056 0.176 0.389 
 403 R _   0.068 0.184 0.003 0.071 0.046 0.051 0.184 0.393 
 404 L _   0.061 0.178 0.003 0.065 0.040 0.046 0.195 0.412 
 405 L _   0.053 0.163 0.002 0.056 0.033 0.040 0.208 0.445 
 406 G _   0.045 0.138 0.002 0.044 0.026 0.033 0.223 0.489 
 407 T _   0.037 0.106 0.002 0.032 0.019 0.028 0.239 0.537 
 408 P _   0.030 0.074 0.001 0.022 0.013 0.023 0.255 0.581 
 409 S _   0.024 0.048 0.001 0.015 0.009 0.019 0.269 0.615 
 410 Q _   0.019 0.032 0.001 0.011 0.006 0.015 0.281 0.635 
 411 E _   0.015 0.022 0.001 0.009 0.004 0.013 0.292 0.645 
 412 T _   0.012 0.016 0.000 0.008 0.003 0.011 0.300 0.650 
 413 W _   0.010 0.013 0.000 0.007 0.003 0.009 0.307 0.650 
 414 P _   0.008 0.011 0.000 0.007 0.003 0.008 0.314 0.649 
 415 G _   0.007 0.009 0.000 0.008 0.003 0.008 0.319 0.646 
 416 I _   0.007 0.008 0.000 0.008 0.003 0.007 0.324 0.643 
 417 S _   0.006 0.007 0.000 0.008 0.003 0.007 0.329 0.640 
 418 S _   0.006 0.006 0.000 0.008 0.002 0.006 0.333 0.637 
 419 N _   0.006 0.006 0.000 0.008 0.002 0.006 0.337 0.635 
 420 E _   0.005 0.005 0.000 0.007 0.002 0.006 0.341 0.633 
 421 E _   0.005 0.005 0.000 0.007 0.002 0.006 0.344 0.631 
 422 F _   0.005 0.004 0.000 0.006 0.002 0.005 0.347 0.630 
 423 K _   0.005 0.004 0.000 0.006 0.002 0.005 0.350 0.629 
 424 N _   0.004 0.003 0.000 0.005 0.002 0.005 0.352 0.629 
 425 Y _   0.004 0.003 0.000 0.005 0.002 0.005 0.353 0.628 
 426 N _   0.004 0.003 0.000 0.005 0.002 0.005 0.354 0.628 
 427 F _   0.004 0.003 0.000 0.005 0.002 0.005 0.354 0.627 
 428 P _   0.004 0.004 0.000 0.005 0.002 0.005 0.354 0.626 
 429 K _   0.004 0.005 0.000 0.006 0.002 0.005 0.354 0.626 
 430 Y _   0.004 0.006 0.000 0.006 0.002 0.005 0.353 0.625 
 431 K _   0.004 0.007 0.000 0.007 0.002 0.005 0.351 0.624 
 432 P _   0.004 0.009 0.000 0.008 0.002 0.006 0.350 0.622 
 433 Q _   0.004 0.011 0.000 0.009 0.002 0.006 0.348 0.620 
 434 P _   0.004 0.013 0.000 0.010 0.003 0.006 0.346 0.618 
 435 L _   0.004 0.015 0.000 0.011 0.003 0.007 0.344 0.617 
 436 I _   0.003 0.017 0.000 0.011 0.003 0.007 0.342 0.617 
 437 N _   0.003 0.019 0.000 0.010 0.003 0.007 0.340 0.617 
 438 H _   0.004 0.021 0.000 0.009 0.003 0.007 0.338 0.618 
 439 A _   0.004 0.023 0.000 0.009 0.003 0.007 0.336 0.619 
 440 P _   0.004 0.026 0.000 0.008 0.003 0.008 0.333 0.618 
 441 R _   0.004 0.029 0.000 0.008 0.003 0.010 0.331 0.615 
 442 L _   0.005 0.034 0.000 0.008 0.004 0.012 0.328 0.609 
 443 D _   0.007 0.042 0.001 0.010 0.005 0.014 0.324 0.597 
 444 S _   0.009 0.056 0.001 0.014 0.007 0.018 0.320 0.576 
 445 E _   0.011 0.077 0.001 0.020 0.011 0.021 0.315 0.544 
 446 G _   0.013 0.106 0.001 0.027 0.014 0.025 0.309 0.504 
 447 I _   0.015 0.137 0.002 0.037 0.018 0.027 0.304 0.462 
 448 E _   0.015 0.161 0.002 0.047 0.019 0.028 0.300 0.428 
 449 L _   0.016 0.177 0.001 0.054 0.020 0.028 0.298 0.406 
 450 I _   0.016 0.184 0.001 0.058 0.020 0.027 0.297 0.396 
 451 T _   0.015 0.185 0.001 0.059 0.019 0.025 0.299 0.396 
 452 K _   0.014 0.180 0.001 0.055 0.018 0.023 0.302 0.407 
 453 F _   0.013 0.168 0.001 0.047 0.015 0.020 0.306 0.429 
 454 L _   0.012 0.146 0.001 0.037 0.012 0.018 0.312 0.461 
 455 Q _   0.011 0.116 0.001 0.027 0.010 0.015 0.319 0.501 
 456 Y _   0.010 0.084 0.001 0.018 0.007 0.013 0.326 0.542 
 457 E _   0.008 0.057 0.001 0.011 0.005 0.011 0.332 0.574 
 458 S _   0.007 0.041 0.000 0.007 0.003 0.010 0.337 0.595 
 459 K _   0.006 0.033 0.000 0.005 0.002 0.009 0.340 0.604 
 460 K _   0.006 0.030 0.000 0.004 0.002 0.009 0.342 0.607 
 461 R _   0.006 0.030 0.000 0.004 0.002 0.009 0.343 0.605 
 462 V _   0.006 0.031 0.000 0.005 0.003 0.011 0.344 0.599 
 463 S _   0.007 0.035 0.000 0.008 0.004 0.012 0.344 0.589 
 464 A _   0.008 0.042 0.001 0.012 0.006 0.014 0.344 0.574 
 465 E _   0.009 0.050 0.001 0.017 0.007 0.016 0.343 0.556 
 466 E _   0.010 0.059 0.001 0.022 0.009 0.018 0.343 0.539 
 467 A _   0.010 0.066 0.001 0.026 0.011 0.019 0.343 0.524 
 468 M _   0.011 0.071 0.001 0.028 0.012 0.020 0.345 0.513 
 469 K _   0.011 0.073 0.001 0.030 0.012 0.020 0.347 0.506 
 470 H _   0.011 0.074 0.001 0.029 0.013 0.020 0.350 0.502 
 471 V _   0.011 0.073 0.001 0.028 0.012 0.020 0.354 0.500 
 472 Y _   0.012 0.070 0.001 0.026 0.012 0.020 0.359 0.501 
 473 F _   0.012 0.066 0.001 0.023 0.011 0.019 0.365 0.504 
 474 R _   0.012 0.061 0.001 0.020 0.010 0.018 0.372 0.507 
 475 S _   0.012 0.056 0.001 0.017 0.009 0.018 0.379 0.509 
 476 L _   0.012 0.050 0.001 0.014 0.008 0.017 0.386 0.511 
 477 G _   0.012 0.045 0.001 0.012 0.007 0.017 0.394 0.512 
 478 P _   0.012 0.041 0.001 0.011 0.006 0.016 0.402 0.511 
 479 R _   0.012 0.038 0.001 0.009 0.006 0.016 0.409 0.509 
 480 I _   0.012 0.035 0.001 0.009 0.006 0.016 0.417 0.505 
 481 H _   0.013 0.033 0.001 0.008 0.006 0.017 0.424 0.499 
 482 A _   0.014 0.033 0.001 0.008 0.006 0.017 0.432 0.491 
 483 L _   0.014 0.033 0.001 0.008 0.006 0.018 0.439 0.481 
 484 P _   0.016 0.034 0.001 0.008 0.007 0.020 0.446 0.469 
 485 E X   0.017 0.036 0.001 0.010 0.008 0.021 0.454 0.453 
 486 S X   0.019 0.040 0.001 0.012 0.010 0.023 0.462 0.434 
 487 V X   0.020 0.045 0.001 0.017 0.012 0.024 0.470 0.411 
 488 S X   0.021 0.051 0.001 0.022 0.014 0.025 0.480 0.385 
 489 I X   0.021 0.057 0.001 0.028 0.016 0.026 0.492 0.359 
 490 F X   0.020 0.061 0.001 0.034 0.017 0.026 0.505 0.336 
 491 S X   0.019 0.063 0.001 0.038 0.017 0.025 0.520 0.317 
 492 L X   0.018 0.063 0.001 0.039 0.016 0.023 0.538 0.302 
 493 K X   0.016 0.061 0.001 0.038 0.015 0.021 0.558 0.290 
 494 E X   0.014 0.056 0.001 0.035 0.013 0.018 0.581 0.282 
 495 I X   0.012 0.049 0.001 0.030 0.010 0.016 0.606 0.276 
 496 Q X   0.010 0.040 0.001 0.023 0.008 0.013 0.633 0.271 
 497 L X   0.009 0.031 0.001 0.018 0.006 0.011 0.660 0.266 
 498 Q X   0.007 0.022 0.001 0.012 0.004 0.009 0.686 0.260 
 499 K X   0.006 0.015 0.000 0.009 0.003 0.007 0.709 0.252 
 500 D X   0.005 0.010 0.000 0.006 0.002 0.005 0.728 0.243 
 501 P X   0.004 0.007 0.000 0.005 0.002 0.004 0.745 0.233 
 502 G X   0.003 0.005 0.000 0.004 0.001 0.004 0.759 0.224 
 503 F X   0.003 0.004 0.000 0.003 0.001 0.003 0.771 0.214 
 504 R X   0.003 0.004 0.000 0.003 0.001 0.003 0.781 0.206 
 505 N X   0.002 0.003 0.000 0.003 0.001 0.003 0.790 0.198 
 506 S X   0.002 0.003 0.000 0.003 0.001 0.002 0.797 0.192 
 507 S X   0.002 0.003 0.000 0.003 0.001 0.002 0.803 0.186 
 508 Y X   0.001 0.003 0.000 0.003 0.001 0.002 0.808 0.182 
 509 P X   0.001 0.004 0.000 0.003 0.001 0.002 0.812 0.178 
 510 E X   0.001 0.004 0.000 0.003 0.001 0.002 0.815 0.174 
 511 T X   0.001 0.005 0.000 0.003 0.001 0.002 0.817 0.171 
 512 G X   0.001 0.006 0.000 0.004 0.001 0.003 0.819 0.167 
 513 H X   0.001 0.008 0.000 0.004 0.001 0.003 0.820 0.162 
 514 G X   0.001 0.010 0.000 0.005 0.001 0.003 0.821 0.158 
 515 K X   0.001 0.013 0.000 0.007 0.001 0.003 0.821 0.153 
 516 N X   0.001 0.016 0.000 0.008 0.002 0.003 0.821 0.149 
 517 R X   0.001 0.018 0.000 0.010 0.002 0.003 0.822 0.144 
 518 R X   0.001 0.020 0.000 0.010 0.001 0.002 0.823 0.141 
 519 Q X   0.001 0.021 0.000 0.010 0.001 0.001 0.825 0.140 
 520 S X   0.000 0.021 0.000 0.008 0.000 0.001 0.827 0.142 
 521 M X   0.000 0.021 0.000 0.007 0.000 0.000 0.825 0.146 
 522 L X   0.000 0.021 0.000 0.008 0.000 0.000 0.820 0.151 
 523 F X   0.002 0.020 0.001 0.016 0.003 0.002 0.800 0.155 
