#TopoPred_TM8: 8-state transmembrane topology prediction results by no_profile mode 
#probabilities are in the order of H E C I L F X _, the 8 transmembrane topology types used in PDBTM 
   1 M X   0.011 0.001 0.002 0.057 0.009 0.009 0.791 0.120 
   2 E X   0.005 0.000 0.000 0.036 0.002 0.005 0.816 0.135 
   3 G X   0.002 0.000 0.000 0.022 0.001 0.003 0.823 0.148 
   4 I X   0.001 0.000 0.000 0.015 0.001 0.003 0.822 0.157 
   5 S X   0.002 0.000 0.000 0.011 0.001 0.003 0.818 0.165 
   6 N X   0.002 0.000 0.000 0.009 0.001 0.004 0.812 0.173 
   7 F X   0.002 0.000 0.000 0.007 0.001 0.004 0.804 0.182 
   8 K X   0.002 0.000 0.000 0.005 0.001 0.004 0.795 0.192 
   9 T X   0.002 0.001 0.000 0.005 0.001 0.004 0.783 0.204 
  10 P X   0.002 0.001 0.000 0.005 0.001 0.004 0.769 0.217 
  11 S X   0.002 0.001 0.000 0.005 0.001 0.005 0.753 0.233 
  12 K X   0.002 0.002 0.000 0.006 0.002 0.005 0.734 0.249 
  13 L X   0.002 0.003 0.000 0.007 0.002 0.006 0.713 0.267 
  14 S X   0.003 0.005 0.000 0.009 0.003 0.008 0.689 0.284 
  15 E X   0.003 0.008 0.000 0.012 0.003 0.009 0.663 0.301 
  16 K X   0.004 0.012 0.001 0.016 0.005 0.011 0.635 0.317 
  17 K X   0.004 0.018 0.001 0.021 0.006 0.013 0.606 0.331 
  18 K X   0.005 0.024 0.001 0.027 0.008 0.015 0.576 0.345 
  19 S X   0.005 0.030 0.001 0.031 0.009 0.016 0.549 0.358 
  20 V X   0.006 0.034 0.001 0.035 0.010 0.017 0.525 0.372 
  21 L X   0.006 0.037 0.001 0.036 0.010 0.018 0.504 0.387 
  22 C X   0.007 0.038 0.001 0.035 0.010 0.018 0.486 0.405 
  23 S X   0.007 0.038 0.001 0.031 0.010 0.018 0.470 0.425 
  24 T X   0.008 0.036 0.001 0.026 0.009 0.017 0.457 0.447 
  25 P _   0.008 0.034 0.001 0.021 0.007 0.017 0.445 0.468 
  26 T _   0.008 0.031 0.001 0.016 0.006 0.016 0.433 0.489 
  27 I _   0.008 0.028 0.001 0.012 0.005 0.016 0.422 0.508 
  28 N _   0.009 0.026 0.001 0.009 0.005 0.017 0.411 0.522 
  29 I _   0.010 0.025 0.001 0.007 0.005 0.018 0.400 0.534 
  30 P _   0.011 0.026 0.001 0.007 0.005 0.020 0.388 0.542 
  31 A _   0.013 0.028 0.001 0.008 0.006 0.023 0.376 0.546 
  32 S _   0.015 0.033 0.001 0.010 0.008 0.026 0.362 0.546 
  33 P _   0.018 0.041 0.001 0.012 0.011 0.030 0.346 0.541 
  34 F _   0.020 0.052 0.001 0.016 0.015 0.033 0.330 0.532 
  35 M _   0.023 0.067 0.002 0.019 0.018 0.036 0.314 0.520 
  36 Q _   0.026 0.084 0.002 0.023 0.021 0.039 0.298 0.507 
  37 K _   0.028 0.100 0.002 0.026 0.024 0.041 0.284 0.495 
  38 L _   0.030 0.115 0.002 0.029 0.026 0.042 0.271 0.486 
  39 G _   0.031 0.127 0.002 0.030 0.027 0.043 0.260 0.480 
  40 F _   0.033 0.137 0.002 0.032 0.028 0.042 0.251 0.476 
  41 G _   0.034 0.144 0.002 0.034 0.028 0.042 0.242 0.474 
  42 T _   0.035 0.149 0.002 0.036 0.027 0.040 0.236 0.475 
  43 G _   0.035 0.152 0.002 0.037 0.026 0.038 0.230 0.479 
  44 V _   0.035 0.152 0.002 0.038 0.024 0.036 0.226 0.487 
  45 N _   0.034 0.149 0.002 0.038 0.022 0.033 0.223 0.499 
  46 V _   0.032 0.142 0.001 0.037 0.019 0.030 0.221 0.517 
  47 Y _   0.030 0.132 0.001 0.034 0.016 0.027 0.219 0.541 
  48 L _   0.027 0.115 0.001 0.029 0.013 0.023 0.219 0.572 
  49 M _   0.023 0.094 0.001 0.024 0.011 0.020 0.218 0.609 
  50 K _   0.019 0.071 0.001 0.018 0.008 0.017 0.218 0.648 
  51 R _   0.016 0.049 0.001 0.013 0.006 0.014 0.217 0.686 
  52 S _   0.012 0.033 0.001 0.009 0.004 0.011 0.215 0.715 
  53 P _   0.010 0.023 0.000 0.006 0.003 0.009 0.213 0.736 
  54 R _   0.008 0.018 0.000 0.004 0.002 0.008 0.211 0.749 
  55 G _   0.007 0.015 0.000 0.004 0.002 0.007 0.207 0.757 
  56 L _   0.006 0.015 0.000 0.004 0.002 0.008 0.203 0.761 
  57 S _   0.006 0.016 0.000 0.005 0.002 0.008 0.199 0.763 
  58 H _   0.007 0.018 0.000 0.007 0.003 0.009 0.194 0.761 
  59 S _   0.007 0.023 0.001 0.011 0.004 0.010 0.188 0.757 
  60 P _   0.007 0.029 0.001 0.015 0.005 0.012 0.181 0.750 
  61 W _   0.007 0.036 0.001 0.019 0.006 0.013 0.174 0.743 
  62 A _   0.008 0.042 0.001 0.023 0.007 0.013 0.168 0.738 
  63 V _   0.008 0.047 0.001 0.025 0.008 0.014 0.163 0.735 
  64 K _   0.008 0.051 0.001 0.026 0.008 0.014 0.158 0.736 
  65 K _   0.008 0.053 0.001 0.025 0.007 0.013 0.154 0.740 
  66 I _   0.008 0.053 0.001 0.023 0.007 0.013 0.150 0.746 
  67 N _   0.008 0.052 0.001 0.020 0.006 0.012 0.147 0.755 
  68 P _   0.007 0.051 0.001 0.017 0.005 0.011 0.144 0.764 
  69 I _   0.007 0.049 0.001 0.014 0.005 0.011 0.141 0.773 
  70 C _   0.007 0.047 0.000 0.011 0.004 0.010 0.139 0.781 
  71 N _   0.007 0.046 0.000 0.010 0.004 0.010 0.136 0.786 
  72 D _   0.007 0.046 0.000 0.009 0.004 0.010 0.133 0.790 
  73 H _   0.007 0.047 0.000 0.009 0.004 0.010 0.130 0.791 
  74 Y _   0.007 0.049 0.000 0.010 0.004 0.011 0.127 0.791 
  75 R _   0.008 0.053 0.001 0.011 0.005 0.012 0.124 0.788 
  76 S _   0.008 0.058 0.001 0.013 0.005 0.012 0.120 0.784 
  77 V _   0.008 0.063 0.001 0.015 0.006 0.013 0.116 0.778 
  78 Y _   0.008 0.069 0.001 0.017 0.006 0.013 0.112 0.773 
  79 Q _   0.008 0.074 0.001 0.019 0.007 0.014 0.109 0.769 
  80 K _   0.008 0.079 0.001 0.020 0.007 0.014 0.106 0.765 
  81 R _   0.008 0.082 0.001 0.022 0.007 0.014 0.103 0.763 
  82 L _   0.008 0.085 0.001 0.022 0.008 0.014 0.100 0.762 
  83 M _   0.008 0.086 0.001 0.022 0.008 0.014 0.098 0.763 
  84 D _   0.008 0.087 0.001 0.022 0.007 0.014 0.096 0.766 
  85 E _   0.009 0.086 0.001 0.021 0.007 0.013 0.095 0.769 
  86 A _   0.009 0.084 0.001 0.019 0.006 0.013 0.093 0.775 
  87 K _   0.009 0.081 0.001 0.017 0.006 0.012 0.092 0.782 
  88 I _   0.009 0.078 0.001 0.015 0.005 0.012 0.091 0.790 
  89 L _   0.009 0.074 0.001 0.012 0.005 0.011 0.090 0.798 
  90 K _   0.009 0.070 0.001 0.010 0.004 0.011 0.089 0.806 
  91 S _   0.009 0.068 0.000 0.009 0.004 0.011 0.088 0.811 
  92 L _   0.009 0.067 0.000 0.008 0.004 0.012 0.086 0.814 
  93 H _   0.009 0.068 0.000 0.008 0.004 0.012 0.085 0.813 
  94 H _   0.010 0.070 0.001 0.010 0.005 0.014 0.083 0.807 
  95 P _   0.011 0.076 0.001 0.013 0.006 0.015 0.081 0.797 
  96 N _   0.012 0.086 0.001 0.018 0.008 0.017 0.079 0.780 
  97 I _   0.013 0.097 0.001 0.025 0.010 0.018 0.077 0.760 
  98 V _   0.014 0.108 0.001 0.031 0.012 0.019 0.074 0.741 
  99 G _   0.014 0.115 0.001 0.037 0.013 0.019 0.073 0.728 
 100 Y _   0.013 0.119 0.001 0.040 0.013 0.019 0.072 0.724 
 101 R _   0.012 0.118 0.001 0.039 0.012 0.018 0.071 0.728 
 102 A _   0.011 0.114 0.001 0.035 0.010 0.016 0.071 0.741 
 103 F _   0.010 0.105 0.001 0.027 0.008 0.014 0.071 0.762 
 104 T _   0.009 0.094 0.001 0.020 0.006 0.013 0.071 0.786 
 105 E _   0.008 0.083 0.001 0.013 0.005 0.011 0.071 0.809 
 106 A _   0.007 0.074 0.000 0.009 0.003 0.010 0.071 0.825 
 107 N _   0.007 0.070 0.000 0.007 0.003 0.010 0.071 0.833 
 108 D _   0.007 0.070 0.000 0.007 0.003 0.011 0.070 0.833 
 109 G _   0.008 0.073 0.000 0.009 0.004 0.012 0.069 0.826 
 110 S _   0.009 0.080 0.001 0.014 0.006 0.014 0.067 0.809 
 111 L _   0.010 0.093 0.001 0.022 0.008 0.016 0.065 0.784 
 112 C _   0.011 0.108 0.001 0.033 0.010 0.018 0.064 0.755 
 113 L _   0.011 0.119 0.001 0.043 0.012 0.019 0.062 0.733 
 114 A _   0.011 0.125 0.001 0.049 0.013 0.019 0.061 0.721 
 115 M _   0.011 0.125 0.001 0.050 0.012 0.018 0.061 0.721 
 116 E _   0.010 0.121 0.001 0.046 0.011 0.016 0.061 0.732 
 117 Y _   0.009 0.111 0.001 0.039 0.010 0.015 0.062 0.753 
 118 G _   0.008 0.095 0.001 0.029 0.008 0.013 0.063 0.782 
 119 G _   0.008 0.075 0.001 0.021 0.006 0.011 0.064 0.814 
 120 E _   0.007 0.057 0.001 0.014 0.005 0.010 0.066 0.841 
 121 K _   0.007 0.043 0.000 0.010 0.003 0.009 0.067 0.860 
 122 S _   0.007 0.035 0.000 0.008 0.003 0.009 0.068 0.870 
 123 L _   0.007 0.030 0.000 0.008 0.003 0.009 0.068 0.874 
 124 N _   0.007 0.028 0.000 0.010 0.003 0.010 0.069 0.874 
 125 D _   0.007 0.027 0.000 0.012 0.004 0.010 0.069 0.871 
 126 L _   0.008 0.026 0.001 0.015 0.004 0.011 0.069 0.867 
 127 I _   0.008 0.025 0.001 0.017 0.005 0.011 0.069 0.864 
 128 E _   0.008 0.023 0.001 0.018 0.005 0.011 0.069 0.865 
 129 E _   0.008 0.020 0.001 0.017 0.005 0.011 0.070 0.869 
 130 R _   0.008 0.016 0.001 0.015 0.004 0.010 0.070 0.877 
 131 Y _   0.008 0.011 0.000 0.011 0.004 0.010 0.070 0.886 
 132 K _   0.009 0.007 0.000 0.008 0.003 0.010 0.070 0.894 
 133 A _   0.010 0.003 0.000 0.005 0.002 0.010 0.070 0.898 
 134 S _   0.014 0.001 0.000 0.003 0.002 0.011 0.070 0.897 
 135 Q _   0.022 0.001 0.000 0.003 0.002 0.014 0.069 0.890 
 136 D _   0.036 0.000 0.000 0.002 0.003 0.018 0.068 0.873 
 137 P _   0.059 0.000 0.001 0.003 0.005 0.024 0.066 0.842 
 138 F _   0.094 0.000 0.001 0.003 0.009 0.033 0.064 0.796 
 139 P _   0.137 0.001 0.001 0.005 0.016 0.044 0.062 0.735 
 140 A _   0.185 0.002 0.002 0.007 0.025 0.055 0.060 0.665 
 141 A _   0.232 0.004 0.002 0.010 0.037 0.064 0.058 0.593 
 142 I _   0.270 0.007 0.002 0.013 0.049 0.072 0.056 0.530 
 143 I _   0.301 0.011 0.003 0.017 0.058 0.075 0.055 0.480 
 144 L _   0.321 0.015 0.003 0.020 0.064 0.076 0.055 0.447 
 145 K _   0.331 0.017 0.003 0.021 0.066 0.075 0.056 0.430 
 146 V _   0.332 0.019 0.003 0.023 0.066 0.072 0.057 0.430 
 147 A _   0.322 0.019 0.003 0.023 0.062 0.067 0.059 0.445 
 148 L _   0.304 0.018 0.003 0.022 0.055 0.062 0.062 0.474 
 149 N _   0.277 0.016 0.003 0.020 0.046 0.055 0.065 0.518 
 150 M _   0.244 0.013 0.002 0.018 0.037 0.049 0.068 0.568 
 151 A _   0.209 0.010 0.002 0.015 0.027 0.042 0.072 0.622 
 152 R _   0.172 0.008 0.002 0.013 0.020 0.035 0.076 0.675 
 153 G _   0.136 0.005 0.001 0.011 0.014 0.029 0.080 0.723 
 154 L _   0.104 0.004 0.001 0.009 0.010 0.024 0.084 0.765 
 155 K _   0.076 0.003 0.001 0.008 0.007 0.020 0.086 0.799 
 156 Y _   0.055 0.002 0.001 0.007 0.005 0.017 0.089 0.825 
 157 L _   0.039 0.002 0.001 0.006 0.004 0.014 0.091 0.844 
 158 H _   0.028 0.002 0.000 0.006 0.004 0.012 0.092 0.856 
 159 Q _   0.021 0.002 0.000 0.006 0.003 0.011 0.093 0.864 
 160 E _   0.016 0.002 0.000 0.007 0.003 0.010 0.094 0.869 
 161 K _   0.013 0.002 0.000 0.007 0.003 0.009 0.094 0.872 
 162 K _   0.010 0.002 0.000 0.007 0.003 0.008 0.095 0.874 
 163 L _   0.009 0.002 0.000 0.007 0.003 0.008 0.095 0.876 
 164 L _   0.008 0.002 0.000 0.007 0.003 0.007 0.094 0.878 
 165 H _   0.007 0.003 0.000 0.007 0.003 0.007 0.094 0.880 
 166 G _   0.006 0.003 0.000 0.007 0.002 0.007 0.093 0.882 
 167 D _   0.006 0.003 0.000 0.006 0.002 0.007 0.093 0.883 
 168 I _   0.005 0.004 0.000 0.006 0.002 0.007 0.092 0.883 
 169 K _   0.005 0.005 0.000 0.006 0.002 0.007 0.090 0.883 
 170 S _   0.006 0.007 0.000 0.007 0.003 0.008 0.089 0.881 
 171 S _   0.006 0.009 0.000 0.008 0.003 0.010 0.087 0.877 
 172 N _   0.007 0.013 0.000 0.009 0.004 0.011 0.085 0.870 
 173 V _   0.008 0.019 0.001 0.011 0.005 0.014 0.083 0.860 
 174 V _   0.009 0.026 0.001 0.014 0.006 0.016 0.080 0.847 
 175 I _   0.010 0.035 0.001 0.017 0.008 0.019 0.077 0.832 
 176 K _   0.012 0.045 0.001 0.020 0.009 0.021 0.075 0.817 
 177 G _   0.013 0.054 0.001 0.022 0.011 0.023 0.072 0.802 
 178 D _   0.015 0.063 0.001 0.024 0.013 0.025 0.070 0.789 
 179 F _   0.016 0.070 0.001 0.026 0.014 0.027 0.068 0.777 
 180 E _   0.018 0.077 0.001 0.027 0.016 0.029 0.066 0.767 
 181 T _   0.020 0.082 0.001 0.027 0.017 0.030 0.065 0.759 
 182 I _   0.021 0.086 0.001 0.028 0.017 0.031 0.064 0.752 
 183 K _   0.023 0.089 0.001 0.029 0.018 0.031 0.063 0.746 
 184 I _   0.024 0.092 0.001 0.030 0.018 0.031 0.063 0.742 
 185 C _   0.025 0.093 0.001 0.031 0.018 0.030 0.063 0.741 
 186 D _   0.025 0.092 0.001 0.031 0.017 0.029 0.063 0.742 
 187 V _   0.025 0.090 0.001 0.031 0.016 0.027 0.064 0.746 
 188 G _   0.025 0.085 0.001 0.030 0.015 0.025 0.065 0.754 
 189 V _   0.023 0.078 0.001 0.028 0.013 0.023 0.066 0.767 
 190 S _   0.022 0.069 0.001 0.024 0.011 0.021 0.068 0.784 
 191 L _   0.020 0.057 0.001 0.021 0.009 0.018 0.069 0.804 
 192 P _   0.018 0.045 0.001 0.016 0.008 0.016 0.071 0.826 
 193 L _   0.016 0.032 0.001 0.013 0.006 0.014 0.072 0.847 
 194 D _   0.013 0.022 0.001 0.009 0.004 0.012 0.074 0.864 
 195 E _   0.012 0.016 0.000 0.007 0.003 0.010 0.074 0.877 
 196 N _   0.010 0.011 0.000 0.005 0.003 0.009 0.075 0.886 
 197 M _   0.010 0.009 0.000 0.005 0.003 0.009 0.075 0.890 
 198 T _   0.009 0.008 0.000 0.005 0.003 0.009 0.075 0.891 
 199 V _   0.009 0.008 0.000 0.006 0.003 0.009 0.074 0.890 
 200 T _   0.009 0.009 0.000 0.007 0.004 0.010 0.074 0.886 
 201 D _   0.010 0.011 0.001 0.011 0.004 0.011 0.073 0.879 
 202 P _   0.010 0.013 0.001 0.015 0.006 0.012 0.072 0.871 
 203 E _   0.011 0.016 0.001 0.020 0.007 0.013 0.071 0.861 
 204 A _   0.011 0.018 0.001 0.024 0.008 0.014 0.071 0.854 
 205 C _   0.011 0.019 0.001 0.026 0.008 0.014 0.070 0.851 
 206 Y _   0.011 0.019 0.001 0.027 0.007 0.013 0.070 0.852 
 207 I _   0.010 0.018 0.001 0.025 0.007 0.012 0.070 0.858 
 208 G _   0.009 0.016 0.001 0.021 0.006 0.011 0.070 0.867 
 209 T _   0.008 0.013 0.001 0.016 0.004 0.009 0.070 0.879 
 210 E _   0.007 0.009 0.000 0.012 0.003 0.008 0.070 0.891 
 211 P _   0.006 0.006 0.000 0.008 0.002 0.006 0.070 0.901 
 212 W _   0.005 0.004 0.000 0.005 0.002 0.006 0.069 0.909 
 213 K _   0.004 0.002 0.000 0.004 0.002 0.005 0.068 0.914 
 214 P _   0.004 0.001 0.000 0.004 0.001 0.005 0.067 0.917 
 215 K _   0.004 0.001 0.000 0.004 0.002 0.006 0.065 0.918 
 216 E _   0.005 0.001 0.000 0.005 0.002 0.006 0.063 0.918 
 217 A _   0.006 0.002 0.000 0.007 0.003 0.008 0.060 0.915 
 218 V _   0.007 0.002 0.000 0.009 0.003 0.009 0.057 0.912 
 219 E _   0.008 0.002 0.000 0.012 0.004 0.010 0.054 0.909 
 220 E _   0.010 0.003 0.001 0.014 0.005 0.011 0.051 0.906 
 221 N _   0.014 0.003 0.001 0.014 0.005 0.012 0.048 0.903 
 222 G _   0.020 0.002 0.001 0.013 0.006 0.013 0.045 0.900 
 223 V _   0.032 0.002 0.001 0.011 0.006 0.014 0.041 0.893 
 224 I _   0.051 0.001 0.001 0.008 0.006 0.015 0.038 0.880 
 225 T _   0.082 0.001 0.001 0.006 0.006 0.015 0.034 0.855 
 226 D _   0.129 0.000 0.001 0.004 0.007 0.016 0.030 0.814 
 227 K _   0.196 0.000 0.001 0.002 0.008 0.017 0.026 0.750 
 228 A _   0.287 0.000 0.001 0.002 0.009 0.018 0.021 0.662 
 229 D _   0.397 0.000 0.001 0.001 0.011 0.019 0.017 0.553 
 230 I H   0.516 0.000 0.001 0.001 0.014 0.019 0.014 0.436 
 231 F H   0.629 0.000 0.001 0.001 0.016 0.018 0.011 0.323 
 232 A H   0.721 0.000 0.001 0.001 0.018 0.017 0.009 0.233 
 233 F H   0.790 0.000 0.001 0.001 0.019 0.016 0.008 0.164 
 234 G H   0.836 0.000 0.001 0.001 0.021 0.014 0.008 0.119 
 235 L H   0.865 0.000 0.001 0.001 0.021 0.013 0.008 0.091 
 236 T H   0.880 0.000 0.001 0.001 0.022 0.012 0.008 0.076 
 237 L H   0.884 0.000 0.001 0.001 0.023 0.011 0.009 0.071 
 238 W H   0.878 0.000 0.001 0.001 0.024 0.011 0.010 0.074 
 239 E H   0.863 0.000 0.001 0.001 0.025 0.011 0.013 0.085 
 240 M H   0.835 0.000 0.002 0.001 0.027 0.012 0.017 0.107 
 241 M H   0.791 0.000 0.002 0.002 0.028 0.013 0.023 0.141 
 242 T H   0.728 0.000 0.002 0.003 0.028 0.014 0.034 0.191 
 243 L H   0.643 0.000 0.002 0.005 0.027 0.016 0.049 0.257 
 244 S H   0.543 0.000 0.002 0.007 0.024 0.016 0.071 0.335 
 245 I H   0.435 0.001 0.002 0.010 0.020 0.016 0.097 0.419 
 246 P _   0.326 0.001 0.002 0.011 0.015 0.015 0.127 0.504 
 247 H _   0.231 0.001 0.001 0.011 0.010 0.013 0.154 0.578 
 248 I _   0.154 0.001 0.001 0.009 0.007 0.011 0.179 0.638 
 249 N _   0.099 0.000 0.001 0.008 0.005 0.009 0.198 0.680 
 250 L _   0.060 0.000 0.000 0.006 0.003 0.007 0.213 0.709 
 251 S _   0.036 0.000 0.000 0.005 0.002 0.006 0.225 0.726 
 252 N _   0.021 0.000 0.000 0.004 0.001 0.005 0.233 0.735 
 253 D _   0.013 0.000 0.000 0.003 0.001 0.004 0.240 0.739 
 254 D _   0.008 0.000 0.000 0.003 0.001 0.004 0.244 0.740 
 255 D _   0.006 0.001 0.000 0.003 0.001 0.004 0.247 0.738 
 256 D _   0.005 0.001 0.000 0.004 0.001 0.004 0.249 0.736 
 257 E _   0.004 0.002 0.000 0.005 0.001 0.005 0.250 0.733 
 258 D _   0.004 0.003 0.000 0.006 0.001 0.005 0.250 0.730 
 259 K _   0.004 0.005 0.000 0.007 0.002 0.006 0.249 0.727 
 260 T _   0.004 0.007 0.000 0.008 0.002 0.006 0.248 0.726 
 261 F _   0.003 0.009 0.000 0.009 0.002 0.006 0.246 0.725 
 262 D _   0.003 0.011 0.000 0.009 0.002 0.006 0.243 0.725 
 263 E _   0.003 0.013 0.000 0.009 0.002 0.006 0.241 0.726 
 264 S _   0.003 0.016 0.000 0.009 0.002 0.007 0.238 0.726 
 265 D _   0.003 0.019 0.000 0.009 0.002 0.007 0.234 0.725 
 266 F _   0.004 0.023 0.000 0.009 0.002 0.008 0.230 0.722 
 267 D _   0.004 0.030 0.000 0.011 0.003 0.010 0.226 0.715 
 268 D _   0.005 0.041 0.001 0.015 0.004 0.012 0.221 0.702 
 269 E _   0.006 0.055 0.001 0.020 0.006 0.014 0.216 0.683 
 270 A _   0.006 0.072 0.001 0.027 0.007 0.015 0.211 0.660 
 271 Y _   0.007 0.089 0.001 0.034 0.009 0.017 0.206 0.637 
 272 Y _   0.007 0.103 0.001 0.040 0.010 0.018 0.202 0.618 
 273 A _   0.008 0.112 0.001 0.045 0.011 0.018 0.199 0.606 
 274 A _   0.008 0.117 0.001 0.047 0.011 0.018 0.197 0.601 
 275 L _   0.008 0.117 0.001 0.046 0.011 0.017 0.197 0.602 
 276 G _   0.008 0.114 0.001 0.043 0.011 0.017 0.197 0.610 
 277 T _   0.008 0.107 0.001 0.037 0.009 0.015 0.199 0.623 
 278 R _   0.008 0.097 0.001 0.031 0.008 0.014 0.201 0.641 
 279 P _   0.008 0.083 0.001 0.025 0.007 0.013 0.204 0.660 
 280 P _   0.008 0.069 0.001 0.019 0.006 0.012 0.207 0.678 
 281 I _   0.007 0.055 0.001 0.015 0.005 0.012 0.210 0.696 
 282 N _   0.007 0.044 0.001 0.011 0.004 0.011 0.212 0.710 
 283 M _   0.007 0.035 0.000 0.008 0.003 0.011 0.215 0.721 
 284 E _   0.007 0.029 0.000 0.006 0.003 0.011 0.216 0.728 
 285 E _   0.008 0.026 0.000 0.005 0.002 0.011 0.216 0.731 
 286 L _   0.009 0.024 0.000 0.004 0.002 0.013 0.216 0.731 
 287 D _   0.011 0.025 0.000 0.004 0.003 0.016 0.216 0.725 
 288 E _   0.014 0.027 0.000 0.006 0.005 0.020 0.214 0.712 
 289 S _   0.020 0.036 0.001 0.008 0.009 0.027 0.212 0.688 
 290 Y _   0.026 0.058 0.001 0.015 0.016 0.034 0.209 0.641 
 291 Q _   0.032 0.102 0.002 0.026 0.025 0.040 0.205 0.569 
 292 K _   0.034 0.165 0.003 0.041 0.033 0.043 0.200 0.480 
 293 V _   0.035 0.230 0.003 0.057 0.036 0.044 0.197 0.399 
 294 I _   0.034 0.274 0.002 0.071 0.036 0.042 0.196 0.345 
 295 E _   0.032 0.297 0.002 0.081 0.034 0.039 0.197 0.319 
 296 L _   0.030 0.305 0.002 0.084 0.031 0.036 0.200 0.312 
 297 F _   0.027 0.303 0.002 0.082 0.028 0.032 0.205 0.321 
 298 S _   0.024 0.290 0.002 0.074 0.024 0.028 0.212 0.345 
 299 V _   0.021 0.260 0.002 0.062 0.020 0.024 0.221 0.390 
 300 C _   0.019 0.208 0.002 0.047 0.015 0.020 0.234 0.456 
 301 T _   0.016 0.141 0.002 0.032 0.011 0.016 0.248 0.535 
 302 N _   0.013 0.080 0.001 0.018 0.007 0.013 0.260 0.608 
 303 E _   0.010 0.041 0.001 0.010 0.004 0.010 0.269 0.656 
 304 D _   0.007 0.023 0.000 0.004 0.002 0.007 0.275 0.681 
 305 P _   0.005 0.016 0.000 0.002 0.001 0.006 0.278 0.691 
 306 K _   0.005 0.014 0.000 0.002 0.001 0.007 0.279 0.692 
 307 D _   0.006 0.015 0.000 0.002 0.001 0.009 0.279 0.688 
 308 R _   0.008 0.021 0.000 0.004 0.003 0.013 0.277 0.673 
 309 P _   0.013 0.041 0.001 0.010 0.007 0.019 0.274 0.636 
 310 S _   0.017 0.101 0.002 0.020 0.014 0.025 0.267 0.554 
 311 A _   0.018 0.223 0.003 0.033 0.022 0.029 0.257 0.416 
 312 A E   0.016 0.374 0.003 0.044 0.024 0.027 0.247 0.265 
 313 H E   0.012 0.488 0.002 0.049 0.021 0.023 0.241 0.164 
 314 I E   0.008 0.553 0.001 0.049 0.017 0.019 0.239 0.113 
 315 V E   0.006 0.584 0.001 0.048 0.014 0.015 0.239 0.093 
 316 E E   0.005 0.597 0.001 0.045 0.011 0.012 0.242 0.087 
 317 A E   0.004 0.599 0.001 0.041 0.008 0.010 0.247 0.090 
 318 L E   0.003 0.592 0.001 0.036 0.005 0.006 0.255 0.102 
 319 E E   0.002 0.563 0.001 0.027 0.002 0.004 0.266 0.135 
 320 T E   0.001 0.506 0.000 0.019 0.001 0.002 0.274 0.196 
 321 D E   0.001 0.441 0.000 0.018 0.001 0.002 0.277 0.259 
 322 V E   0.004 0.401 0.002 0.026 0.006 0.006 0.272 0.282 
