#TopoPred_TM8: 8-state transmembrane topology prediction results by no_profile mode 
#probabilities are in the order of H E C I L F X _, the 8 transmembrane topology types used in PDBTM 
   1 M X   0.012 0.001 0.002 0.061 0.009 0.009 0.734 0.172 
   2 P X   0.004 0.001 0.000 0.036 0.002 0.004 0.754 0.198 
   3 S X   0.001 0.001 0.000 0.019 0.001 0.002 0.759 0.217 
   4 T X   0.001 0.001 0.000 0.012 0.000 0.002 0.755 0.228 
   5 N X   0.001 0.001 0.000 0.010 0.001 0.003 0.748 0.236 
   6 R X   0.001 0.002 0.000 0.009 0.001 0.004 0.737 0.245 
   7 A X   0.002 0.004 0.000 0.009 0.001 0.005 0.723 0.255 
   8 G X   0.002 0.007 0.000 0.010 0.002 0.007 0.704 0.267 
   9 S X   0.003 0.013 0.000 0.013 0.002 0.009 0.680 0.280 
  10 L X   0.003 0.022 0.001 0.019 0.004 0.011 0.649 0.292 
  11 K X   0.003 0.036 0.001 0.027 0.005 0.013 0.612 0.302 
  12 D X   0.004 0.055 0.001 0.036 0.008 0.016 0.573 0.308 
  13 P X   0.004 0.076 0.001 0.047 0.010 0.018 0.533 0.311 
  14 E X   0.004 0.095 0.001 0.057 0.011 0.019 0.498 0.314 
  15 I X   0.005 0.110 0.001 0.064 0.012 0.019 0.469 0.319 
  16 A X   0.005 0.118 0.001 0.068 0.012 0.019 0.448 0.328 
  17 E X   0.005 0.122 0.001 0.067 0.012 0.019 0.430 0.342 
  18 L X   0.006 0.122 0.001 0.063 0.011 0.018 0.417 0.362 
  19 F X   0.006 0.118 0.001 0.054 0.010 0.016 0.405 0.390 
  20 F _   0.006 0.108 0.001 0.042 0.009 0.015 0.396 0.423 
  21 K _   0.006 0.095 0.001 0.031 0.007 0.013 0.388 0.459 
  22 E _   0.006 0.079 0.001 0.021 0.005 0.012 0.381 0.495 
  23 D _   0.005 0.065 0.001 0.014 0.004 0.011 0.374 0.526 
  24 P _   0.005 0.055 0.000 0.009 0.003 0.011 0.367 0.549 
  25 E _   0.005 0.049 0.000 0.007 0.003 0.011 0.360 0.565 
  26 K _   0.006 0.047 0.000 0.006 0.003 0.011 0.351 0.575 
  27 L _   0.006 0.047 0.000 0.007 0.003 0.012 0.343 0.581 
  28 F _   0.007 0.049 0.001 0.008 0.004 0.014 0.333 0.584 
  29 T _   0.008 0.053 0.001 0.011 0.005 0.016 0.321 0.584 
  30 D _   0.010 0.058 0.001 0.013 0.007 0.018 0.310 0.583 
  31 L _   0.011 0.065 0.001 0.016 0.009 0.021 0.298 0.580 
  32 R _   0.012 0.073 0.001 0.019 0.010 0.023 0.285 0.576 
  33 E _   0.014 0.080 0.001 0.021 0.012 0.025 0.274 0.574 
  34 I _   0.016 0.086 0.001 0.022 0.014 0.027 0.263 0.572 
  35 G _   0.017 0.092 0.001 0.024 0.015 0.029 0.253 0.570 
  36 H _   0.019 0.097 0.001 0.025 0.017 0.030 0.243 0.567 
  37 G _   0.021 0.102 0.001 0.027 0.018 0.031 0.235 0.563 
  38 S _   0.023 0.107 0.001 0.030 0.020 0.032 0.227 0.561 
  39 F _   0.024 0.109 0.001 0.032 0.020 0.032 0.221 0.561 
  40 G _   0.025 0.110 0.001 0.033 0.020 0.031 0.215 0.564 
  41 A _   0.025 0.108 0.001 0.033 0.019 0.030 0.211 0.573 
  42 V _   0.024 0.104 0.001 0.031 0.017 0.028 0.207 0.586 
  43 Y _   0.023 0.097 0.001 0.028 0.015 0.026 0.204 0.605 
  44 F _   0.021 0.088 0.001 0.023 0.013 0.023 0.202 0.629 
  45 A _   0.020 0.076 0.001 0.018 0.010 0.021 0.199 0.655 
  46 R _   0.018 0.065 0.001 0.014 0.008 0.019 0.197 0.679 
  47 D _   0.016 0.056 0.001 0.010 0.006 0.017 0.195 0.699 
  48 V _   0.014 0.051 0.001 0.008 0.005 0.016 0.193 0.712 
  49 R _   0.013 0.048 0.001 0.007 0.005 0.016 0.190 0.721 
  50 T _   0.012 0.047 0.001 0.008 0.005 0.016 0.188 0.724 
  51 N _   0.012 0.049 0.001 0.010 0.006 0.016 0.185 0.722 
  52 E _   0.012 0.052 0.001 0.014 0.007 0.017 0.181 0.716 
  53 V _   0.013 0.057 0.001 0.019 0.008 0.017 0.178 0.707 
  54 V _   0.013 0.062 0.001 0.025 0.009 0.018 0.174 0.698 
  55 A _   0.013 0.065 0.001 0.030 0.010 0.018 0.172 0.692 
  56 I _   0.013 0.066 0.001 0.032 0.010 0.017 0.170 0.691 
  57 K _   0.012 0.065 0.001 0.032 0.010 0.016 0.168 0.695 
  58 K _   0.011 0.061 0.001 0.029 0.009 0.015 0.168 0.707 
  59 M _   0.010 0.054 0.001 0.024 0.007 0.013 0.167 0.722 
  60 S _   0.009 0.045 0.001 0.018 0.006 0.011 0.168 0.742 
  61 Y _   0.008 0.035 0.001 0.013 0.004 0.010 0.167 0.761 
  62 S _   0.007 0.027 0.000 0.009 0.003 0.009 0.167 0.778 
  63 G _   0.007 0.021 0.000 0.006 0.002 0.008 0.166 0.790 
  64 K _   0.006 0.018 0.000 0.004 0.002 0.008 0.165 0.797 
  65 Q _   0.006 0.017 0.000 0.004 0.002 0.008 0.164 0.800 
  66 S _   0.007 0.017 0.000 0.004 0.002 0.009 0.161 0.799 
  67 T _   0.008 0.020 0.000 0.005 0.003 0.012 0.159 0.794 
  68 E _   0.010 0.026 0.001 0.008 0.004 0.015 0.155 0.782 
  69 K _   0.012 0.039 0.001 0.012 0.007 0.018 0.150 0.762 
  70 W _   0.014 0.059 0.001 0.018 0.010 0.022 0.145 0.732 
  71 Q _   0.016 0.085 0.001 0.026 0.013 0.025 0.139 0.695 
  72 D _   0.017 0.112 0.002 0.034 0.017 0.028 0.133 0.658 
  73 I _   0.018 0.136 0.002 0.042 0.019 0.030 0.127 0.626 
  74 I _   0.019 0.153 0.002 0.049 0.021 0.030 0.123 0.602 
  75 K _   0.020 0.164 0.002 0.055 0.022 0.030 0.120 0.587 
  76 E _   0.020 0.169 0.002 0.057 0.022 0.029 0.118 0.583 
  77 V _   0.020 0.169 0.002 0.057 0.021 0.028 0.117 0.586 
  78 K _   0.020 0.163 0.001 0.054 0.019 0.026 0.117 0.600 
  79 F _   0.019 0.151 0.001 0.048 0.016 0.023 0.118 0.624 
  80 L _   0.018 0.132 0.001 0.040 0.013 0.020 0.119 0.657 
  81 Q _   0.017 0.105 0.001 0.030 0.011 0.017 0.120 0.698 
  82 R _   0.015 0.074 0.001 0.022 0.008 0.015 0.122 0.744 
  83 I _   0.013 0.046 0.001 0.015 0.006 0.012 0.123 0.785 
  84 K _   0.011 0.025 0.001 0.009 0.004 0.010 0.124 0.816 
  85 H _   0.009 0.012 0.000 0.006 0.003 0.008 0.124 0.837 
  86 P _   0.008 0.006 0.000 0.004 0.002 0.007 0.123 0.849 
  87 N _   0.007 0.003 0.000 0.003 0.002 0.007 0.122 0.856 
  88 S _   0.007 0.002 0.000 0.003 0.002 0.007 0.120 0.859 
  89 I _   0.008 0.001 0.000 0.004 0.002 0.008 0.118 0.859 
  90 E _   0.010 0.001 0.000 0.004 0.002 0.009 0.115 0.859 
  91 Y _   0.014 0.001 0.000 0.005 0.003 0.011 0.112 0.856 
  92 K _   0.020 0.001 0.000 0.005 0.003 0.013 0.108 0.850 
  93 G _   0.030 0.000 0.001 0.006 0.004 0.016 0.103 0.841 
  94 C _   0.046 0.000 0.001 0.006 0.005 0.019 0.097 0.826 
  95 Y _   0.072 0.000 0.001 0.005 0.007 0.023 0.090 0.801 
  96 L _   0.109 0.000 0.001 0.005 0.010 0.028 0.083 0.764 
  97 R _   0.161 0.000 0.001 0.004 0.014 0.034 0.075 0.711 
  98 E _   0.225 0.000 0.001 0.004 0.020 0.040 0.067 0.643 
  99 H _   0.299 0.000 0.002 0.004 0.028 0.046 0.059 0.563 
 100 T _   0.374 0.000 0.002 0.004 0.037 0.050 0.053 0.480 
 101 A H   0.439 0.000 0.002 0.005 0.046 0.053 0.048 0.407 
 102 W H   0.493 0.001 0.002 0.005 0.053 0.053 0.044 0.348 
 103 L H   0.530 0.002 0.002 0.007 0.056 0.052 0.042 0.309 
 104 V H   0.552 0.002 0.002 0.008 0.057 0.049 0.041 0.288 
 105 M H   0.558 0.003 0.002 0.009 0.056 0.046 0.041 0.284 
 106 E H   0.549 0.003 0.003 0.010 0.053 0.043 0.041 0.299 
 107 Y H   0.524 0.003 0.003 0.010 0.048 0.039 0.042 0.333 
 108 C H   0.485 0.002 0.002 0.009 0.040 0.035 0.043 0.383 
 109 L _   0.429 0.002 0.002 0.008 0.032 0.031 0.045 0.452 
 110 G _   0.362 0.001 0.002 0.007 0.023 0.026 0.047 0.532 
 111 S _   0.291 0.001 0.001 0.006 0.016 0.023 0.050 0.612 
 112 A _   0.224 0.000 0.001 0.006 0.011 0.019 0.052 0.687 
 113 S _   0.167 0.000 0.001 0.005 0.008 0.016 0.054 0.749 
 114 D _   0.121 0.000 0.001 0.005 0.005 0.014 0.056 0.799 
 115 L _   0.085 0.000 0.001 0.005 0.004 0.012 0.057 0.837 
 116 L _   0.059 0.000 0.000 0.004 0.003 0.010 0.057 0.865 
 117 E _   0.043 0.000 0.000 0.004 0.002 0.009 0.057 0.884 
 118 V _   0.033 0.000 0.000 0.003 0.002 0.008 0.057 0.896 
 119 H _   0.029 0.000 0.000 0.002 0.002 0.008 0.056 0.902 
 120 K _   0.030 0.000 0.000 0.002 0.002 0.009 0.055 0.902 
 121 K _   0.035 0.000 0.000 0.002 0.002 0.011 0.053 0.896 
 122 P _   0.047 0.000 0.000 0.002 0.003 0.014 0.051 0.883 
 123 L _   0.068 0.000 0.000 0.002 0.004 0.019 0.048 0.858 
 124 Q _   0.100 0.000 0.001 0.003 0.007 0.025 0.045 0.819 
 125 E _   0.145 0.000 0.001 0.004 0.011 0.033 0.041 0.765 
 126 V _   0.199 0.000 0.001 0.005 0.017 0.042 0.037 0.698 
 127 E _   0.255 0.000 0.002 0.006 0.026 0.050 0.034 0.627 
 128 I _   0.310 0.001 0.002 0.007 0.034 0.056 0.030 0.559 
 129 A _   0.358 0.001 0.002 0.009 0.043 0.061 0.027 0.499 
 130 A _   0.397 0.002 0.002 0.009 0.049 0.064 0.025 0.451 
 131 I H   0.426 0.002 0.002 0.010 0.054 0.064 0.024 0.418 
 132 T H   0.445 0.002 0.002 0.010 0.056 0.063 0.023 0.400 
 133 H H   0.452 0.002 0.002 0.010 0.055 0.061 0.022 0.395 
 134 G H   0.450 0.002 0.002 0.009 0.053 0.058 0.022 0.404 
 135 A H   0.440 0.002 0.002 0.009 0.049 0.055 0.022 0.422 
 136 L _   0.420 0.002 0.002 0.008 0.043 0.051 0.022 0.452 
 137 Q _   0.390 0.001 0.002 0.008 0.037 0.047 0.023 0.492 
 138 G _   0.354 0.001 0.002 0.007 0.031 0.043 0.024 0.539 
 139 L _   0.313 0.001 0.002 0.006 0.025 0.039 0.025 0.590 
 140 A _   0.268 0.001 0.001 0.006 0.020 0.035 0.026 0.642 
 141 Y _   0.224 0.001 0.001 0.006 0.016 0.032 0.027 0.692 
 142 L _   0.181 0.001 0.001 0.007 0.013 0.029 0.028 0.740 
 143 H _   0.145 0.001 0.001 0.007 0.011 0.026 0.029 0.779 
 144 S _   0.114 0.001 0.001 0.008 0.010 0.024 0.031 0.812 
 145 H _   0.089 0.001 0.001 0.008 0.009 0.022 0.032 0.839 
 146 T _   0.069 0.001 0.001 0.009 0.008 0.019 0.032 0.861 
 147 M _   0.054 0.001 0.001 0.008 0.007 0.018 0.033 0.877 
 148 I _   0.043 0.002 0.001 0.008 0.006 0.016 0.034 0.891 
 149 H _   0.035 0.002 0.001 0.008 0.005 0.015 0.034 0.901 
 150 R _   0.028 0.002 0.001 0.007 0.005 0.014 0.034 0.908 
 151 D _   0.024 0.003 0.001 0.007 0.005 0.014 0.034 0.914 
 152 I _   0.021 0.003 0.001 0.007 0.005 0.014 0.034 0.916 
 153 K _   0.019 0.004 0.001 0.007 0.005 0.014 0.034 0.916 
 154 A _   0.018 0.006 0.001 0.008 0.005 0.014 0.034 0.914 
 155 G _   0.017 0.008 0.001 0.010 0.006 0.015 0.034 0.909 
 156 N _   0.017 0.011 0.001 0.012 0.007 0.016 0.034 0.903 
 157 I _   0.017 0.015 0.001 0.015 0.007 0.016 0.034 0.896 
 158 L _   0.017 0.018 0.001 0.017 0.008 0.016 0.033 0.890 
 159 L _   0.016 0.021 0.001 0.018 0.008 0.016 0.033 0.887 
 160 T _   0.015 0.023 0.001 0.018 0.008 0.016 0.033 0.887 
 161 E _   0.014 0.024 0.001 0.018 0.008 0.015 0.033 0.888 
 162 P _   0.012 0.024 0.001 0.017 0.007 0.014 0.033 0.892 
 163 G _   0.012 0.024 0.001 0.015 0.006 0.014 0.033 0.896 
 164 Q _   0.011 0.024 0.001 0.013 0.005 0.013 0.033 0.900 
 165 V _   0.010 0.024 0.001 0.012 0.005 0.012 0.033 0.903 
 166 K _   0.010 0.024 0.001 0.011 0.005 0.012 0.033 0.904 
 167 L _   0.009 0.025 0.001 0.011 0.005 0.012 0.033 0.905 
 168 A _   0.009 0.026 0.001 0.011 0.005 0.012 0.033 0.904 
 169 D _   0.009 0.027 0.001 0.012 0.005 0.012 0.033 0.902 
 170 F _   0.009 0.029 0.001 0.013 0.005 0.012 0.032 0.899 
 171 G _   0.009 0.030 0.001 0.014 0.006 0.013 0.032 0.896 
 172 S _   0.009 0.031 0.001 0.015 0.006 0.013 0.032 0.893 
 173 A _   0.009 0.033 0.001 0.015 0.006 0.013 0.032 0.892 
 174 S _   0.009 0.033 0.001 0.015 0.006 0.014 0.032 0.891 
 175 M _   0.009 0.034 0.001 0.014 0.006 0.014 0.032 0.890 
 176 A _   0.010 0.034 0.001 0.014 0.006 0.014 0.032 0.891 
 177 S _   0.010 0.033 0.001 0.012 0.006 0.015 0.032 0.892 
 178 P _   0.011 0.033 0.001 0.011 0.006 0.015 0.032 0.891 
 179 A _   0.012 0.034 0.001 0.010 0.006 0.017 0.032 0.889 
 180 N _   0.014 0.035 0.001 0.010 0.006 0.018 0.031 0.885 
 181 S _   0.015 0.037 0.001 0.010 0.007 0.020 0.031 0.879 
 182 F _   0.018 0.040 0.001 0.011 0.008 0.022 0.031 0.869 
 183 V _   0.021 0.045 0.001 0.012 0.010 0.025 0.031 0.856 
 184 G _   0.024 0.052 0.001 0.015 0.012 0.028 0.031 0.839 
 185 T _   0.026 0.060 0.001 0.018 0.015 0.031 0.030 0.818 
 186 P _   0.029 0.071 0.001 0.022 0.018 0.033 0.030 0.796 
 187 Y _   0.031 0.082 0.001 0.027 0.020 0.035 0.030 0.774 
 188 W _   0.032 0.092 0.002 0.031 0.022 0.036 0.030 0.755 
 189 M _   0.032 0.101 0.002 0.036 0.024 0.036 0.030 0.739 
 190 A _   0.031 0.108 0.002 0.041 0.024 0.035 0.031 0.728 
 191 P _   0.030 0.112 0.002 0.044 0.024 0.034 0.031 0.724 
 192 E _   0.028 0.113 0.002 0.046 0.022 0.031 0.032 0.726 
 193 V _   0.026 0.110 0.002 0.045 0.020 0.028 0.034 0.735 
 194 I _   0.024 0.104 0.001 0.042 0.017 0.025 0.035 0.750 
 195 L _   0.022 0.094 0.001 0.038 0.014 0.022 0.037 0.773 
 196 A _   0.019 0.079 0.001 0.031 0.011 0.019 0.040 0.801 
 197 M _   0.017 0.059 0.001 0.023 0.008 0.016 0.042 0.834 
 198 D _   0.015 0.038 0.001 0.016 0.006 0.013 0.044 0.868 
 199 E _   0.013 0.020 0.001 0.010 0.004 0.010 0.045 0.897 
 200 G _   0.012 0.009 0.000 0.006 0.003 0.009 0.046 0.916 
 201 Q _   0.013 0.003 0.000 0.003 0.002 0.008 0.046 0.925 
 202 Y _   0.016 0.001 0.000 0.002 0.002 0.007 0.046 0.926 
 203 D _   0.024 0.000 0.000 0.001 0.002 0.009 0.046 0.919 
 204 G _   0.041 0.000 0.000 0.001 0.002 0.011 0.045 0.899 
 205 K _   0.076 0.000 0.000 0.001 0.004 0.016 0.043 0.858 
 206 V _   0.133 0.000 0.001 0.002 0.007 0.024 0.042 0.792 
 207 D _   0.210 0.000 0.001 0.002 0.014 0.035 0.039 0.699 
 208 V _   0.294 0.001 0.002 0.004 0.025 0.046 0.037 0.593 
 209 W _   0.368 0.002 0.002 0.006 0.040 0.056 0.035 0.491 
 210 S H   0.424 0.005 0.002 0.009 0.054 0.063 0.034 0.408 
 211 L H   0.461 0.010 0.003 0.013 0.065 0.066 0.034 0.348 
 212 G H   0.480 0.016 0.003 0.018 0.071 0.066 0.035 0.311 
 213 I H   0.485 0.020 0.003 0.023 0.073 0.064 0.036 0.296 
 214 T H   0.474 0.022 0.003 0.026 0.072 0.060 0.038 0.303 
 215 C H   0.450 0.023 0.003 0.027 0.067 0.056 0.041 0.333 
 216 I H   0.410 0.021 0.003 0.026 0.058 0.050 0.045 0.388 
 217 E _   0.356 0.016 0.003 0.022 0.046 0.043 0.049 0.465 
 218 L _   0.291 0.011 0.002 0.016 0.032 0.036 0.054 0.559 
 219 A _   0.221 0.005 0.002 0.010 0.019 0.029 0.058 0.656 
 220 E _   0.157 0.002 0.001 0.006 0.011 0.023 0.062 0.739 
 221 R _   0.107 0.001 0.001 0.003 0.006 0.018 0.065 0.799 
 222 K _   0.072 0.000 0.000 0.002 0.004 0.016 0.067 0.840 
 223 P _   0.050 0.000 0.000 0.002 0.003 0.015 0.068 0.862 
 224 P _   0.039 0.000 0.000 0.002 0.003 0.016 0.069 0.871 
 225 L _   0.034 0.001 0.000 0.003 0.003 0.018 0.070 0.870 
 226 F _   0.034 0.005 0.001 0.005 0.006 0.023 0.070 0.858 
 227 N _   0.036 0.016 0.001 0.009 0.010 0.028 0.070 0.830 
 228 M _   0.039 0.043 0.001 0.017 0.016 0.034 0.069 0.781 
 229 N _   0.040 0.085 0.002 0.028 0.023 0.038 0.068 0.717 
 230 A _   0.040 0.132 0.002 0.039 0.028 0.040 0.067 0.651 
 231 M _   0.040 0.169 0.002 0.050 0.031 0.041 0.067 0.600 
 232 S _   0.040 0.194 0.002 0.057 0.032 0.041 0.067 0.568 
 233 A _   0.039 0.207 0.002 0.062 0.031 0.039 0.069 0.551 
 234 L _   0.037 0.211 0.002 0.063 0.030 0.037 0.071 0.550 
 235 Y _   0.035 0.210 0.002 0.060 0.027 0.034 0.073 0.560 
 236 H _   0.032 0.201 0.002 0.054 0.023 0.030 0.077 0.580 
 237 I _   0.029 0.184 0.002 0.046 0.019 0.027 0.082 0.611 
 238 A _   0.026 0.160 0.002 0.037 0.015 0.023 0.087 0.650 
 239 Q _   0.022 0.130 0.001 0.028 0.012 0.020 0.092 0.694 
 240 N _   0.019 0.100 0.001 0.021 0.009 0.017 0.098 0.735 
 241 E _   0.016 0.075 0.001 0.015 0.006 0.014 0.103 0.769 
 242 S _   0.013 0.057 0.001 0.011 0.004 0.012 0.107 0.795 
 243 P _   0.011 0.045 0.000 0.008 0.003 0.010 0.110 0.811 
 244 T _   0.009 0.038 0.000 0.007 0.003 0.009 0.112 0.822 
 245 L _   0.008 0.034 0.000 0.006 0.002 0.008 0.114 0.827 
 246 Q _   0.007 0.033 0.000 0.005 0.002 0.008 0.115 0.830 
 247 S _   0.006 0.032 0.000 0.005 0.002 0.008 0.116 0.830 
 248 N _   0.006 0.033 0.000 0.006 0.002 0.008 0.116 0.828 
 249 E _   0.006 0.036 0.000 0.007 0.003 0.009 0.116 0.823 
 250 W _   0.006 0.040 0.000 0.009 0.003 0.010 0.115 0.816 
 251 S _   0.007 0.046 0.000 0.011 0.004 0.011 0.115 0.805 
 252 D _   0.008 0.055 0.001 0.014 0.005 0.013 0.114 0.791 
 253 Y _   0.008 0.066 0.001 0.019 0.006 0.014 0.113 0.773 
 254 F _   0.009 0.078 0.001 0.024 0.008 0.016 0.112 0.753 
 255 R _   0.009 0.090 0.001 0.030 0.009 0.017 0.111 0.733 
 256 N _   0.010 0.100 0.001 0.035 0.010 0.018 0.111 0.715 
 257 F _   0.010 0.107 0.001 0.041 0.011 0.018 0.111 0.701 
 258 V _   0.011 0.111 0.001 0.044 0.012 0.018 0.112 0.691 
 259 D _   0.011 0.111 0.001 0.046 0.012 0.018 0.114 0.689 
 260 S _   0.011 0.108 0.001 0.044 0.011 0.017 0.116 0.693 
 261 C _   0.011 0.100 0.001 0.040 0.010 0.015 0.120 0.703 
 262 L _   0.011 0.087 0.001 0.034 0.009 0.014 0.124 0.721 
 263 Q _   0.010 0.068 0.001 0.027 0.007 0.012 0.128 0.747 
 264 K _   0.009 0.047 0.001 0.019 0.005 0.010 0.133 0.776 
 265 I _   0.008 0.027 0.001 0.012 0.004 0.009 0.137 0.803 
 266 P _   0.007 0.013 0.000 0.007 0.002 0.008 0.140 0.823 
 267 Q _   0.007 0.005 0.000 0.004 0.002 0.007 0.142 0.834 
 268 D _   0.006 0.002 0.000 0.002 0.001 0.007 0.142 0.839 
 269 R _   0.007 0.001 0.000 0.002 0.001 0.008 0.143 0.839 
 270 P _   0.009 0.001 0.000 0.002 0.002 0.011 0.142 0.834 
 271 T _   0.014 0.001 0.000 0.002 0.003 0.015 0.141 0.824 
 272 S _   0.021 0.002 0.000 0.004 0.005 0.022 0.140 0.806 
 273 E _   0.031 0.005 0.001 0.008 0.009 0.031 0.138 0.776 
 274 E _   0.042 0.013 0.001 0.015 0.017 0.041 0.135 0.736 
 275 L _   0.053 0.025 0.002 0.025 0.025 0.050 0.132 0.689 
 276 L _   0.061 0.038 0.002 0.035 0.032 0.056 0.129 0.646 
 277 K _   0.067 0.047 0.002 0.044 0.038 0.060 0.127 0.615 
 278 H _   0.072 0.052 0.002 0.049 0.041 0.061 0.126 0.597 
 279 I _   0.074 0.054 0.002 0.050 0.041 0.060 0.125 0.594 
 280 F _   0.075 0.052 0.002 0.046 0.039 0.057 0.126 0.603 
 281 V _   0.075 0.047 0.002 0.038 0.035 0.054 0.127 0.623 
 282 L _   0.072 0.038 0.002 0.029 0.030 0.050 0.128 0.652 
 283 R _   0.068 0.028 0.002 0.020 0.024 0.045 0.130 0.683 
 284 E _   0.064 0.019 0.001 0.013 0.018 0.041 0.132 0.711 
 285 R _   0.058 0.013 0.001 0.009 0.014 0.037 0.134 0.734 
 286 P _   0.054 0.009 0.001 0.007 0.011 0.034 0.136 0.748 
 287 E _   0.049 0.008 0.001 0.006 0.009 0.032 0.138 0.757 
 288 T _   0.046 0.008 0.001 0.007 0.009 0.030 0.139 0.761 
 289 V _   0.043 0.009 0.001 0.008 0.009 0.029 0.141 0.760 
 290 L _   0.040 0.011 0.001 0.011 0.010 0.028 0.142 0.757 
 291 I _   0.037 0.013 0.001 0.014 0.011 0.027 0.144 0.753 
 292 D _   0.034 0.015 0.001 0.017 0.011 0.026 0.145 0.750 
 293 L _   0.031 0.017 0.001 0.019 0.011 0.024 0.147 0.750 
 294 I _   0.027 0.017 0.001 0.020 0.011 0.022 0.150 0.752 
 295 Q _   0.023 0.017 0.001 0.019 0.010 0.020 0.152 0.757 
 296 R _   0.020 0.017 0.001 0.017 0.009 0.018 0.155 0.764 
 297 T _   0.017 0.015 0.001 0.015 0.007 0.016 0.157 0.770 
 298 K _   0.015 0.014 0.001 0.013 0.006 0.014 0.160 0.776 
 299 D _   0.013 0.013 0.001 0.012 0.005 0.013 0.163 0.781 
 300 A _   0.012 0.011 0.001 0.010 0.004 0.011 0.166 0.784 
 301 V _   0.011 0.010 0.000 0.009 0.004 0.010 0.169 0.786 
 302 R _   0.010 0.010 0.000 0.008 0.004 0.010 0.171 0.787 
 303 E _   0.009 0.009 0.000 0.008 0.003 0.009 0.174 0.787 
 304 L _   0.009 0.009 0.000 0.007 0.003 0.009 0.176 0.787 
 305 D _   0.008 0.009 0.000 0.007 0.003 0.008 0.178 0.786 
 306 N _   0.008 0.009 0.000 0.007 0.003 0.008 0.180 0.785 
 307 L _   0.008 0.009 0.000 0.007 0.003 0.009 0.182 0.782 
 308 Q _   0.008 0.010 0.000 0.008 0.003 0.009 0.183 0.779 
 309 Y _   0.008 0.012 0.000 0.009 0.003 0.009 0.184 0.774 
 310 R _   0.008 0.013 0.000 0.011 0.004 0.010 0.185 0.768 
 311 K _   0.008 0.016 0.001 0.013 0.005 0.011 0.187 0.760 
 312 M _   0.009 0.018 0.001 0.016 0.005 0.011 0.188 0.752 
 313 K _   0.009 0.020 0.001 0.019 0.006 0.012 0.190 0.744 
 314 K _   0.009 0.022 0.001 0.021 0.006 0.012 0.192 0.738 
 315 L _   0.009 0.023 0.001 0.021 0.006 0.011 0.194 0.736 
 316 L _   0.009 0.022 0.001 0.020 0.005 0.010 0.197 0.736 
 317 F _   0.008 0.021 0.001 0.018 0.004 0.009 0.200 0.739 
 318 Q _   0.007 0.019 0.000 0.014 0.004 0.008 0.203 0.744 
 319 E _   0.007 0.017 0.000 0.011 0.003 0.007 0.206 0.749 
 320 A _   0.006 0.015 0.000 0.009 0.002 0.006 0.208 0.753 
 321 H _   0.006 0.014 0.000 0.007 0.002 0.006 0.210 0.756 
 322 N _   0.005 0.013 0.000 0.006 0.002 0.006 0.212 0.757 
 323 G _   0.005 0.013 0.000 0.006 0.002 0.005 0.213 0.757 
 324 P _   0.005 0.013 0.000 0.006 0.002 0.006 0.213 0.755 
 325 A _   0.005 0.015 0.000 0.007 0.002 0.006 0.213 0.751 
 326 V _   0.006 0.017 0.000 0.008 0.002 0.007 0.213 0.748 
 327 E _   0.006 0.019 0.000 0.010 0.002 0.007 0.212 0.744 
 328 A _   0.006 0.021 0.000 0.010 0.002 0.007 0.211 0.743 
 329 Q _   0.005 0.024 0.000 0.010 0.002 0.007 0.209 0.742 
 330 E _   0.005 0.026 0.000 0.010 0.002 0.007 0.207 0.744 
 331 E _   0.004 0.028 0.000 0.009 0.002 0.007 0.204 0.746 
 332 E _   0.004 0.031 0.000 0.008 0.002 0.007 0.201 0.747 
 333 E _   0.004 0.035 0.000 0.007 0.002 0.007 0.197 0.748 
 334 E _   0.004 0.040 0.000 0.007 0.002 0.008 0.193 0.745 
 335 Q _   0.005 0.050 0.000 0.009 0.003 0.009 0.188 0.736 
 336 D _   0.005 0.069 0.001 0.012 0.004 0.011 0.181 0.718 
 337 H _   0.007 0.102 0.001 0.017 0.006 0.013 0.171 0.682 
 338 G _   0.007 0.160 0.001 0.024 0.009 0.015 0.159 0.624 
 339 V _   0.007 0.239 0.002 0.031 0.012 0.016 0.146 0.547 
 340 G _   0.007 0.326 0.002 0.036 0.013 0.016 0.134 0.467 
 341 R _   0.006 0.399 0.002 0.039 0.012 0.015 0.125 0.403 
 342 T E   0.005 0.451 0.001 0.039 0.011 0.013 0.118 0.361 
 343 G E   0.004 0.484 0.001 0.038 0.010 0.012 0.114 0.337 
 344 T E   0.004 0.503 0.001 0.035 0.008 0.011 0.112 0.327 
 345 V E   0.004 0.513 0.001 0.031 0.007 0.010 0.110 0.324 
 346 N E   0.003 0.518 0.001 0.027 0.006 0.009 0.110 0.326 
 347 S E   0.003 0.518 0.001 0.023 0.005 0.009 0.109 0.331 
 348 V E   0.003 0.516 0.001 0.019 0.005 0.008 0.109 0.338 
 349 G E   0.003 0.514 0.000 0.016 0.004 0.008 0.110 0.344 
 350 S E   0.003 0.511 0.000 0.014 0.004 0.008 0.110 0.349 
 351 N E   0.004 0.509 0.000 0.013 0.004 0.008 0.111 0.351 
 352 Q E   0.004 0.509 0.000 0.013 0.004 0.008 0.111 0.350 
 353 S E   0.004 0.510 0.000 0.014 0.004 0.008 0.112 0.347 
 354 I E   0.004 0.511 0.000 0.016 0.004 0.008 0.113 0.343 
 355 P E   0.004 0.512 0.001 0.018 0.005 0.008 0.113 0.339 
 356 S E   0.004 0.511 0.001 0.019 0.005 0.008 0.115 0.337 
 357 M E   0.004 0.508 0.001 0.020 0.005 0.008 0.116 0.338 
 358 S E   0.004 0.501 0.001 0.021 0.005 0.008 0.118 0.342 
 359 I E   0.004 0.490 0.001 0.021 0.005 0.008 0.121 0.350 
 360 S E   0.004 0.476 0.001 0.021 0.005 0.008 0.125 0.362 
 361 A E   0.004 0.457 0.001 0.020 0.005 0.008 0.129 0.377 
 362 S E   0.004 0.434 0.001 0.020 0.005 0.008 0.134 0.395 
 363 S _   0.004 0.411 0.001 0.019 0.005 0.008 0.140 0.412 
 364 Q _   0.004 0.388 0.001 0.019 0.005 0.008 0.147 0.428 
 365 S _   0.004 0.365 0.001 0.020 0.005 0.009 0.154 0.442 
 366 S _   0.005 0.342 0.001 0.021 0.005 0.009 0.162 0.456 
 367 S _   0.005 0.319 0.001 0.021 0.005 0.009 0.171 0.469 
 368 V _   0.005 0.295 0.001 0.022 0.005 0.009 0.181 0.483 
 369 N _   0.005 0.269 0.001 0.022 0.005 0.009 0.192 0.498 
 370 S _   0.005 0.240 0.001 0.020 0.005 0.009 0.203 0.517 
 371 L _   0.005 0.209 0.001 0.017 0.004 0.008 0.216 0.539 
 372 P _   0.005 0.181 0.001 0.014 0.004 0.008 0.227 0.561 
 373 D _   0.005 0.157 0.000 0.011 0.003 0.007 0.238 0.580 
 374 V _   0.004 0.139 0.000 0.008 0.002 0.006 0.246 0.594 
 375 S _   0.004 0.129 0.000 0.006 0.002 0.006 0.253 0.601 
 376 D _   0.003 0.123 0.000 0.005 0.001 0.006 0.257 0.603 
 377 D _   0.003 0.122 0.000 0.005 0.001 0.006 0.261 0.601 
 378 K _   0.003 0.124 0.000 0.006 0.002 0.007 0.264 0.595 
 379 S _   0.004 0.129 0.000 0.008 0.002 0.008 0.266 0.584 
 380 E _   0.004 0.138 0.000 0.011 0.003 0.009 0.268 0.567 
 381 L _   0.004 0.153 0.001 0.015 0.004 0.010 0.269 0.545 
 382 D _   0.004 0.169 0.001 0.019 0.005 0.011 0.270 0.521 
 383 M _   0.004 0.185 0.001 0.023 0.006 0.012 0.271 0.498 
 384 M _   0.004 0.197 0.001 0.026 0.006 0.012 0.273 0.479 
 385 E _   0.004 0.205 0.001 0.028 0.007 0.012 0.276 0.466 
 386 G _   0.004 0.210 0.001 0.029 0.007 0.013 0.280 0.456 
 387 D _   0.005 0.212 0.001 0.028 0.007 0.013 0.285 0.449 
 388 H _   0.005 0.212 0.001 0.027 0.007 0.013 0.291 0.444 
 389 T _   0.005 0.210 0.001 0.027 0.007 0.013 0.299 0.439 
 390 V _   0.006 0.206 0.001 0.026 0.007 0.013 0.307 0.434 
 391 M _   0.006 0.202 0.001 0.026 0.007 0.013 0.317 0.428 
 392 S _   0.007 0.196 0.001 0.026 0.007 0.013 0.328 0.422 
 393 N _   0.007 0.188 0.001 0.027 0.008 0.014 0.340 0.415 
 394 S _   0.007 0.179 0.001 0.028 0.008 0.013 0.354 0.409 
 395 S _   0.008 0.169 0.001 0.029 0.008 0.013 0.370 0.404 
 396 V _   0.008 0.155 0.001 0.028 0.008 0.013 0.388 0.400 
 397 I X   0.008 0.138 0.001 0.027 0.007 0.012 0.408 0.399 
 398 H X   0.008 0.117 0.001 0.025 0.007 0.011 0.430 0.401 
 399 L X   0.007 0.094 0.001 0.022 0.006 0.010 0.454 0.406 
 400 K X   0.007 0.071 0.001 0.018 0.005 0.009 0.478 0.412 
 401 P X   0.006 0.050 0.001 0.014 0.004 0.008 0.500 0.417 
 402 E X   0.006 0.034 0.000 0.010 0.003 0.007 0.519 0.420 
 403 E X   0.005 0.023 0.000 0.008 0.002 0.006 0.535 0.421 
 404 E X   0.004 0.015 0.000 0.006 0.002 0.005 0.548 0.419 
 405 N X   0.004 0.011 0.000 0.005 0.001 0.005 0.559 0.416 
 406 Y X   0.004 0.008 0.000 0.004 0.001 0.004 0.567 0.412 
 407 R X   0.003 0.006 0.000 0.004 0.001 0.004 0.573 0.408 
 408 E X   0.003 0.005 0.000 0.004 0.001 0.004 0.578 0.405 
 409 E X   0.003 0.004 0.000 0.004 0.001 0.004 0.582 0.402 
 410 G X   0.003 0.004 0.000 0.005 0.001 0.004 0.585 0.399 
 411 D X   0.003 0.003 0.000 0.005 0.001 0.004 0.587 0.397 
 412 P X   0.003 0.003 0.000 0.005 0.001 0.004 0.588 0.396 
 413 R X   0.003 0.003 0.000 0.005 0.001 0.004 0.589 0.395 
 414 T X   0.003 0.003 0.000 0.005 0.001 0.004 0.589 0.396 
 415 R X   0.003 0.002 0.000 0.005 0.001 0.004 0.589 0.396 
 416 A X   0.002 0.002 0.000 0.004 0.001 0.004 0.588 0.398 
 417 S X   0.002 0.002 0.000 0.004 0.001 0.003 0.587 0.400 
 418 D X   0.002 0.002 0.000 0.004 0.001 0.003 0.585 0.402 
 419 P X   0.002 0.002 0.000 0.004 0.001 0.004 0.583 0.404 
 420 Q X   0.002 0.002 0.000 0.004 0.001 0.004 0.580 0.407 
 421 S X   0.002 0.002 0.000 0.005 0.001 0.004 0.576 0.410 
 422 P X   0.002 0.003 0.000 0.005 0.001 0.004 0.571 0.412 
 423 P X   0.002 0.003 0.000 0.006 0.002 0.005 0.566 0.415 
 424 Q X   0.003 0.004 0.000 0.007 0.002 0.005 0.561 0.419 
 425 V X   0.003 0.004 0.000 0.008 0.002 0.005 0.555 0.423 
 426 S X   0.003 0.005 0.000 0.008 0.002 0.006 0.549 0.428 
 427 R X   0.002 0.006 0.000 0.008 0.002 0.006 0.542 0.434 
 428 H X   0.002 0.006 0.000 0.008 0.002 0.006 0.535 0.440 
 429 K X   0.002 0.007 0.000 0.007 0.002 0.006 0.528 0.448 
 430 S X   0.002 0.007 0.000 0.006 0.002 0.007 0.520 0.454 
 431 H X   0.003 0.008 0.000 0.006 0.002 0.008 0.512 0.461 
 432 Y X   0.003 0.010 0.000 0.006 0.002 0.010 0.504 0.465 
 433 R X   0.005 0.012 0.000 0.006 0.003 0.012 0.494 0.467 
 434 N X   0.007 0.017 0.001 0.007 0.004 0.016 0.483 0.465 
 435 R X   0.010 0.025 0.001 0.010 0.007 0.021 0.470 0.456 
 436 E X   0.014 0.039 0.001 0.013 0.012 0.028 0.456 0.438 
 437 H X   0.020 0.061 0.001 0.017 0.018 0.034 0.439 0.410 
 438 F X   0.025 0.091 0.002 0.022 0.024 0.039 0.422 0.374 
 439 A X   0.030 0.125 0.002 0.028 0.031 0.043 0.406 0.336 
 440 T X   0.035 0.158 0.002 0.033 0.035 0.045 0.392 0.300 
 441 I X   0.038 0.186 0.002 0.038 0.037 0.045 0.381 0.273 
 442 R X   0.040 0.205 0.002 0.042 0.038 0.044 0.374 0.255 
 443 T X   0.042 0.217 0.002 0.045 0.037 0.042 0.369 0.247 
 444 A X   0.043 0.222 0.002 0.047 0.034 0.039 0.366 0.248 
 445 S X   0.042 0.221 0.002 0.046 0.031 0.036 0.365 0.257 
 446 L X   0.040 0.214 0.002 0.044 0.027 0.032 0.365 0.276 
 447 V X   0.037 0.199 0.002 0.039 0.023 0.028 0.368 0.304 
 448 T X   0.033 0.173 0.002 0.033 0.018 0.024 0.371 0.345 
 449 R _   0.029 0.137 0.002 0.026 0.013 0.020 0.376 0.396 
 450 Q _   0.024 0.096 0.001 0.019 0.010 0.016 0.382 0.451 
 451 M _   0.020 0.059 0.001 0.013 0.006 0.013 0.387 0.501 
 452 Q _   0.015 0.033 0.001 0.008 0.004 0.010 0.391 0.538 
 453 E _   0.011 0.019 0.000 0.005 0.002 0.008 0.392 0.562 
 454 H _   0.008 0.012 0.000 0.003 0.002 0.006 0.393 0.576 
 455 E _   0.006 0.009 0.000 0.002 0.001 0.006 0.392 0.583 
 456 Q _   0.005 0.008 0.000 0.002 0.001 0.005 0.390 0.587 
 457 D _   0.005 0.009 0.000 0.003 0.001 0.006 0.388 0.589 
 458 S _   0.005 0.010 0.000 0.004 0.002 0.006 0.384 0.588 
 459 E _   0.005 0.013 0.000 0.006 0.002 0.007 0.380 0.585 
 460 L _   0.006 0.018 0.000 0.010 0.003 0.008 0.375 0.581 
 461 R _   0.006 0.024 0.001 0.013 0.004 0.009 0.369 0.574 
 462 E _   0.006 0.029 0.001 0.017 0.005 0.010 0.363 0.569 
 463 Q _   0.006 0.034 0.001 0.019 0.006 0.011 0.358 0.566 
 464 M _   0.006 0.037 0.001 0.021 0.006 0.011 0.354 0.565 
 465 S _   0.006 0.039 0.001 0.020 0.006 0.011 0.351 0.567 
 466 G _   0.006 0.040 0.001 0.019 0.005 0.010 0.348 0.571 
 467 Y _   0.006 0.040 0.001 0.017 0.005 0.010 0.346 0.576 
 468 K _   0.006 0.038 0.001 0.015 0.004 0.009 0.345 0.582 
 469 R _   0.006 0.037 0.000 0.012 0.004 0.009 0.344 0.587 
 470 M _   0.006 0.035 0.000 0.011 0.004 0.009 0.343 0.592 
 471 R _   0.006 0.034 0.000 0.010 0.003 0.008 0.342 0.596 
 472 R _   0.006 0.033 0.000 0.009 0.003 0.008 0.342 0.598 
 473 Q _   0.006 0.033 0.000 0.009 0.003 0.008 0.341 0.599 
 474 H _   0.006 0.033 0.000 0.010 0.004 0.009 0.341 0.599 
 475 Q _   0.006 0.033 0.000 0.011 0.004 0.009 0.340 0.597 
 476 K _   0.006 0.033 0.000 0.012 0.004 0.009 0.340 0.595 
 477 Q _   0.006 0.033 0.000 0.013 0.004 0.009 0.340 0.594 
 478 L _   0.006 0.033 0.000 0.014 0.004 0.008 0.340 0.594 
 479 M _   0.006 0.032 0.000 0.014 0.004 0.008 0.341 0.595 
 480 T _   0.006 0.030 0.000 0.013 0.004 0.008 0.342 0.597 
 481 L _   0.005 0.028 0.000 0.012 0.003 0.007 0.343 0.601 
 482 E _   0.005 0.025 0.000 0.011 0.003 0.007 0.344 0.604 
 483 N _   0.005 0.022 0.000 0.009 0.003 0.006 0.346 0.608 
 484 K _   0.005 0.020 0.000 0.008 0.003 0.006 0.347 0.611 
 485 L _   0.005 0.017 0.000 0.008 0.002 0.006 0.349 0.613 
 486 K _   0.005 0.016 0.000 0.007 0.002 0.006 0.350 0.614 
 487 A _   0.005 0.014 0.000 0.007 0.002 0.006 0.351 0.615 
 488 E _   0.005 0.013 0.000 0.007 0.002 0.006 0.352 0.614 
 489 M _   0.005 0.012 0.000 0.008 0.002 0.006 0.353 0.614 
 490 D _   0.005 0.012 0.000 0.008 0.002 0.006 0.354 0.614 
 491 E _   0.005 0.011 0.000 0.008 0.002 0.006 0.354 0.614 
 492 H _   0.005 0.010 0.000 0.008 0.002 0.006 0.355 0.615 
 493 R _   0.004 0.009 0.000 0.008 0.002 0.005 0.356 0.615 
 494 L _   0.004 0.009 0.000 0.007 0.002 0.005 0.356 0.616 
 495 R _   0.004 0.008 0.000 0.007 0.002 0.005 0.356 0.618 
 496 L _   0.004 0.007 0.000 0.006 0.002 0.005 0.356 0.619 
 497 D _   0.004 0.007 0.000 0.006 0.002 0.005 0.356 0.621 
 498 K _   0.004 0.007 0.000 0.005 0.002 0.005 0.355 0.623 
 499 D _   0.004 0.007 0.000 0.005 0.002 0.005 0.354 0.624 
 500 L _   0.004 0.007 0.000 0.005 0.002 0.005 0.353 0.625 
 501 E _   0.004 0.008 0.000 0.005 0.002 0.005 0.351 0.625 
 502 T _   0.004 0.009 0.000 0.005 0.002 0.006 0.349 0.625 
 503 Q _   0.004 0.011 0.000 0.007 0.002 0.006 0.346 0.623 
 504 R _   0.004 0.014 0.000 0.008 0.003 0.007 0.343 0.620 
 505 N _   0.004 0.018 0.000 0.011 0.003 0.008 0.340 0.615 
 506 N _   0.005 0.022 0.000 0.014 0.004 0.009 0.336 0.609 
 507 F _   0.005 0.027 0.001 0.017 0.005 0.010 0.333 0.602 
 508 A _   0.006 0.031 0.001 0.020 0.005 0.010 0.331 0.597 
 509 A _   0.006 0.033 0.001 0.021 0.006 0.010 0.329 0.594 
 510 E _   0.006 0.035 0.001 0.021 0.006 0.010 0.328 0.594 
 511 M _   0.006 0.035 0.001 0.020 0.005 0.010 0.327 0.596 
 512 E _   0.006 0.034 0.001 0.018 0.005 0.009 0.327 0.600 
 513 K _   0.006 0.033 0.000 0.015 0.004 0.009 0.328 0.606 
 514 L _   0.005 0.031 0.000 0.013 0.004 0.008 0.329 0.611 
 515 I _   0.005 0.028 0.000 0.010 0.003 0.008 0.330 0.615 
 516 K _   0.005 0.026 0.000 0.009 0.003 0.007 0.331 0.618 
 517 K _   0.005 0.025 0.000 0.009 0.003 0.007 0.332 0.619 
 518 H _   0.005 0.024 0.000 0.009 0.003 0.007 0.333 0.619 
 519 Q _   0.005 0.024 0.000 0.009 0.003 0.007 0.334 0.617 
 520 A _   0.005 0.023 0.000 0.011 0.003 0.007 0.336 0.614 
 521 A _   0.006 0.023 0.000 0.012 0.003 0.007 0.337 0.612 
 522 M _   0.006 0.022 0.000 0.012 0.003 0.007 0.339 0.610 
 523 E _   0.005 0.022 0.000 0.012 0.003 0.007 0.341 0.609 
 524 K _   0.005 0.020 0.000 0.012 0.003 0.007 0.343 0.610 
 525 E _   0.005 0.018 0.000 0.010 0.003 0.006 0.346 0.612 
 526 A _   0.005 0.016 0.000 0.009 0.002 0.006 0.348 0.614 
 527 K _   0.004 0.014 0.000 0.007 0.002 0.005 0.351 0.616 
 528 V _   0.004 0.012 0.000 0.006 0.002 0.005 0.353 0.618 
 529 M _   0.004 0.010 0.000 0.005 0.002 0.005 0.355 0.620 
 530 S _   0.004 0.009 0.000 0.004 0.001 0.004 0.356 0.620 
 531 N _   0.004 0.009 0.000 0.004 0.001 0.005 0.358 0.619 
 532 E _   0.004 0.009 0.000 0.004 0.002 0.005 0.358 0.618 
 533 E _   0.004 0.010 0.000 0.005 0.002 0.005 0.359 0.615 
 534 K _   0.004 0.012 0.000 0.006 0.002 0.006 0.359 0.611 
 535 K _   0.004 0.014 0.000 0.008 0.003 0.007 0.358 0.606 
 536 F _   0.005 0.017 0.000 0.010 0.003 0.008 0.358 0.599 
 537 Q _   0.005 0.020 0.000 0.013 0.004 0.008 0.358 0.593 
 538 Q _   0.005 0.022 0.000 0.015 0.004 0.008 0.358 0.587 
 539 H _   0.005 0.024 0.000 0.017 0.004 0.009 0.358 0.582 
 540 I _   0.005 0.026 0.000 0.017 0.004 0.009 0.360 0.579 
 541 Q _   0.005 0.026 0.000 0.017 0.004 0.008 0.361 0.578 
 542 A _   0.005 0.026 0.000 0.016 0.004 0.008 0.364 0.578 
 543 Q _   0.004 0.025 0.000 0.014 0.004 0.008 0.367 0.579 
 544 Q _   0.004 0.023 0.000 0.012 0.003 0.007 0.370 0.580 
 545 K _   0.004 0.021 0.000 0.010 0.003 0.007 0.373 0.581 
 546 K _   0.004 0.019 0.000 0.009 0.003 0.007 0.377 0.580 
 547 E _   0.004 0.018 0.000 0.009 0.003 0.006 0.381 0.578 
 548 L _   0.005 0.017 0.000 0.008 0.003 0.006 0.386 0.575 
 549 N _   0.005 0.016 0.000 0.009 0.003 0.006 0.390 0.571 
 550 S _   0.005 0.015 0.000 0.009 0.003 0.007 0.394 0.567 
 551 F _   0.005 0.014 0.000 0.009 0.003 0.007 0.399 0.562 
 552 L _   0.005 0.013 0.000 0.009 0.003 0.006 0.404 0.559 
 553 E _   0.005 0.012 0.000 0.009 0.003 0.006 0.409 0.555 
 554 S _   0.005 0.011 0.000 0.009 0.002 0.006 0.414 0.553 
 555 Q _   0.005 0.010 0.000 0.008 0.002 0.006 0.418 0.551 
 556 K _   0.004 0.008 0.000 0.007 0.002 0.005 0.423 0.550 
 557 R _   0.004 0.007 0.000 0.006 0.002 0.005 0.427 0.548 
 558 E _   0.004 0.007 0.000 0.006 0.002 0.005 0.431 0.546 
 559 Y _   0.004 0.006 0.000 0.006 0.002 0.005 0.434 0.543 
 560 K _   0.004 0.006 0.000 0.006 0.002 0.005 0.438 0.540 
 561 L _   0.004 0.005 0.000 0.006 0.002 0.005 0.440 0.538 
 562 R _   0.004 0.005 0.000 0.007 0.002 0.005 0.443 0.535 
 563 K _   0.004 0.005 0.000 0.007 0.002 0.005 0.445 0.531 
 564 E _   0.004 0.005 0.000 0.008 0.002 0.005 0.447 0.528 
 565 Q _   0.004 0.005 0.000 0.008 0.002 0.005 0.450 0.526 
 566 L _   0.004 0.005 0.000 0.008 0.002 0.005 0.452 0.524 
 567 K _   0.004 0.005 0.000 0.008 0.002 0.005 0.454 0.522 
 568 E _   0.004 0.004 0.000 0.008 0.002 0.005 0.456 0.521 
 569 E _   0.004 0.004 0.000 0.007 0.002 0.004 0.458 0.521 
 570 L _   0.004 0.003 0.000 0.006 0.001 0.004 0.460 0.521 
 571 N _   0.004 0.002 0.000 0.005 0.001 0.004 0.461 0.522 
 572 E _   0.004 0.002 0.000 0.004 0.001 0.003 0.462 0.523 
 573 N _   0.003 0.001 0.000 0.003 0.001 0.003 0.462 0.525 
 574 Q _   0.003 0.001 0.000 0.003 0.001 0.003 0.461 0.527 
 575 S _   0.003 0.001 0.000 0.003 0.001 0.003 0.459 0.530 
 576 T _   0.003 0.001 0.000 0.003 0.001 0.003 0.456 0.533 
 577 P _   0.003 0.001 0.000 0.003 0.001 0.003 0.452 0.537 
 578 K _   0.003 0.001 0.000 0.003 0.001 0.004 0.447 0.541 
 579 K _   0.003 0.002 0.000 0.004 0.001 0.004 0.440 0.546 
 580 E _   0.003 0.003 0.000 0.005 0.001 0.005 0.431 0.552 
 581 K _   0.003 0.005 0.000 0.006 0.002 0.005 0.421 0.558 
 582 Q _   0.003 0.007 0.000 0.008 0.002 0.006 0.409 0.563 
 583 E _   0.003 0.011 0.000 0.010 0.003 0.007 0.397 0.569 
 584 W _   0.004 0.014 0.000 0.012 0.003 0.008 0.384 0.575 
 585 L _   0.004 0.018 0.000 0.014 0.003 0.008 0.372 0.581 
 586 S _   0.004 0.021 0.000 0.015 0.004 0.009 0.360 0.588 
 587 K _   0.004 0.024 0.000 0.015 0.004 0.009 0.349 0.595 
 588 Q _   0.004 0.026 0.000 0.015 0.004 0.009 0.339 0.602 
 589 K _   0.004 0.028 0.000 0.015 0.004 0.009 0.330 0.609 
 590 E _   0.004 0.030 0.000 0.015 0.004 0.009 0.321 0.616 
 591 N _   0.005 0.032 0.000 0.015 0.004 0.009 0.313 0.621 
 592 I _   0.005 0.033 0.000 0.015 0.004 0.009 0.306 0.627 
 593 Q _   0.005 0.034 0.000 0.015 0.004 0.009 0.300 0.632 
 594 H _   0.006 0.035 0.000 0.015 0.004 0.009 0.294 0.637 
 595 F _   0.006 0.035 0.000 0.014 0.004 0.009 0.288 0.642 
 596 Q _   0.006 0.035 0.000 0.014 0.004 0.009 0.283 0.648 
 597 A _   0.006 0.035 0.000 0.013 0.004 0.009 0.278 0.655 
 598 E _   0.006 0.034 0.000 0.012 0.004 0.009 0.273 0.662 
 599 E _   0.006 0.033 0.000 0.011 0.004 0.009 0.269 0.669 
 600 E _   0.006 0.032 0.000 0.010 0.003 0.009 0.265 0.675 
 601 A _   0.006 0.031 0.000 0.009 0.003 0.008 0.260 0.682 
 602 N _   0.006 0.030 0.000 0.009 0.003 0.008 0.256 0.687 
 603 L _   0.006 0.030 0.000 0.008 0.003 0.008 0.252 0.692 
 604 L _   0.006 0.030 0.000 0.008 0.003 0.009 0.247 0.696 
 605 R _   0.007 0.030 0.000 0.008 0.003 0.009 0.242 0.700 
 606 R _   0.007 0.031 0.000 0.008 0.004 0.010 0.238 0.702 
 607 Q _   0.007 0.033 0.000 0.009 0.004 0.010 0.233 0.704 
 608 R _   0.007 0.034 0.000 0.010 0.004 0.011 0.228 0.704 
 609 Q _   0.008 0.037 0.001 0.011 0.005 0.012 0.224 0.704 
 610 Y _   0.008 0.040 0.001 0.012 0.005 0.012 0.219 0.703 
 611 L _   0.009 0.043 0.001 0.013 0.006 0.013 0.215 0.701 
 612 E _   0.009 0.046 0.001 0.014 0.006 0.014 0.210 0.700 
 613 L _   0.010 0.049 0.001 0.016 0.007 0.014 0.206 0.698 
 614 E _   0.010 0.052 0.001 0.017 0.007 0.014 0.202 0.697 
 615 C _   0.011 0.054 0.001 0.018 0.007 0.015 0.198 0.698 
 616 R _   0.011 0.055 0.001 0.018 0.007 0.015 0.195 0.698 
 617 R _   0.011 0.056 0.001 0.019 0.008 0.014 0.192 0.700 
 618 F _   0.011 0.056 0.001 0.019 0.007 0.014 0.190 0.702 
 619 K _   0.011 0.055 0.001 0.019 0.007 0.014 0.188 0.706 
 620 R _   0.011 0.053 0.001 0.018 0.007 0.013 0.186 0.711 
 621 R _   0.010 0.051 0.001 0.017 0.006 0.012 0.185 0.717 
 622 M _   0.010 0.048 0.001 0.016 0.006 0.011 0.184 0.725 
 623 L _   0.009 0.043 0.001 0.014 0.005 0.010 0.184 0.734 
 624 L _   0.009 0.039 0.001 0.012 0.004 0.009 0.183 0.743 
 625 G _   0.008 0.035 0.000 0.010 0.004 0.009 0.182 0.752 
 626 R _   0.007 0.031 0.000 0.008 0.003 0.008 0.181 0.760 
 627 H _   0.007 0.029 0.000 0.008 0.003 0.008 0.181 0.766 
 628 N _   0.006 0.027 0.000 0.008 0.003 0.008 0.179 0.769 
 629 L _   0.006 0.026 0.000 0.008 0.003 0.008 0.178 0.771 
 630 E _   0.006 0.026 0.000 0.009 0.003 0.008 0.177 0.771 
 631 Q _   0.007 0.026 0.000 0.011 0.003 0.008 0.175 0.769 
 632 D _   0.007 0.026 0.000 0.012 0.004 0.008 0.174 0.768 
 633 L _   0.007 0.027 0.000 0.014 0.004 0.009 0.173 0.767 
 634 V _   0.007 0.026 0.000 0.015 0.004 0.009 0.172 0.767 
 635 R _   0.007 0.025 0.000 0.015 0.004 0.008 0.171 0.770 
 636 E _   0.006 0.024 0.000 0.014 0.004 0.008 0.170 0.774 
 637 E _   0.006 0.021 0.000 0.012 0.003 0.008 0.169 0.780 
 638 L _   0.006 0.019 0.000 0.010 0.003 0.007 0.169 0.787 
 639 N _   0.005 0.016 0.000 0.008 0.002 0.007 0.168 0.793 
 640 K _   0.005 0.014 0.000 0.006 0.002 0.006 0.167 0.799 
 641 R _   0.005 0.013 0.000 0.005 0.002 0.006 0.166 0.803 
 642 Q _   0.005 0.012 0.000 0.004 0.002 0.007 0.164 0.805 
 643 T _   0.005 0.013 0.000 0.004 0.002 0.008 0.162 0.805 
 644 Q _   0.006 0.014 0.000 0.005 0.003 0.009 0.160 0.802 
 645 K _   0.007 0.018 0.000 0.008 0.004 0.011 0.157 0.795 
 646 D _   0.008 0.024 0.001 0.011 0.005 0.014 0.154 0.783 
 647 L _   0.010 0.033 0.001 0.017 0.007 0.017 0.150 0.766 
 648 E _   0.011 0.043 0.001 0.023 0.009 0.019 0.146 0.747 
 649 H _   0.012 0.052 0.001 0.029 0.011 0.021 0.143 0.730 
 650 A _   0.013 0.058 0.001 0.034 0.013 0.022 0.140 0.718 
 651 M _   0.014 0.062 0.001 0.036 0.013 0.023 0.138 0.713 
 652 L _   0.014 0.062 0.001 0.036 0.013 0.022 0.137 0.714 
 653 L _   0.014 0.060 0.001 0.033 0.012 0.021 0.136 0.723 
 654 R _   0.014 0.055 0.001 0.028 0.011 0.020 0.135 0.735 
 655 Q _   0.014 0.048 0.001 0.023 0.010 0.019 0.135 0.750 
 656 H _   0.014 0.040 0.001 0.018 0.008 0.018 0.136 0.765 
 657 E _   0.014 0.032 0.001 0.014 0.007 0.017 0.136 0.779 
 658 S _   0.014 0.025 0.001 0.011 0.006 0.017 0.137 0.790 
 659 M _   0.014 0.019 0.001 0.009 0.006 0.016 0.138 0.797 
 660 Q _   0.015 0.016 0.001 0.008 0.005 0.016 0.138 0.802 
 661 E _   0.015 0.013 0.001 0.008 0.005 0.016 0.138 0.804 
 662 L _   0.016 0.011 0.001 0.007 0.005 0.017 0.138 0.806 
 663 E _   0.016 0.010 0.001 0.007 0.005 0.017 0.138 0.806 
