#TopoPred_TM8: 8-state transmembrane topology prediction results by no_profile mode 
#probabilities are in the order of H E C I L F X _, the 8 transmembrane topology types used in PDBTM 
   1 M X   0.013 0.001 0.002 0.061 0.009 0.010 0.723 0.180 
   2 T X   0.005 0.001 0.000 0.036 0.002 0.005 0.744 0.209 
   3 S X   0.001 0.000 0.000 0.018 0.001 0.002 0.748 0.230 
   4 T X   0.001 0.001 0.000 0.011 0.000 0.002 0.744 0.241 
   5 G X   0.001 0.001 0.000 0.008 0.001 0.003 0.736 0.250 
   6 K X   0.001 0.001 0.000 0.008 0.001 0.004 0.726 0.259 
   7 D X   0.002 0.002 0.000 0.008 0.001 0.006 0.712 0.268 
   8 G X   0.003 0.005 0.000 0.011 0.002 0.007 0.695 0.278 
   9 G X   0.003 0.008 0.000 0.015 0.003 0.009 0.673 0.288 
  10 A X   0.004 0.014 0.001 0.020 0.004 0.011 0.648 0.298 
  11 Q X   0.004 0.021 0.001 0.028 0.006 0.013 0.621 0.308 
  12 H X   0.004 0.028 0.001 0.034 0.007 0.014 0.594 0.317 
  13 A X   0.004 0.033 0.001 0.040 0.008 0.015 0.571 0.328 
  14 Q X   0.005 0.037 0.001 0.042 0.009 0.015 0.552 0.340 
  15 Y X   0.005 0.039 0.001 0.043 0.009 0.015 0.535 0.354 
  16 V X   0.005 0.039 0.001 0.041 0.008 0.015 0.522 0.370 
  17 G X   0.005 0.038 0.001 0.037 0.008 0.014 0.510 0.387 
  18 P X   0.005 0.035 0.001 0.032 0.007 0.013 0.500 0.406 
  19 Y X   0.005 0.031 0.001 0.026 0.006 0.012 0.492 0.427 
  20 R X   0.005 0.026 0.001 0.020 0.005 0.011 0.485 0.448 
  21 L X   0.005 0.020 0.001 0.015 0.004 0.010 0.478 0.468 
  22 E _   0.005 0.014 0.000 0.011 0.003 0.009 0.471 0.487 
  23 K _   0.005 0.009 0.000 0.008 0.003 0.008 0.464 0.504 
  24 T _   0.005 0.005 0.000 0.006 0.002 0.008 0.456 0.518 
  25 L _   0.005 0.003 0.000 0.004 0.002 0.009 0.448 0.529 
  26 G _   0.006 0.002 0.000 0.004 0.002 0.010 0.438 0.538 
  27 K _   0.007 0.002 0.000 0.004 0.003 0.012 0.428 0.545 
  28 G _   0.010 0.001 0.000 0.004 0.003 0.015 0.416 0.549 
  29 Q _   0.014 0.001 0.001 0.005 0.005 0.020 0.404 0.551 
  30 T _   0.019 0.002 0.001 0.007 0.007 0.025 0.390 0.549 
  31 G _   0.027 0.002 0.001 0.009 0.011 0.032 0.375 0.543 
  32 L _   0.037 0.003 0.001 0.011 0.015 0.040 0.359 0.534 
  33 V _   0.047 0.004 0.001 0.013 0.021 0.046 0.344 0.523 
  34 K _   0.059 0.006 0.002 0.015 0.026 0.053 0.329 0.511 
  35 L _   0.071 0.007 0.002 0.016 0.032 0.058 0.315 0.499 
  36 G _   0.083 0.008 0.002 0.017 0.037 0.062 0.302 0.488 
  37 V _   0.093 0.010 0.002 0.018 0.040 0.064 0.291 0.481 
  38 H _   0.101 0.010 0.002 0.019 0.042 0.064 0.282 0.479 
  39 C _   0.107 0.011 0.002 0.019 0.043 0.063 0.274 0.481 
  40 V _   0.109 0.011 0.002 0.019 0.042 0.061 0.267 0.487 
  41 T _   0.109 0.011 0.002 0.019 0.040 0.058 0.262 0.497 
  42 C _   0.107 0.011 0.002 0.019 0.036 0.054 0.258 0.513 
  43 Q _   0.100 0.010 0.002 0.019 0.032 0.050 0.254 0.534 
  44 K _   0.091 0.009 0.002 0.018 0.027 0.045 0.252 0.557 
  45 V _   0.081 0.008 0.001 0.016 0.022 0.040 0.249 0.583 
  46 A _   0.070 0.006 0.001 0.014 0.017 0.034 0.247 0.609 
  47 I _   0.059 0.005 0.001 0.012 0.013 0.029 0.245 0.636 
  48 K _   0.048 0.003 0.001 0.010 0.010 0.025 0.244 0.660 
  49 I _   0.038 0.002 0.001 0.008 0.007 0.021 0.241 0.681 
  50 V _   0.031 0.001 0.001 0.006 0.005 0.018 0.239 0.698 
  51 N _   0.025 0.001 0.001 0.005 0.004 0.016 0.236 0.711 
  52 R _   0.022 0.000 0.000 0.004 0.004 0.015 0.233 0.722 
  53 E _   0.019 0.000 0.000 0.003 0.003 0.015 0.230 0.729 
  54 K _   0.019 0.000 0.000 0.003 0.003 0.015 0.227 0.733 
  55 L _   0.020 0.000 0.000 0.003 0.004 0.016 0.223 0.733 
  56 S _   0.023 0.000 0.000 0.003 0.004 0.018 0.219 0.731 
  57 E _   0.028 0.000 0.001 0.004 0.006 0.021 0.214 0.725 
  58 S _   0.035 0.001 0.001 0.006 0.008 0.025 0.210 0.716 
  59 V _   0.043 0.001 0.001 0.007 0.010 0.029 0.205 0.703 
  60 L _   0.052 0.002 0.001 0.009 0.013 0.033 0.200 0.689 
  61 M _   0.061 0.003 0.001 0.012 0.017 0.037 0.195 0.674 
  62 K _   0.070 0.003 0.001 0.013 0.020 0.040 0.191 0.660 
  63 V _   0.078 0.004 0.001 0.014 0.022 0.043 0.187 0.650 
  64 E _   0.085 0.004 0.001 0.014 0.023 0.044 0.184 0.643 
  65 R _   0.090 0.005 0.001 0.014 0.024 0.045 0.182 0.640 
  66 E _   0.092 0.005 0.001 0.014 0.023 0.044 0.180 0.640 
  67 I _   0.094 0.005 0.001 0.013 0.022 0.043 0.179 0.643 
  68 A _   0.093 0.005 0.001 0.012 0.021 0.042 0.178 0.648 
  69 I _   0.091 0.005 0.001 0.011 0.019 0.040 0.177 0.655 
  70 L _   0.087 0.005 0.001 0.011 0.017 0.038 0.177 0.663 
  71 K _   0.082 0.005 0.001 0.011 0.016 0.036 0.177 0.671 
  72 L _   0.075 0.005 0.001 0.012 0.015 0.034 0.178 0.680 
  73 I _   0.068 0.005 0.001 0.013 0.014 0.031 0.178 0.689 
  74 E _   0.060 0.006 0.001 0.014 0.013 0.028 0.179 0.699 
  75 H _   0.051 0.006 0.001 0.015 0.012 0.026 0.180 0.710 
  76 P _   0.044 0.006 0.001 0.015 0.010 0.023 0.182 0.720 
  77 H _   0.037 0.005 0.001 0.015 0.009 0.020 0.183 0.730 
  78 V _   0.031 0.005 0.001 0.014 0.007 0.017 0.185 0.741 
  79 L _   0.025 0.004 0.001 0.012 0.006 0.014 0.186 0.752 
  80 K _   0.020 0.003 0.001 0.009 0.004 0.012 0.187 0.763 
  81 L _   0.016 0.002 0.000 0.007 0.003 0.010 0.188 0.773 
  82 H _   0.013 0.001 0.000 0.005 0.003 0.009 0.188 0.781 
  83 D _   0.010 0.001 0.000 0.004 0.002 0.008 0.188 0.788 
  84 V _   0.009 0.000 0.000 0.003 0.002 0.007 0.187 0.792 
  85 Y _   0.008 0.000 0.000 0.002 0.002 0.008 0.186 0.794 
  86 E _   0.009 0.001 0.000 0.002 0.002 0.009 0.184 0.794 
  87 N _   0.011 0.001 0.000 0.003 0.002 0.011 0.181 0.790 
  88 K _   0.014 0.002 0.000 0.004 0.004 0.015 0.178 0.782 
  89 K _   0.018 0.006 0.001 0.006 0.006 0.020 0.175 0.769 
  90 Y _   0.022 0.014 0.001 0.010 0.010 0.025 0.170 0.748 
  91 L _   0.027 0.026 0.001 0.016 0.014 0.031 0.165 0.720 
  92 Y _   0.031 0.041 0.001 0.023 0.019 0.035 0.160 0.690 
  93 L _   0.034 0.055 0.002 0.028 0.023 0.039 0.155 0.664 
  94 V _   0.037 0.067 0.002 0.033 0.025 0.041 0.151 0.645 
  95 L _   0.039 0.074 0.002 0.035 0.026 0.041 0.149 0.634 
  96 E _   0.040 0.079 0.002 0.035 0.027 0.041 0.146 0.631 
  97 H _   0.041 0.080 0.002 0.033 0.026 0.040 0.145 0.634 
  98 V _   0.041 0.079 0.002 0.031 0.024 0.039 0.144 0.641 
  99 S _   0.041 0.077 0.001 0.028 0.022 0.037 0.144 0.650 
 100 G _   0.040 0.074 0.001 0.025 0.020 0.034 0.144 0.662 
 101 G _   0.039 0.069 0.001 0.023 0.017 0.032 0.144 0.674 
 102 E _   0.038 0.064 0.001 0.022 0.015 0.029 0.145 0.686 
 103 L _   0.035 0.058 0.001 0.020 0.013 0.026 0.146 0.699 
 104 F _   0.032 0.052 0.001 0.019 0.011 0.024 0.148 0.713 
 105 D _   0.028 0.045 0.001 0.017 0.009 0.021 0.149 0.729 
 106 Y _   0.025 0.037 0.001 0.015 0.008 0.018 0.151 0.745 
 107 L _   0.021 0.030 0.001 0.013 0.006 0.016 0.152 0.761 
 108 V _   0.018 0.023 0.001 0.011 0.005 0.014 0.153 0.776 
 109 K _   0.015 0.018 0.000 0.008 0.004 0.012 0.154 0.789 
 110 K _   0.012 0.013 0.000 0.006 0.003 0.011 0.154 0.800 
 111 G _   0.010 0.010 0.000 0.005 0.002 0.010 0.154 0.808 
 112 R _   0.009 0.009 0.000 0.004 0.002 0.009 0.154 0.813 
 113 L _   0.008 0.008 0.000 0.004 0.002 0.010 0.152 0.816 
 114 T _   0.008 0.008 0.000 0.004 0.002 0.011 0.151 0.816 
 115 P _   0.009 0.010 0.000 0.004 0.003 0.013 0.148 0.812 
 116 K _   0.011 0.014 0.000 0.005 0.004 0.017 0.145 0.803 
 117 E _   0.014 0.023 0.001 0.008 0.006 0.022 0.141 0.785 
 118 A _   0.019 0.042 0.001 0.012 0.010 0.027 0.136 0.753 
 119 R _   0.023 0.075 0.001 0.017 0.016 0.033 0.129 0.704 
 120 K _   0.027 0.124 0.002 0.024 0.022 0.039 0.122 0.640 
 121 F _   0.029 0.182 0.002 0.031 0.028 0.043 0.115 0.569 
 122 F _   0.032 0.239 0.002 0.037 0.033 0.045 0.108 0.504 
 123 R _   0.033 0.286 0.002 0.042 0.035 0.046 0.103 0.453 
 124 Q _   0.034 0.319 0.002 0.046 0.036 0.045 0.100 0.417 
 125 I _   0.036 0.341 0.002 0.048 0.036 0.044 0.098 0.395 
 126 I _   0.037 0.352 0.002 0.049 0.035 0.043 0.096 0.386 
 127 S _   0.038 0.356 0.002 0.048 0.033 0.040 0.096 0.387 
 128 A _   0.038 0.353 0.002 0.045 0.031 0.038 0.096 0.397 
 129 L _   0.037 0.344 0.002 0.042 0.028 0.035 0.098 0.416 
 130 D _   0.035 0.327 0.002 0.038 0.024 0.032 0.099 0.442 
 131 F _   0.033 0.303 0.002 0.035 0.021 0.029 0.102 0.476 
 132 C _   0.030 0.272 0.002 0.031 0.018 0.026 0.105 0.517 
 133 H _   0.026 0.236 0.002 0.028 0.014 0.023 0.109 0.562 
 134 S _   0.023 0.198 0.001 0.024 0.011 0.020 0.113 0.608 
 135 H _   0.020 0.161 0.001 0.021 0.009 0.018 0.117 0.652 
 136 S _   0.017 0.127 0.001 0.018 0.007 0.015 0.121 0.693 
 137 I _   0.015 0.098 0.001 0.015 0.006 0.013 0.125 0.728 
 138 C _   0.012 0.076 0.001 0.012 0.004 0.011 0.128 0.756 
 139 H _   0.010 0.059 0.001 0.010 0.004 0.010 0.130 0.777 
 140 R _   0.009 0.047 0.000 0.009 0.003 0.009 0.131 0.792 
 141 D _   0.007 0.038 0.000 0.008 0.003 0.008 0.133 0.803 
 142 L _   0.006 0.033 0.000 0.007 0.002 0.007 0.133 0.810 
 143 K _   0.006 0.029 0.000 0.007 0.002 0.007 0.134 0.815 
 144 P _   0.006 0.027 0.000 0.007 0.002 0.007 0.134 0.818 
 145 E _   0.005 0.025 0.000 0.007 0.002 0.006 0.133 0.821 
 146 N _   0.005 0.024 0.000 0.007 0.002 0.006 0.132 0.823 
 147 L _   0.005 0.024 0.000 0.007 0.002 0.007 0.131 0.825 
 148 L _   0.005 0.024 0.000 0.007 0.002 0.007 0.129 0.827 
 149 L _   0.005 0.025 0.000 0.006 0.002 0.007 0.127 0.828 
 150 D _   0.005 0.026 0.000 0.006 0.002 0.008 0.124 0.829 
 151 E _   0.005 0.029 0.000 0.007 0.002 0.009 0.121 0.827 
 152 K _   0.006 0.033 0.000 0.007 0.003 0.011 0.117 0.822 
 153 N _   0.007 0.042 0.001 0.009 0.004 0.014 0.113 0.810 
 154 N _   0.010 0.056 0.001 0.012 0.006 0.018 0.107 0.789 
 155 I _   0.012 0.081 0.001 0.017 0.009 0.023 0.101 0.755 
 156 R _   0.015 0.119 0.001 0.023 0.013 0.028 0.093 0.707 
 157 I _   0.018 0.166 0.002 0.031 0.018 0.032 0.085 0.649 
 158 A _   0.019 0.212 0.002 0.039 0.022 0.035 0.078 0.593 
 159 D _   0.021 0.251 0.002 0.045 0.025 0.036 0.072 0.548 
 160 F _   0.022 0.279 0.002 0.050 0.026 0.037 0.067 0.517 
 161 G _   0.022 0.295 0.002 0.053 0.027 0.037 0.064 0.500 
 162 M _   0.023 0.302 0.002 0.054 0.027 0.036 0.061 0.495 
 163 A _   0.023 0.303 0.002 0.052 0.026 0.035 0.059 0.500 
 164 S _   0.024 0.298 0.002 0.048 0.024 0.033 0.058 0.514 
 165 L _   0.023 0.286 0.002 0.043 0.021 0.031 0.057 0.538 
 166 Q _   0.022 0.267 0.002 0.037 0.019 0.028 0.057 0.569 
 167 V _   0.021 0.243 0.001 0.032 0.016 0.026 0.057 0.604 
 168 G _   0.020 0.216 0.001 0.028 0.014 0.024 0.057 0.640 
 169 D _   0.019 0.188 0.001 0.025 0.012 0.022 0.057 0.676 
 170 S _   0.018 0.159 0.001 0.022 0.010 0.020 0.057 0.711 
 171 L _   0.017 0.132 0.001 0.020 0.009 0.018 0.058 0.746 
 172 L _   0.016 0.107 0.001 0.017 0.007 0.017 0.058 0.778 
 173 E _   0.014 0.084 0.001 0.015 0.006 0.015 0.058 0.807 
 174 T _   0.012 0.065 0.001 0.012 0.005 0.013 0.058 0.833 
 175 S _   0.011 0.050 0.001 0.010 0.004 0.012 0.057 0.854 
 176 C _   0.010 0.040 0.000 0.009 0.004 0.011 0.057 0.870 
 177 G _   0.009 0.034 0.000 0.007 0.003 0.010 0.056 0.880 
 178 S _   0.009 0.030 0.000 0.007 0.003 0.010 0.055 0.886 
 179 P _   0.009 0.028 0.000 0.008 0.003 0.011 0.053 0.888 
 180 H _   0.009 0.027 0.000 0.009 0.004 0.011 0.052 0.888 
 181 Y _   0.009 0.027 0.001 0.012 0.005 0.012 0.050 0.884 
 182 A _   0.009 0.028 0.001 0.016 0.006 0.013 0.048 0.880 
 183 C _   0.009 0.029 0.001 0.020 0.006 0.013 0.047 0.875 
 184 P _   0.010 0.030 0.001 0.023 0.007 0.013 0.045 0.871 
 185 E _   0.010 0.029 0.001 0.025 0.007 0.013 0.044 0.871 
 186 V _   0.009 0.028 0.001 0.025 0.007 0.012 0.042 0.875 
 187 I _   0.009 0.025 0.001 0.023 0.006 0.011 0.041 0.883 
 188 R _   0.009 0.021 0.001 0.019 0.005 0.010 0.040 0.895 
 189 G _   0.009 0.015 0.001 0.015 0.004 0.009 0.039 0.909 
 190 E _   0.009 0.009 0.000 0.010 0.003 0.007 0.038 0.923 
 191 K _   0.010 0.005 0.000 0.006 0.002 0.006 0.037 0.934 
 192 Y _   0.013 0.002 0.000 0.004 0.002 0.005 0.035 0.939 
 193 D _   0.019 0.001 0.000 0.002 0.002 0.005 0.033 0.938 
 194 G _   0.032 0.000 0.000 0.001 0.002 0.005 0.031 0.929 
 195 R _   0.057 0.000 0.000 0.001 0.002 0.005 0.028 0.906 
 196 K _   0.105 0.000 0.000 0.001 0.003 0.006 0.024 0.860 
 197 A _   0.185 0.000 0.001 0.001 0.004 0.008 0.020 0.782 
 198 D _   0.297 0.000 0.001 0.001 0.005 0.009 0.016 0.671 
 199 V _   0.434 0.000 0.001 0.001 0.007 0.010 0.012 0.536 
 200 W H   0.581 0.000 0.001 0.001 0.009 0.010 0.008 0.390 
 201 S H   0.710 0.000 0.001 0.001 0.011 0.010 0.005 0.263 
 202 C H   0.807 0.000 0.001 0.001 0.012 0.009 0.004 0.167 
 203 G H   0.870 0.000 0.001 0.000 0.013 0.008 0.003 0.106 
 204 V H   0.907 0.000 0.001 0.000 0.013 0.007 0.002 0.070 
 205 I H   0.925 0.000 0.001 0.000 0.013 0.006 0.002 0.053 
 206 L H   0.930 0.000 0.001 0.000 0.014 0.005 0.002 0.048 
 207 F H   0.926 0.000 0.001 0.000 0.014 0.005 0.002 0.051 
 208 A H   0.911 0.000 0.001 0.001 0.015 0.005 0.003 0.064 
 209 L H   0.883 0.000 0.001 0.001 0.016 0.006 0.004 0.090 
 210 L H   0.832 0.000 0.001 0.001 0.016 0.007 0.005 0.137 
 211 V H   0.752 0.000 0.002 0.001 0.016 0.007 0.008 0.213 
 212 G H   0.643 0.000 0.002 0.002 0.014 0.008 0.013 0.319 
 213 A H   0.513 0.000 0.001 0.002 0.011 0.008 0.019 0.446 
 214 L _   0.377 0.000 0.001 0.002 0.007 0.007 0.027 0.578 
 215 P _   0.254 0.000 0.001 0.002 0.005 0.007 0.035 0.697 
 216 F _   0.158 0.000 0.001 0.001 0.003 0.006 0.041 0.789 
 217 D _   0.093 0.000 0.000 0.001 0.003 0.005 0.047 0.850 
 218 D _   0.054 0.000 0.000 0.001 0.002 0.005 0.051 0.886 
 219 D _   0.033 0.000 0.000 0.002 0.002 0.005 0.054 0.904 
 220 N _   0.022 0.000 0.000 0.002 0.002 0.006 0.057 0.911 
 221 L _   0.016 0.001 0.000 0.003 0.002 0.007 0.058 0.912 
 222 R _   0.014 0.002 0.000 0.004 0.002 0.009 0.060 0.909 
 223 Q _   0.013 0.005 0.000 0.007 0.003 0.011 0.061 0.901 
 224 L _   0.012 0.010 0.001 0.010 0.004 0.013 0.061 0.889 
 225 L _   0.012 0.016 0.001 0.014 0.006 0.015 0.062 0.874 
 226 E _   0.012 0.024 0.001 0.019 0.008 0.017 0.062 0.857 
 227 K _   0.013 0.031 0.001 0.022 0.009 0.019 0.063 0.842 
 228 V _   0.013 0.038 0.001 0.026 0.011 0.020 0.063 0.828 
 229 K _   0.014 0.043 0.001 0.030 0.012 0.022 0.064 0.815 
 230 R _   0.015 0.046 0.001 0.032 0.013 0.022 0.066 0.805 
 231 G _   0.016 0.048 0.001 0.034 0.014 0.022 0.068 0.799 
 232 V _   0.016 0.047 0.001 0.034 0.014 0.022 0.070 0.796 
 233 F _   0.016 0.045 0.001 0.032 0.013 0.021 0.073 0.799 
 234 H _   0.016 0.041 0.001 0.029 0.011 0.019 0.077 0.807 
 235 M _   0.015 0.035 0.001 0.024 0.009 0.018 0.081 0.818 
 236 P _   0.014 0.027 0.001 0.018 0.008 0.016 0.085 0.832 
 237 H _   0.013 0.019 0.001 0.013 0.006 0.014 0.088 0.846 
 238 F _   0.012 0.012 0.001 0.008 0.004 0.013 0.092 0.858 
 239 I _   0.011 0.007 0.000 0.005 0.003 0.012 0.094 0.866 
 240 P _   0.011 0.005 0.000 0.004 0.003 0.012 0.096 0.869 
 241 P _   0.012 0.004 0.000 0.003 0.003 0.013 0.098 0.867 
 242 D _   0.014 0.004 0.000 0.003 0.003 0.015 0.100 0.860 
 243 C _   0.017 0.005 0.000 0.004 0.005 0.019 0.101 0.848 
 244 Q _   0.021 0.009 0.001 0.007 0.007 0.024 0.102 0.829 
 245 S _   0.026 0.018 0.001 0.011 0.011 0.029 0.103 0.800 
 246 L _   0.031 0.033 0.001 0.018 0.016 0.034 0.104 0.763 
 247 L _   0.033 0.051 0.002 0.027 0.021 0.038 0.104 0.724 
 248 R _   0.035 0.068 0.002 0.034 0.024 0.040 0.106 0.691 
 249 G _   0.036 0.079 0.002 0.040 0.026 0.041 0.108 0.669 
 250 M _   0.036 0.086 0.002 0.042 0.026 0.041 0.110 0.656 
 251 I _   0.036 0.089 0.002 0.041 0.026 0.040 0.113 0.653 
 252 E _   0.035 0.088 0.002 0.038 0.024 0.039 0.117 0.657 
 253 V _   0.034 0.085 0.002 0.033 0.021 0.037 0.122 0.667 
 254 D _   0.033 0.079 0.001 0.027 0.018 0.035 0.127 0.680 
 255 A _   0.032 0.072 0.001 0.021 0.015 0.033 0.132 0.694 
 256 A _   0.031 0.065 0.001 0.017 0.013 0.031 0.138 0.705 
 257 R _   0.030 0.059 0.001 0.013 0.011 0.030 0.143 0.714 
 258 R _   0.029 0.054 0.001 0.011 0.009 0.028 0.149 0.718 
 259 L _   0.028 0.052 0.001 0.010 0.009 0.028 0.154 0.719 
 260 T _   0.028 0.051 0.001 0.010 0.008 0.027 0.159 0.717 
 261 L _   0.028 0.052 0.001 0.011 0.009 0.027 0.164 0.710 
 262 E _   0.028 0.054 0.001 0.013 0.010 0.027 0.169 0.699 
 263 H _   0.028 0.058 0.001 0.017 0.011 0.027 0.173 0.684 
 264 I _   0.028 0.063 0.001 0.022 0.013 0.027 0.179 0.666 
 265 Q _   0.028 0.068 0.001 0.028 0.014 0.027 0.185 0.648 
 266 K _   0.027 0.072 0.001 0.034 0.015 0.026 0.192 0.632 
 267 H _   0.026 0.074 0.001 0.038 0.015 0.024 0.201 0.620 
 268 I _   0.024 0.074 0.001 0.040 0.014 0.022 0.212 0.612 
 269 W _   0.022 0.070 0.001 0.039 0.013 0.020 0.223 0.612 
 270 Y _   0.019 0.064 0.001 0.035 0.010 0.017 0.237 0.617 
 271 I _   0.016 0.054 0.001 0.029 0.008 0.015 0.251 0.627 
 272 G _   0.014 0.041 0.001 0.021 0.006 0.012 0.265 0.640 
 273 G _   0.012 0.029 0.001 0.015 0.004 0.009 0.278 0.653 
 274 K _   0.010 0.018 0.000 0.009 0.003 0.007 0.289 0.663 
 275 N _   0.008 0.011 0.000 0.006 0.002 0.005 0.297 0.670 
 276 E _   0.006 0.007 0.000 0.004 0.001 0.004 0.304 0.673 
 277 P _   0.005 0.006 0.000 0.002 0.001 0.004 0.308 0.675 
 278 E _   0.004 0.005 0.000 0.002 0.001 0.003 0.310 0.675 
 279 P _   0.004 0.005 0.000 0.002 0.001 0.003 0.311 0.674 
 280 E _   0.004 0.006 0.000 0.002 0.001 0.004 0.311 0.672 
 281 Q _   0.004 0.009 0.000 0.004 0.001 0.005 0.309 0.668 
 282 P _   0.004 0.017 0.000 0.006 0.002 0.007 0.305 0.658 
 283 I _   0.005 0.033 0.000 0.011 0.003 0.009 0.300 0.639 
 284 P _   0.005 0.061 0.001 0.017 0.005 0.012 0.292 0.607 
 285 R _   0.006 0.102 0.001 0.025 0.007 0.013 0.282 0.564 
 286 K _   0.005 0.149 0.001 0.033 0.008 0.014 0.273 0.516 
 287 V _   0.005 0.190 0.001 0.040 0.009 0.014 0.265 0.477 
 288 Q _   0.004 0.219 0.001 0.044 0.009 0.014 0.259 0.451 
 289 I _   0.004 0.237 0.001 0.045 0.009 0.013 0.255 0.436 
 290 R _   0.004 0.247 0.001 0.045 0.008 0.012 0.254 0.430 
 291 S _   0.004 0.251 0.001 0.043 0.008 0.011 0.253 0.430 
 292 L _   0.004 0.250 0.001 0.038 0.007 0.010 0.254 0.436 
 293 P _   0.004 0.246 0.001 0.032 0.006 0.009 0.256 0.446 
 294 S _   0.004 0.237 0.001 0.026 0.005 0.008 0.259 0.460 
 295 L _   0.004 0.226 0.001 0.020 0.004 0.008 0.262 0.475 
 296 E _   0.004 0.214 0.001 0.015 0.004 0.007 0.266 0.490 
 297 D _   0.004 0.204 0.000 0.011 0.003 0.007 0.269 0.502 
 298 I _   0.004 0.196 0.000 0.009 0.002 0.007 0.273 0.510 
 299 D _   0.004 0.191 0.000 0.007 0.002 0.007 0.275 0.514 
 300 P _   0.004 0.190 0.000 0.007 0.002 0.007 0.277 0.513 
 301 D _   0.004 0.192 0.000 0.007 0.002 0.008 0.278 0.509 
 302 V _   0.004 0.197 0.000 0.009 0.003 0.009 0.279 0.499 
 303 L _   0.005 0.206 0.000 0.012 0.004 0.010 0.279 0.484 
 304 D _   0.005 0.217 0.001 0.016 0.005 0.011 0.279 0.466 
 305 S _   0.005 0.229 0.001 0.021 0.006 0.012 0.280 0.447 
 306 M _   0.005 0.239 0.001 0.025 0.007 0.013 0.281 0.429 
 307 H _   0.005 0.246 0.001 0.029 0.008 0.013 0.283 0.416 
 308 S _   0.005 0.249 0.001 0.031 0.008 0.013 0.286 0.407 
 309 L _   0.005 0.248 0.001 0.032 0.008 0.013 0.290 0.403 
 310 G _   0.005 0.244 0.001 0.031 0.008 0.012 0.295 0.403 
 311 C _   0.005 0.236 0.001 0.029 0.008 0.012 0.302 0.407 
 312 F _   0.005 0.223 0.001 0.027 0.007 0.011 0.311 0.415 
 313 R _   0.006 0.205 0.001 0.025 0.007 0.011 0.322 0.424 
 314 D _   0.006 0.185 0.001 0.023 0.007 0.011 0.334 0.434 
 315 R _   0.006 0.164 0.001 0.021 0.006 0.011 0.348 0.444 
 316 N _   0.006 0.142 0.001 0.019 0.006 0.010 0.364 0.452 
 317 K _   0.006 0.122 0.001 0.018 0.005 0.010 0.379 0.458 
 318 L _   0.006 0.104 0.001 0.016 0.005 0.009 0.395 0.463 
 319 L _   0.006 0.087 0.001 0.014 0.004 0.009 0.411 0.468 
 320 Q _   0.006 0.072 0.001 0.012 0.004 0.008 0.427 0.471 
 321 D _   0.005 0.059 0.000 0.010 0.003 0.007 0.441 0.474 
 322 L _   0.005 0.048 0.000 0.008 0.003 0.007 0.453 0.477 
 323 L _   0.004 0.040 0.000 0.006 0.002 0.007 0.463 0.478 
 324 S _   0.004 0.035 0.000 0.004 0.002 0.007 0.471 0.477 
 325 E X   0.004 0.032 0.000 0.004 0.002 0.007 0.478 0.473 
 326 E X   0.005 0.031 0.000 0.004 0.002 0.008 0.484 0.466 
 327 E X   0.006 0.033 0.000 0.004 0.002 0.010 0.489 0.455 
 328 N X   0.007 0.037 0.000 0.007 0.004 0.013 0.494 0.438 
 329 Q X   0.009 0.047 0.001 0.012 0.006 0.016 0.498 0.411 
 330 E X   0.011 0.065 0.001 0.020 0.010 0.020 0.502 0.371 
 331 K X   0.013 0.088 0.001 0.031 0.013 0.022 0.507 0.324 
 332 M X   0.013 0.110 0.001 0.043 0.016 0.024 0.513 0.280 
 333 I X   0.013 0.124 0.001 0.053 0.017 0.024 0.521 0.246 
 334 Y X   0.012 0.131 0.001 0.059 0.017 0.024 0.532 0.224 
 335 F X   0.012 0.133 0.001 0.060 0.017 0.022 0.545 0.210 
 336 L X   0.011 0.130 0.001 0.058 0.015 0.020 0.563 0.201 
 337 L X   0.010 0.123 0.001 0.052 0.014 0.018 0.584 0.198 
 338 L X   0.009 0.110 0.001 0.044 0.012 0.016 0.610 0.199 
 339 D X   0.009 0.090 0.001 0.034 0.010 0.014 0.641 0.202 
 340 R X   0.008 0.066 0.001 0.025 0.007 0.012 0.676 0.205 
 341 K X   0.007 0.044 0.001 0.017 0.005 0.010 0.710 0.206 
 342 E X   0.006 0.027 0.001 0.011 0.004 0.008 0.740 0.204 
 343 R X   0.005 0.016 0.000 0.007 0.002 0.006 0.764 0.199 
 344 Y X   0.004 0.009 0.000 0.005 0.002 0.004 0.782 0.193 
 345 P X   0.004 0.005 0.000 0.004 0.001 0.004 0.796 0.187 
 346 S X   0.003 0.003 0.000 0.003 0.001 0.003 0.807 0.181 
 347 Q X   0.003 0.002 0.000 0.002 0.001 0.002 0.814 0.175 
 348 E X   0.002 0.001 0.000 0.002 0.001 0.002 0.820 0.171 
 349 D X   0.002 0.001 0.000 0.002 0.001 0.002 0.825 0.168 
 350 E X   0.002 0.001 0.000 0.002 0.000 0.002 0.828 0.166 
 351 D X   0.002 0.001 0.000 0.002 0.000 0.002 0.829 0.165 
 352 L X   0.002 0.001 0.000 0.002 0.000 0.002 0.830 0.164 
 353 P X   0.001 0.000 0.000 0.002 0.000 0.002 0.830 0.164 
 354 P X   0.001 0.000 0.000 0.002 0.000 0.002 0.830 0.165 
 355 R X   0.001 0.000 0.000 0.002 0.000 0.002 0.828 0.167 
 356 N X   0.001 0.000 0.000 0.002 0.000 0.002 0.825 0.169 
 357 E X   0.001 0.001 0.000 0.002 0.000 0.002 0.822 0.173 
 358 I X   0.001 0.001 0.000 0.002 0.001 0.002 0.817 0.177 
 359 D X   0.001 0.001 0.000 0.002 0.001 0.002 0.811 0.182 
 360 P X   0.001 0.001 0.000 0.003 0.001 0.002 0.804 0.188 
 361 P X   0.001 0.002 0.000 0.003 0.001 0.003 0.795 0.194 
 362 R X   0.002 0.003 0.000 0.004 0.001 0.003 0.785 0.201 
 363 K X   0.002 0.004 0.000 0.006 0.001 0.004 0.774 0.208 
 364 R X   0.002 0.006 0.000 0.008 0.002 0.004 0.762 0.216 
 365 V X   0.002 0.008 0.000 0.010 0.002 0.005 0.750 0.223 
 366 D X   0.002 0.011 0.000 0.011 0.002 0.005 0.737 0.231 
 367 S X   0.002 0.012 0.000 0.013 0.003 0.006 0.726 0.239 
 368 P X   0.002 0.014 0.000 0.013 0.003 0.006 0.714 0.248 
 369 M X   0.002 0.015 0.000 0.013 0.002 0.006 0.704 0.257 
 370 L X   0.002 0.016 0.000 0.012 0.002 0.005 0.694 0.268 
 371 N X   0.002 0.016 0.000 0.010 0.002 0.005 0.685 0.279 
 372 R X   0.002 0.016 0.000 0.009 0.002 0.005 0.676 0.290 
 373 H X   0.002 0.016 0.000 0.007 0.002 0.005 0.665 0.303 
 374 G X   0.002 0.017 0.000 0.006 0.001 0.004 0.654 0.315 
 375 K X   0.002 0.017 0.000 0.005 0.001 0.005 0.642 0.327 
 376 R X   0.002 0.019 0.000 0.005 0.002 0.005 0.627 0.339 
 377 R X   0.003 0.023 0.000 0.006 0.002 0.007 0.610 0.350 
 378 P X   0.003 0.031 0.000 0.009 0.003 0.008 0.588 0.357 
 379 E X   0.004 0.046 0.001 0.014 0.005 0.011 0.561 0.359 
 380 R X   0.005 0.073 0.001 0.022 0.008 0.014 0.526 0.351 
 381 K X   0.005 0.112 0.001 0.032 0.010 0.015 0.488 0.335 
 382 S X   0.005 0.154 0.002 0.042 0.012 0.016 0.452 0.317 
 383 M X   0.005 0.190 0.001 0.050 0.013 0.016 0.424 0.301 
 384 E X   0.005 0.213 0.001 0.055 0.012 0.016 0.403 0.295 
 385 V X   0.005 0.226 0.001 0.055 0.012 0.015 0.389 0.298 
 386 L X   0.005 0.231 0.001 0.052 0.011 0.014 0.378 0.308 
 387 S X   0.005 0.231 0.001 0.045 0.009 0.013 0.371 0.325 
 388 V X   0.005 0.225 0.001 0.036 0.008 0.012 0.364 0.349 
 389 T _   0.005 0.215 0.001 0.027 0.006 0.010 0.359 0.377 
 390 D _   0.005 0.203 0.001 0.018 0.004 0.009 0.355 0.405 
 391 G _   0.005 0.191 0.000 0.012 0.003 0.009 0.351 0.429 
 392 G _   0.005 0.183 0.000 0.008 0.003 0.009 0.347 0.446 
 393 S _   0.005 0.180 0.000 0.006 0.002 0.009 0.342 0.455 
 394 P _   0.005 0.181 0.000 0.006 0.003 0.010 0.337 0.458 
 395 V _   0.006 0.189 0.000 0.008 0.004 0.011 0.329 0.453 
 396 P _   0.007 0.207 0.001 0.012 0.006 0.013 0.319 0.436 
 397 A _   0.008 0.239 0.001 0.017 0.008 0.015 0.306 0.406 
 398 R _   0.007 0.284 0.001 0.024 0.010 0.015 0.292 0.366 
 399 R E   0.007 0.330 0.001 0.029 0.011 0.015 0.280 0.328 
 400 A E   0.006 0.364 0.001 0.032 0.010 0.014 0.270 0.302 
 401 I E   0.005 0.385 0.001 0.033 0.010 0.013 0.264 0.289 
 402 E E   0.005 0.395 0.001 0.032 0.009 0.012 0.260 0.286 
 403 M E   0.005 0.399 0.001 0.030 0.008 0.011 0.257 0.290 
 404 A E   0.004 0.398 0.001 0.026 0.007 0.010 0.256 0.298 
 405 Q E   0.004 0.392 0.001 0.021 0.006 0.009 0.255 0.312 
 406 H E   0.004 0.383 0.001 0.017 0.005 0.008 0.255 0.327 
 407 G E   0.004 0.373 0.001 0.013 0.004 0.008 0.256 0.342 
 408 Q E   0.004 0.363 0.000 0.011 0.003 0.008 0.256 0.355 
 409 R _   0.004 0.356 0.000 0.009 0.003 0.008 0.257 0.363 
 410 S _   0.004 0.352 0.000 0.009 0.003 0.008 0.257 0.367 
 411 R _   0.004 0.350 0.000 0.010 0.003 0.008 0.257 0.368 
 412 S _   0.004 0.351 0.000 0.011 0.003 0.008 0.257 0.365 
 413 I _   0.004 0.352 0.000 0.014 0.004 0.008 0.257 0.361 
 414 S _   0.004 0.354 0.000 0.016 0.004 0.008 0.257 0.356 
 415 G E   0.004 0.354 0.001 0.019 0.005 0.009 0.258 0.351 
 416 A E   0.004 0.352 0.001 0.021 0.005 0.009 0.260 0.349 
 417 S _   0.004 0.346 0.001 0.022 0.005 0.009 0.262 0.351 
 418 S _   0.004 0.336 0.001 0.022 0.006 0.009 0.265 0.358 
 419 G _   0.005 0.321 0.001 0.021 0.006 0.009 0.270 0.368 
 420 L _   0.005 0.300 0.001 0.021 0.006 0.009 0.276 0.383 
 421 S _   0.005 0.275 0.001 0.020 0.006 0.009 0.284 0.400 
 422 T _   0.006 0.248 0.001 0.019 0.006 0.010 0.293 0.419 
 423 S _   0.006 0.221 0.001 0.018 0.006 0.010 0.303 0.435 
 424 P _   0.006 0.198 0.001 0.017 0.005 0.010 0.314 0.449 
 425 L _   0.007 0.177 0.001 0.017 0.005 0.010 0.325 0.458 
 426 S _   0.007 0.157 0.001 0.018 0.005 0.010 0.336 0.466 
 427 S _   0.007 0.139 0.001 0.018 0.005 0.010 0.348 0.472 
 428 P _   0.007 0.122 0.001 0.018 0.005 0.010 0.360 0.478 
 429 R _   0.007 0.104 0.001 0.017 0.004 0.009 0.372 0.486 
 430 V _   0.006 0.086 0.001 0.016 0.004 0.009 0.384 0.495 
 431 T _   0.006 0.067 0.001 0.014 0.004 0.008 0.396 0.505 
 432 P _   0.006 0.051 0.000 0.012 0.003 0.007 0.407 0.515 
 433 H _   0.005 0.037 0.000 0.009 0.003 0.006 0.416 0.523 
 434 P _   0.005 0.026 0.000 0.007 0.002 0.006 0.424 0.530 
 435 S _   0.004 0.018 0.000 0.005 0.002 0.005 0.431 0.535 
 436 P _   0.004 0.014 0.000 0.004 0.001 0.004 0.435 0.537 
 437 R _   0.003 0.011 0.000 0.004 0.001 0.004 0.438 0.537 
 438 G _   0.003 0.010 0.000 0.004 0.001 0.004 0.441 0.537 
 439 S _   0.003 0.009 0.000 0.004 0.001 0.004 0.442 0.536 
 440 P _   0.003 0.009 0.000 0.005 0.001 0.004 0.443 0.535 
 441 L _   0.003 0.009 0.000 0.005 0.001 0.005 0.442 0.534 
 442 P _   0.003 0.010 0.000 0.007 0.002 0.005 0.442 0.532 
 443 T _   0.003 0.011 0.000 0.008 0.002 0.005 0.441 0.530 
 444 P _   0.003 0.012 0.000 0.009 0.002 0.006 0.440 0.528 
 445 K _   0.003 0.013 0.000 0.011 0.002 0.006 0.438 0.526 
 446 G _   0.003 0.014 0.000 0.012 0.003 0.006 0.437 0.525 
 447 T _   0.003 0.015 0.000 0.013 0.003 0.007 0.436 0.523 
 448 P _   0.004 0.016 0.000 0.014 0.003 0.007 0.435 0.521 
 449 V _   0.004 0.016 0.000 0.014 0.003 0.007 0.435 0.521 
 450 H _   0.004 0.016 0.000 0.014 0.003 0.007 0.435 0.521 
 451 T _   0.004 0.016 0.000 0.014 0.003 0.007 0.435 0.522 
 452 P _   0.004 0.015 0.000 0.013 0.003 0.006 0.435 0.523 
 453 K _   0.004 0.014 0.000 0.013 0.003 0.006 0.436 0.524 
 454 E _   0.004 0.013 0.000 0.012 0.002 0.006 0.436 0.527 
 455 S _   0.004 0.012 0.000 0.010 0.002 0.006 0.437 0.529 
 456 P _   0.004 0.011 0.000 0.009 0.002 0.005 0.437 0.531 
 457 A _   0.004 0.010 0.000 0.008 0.002 0.005 0.437 0.534 
 458 G _   0.004 0.009 0.000 0.007 0.002 0.005 0.436 0.538 
 459 T _   0.003 0.008 0.000 0.006 0.001 0.004 0.435 0.542 
 460 P _   0.003 0.007 0.000 0.005 0.001 0.004 0.433 0.546 
 461 N _   0.003 0.007 0.000 0.004 0.001 0.004 0.430 0.551 
 462 P _   0.003 0.007 0.000 0.004 0.001 0.004 0.426 0.556 
 463 T _   0.003 0.007 0.000 0.003 0.001 0.004 0.420 0.561 
 464 P _   0.003 0.009 0.000 0.004 0.001 0.005 0.413 0.565 
 465 P _   0.003 0.012 0.000 0.005 0.002 0.006 0.403 0.569 
 466 S _   0.004 0.019 0.000 0.007 0.002 0.008 0.391 0.569 
 467 S _   0.005 0.033 0.001 0.011 0.004 0.011 0.374 0.562 
 468 P _   0.006 0.061 0.001 0.017 0.007 0.015 0.352 0.542 
 469 S _   0.007 0.112 0.001 0.026 0.011 0.019 0.322 0.502 
 470 V _   0.008 0.189 0.002 0.036 0.015 0.022 0.286 0.442 
 471 G _   0.008 0.277 0.002 0.045 0.017 0.023 0.252 0.376 
 472 G E   0.007 0.358 0.002 0.049 0.018 0.022 0.225 0.319 
 473 V E   0.006 0.419 0.002 0.052 0.017 0.021 0.205 0.278 
 474 P E   0.006 0.457 0.001 0.052 0.016 0.020 0.192 0.256 
 475 W E   0.006 0.478 0.001 0.050 0.015 0.019 0.183 0.248 
 476 R E   0.006 0.488 0.001 0.047 0.014 0.019 0.178 0.249 
 477 A E   0.006 0.490 0.001 0.043 0.013 0.018 0.174 0.256 
 478 R E   0.006 0.487 0.001 0.038 0.012 0.017 0.171 0.269 
 479 L E   0.006 0.479 0.001 0.032 0.011 0.016 0.169 0.286 
 480 N E   0.007 0.467 0.001 0.028 0.010 0.015 0.167 0.306 
 481 S E   0.007 0.451 0.001 0.024 0.009 0.015 0.167 0.327 
 482 I E   0.007 0.434 0.001 0.021 0.008 0.015 0.166 0.347 
 483 K E   0.008 0.416 0.001 0.020 0.008 0.014 0.166 0.367 
 484 N E   0.008 0.398 0.001 0.019 0.007 0.014 0.167 0.386 
 485 S _   0.009 0.379 0.001 0.019 0.007 0.014 0.167 0.405 
 486 F _   0.009 0.359 0.001 0.020 0.007 0.013 0.168 0.424 
 487 L _   0.009 0.337 0.001 0.020 0.007 0.013 0.169 0.444 
 488 G _   0.009 0.312 0.001 0.020 0.007 0.013 0.170 0.468 
 489 S _   0.009 0.284 0.001 0.019 0.007 0.013 0.172 0.495 
 490 P _   0.009 0.254 0.001 0.019 0.007 0.013 0.174 0.524 
 491 R _   0.009 0.224 0.001 0.017 0.006 0.012 0.176 0.554 
 492 F _   0.009 0.195 0.001 0.016 0.006 0.012 0.178 0.583 
 493 H _   0.009 0.169 0.001 0.015 0.005 0.011 0.180 0.610 
 494 R _   0.008 0.146 0.001 0.014 0.005 0.011 0.183 0.633 
 495 R _   0.008 0.128 0.001 0.013 0.004 0.010 0.184 0.651 
 496 K _   0.007 0.113 0.001 0.012 0.004 0.010 0.186 0.667 
 497 L _   0.007 0.101 0.001 0.012 0.004 0.010 0.187 0.679 
 498 Q _   0.007 0.091 0.000 0.012 0.004 0.009 0.189 0.688 
 499 V _   0.006 0.082 0.000 0.012 0.004 0.009 0.189 0.696 
 500 P _   0.006 0.074 0.000 0.013 0.004 0.009 0.190 0.704 
 501 T _   0.006 0.067 0.000 0.013 0.003 0.008 0.191 0.711 
 502 P _   0.006 0.060 0.000 0.013 0.003 0.008 0.192 0.717 
 503 E _   0.006 0.054 0.000 0.013 0.003 0.008 0.192 0.724 
 504 E _   0.006 0.047 0.000 0.012 0.003 0.008 0.193 0.731 
 505 M _   0.006 0.040 0.000 0.011 0.003 0.007 0.194 0.739 
 506 S _   0.005 0.034 0.000 0.010 0.003 0.007 0.194 0.747 
 507 N _   0.005 0.028 0.000 0.009 0.002 0.006 0.194 0.755 
 508 L _   0.005 0.023 0.000 0.008 0.002 0.006 0.193 0.763 
 509 T _   0.004 0.020 0.000 0.006 0.002 0.006 0.192 0.769 
 510 P _   0.004 0.017 0.000 0.006 0.002 0.005 0.191 0.774 
 511 E _   0.004 0.016 0.000 0.005 0.002 0.006 0.189 0.779 
 512 S _   0.004 0.015 0.000 0.005 0.002 0.006 0.186 0.782 
 513 S _   0.004 0.015 0.000 0.005 0.002 0.007 0.183 0.784 
 514 P _   0.004 0.016 0.000 0.006 0.002 0.008 0.179 0.784 
 515 E _   0.005 0.019 0.000 0.008 0.003 0.009 0.175 0.782 
 516 L _   0.005 0.022 0.000 0.010 0.004 0.011 0.169 0.778 
 517 A _   0.006 0.027 0.001 0.013 0.005 0.012 0.164 0.772 
 518 K _   0.007 0.033 0.001 0.017 0.006 0.014 0.159 0.763 
 519 K _   0.008 0.038 0.001 0.021 0.007 0.016 0.154 0.755 
 520 S _   0.008 0.043 0.001 0.024 0.009 0.018 0.149 0.748 
 521 W _   0.009 0.047 0.001 0.027 0.010 0.019 0.145 0.743 
 522 F _   0.010 0.049 0.001 0.028 0.010 0.020 0.141 0.741 
 523 G _   0.011 0.050 0.001 0.028 0.011 0.021 0.138 0.741 
 524 N _   0.013 0.049 0.001 0.026 0.011 0.021 0.136 0.744 
 525 F _   0.014 0.047 0.001 0.024 0.011 0.021 0.134 0.749 
 526 I _   0.015 0.044 0.001 0.021 0.010 0.021 0.132 0.756 
 527 S _   0.016 0.041 0.001 0.018 0.010 0.021 0.130 0.762 
 528 L _   0.017 0.037 0.001 0.016 0.010 0.022 0.129 0.768 
 529 E _   0.019 0.034 0.001 0.015 0.009 0.022 0.128 0.772 
 530 K _   0.020 0.032 0.001 0.014 0.009 0.022 0.127 0.775 
 531 E _   0.020 0.030 0.001 0.015 0.010 0.022 0.127 0.776 
 532 E _   0.021 0.028 0.001 0.016 0.010 0.021 0.126 0.777 
 533 Q _   0.021 0.026 0.001 0.017 0.010 0.021 0.126 0.778 
 534 I _   0.021 0.025 0.001 0.018 0.010 0.020 0.126 0.780 
 535 F _   0.020 0.022 0.001 0.018 0.009 0.019 0.126 0.785 
 536 V _   0.018 0.019 0.001 0.017 0.008 0.018 0.126 0.793 
 537 V _   0.017 0.015 0.001 0.015 0.007 0.016 0.126 0.803 
 538 I _   0.015 0.011 0.001 0.012 0.006 0.015 0.126 0.815 
 539 K _   0.014 0.007 0.001 0.009 0.005 0.014 0.126 0.826 
 540 D _   0.013 0.004 0.000 0.006 0.003 0.013 0.125 0.835 
 541 K _   0.013 0.002 0.000 0.004 0.003 0.013 0.124 0.841 
 542 P _   0.014 0.001 0.000 0.003 0.003 0.014 0.123 0.842 
 543 L _   0.017 0.001 0.000 0.002 0.003 0.016 0.122 0.839 
 544 S _   0.023 0.001 0.000 0.002 0.004 0.020 0.120 0.830 
 545 S _   0.032 0.001 0.001 0.003 0.006 0.026 0.118 0.814 
 546 I _   0.045 0.003 0.001 0.005 0.010 0.034 0.115 0.788 
 547 K _   0.059 0.008 0.001 0.009 0.017 0.043 0.112 0.751 
 548 A _   0.074 0.017 0.002 0.015 0.026 0.052 0.108 0.706 
 549 D _   0.087 0.030 0.002 0.023 0.036 0.059 0.105 0.658 
 550 I _   0.097 0.043 0.002 0.031 0.044 0.064 0.102 0.615 
 551 V _   0.105 0.053 0.003 0.038 0.049 0.067 0.100 0.586 
 552 H _   0.108 0.058 0.003 0.042 0.052 0.067 0.099 0.571 
 553 A _   0.109 0.060 0.003 0.042 0.051 0.065 0.099 0.572 
 554 F _   0.107 0.059 0.002 0.039 0.047 0.062 0.099 0.585 
 555 L _   0.102 0.054 0.002 0.033 0.042 0.057 0.100 0.609 
 556 S _   0.095 0.047 0.002 0.026 0.035 0.052 0.102 0.642 
 557 I _   0.085 0.038 0.002 0.020 0.027 0.046 0.103 0.678 
 558 P _   0.074 0.030 0.001 0.015 0.021 0.041 0.106 0.712 
 559 S _   0.064 0.024 0.001 0.012 0.016 0.037 0.108 0.738 
 560 L _   0.055 0.020 0.001 0.010 0.012 0.033 0.110 0.759 
 561 S _   0.047 0.018 0.001 0.010 0.010 0.029 0.112 0.773 
 562 H _   0.040 0.016 0.001 0.010 0.009 0.026 0.113 0.784 
 563 S _   0.034 0.016 0.001 0.011 0.008 0.024 0.115 0.790 
 564 V _   0.029 0.016 0.001 0.013 0.008 0.022 0.116 0.796 
 565 I _   0.025 0.016 0.001 0.014 0.008 0.019 0.118 0.800 
 566 S _   0.021 0.015 0.001 0.015 0.007 0.018 0.119 0.803 
 567 Q _   0.018 0.015 0.001 0.015 0.007 0.016 0.121 0.808 
 568 T _   0.015 0.014 0.001 0.014 0.006 0.014 0.123 0.814 
 569 S _   0.013 0.013 0.001 0.012 0.005 0.012 0.124 0.820 
 570 F _   0.011 0.011 0.001 0.011 0.004 0.011 0.125 0.826 
 571 R _   0.009 0.010 0.000 0.009 0.004 0.009 0.127 0.831 
 572 A _   0.008 0.009 0.000 0.008 0.003 0.008 0.128 0.835 
 573 E _   0.007 0.009 0.000 0.007 0.003 0.008 0.128 0.838 
 574 Y _   0.007 0.009 0.000 0.006 0.003 0.007 0.129 0.839 
 575 K _   0.006 0.010 0.000 0.006 0.003 0.007 0.129 0.838 
 576 A _   0.006 0.011 0.000 0.007 0.003 0.008 0.130 0.837 
 577 T _   0.006 0.012 0.000 0.007 0.003 0.008 0.129 0.833 
 578 G _   0.006 0.015 0.000 0.009 0.003 0.009 0.129 0.828 
 579 G _   0.007 0.019 0.000 0.010 0.004 0.010 0.129 0.821 
 580 P _   0.007 0.023 0.001 0.012 0.005 0.011 0.128 0.814 
 581 A _   0.008 0.027 0.001 0.014 0.005 0.012 0.128 0.805 
 582 V _   0.008 0.032 0.001 0.016 0.006 0.013 0.128 0.797 
 583 F _   0.009 0.036 0.001 0.018 0.007 0.014 0.128 0.789 
 584 Q _   0.009 0.039 0.001 0.019 0.007 0.015 0.128 0.781 
 585 K _   0.010 0.043 0.001 0.021 0.008 0.016 0.129 0.774 
 586 P _   0.010 0.045 0.001 0.022 0.009 0.016 0.130 0.767 
 587 V _   0.011 0.047 0.001 0.024 0.009 0.016 0.131 0.762 
 588 K _   0.011 0.048 0.001 0.025 0.009 0.016 0.132 0.757 
 589 F _   0.011 0.049 0.001 0.025 0.009 0.016 0.134 0.754 
 590 Q _   0.012 0.048 0.001 0.025 0.009 0.016 0.137 0.753 
 591 V _   0.012 0.046 0.001 0.025 0.009 0.015 0.140 0.753 
 592 D _   0.011 0.043 0.001 0.024 0.008 0.014 0.143 0.756 
 593 I _   0.011 0.039 0.001 0.022 0.007 0.013 0.147 0.761 
 594 T _   0.010 0.033 0.001 0.019 0.006 0.012 0.150 0.769 
 595 Y _   0.009 0.027 0.001 0.015 0.005 0.010 0.154 0.778 
 596 T _   0.008 0.020 0.001 0.012 0.004 0.009 0.158 0.788 
 597 E _   0.007 0.015 0.000 0.009 0.003 0.008 0.161 0.797 
 598 G _   0.006 0.010 0.000 0.006 0.002 0.007 0.163 0.804 
 599 G _   0.006 0.008 0.000 0.004 0.002 0.007 0.164 0.809 
 600 E _   0.006 0.006 0.000 0.003 0.002 0.007 0.165 0.811 
 601 A _   0.006 0.006 0.000 0.003 0.002 0.008 0.165 0.810 
 602 Q _   0.008 0.007 0.000 0.003 0.002 0.011 0.165 0.805 
 603 K _   0.010 0.010 0.000 0.004 0.003 0.015 0.164 0.794 
 604 E _   0.014 0.018 0.001 0.008 0.006 0.020 0.162 0.772 
 605 N _   0.019 0.037 0.001 0.014 0.012 0.027 0.159 0.731 
 606 G _   0.024 0.075 0.002 0.024 0.019 0.034 0.155 0.667 
 607 I _   0.026 0.126 0.002 0.038 0.027 0.040 0.151 0.590 
 608 Y _   0.028 0.174 0.002 0.053 0.032 0.043 0.148 0.520 
 609 S _   0.028 0.206 0.002 0.067 0.035 0.044 0.146 0.473 
 610 V _   0.027 0.223 0.002 0.076 0.035 0.043 0.146 0.448 
 611 T _   0.027 0.228 0.002 0.079 0.034 0.042 0.147 0.441 
 612 F _   0.026 0.226 0.002 0.075 0.032 0.039 0.150 0.450 
 613 T _   0.025 0.214 0.002 0.067 0.028 0.036 0.154 0.474 
 614 L _   0.024 0.189 0.002 0.055 0.024 0.033 0.159 0.514 
 615 L _   0.023 0.147 0.002 0.040 0.019 0.030 0.166 0.573 
 616 S _   0.023 0.096 0.002 0.025 0.015 0.028 0.173 0.639 
 617 G _   0.022 0.052 0.001 0.015 0.010 0.026 0.180 0.694 
 618 P _   0.021 0.027 0.001 0.008 0.007 0.025 0.185 0.727 
 619 S _   0.021 0.017 0.001 0.004 0.005 0.025 0.188 0.739 
 620 R _   0.022 0.014 0.000 0.003 0.004 0.026 0.191 0.739 
 621 R _   0.026 0.013 0.000 0.003 0.005 0.028 0.193 0.730 
 622 F _   0.031 0.016 0.001 0.005 0.008 0.032 0.195 0.712 
 623 K _   0.037 0.025 0.001 0.010 0.013 0.037 0.197 0.680 
 624 R _   0.042 0.045 0.002 0.018 0.020 0.042 0.198 0.633 
 625 V _   0.046 0.075 0.002 0.029 0.027 0.045 0.200 0.577 
 626 V _   0.047 0.106 0.002 0.042 0.032 0.046 0.202 0.522 
 627 E _   0.046 0.130 0.002 0.054 0.034 0.045 0.206 0.482 
 628 T _   0.044 0.143 0.002 0.063 0.034 0.043 0.212 0.459 
 629 I _   0.042 0.149 0.002 0.066 0.033 0.040 0.219 0.450 
 630 Q _   0.038 0.148 0.002 0.065 0.029 0.036 0.229 0.454 
 631 A _   0.033 0.141 0.002 0.058 0.025 0.031 0.240 0.469 
 632 Q _   0.029 0.126 0.002 0.048 0.020 0.026 0.254 0.495 
 633 L _   0.024 0.103 0.002 0.036 0.015 0.022 0.270 0.529 
 634 L _   0.020 0.074 0.001 0.025 0.010 0.018 0.286 0.567 
 635 S _   0.016 0.048 0.001 0.016 0.007 0.014 0.300 0.598 
 636 T _   0.012 0.030 0.001 0.010 0.004 0.011 0.312 0.621 
 637 H _   0.009 0.019 0.000 0.006 0.003 0.009 0.321 0.633 
 638 D _   0.007 0.014 0.000 0.004 0.002 0.007 0.328 0.637 
 639 P _   0.006 0.011 0.000 0.003 0.002 0.006 0.334 0.638 
 640 P _   0.005 0.010 0.000 0.003 0.001 0.006 0.337 0.637 
 641 A _   0.005 0.011 0.000 0.003 0.001 0.006 0.340 0.633 
 642 A _   0.005 0.012 0.000 0.004 0.002 0.007 0.342 0.629 
 643 Q _   0.005 0.014 0.000 0.005 0.002 0.008 0.343 0.622 
 644 H _   0.006 0.020 0.000 0.006 0.003 0.010 0.344 0.611 
 645 L _   0.007 0.028 0.000 0.009 0.004 0.013 0.343 0.596 
 646 S _   0.008 0.043 0.001 0.012 0.006 0.016 0.342 0.571 
 647 D _   0.010 0.067 0.001 0.017 0.009 0.019 0.340 0.536 
 648 T _   0.012 0.099 0.001 0.024 0.013 0.023 0.338 0.490 
 649 T _   0.013 0.137 0.002 0.033 0.017 0.025 0.336 0.438 
 650 N _   0.014 0.173 0.002 0.042 0.020 0.027 0.335 0.389 
 651 C _   0.014 0.200 0.002 0.050 0.022 0.028 0.335 0.349 
 652 M X   0.014 0.218 0.002 0.057 0.023 0.027 0.337 0.322 
 653 E X   0.014 0.226 0.001 0.061 0.023 0.027 0.341 0.307 
 654 M X   0.013 0.228 0.001 0.062 0.021 0.025 0.348 0.302 
 655 M X   0.013 0.224 0.001 0.058 0.020 0.023 0.356 0.305 
 656 T X   0.012 0.212 0.002 0.051 0.018 0.021 0.367 0.317 
 657 G X   0.011 0.192 0.002 0.043 0.015 0.019 0.381 0.337 
 658 R X   0.011 0.161 0.002 0.033 0.012 0.017 0.398 0.366 
 659 L X   0.010 0.126 0.001 0.023 0.010 0.016 0.417 0.397 
 660 S X   0.009 0.094 0.001 0.015 0.007 0.014 0.435 0.425 
 661 K X   0.008 0.072 0.001 0.009 0.005 0.013 0.450 0.442 
 662 C X   0.007 0.061 0.000 0.006 0.003 0.012 0.461 0.450 
 663 G X   0.007 0.056 0.000 0.005 0.003 0.012 0.469 0.449 
