#TopoPred_TM8: 8-state transmembrane topology prediction results by no_profile mode 
#probabilities are in the order of H E C I L F X _, the 8 transmembrane topology types used in PDBTM 
   1 M X   0.015 0.000 0.002 0.024 0.008 0.009 0.539 0.402 
   2 R X   0.004 0.000 0.000 0.009 0.001 0.005 0.548 0.433 
   3 A X   0.003 0.000 0.000 0.004 0.000 0.004 0.547 0.442 
   4 N X   0.009 0.000 0.000 0.003 0.001 0.007 0.538 0.442 
   5 D X   0.039 0.000 0.001 0.003 0.004 0.016 0.516 0.421 
   6 A X   0.112 0.000 0.001 0.003 0.011 0.031 0.476 0.367 
   7 L X   0.196 0.000 0.001 0.004 0.020 0.045 0.433 0.300 
   8 Q X   0.268 0.001 0.002 0.007 0.032 0.054 0.393 0.242 
   9 V X   0.319 0.004 0.002 0.011 0.043 0.059 0.361 0.202 
  10 L H   0.347 0.007 0.003 0.015 0.052 0.060 0.336 0.179 
  11 G H   0.363 0.009 0.003 0.019 0.057 0.059 0.318 0.172 
  12 L H   0.368 0.011 0.003 0.021 0.059 0.055 0.305 0.179 
  13 L H   0.362 0.011 0.003 0.020 0.057 0.051 0.295 0.202 
  14 F H   0.346 0.010 0.003 0.018 0.052 0.046 0.287 0.240 
  15 S H   0.316 0.008 0.003 0.015 0.043 0.040 0.280 0.295 
  16 L _   0.274 0.005 0.002 0.012 0.033 0.034 0.275 0.365 
  17 A _   0.225 0.003 0.002 0.009 0.022 0.027 0.271 0.441 
  18 R _   0.175 0.001 0.001 0.006 0.014 0.022 0.267 0.514 
  19 G _   0.128 0.001 0.001 0.004 0.008 0.017 0.263 0.578 
  20 S _   0.091 0.000 0.001 0.003 0.005 0.013 0.259 0.629 
  21 E _   0.061 0.000 0.000 0.002 0.003 0.011 0.254 0.667 
  22 V _   0.041 0.000 0.000 0.002 0.003 0.010 0.249 0.694 
  23 G _   0.029 0.000 0.000 0.003 0.003 0.010 0.244 0.711 
  24 N _   0.022 0.001 0.000 0.003 0.003 0.010 0.238 0.722 
  25 S _   0.018 0.002 0.000 0.005 0.003 0.011 0.232 0.728 
  26 Q _   0.016 0.004 0.001 0.007 0.004 0.013 0.225 0.730 
  27 A _   0.015 0.008 0.001 0.011 0.006 0.014 0.217 0.727 
  28 V _   0.014 0.014 0.001 0.016 0.008 0.016 0.209 0.723 
  29 C _   0.014 0.020 0.001 0.021 0.009 0.017 0.201 0.718 
  30 P _   0.013 0.026 0.001 0.026 0.010 0.018 0.193 0.713 
  31 G _   0.013 0.031 0.001 0.030 0.011 0.018 0.186 0.711 
  32 T _   0.013 0.034 0.001 0.032 0.011 0.018 0.180 0.712 
  33 L _   0.012 0.035 0.001 0.033 0.011 0.017 0.175 0.716 
  34 N _   0.012 0.035 0.001 0.031 0.010 0.016 0.171 0.724 
  35 G _   0.011 0.033 0.001 0.028 0.009 0.015 0.167 0.735 
  36 L _   0.010 0.030 0.001 0.024 0.008 0.014 0.165 0.749 
  37 S _   0.009 0.026 0.001 0.020 0.006 0.012 0.162 0.764 
  38 V _   0.008 0.021 0.001 0.016 0.005 0.011 0.160 0.778 
  39 T _   0.008 0.016 0.001 0.012 0.004 0.010 0.158 0.792 
  40 G _   0.007 0.012 0.000 0.009 0.003 0.009 0.155 0.804 
  41 D _   0.006 0.009 0.000 0.007 0.003 0.008 0.153 0.813 
  42 A _   0.006 0.006 0.000 0.006 0.002 0.008 0.150 0.820 
  43 E _   0.006 0.005 0.000 0.006 0.002 0.008 0.147 0.826 
  44 N _   0.006 0.004 0.000 0.005 0.002 0.008 0.143 0.830 
  45 Q _   0.006 0.004 0.000 0.006 0.003 0.009 0.140 0.833 
  46 Y _   0.007 0.004 0.000 0.006 0.003 0.011 0.135 0.834 
  47 Q _   0.007 0.004 0.000 0.008 0.004 0.012 0.131 0.834 
  48 T _   0.009 0.005 0.001 0.009 0.005 0.015 0.126 0.832 
  49 L _   0.010 0.005 0.001 0.011 0.006 0.018 0.120 0.829 
  50 Y _   0.012 0.006 0.001 0.013 0.007 0.021 0.115 0.826 
  51 K _   0.014 0.008 0.001 0.014 0.009 0.024 0.109 0.821 
  52 L _   0.017 0.009 0.001 0.016 0.011 0.028 0.104 0.815 
  53 Y _   0.022 0.009 0.001 0.016 0.012 0.031 0.099 0.809 
  54 E _   0.027 0.010 0.001 0.016 0.014 0.035 0.094 0.802 
  55 R _   0.034 0.011 0.001 0.016 0.016 0.039 0.090 0.794 
  56 C _   0.043 0.011 0.001 0.015 0.019 0.042 0.085 0.783 
  57 E _   0.053 0.012 0.001 0.015 0.022 0.046 0.081 0.770 
  58 V _   0.064 0.014 0.002 0.015 0.025 0.050 0.077 0.755 
  59 V _   0.075 0.015 0.002 0.017 0.029 0.053 0.073 0.737 
  60 M _   0.085 0.017 0.002 0.019 0.032 0.055 0.070 0.720 
  61 G _   0.093 0.019 0.002 0.022 0.035 0.056 0.067 0.705 
  62 N _   0.099 0.021 0.002 0.026 0.036 0.055 0.065 0.696 
  63 L _   0.102 0.022 0.002 0.028 0.035 0.053 0.063 0.694 
  64 E _   0.100 0.022 0.002 0.029 0.033 0.050 0.062 0.702 
  65 I _   0.095 0.020 0.002 0.027 0.029 0.046 0.061 0.720 
  66 V _   0.088 0.016 0.002 0.023 0.023 0.041 0.060 0.746 
  67 L _   0.080 0.012 0.001 0.018 0.017 0.036 0.060 0.776 
  68 T _   0.071 0.008 0.001 0.012 0.012 0.031 0.059 0.806 
  69 G _   0.063 0.004 0.001 0.008 0.008 0.027 0.058 0.831 
  70 H _   0.059 0.001 0.001 0.004 0.006 0.024 0.057 0.848 
  71 N _   0.058 0.001 0.000 0.003 0.004 0.022 0.055 0.856 
  72 A _   0.061 0.000 0.000 0.002 0.004 0.022 0.054 0.857 
  73 D _   0.070 0.000 0.000 0.002 0.004 0.023 0.052 0.848 
  74 L _   0.085 0.000 0.001 0.002 0.005 0.026 0.050 0.831 
  75 S _   0.106 0.000 0.001 0.002 0.007 0.030 0.048 0.806 
  76 F _   0.132 0.000 0.001 0.003 0.011 0.035 0.046 0.772 
  77 L _   0.159 0.000 0.001 0.004 0.016 0.041 0.044 0.734 
  78 Q _   0.188 0.001 0.001 0.006 0.022 0.047 0.042 0.694 
  79 W _   0.213 0.001 0.002 0.008 0.028 0.051 0.040 0.657 
  80 I _   0.235 0.002 0.002 0.009 0.033 0.055 0.038 0.627 
  81 R _   0.251 0.002 0.002 0.010 0.037 0.057 0.037 0.604 
  82 E _   0.261 0.003 0.002 0.010 0.040 0.058 0.037 0.589 
  83 V _   0.265 0.004 0.002 0.011 0.042 0.058 0.036 0.581 
  84 T _   0.264 0.005 0.002 0.012 0.043 0.057 0.036 0.581 
  85 G _   0.255 0.005 0.002 0.014 0.043 0.056 0.036 0.589 
  86 Y _   0.241 0.006 0.002 0.015 0.041 0.053 0.037 0.605 
  87 V _   0.222 0.007 0.002 0.017 0.037 0.050 0.038 0.626 
  88 L _   0.198 0.007 0.002 0.019 0.033 0.046 0.040 0.655 
  89 V _   0.171 0.007 0.002 0.020 0.028 0.041 0.041 0.689 
  90 A _   0.142 0.007 0.002 0.019 0.023 0.036 0.043 0.729 
  91 M _   0.112 0.006 0.001 0.016 0.017 0.031 0.045 0.771 
  92 N _   0.086 0.004 0.001 0.013 0.013 0.026 0.046 0.810 
  93 E _   0.064 0.003 0.001 0.010 0.009 0.022 0.048 0.844 
  94 F _   0.046 0.002 0.001 0.008 0.006 0.018 0.049 0.871 
  95 S _   0.033 0.001 0.001 0.006 0.005 0.015 0.049 0.890 
  96 T _   0.025 0.001 0.000 0.004 0.004 0.014 0.050 0.902 
  97 L _   0.020 0.001 0.000 0.004 0.003 0.013 0.050 0.909 
  98 P _   0.017 0.001 0.000 0.004 0.003 0.013 0.050 0.911 
  99 L _   0.016 0.001 0.000 0.005 0.004 0.013 0.050 0.910 
 100 P _   0.016 0.002 0.001 0.007 0.005 0.014 0.050 0.906 
 101 N _   0.016 0.003 0.001 0.009 0.006 0.016 0.050 0.900 
 102 L _   0.017 0.004 0.001 0.011 0.007 0.017 0.050 0.893 
 103 R _   0.017 0.005 0.001 0.013 0.008 0.018 0.050 0.888 
 104 V _   0.018 0.006 0.001 0.015 0.008 0.019 0.050 0.884 
 105 V _   0.018 0.007 0.001 0.014 0.008 0.020 0.050 0.882 
 106 R _   0.018 0.007 0.001 0.013 0.008 0.021 0.050 0.883 
 107 G _   0.019 0.007 0.001 0.011 0.007 0.021 0.050 0.884 
 108 T _   0.020 0.007 0.001 0.009 0.007 0.022 0.050 0.885 
 109 Q _   0.022 0.007 0.001 0.007 0.007 0.024 0.050 0.882 
 110 V _   0.024 0.008 0.001 0.007 0.008 0.027 0.050 0.876 
 111 Y _   0.028 0.010 0.001 0.008 0.010 0.030 0.049 0.864 
 112 D _   0.033 0.015 0.001 0.010 0.013 0.035 0.049 0.843 
 113 G _   0.038 0.026 0.001 0.016 0.019 0.039 0.048 0.813 
 114 K _   0.043 0.042 0.002 0.025 0.025 0.043 0.048 0.773 
 115 F _   0.045 0.062 0.002 0.037 0.030 0.045 0.047 0.731 
 116 A _   0.046 0.079 0.002 0.049 0.033 0.045 0.047 0.698 
 117 I _   0.045 0.089 0.002 0.059 0.034 0.044 0.048 0.679 
 118 F _   0.043 0.094 0.002 0.063 0.032 0.041 0.049 0.677 
 119 V _   0.038 0.093 0.002 0.062 0.028 0.037 0.050 0.690 
 120 M _   0.033 0.087 0.002 0.054 0.023 0.032 0.052 0.716 
 121 L _   0.028 0.074 0.002 0.043 0.018 0.027 0.054 0.755 
 122 N _   0.023 0.055 0.001 0.030 0.013 0.022 0.057 0.800 
 123 Y _   0.019 0.034 0.001 0.018 0.008 0.018 0.059 0.844 
 124 N _   0.015 0.017 0.001 0.010 0.005 0.015 0.060 0.877 
 125 T _   0.012 0.007 0.000 0.006 0.003 0.013 0.061 0.897 
 126 N _   0.011 0.003 0.000 0.003 0.002 0.012 0.062 0.906 
 127 S _   0.011 0.001 0.000 0.003 0.002 0.012 0.062 0.909 
 128 S _   0.012 0.001 0.000 0.003 0.002 0.013 0.062 0.906 
 129 H _   0.015 0.001 0.000 0.003 0.003 0.016 0.062 0.900 
 130 A _   0.019 0.001 0.000 0.005 0.004 0.020 0.061 0.889 
 131 L _   0.025 0.002 0.001 0.007 0.006 0.025 0.060 0.875 
 132 R _   0.033 0.003 0.001 0.009 0.009 0.030 0.059 0.858 
 133 Q _   0.042 0.004 0.001 0.010 0.012 0.036 0.058 0.838 
 134 L _   0.053 0.005 0.001 0.012 0.016 0.041 0.056 0.816 
 135 R _   0.065 0.006 0.001 0.013 0.020 0.047 0.055 0.793 
 136 L _   0.078 0.008 0.001 0.013 0.025 0.052 0.054 0.769 
 137 T _   0.091 0.010 0.002 0.013 0.030 0.056 0.053 0.746 
 138 Q _   0.105 0.012 0.002 0.014 0.034 0.059 0.052 0.722 
 139 L _   0.116 0.015 0.002 0.016 0.039 0.061 0.052 0.700 
 140 T _   0.125 0.018 0.002 0.019 0.042 0.061 0.052 0.681 
 141 E _   0.131 0.022 0.002 0.023 0.043 0.060 0.053 0.666 
 142 I _   0.132 0.026 0.002 0.027 0.042 0.057 0.054 0.659 
 143 L _   0.130 0.028 0.002 0.031 0.040 0.054 0.055 0.661 
 144 S _   0.122 0.029 0.002 0.032 0.036 0.049 0.057 0.673 
 145 G _   0.111 0.028 0.002 0.032 0.030 0.043 0.060 0.694 
 146 G _   0.096 0.025 0.002 0.029 0.024 0.037 0.062 0.724 
 147 V _   0.080 0.021 0.001 0.023 0.018 0.031 0.065 0.761 
 148 Y _   0.062 0.016 0.001 0.017 0.012 0.025 0.067 0.799 
 149 I _   0.046 0.010 0.001 0.012 0.008 0.020 0.069 0.834 
 150 E _   0.033 0.007 0.001 0.008 0.005 0.016 0.071 0.861 
 151 K _   0.023 0.005 0.000 0.005 0.003 0.012 0.072 0.879 
 152 N _   0.017 0.004 0.000 0.004 0.003 0.010 0.072 0.890 
 153 D _   0.013 0.004 0.000 0.004 0.002 0.010 0.072 0.895 
 154 K _   0.010 0.005 0.000 0.004 0.002 0.009 0.072 0.896 
 155 L _   0.009 0.007 0.000 0.006 0.003 0.010 0.072 0.892 
 156 C _   0.009 0.012 0.000 0.009 0.004 0.010 0.071 0.885 
 157 H _   0.009 0.018 0.001 0.012 0.005 0.011 0.070 0.874 
 158 M _   0.008 0.025 0.001 0.016 0.006 0.012 0.069 0.863 
 159 D _   0.008 0.031 0.001 0.019 0.006 0.012 0.068 0.854 
 160 T _   0.008 0.036 0.001 0.021 0.007 0.012 0.068 0.847 
 161 I _   0.007 0.040 0.001 0.022 0.007 0.012 0.067 0.844 
 162 D _   0.007 0.043 0.001 0.021 0.006 0.012 0.067 0.843 
 163 W _   0.007 0.044 0.001 0.019 0.006 0.012 0.067 0.843 
 164 R _   0.007 0.045 0.001 0.018 0.006 0.012 0.067 0.845 
 165 D _   0.007 0.045 0.001 0.017 0.005 0.011 0.068 0.845 
 166 I _   0.008 0.046 0.001 0.016 0.005 0.012 0.068 0.845 
 167 V _   0.008 0.047 0.001 0.016 0.005 0.012 0.069 0.843 
 168 R _   0.008 0.048 0.001 0.017 0.005 0.012 0.069 0.839 
 169 D _   0.008 0.049 0.001 0.019 0.006 0.012 0.070 0.835 
 170 R _   0.009 0.050 0.001 0.021 0.006 0.012 0.071 0.830 
 171 D _   0.009 0.051 0.001 0.023 0.006 0.012 0.072 0.826 
 172 A _   0.009 0.051 0.001 0.024 0.006 0.012 0.073 0.824 
 173 E _   0.009 0.049 0.001 0.024 0.006 0.012 0.075 0.825 
 174 I _   0.009 0.047 0.001 0.022 0.006 0.011 0.076 0.829 
 175 V _   0.009 0.043 0.001 0.020 0.005 0.010 0.078 0.836 
 176 V _   0.008 0.038 0.001 0.016 0.004 0.009 0.080 0.844 
 177 K _   0.007 0.032 0.000 0.013 0.003 0.008 0.082 0.854 
 178 D _   0.007 0.027 0.000 0.010 0.003 0.007 0.083 0.863 
 179 N _   0.006 0.023 0.000 0.007 0.002 0.006 0.084 0.871 
 180 G _   0.006 0.020 0.000 0.006 0.002 0.006 0.085 0.876 
 181 R _   0.005 0.019 0.000 0.005 0.002 0.006 0.085 0.879 
 182 S _   0.005 0.019 0.000 0.004 0.002 0.006 0.084 0.880 
 183 C _   0.005 0.021 0.000 0.005 0.002 0.006 0.084 0.878 
 184 P _   0.005 0.025 0.000 0.006 0.002 0.007 0.082 0.872 
 185 P _   0.006 0.032 0.000 0.009 0.003 0.009 0.080 0.861 
 186 C _   0.006 0.045 0.001 0.013 0.004 0.010 0.078 0.845 
 187 H _   0.006 0.063 0.001 0.018 0.005 0.011 0.075 0.821 
 188 E _   0.006 0.086 0.001 0.024 0.007 0.012 0.071 0.793 
 189 V _   0.006 0.108 0.001 0.029 0.007 0.013 0.068 0.767 
 190 C _   0.006 0.126 0.001 0.033 0.008 0.013 0.066 0.747 
 191 K _   0.006 0.139 0.001 0.035 0.008 0.013 0.064 0.734 
 192 G _   0.006 0.146 0.001 0.035 0.008 0.013 0.062 0.729 
 193 R _   0.006 0.149 0.001 0.032 0.007 0.012 0.062 0.731 
 194 C _   0.006 0.150 0.001 0.027 0.006 0.011 0.061 0.738 
 195 W _   0.006 0.147 0.001 0.022 0.005 0.010 0.061 0.749 
 196 G _   0.005 0.144 0.001 0.016 0.004 0.010 0.061 0.760 
 197 P _   0.005 0.140 0.000 0.012 0.003 0.010 0.060 0.769 
 198 G _   0.005 0.139 0.000 0.009 0.003 0.010 0.060 0.774 
 199 S _   0.006 0.139 0.000 0.008 0.003 0.010 0.059 0.774 
 200 E _   0.006 0.144 0.000 0.008 0.003 0.012 0.058 0.768 
 201 D _   0.008 0.154 0.001 0.010 0.005 0.014 0.057 0.752 
 202 C _   0.009 0.176 0.001 0.014 0.007 0.016 0.055 0.723 
 203 Q _   0.010 0.211 0.001 0.020 0.009 0.018 0.052 0.678 
 204 T _   0.010 0.257 0.001 0.027 0.012 0.019 0.049 0.624 
 205 L _   0.010 0.304 0.001 0.034 0.013 0.019 0.046 0.572 
 206 T _   0.009 0.343 0.001 0.039 0.013 0.019 0.044 0.531 
 207 K _   0.009 0.370 0.001 0.043 0.013 0.018 0.042 0.504 
 208 T _   0.008 0.385 0.001 0.044 0.012 0.017 0.041 0.490 
 209 I _   0.008 0.393 0.001 0.043 0.012 0.016 0.041 0.486 
 210 C _   0.008 0.394 0.001 0.041 0.011 0.015 0.041 0.489 
 211 A _   0.007 0.391 0.001 0.038 0.010 0.014 0.041 0.498 
 212 P _   0.008 0.382 0.001 0.034 0.009 0.013 0.042 0.511 
 213 Q _   0.008 0.367 0.001 0.030 0.008 0.012 0.043 0.530 
 214 C _   0.007 0.348 0.001 0.027 0.007 0.011 0.045 0.554 
 215 N _   0.008 0.326 0.001 0.024 0.006 0.011 0.047 0.579 
 216 G _   0.007 0.302 0.001 0.021 0.006 0.010 0.048 0.605 
 217 H _   0.007 0.278 0.001 0.018 0.005 0.010 0.050 0.632 
 218 C _   0.007 0.257 0.001 0.015 0.004 0.009 0.052 0.656 
 219 F _   0.006 0.238 0.000 0.013 0.003 0.008 0.053 0.678 
 220 G _   0.006 0.224 0.000 0.010 0.003 0.007 0.054 0.696 
 221 P _   0.005 0.214 0.000 0.009 0.002 0.007 0.054 0.710 
 222 N _   0.004 0.207 0.000 0.008 0.002 0.006 0.054 0.719 
 223 P _   0.004 0.205 0.000 0.007 0.002 0.006 0.053 0.723 
 224 N _   0.004 0.205 0.000 0.007 0.002 0.006 0.052 0.723 
 225 Q _   0.004 0.209 0.000 0.009 0.002 0.007 0.051 0.718 
 226 C _   0.004 0.218 0.000 0.011 0.003 0.007 0.049 0.708 
 227 C _   0.004 0.231 0.000 0.014 0.003 0.008 0.047 0.692 
 228 H _   0.004 0.248 0.001 0.019 0.004 0.008 0.045 0.672 
 229 D _   0.004 0.268 0.001 0.023 0.005 0.009 0.042 0.649 
 230 E _   0.004 0.286 0.001 0.026 0.005 0.009 0.040 0.630 
 231 C _   0.004 0.299 0.001 0.028 0.005 0.009 0.038 0.617 
 232 A _   0.004 0.307 0.001 0.028 0.005 0.008 0.037 0.610 
 233 G _   0.004 0.311 0.001 0.027 0.005 0.008 0.036 0.609 
 234 G _   0.003 0.311 0.001 0.024 0.004 0.008 0.035 0.614 
 235 C _   0.003 0.308 0.000 0.020 0.004 0.007 0.035 0.622 
 236 S _   0.003 0.303 0.000 0.017 0.003 0.007 0.035 0.632 
 237 G _   0.003 0.298 0.000 0.014 0.003 0.006 0.034 0.641 
 238 P _   0.003 0.294 0.000 0.011 0.002 0.006 0.034 0.649 
 239 Q _   0.003 0.292 0.000 0.010 0.002 0.006 0.034 0.652 
 240 D _   0.003 0.292 0.000 0.011 0.002 0.007 0.033 0.651 
 241 T _   0.003 0.296 0.000 0.012 0.003 0.007 0.033 0.646 
 242 D _   0.004 0.302 0.000 0.014 0.003 0.008 0.032 0.637 
 243 C _   0.004 0.311 0.000 0.017 0.004 0.008 0.031 0.626 
 244 F _   0.004 0.319 0.001 0.019 0.004 0.008 0.030 0.615 
 245 A _   0.004 0.326 0.001 0.021 0.004 0.008 0.029 0.606 
 246 C _   0.004 0.330 0.001 0.022 0.005 0.008 0.029 0.603 
 247 R _   0.004 0.331 0.001 0.021 0.004 0.008 0.028 0.604 
 248 H _   0.003 0.329 0.001 0.019 0.004 0.008 0.028 0.608 
 249 F _   0.003 0.325 0.000 0.017 0.004 0.007 0.028 0.615 
 250 N _   0.003 0.319 0.000 0.015 0.004 0.007 0.028 0.623 
 251 D _   0.004 0.313 0.000 0.013 0.003 0.007 0.028 0.630 
 252 S _   0.004 0.308 0.000 0.012 0.003 0.008 0.029 0.636 
 253 G _   0.004 0.305 0.000 0.011 0.003 0.008 0.029 0.639 
 254 A _   0.005 0.303 0.000 0.011 0.003 0.009 0.029 0.640 
 255 C _   0.005 0.303 0.000 0.011 0.004 0.009 0.029 0.638 
 256 V _   0.006 0.304 0.000 0.012 0.004 0.010 0.029 0.634 
 257 P _   0.006 0.306 0.001 0.012 0.004 0.011 0.030 0.630 
 258 R _   0.007 0.309 0.001 0.013 0.005 0.012 0.030 0.625 
 259 C _   0.007 0.311 0.001 0.014 0.005 0.012 0.030 0.620 
 260 P _   0.008 0.314 0.001 0.015 0.006 0.013 0.030 0.614 
 261 Q _   0.008 0.317 0.001 0.016 0.006 0.014 0.030 0.608 
 262 P _   0.009 0.320 0.001 0.018 0.007 0.015 0.030 0.601 
 263 L _   0.009 0.323 0.001 0.020 0.008 0.015 0.031 0.593 
 264 V _   0.010 0.326 0.001 0.023 0.009 0.016 0.031 0.586 
 265 Y _   0.010 0.327 0.001 0.026 0.009 0.016 0.031 0.580 
 266 N _   0.011 0.326 0.001 0.029 0.009 0.016 0.032 0.576 
 267 K _   0.011 0.322 0.001 0.031 0.009 0.015 0.033 0.578 
 268 L _   0.011 0.312 0.001 0.032 0.009 0.015 0.035 0.586 
 269 T _   0.010 0.296 0.001 0.030 0.009 0.014 0.036 0.603 
 270 F _   0.010 0.271 0.001 0.028 0.008 0.013 0.038 0.631 
 271 Q _   0.010 0.237 0.001 0.023 0.007 0.012 0.041 0.669 
 272 L _   0.009 0.197 0.001 0.018 0.006 0.011 0.043 0.715 
 273 E _   0.008 0.160 0.001 0.013 0.004 0.010 0.045 0.758 
 274 P _   0.007 0.134 0.000 0.009 0.003 0.009 0.046 0.791 
 275 N _   0.006 0.119 0.000 0.006 0.002 0.009 0.047 0.810 
 276 P _   0.006 0.113 0.000 0.005 0.002 0.009 0.047 0.819 
 277 H _   0.006 0.112 0.000 0.005 0.002 0.010 0.047 0.818 
 278 T _   0.007 0.117 0.000 0.006 0.003 0.012 0.046 0.809 
 279 K _   0.008 0.131 0.001 0.010 0.005 0.015 0.045 0.786 
 280 Y _   0.010 0.162 0.001 0.016 0.008 0.018 0.042 0.743 
 281 Q _   0.011 0.216 0.001 0.024 0.012 0.020 0.039 0.677 
 282 Y _   0.011 0.289 0.002 0.032 0.015 0.022 0.036 0.595 
 283 G _   0.010 0.363 0.002 0.038 0.016 0.021 0.033 0.518 
 284 G _   0.009 0.421 0.002 0.041 0.016 0.021 0.030 0.461 
 285 V E   0.008 0.460 0.001 0.042 0.015 0.020 0.028 0.426 
 286 C E   0.008 0.483 0.001 0.041 0.014 0.019 0.028 0.407 
 287 V E   0.008 0.496 0.001 0.039 0.013 0.018 0.027 0.398 
 288 A E   0.008 0.501 0.001 0.036 0.013 0.018 0.027 0.397 
 289 S E   0.008 0.501 0.001 0.032 0.012 0.017 0.027 0.403 
 290 C E   0.008 0.496 0.001 0.028 0.011 0.017 0.027 0.412 
 291 P E   0.009 0.488 0.001 0.024 0.010 0.016 0.028 0.424 
 292 H E   0.009 0.479 0.001 0.021 0.009 0.016 0.029 0.435 
 293 N E   0.009 0.470 0.001 0.019 0.009 0.016 0.030 0.446 
 294 F E   0.010 0.461 0.001 0.018 0.008 0.016 0.031 0.455 
 295 V _   0.010 0.453 0.001 0.018 0.008 0.015 0.032 0.462 
 296 V _   0.010 0.445 0.001 0.019 0.008 0.015 0.033 0.469 
 297 D _   0.010 0.437 0.001 0.020 0.008 0.015 0.034 0.475 
 298 Q _   0.010 0.428 0.001 0.022 0.008 0.014 0.036 0.481 
 299 T _   0.010 0.416 0.001 0.024 0.008 0.014 0.037 0.490 
 300 S _   0.010 0.400 0.001 0.025 0.008 0.013 0.039 0.504 
 301 C _   0.010 0.379 0.001 0.025 0.008 0.013 0.042 0.522 
 302 V _   0.010 0.353 0.001 0.025 0.008 0.012 0.044 0.546 
 303 R _   0.010 0.320 0.001 0.024 0.007 0.012 0.048 0.578 
 304 A _   0.010 0.282 0.001 0.022 0.006 0.011 0.051 0.616 
 305 C _   0.010 0.242 0.001 0.019 0.006 0.011 0.055 0.657 
 306 P _   0.009 0.204 0.001 0.015 0.005 0.010 0.058 0.698 
 307 P _   0.008 0.172 0.001 0.012 0.004 0.009 0.061 0.733 
 308 D _   0.007 0.149 0.000 0.009 0.003 0.008 0.063 0.760 
 309 K _   0.007 0.134 0.000 0.007 0.002 0.007 0.065 0.778 
 310 M _   0.006 0.126 0.000 0.005 0.002 0.007 0.065 0.789 
 311 E _   0.005 0.122 0.000 0.005 0.002 0.006 0.065 0.794 
 312 V _   0.005 0.122 0.000 0.005 0.002 0.007 0.065 0.795 
 313 D _   0.005 0.126 0.000 0.006 0.002 0.007 0.063 0.790 
 314 K _   0.005 0.136 0.000 0.008 0.003 0.008 0.061 0.778 
 315 N _   0.005 0.152 0.000 0.011 0.003 0.010 0.059 0.759 
 316 G _   0.006 0.179 0.001 0.015 0.005 0.011 0.055 0.730 
 317 L _   0.006 0.213 0.001 0.019 0.006 0.012 0.051 0.693 
 318 K _   0.006 0.251 0.001 0.022 0.006 0.012 0.047 0.655 
 319 M _   0.005 0.285 0.001 0.024 0.007 0.012 0.043 0.623 
 320 C _   0.005 0.314 0.001 0.025 0.006 0.011 0.040 0.597 
 321 E _   0.005 0.337 0.001 0.025 0.006 0.011 0.038 0.577 
 322 P _   0.004 0.354 0.001 0.024 0.006 0.010 0.036 0.564 
 323 C _   0.004 0.367 0.001 0.023 0.006 0.010 0.034 0.556 
 324 G _   0.004 0.377 0.001 0.021 0.005 0.009 0.033 0.550 
 325 G _   0.004 0.384 0.001 0.020 0.005 0.009 0.032 0.546 
 326 L _   0.005 0.389 0.001 0.018 0.005 0.009 0.031 0.543 
 327 C _   0.005 0.393 0.001 0.017 0.004 0.009 0.030 0.542 
 328 P _   0.004 0.396 0.000 0.016 0.004 0.009 0.029 0.541 
 329 K _   0.004 0.400 0.000 0.015 0.004 0.008 0.028 0.539 
 330 A _   0.004 0.402 0.000 0.015 0.004 0.008 0.028 0.538 
 331 C _   0.004 0.405 0.000 0.015 0.004 0.008 0.027 0.537 
 332 E _   0.004 0.408 0.000 0.015 0.004 0.008 0.026 0.534 
 333 G _   0.004 0.410 0.000 0.016 0.004 0.008 0.026 0.532 
 334 T _   0.004 0.413 0.000 0.017 0.004 0.008 0.025 0.528 
 335 G _   0.004 0.415 0.001 0.019 0.005 0.008 0.024 0.525 
 336 S _   0.004 0.415 0.001 0.020 0.005 0.008 0.024 0.523 
 337 G _   0.004 0.413 0.001 0.021 0.005 0.008 0.024 0.524 
 338 S _   0.004 0.408 0.001 0.022 0.005 0.008 0.024 0.529 
 339 R _   0.004 0.400 0.001 0.022 0.005 0.008 0.024 0.537 
 340 F _   0.004 0.388 0.001 0.020 0.005 0.008 0.024 0.550 
 341 Q _   0.004 0.372 0.001 0.018 0.005 0.008 0.025 0.568 
 342 T _   0.004 0.353 0.001 0.015 0.004 0.007 0.025 0.590 
 343 V _   0.004 0.335 0.001 0.013 0.004 0.007 0.026 0.611 
 344 D _   0.004 0.319 0.000 0.010 0.003 0.008 0.027 0.629 
 345 S _   0.004 0.307 0.000 0.008 0.003 0.008 0.027 0.642 
 346 S _   0.004 0.300 0.000 0.007 0.003 0.009 0.027 0.648 
 347 N _   0.005 0.299 0.000 0.008 0.003 0.011 0.027 0.647 
 348 I _   0.006 0.302 0.000 0.009 0.004 0.013 0.027 0.639 
 349 D _   0.007 0.310 0.001 0.011 0.005 0.015 0.027 0.623 
 350 G _   0.009 0.324 0.001 0.014 0.007 0.018 0.027 0.601 
 351 F _   0.010 0.341 0.001 0.018 0.009 0.021 0.026 0.574 
 352 V _   0.012 0.360 0.001 0.021 0.011 0.023 0.026 0.546 
 353 N _   0.013 0.377 0.001 0.023 0.012 0.025 0.025 0.523 
 354 C _   0.014 0.389 0.001 0.024 0.014 0.027 0.025 0.506 
 355 T _   0.016 0.398 0.001 0.023 0.015 0.028 0.025 0.493 
 356 K _   0.018 0.405 0.001 0.023 0.016 0.030 0.025 0.483 
 357 I _   0.020 0.410 0.001 0.022 0.017 0.031 0.025 0.474 
 358 L _   0.021 0.415 0.001 0.022 0.019 0.032 0.026 0.464 
 359 G _   0.023 0.419 0.001 0.023 0.020 0.033 0.026 0.455 
 360 N _   0.024 0.424 0.001 0.026 0.021 0.032 0.027 0.444 
 361 L _   0.026 0.427 0.001 0.030 0.022 0.032 0.028 0.435 
 362 D _   0.026 0.428 0.001 0.034 0.022 0.031 0.029 0.429 
 363 F _   0.027 0.424 0.001 0.037 0.021 0.029 0.030 0.430 
 364 L _   0.026 0.415 0.001 0.040 0.020 0.027 0.032 0.438 
 365 I _   0.024 0.396 0.002 0.041 0.019 0.025 0.035 0.458 
 366 T _   0.023 0.366 0.002 0.039 0.017 0.022 0.039 0.493 
 367 G _   0.022 0.319 0.002 0.035 0.015 0.020 0.043 0.544 
 368 L _   0.020 0.259 0.002 0.031 0.013 0.018 0.048 0.610 
 369 N _   0.019 0.191 0.001 0.025 0.010 0.016 0.053 0.685 
 370 G _   0.016 0.129 0.001 0.018 0.008 0.014 0.058 0.755 
 371 D _   0.014 0.082 0.001 0.013 0.005 0.012 0.063 0.810 
 372 P _   0.011 0.054 0.001 0.009 0.004 0.010 0.066 0.846 
 373 W _   0.009 0.038 0.000 0.007 0.003 0.009 0.068 0.867 
 374 H _   0.007 0.030 0.000 0.005 0.002 0.008 0.069 0.878 
 375 K _   0.006 0.026 0.000 0.005 0.002 0.008 0.069 0.883 
 376 I _   0.006 0.025 0.000 0.005 0.002 0.008 0.069 0.886 
 377 P _   0.006 0.025 0.000 0.005 0.002 0.008 0.069 0.885 
 378 A _   0.006 0.026 0.000 0.006 0.002 0.010 0.068 0.882 
 379 L _   0.006 0.030 0.000 0.007 0.003 0.011 0.067 0.877 
 380 D _   0.007 0.035 0.000 0.008 0.003 0.014 0.065 0.867 
 381 P _   0.009 0.044 0.001 0.010 0.005 0.017 0.062 0.852 
 382 E _   0.011 0.059 0.001 0.013 0.007 0.022 0.060 0.828 
 383 K _   0.015 0.081 0.001 0.017 0.010 0.027 0.056 0.793 
 384 L _   0.018 0.110 0.001 0.021 0.015 0.033 0.052 0.749 
 385 N _   0.022 0.147 0.002 0.027 0.020 0.038 0.049 0.695 
 386 V _   0.026 0.189 0.002 0.033 0.025 0.042 0.045 0.639 
 387 F _   0.029 0.227 0.002 0.038 0.029 0.044 0.042 0.589 
 388 R _   0.031 0.259 0.002 0.043 0.032 0.046 0.039 0.548 
 389 T _   0.033 0.281 0.002 0.047 0.033 0.046 0.037 0.521 
 390 V _   0.034 0.296 0.002 0.049 0.033 0.045 0.036 0.505 
 391 R _   0.035 0.303 0.002 0.049 0.032 0.043 0.035 0.501 
 392 E _   0.034 0.303 0.002 0.048 0.030 0.041 0.035 0.506 
 393 I _   0.033 0.299 0.002 0.045 0.028 0.038 0.035 0.521 
 394 T _   0.032 0.288 0.002 0.041 0.025 0.035 0.035 0.542 
 395 G _   0.030 0.272 0.002 0.037 0.022 0.032 0.036 0.570 
 396 Y _   0.028 0.250 0.002 0.032 0.018 0.029 0.037 0.605 
 397 L _   0.025 0.223 0.001 0.028 0.015 0.026 0.038 0.644 
 398 N _   0.022 0.194 0.001 0.024 0.012 0.023 0.039 0.684 
 399 I _   0.019 0.166 0.001 0.020 0.010 0.020 0.040 0.723 
 400 Q _   0.016 0.141 0.001 0.016 0.008 0.018 0.041 0.760 
 401 S _   0.014 0.119 0.001 0.012 0.006 0.016 0.042 0.791 
 402 W _   0.012 0.104 0.001 0.010 0.005 0.014 0.042 0.814 
 403 P _   0.010 0.094 0.000 0.008 0.004 0.013 0.042 0.829 
 404 P _   0.009 0.089 0.000 0.007 0.003 0.012 0.042 0.838 
 405 H _   0.008 0.087 0.000 0.006 0.003 0.012 0.041 0.842 
 406 M _   0.008 0.088 0.000 0.007 0.003 0.013 0.040 0.841 
 407 H _   0.009 0.092 0.001 0.008 0.004 0.014 0.039 0.833 
 408 N _   0.010 0.100 0.001 0.010 0.006 0.016 0.038 0.819 
 409 F _   0.011 0.115 0.001 0.014 0.008 0.019 0.036 0.797 
 410 S _   0.012 0.135 0.001 0.019 0.010 0.021 0.034 0.768 
 411 V _   0.013 0.160 0.001 0.025 0.013 0.023 0.032 0.733 
 412 F _   0.014 0.184 0.001 0.031 0.015 0.024 0.029 0.700 
 413 S _   0.015 0.204 0.001 0.037 0.017 0.025 0.028 0.673 
 414 N _   0.015 0.219 0.001 0.041 0.018 0.026 0.026 0.653 
 415 L _   0.016 0.226 0.001 0.044 0.018 0.026 0.025 0.643 
 416 T _   0.016 0.229 0.001 0.043 0.018 0.025 0.025 0.643 
 417 T _   0.016 0.226 0.001 0.040 0.017 0.025 0.024 0.651 
 418 I _   0.015 0.218 0.001 0.036 0.015 0.024 0.024 0.667 
 419 G _   0.015 0.206 0.001 0.030 0.013 0.023 0.024 0.688 
 420 G _   0.015 0.189 0.001 0.024 0.011 0.022 0.025 0.714 
 421 R _   0.015 0.170 0.001 0.018 0.009 0.021 0.025 0.741 
 422 S _   0.015 0.154 0.001 0.014 0.008 0.021 0.025 0.763 
 423 L _   0.015 0.143 0.001 0.011 0.007 0.021 0.025 0.778 
 424 Y _   0.015 0.136 0.001 0.010 0.007 0.021 0.025 0.785 
 425 N _   0.015 0.134 0.001 0.011 0.007 0.022 0.025 0.785 
 426 R _   0.016 0.134 0.001 0.013 0.009 0.023 0.025 0.780 
 427 G _   0.018 0.136 0.001 0.016 0.010 0.024 0.024 0.771 
 428 F _   0.019 0.139 0.001 0.020 0.012 0.025 0.024 0.760 
 429 S _   0.020 0.141 0.001 0.024 0.013 0.025 0.024 0.752 
 430 L _   0.020 0.141 0.001 0.027 0.014 0.025 0.024 0.747 
 431 L _   0.020 0.138 0.001 0.027 0.014 0.025 0.024 0.750 
 432 I _   0.020 0.132 0.001 0.026 0.013 0.024 0.025 0.759 
 433 M _   0.020 0.123 0.001 0.023 0.012 0.023 0.025 0.773 
 434 K _   0.020 0.112 0.001 0.019 0.011 0.022 0.026 0.790 
 435 N _   0.019 0.100 0.001 0.016 0.010 0.021 0.027 0.807 
 436 L _   0.019 0.089 0.001 0.013 0.009 0.020 0.027 0.822 
 437 N _   0.019 0.081 0.001 0.011 0.008 0.020 0.028 0.832 
 438 V _   0.019 0.075 0.001 0.011 0.007 0.019 0.029 0.839 
 439 T _   0.019 0.071 0.001 0.011 0.007 0.019 0.029 0.843 
 440 S _   0.019 0.069 0.001 0.011 0.007 0.019 0.030 0.845 
 441 L _   0.019 0.067 0.001 0.012 0.007 0.019 0.030 0.845 
 442 G _   0.018 0.066 0.001 0.012 0.007 0.019 0.031 0.846 
 443 F _   0.018 0.065 0.001 0.012 0.007 0.019 0.031 0.847 
 444 R _   0.018 0.065 0.001 0.011 0.007 0.019 0.031 0.848 
 445 S _   0.017 0.065 0.001 0.010 0.007 0.020 0.031 0.849 
 446 L _   0.018 0.066 0.001 0.010 0.007 0.020 0.031 0.847 
 447 K _   0.018 0.068 0.001 0.010 0.007 0.021 0.032 0.843 
 448 E _   0.019 0.072 0.001 0.011 0.008 0.022 0.032 0.836 
 449 I _   0.020 0.078 0.001 0.013 0.010 0.024 0.031 0.824 
 450 S _   0.021 0.087 0.001 0.015 0.011 0.025 0.031 0.808 
 451 A _   0.023 0.097 0.001 0.019 0.013 0.026 0.031 0.790 
 452 G _   0.024 0.109 0.001 0.022 0.014 0.027 0.032 0.771 
 453 R _   0.024 0.118 0.001 0.026 0.015 0.028 0.032 0.755 
 454 I _   0.024 0.125 0.001 0.028 0.016 0.027 0.032 0.746 
 455 Y _   0.023 0.130 0.001 0.029 0.016 0.027 0.033 0.741 
 456 I _   0.022 0.131 0.001 0.029 0.015 0.026 0.033 0.742 
 457 S _   0.021 0.130 0.001 0.028 0.014 0.024 0.034 0.747 
 458 A _   0.020 0.127 0.001 0.026 0.013 0.023 0.035 0.756 
 459 N _   0.019 0.122 0.001 0.022 0.011 0.021 0.037 0.767 
 460 R _   0.018 0.116 0.001 0.019 0.009 0.019 0.038 0.780 
 461 Q _   0.016 0.108 0.001 0.016 0.008 0.018 0.039 0.794 
 462 L _   0.015 0.101 0.001 0.013 0.007 0.016 0.041 0.806 
 463 C _   0.014 0.095 0.001 0.011 0.006 0.015 0.042 0.816 
 464 Y _   0.013 0.091 0.001 0.010 0.005 0.014 0.043 0.823 
 465 H _   0.012 0.088 0.001 0.010 0.005 0.014 0.044 0.827 
 466 H _   0.012 0.088 0.001 0.010 0.005 0.014 0.045 0.827 
 467 S _   0.012 0.088 0.001 0.011 0.005 0.014 0.046 0.824 
 468 L _   0.012 0.090 0.001 0.013 0.006 0.014 0.047 0.818 
 469 N _   0.012 0.093 0.001 0.015 0.006 0.014 0.047 0.810 
 470 W _   0.013 0.096 0.001 0.018 0.007 0.015 0.048 0.803 
 471 T _   0.013 0.099 0.001 0.020 0.007 0.015 0.049 0.796 
 472 K _   0.013 0.100 0.001 0.022 0.008 0.015 0.051 0.791 
 473 V _   0.013 0.100 0.001 0.023 0.008 0.014 0.052 0.789 
 474 L _   0.012 0.098 0.001 0.023 0.007 0.013 0.054 0.791 
 475 R _   0.012 0.094 0.001 0.022 0.007 0.013 0.056 0.796 
 476 G _   0.011 0.089 0.001 0.020 0.006 0.012 0.058 0.803 
 477 P _   0.010 0.082 0.001 0.018 0.005 0.011 0.060 0.813 
 478 T _   0.010 0.075 0.001 0.015 0.004 0.010 0.062 0.823 
 479 E _   0.009 0.068 0.000 0.013 0.004 0.009 0.064 0.833 
 480 E _   0.008 0.061 0.000 0.011 0.003 0.008 0.066 0.842 
 481 R _   0.008 0.056 0.000 0.009 0.003 0.007 0.068 0.849 
 482 L _   0.007 0.052 0.000 0.008 0.002 0.007 0.069 0.856 
 483 D _   0.006 0.049 0.000 0.006 0.002 0.006 0.070 0.860 
 484 I _   0.006 0.048 0.000 0.006 0.002 0.006 0.070 0.863 
 485 K _   0.005 0.048 0.000 0.005 0.002 0.006 0.069 0.864 
 486 H _   0.005 0.050 0.000 0.005 0.002 0.006 0.069 0.862 
 487 N _   0.005 0.055 0.000 0.006 0.002 0.007 0.067 0.857 
 488 R _   0.005 0.065 0.000 0.008 0.003 0.008 0.065 0.846 
 489 P _   0.006 0.082 0.000 0.011 0.004 0.010 0.062 0.825 
 490 R _   0.006 0.110 0.001 0.015 0.005 0.012 0.058 0.792 
 491 R _   0.007 0.155 0.001 0.021 0.007 0.014 0.053 0.743 
 492 D _   0.007 0.213 0.001 0.027 0.009 0.015 0.047 0.681 
 493 C _   0.007 0.278 0.001 0.032 0.010 0.015 0.041 0.616 
 494 V _   0.006 0.339 0.001 0.035 0.010 0.015 0.036 0.558 
 495 A _   0.006 0.387 0.001 0.036 0.010 0.014 0.033 0.514 
 496 E _   0.005 0.420 0.001 0.036 0.009 0.013 0.030 0.486 
 497 G _   0.005 0.442 0.001 0.034 0.008 0.012 0.028 0.470 
 498 K _   0.005 0.455 0.001 0.032 0.008 0.011 0.026 0.462 
 499 V E   0.005 0.463 0.001 0.029 0.007 0.011 0.025 0.460 
 500 C E   0.005 0.465 0.001 0.025 0.006 0.010 0.025 0.463 
 501 D _   0.005 0.465 0.001 0.022 0.006 0.009 0.024 0.469 
 502 P _   0.005 0.462 0.001 0.019 0.005 0.009 0.024 0.476 
 503 L _   0.005 0.458 0.001 0.017 0.005 0.009 0.023 0.483 
 504 C _   0.005 0.454 0.000 0.014 0.004 0.008 0.023 0.491 
 505 S _   0.005 0.449 0.000 0.013 0.004 0.008 0.023 0.498 
 506 S _   0.005 0.446 0.000 0.012 0.004 0.008 0.023 0.503 
 507 G _   0.005 0.444 0.000 0.011 0.003 0.008 0.023 0.506 
 508 G _   0.004 0.443 0.000 0.011 0.003 0.007 0.022 0.508 
 509 C _   0.004 0.443 0.000 0.011 0.003 0.007 0.022 0.509 
 510 W _   0.004 0.444 0.000 0.011 0.003 0.007 0.021 0.508 
 511 G _   0.004 0.445 0.000 0.011 0.003 0.007 0.021 0.507 
 512 P _   0.004 0.448 0.000 0.012 0.003 0.008 0.021 0.505 
 513 G _   0.004 0.451 0.000 0.012 0.004 0.008 0.020 0.502 
 514 P _   0.004 0.454 0.000 0.012 0.004 0.008 0.020 0.499 
 515 G _   0.004 0.457 0.000 0.012 0.004 0.008 0.019 0.495 
 516 Q _   0.004 0.460 0.000 0.012 0.004 0.008 0.019 0.493 
 517 C _   0.004 0.463 0.000 0.012 0.004 0.008 0.018 0.491 
 518 L _   0.004 0.466 0.000 0.011 0.003 0.008 0.018 0.489 
 519 S _   0.004 0.469 0.000 0.011 0.004 0.009 0.017 0.486 
 520 C _   0.004 0.474 0.000 0.011 0.004 0.009 0.017 0.481 
 521 R E   0.004 0.480 0.000 0.011 0.004 0.010 0.016 0.474 
 522 N E   0.005 0.490 0.001 0.012 0.005 0.011 0.016 0.461 
 523 Y E   0.006 0.504 0.001 0.013 0.006 0.012 0.015 0.443 
 524 S E   0.006 0.524 0.001 0.016 0.008 0.013 0.014 0.419 
 525 R E   0.007 0.548 0.001 0.019 0.009 0.014 0.013 0.389 
 526 G E   0.007 0.575 0.001 0.022 0.010 0.014 0.012 0.358 
 527 G E   0.008 0.598 0.001 0.026 0.011 0.014 0.012 0.331 
 528 V E   0.008 0.615 0.001 0.029 0.011 0.014 0.011 0.312 
 529 C E   0.008 0.624 0.001 0.031 0.011 0.013 0.011 0.301 
 530 V E   0.008 0.627 0.001 0.032 0.010 0.013 0.011 0.299 
 531 T E   0.008 0.622 0.001 0.031 0.010 0.012 0.011 0.305 
 532 H E   0.008 0.609 0.001 0.029 0.009 0.011 0.012 0.321 
 533 C E   0.008 0.585 0.001 0.026 0.008 0.011 0.013 0.348 
 534 N E   0.008 0.551 0.001 0.022 0.007 0.010 0.014 0.387 
 535 F E   0.008 0.509 0.001 0.017 0.006 0.010 0.015 0.434 
 536 L _   0.007 0.471 0.001 0.013 0.005 0.009 0.016 0.478 
 537 N _   0.006 0.443 0.000 0.009 0.003 0.009 0.017 0.512 
 538 G _   0.006 0.427 0.000 0.007 0.003 0.008 0.017 0.532 
 539 E _   0.005 0.420 0.000 0.006 0.002 0.008 0.017 0.540 
 540 P _   0.005 0.420 0.000 0.006 0.002 0.009 0.017 0.540 
 541 R _   0.005 0.428 0.000 0.008 0.003 0.009 0.017 0.530 
 542 E _   0.006 0.444 0.001 0.011 0.004 0.010 0.016 0.509 
 543 F _   0.005 0.470 0.001 0.014 0.005 0.010 0.015 0.479 
 544 A E   0.005 0.502 0.001 0.018 0.006 0.010 0.014 0.444 
 545 H E   0.005 0.533 0.001 0.021 0.006 0.010 0.013 0.413 
 546 E E   0.004 0.557 0.001 0.022 0.006 0.009 0.012 0.389 
 547 A E   0.004 0.572 0.001 0.023 0.006 0.008 0.011 0.376 
 548 E E   0.004 0.580 0.001 0.022 0.005 0.008 0.011 0.371 
 549 C E   0.003 0.582 0.001 0.020 0.004 0.007 0.011 0.372 
 550 F E   0.003 0.580 0.000 0.017 0.004 0.006 0.011 0.378 
 551 S E   0.003 0.575 0.000 0.014 0.003 0.006 0.011 0.387 
 552 C E   0.003 0.569 0.000 0.012 0.003 0.006 0.011 0.397 
 553 H E   0.003 0.563 0.000 0.010 0.003 0.006 0.011 0.405 
 554 P E   0.003 0.559 0.000 0.009 0.002 0.006 0.011 0.409 
 555 E E   0.003 0.559 0.000 0.009 0.002 0.006 0.011 0.410 
 556 C E   0.003 0.563 0.000 0.009 0.003 0.006 0.011 0.405 
 557 Q E   0.003 0.571 0.000 0.010 0.003 0.006 0.010 0.396 
 558 P E   0.003 0.581 0.000 0.012 0.003 0.006 0.010 0.383 
 559 M E   0.003 0.594 0.000 0.014 0.004 0.006 0.009 0.369 
 560 E E   0.003 0.604 0.000 0.015 0.004 0.006 0.009 0.358 
 561 G E   0.003 0.611 0.000 0.016 0.004 0.006 0.009 0.351 
 562 T E   0.003 0.615 0.000 0.016 0.003 0.005 0.009 0.348 
 563 A E   0.002 0.616 0.000 0.014 0.003 0.005 0.009 0.350 
 564 T E   0.002 0.614 0.000 0.013 0.003 0.005 0.009 0.355 
 565 C E   0.002 0.610 0.000 0.011 0.002 0.005 0.009 0.361 
 566 N E   0.002 0.606 0.000 0.009 0.002 0.005 0.009 0.367 
 567 G E   0.002 0.603 0.000 0.008 0.002 0.005 0.009 0.370 
 568 S E   0.002 0.604 0.000 0.008 0.002 0.005 0.009 0.370 
 569 G E   0.003 0.608 0.000 0.009 0.002 0.006 0.009 0.364 
 570 S E   0.003 0.616 0.000 0.010 0.003 0.006 0.008 0.353 
 571 D E   0.003 0.628 0.000 0.013 0.004 0.007 0.008 0.337 
 572 T E   0.003 0.643 0.001 0.016 0.004 0.007 0.008 0.318 
 573 C E   0.003 0.657 0.001 0.019 0.005 0.008 0.007 0.300 
 574 A E   0.003 0.667 0.001 0.023 0.006 0.008 0.007 0.286 
 575 Q E   0.003 0.672 0.001 0.025 0.006 0.008 0.007 0.279 
 576 C E   0.003 0.670 0.001 0.026 0.006 0.008 0.007 0.279 
 577 A E   0.003 0.663 0.001 0.026 0.006 0.008 0.008 0.286 
 578 H E   0.004 0.647 0.001 0.025 0.006 0.008 0.008 0.301 
 579 F E   0.004 0.620 0.001 0.023 0.007 0.008 0.009 0.328 
 580 R E   0.005 0.582 0.001 0.021 0.007 0.008 0.010 0.366 
 581 D E   0.005 0.536 0.001 0.018 0.006 0.009 0.012 0.413 
 582 G E   0.006 0.491 0.001 0.015 0.005 0.009 0.014 0.460 
 583 P _   0.006 0.455 0.001 0.012 0.004 0.009 0.015 0.498 
 584 H _   0.006 0.431 0.001 0.010 0.004 0.009 0.016 0.524 
 585 C _   0.005 0.417 0.000 0.008 0.003 0.010 0.017 0.539 
 586 V _   0.005 0.410 0.000 0.008 0.003 0.010 0.018 0.545 
 587 S _   0.006 0.409 0.000 0.009 0.003 0.010 0.018 0.544 
 588 S _   0.006 0.412 0.000 0.012 0.004 0.011 0.018 0.537 
 589 C _   0.006 0.419 0.001 0.015 0.005 0.012 0.019 0.525 
 590 P _   0.006 0.428 0.001 0.019 0.006 0.012 0.019 0.510 
 591 H _   0.006 0.437 0.001 0.023 0.007 0.012 0.019 0.495 
 592 G _   0.006 0.443 0.001 0.027 0.008 0.013 0.019 0.484 
 593 V _   0.006 0.446 0.001 0.031 0.008 0.013 0.019 0.476 
 594 L _   0.006 0.444 0.001 0.033 0.009 0.013 0.020 0.475 
 595 G _   0.006 0.437 0.001 0.034 0.009 0.012 0.021 0.479 
 596 A _   0.007 0.424 0.001 0.035 0.009 0.012 0.022 0.490 
 597 K _   0.007 0.401 0.001 0.034 0.009 0.012 0.024 0.511 
 598 G _   0.008 0.367 0.001 0.033 0.009 0.012 0.027 0.544 
 599 P _   0.008 0.323 0.001 0.030 0.009 0.012 0.030 0.587 
 600 I _   0.009 0.269 0.001 0.027 0.008 0.012 0.034 0.640 
 601 Y _   0.009 0.212 0.001 0.023 0.007 0.011 0.038 0.698 
 602 K _   0.009 0.159 0.001 0.019 0.006 0.011 0.043 0.753 
 603 Y _   0.008 0.117 0.001 0.015 0.005 0.010 0.046 0.798 
 604 P _   0.007 0.087 0.001 0.012 0.004 0.009 0.049 0.831 
 605 D _   0.006 0.067 0.000 0.010 0.003 0.008 0.051 0.854 
 606 V _   0.006 0.054 0.000 0.009 0.002 0.008 0.052 0.868 
 607 Q _   0.005 0.046 0.000 0.008 0.002 0.008 0.053 0.877 
 608 N _   0.005 0.041 0.000 0.008 0.002 0.007 0.054 0.882 
 609 E _   0.005 0.038 0.000 0.009 0.002 0.007 0.054 0.884 
 610 C _   0.005 0.036 0.000 0.010 0.002 0.008 0.054 0.885 
 611 R _   0.005 0.035 0.000 0.012 0.003 0.008 0.053 0.884 
 612 P _   0.005 0.034 0.000 0.014 0.003 0.008 0.053 0.883 
 613 C _   0.005 0.033 0.000 0.016 0.003 0.008 0.052 0.883 
 614 H _   0.005 0.032 0.000 0.017 0.004 0.008 0.051 0.883 
 615 E _   0.005 0.030 0.000 0.018 0.004 0.008 0.051 0.884 
 616 N _   0.005 0.028 0.000 0.018 0.004 0.008 0.050 0.887 
 617 C _   0.005 0.025 0.000 0.017 0.004 0.008 0.050 0.892 
 618 T _   0.005 0.021 0.000 0.015 0.003 0.008 0.050 0.898 
 619 Q _   0.005 0.017 0.000 0.013 0.003 0.007 0.049 0.905 
 620 G _   0.004 0.013 0.000 0.011 0.003 0.007 0.049 0.914 
 621 C _   0.004 0.009 0.000 0.009 0.002 0.006 0.048 0.921 
 622 K _   0.004 0.006 0.000 0.007 0.002 0.006 0.047 0.927 
 623 G _   0.005 0.004 0.000 0.006 0.002 0.006 0.046 0.931 
 624 P _   0.005 0.002 0.000 0.005 0.002 0.007 0.045 0.933 
 625 E _   0.007 0.002 0.000 0.004 0.002 0.008 0.044 0.933 
 626 L _   0.010 0.001 0.000 0.005 0.003 0.010 0.042 0.930 
 627 Q _   0.015 0.001 0.000 0.005 0.004 0.012 0.040 0.923 
 628 D _   0.022 0.001 0.001 0.006 0.005 0.015 0.038 0.912 
 629 C _   0.034 0.001 0.001 0.007 0.008 0.018 0.036 0.896 
 630 L _   0.050 0.001 0.001 0.009 0.010 0.021 0.033 0.875 
 631 G _   0.070 0.001 0.001 0.009 0.013 0.022 0.031 0.852 
 632 Q _   0.094 0.001 0.001 0.009 0.015 0.023 0.029 0.829 
 633 T _   0.118 0.001 0.001 0.007 0.015 0.022 0.026 0.809 
 634 L _   0.143 0.000 0.001 0.005 0.013 0.020 0.025 0.793 
 635 V _   0.168 0.000 0.001 0.003 0.011 0.017 0.023 0.778 
 636 L _   0.191 0.000 0.001 0.001 0.008 0.014 0.021 0.763 
 637 I _   0.217 0.000 0.001 0.001 0.006 0.011 0.020 0.744 
 638 G _   0.248 0.000 0.001 0.000 0.005 0.009 0.019 0.718 
 639 K _   0.285 0.000 0.001 0.000 0.004 0.007 0.019 0.684 
 640 T _   0.337 0.000 0.001 0.000 0.004 0.006 0.018 0.634 
 641 H _   0.405 0.000 0.001 0.000 0.004 0.005 0.017 0.568 
 642 L H   0.491 0.000 0.001 0.000 0.004 0.005 0.016 0.483 
 643 T H   0.590 0.000 0.001 0.000 0.005 0.004 0.015 0.385 
 644 M H   0.687 0.000 0.001 0.000 0.005 0.004 0.013 0.290 
 645 A H   0.772 0.000 0.001 0.000 0.005 0.004 0.011 0.207 
 646 L H   0.840 0.000 0.001 0.000 0.005 0.003 0.009 0.141 
 647 T H   0.889 0.000 0.001 0.000 0.005 0.003 0.008 0.094 
 648 V H   0.922 0.000 0.001 0.000 0.005 0.002 0.006 0.063 
 649 I H   0.943 0.000 0.001 0.000 0.005 0.002 0.005 0.044 
 650 A H   0.956 0.000 0.001 0.000 0.005 0.002 0.004 0.032 
 651 G H   0.963 0.000 0.001 0.000 0.005 0.002 0.003 0.026 
 652 L H   0.965 0.000 0.001 0.000 0.006 0.002 0.003 0.024 
 653 V H   0.964 0.000 0.001 0.000 0.006 0.002 0.002 0.024 
 654 V H   0.960 0.000 0.001 0.000 0.007 0.002 0.002 0.028 
 655 I H   0.951 0.000 0.001 0.000 0.007 0.002 0.002 0.036 
 656 F H   0.937 0.000 0.001 0.000 0.008 0.003 0.002 0.049 
 657 M H   0.917 0.000 0.001 0.000 0.009 0.003 0.002 0.068 
 658 M H   0.889 0.000 0.001 0.000 0.010 0.004 0.003 0.094 
 659 L H   0.851 0.000 0.001 0.000 0.010 0.004 0.003 0.130 
 660 G H   0.802 0.000 0.001 0.001 0.011 0.005 0.004 0.176 
 661 G H   0.739 0.000 0.001 0.001 0.012 0.006 0.005 0.236 
 662 T H   0.663 0.000 0.001 0.001 0.012 0.007 0.008 0.309 
 663 F H   0.576 0.000 0.001 0.001 0.011 0.008 0.011 0.392 
