#TopoPred_TM8: 8-state transmembrane topology prediction results by no_profile mode 
#probabilities are in the order of H E C I L F X _, the 8 transmembrane topology types used in PDBTM 
   1 M X   0.016 0.002 0.002 0.061 0.010 0.011 0.627 0.271 
   2 E X   0.005 0.001 0.000 0.038 0.002 0.006 0.643 0.304 
   3 K X   0.002 0.001 0.000 0.023 0.001 0.004 0.645 0.325 
   4 Y X   0.001 0.001 0.000 0.017 0.001 0.004 0.640 0.335 
   5 V X   0.002 0.003 0.000 0.016 0.001 0.006 0.630 0.342 
   6 R X   0.003 0.005 0.000 0.016 0.002 0.009 0.615 0.350 
   7 L X   0.004 0.008 0.000 0.017 0.003 0.011 0.599 0.358 
   8 Q X   0.005 0.013 0.000 0.019 0.003 0.012 0.579 0.368 
   9 K X   0.005 0.020 0.001 0.020 0.004 0.014 0.556 0.379 
  10 I X   0.005 0.029 0.001 0.023 0.005 0.015 0.532 0.390 
  11 G X   0.005 0.038 0.001 0.025 0.007 0.016 0.507 0.402 
  12 E X   0.005 0.047 0.001 0.027 0.008 0.017 0.484 0.412 
  13 G X   0.006 0.056 0.001 0.029 0.009 0.018 0.463 0.419 
  14 S X   0.006 0.064 0.001 0.031 0.009 0.018 0.444 0.426 
  15 F _   0.007 0.071 0.001 0.033 0.010 0.019 0.428 0.431 
  16 G _   0.008 0.077 0.001 0.036 0.011 0.019 0.413 0.436 
  17 K _   0.008 0.081 0.001 0.037 0.011 0.019 0.399 0.443 
  18 A _   0.008 0.084 0.001 0.037 0.011 0.019 0.388 0.452 
  19 I _   0.009 0.083 0.001 0.036 0.011 0.018 0.378 0.464 
  20 L _   0.009 0.081 0.001 0.032 0.010 0.016 0.370 0.482 
  21 V _   0.008 0.076 0.001 0.027 0.008 0.015 0.362 0.503 
  22 K _   0.008 0.069 0.001 0.021 0.007 0.014 0.356 0.525 
  23 S _   0.008 0.060 0.001 0.016 0.006 0.013 0.349 0.548 
  24 T _   0.007 0.053 0.001 0.012 0.005 0.012 0.343 0.568 
  25 E _   0.007 0.047 0.000 0.009 0.004 0.011 0.338 0.584 
  26 D _   0.007 0.044 0.000 0.007 0.004 0.011 0.331 0.595 
  27 G _   0.007 0.043 0.000 0.007 0.004 0.012 0.325 0.602 
  28 R _   0.008 0.043 0.000 0.008 0.004 0.013 0.319 0.604 
  29 Q _   0.009 0.045 0.001 0.011 0.005 0.014 0.311 0.604 
  30 Y _   0.010 0.049 0.001 0.015 0.007 0.015 0.303 0.600 
  31 V _   0.010 0.054 0.001 0.020 0.008 0.016 0.296 0.595 
  32 I _   0.011 0.058 0.001 0.025 0.009 0.017 0.289 0.590 
  33 K _   0.011 0.061 0.001 0.029 0.010 0.017 0.282 0.588 
  34 E _   0.011 0.062 0.001 0.032 0.010 0.016 0.277 0.590 
  35 I _   0.011 0.061 0.001 0.031 0.010 0.015 0.273 0.597 
  36 N _   0.010 0.058 0.001 0.029 0.009 0.014 0.270 0.609 
  37 I _   0.010 0.052 0.001 0.025 0.007 0.013 0.267 0.625 
  38 S _   0.009 0.044 0.001 0.019 0.006 0.011 0.265 0.645 
  39 R _   0.008 0.034 0.001 0.014 0.004 0.010 0.263 0.666 
  40 M _   0.007 0.025 0.000 0.010 0.003 0.009 0.260 0.685 
  41 S _   0.006 0.019 0.000 0.007 0.002 0.008 0.257 0.701 
  42 S _   0.006 0.014 0.000 0.005 0.002 0.007 0.254 0.712 
  43 K _   0.005 0.012 0.000 0.004 0.002 0.007 0.250 0.720 
  44 E _   0.005 0.012 0.000 0.003 0.002 0.008 0.245 0.725 
  45 R _   0.006 0.013 0.000 0.004 0.002 0.010 0.239 0.726 
  46 E _   0.007 0.016 0.000 0.006 0.003 0.012 0.232 0.723 
  47 E _   0.009 0.023 0.001 0.010 0.005 0.016 0.223 0.714 
  48 S _   0.011 0.036 0.001 0.016 0.008 0.019 0.212 0.697 
  49 R _   0.013 0.056 0.001 0.024 0.012 0.023 0.201 0.671 
  50 R _   0.014 0.078 0.001 0.033 0.015 0.026 0.189 0.643 
  51 E _   0.015 0.097 0.002 0.042 0.018 0.028 0.179 0.620 
  52 V _   0.016 0.110 0.002 0.049 0.019 0.029 0.170 0.606 
  53 A _   0.017 0.118 0.001 0.052 0.020 0.029 0.163 0.600 
  54 V _   0.018 0.121 0.001 0.051 0.019 0.028 0.157 0.604 
  55 L _   0.018 0.120 0.001 0.048 0.018 0.027 0.153 0.616 
  56 A _   0.018 0.114 0.001 0.042 0.016 0.025 0.149 0.634 
  57 N _   0.018 0.104 0.001 0.034 0.014 0.023 0.147 0.659 
  58 M _   0.017 0.091 0.001 0.027 0.012 0.021 0.144 0.686 
  59 K _   0.016 0.077 0.001 0.021 0.010 0.019 0.143 0.713 
  60 H _   0.015 0.064 0.001 0.017 0.008 0.017 0.141 0.738 
  61 P _   0.014 0.054 0.001 0.014 0.006 0.016 0.139 0.757 
  62 N _   0.013 0.046 0.001 0.012 0.006 0.015 0.138 0.771 
  63 I _   0.012 0.041 0.001 0.011 0.005 0.014 0.136 0.781 
  64 V _   0.011 0.036 0.001 0.011 0.005 0.013 0.134 0.790 
  65 Q _   0.010 0.032 0.001 0.010 0.004 0.012 0.132 0.798 
  66 Y _   0.010 0.029 0.001 0.009 0.004 0.012 0.129 0.806 
  67 R _   0.009 0.027 0.000 0.009 0.004 0.011 0.127 0.814 
  68 E _   0.008 0.024 0.000 0.007 0.003 0.011 0.124 0.821 
  69 S _   0.008 0.023 0.000 0.007 0.003 0.011 0.120 0.827 
  70 F _   0.009 0.023 0.000 0.006 0.003 0.012 0.117 0.830 
  71 E _   0.009 0.024 0.000 0.006 0.004 0.014 0.113 0.829 
  72 E _   0.011 0.027 0.001 0.008 0.005 0.016 0.109 0.824 
  73 N _   0.014 0.033 0.001 0.010 0.007 0.019 0.104 0.812 
  74 G _   0.016 0.043 0.001 0.015 0.010 0.023 0.099 0.792 
  75 S _   0.019 0.058 0.001 0.022 0.014 0.026 0.094 0.766 
  76 L _   0.021 0.074 0.001 0.031 0.017 0.028 0.089 0.739 
  77 Y _   0.023 0.088 0.002 0.038 0.020 0.030 0.084 0.716 
  78 I _   0.024 0.098 0.002 0.045 0.021 0.030 0.080 0.701 
  79 V _   0.024 0.103 0.002 0.048 0.021 0.030 0.076 0.696 
  80 M _   0.024 0.103 0.002 0.048 0.020 0.028 0.074 0.701 
  81 D _   0.022 0.100 0.001 0.045 0.018 0.026 0.072 0.715 
  82 Y _   0.021 0.092 0.001 0.039 0.016 0.024 0.071 0.737 
  83 C _   0.019 0.079 0.001 0.031 0.013 0.021 0.070 0.765 
  84 E _   0.017 0.064 0.001 0.024 0.010 0.018 0.069 0.796 
  85 G _   0.015 0.048 0.001 0.018 0.008 0.016 0.068 0.827 
  86 G _   0.013 0.034 0.001 0.013 0.006 0.014 0.067 0.852 
  87 D _   0.012 0.023 0.001 0.010 0.004 0.012 0.066 0.872 
  88 L _   0.010 0.016 0.000 0.008 0.004 0.011 0.065 0.885 
  89 F _   0.010 0.012 0.000 0.006 0.003 0.010 0.064 0.895 
  90 K _   0.009 0.009 0.000 0.006 0.003 0.010 0.062 0.900 
  91 R _   0.009 0.008 0.000 0.007 0.003 0.010 0.060 0.903 
  92 I _   0.009 0.007 0.000 0.008 0.004 0.011 0.058 0.904 
  93 N _   0.009 0.007 0.000 0.009 0.004 0.012 0.056 0.902 
  94 A _   0.011 0.007 0.001 0.011 0.005 0.013 0.053 0.900 
  95 Q _   0.013 0.007 0.001 0.013 0.006 0.014 0.051 0.896 
  96 K _   0.016 0.006 0.001 0.014 0.006 0.015 0.049 0.893 
  97 G _   0.020 0.006 0.001 0.014 0.007 0.016 0.046 0.890 
  98 V _   0.026 0.005 0.001 0.013 0.007 0.016 0.044 0.888 
  99 L _   0.036 0.003 0.001 0.011 0.007 0.017 0.042 0.884 
 100 F _   0.051 0.002 0.001 0.008 0.006 0.017 0.039 0.875 
 101 Q _   0.074 0.001 0.001 0.005 0.006 0.018 0.037 0.858 
 102 E _   0.107 0.000 0.001 0.004 0.006 0.019 0.034 0.829 
 103 D _   0.153 0.000 0.001 0.002 0.007 0.021 0.031 0.785 
 104 Q _   0.216 0.000 0.001 0.002 0.009 0.024 0.028 0.721 
 105 I _   0.298 0.000 0.001 0.002 0.012 0.027 0.024 0.637 
 106 L _   0.390 0.000 0.001 0.002 0.017 0.030 0.021 0.539 
 107 D H   0.480 0.000 0.001 0.002 0.023 0.033 0.019 0.442 
 108 W H   0.554 0.000 0.002 0.002 0.029 0.035 0.018 0.361 
 109 F H   0.605 0.000 0.002 0.003 0.034 0.035 0.017 0.304 
 110 V H   0.638 0.001 0.002 0.004 0.037 0.035 0.016 0.267 
 111 Q H   0.653 0.001 0.002 0.005 0.040 0.034 0.017 0.248 
 112 I H   0.653 0.001 0.002 0.006 0.040 0.033 0.017 0.247 
 113 C H   0.637 0.001 0.002 0.007 0.039 0.031 0.018 0.264 
 114 L H   0.604 0.001 0.002 0.007 0.037 0.029 0.020 0.300 
 115 A H   0.552 0.001 0.002 0.007 0.032 0.027 0.022 0.357 
 116 L H   0.482 0.001 0.002 0.006 0.026 0.025 0.025 0.434 
 117 K _   0.399 0.000 0.002 0.005 0.019 0.022 0.028 0.525 
 118 H _   0.311 0.000 0.001 0.005 0.014 0.019 0.031 0.619 
 119 V _   0.231 0.000 0.001 0.004 0.010 0.017 0.035 0.703 
 120 H _   0.166 0.000 0.001 0.004 0.007 0.015 0.038 0.769 
 121 D _   0.117 0.000 0.001 0.004 0.005 0.013 0.040 0.819 
 122 R _   0.081 0.000 0.001 0.005 0.004 0.012 0.042 0.855 
 123 K _   0.056 0.000 0.001 0.005 0.004 0.011 0.043 0.880 
 124 I _   0.039 0.000 0.000 0.005 0.003 0.010 0.044 0.897 
 125 L _   0.027 0.000 0.000 0.006 0.003 0.009 0.045 0.909 
 126 H _   0.020 0.001 0.000 0.006 0.003 0.009 0.046 0.916 
 127 R _   0.015 0.001 0.000 0.006 0.003 0.009 0.046 0.921 
 128 D _   0.012 0.001 0.000 0.006 0.003 0.009 0.046 0.923 
 129 I _   0.010 0.001 0.000 0.006 0.003 0.009 0.046 0.924 
 130 K _   0.010 0.001 0.000 0.007 0.003 0.010 0.045 0.924 
 131 S _   0.010 0.001 0.000 0.007 0.004 0.010 0.045 0.923 
 132 Q _   0.010 0.002 0.000 0.008 0.004 0.011 0.045 0.920 
 133 N _   0.010 0.002 0.001 0.009 0.005 0.012 0.044 0.917 
 134 I _   0.011 0.003 0.001 0.010 0.005 0.014 0.043 0.914 
 135 F _   0.011 0.003 0.001 0.011 0.006 0.015 0.043 0.911 
 136 L _   0.012 0.003 0.001 0.012 0.006 0.016 0.042 0.908 
 137 T _   0.013 0.003 0.001 0.012 0.006 0.017 0.042 0.906 
 138 K _   0.014 0.003 0.001 0.011 0.007 0.019 0.041 0.904 
 139 D _   0.016 0.003 0.001 0.011 0.007 0.021 0.041 0.901 
 140 G _   0.018 0.003 0.001 0.010 0.008 0.023 0.040 0.898 
 141 T _   0.022 0.003 0.001 0.010 0.008 0.025 0.039 0.892 
 142 V _   0.026 0.003 0.001 0.010 0.009 0.028 0.039 0.885 
 143 Q _   0.031 0.003 0.001 0.010 0.011 0.031 0.038 0.875 
 144 L _   0.038 0.003 0.001 0.011 0.012 0.034 0.038 0.863 
 145 G _   0.045 0.003 0.001 0.012 0.014 0.038 0.037 0.850 
 146 D _   0.052 0.003 0.001 0.013 0.016 0.041 0.037 0.838 
 147 F _   0.059 0.003 0.001 0.013 0.017 0.043 0.036 0.827 
 148 G _   0.067 0.003 0.001 0.012 0.018 0.046 0.036 0.817 
 149 I _   0.075 0.003 0.001 0.011 0.018 0.048 0.036 0.808 
 150 A _   0.083 0.002 0.001 0.010 0.018 0.049 0.036 0.800 
 151 R _   0.090 0.002 0.001 0.009 0.018 0.051 0.036 0.793 
 152 V _   0.098 0.002 0.001 0.007 0.019 0.052 0.036 0.785 
 153 L _   0.105 0.002 0.001 0.007 0.020 0.054 0.036 0.776 
 154 N _   0.113 0.002 0.001 0.007 0.022 0.056 0.036 0.765 
 155 S _   0.120 0.003 0.001 0.008 0.024 0.057 0.036 0.751 
 156 T _   0.125 0.004 0.002 0.010 0.027 0.059 0.036 0.738 
 157 V _   0.130 0.006 0.002 0.012 0.030 0.059 0.037 0.724 
 158 E _   0.132 0.008 0.002 0.016 0.033 0.059 0.038 0.713 
 159 L _   0.131 0.011 0.002 0.019 0.034 0.057 0.039 0.707 
 160 A _   0.128 0.013 0.002 0.022 0.034 0.055 0.040 0.706 
 161 R _   0.121 0.015 0.002 0.024 0.033 0.052 0.041 0.713 
 162 T _   0.111 0.016 0.002 0.024 0.030 0.048 0.043 0.727 
 163 C _   0.100 0.016 0.002 0.023 0.026 0.043 0.045 0.745 
 164 I _   0.087 0.015 0.002 0.022 0.022 0.039 0.047 0.766 
 165 G _   0.074 0.014 0.001 0.021 0.018 0.034 0.049 0.788 
 166 T _   0.062 0.013 0.001 0.019 0.015 0.030 0.051 0.808 
 167 P _   0.050 0.012 0.001 0.018 0.012 0.026 0.054 0.828 
 168 Y _   0.040 0.010 0.001 0.017 0.010 0.022 0.056 0.845 
 169 Y _   0.032 0.009 0.001 0.015 0.008 0.019 0.058 0.859 
 170 L _   0.024 0.007 0.001 0.014 0.006 0.016 0.059 0.872 
 171 S _   0.019 0.006 0.001 0.013 0.005 0.013 0.061 0.882 
 172 P _   0.015 0.005 0.000 0.012 0.004 0.011 0.062 0.891 
 173 E _   0.012 0.004 0.000 0.010 0.003 0.009 0.063 0.898 
 174 I _   0.010 0.003 0.000 0.008 0.003 0.008 0.063 0.905 
 175 C _   0.008 0.002 0.000 0.007 0.002 0.006 0.063 0.911 
 176 E _   0.007 0.001 0.000 0.005 0.002 0.005 0.063 0.917 
 177 N _   0.007 0.001 0.000 0.003 0.001 0.004 0.062 0.921 
 178 K _   0.007 0.000 0.000 0.002 0.001 0.004 0.061 0.924 
 179 P _   0.009 0.000 0.000 0.002 0.001 0.003 0.059 0.925 
 180 Y _   0.015 0.000 0.000 0.001 0.001 0.004 0.056 0.922 
 181 N _   0.030 0.000 0.000 0.001 0.002 0.005 0.053 0.909 
 182 N _   0.064 0.000 0.000 0.001 0.003 0.007 0.048 0.876 
 183 K _   0.134 0.000 0.001 0.001 0.004 0.011 0.041 0.808 
 184 S _   0.246 0.000 0.001 0.002 0.007 0.016 0.033 0.695 
 185 D _   0.388 0.000 0.001 0.002 0.012 0.021 0.024 0.551 
 186 I H   0.532 0.000 0.001 0.002 0.019 0.025 0.017 0.404 
 187 W H   0.647 0.000 0.002 0.002 0.025 0.027 0.012 0.285 
 188 A H   0.729 0.000 0.002 0.002 0.030 0.027 0.009 0.202 
 189 L H   0.783 0.000 0.002 0.002 0.032 0.025 0.007 0.148 
 190 G H   0.816 0.000 0.002 0.002 0.033 0.023 0.006 0.117 
 191 C H   0.834 0.000 0.002 0.002 0.033 0.021 0.005 0.103 
 192 V H   0.839 0.000 0.002 0.002 0.033 0.019 0.005 0.101 
 193 L H   0.831 0.000 0.002 0.002 0.032 0.018 0.005 0.111 
 194 Y H   0.809 0.000 0.002 0.002 0.030 0.017 0.005 0.136 
 195 E H   0.770 0.000 0.002 0.002 0.028 0.016 0.006 0.177 
 196 L H   0.711 0.000 0.002 0.002 0.025 0.016 0.007 0.238 
 197 C H   0.634 0.000 0.002 0.002 0.021 0.016 0.008 0.318 
 198 T H   0.544 0.000 0.001 0.002 0.017 0.016 0.010 0.411 
 199 L _   0.449 0.000 0.001 0.002 0.014 0.015 0.012 0.506 
 200 K _   0.360 0.000 0.001 0.002 0.011 0.015 0.015 0.595 
 201 H _   0.285 0.000 0.001 0.003 0.009 0.015 0.018 0.670 
 202 A _   0.221 0.000 0.001 0.003 0.007 0.016 0.020 0.732 
 203 F _   0.173 0.000 0.001 0.003 0.006 0.016 0.022 0.780 
 204 E _   0.137 0.000 0.001 0.003 0.005 0.016 0.024 0.814 
 205 A _   0.113 0.000 0.001 0.003 0.005 0.017 0.025 0.836 
 206 G _   0.096 0.000 0.001 0.003 0.005 0.019 0.026 0.849 
 207 S _   0.087 0.001 0.001 0.004 0.006 0.021 0.027 0.853 
 208 M _   0.082 0.001 0.001 0.005 0.008 0.024 0.028 0.850 
 209 K _   0.080 0.003 0.001 0.007 0.011 0.028 0.029 0.840 
 210 N _   0.080 0.007 0.001 0.011 0.014 0.032 0.030 0.825 
 211 L _   0.079 0.012 0.001 0.016 0.018 0.034 0.031 0.808 
 212 V _   0.078 0.018 0.002 0.022 0.021 0.036 0.033 0.791 
 213 L _   0.075 0.023 0.002 0.027 0.023 0.037 0.034 0.779 
 214 K _   0.071 0.026 0.002 0.029 0.023 0.037 0.036 0.775 
 215 I _   0.066 0.028 0.002 0.030 0.023 0.035 0.038 0.778 
 216 I _   0.060 0.028 0.002 0.028 0.020 0.033 0.041 0.788 
 217 S _   0.052 0.027 0.001 0.025 0.018 0.030 0.043 0.803 
 218 G _   0.045 0.025 0.001 0.021 0.015 0.027 0.046 0.820 
 219 S _   0.038 0.023 0.001 0.017 0.012 0.024 0.049 0.836 
 220 F _   0.032 0.020 0.001 0.014 0.009 0.022 0.052 0.851 
 221 P _   0.027 0.018 0.001 0.011 0.007 0.019 0.054 0.862 
 222 P _   0.023 0.016 0.001 0.009 0.006 0.018 0.056 0.871 
 223 V _   0.019 0.015 0.001 0.008 0.005 0.016 0.059 0.877 
 224 S _   0.017 0.015 0.001 0.008 0.005 0.015 0.060 0.880 
 225 L _   0.015 0.016 0.001 0.008 0.004 0.014 0.062 0.881 
 226 H _   0.013 0.017 0.000 0.008 0.004 0.014 0.063 0.880 
 227 Y _   0.013 0.019 0.001 0.008 0.005 0.014 0.064 0.876 
 228 S _   0.012 0.022 0.001 0.010 0.005 0.015 0.065 0.870 
 229 Y _   0.012 0.027 0.001 0.012 0.006 0.016 0.066 0.860 
 230 D _   0.012 0.034 0.001 0.015 0.007 0.017 0.067 0.846 
 231 L _   0.013 0.043 0.001 0.020 0.009 0.018 0.068 0.829 
 232 R _   0.013 0.051 0.001 0.026 0.010 0.019 0.069 0.811 
 233 S _   0.014 0.059 0.001 0.032 0.011 0.019 0.071 0.793 
 234 L _   0.014 0.064 0.001 0.037 0.012 0.019 0.072 0.780 
 235 V _   0.014 0.067 0.001 0.040 0.012 0.019 0.075 0.772 
 236 S _   0.014 0.067 0.001 0.041 0.012 0.018 0.078 0.771 
 237 Q _   0.013 0.064 0.001 0.038 0.010 0.016 0.081 0.776 
 238 L _   0.012 0.057 0.001 0.033 0.009 0.014 0.085 0.789 
 239 F _   0.011 0.047 0.001 0.026 0.007 0.012 0.090 0.807 
 240 K _   0.010 0.034 0.001 0.018 0.005 0.010 0.094 0.828 
 241 R _   0.009 0.021 0.001 0.012 0.004 0.008 0.098 0.847 
 242 N _   0.007 0.012 0.000 0.007 0.002 0.007 0.101 0.862 
 243 P _   0.006 0.007 0.000 0.004 0.002 0.006 0.104 0.872 
 244 R _   0.005 0.004 0.000 0.003 0.001 0.005 0.105 0.876 
 245 D _   0.005 0.003 0.000 0.002 0.001 0.006 0.106 0.877 
 246 R _   0.006 0.003 0.000 0.002 0.001 0.007 0.106 0.874 
 247 P _   0.007 0.005 0.000 0.003 0.002 0.009 0.106 0.869 
 248 S _   0.009 0.008 0.000 0.005 0.003 0.013 0.104 0.856 
 249 V _   0.012 0.019 0.001 0.010 0.006 0.018 0.103 0.832 
 250 N _   0.015 0.040 0.001 0.018 0.010 0.024 0.100 0.792 
 251 S _   0.018 0.071 0.001 0.029 0.015 0.030 0.096 0.740 
 252 I _   0.019 0.105 0.002 0.040 0.020 0.034 0.093 0.688 
 253 L _   0.021 0.132 0.002 0.051 0.023 0.037 0.090 0.645 
 254 E _   0.021 0.150 0.002 0.059 0.025 0.038 0.088 0.617 
 255 K _   0.022 0.159 0.002 0.063 0.027 0.039 0.087 0.602 
 256 G _   0.022 0.162 0.002 0.063 0.027 0.038 0.087 0.599 
 257 F _   0.023 0.159 0.002 0.059 0.025 0.037 0.087 0.607 
 258 I _   0.023 0.151 0.002 0.051 0.023 0.035 0.088 0.626 
 259 A _   0.023 0.136 0.002 0.042 0.020 0.034 0.090 0.652 
 260 K _   0.024 0.115 0.002 0.033 0.017 0.032 0.093 0.686 
 261 R _   0.024 0.090 0.001 0.023 0.014 0.030 0.096 0.722 
 262 I _   0.024 0.067 0.001 0.016 0.011 0.029 0.099 0.754 
 263 E _   0.024 0.050 0.001 0.011 0.008 0.028 0.101 0.778 
 264 K _   0.024 0.040 0.001 0.007 0.007 0.027 0.103 0.791 
 265 F _   0.025 0.035 0.001 0.006 0.006 0.028 0.105 0.794 
 266 L _   0.028 0.034 0.001 0.006 0.007 0.029 0.106 0.791 
 267 S _   0.031 0.035 0.001 0.006 0.008 0.031 0.107 0.780 
 268 P _   0.035 0.039 0.001 0.009 0.011 0.034 0.108 0.763 
 269 Q _   0.039 0.047 0.001 0.013 0.014 0.037 0.109 0.739 
 270 L _   0.043 0.059 0.001 0.019 0.018 0.039 0.110 0.711 
 271 I _   0.045 0.072 0.002 0.025 0.021 0.041 0.111 0.683 
 272 A _   0.046 0.083 0.002 0.031 0.024 0.041 0.113 0.660 
 273 E _   0.046 0.091 0.002 0.035 0.025 0.040 0.115 0.645 
 274 E _   0.045 0.096 0.002 0.038 0.024 0.038 0.118 0.639 
 275 F _   0.042 0.097 0.002 0.038 0.023 0.035 0.122 0.640 
 276 C _   0.039 0.096 0.002 0.037 0.020 0.032 0.126 0.648 
 277 L _   0.035 0.091 0.001 0.034 0.017 0.028 0.131 0.661 
 278 K _   0.031 0.083 0.001 0.029 0.014 0.025 0.137 0.679 
 279 T _   0.027 0.074 0.001 0.024 0.011 0.021 0.142 0.699 
 280 F _   0.023 0.063 0.001 0.019 0.009 0.018 0.148 0.719 
 281 S _   0.019 0.052 0.001 0.015 0.006 0.015 0.154 0.738 
 282 K _   0.016 0.042 0.001 0.012 0.005 0.012 0.159 0.753 
 283 F _   0.013 0.034 0.000 0.009 0.004 0.010 0.164 0.765 
 284 G _   0.010 0.029 0.000 0.008 0.003 0.009 0.168 0.773 
 285 S _   0.009 0.026 0.000 0.006 0.002 0.008 0.171 0.778 
 286 Q _   0.007 0.024 0.000 0.006 0.002 0.007 0.173 0.780 
 287 P _   0.006 0.023 0.000 0.006 0.002 0.007 0.175 0.781 
 288 I _   0.006 0.024 0.000 0.006 0.002 0.006 0.176 0.780 
 289 P _   0.005 0.025 0.000 0.006 0.002 0.006 0.177 0.778 
 290 A _   0.005 0.027 0.000 0.007 0.002 0.007 0.177 0.775 
 291 K _   0.005 0.030 0.000 0.007 0.002 0.007 0.177 0.771 
 292 R _   0.005 0.034 0.000 0.008 0.002 0.007 0.177 0.767 
 293 P _   0.005 0.040 0.000 0.009 0.003 0.008 0.176 0.760 
 294 A _   0.005 0.048 0.000 0.010 0.003 0.008 0.174 0.752 
 295 S _   0.005 0.058 0.000 0.011 0.004 0.009 0.173 0.741 
 296 G _   0.005 0.072 0.001 0.013 0.004 0.010 0.171 0.724 
 297 Q _   0.006 0.091 0.001 0.015 0.005 0.011 0.169 0.701 
 298 N _   0.006 0.114 0.001 0.019 0.007 0.012 0.167 0.674 
 299 S _   0.007 0.140 0.001 0.023 0.008 0.014 0.165 0.644 
 300 I _   0.007 0.165 0.001 0.027 0.009 0.014 0.164 0.614 
 301 S _   0.007 0.187 0.001 0.030 0.009 0.015 0.163 0.588 
 302 V _   0.007 0.205 0.001 0.032 0.010 0.015 0.163 0.568 
 303 M _   0.007 0.217 0.001 0.033 0.009 0.015 0.163 0.555 
 304 P _   0.007 0.223 0.001 0.032 0.009 0.014 0.165 0.549 
 305 A _   0.007 0.226 0.001 0.029 0.008 0.014 0.167 0.548 
 306 Q _   0.007 0.226 0.001 0.025 0.008 0.013 0.169 0.551 
 307 K _   0.007 0.223 0.001 0.021 0.007 0.013 0.172 0.557 
 308 I _   0.007 0.219 0.001 0.017 0.006 0.012 0.175 0.563 
 309 T _   0.007 0.215 0.001 0.014 0.005 0.012 0.179 0.568 
 310 K _   0.007 0.213 0.001 0.013 0.005 0.012 0.182 0.569 
 311 P _   0.007 0.212 0.001 0.012 0.005 0.012 0.185 0.567 
 312 A _   0.007 0.214 0.001 0.014 0.005 0.012 0.188 0.560 
 313 A _   0.007 0.217 0.001 0.016 0.006 0.013 0.191 0.550 
 314 K _   0.008 0.220 0.001 0.020 0.006 0.013 0.195 0.537 
 315 Y _   0.008 0.224 0.001 0.025 0.007 0.013 0.198 0.524 
 316 G _   0.008 0.226 0.001 0.030 0.008 0.013 0.203 0.511 
 317 I _   0.008 0.226 0.001 0.034 0.008 0.013 0.209 0.501 
 318 P _   0.008 0.221 0.001 0.036 0.009 0.013 0.216 0.496 
 319 L _   0.008 0.212 0.001 0.036 0.009 0.013 0.226 0.496 
 320 A _   0.008 0.195 0.001 0.034 0.008 0.012 0.237 0.504 
 321 Y _   0.008 0.170 0.001 0.030 0.007 0.011 0.252 0.520 
 322 K _   0.008 0.137 0.001 0.025 0.007 0.011 0.269 0.543 
 323 K _   0.008 0.102 0.001 0.020 0.005 0.010 0.287 0.567 
 324 Y _   0.008 0.070 0.001 0.015 0.004 0.009 0.304 0.590 
 325 G _   0.007 0.046 0.000 0.011 0.003 0.008 0.319 0.606 
 326 D _   0.007 0.030 0.000 0.008 0.002 0.007 0.331 0.615 
 327 K _   0.006 0.020 0.000 0.006 0.002 0.006 0.341 0.619 
 328 K _   0.006 0.014 0.000 0.005 0.001 0.005 0.348 0.620 
 329 L _   0.005 0.010 0.000 0.005 0.001 0.005 0.353 0.620 
 330 H _   0.005 0.008 0.000 0.004 0.001 0.005 0.357 0.619 
 331 E _   0.004 0.007 0.000 0.004 0.001 0.005 0.360 0.618 
 332 K _   0.004 0.006 0.000 0.005 0.001 0.005 0.361 0.617 
 333 K _   0.004 0.006 0.000 0.005 0.001 0.005 0.362 0.617 
 334 P _   0.004 0.005 0.000 0.006 0.001 0.005 0.362 0.616 
 335 L _   0.004 0.005 0.000 0.006 0.001 0.005 0.361 0.616 
 336 Q _   0.004 0.005 0.000 0.007 0.002 0.006 0.360 0.617 
 337 K _   0.004 0.006 0.000 0.007 0.002 0.006 0.358 0.617 
 338 H _   0.004 0.006 0.000 0.008 0.002 0.006 0.356 0.619 
 339 K _   0.004 0.006 0.000 0.008 0.002 0.006 0.354 0.620 
 340 Q _   0.004 0.007 0.000 0.008 0.002 0.006 0.351 0.622 
 341 A _   0.004 0.007 0.000 0.009 0.002 0.006 0.348 0.624 
 342 H _   0.004 0.007 0.000 0.008 0.002 0.006 0.345 0.628 
 343 Q _   0.004 0.007 0.000 0.008 0.002 0.006 0.342 0.631 
 344 T _   0.004 0.008 0.000 0.008 0.002 0.005 0.338 0.635 
 345 P _   0.003 0.008 0.000 0.007 0.002 0.005 0.334 0.640 
 346 E _   0.003 0.009 0.000 0.007 0.002 0.005 0.329 0.644 
 347 K _   0.003 0.009 0.000 0.007 0.002 0.005 0.325 0.648 
 348 R _   0.003 0.010 0.000 0.007 0.002 0.005 0.319 0.652 
 349 V _   0.003 0.011 0.000 0.008 0.002 0.006 0.314 0.656 
 350 N _   0.003 0.013 0.000 0.008 0.002 0.006 0.307 0.660 
 351 T _   0.004 0.015 0.000 0.009 0.002 0.006 0.301 0.663 
 352 G _   0.004 0.017 0.000 0.010 0.003 0.007 0.294 0.666 
 353 E _   0.004 0.020 0.000 0.010 0.003 0.007 0.286 0.669 
 354 E _   0.004 0.023 0.000 0.011 0.003 0.007 0.279 0.673 
 355 R _   0.004 0.026 0.000 0.011 0.003 0.007 0.272 0.676 
 356 R _   0.004 0.029 0.000 0.012 0.003 0.008 0.264 0.679 
 357 K _   0.004 0.033 0.000 0.012 0.003 0.008 0.256 0.682 
 358 I _   0.004 0.036 0.000 0.013 0.004 0.008 0.249 0.685 
 359 S _   0.004 0.040 0.000 0.014 0.004 0.009 0.242 0.687 
 360 E _   0.005 0.044 0.000 0.015 0.004 0.009 0.234 0.688 
 361 E _   0.005 0.048 0.001 0.016 0.004 0.010 0.227 0.689 
 362 A _   0.005 0.052 0.001 0.017 0.005 0.010 0.221 0.690 
 363 A _   0.006 0.055 0.001 0.018 0.005 0.010 0.215 0.690 
 364 R _   0.006 0.058 0.001 0.019 0.005 0.010 0.210 0.691 
 365 K _   0.006 0.060 0.001 0.020 0.005 0.010 0.205 0.693 
 366 R _   0.006 0.061 0.001 0.020 0.005 0.010 0.201 0.696 
 367 R _   0.006 0.061 0.001 0.019 0.005 0.010 0.198 0.700 
 368 L _   0.006 0.060 0.001 0.018 0.005 0.010 0.195 0.705 
 369 E _   0.006 0.058 0.001 0.017 0.004 0.009 0.192 0.713 
 370 F _   0.006 0.055 0.000 0.014 0.004 0.009 0.190 0.722 
 371 I _   0.006 0.052 0.000 0.012 0.003 0.008 0.187 0.732 
 372 E _   0.006 0.048 0.000 0.009 0.003 0.008 0.185 0.741 
 373 K _   0.006 0.045 0.000 0.007 0.002 0.007 0.183 0.750 
 374 E _   0.005 0.043 0.000 0.006 0.002 0.007 0.180 0.756 
 375 K _   0.006 0.043 0.000 0.005 0.002 0.008 0.177 0.760 
 376 K _   0.006 0.044 0.000 0.005 0.002 0.009 0.173 0.760 
 377 Q _   0.007 0.048 0.000 0.007 0.003 0.010 0.169 0.755 
 378 K _   0.008 0.056 0.001 0.010 0.005 0.012 0.165 0.744 
 379 D _   0.010 0.072 0.001 0.015 0.006 0.015 0.159 0.723 
 380 Q _   0.011 0.093 0.001 0.022 0.009 0.017 0.153 0.695 
 381 I _   0.012 0.116 0.001 0.031 0.011 0.018 0.147 0.665 
 382 I _   0.012 0.135 0.001 0.040 0.012 0.019 0.142 0.639 
 383 S _   0.012 0.146 0.001 0.046 0.012 0.019 0.138 0.624 
 384 L _   0.012 0.151 0.001 0.048 0.012 0.018 0.136 0.621 
 385 M _   0.011 0.151 0.001 0.046 0.011 0.017 0.134 0.628 
 386 K _   0.011 0.146 0.001 0.041 0.010 0.016 0.133 0.643 
 387 A _   0.010 0.135 0.001 0.033 0.008 0.014 0.133 0.666 
 388 E _   0.009 0.119 0.001 0.025 0.006 0.012 0.133 0.694 
 389 Q _   0.009 0.101 0.001 0.017 0.005 0.010 0.133 0.725 
 390 M _   0.008 0.084 0.000 0.012 0.003 0.009 0.133 0.751 
 391 K _   0.007 0.072 0.000 0.008 0.003 0.008 0.132 0.770 
 392 R _   0.007 0.065 0.000 0.006 0.002 0.007 0.131 0.782 
 393 Q _   0.006 0.062 0.000 0.005 0.002 0.007 0.130 0.789 
 394 E _   0.006 0.061 0.000 0.005 0.002 0.007 0.128 0.791 
 395 K _   0.006 0.063 0.000 0.006 0.002 0.007 0.125 0.791 
 396 E _   0.006 0.068 0.000 0.007 0.003 0.008 0.121 0.787 
 397 R _   0.006 0.077 0.000 0.009 0.003 0.009 0.117 0.778 
 398 L _   0.006 0.089 0.001 0.011 0.004 0.010 0.112 0.767 
 399 E _   0.006 0.105 0.001 0.014 0.005 0.011 0.107 0.752 
 400 R _   0.006 0.123 0.001 0.017 0.005 0.011 0.101 0.737 
 401 I _   0.006 0.141 0.001 0.019 0.006 0.012 0.095 0.722 
 402 N _   0.006 0.157 0.001 0.020 0.006 0.012 0.090 0.708 
 403 R _   0.006 0.172 0.001 0.020 0.006 0.012 0.086 0.697 
 404 A _   0.006 0.185 0.001 0.021 0.006 0.012 0.082 0.688 
 405 R _   0.006 0.196 0.001 0.020 0.006 0.012 0.078 0.680 
 406 E _   0.006 0.205 0.001 0.020 0.006 0.012 0.075 0.674 
 407 Q _   0.006 0.213 0.001 0.020 0.006 0.012 0.072 0.670 
 408 G _   0.006 0.220 0.001 0.019 0.006 0.011 0.070 0.666 
 409 W _   0.006 0.226 0.001 0.019 0.006 0.011 0.068 0.664 
 410 R _   0.006 0.230 0.001 0.018 0.006 0.011 0.066 0.662 
 411 N _   0.006 0.234 0.001 0.017 0.005 0.010 0.065 0.662 
 412 V _   0.006 0.236 0.001 0.016 0.005 0.010 0.064 0.663 
 413 L _   0.006 0.237 0.001 0.014 0.005 0.010 0.062 0.665 
 414 S _   0.006 0.238 0.001 0.013 0.004 0.009 0.061 0.667 
 415 A _   0.006 0.239 0.000 0.012 0.004 0.009 0.060 0.669 
 416 G _   0.006 0.241 0.000 0.011 0.004 0.009 0.059 0.670 
 417 G _   0.006 0.244 0.000 0.010 0.004 0.010 0.058 0.668 
 418 S _   0.006 0.249 0.000 0.011 0.004 0.010 0.056 0.663 
 419 G _   0.006 0.257 0.001 0.011 0.005 0.011 0.055 0.655 
 420 E _   0.007 0.268 0.001 0.013 0.005 0.012 0.053 0.642 
 421 V _   0.007 0.283 0.001 0.014 0.006 0.013 0.051 0.624 
 422 K _   0.008 0.301 0.001 0.017 0.007 0.014 0.049 0.603 
 423 A _   0.008 0.322 0.001 0.019 0.008 0.014 0.048 0.580 
 424 P _   0.008 0.343 0.001 0.022 0.009 0.015 0.046 0.556 
 425 F _   0.008 0.362 0.001 0.024 0.009 0.015 0.045 0.535 
 426 L _   0.008 0.378 0.001 0.027 0.010 0.015 0.044 0.517 
 427 G _   0.008 0.389 0.001 0.029 0.010 0.015 0.043 0.504 
 428 S _   0.008 0.395 0.001 0.031 0.010 0.015 0.043 0.497 
 429 G _   0.008 0.397 0.001 0.031 0.010 0.014 0.044 0.495 
 430 G _   0.008 0.395 0.001 0.030 0.010 0.014 0.044 0.498 
 431 T _   0.008 0.387 0.001 0.028 0.009 0.013 0.045 0.508 
 432 I _   0.008 0.374 0.001 0.026 0.008 0.013 0.047 0.524 
 433 A _   0.008 0.356 0.001 0.022 0.007 0.012 0.049 0.545 
 434 P _   0.008 0.333 0.001 0.018 0.006 0.011 0.051 0.571 
 435 S _   0.008 0.309 0.001 0.015 0.005 0.011 0.053 0.599 
 436 S _   0.007 0.288 0.001 0.012 0.004 0.011 0.055 0.623 
 437 F _   0.007 0.272 0.000 0.009 0.004 0.011 0.056 0.641 
 438 S _   0.007 0.263 0.000 0.007 0.003 0.011 0.057 0.652 
 439 S _   0.007 0.258 0.000 0.007 0.003 0.011 0.058 0.655 
 440 R _   0.007 0.258 0.000 0.007 0.003 0.012 0.059 0.653 
 441 G _   0.007 0.263 0.000 0.009 0.004 0.013 0.059 0.644 
 442 Q _   0.008 0.273 0.001 0.011 0.005 0.015 0.059 0.628 
 443 Y _   0.009 0.291 0.001 0.015 0.007 0.016 0.058 0.603 
 444 E _   0.009 0.314 0.001 0.021 0.009 0.018 0.058 0.571 
 445 H _   0.010 0.338 0.001 0.027 0.011 0.018 0.058 0.537 
 446 Y _   0.010 0.361 0.001 0.033 0.012 0.019 0.058 0.507 
 447 H _   0.010 0.377 0.001 0.040 0.013 0.019 0.058 0.482 
 448 A _   0.010 0.387 0.001 0.045 0.013 0.019 0.059 0.466 
 449 I _   0.010 0.389 0.001 0.048 0.013 0.018 0.061 0.459 
 450 F _   0.011 0.385 0.001 0.049 0.013 0.017 0.064 0.461 
 451 D _   0.011 0.372 0.001 0.048 0.012 0.016 0.067 0.473 
 452 Q _   0.011 0.346 0.001 0.044 0.011 0.015 0.072 0.500 
 453 M _   0.011 0.303 0.001 0.038 0.010 0.014 0.079 0.543 
 454 Q _   0.011 0.244 0.001 0.032 0.009 0.013 0.087 0.603 
 455 Q _   0.011 0.177 0.001 0.024 0.007 0.012 0.096 0.671 
 456 Q _   0.011 0.116 0.001 0.017 0.005 0.011 0.104 0.735 
 457 R _   0.009 0.073 0.001 0.011 0.004 0.009 0.111 0.782 
 458 A _   0.008 0.049 0.000 0.007 0.002 0.007 0.115 0.811 
 459 E _   0.006 0.036 0.000 0.005 0.002 0.006 0.118 0.827 
 460 D _   0.005 0.030 0.000 0.004 0.001 0.006 0.119 0.834 
 461 N _   0.005 0.028 0.000 0.004 0.001 0.006 0.120 0.836 
 462 E _   0.005 0.028 0.000 0.004 0.001 0.006 0.119 0.835 
 463 A _   0.005 0.030 0.000 0.006 0.002 0.007 0.119 0.831 
 464 K _   0.005 0.035 0.000 0.009 0.003 0.008 0.117 0.824 
 465 W _   0.005 0.041 0.000 0.012 0.003 0.009 0.115 0.814 
 466 K _   0.006 0.049 0.001 0.016 0.004 0.010 0.113 0.802 
 467 R _   0.006 0.056 0.001 0.019 0.005 0.011 0.111 0.791 
 468 E _   0.006 0.063 0.001 0.022 0.005 0.011 0.110 0.783 
 469 I _   0.006 0.067 0.001 0.023 0.006 0.011 0.109 0.779 
 470 Y _   0.006 0.070 0.001 0.022 0.006 0.011 0.108 0.777 
 471 G _   0.006 0.071 0.001 0.021 0.006 0.011 0.108 0.778 
 472 R _   0.006 0.071 0.001 0.019 0.005 0.011 0.108 0.780 
 473 G _   0.006 0.070 0.001 0.017 0.005 0.010 0.108 0.783 
 474 L _   0.006 0.069 0.001 0.015 0.005 0.010 0.108 0.786 
 475 P _   0.007 0.068 0.001 0.014 0.005 0.010 0.109 0.787 
 476 E _   0.007 0.067 0.001 0.013 0.005 0.010 0.110 0.788 
 477 R _   0.007 0.066 0.001 0.012 0.004 0.010 0.111 0.789 
 478 G _   0.007 0.065 0.001 0.012 0.004 0.010 0.112 0.788 
 479 I _   0.008 0.065 0.001 0.012 0.005 0.010 0.113 0.787 
 480 L _   0.008 0.065 0.001 0.012 0.005 0.010 0.114 0.785 
 481 P _   0.008 0.065 0.001 0.012 0.005 0.010 0.115 0.784 
 482 G _   0.008 0.065 0.001 0.013 0.005 0.011 0.116 0.783 
 483 V _   0.008 0.065 0.001 0.013 0.005 0.011 0.117 0.781 
 484 R _   0.008 0.065 0.001 0.014 0.005 0.011 0.119 0.778 
 485 P _   0.008 0.065 0.001 0.015 0.005 0.011 0.120 0.775 
 486 G _   0.008 0.065 0.001 0.016 0.005 0.011 0.122 0.772 
 487 F _   0.008 0.065 0.001 0.017 0.006 0.012 0.124 0.768 
 488 P _   0.008 0.065 0.001 0.018 0.006 0.011 0.126 0.765 
 489 Y _   0.008 0.064 0.001 0.019 0.006 0.011 0.128 0.763 
 490 G _   0.008 0.063 0.001 0.019 0.006 0.011 0.130 0.763 
 491 A _   0.007 0.061 0.001 0.019 0.005 0.010 0.132 0.765 
 492 A _   0.007 0.057 0.001 0.018 0.005 0.009 0.135 0.769 
 493 G _   0.007 0.053 0.001 0.015 0.004 0.009 0.138 0.774 
 494 H _   0.006 0.047 0.000 0.013 0.004 0.008 0.140 0.782 
 495 H _   0.005 0.042 0.000 0.010 0.003 0.007 0.143 0.789 
 496 H _   0.005 0.037 0.000 0.008 0.002 0.006 0.145 0.795 
 497 F _   0.004 0.033 0.000 0.006 0.002 0.006 0.147 0.800 
 498 P _   0.004 0.031 0.000 0.005 0.002 0.006 0.149 0.803 
 499 D _   0.004 0.030 0.000 0.005 0.002 0.006 0.150 0.803 
 500 A _   0.004 0.031 0.000 0.005 0.002 0.006 0.150 0.801 
 501 D _   0.005 0.033 0.000 0.006 0.002 0.007 0.150 0.796 
 502 D _   0.005 0.038 0.000 0.008 0.003 0.009 0.150 0.787 
 503 I _   0.006 0.046 0.000 0.011 0.004 0.010 0.149 0.773 
 504 R _   0.007 0.058 0.001 0.016 0.005 0.012 0.148 0.753 
 505 K _   0.007 0.073 0.001 0.022 0.007 0.014 0.147 0.730 
 506 T _   0.007 0.087 0.001 0.029 0.008 0.015 0.146 0.707 
 507 L _   0.008 0.098 0.001 0.035 0.009 0.016 0.146 0.689 
 508 K _   0.008 0.105 0.001 0.039 0.009 0.016 0.146 0.676 
 509 R _   0.008 0.109 0.001 0.040 0.009 0.015 0.147 0.670 
 510 L _   0.008 0.109 0.001 0.039 0.009 0.014 0.149 0.670 
 511 K _   0.008 0.106 0.001 0.036 0.008 0.013 0.152 0.675 
 512 A _   0.008 0.099 0.001 0.031 0.007 0.012 0.156 0.686 
 513 V _   0.007 0.090 0.001 0.025 0.006 0.011 0.160 0.701 
 514 S _   0.007 0.077 0.001 0.019 0.005 0.009 0.165 0.717 
 515 K _   0.007 0.064 0.001 0.014 0.004 0.008 0.169 0.734 
 516 Q _   0.006 0.052 0.000 0.010 0.003 0.007 0.173 0.748 
 517 A _   0.006 0.044 0.000 0.007 0.002 0.006 0.176 0.758 
 518 N _   0.005 0.038 0.000 0.005 0.002 0.006 0.179 0.765 
 519 A _   0.005 0.035 0.000 0.004 0.002 0.005 0.180 0.768 
 520 N _   0.005 0.034 0.000 0.004 0.001 0.006 0.181 0.768 
 521 R _   0.005 0.035 0.000 0.004 0.002 0.006 0.182 0.766 
 522 Q _   0.005 0.038 0.000 0.006 0.002 0.007 0.181 0.761 
 523 K _   0.005 0.044 0.000 0.007 0.003 0.008 0.181 0.752 
 524 G _   0.005 0.052 0.000 0.010 0.003 0.009 0.179 0.740 
 525 Q _   0.006 0.064 0.001 0.013 0.004 0.010 0.178 0.724 
 526 L _   0.006 0.078 0.001 0.017 0.005 0.011 0.176 0.706 
 527 A _   0.006 0.092 0.001 0.020 0.006 0.012 0.175 0.688 
 528 V _   0.006 0.104 0.001 0.023 0.006 0.012 0.173 0.674 
 529 E _   0.006 0.113 0.001 0.025 0.007 0.013 0.173 0.662 
 530 R _   0.006 0.119 0.001 0.027 0.007 0.013 0.173 0.654 
 531 A _   0.006 0.123 0.001 0.027 0.007 0.013 0.174 0.648 
 532 K _   0.007 0.125 0.001 0.028 0.007 0.013 0.175 0.644 
 533 Q _   0.007 0.125 0.001 0.028 0.007 0.013 0.178 0.642 
 534 V _   0.007 0.124 0.001 0.027 0.007 0.012 0.181 0.641 
 535 E _   0.007 0.120 0.001 0.027 0.007 0.012 0.184 0.642 
 536 E _   0.008 0.114 0.001 0.025 0.007 0.012 0.189 0.645 
 537 F _   0.008 0.106 0.001 0.023 0.006 0.011 0.194 0.651 
 538 L _   0.008 0.095 0.001 0.021 0.006 0.010 0.200 0.660 
 539 Q _   0.007 0.082 0.001 0.018 0.005 0.010 0.206 0.671 
 540 R _   0.007 0.068 0.001 0.015 0.004 0.009 0.213 0.685 
 541 K _   0.006 0.054 0.000 0.012 0.003 0.008 0.219 0.698 
 542 R _   0.005 0.042 0.000 0.009 0.003 0.007 0.224 0.709 
 543 E _   0.005 0.034 0.000 0.007 0.002 0.007 0.228 0.717 
 544 A _   0.004 0.028 0.000 0.005 0.002 0.006 0.232 0.722 
 545 M _   0.004 0.025 0.000 0.004 0.002 0.007 0.235 0.723 
 546 Q _   0.005 0.024 0.000 0.004 0.002 0.007 0.237 0.722 
 547 N _   0.005 0.024 0.000 0.004 0.002 0.008 0.238 0.718 
 548 K _   0.006 0.025 0.000 0.005 0.002 0.010 0.239 0.711 
 549 A _   0.008 0.028 0.000 0.007 0.003 0.013 0.240 0.701 
 550 R _   0.010 0.034 0.001 0.009 0.005 0.016 0.241 0.684 
 551 A _   0.013 0.043 0.001 0.012 0.007 0.020 0.241 0.662 
 552 E _   0.016 0.055 0.001 0.017 0.010 0.024 0.242 0.634 
 553 G _   0.020 0.069 0.001 0.021 0.014 0.028 0.243 0.603 
 554 H _   0.024 0.083 0.001 0.027 0.018 0.032 0.244 0.571 
 555 M _   0.028 0.096 0.001 0.032 0.021 0.034 0.246 0.541 
 556 V _   0.031 0.105 0.002 0.037 0.024 0.036 0.250 0.516 
 557 Y _   0.033 0.111 0.002 0.041 0.025 0.036 0.255 0.499 
 558 L _   0.033 0.113 0.002 0.042 0.025 0.035 0.261 0.489 
 559 A _   0.033 0.112 0.002 0.041 0.023 0.033 0.268 0.488 
 560 R _   0.031 0.107 0.002 0.038 0.021 0.030 0.277 0.494 
 561 L _   0.029 0.098 0.001 0.034 0.017 0.027 0.288 0.506 
 562 R _   0.026 0.086 0.001 0.028 0.014 0.023 0.299 0.522 
 563 Q _   0.023 0.071 0.001 0.023 0.011 0.020 0.312 0.540 
 564 I _   0.020 0.055 0.001 0.017 0.008 0.017 0.324 0.559 
 565 R _   0.016 0.041 0.001 0.013 0.006 0.014 0.335 0.574 
 566 L _   0.014 0.030 0.001 0.009 0.004 0.011 0.345 0.585 
 567 Q _   0.011 0.023 0.000 0.007 0.003 0.010 0.353 0.592 
 568 N _   0.009 0.019 0.000 0.006 0.003 0.008 0.360 0.595 
 569 F _   0.008 0.016 0.000 0.005 0.002 0.007 0.366 0.595 
 570 N _   0.007 0.014 0.000 0.005 0.002 0.007 0.372 0.593 
 571 E _   0.006 0.014 0.000 0.006 0.002 0.007 0.376 0.589 
 572 R _   0.006 0.014 0.000 0.007 0.002 0.007 0.380 0.584 
 573 Q _   0.005 0.014 0.000 0.009 0.003 0.007 0.384 0.578 
 574 Q _   0.005 0.015 0.000 0.010 0.003 0.007 0.388 0.572 
 575 I _   0.005 0.015 0.000 0.012 0.003 0.007 0.391 0.566 
 576 K _   0.005 0.015 0.000 0.013 0.003 0.007 0.395 0.561 
 577 A _   0.005 0.015 0.000 0.014 0.003 0.007 0.399 0.556 
 578 K _   0.005 0.015 0.000 0.013 0.003 0.007 0.404 0.553 
 579 L _   0.005 0.014 0.000 0.013 0.003 0.006 0.408 0.551 
 580 R _   0.004 0.013 0.000 0.011 0.002 0.006 0.413 0.550 
 581 G _   0.004 0.011 0.000 0.009 0.002 0.005 0.417 0.550 
 582 E _   0.004 0.010 0.000 0.008 0.002 0.005 0.421 0.551 
 583 K _   0.004 0.009 0.000 0.006 0.001 0.004 0.424 0.551 
 584 K _   0.003 0.008 0.000 0.005 0.001 0.004 0.427 0.552 
 585 E _   0.003 0.007 0.000 0.004 0.001 0.004 0.428 0.552 
 586 A _   0.003 0.007 0.000 0.004 0.001 0.004 0.429 0.552 
 587 N _   0.003 0.007 0.000 0.004 0.001 0.004 0.429 0.552 
 588 H _   0.003 0.008 0.000 0.004 0.001 0.004 0.428 0.552 
 589 S _   0.003 0.009 0.000 0.005 0.001 0.004 0.426 0.552 
 590 E _   0.003 0.011 0.000 0.005 0.001 0.004 0.423 0.553 
 591 G _   0.003 0.013 0.000 0.006 0.001 0.004 0.419 0.553 
 592 Q _   0.003 0.016 0.000 0.007 0.002 0.005 0.415 0.553 
 593 E _   0.003 0.020 0.000 0.008 0.002 0.005 0.409 0.553 
 594 G _   0.003 0.025 0.000 0.009 0.002 0.006 0.403 0.553 
 595 S _   0.003 0.030 0.000 0.010 0.002 0.006 0.396 0.553 
 596 E _   0.003 0.037 0.000 0.011 0.002 0.006 0.388 0.552 
 597 E _   0.003 0.044 0.000 0.013 0.003 0.007 0.381 0.550 
 598 A _   0.003 0.052 0.000 0.014 0.003 0.007 0.373 0.548 
 599 D _   0.003 0.061 0.000 0.015 0.003 0.008 0.365 0.544 
 600 M _   0.003 0.070 0.000 0.016 0.004 0.008 0.359 0.540 
 601 R _   0.003 0.079 0.000 0.017 0.004 0.009 0.352 0.536 
 602 R _   0.003 0.087 0.000 0.017 0.004 0.009 0.346 0.533 
 603 K _   0.003 0.094 0.001 0.018 0.004 0.009 0.341 0.530 
 604 K _   0.003 0.100 0.001 0.017 0.004 0.009 0.337 0.528 
 605 I _   0.004 0.106 0.001 0.017 0.004 0.010 0.333 0.527 
 606 E _   0.004 0.110 0.001 0.016 0.004 0.010 0.329 0.526 
 607 S _   0.004 0.114 0.001 0.015 0.004 0.010 0.327 0.525 
 608 L _   0.005 0.118 0.001 0.015 0.005 0.011 0.324 0.523 
 609 K _   0.005 0.122 0.001 0.015 0.005 0.012 0.322 0.519 
 610 A _   0.006 0.126 0.001 0.015 0.005 0.013 0.320 0.514 
 611 H _   0.007 0.130 0.001 0.017 0.006 0.014 0.318 0.507 
 612 A _   0.008 0.136 0.001 0.019 0.007 0.014 0.317 0.498 
 613 N _   0.009 0.141 0.001 0.022 0.008 0.015 0.316 0.488 
 614 A _   0.010 0.145 0.001 0.025 0.009 0.016 0.316 0.478 
 615 R _   0.011 0.148 0.001 0.028 0.009 0.016 0.317 0.470 
 616 A _   0.011 0.148 0.001 0.030 0.010 0.016 0.319 0.466 
 617 A _   0.012 0.146 0.001 0.031 0.009 0.015 0.321 0.466 
 618 V _   0.012 0.140 0.001 0.029 0.009 0.014 0.325 0.471 
 619 L _   0.011 0.130 0.001 0.027 0.008 0.013 0.330 0.481 
 620 K _   0.011 0.115 0.001 0.023 0.007 0.012 0.335 0.497 
 621 E _   0.010 0.096 0.001 0.019 0.006 0.011 0.342 0.517 
 622 Q _   0.010 0.075 0.001 0.014 0.005 0.009 0.348 0.538 
 623 L _   0.009 0.057 0.001 0.011 0.003 0.008 0.354 0.557 
 624 E _   0.008 0.043 0.000 0.008 0.003 0.007 0.359 0.572 
 625 R _   0.007 0.033 0.000 0.006 0.002 0.006 0.363 0.583 
 626 K _   0.006 0.028 0.000 0.004 0.002 0.006 0.365 0.589 
 627 R _   0.005 0.025 0.000 0.004 0.001 0.005 0.367 0.593 
 628 K _   0.005 0.024 0.000 0.003 0.001 0.005 0.367 0.594 
 629 E _   0.004 0.024 0.000 0.004 0.001 0.005 0.366 0.595 
 630 A _   0.004 0.026 0.000 0.004 0.002 0.006 0.365 0.594 
 631 Y _   0.004 0.029 0.000 0.005 0.002 0.007 0.362 0.591 
 632 E _   0.005 0.035 0.000 0.007 0.002 0.008 0.358 0.585 
 633 R _   0.005 0.045 0.000 0.009 0.003 0.010 0.353 0.575 
 634 E _   0.006 0.061 0.001 0.012 0.004 0.012 0.346 0.558 
 635 K _   0.006 0.084 0.001 0.017 0.006 0.014 0.339 0.533 
 636 K _   0.007 0.114 0.001 0.023 0.008 0.015 0.330 0.502 
 637 V _   0.007 0.149 0.001 0.030 0.010 0.017 0.321 0.466 
 638 W _   0.007 0.184 0.001 0.037 0.012 0.018 0.314 0.428 
 639 E _   0.007 0.214 0.001 0.045 0.013 0.018 0.307 0.394 
 640 E _   0.007 0.235 0.001 0.052 0.014 0.018 0.303 0.370 
 641 H _   0.007 0.247 0.001 0.057 0.014 0.018 0.301 0.355 
 642 L _   0.007 0.252 0.001 0.060 0.014 0.017 0.301 0.348 
 643 V _   0.008 0.251 0.001 0.059 0.013 0.017 0.302 0.348 
 644 A _   0.008 0.244 0.001 0.056 0.013 0.016 0.306 0.357 
 645 K _   0.008 0.228 0.001 0.050 0.012 0.014 0.311 0.376 
 646 G _   0.009 0.201 0.001 0.041 0.010 0.013 0.319 0.406 
 647 V _   0.009 0.162 0.001 0.032 0.009 0.012 0.329 0.446 
 648 K _   0.009 0.116 0.001 0.023 0.007 0.011 0.341 0.492 
 649 S _   0.009 0.074 0.001 0.016 0.005 0.010 0.353 0.534 
 650 S _   0.008 0.043 0.001 0.010 0.004 0.008 0.362 0.564 
 651 D _   0.007 0.025 0.000 0.007 0.003 0.007 0.369 0.582 
 652 V _   0.006 0.015 0.000 0.005 0.002 0.006 0.374 0.591 
 653 S _   0.005 0.010 0.000 0.005 0.002 0.006 0.378 0.594 
 654 P _   0.005 0.008 0.000 0.005 0.002 0.006 0.380 0.594 
 655 P _   0.005 0.006 0.000 0.005 0.002 0.006 0.382 0.593 
 656 L _   0.005 0.005 0.000 0.006 0.002 0.006 0.383 0.592 
 657 G _   0.004 0.005 0.000 0.007 0.002 0.006 0.384 0.592 
 658 Q _   0.004 0.004 0.000 0.007 0.002 0.006 0.384 0.592 
 659 H _   0.004 0.003 0.000 0.007 0.002 0.006 0.384 0.594 
 660 E _   0.004 0.003 0.000 0.006 0.002 0.006 0.383 0.596 
 661 T _   0.003 0.002 0.000 0.005 0.002 0.006 0.382 0.599 
 662 G _   0.004 0.001 0.000 0.004 0.002 0.006 0.381 0.602 
 663 G _   0.004 0.001 0.000 0.003 0.002 0.007 0.379 0.604 
