#TopoPred_TM8: 8-state transmembrane topology prediction results by no_profile mode 
#probabilities are in the order of H E C I L F X _, the 8 transmembrane topology types used in PDBTM 
   1 M X   0.011 0.001 0.002 0.062 0.010 0.011 0.765 0.137 
   2 S X   0.005 0.001 0.000 0.043 0.002 0.006 0.789 0.154 
   3 V X   0.002 0.000 0.000 0.029 0.001 0.005 0.796 0.166 
   4 L X   0.002 0.001 0.000 0.022 0.001 0.005 0.796 0.174 
   5 G X   0.002 0.001 0.000 0.018 0.001 0.005 0.792 0.180 
   6 E X   0.002 0.001 0.000 0.015 0.001 0.006 0.786 0.188 
   7 Y X   0.003 0.001 0.000 0.012 0.001 0.006 0.780 0.196 
   8 E X   0.003 0.002 0.000 0.010 0.001 0.005 0.773 0.205 
   9 R X   0.003 0.002 0.000 0.009 0.001 0.005 0.765 0.215 
  10 H X   0.002 0.002 0.000 0.008 0.001 0.005 0.757 0.225 
  11 C X   0.002 0.003 0.000 0.007 0.001 0.004 0.747 0.235 
  12 D X   0.002 0.004 0.000 0.006 0.001 0.004 0.737 0.245 
  13 S X   0.002 0.005 0.000 0.006 0.001 0.004 0.726 0.256 
  14 I X   0.002 0.006 0.000 0.007 0.001 0.004 0.714 0.265 
  15 N X   0.002 0.008 0.000 0.008 0.002 0.004 0.701 0.275 
  16 S X   0.002 0.011 0.000 0.010 0.002 0.005 0.687 0.283 
  17 D X   0.002 0.015 0.000 0.012 0.002 0.005 0.671 0.291 
  18 F X   0.002 0.020 0.000 0.015 0.003 0.006 0.655 0.298 
  19 G X   0.002 0.025 0.000 0.018 0.003 0.006 0.639 0.305 
  20 S X   0.002 0.030 0.000 0.021 0.003 0.007 0.624 0.313 
  21 E X   0.002 0.034 0.000 0.022 0.004 0.007 0.609 0.321 
  22 S X   0.002 0.037 0.000 0.023 0.004 0.007 0.597 0.330 
  23 G X   0.002 0.039 0.000 0.022 0.003 0.007 0.586 0.340 
  24 G X   0.002 0.040 0.000 0.020 0.003 0.006 0.577 0.351 
  25 C X   0.003 0.041 0.000 0.017 0.003 0.006 0.568 0.362 
  26 G X   0.003 0.041 0.000 0.015 0.002 0.006 0.560 0.373 
  27 D X   0.003 0.041 0.000 0.012 0.002 0.005 0.553 0.383 
  28 S X   0.003 0.041 0.000 0.010 0.002 0.005 0.546 0.394 
  29 S X   0.002 0.041 0.000 0.009 0.002 0.005 0.538 0.403 
  30 P X   0.002 0.041 0.000 0.008 0.002 0.005 0.529 0.412 
  31 G X   0.002 0.043 0.000 0.008 0.002 0.005 0.520 0.421 
  32 P X   0.003 0.045 0.000 0.008 0.002 0.005 0.508 0.429 
  33 S X   0.003 0.049 0.000 0.009 0.002 0.006 0.495 0.436 
  34 A X   0.003 0.055 0.000 0.010 0.002 0.006 0.480 0.443 
  35 S X   0.003 0.064 0.000 0.012 0.003 0.007 0.462 0.450 
  36 Q _   0.003 0.076 0.000 0.014 0.003 0.008 0.441 0.455 
  37 G _   0.003 0.091 0.001 0.017 0.004 0.009 0.418 0.457 
  38 P _   0.003 0.111 0.001 0.020 0.004 0.010 0.393 0.458 
  39 R _   0.003 0.135 0.001 0.022 0.005 0.011 0.366 0.457 
  40 A _   0.003 0.162 0.001 0.025 0.006 0.012 0.338 0.453 
  41 G _   0.004 0.193 0.001 0.027 0.006 0.012 0.311 0.446 
  42 G _   0.004 0.224 0.001 0.028 0.007 0.013 0.285 0.439 
  43 G _   0.004 0.257 0.001 0.028 0.007 0.013 0.260 0.430 
  44 A _   0.004 0.289 0.001 0.028 0.007 0.014 0.236 0.420 
  45 A _   0.004 0.322 0.001 0.028 0.008 0.014 0.215 0.409 
  46 E _   0.004 0.353 0.001 0.027 0.008 0.015 0.196 0.396 
  47 Q _   0.005 0.382 0.001 0.026 0.008 0.015 0.179 0.384 
  48 E E   0.005 0.409 0.001 0.025 0.009 0.015 0.164 0.372 
  49 E E   0.005 0.433 0.001 0.024 0.009 0.016 0.152 0.360 
  50 L E   0.006 0.457 0.001 0.024 0.009 0.016 0.140 0.348 
  51 H E   0.006 0.478 0.001 0.023 0.009 0.016 0.130 0.336 
  52 Y E   0.006 0.499 0.001 0.022 0.010 0.016 0.121 0.324 
  53 I E   0.007 0.517 0.001 0.022 0.010 0.016 0.114 0.314 
  54 P E   0.007 0.533 0.001 0.022 0.010 0.016 0.107 0.304 
  55 I E   0.007 0.547 0.001 0.021 0.010 0.016 0.101 0.296 
  56 R E   0.007 0.558 0.001 0.022 0.010 0.016 0.096 0.290 
  57 V E   0.008 0.567 0.001 0.022 0.010 0.016 0.092 0.286 
  58 L E   0.008 0.572 0.001 0.022 0.010 0.016 0.088 0.284 
  59 G E   0.008 0.575 0.001 0.022 0.010 0.015 0.085 0.284 
  60 R E   0.008 0.575 0.001 0.023 0.010 0.015 0.083 0.286 
  61 G E   0.008 0.573 0.001 0.024 0.010 0.014 0.081 0.291 
  62 A E   0.008 0.566 0.001 0.025 0.009 0.014 0.079 0.298 
  63 F E   0.008 0.556 0.001 0.026 0.009 0.013 0.078 0.309 
  64 G E   0.008 0.540 0.001 0.026 0.009 0.013 0.077 0.326 
  65 E E   0.008 0.516 0.001 0.027 0.010 0.013 0.077 0.349 
  66 A E   0.008 0.482 0.001 0.027 0.010 0.013 0.078 0.382 
  67 T E   0.009 0.434 0.001 0.026 0.010 0.013 0.079 0.428 
  68 L _   0.010 0.374 0.001 0.025 0.009 0.013 0.081 0.487 
  69 Y _   0.010 0.306 0.001 0.022 0.009 0.013 0.084 0.556 
  70 R _   0.010 0.240 0.001 0.018 0.007 0.013 0.086 0.624 
  71 R _   0.010 0.186 0.001 0.014 0.006 0.012 0.089 0.682 
  72 T _   0.009 0.149 0.001 0.010 0.005 0.012 0.091 0.724 
  73 E _   0.008 0.127 0.000 0.008 0.004 0.012 0.092 0.749 
  74 D _   0.008 0.116 0.000 0.007 0.003 0.012 0.092 0.761 
  75 D _   0.009 0.111 0.000 0.007 0.003 0.013 0.092 0.764 
  76 S _   0.009 0.110 0.000 0.009 0.004 0.014 0.092 0.761 
  77 L _   0.010 0.112 0.001 0.012 0.005 0.015 0.092 0.753 
  78 V _   0.011 0.116 0.001 0.017 0.007 0.016 0.091 0.740 
  79 V _   0.011 0.122 0.001 0.024 0.008 0.018 0.090 0.726 
  80 W _   0.012 0.126 0.001 0.030 0.010 0.018 0.090 0.714 
  81 K _   0.012 0.128 0.001 0.034 0.010 0.018 0.090 0.707 
  82 E _   0.012 0.126 0.001 0.037 0.011 0.018 0.090 0.705 
  83 V _   0.011 0.121 0.001 0.037 0.010 0.017 0.091 0.711 
  84 D _   0.011 0.112 0.001 0.034 0.009 0.016 0.093 0.724 
  85 L _   0.010 0.096 0.001 0.029 0.008 0.014 0.095 0.746 
  86 T _   0.010 0.075 0.001 0.023 0.007 0.013 0.097 0.775 
  87 R _   0.009 0.052 0.001 0.017 0.005 0.011 0.099 0.805 
  88 L _   0.008 0.031 0.001 0.011 0.004 0.010 0.101 0.834 
  89 S _   0.008 0.016 0.000 0.007 0.003 0.009 0.102 0.855 
  90 E _   0.007 0.007 0.000 0.004 0.002 0.009 0.102 0.868 
  91 K _   0.008 0.003 0.000 0.003 0.002 0.009 0.102 0.874 
  92 E _   0.011 0.001 0.000 0.002 0.002 0.011 0.101 0.873 
  93 R _   0.017 0.001 0.000 0.002 0.002 0.014 0.100 0.865 
  94 R _   0.027 0.001 0.000 0.002 0.004 0.019 0.098 0.849 
  95 D _   0.045 0.001 0.001 0.004 0.007 0.028 0.095 0.820 
  96 A _   0.068 0.003 0.001 0.006 0.013 0.040 0.092 0.776 
  97 L _   0.095 0.009 0.002 0.012 0.024 0.052 0.088 0.719 
  98 N _   0.120 0.021 0.002 0.020 0.037 0.062 0.084 0.654 
  99 E _   0.140 0.034 0.003 0.031 0.048 0.069 0.081 0.594 
 100 I _   0.154 0.046 0.003 0.041 0.055 0.072 0.078 0.550 
 101 V _   0.162 0.054 0.003 0.048 0.057 0.072 0.077 0.527 
 102 I _   0.164 0.057 0.003 0.051 0.057 0.069 0.076 0.524 
 103 L _   0.159 0.057 0.003 0.048 0.053 0.065 0.076 0.539 
 104 A _   0.148 0.052 0.003 0.041 0.046 0.058 0.077 0.575 
 105 L _   0.132 0.042 0.002 0.032 0.037 0.051 0.078 0.627 
 106 L _   0.113 0.029 0.002 0.022 0.027 0.043 0.079 0.686 
 107 Q _   0.091 0.017 0.001 0.014 0.018 0.035 0.080 0.743 
 108 H _   0.071 0.009 0.001 0.009 0.012 0.029 0.081 0.789 
 109 D _   0.054 0.005 0.001 0.006 0.008 0.024 0.082 0.820 
 110 N _   0.042 0.004 0.001 0.005 0.006 0.021 0.082 0.841 
 111 I _   0.033 0.003 0.001 0.005 0.005 0.018 0.082 0.854 
 112 I _   0.027 0.003 0.001 0.006 0.004 0.016 0.082 0.862 
 113 A _   0.021 0.003 0.001 0.006 0.004 0.015 0.081 0.868 
 114 Y _   0.018 0.004 0.001 0.007 0.004 0.014 0.080 0.873 
 115 Y _   0.015 0.004 0.001 0.007 0.004 0.014 0.079 0.876 
 116 N _   0.014 0.005 0.001 0.007 0.004 0.014 0.078 0.878 
 117 H _   0.013 0.006 0.000 0.007 0.004 0.014 0.076 0.879 
 118 F _   0.013 0.008 0.001 0.007 0.005 0.015 0.074 0.877 
 119 M _   0.013 0.011 0.001 0.009 0.006 0.017 0.072 0.872 
 120 D _   0.015 0.017 0.001 0.011 0.007 0.019 0.069 0.861 
 121 N _   0.016 0.025 0.001 0.016 0.010 0.021 0.067 0.843 
 122 T _   0.018 0.037 0.001 0.023 0.012 0.023 0.064 0.821 
 123 T _   0.019 0.050 0.001 0.032 0.015 0.025 0.062 0.796 
 124 L _   0.020 0.061 0.001 0.040 0.017 0.026 0.060 0.776 
 125 L _   0.020 0.068 0.001 0.046 0.017 0.025 0.058 0.764 
 126 I _   0.019 0.072 0.001 0.049 0.017 0.024 0.057 0.761 
 127 E _   0.018 0.071 0.001 0.047 0.016 0.022 0.056 0.768 
 128 L _   0.017 0.067 0.001 0.041 0.013 0.020 0.056 0.784 
 129 E _   0.015 0.060 0.001 0.033 0.011 0.017 0.056 0.807 
 130 Y _   0.014 0.049 0.001 0.025 0.008 0.015 0.056 0.833 
 131 C _   0.012 0.037 0.001 0.018 0.006 0.012 0.056 0.859 
 132 N _   0.010 0.026 0.001 0.013 0.004 0.011 0.056 0.879 
 133 G _   0.009 0.018 0.000 0.009 0.003 0.009 0.056 0.894 
 134 G _   0.008 0.013 0.000 0.008 0.003 0.008 0.055 0.903 
 135 N _   0.008 0.010 0.000 0.007 0.003 0.008 0.055 0.909 
 136 L _   0.007 0.008 0.000 0.007 0.003 0.008 0.054 0.912 
 137 Y _   0.007 0.007 0.000 0.008 0.003 0.008 0.053 0.915 
 138 D _   0.007 0.005 0.000 0.008 0.003 0.007 0.052 0.917 
 139 K _   0.007 0.004 0.000 0.008 0.003 0.007 0.051 0.919 
 140 I _   0.008 0.003 0.000 0.008 0.003 0.007 0.049 0.922 
 141 L _   0.009 0.002 0.000 0.007 0.003 0.007 0.047 0.925 
 142 R _   0.011 0.001 0.000 0.006 0.002 0.007 0.045 0.927 
 143 Q _   0.017 0.001 0.000 0.005 0.002 0.007 0.042 0.926 
 144 K _   0.027 0.000 0.000 0.004 0.003 0.008 0.039 0.919 
 145 D _   0.046 0.000 0.000 0.003 0.003 0.008 0.036 0.903 
 146 K _   0.078 0.000 0.000 0.002 0.004 0.010 0.032 0.873 
 147 L _   0.133 0.000 0.001 0.002 0.005 0.011 0.028 0.820 
 148 F _   0.212 0.000 0.001 0.002 0.007 0.013 0.022 0.743 
 149 E _   0.314 0.000 0.001 0.002 0.008 0.014 0.017 0.643 
 150 E _   0.428 0.000 0.001 0.001 0.010 0.015 0.013 0.532 
 151 E H   0.543 0.000 0.001 0.001 0.012 0.015 0.009 0.420 
 152 M H   0.648 0.000 0.001 0.001 0.013 0.014 0.006 0.317 
 153 V H   0.740 0.000 0.001 0.001 0.013 0.012 0.004 0.229 
 154 V H   0.810 0.000 0.001 0.001 0.013 0.010 0.002 0.162 
 155 W H   0.861 0.000 0.001 0.001 0.012 0.009 0.002 0.115 
 156 Y H   0.894 0.000 0.001 0.000 0.012 0.007 0.001 0.085 
 157 L H   0.914 0.000 0.001 0.000 0.011 0.006 0.001 0.067 
 158 F H   0.925 0.000 0.001 0.000 0.011 0.005 0.001 0.058 
 159 Q H   0.929 0.000 0.001 0.000 0.010 0.005 0.001 0.055 
 160 I H   0.927 0.000 0.001 0.000 0.010 0.004 0.001 0.057 
 161 V H   0.919 0.000 0.001 0.000 0.010 0.004 0.001 0.065 
 162 S H   0.906 0.000 0.001 0.000 0.010 0.005 0.001 0.077 
 163 A H   0.887 0.000 0.001 0.000 0.011 0.005 0.001 0.095 
 164 V H   0.859 0.000 0.001 0.000 0.012 0.006 0.001 0.121 
 165 S H   0.823 0.000 0.001 0.001 0.013 0.007 0.001 0.153 
 166 C H   0.778 0.000 0.001 0.001 0.015 0.009 0.002 0.195 
 167 I H   0.723 0.000 0.001 0.001 0.016 0.010 0.003 0.246 
 168 H H   0.658 0.000 0.001 0.002 0.017 0.012 0.004 0.307 
 169 K H   0.578 0.000 0.002 0.003 0.017 0.013 0.005 0.382 
 170 A H   0.490 0.000 0.002 0.003 0.016 0.014 0.007 0.468 
 171 G _   0.401 0.000 0.001 0.004 0.013 0.015 0.009 0.556 
 172 I _   0.317 0.000 0.001 0.003 0.011 0.015 0.011 0.641 
 173 L _   0.243 0.000 0.001 0.003 0.008 0.015 0.013 0.716 
 174 H _   0.184 0.000 0.001 0.003 0.007 0.015 0.015 0.776 
 175 R _   0.139 0.000 0.001 0.003 0.005 0.015 0.016 0.821 
 176 D _   0.108 0.000 0.001 0.003 0.005 0.016 0.017 0.851 
 177 I _   0.088 0.000 0.001 0.003 0.005 0.018 0.018 0.867 
 178 K _   0.075 0.001 0.001 0.004 0.006 0.020 0.019 0.875 
 179 T _   0.067 0.002 0.001 0.005 0.007 0.022 0.020 0.876 
 180 L _   0.062 0.004 0.001 0.008 0.010 0.025 0.020 0.869 
 181 N _   0.059 0.008 0.001 0.012 0.012 0.028 0.021 0.859 
 182 I _   0.056 0.014 0.001 0.016 0.015 0.030 0.022 0.846 
 183 F _   0.053 0.019 0.001 0.020 0.017 0.031 0.022 0.836 
 184 L _   0.050 0.024 0.001 0.024 0.018 0.032 0.023 0.828 
 185 T _   0.047 0.028 0.001 0.026 0.019 0.031 0.024 0.823 
 186 K _   0.044 0.031 0.001 0.027 0.019 0.030 0.025 0.823 
 187 A _   0.040 0.032 0.001 0.027 0.017 0.029 0.026 0.827 
 188 N _   0.037 0.032 0.001 0.026 0.016 0.027 0.027 0.833 
 189 L _   0.033 0.032 0.001 0.025 0.014 0.025 0.029 0.841 
 190 I _   0.030 0.030 0.001 0.023 0.012 0.022 0.031 0.851 
 191 K _   0.027 0.028 0.001 0.021 0.010 0.020 0.032 0.860 
 192 L _   0.023 0.025 0.001 0.019 0.008 0.018 0.034 0.871 
 193 G _   0.020 0.022 0.001 0.017 0.007 0.016 0.035 0.882 
 194 D _   0.017 0.018 0.001 0.015 0.006 0.014 0.037 0.893 
 195 Y _   0.014 0.014 0.001 0.012 0.005 0.012 0.038 0.904 
 196 G _   0.012 0.011 0.000 0.010 0.004 0.010 0.039 0.914 
 197 L _   0.010 0.008 0.000 0.007 0.003 0.009 0.040 0.922 
 198 A _   0.009 0.006 0.000 0.006 0.002 0.008 0.041 0.929 
 199 K _   0.007 0.004 0.000 0.004 0.002 0.007 0.041 0.933 
 200 K _   0.007 0.004 0.000 0.004 0.002 0.007 0.041 0.936 
 201 L _   0.007 0.004 0.000 0.003 0.002 0.008 0.040 0.936 
 202 N _   0.008 0.004 0.000 0.004 0.002 0.010 0.040 0.932 
 203 S _   0.009 0.006 0.000 0.006 0.003 0.012 0.039 0.925 
 204 E _   0.011 0.011 0.001 0.009 0.005 0.016 0.037 0.911 
 205 Y _   0.014 0.019 0.001 0.014 0.008 0.019 0.036 0.890 
 206 S _   0.016 0.031 0.001 0.021 0.011 0.023 0.034 0.863 
 207 M _   0.018 0.045 0.001 0.030 0.015 0.027 0.032 0.832 
 208 A _   0.020 0.057 0.001 0.038 0.018 0.029 0.030 0.806 
 209 E _   0.021 0.065 0.001 0.044 0.020 0.030 0.029 0.789 
 210 T _   0.022 0.069 0.001 0.047 0.020 0.030 0.028 0.781 
 211 L _   0.022 0.070 0.001 0.046 0.020 0.030 0.027 0.782 
 212 V _   0.022 0.068 0.001 0.043 0.019 0.029 0.027 0.791 
 213 G _   0.021 0.063 0.001 0.037 0.017 0.027 0.027 0.807 
 214 T _   0.021 0.055 0.001 0.030 0.014 0.025 0.027 0.828 
 215 P _   0.020 0.045 0.001 0.023 0.012 0.023 0.026 0.849 
 216 Y _   0.019 0.035 0.001 0.018 0.010 0.021 0.026 0.870 
 217 Y _   0.017 0.027 0.001 0.014 0.008 0.019 0.026 0.887 
 218 M _   0.016 0.021 0.001 0.012 0.007 0.018 0.026 0.899 
 219 S _   0.015 0.017 0.001 0.011 0.006 0.016 0.026 0.908 
 220 P _   0.015 0.014 0.001 0.011 0.006 0.015 0.026 0.913 
 221 E _   0.015 0.011 0.001 0.012 0.006 0.014 0.025 0.916 
 222 L _   0.015 0.009 0.001 0.012 0.006 0.013 0.025 0.919 
 223 C _   0.016 0.008 0.001 0.011 0.005 0.012 0.024 0.923 
 224 Q _   0.018 0.006 0.001 0.010 0.005 0.011 0.023 0.927 
 225 G _   0.021 0.003 0.001 0.008 0.004 0.010 0.022 0.930 
 226 V _   0.028 0.002 0.000 0.006 0.004 0.009 0.021 0.930 
 227 K _   0.039 0.001 0.000 0.004 0.003 0.008 0.020 0.926 
 228 Y _   0.057 0.000 0.000 0.002 0.003 0.008 0.018 0.911 
 229 N _   0.090 0.000 0.000 0.001 0.003 0.008 0.016 0.881 
 230 F _   0.145 0.000 0.001 0.001 0.004 0.009 0.014 0.827 
 231 K _   0.232 0.000 0.001 0.001 0.005 0.010 0.011 0.740 
 232 S _   0.358 0.000 0.001 0.001 0.007 0.011 0.009 0.614 
 233 D H   0.504 0.000 0.001 0.001 0.009 0.012 0.006 0.467 
 234 I H   0.646 0.000 0.001 0.001 0.012 0.012 0.004 0.324 
 235 W H   0.759 0.000 0.001 0.001 0.014 0.011 0.003 0.211 
 236 A H   0.833 0.000 0.001 0.001 0.015 0.010 0.002 0.138 
 237 V H   0.878 0.000 0.001 0.001 0.016 0.009 0.002 0.093 
 238 G H   0.903 0.000 0.001 0.001 0.016 0.008 0.002 0.070 
 239 C H   0.913 0.000 0.001 0.001 0.016 0.007 0.002 0.060 
 240 V H   0.912 0.000 0.001 0.001 0.017 0.007 0.002 0.060 
 241 I H   0.901 0.000 0.001 0.001 0.018 0.007 0.002 0.070 
 242 F H   0.876 0.000 0.001 0.001 0.018 0.007 0.003 0.093 
 243 E H   0.832 0.000 0.001 0.001 0.019 0.008 0.005 0.133 
 244 L H   0.761 0.000 0.002 0.002 0.019 0.009 0.008 0.199 
 245 L H   0.666 0.000 0.002 0.002 0.018 0.010 0.012 0.291 
 246 T H   0.549 0.000 0.002 0.002 0.015 0.010 0.018 0.404 
 247 L _   0.422 0.000 0.001 0.003 0.011 0.010 0.025 0.527 
 248 K _   0.300 0.000 0.001 0.003 0.008 0.010 0.033 0.645 
 249 R _   0.201 0.000 0.001 0.003 0.006 0.009 0.040 0.742 
 250 T _   0.125 0.000 0.001 0.002 0.004 0.008 0.045 0.815 
 251 F _   0.075 0.000 0.000 0.002 0.003 0.007 0.049 0.863 
 252 D _   0.046 0.000 0.000 0.002 0.002 0.007 0.053 0.891 
 253 A _   0.030 0.000 0.000 0.002 0.002 0.007 0.055 0.905 
 254 T _   0.022 0.000 0.000 0.002 0.002 0.008 0.056 0.910 
 255 N _   0.020 0.000 0.000 0.002 0.002 0.010 0.058 0.907 
 256 P _   0.021 0.001 0.000 0.003 0.003 0.014 0.059 0.899 
 257 L _   0.025 0.003 0.001 0.005 0.005 0.019 0.059 0.883 
 258 N _   0.031 0.008 0.001 0.008 0.009 0.026 0.060 0.858 
 259 L _   0.037 0.019 0.001 0.015 0.014 0.033 0.060 0.821 
 260 C _   0.042 0.035 0.002 0.023 0.021 0.039 0.060 0.778 
 261 V _   0.046 0.054 0.002 0.034 0.027 0.044 0.060 0.732 
 262 K _   0.049 0.071 0.002 0.043 0.032 0.047 0.061 0.695 
 263 I _   0.050 0.083 0.002 0.052 0.035 0.048 0.062 0.669 
 264 V _   0.049 0.090 0.002 0.057 0.035 0.048 0.064 0.655 
 265 Q _   0.048 0.092 0.002 0.059 0.034 0.046 0.066 0.653 
 266 G _   0.045 0.089 0.002 0.057 0.031 0.043 0.069 0.663 
 267 I _   0.042 0.082 0.002 0.050 0.027 0.039 0.073 0.685 
 268 R _   0.038 0.069 0.002 0.041 0.021 0.035 0.078 0.717 
 269 A _   0.034 0.051 0.002 0.029 0.016 0.030 0.082 0.755 
 270 M _   0.031 0.031 0.001 0.018 0.010 0.026 0.087 0.796 
 271 E _   0.028 0.014 0.001 0.010 0.007 0.023 0.090 0.827 
 272 V _   0.027 0.005 0.001 0.005 0.004 0.021 0.092 0.845 
 273 D _   0.028 0.001 0.000 0.003 0.003 0.021 0.094 0.850 
 274 S _   0.034 0.001 0.000 0.002 0.003 0.022 0.095 0.844 
 275 S _   0.046 0.000 0.000 0.002 0.004 0.027 0.095 0.825 
 276 Q _   0.065 0.001 0.001 0.002 0.008 0.034 0.096 0.793 
 277 Y _   0.090 0.004 0.001 0.005 0.016 0.044 0.096 0.743 
 278 S _   0.116 0.017 0.002 0.011 0.029 0.055 0.097 0.673 
 279 L _   0.136 0.048 0.003 0.022 0.044 0.063 0.097 0.586 
 280 E _   0.148 0.091 0.003 0.038 0.054 0.067 0.099 0.499 
 281 L _   0.152 0.128 0.003 0.053 0.058 0.066 0.102 0.437 
 282 I _   0.150 0.150 0.003 0.065 0.057 0.063 0.106 0.405 
 283 Q _   0.142 0.160 0.003 0.071 0.054 0.058 0.112 0.399 
 284 M _   0.131 0.160 0.003 0.071 0.048 0.052 0.120 0.415 
 285 V _   0.115 0.153 0.003 0.064 0.040 0.045 0.129 0.451 
 286 H _   0.097 0.135 0.003 0.053 0.031 0.038 0.140 0.505 
 287 S _   0.078 0.105 0.002 0.039 0.021 0.030 0.153 0.573 
 288 C _   0.059 0.069 0.002 0.026 0.013 0.023 0.165 0.642 
 289 L _   0.044 0.039 0.001 0.016 0.008 0.017 0.176 0.700 
 290 D _   0.031 0.020 0.001 0.009 0.004 0.012 0.184 0.738 
 291 Q _   0.021 0.010 0.000 0.005 0.003 0.009 0.190 0.762 
 292 D _   0.015 0.005 0.000 0.003 0.002 0.007 0.193 0.775 
 293 P _   0.010 0.003 0.000 0.003 0.001 0.005 0.195 0.782 
 294 E _   0.008 0.002 0.000 0.002 0.001 0.005 0.196 0.785 
 295 Q _   0.006 0.002 0.000 0.003 0.001 0.005 0.196 0.787 
 296 R _   0.005 0.003 0.000 0.003 0.001 0.005 0.195 0.787 
 297 P _   0.005 0.004 0.000 0.004 0.001 0.006 0.193 0.786 
 298 T _   0.005 0.007 0.000 0.006 0.002 0.007 0.190 0.783 
 299 A _   0.005 0.011 0.000 0.009 0.002 0.008 0.187 0.778 
 300 D _   0.005 0.017 0.000 0.012 0.003 0.009 0.182 0.772 
 301 E _   0.005 0.023 0.000 0.016 0.004 0.010 0.177 0.764 
 302 L _   0.005 0.030 0.001 0.019 0.004 0.010 0.173 0.758 
 303 L _   0.005 0.035 0.001 0.021 0.005 0.011 0.168 0.754 
 304 D _   0.005 0.040 0.001 0.022 0.005 0.011 0.164 0.753 
 305 R _   0.005 0.043 0.001 0.022 0.005 0.010 0.161 0.754 
 306 P _   0.005 0.044 0.001 0.021 0.005 0.010 0.158 0.757 
 307 L _   0.005 0.045 0.001 0.019 0.004 0.010 0.155 0.762 
 308 L _   0.005 0.044 0.000 0.016 0.004 0.009 0.152 0.769 
 309 R _   0.005 0.044 0.000 0.014 0.003 0.009 0.150 0.775 
 310 K _   0.005 0.043 0.000 0.012 0.003 0.009 0.148 0.780 
 311 R _   0.005 0.043 0.000 0.010 0.003 0.009 0.145 0.784 
 312 R _   0.005 0.044 0.000 0.010 0.003 0.009 0.143 0.785 
 313 R _   0.006 0.046 0.000 0.011 0.003 0.010 0.140 0.784 
 314 E _   0.006 0.049 0.000 0.013 0.004 0.011 0.137 0.780 
 315 M _   0.007 0.053 0.001 0.016 0.005 0.012 0.134 0.774 
 316 E _   0.007 0.057 0.001 0.020 0.006 0.012 0.131 0.766 
 317 E _   0.008 0.061 0.001 0.024 0.007 0.013 0.129 0.758 
 318 K _   0.008 0.065 0.001 0.027 0.007 0.013 0.126 0.752 
 319 V _   0.008 0.066 0.001 0.029 0.008 0.013 0.124 0.750 
 320 T _   0.009 0.066 0.001 0.030 0.008 0.013 0.123 0.751 
 321 L _   0.009 0.063 0.001 0.028 0.007 0.013 0.122 0.757 
 322 L _   0.009 0.058 0.001 0.025 0.007 0.012 0.122 0.767 
 323 N _   0.008 0.050 0.001 0.021 0.006 0.011 0.122 0.781 
 324 A _   0.008 0.041 0.001 0.016 0.005 0.010 0.122 0.797 
 325 P _   0.008 0.032 0.001 0.012 0.004 0.009 0.122 0.813 
 326 T _   0.007 0.024 0.000 0.008 0.003 0.008 0.122 0.827 
 327 K _   0.007 0.019 0.000 0.005 0.002 0.008 0.121 0.838 
 328 R _   0.006 0.016 0.000 0.004 0.002 0.008 0.120 0.844 
 329 P _   0.006 0.016 0.000 0.004 0.002 0.008 0.118 0.847 
 330 R _   0.007 0.017 0.000 0.004 0.002 0.010 0.115 0.845 
 331 S _   0.008 0.020 0.000 0.005 0.003 0.013 0.112 0.839 
 332 S _   0.010 0.029 0.001 0.008 0.005 0.017 0.107 0.823 
 333 T _   0.013 0.049 0.001 0.013 0.009 0.021 0.102 0.793 
 334 V _   0.016 0.084 0.001 0.019 0.013 0.026 0.095 0.746 
 335 T _   0.018 0.132 0.002 0.027 0.017 0.030 0.088 0.687 
 336 E _   0.019 0.184 0.002 0.034 0.020 0.032 0.081 0.627 
 337 A _   0.019 0.228 0.002 0.039 0.022 0.034 0.075 0.581 
 338 P _   0.019 0.261 0.002 0.042 0.023 0.034 0.070 0.548 
 339 I _   0.020 0.282 0.002 0.043 0.023 0.035 0.066 0.529 
 340 A _   0.021 0.294 0.002 0.041 0.023 0.034 0.064 0.522 
 341 V _   0.021 0.300 0.001 0.037 0.022 0.034 0.062 0.523 
 342 V _   0.021 0.301 0.001 0.033 0.020 0.033 0.060 0.530 
 343 T _   0.021 0.299 0.001 0.029 0.019 0.032 0.059 0.540 
 344 S _   0.021 0.296 0.001 0.025 0.017 0.031 0.058 0.551 
 345 R _   0.020 0.292 0.001 0.023 0.016 0.029 0.057 0.561 
 346 T _   0.020 0.288 0.001 0.022 0.015 0.028 0.056 0.570 
 347 S _   0.019 0.285 0.001 0.023 0.014 0.027 0.056 0.574 
 348 E _   0.018 0.282 0.001 0.026 0.014 0.025 0.056 0.579 
 349 V _   0.017 0.279 0.001 0.028 0.013 0.023 0.055 0.583 
 350 Y _   0.016 0.273 0.001 0.030 0.012 0.021 0.056 0.590 
 351 V _   0.015 0.264 0.001 0.031 0.012 0.020 0.056 0.602 
 352 W _   0.014 0.249 0.001 0.031 0.011 0.018 0.057 0.620 
 353 G _   0.013 0.227 0.001 0.029 0.010 0.016 0.058 0.648 
 354 G _   0.011 0.198 0.001 0.025 0.008 0.014 0.059 0.684 
 355 G _   0.010 0.164 0.001 0.020 0.007 0.012 0.060 0.725 
 356 K _   0.009 0.131 0.001 0.016 0.005 0.011 0.061 0.765 
 357 S _   0.008 0.103 0.001 0.012 0.004 0.010 0.063 0.800 
 358 T _   0.007 0.084 0.000 0.009 0.003 0.008 0.063 0.825 
 359 P _   0.006 0.073 0.000 0.007 0.003 0.008 0.063 0.840 
 360 Q _   0.005 0.067 0.000 0.006 0.002 0.007 0.063 0.849 
 361 K _   0.005 0.064 0.000 0.006 0.002 0.007 0.063 0.852 
 362 L _   0.005 0.064 0.000 0.007 0.002 0.008 0.062 0.852 
 363 D _   0.005 0.066 0.000 0.008 0.003 0.008 0.061 0.849 
 364 V _   0.005 0.069 0.000 0.010 0.003 0.009 0.059 0.844 
 365 I _   0.005 0.073 0.000 0.012 0.004 0.010 0.057 0.837 
 366 K _   0.005 0.079 0.001 0.014 0.005 0.012 0.056 0.829 
 367 S _   0.006 0.084 0.001 0.017 0.005 0.013 0.054 0.821 
 368 G _   0.006 0.090 0.001 0.018 0.006 0.015 0.052 0.812 
 369 C _   0.007 0.094 0.001 0.019 0.007 0.016 0.051 0.805 
 370 S _   0.008 0.099 0.001 0.020 0.008 0.018 0.049 0.798 
 371 A _   0.009 0.102 0.001 0.020 0.008 0.020 0.048 0.791 
 372 R _   0.011 0.105 0.001 0.020 0.009 0.023 0.047 0.784 
 373 Q _   0.013 0.108 0.001 0.019 0.010 0.025 0.046 0.778 
 374 V _   0.016 0.110 0.001 0.018 0.011 0.028 0.045 0.772 
 375 C _   0.019 0.112 0.001 0.017 0.012 0.030 0.044 0.764 
 376 A _   0.023 0.114 0.001 0.017 0.014 0.033 0.044 0.754 
 377 G _   0.027 0.118 0.001 0.017 0.016 0.036 0.043 0.741 
 378 N _   0.032 0.122 0.001 0.018 0.018 0.040 0.043 0.726 
 379 T _   0.038 0.126 0.001 0.019 0.021 0.042 0.042 0.710 
 380 H _   0.042 0.131 0.002 0.020 0.023 0.045 0.042 0.694 
 381 F _   0.046 0.137 0.002 0.022 0.025 0.046 0.042 0.680 
 382 A _   0.049 0.141 0.002 0.024 0.026 0.046 0.043 0.669 
 383 V _   0.051 0.145 0.002 0.025 0.026 0.046 0.043 0.661 
 384 V _   0.052 0.147 0.002 0.025 0.026 0.045 0.044 0.659 
 385 T _   0.051 0.148 0.002 0.025 0.025 0.043 0.045 0.662 
 386 V _   0.050 0.147 0.002 0.024 0.023 0.041 0.046 0.668 
 387 E _   0.047 0.144 0.001 0.022 0.021 0.039 0.047 0.677 
 388 K _   0.044 0.141 0.001 0.021 0.019 0.036 0.049 0.689 
 389 E _   0.040 0.137 0.001 0.019 0.017 0.034 0.051 0.701 
 390 L _   0.035 0.133 0.001 0.018 0.015 0.031 0.052 0.714 
 391 Y _   0.031 0.129 0.001 0.018 0.013 0.029 0.054 0.725 
 392 T _   0.028 0.126 0.001 0.018 0.012 0.026 0.056 0.734 
 393 W _   0.025 0.123 0.001 0.018 0.011 0.024 0.058 0.740 
 394 V _   0.022 0.121 0.001 0.018 0.010 0.022 0.061 0.746 
 395 N _   0.020 0.118 0.001 0.019 0.009 0.020 0.063 0.751 
 396 M _   0.018 0.115 0.001 0.019 0.008 0.018 0.065 0.755 
 397 Q _   0.016 0.111 0.001 0.019 0.008 0.017 0.068 0.761 
 398 G _   0.014 0.107 0.001 0.019 0.007 0.015 0.070 0.767 
 399 G _   0.013 0.101 0.001 0.019 0.007 0.014 0.073 0.773 
 400 T _   0.012 0.095 0.001 0.018 0.006 0.013 0.075 0.781 
 401 K _   0.011 0.087 0.001 0.017 0.005 0.012 0.078 0.788 
 402 L _   0.010 0.080 0.001 0.016 0.005 0.011 0.081 0.796 
 403 H _   0.010 0.072 0.001 0.015 0.004 0.010 0.084 0.804 
 404 G _   0.009 0.065 0.001 0.014 0.004 0.010 0.087 0.811 
 405 Q _   0.008 0.057 0.000 0.013 0.004 0.009 0.090 0.819 
 406 L _   0.008 0.050 0.000 0.012 0.003 0.008 0.093 0.826 
 407 G _   0.007 0.044 0.000 0.010 0.003 0.008 0.095 0.832 
 408 H _   0.007 0.039 0.000 0.009 0.002 0.007 0.097 0.838 
 409 G _   0.007 0.035 0.000 0.008 0.002 0.007 0.099 0.843 
 410 D _   0.006 0.031 0.000 0.007 0.002 0.006 0.100 0.848 
 411 K _   0.006 0.029 0.000 0.006 0.002 0.006 0.100 0.851 
 412 A _   0.005 0.028 0.000 0.005 0.002 0.006 0.101 0.853 
 413 S _   0.005 0.027 0.000 0.005 0.002 0.006 0.100 0.855 
 414 Y _   0.005 0.028 0.000 0.005 0.002 0.006 0.099 0.855 
 415 R _   0.005 0.031 0.000 0.006 0.002 0.007 0.098 0.853 
 416 Q _   0.005 0.035 0.000 0.006 0.002 0.007 0.095 0.849 
 417 P _   0.005 0.044 0.000 0.008 0.003 0.009 0.092 0.840 
 418 K _   0.005 0.057 0.000 0.011 0.003 0.010 0.088 0.825 
 419 H _   0.006 0.078 0.001 0.014 0.005 0.012 0.083 0.802 
 420 V _   0.007 0.109 0.001 0.018 0.006 0.014 0.076 0.769 
 421 E _   0.007 0.151 0.001 0.022 0.008 0.015 0.070 0.726 
 422 K _   0.007 0.201 0.001 0.027 0.009 0.017 0.062 0.676 
 423 L _   0.007 0.251 0.001 0.031 0.010 0.017 0.056 0.626 
 424 Q _   0.007 0.295 0.001 0.034 0.011 0.017 0.050 0.584 
 425 G _   0.007 0.331 0.001 0.036 0.011 0.017 0.046 0.551 
 426 K _   0.007 0.356 0.001 0.037 0.011 0.017 0.042 0.529 
 427 A _   0.007 0.372 0.001 0.036 0.011 0.016 0.040 0.517 
 428 I _   0.007 0.381 0.001 0.034 0.010 0.016 0.038 0.514 
 429 R _   0.007 0.384 0.001 0.030 0.009 0.015 0.036 0.516 
 430 Q _   0.007 0.383 0.001 0.026 0.009 0.015 0.035 0.523 
 431 V _   0.008 0.379 0.001 0.022 0.008 0.014 0.035 0.534 
 432 S _   0.008 0.373 0.001 0.018 0.007 0.013 0.034 0.546 
 433 C _   0.008 0.366 0.001 0.015 0.006 0.013 0.033 0.558 
 434 G _   0.008 0.360 0.001 0.013 0.006 0.013 0.033 0.566 
 435 D _   0.008 0.356 0.001 0.012 0.006 0.013 0.032 0.572 
 436 D _   0.008 0.354 0.001 0.012 0.006 0.013 0.032 0.575 
 437 F _   0.009 0.354 0.001 0.012 0.006 0.013 0.031 0.575 
 438 T _   0.009 0.356 0.001 0.013 0.006 0.013 0.030 0.573 
 439 V _   0.008 0.358 0.001 0.014 0.006 0.013 0.029 0.569 
 440 C _   0.008 0.361 0.001 0.016 0.007 0.013 0.029 0.565 
 441 V _   0.008 0.365 0.001 0.017 0.007 0.013 0.028 0.561 
 442 T _   0.008 0.367 0.001 0.019 0.007 0.013 0.027 0.558 
 443 D _   0.008 0.368 0.001 0.020 0.008 0.013 0.027 0.556 
 444 E _   0.008 0.368 0.001 0.021 0.008 0.013 0.026 0.556 
 445 G _   0.008 0.364 0.001 0.021 0.008 0.013 0.026 0.560 
 446 Q _   0.008 0.358 0.001 0.021 0.008 0.012 0.026 0.566 
 447 L _   0.007 0.350 0.001 0.021 0.007 0.012 0.026 0.576 
 448 Y _   0.007 0.338 0.001 0.020 0.007 0.011 0.026 0.590 
 449 A _   0.007 0.323 0.001 0.019 0.007 0.011 0.026 0.606 
 450 F _   0.007 0.307 0.001 0.017 0.006 0.010 0.027 0.625 
 451 G _   0.007 0.290 0.001 0.016 0.006 0.010 0.028 0.644 
 452 S _   0.007 0.273 0.001 0.014 0.005 0.010 0.028 0.662 
 453 D _   0.007 0.258 0.001 0.013 0.005 0.009 0.029 0.679 
 454 Y _   0.007 0.244 0.001 0.013 0.004 0.009 0.030 0.693 
 455 Y _   0.007 0.233 0.001 0.012 0.004 0.009 0.030 0.704 
 456 G _   0.007 0.223 0.001 0.012 0.004 0.009 0.031 0.714 
 457 C _   0.007 0.215 0.001 0.011 0.004 0.009 0.032 0.722 
 458 M _   0.007 0.208 0.000 0.011 0.004 0.009 0.032 0.729 
 459 G _   0.006 0.202 0.000 0.011 0.004 0.009 0.033 0.735 
 460 V _   0.006 0.198 0.000 0.010 0.003 0.009 0.033 0.740 
 461 D _   0.006 0.194 0.000 0.009 0.003 0.009 0.033 0.745 
 462 K _   0.006 0.192 0.000 0.009 0.003 0.009 0.033 0.747 
 463 V _   0.006 0.191 0.000 0.008 0.003 0.010 0.033 0.748 
 464 A _   0.006 0.193 0.000 0.009 0.003 0.010 0.033 0.745 
 465 G _   0.006 0.197 0.000 0.010 0.004 0.011 0.033 0.738 
 466 P _   0.007 0.204 0.001 0.011 0.005 0.012 0.032 0.727 
 467 E _   0.007 0.214 0.001 0.014 0.006 0.014 0.032 0.713 
 468 V _   0.008 0.226 0.001 0.017 0.007 0.015 0.031 0.695 
 469 L _   0.009 0.240 0.001 0.020 0.008 0.016 0.031 0.675 
 470 E _   0.009 0.252 0.001 0.024 0.009 0.017 0.030 0.658 
 471 P _   0.009 0.261 0.001 0.027 0.010 0.017 0.030 0.645 
 472 M _   0.009 0.267 0.001 0.029 0.010 0.018 0.030 0.636 
 473 Q _   0.009 0.269 0.001 0.031 0.011 0.018 0.030 0.632 
 474 L _   0.010 0.267 0.001 0.031 0.011 0.018 0.031 0.632 
 475 N _   0.010 0.261 0.001 0.031 0.011 0.017 0.031 0.637 
 476 F _   0.010 0.252 0.001 0.029 0.011 0.017 0.032 0.648 
 477 F _   0.010 0.237 0.001 0.028 0.010 0.016 0.034 0.663 
 478 L _   0.010 0.219 0.001 0.025 0.010 0.016 0.035 0.684 
 479 S _   0.010 0.197 0.001 0.023 0.009 0.015 0.037 0.708 
 480 N _   0.011 0.176 0.001 0.020 0.008 0.015 0.039 0.731 
 481 P _   0.011 0.154 0.001 0.017 0.007 0.014 0.041 0.755 
 482 V _   0.011 0.135 0.001 0.014 0.006 0.014 0.043 0.777 
 483 E _   0.011 0.119 0.001 0.012 0.005 0.013 0.045 0.795 
 484 Q _   0.011 0.106 0.001 0.010 0.005 0.013 0.046 0.809 
 485 V _   0.011 0.098 0.001 0.008 0.004 0.013 0.048 0.817 
 486 S _   0.011 0.094 0.000 0.008 0.004 0.014 0.048 0.821 
 487 C _   0.011 0.092 0.001 0.008 0.005 0.015 0.049 0.820 
 488 G _   0.011 0.093 0.001 0.009 0.006 0.016 0.050 0.814 
 489 D _   0.013 0.097 0.001 0.012 0.007 0.018 0.050 0.803 
 490 N _   0.014 0.103 0.001 0.015 0.008 0.020 0.051 0.788 
 491 H _   0.015 0.111 0.001 0.019 0.010 0.021 0.051 0.772 
 492 V _   0.016 0.118 0.001 0.023 0.011 0.022 0.052 0.757 
 493 V _   0.017 0.124 0.001 0.026 0.012 0.022 0.053 0.746 
 494 V _   0.016 0.127 0.001 0.027 0.012 0.022 0.054 0.740 
 495 L _   0.016 0.128 0.001 0.026 0.012 0.022 0.055 0.741 
 496 T _   0.015 0.126 0.001 0.023 0.011 0.021 0.056 0.747 
 497 R _   0.014 0.123 0.001 0.020 0.009 0.020 0.058 0.755 
 498 N _   0.014 0.118 0.001 0.016 0.008 0.019 0.060 0.764 
 499 K _   0.013 0.115 0.001 0.014 0.008 0.019 0.061 0.770 
 500 E _   0.013 0.113 0.001 0.012 0.007 0.018 0.063 0.773 
 501 V _   0.013 0.112 0.001 0.012 0.007 0.018 0.064 0.772 
 502 Y _   0.013 0.115 0.001 0.014 0.008 0.019 0.066 0.765 
 503 S _   0.013 0.118 0.001 0.018 0.009 0.019 0.067 0.754 
 504 W _   0.014 0.123 0.001 0.023 0.010 0.019 0.069 0.741 
 505 G _   0.014 0.128 0.001 0.028 0.011 0.019 0.071 0.729 
 506 C _   0.014 0.130 0.001 0.033 0.011 0.019 0.073 0.719 
 507 G _   0.013 0.130 0.001 0.035 0.011 0.018 0.076 0.715 
 508 E _   0.013 0.126 0.001 0.035 0.011 0.017 0.079 0.718 
 509 Y _   0.012 0.119 0.001 0.033 0.010 0.016 0.083 0.726 
 510 G _   0.012 0.107 0.001 0.029 0.008 0.014 0.088 0.741 
 511 R _   0.011 0.091 0.001 0.025 0.007 0.013 0.093 0.761 
 512 L _   0.010 0.071 0.001 0.020 0.006 0.011 0.098 0.784 
 513 G _   0.009 0.052 0.001 0.015 0.005 0.010 0.103 0.806 
 514 L _   0.009 0.036 0.001 0.012 0.004 0.009 0.107 0.823 
 515 D _   0.008 0.024 0.000 0.009 0.003 0.008 0.111 0.837 
 516 S _   0.007 0.016 0.000 0.008 0.002 0.007 0.114 0.846 
 517 E _   0.007 0.010 0.000 0.006 0.002 0.006 0.116 0.852 
 518 E _   0.006 0.006 0.000 0.005 0.002 0.006 0.118 0.856 
 519 D _   0.005 0.004 0.000 0.005 0.002 0.006 0.119 0.860 
 520 Y _   0.005 0.003 0.000 0.004 0.002 0.006 0.119 0.862 
 521 Y _   0.005 0.002 0.000 0.004 0.001 0.006 0.119 0.864 
 522 T _   0.005 0.001 0.000 0.004 0.001 0.006 0.118 0.865 
 523 P _   0.005 0.001 0.000 0.003 0.002 0.007 0.116 0.866 
 524 Q _   0.006 0.001 0.000 0.003 0.002 0.009 0.114 0.865 
 525 K _   0.009 0.000 0.000 0.004 0.002 0.012 0.111 0.861 
 526 V _   0.013 0.001 0.000 0.004 0.003 0.017 0.108 0.854 
 527 D _   0.021 0.001 0.000 0.005 0.005 0.024 0.104 0.840 
 528 V _   0.034 0.002 0.001 0.007 0.008 0.034 0.099 0.817 
 529 P _   0.052 0.003 0.001 0.009 0.014 0.045 0.093 0.782 
 530 K _   0.074 0.006 0.001 0.013 0.023 0.058 0.087 0.738 
 531 A _   0.098 0.010 0.002 0.018 0.034 0.070 0.081 0.688 
 532 L _   0.121 0.015 0.002 0.022 0.046 0.080 0.075 0.639 
 533 I _   0.141 0.019 0.003 0.027 0.056 0.087 0.070 0.598 
 534 I _   0.159 0.023 0.003 0.029 0.062 0.090 0.066 0.569 
 535 V _   0.171 0.025 0.003 0.030 0.066 0.091 0.062 0.553 
 536 A _   0.179 0.025 0.003 0.029 0.066 0.090 0.060 0.549 
 537 V _   0.183 0.025 0.003 0.026 0.062 0.086 0.058 0.557 
 538 Q _   0.181 0.022 0.003 0.023 0.057 0.081 0.056 0.576 
 539 C _   0.173 0.019 0.002 0.020 0.050 0.076 0.055 0.605 
 540 G _   0.162 0.016 0.002 0.017 0.042 0.069 0.054 0.638 
 541 C _   0.148 0.013 0.002 0.014 0.034 0.063 0.054 0.673 
 542 D _   0.134 0.010 0.002 0.012 0.027 0.057 0.054 0.705 
 543 G _   0.119 0.008 0.001 0.011 0.021 0.051 0.053 0.735 
 544 T _   0.104 0.007 0.001 0.009 0.017 0.046 0.053 0.762 
 545 F _   0.090 0.006 0.001 0.008 0.014 0.042 0.053 0.785 
 546 L _   0.077 0.006 0.001 0.008 0.012 0.039 0.052 0.805 
 547 L _   0.065 0.006 0.001 0.008 0.011 0.036 0.052 0.821 
 548 T _   0.055 0.007 0.001 0.009 0.011 0.033 0.051 0.833 
 549 Q _   0.047 0.008 0.001 0.011 0.011 0.032 0.050 0.840 
 550 S _   0.041 0.010 0.001 0.013 0.011 0.030 0.049 0.844 
 551 G _   0.036 0.013 0.001 0.017 0.012 0.029 0.049 0.844 
 552 K _   0.032 0.015 0.001 0.020 0.012 0.028 0.048 0.843 
 553 V _   0.029 0.017 0.001 0.023 0.013 0.026 0.048 0.843 
 554 L _   0.026 0.019 0.001 0.025 0.012 0.024 0.047 0.845 
 555 A _   0.022 0.019 0.001 0.025 0.011 0.022 0.047 0.852 
 556 C _   0.020 0.018 0.001 0.023 0.010 0.020 0.047 0.862 
 557 G _   0.017 0.016 0.001 0.019 0.008 0.017 0.047 0.874 
 558 L _   0.015 0.013 0.001 0.015 0.006 0.015 0.047 0.887 
 559 N _   0.013 0.011 0.001 0.011 0.005 0.014 0.047 0.899 
 560 E _   0.012 0.008 0.000 0.008 0.004 0.013 0.047 0.908 
 561 F _   0.011 0.007 0.000 0.006 0.003 0.012 0.047 0.914 
 562 N _   0.011 0.006 0.000 0.005 0.003 0.012 0.047 0.916 
 563 K _   0.012 0.006 0.000 0.005 0.003 0.013 0.046 0.914 
 564 L _   0.013 0.007 0.000 0.006 0.004 0.015 0.045 0.909 
 565 G _   0.015 0.010 0.001 0.009 0.006 0.017 0.044 0.898 
 566 L _   0.017 0.015 0.001 0.013 0.008 0.020 0.044 0.882 
 567 N _   0.019 0.021 0.001 0.019 0.011 0.022 0.042 0.864 
 568 Q _   0.020 0.027 0.001 0.025 0.013 0.024 0.041 0.847 
 569 C _   0.021 0.032 0.001 0.031 0.015 0.025 0.041 0.833 
 570 M _   0.022 0.035 0.001 0.034 0.016 0.026 0.040 0.826 
 571 S _   0.022 0.036 0.001 0.034 0.016 0.025 0.040 0.825 
 572 G _   0.022 0.035 0.001 0.032 0.015 0.025 0.040 0.830 
 573 I _   0.022 0.033 0.001 0.028 0.013 0.023 0.040 0.840 
 574 I _   0.021 0.029 0.001 0.023 0.011 0.022 0.041 0.852 
 575 N _   0.021 0.024 0.001 0.018 0.010 0.020 0.041 0.866 
 576 H _   0.020 0.019 0.001 0.013 0.008 0.019 0.041 0.879 
 577 E _   0.018 0.014 0.001 0.010 0.006 0.018 0.042 0.890 
 578 A _   0.017 0.011 0.001 0.008 0.005 0.018 0.042 0.898 
 579 Y _   0.016 0.009 0.001 0.006 0.005 0.017 0.042 0.903 
 580 H _   0.016 0.009 0.001 0.006 0.005 0.018 0.042 0.904 
 581 E _   0.017 0.009 0.001 0.006 0.005 0.019 0.042 0.902 
 582 V _   0.018 0.011 0.001 0.007 0.006 0.021 0.042 0.896 
 583 P _   0.020 0.013 0.001 0.009 0.007 0.023 0.041 0.886 
 584 Y _   0.022 0.017 0.001 0.012 0.010 0.026 0.040 0.873 
 585 T _   0.023 0.023 0.001 0.015 0.012 0.028 0.040 0.858 
 586 T _   0.025 0.029 0.001 0.019 0.015 0.031 0.039 0.842 
 587 S _   0.026 0.035 0.001 0.022 0.017 0.032 0.038 0.828 
 588 F _   0.027 0.040 0.001 0.025 0.018 0.034 0.038 0.816 
 589 T _   0.028 0.044 0.001 0.027 0.019 0.034 0.037 0.810 
 590 L _   0.029 0.046 0.001 0.027 0.019 0.034 0.037 0.807 
 591 A _   0.029 0.047 0.001 0.026 0.018 0.033 0.037 0.809 
 592 K _   0.029 0.046 0.001 0.024 0.017 0.031 0.037 0.814 
 593 Q _   0.029 0.044 0.001 0.021 0.016 0.030 0.037 0.821 
 594 L _   0.029 0.042 0.001 0.019 0.014 0.028 0.038 0.829 
 595 S _   0.028 0.040 0.001 0.017 0.013 0.027 0.038 0.836 
 596 F _   0.028 0.038 0.001 0.015 0.012 0.025 0.038 0.843 
 597 Y _   0.027 0.036 0.001 0.015 0.011 0.024 0.039 0.848 
 598 K _   0.026 0.034 0.001 0.015 0.010 0.023 0.039 0.852 
 599 I _   0.025 0.033 0.001 0.015 0.010 0.021 0.040 0.856 
 600 R _   0.023 0.031 0.001 0.015 0.009 0.020 0.040 0.860 
 601 T _   0.022 0.030 0.001 0.015 0.008 0.018 0.041 0.864 
 602 I _   0.020 0.028 0.001 0.015 0.008 0.017 0.042 0.870 
 603 A _   0.018 0.027 0.001 0.014 0.007 0.015 0.042 0.877 
 604 P _   0.016 0.025 0.001 0.012 0.006 0.014 0.042 0.885 
 605 G _   0.014 0.023 0.001 0.011 0.005 0.012 0.043 0.892 
 606 K _   0.012 0.021 0.001 0.009 0.004 0.011 0.043 0.899 
 607 T _   0.011 0.020 0.000 0.007 0.003 0.010 0.043 0.904 
 608 H _   0.009 0.020 0.000 0.007 0.003 0.010 0.043 0.908 
 609 T _   0.009 0.021 0.000 0.006 0.003 0.010 0.042 0.909 
 610 A _   0.008 0.023 0.000 0.007 0.003 0.010 0.041 0.907 
 611 A _   0.008 0.026 0.000 0.008 0.004 0.011 0.040 0.903 
 612 I _   0.009 0.032 0.001 0.009 0.004 0.012 0.039 0.893 
 613 D _   0.009 0.041 0.001 0.012 0.006 0.014 0.038 0.879 
 614 E _   0.010 0.054 0.001 0.016 0.007 0.015 0.036 0.860 
 615 R _   0.010 0.070 0.001 0.021 0.009 0.017 0.035 0.838 
 616 G _   0.011 0.084 0.001 0.025 0.010 0.018 0.033 0.817 
 617 R _   0.011 0.097 0.001 0.030 0.011 0.018 0.032 0.800 
 618 L _   0.012 0.105 0.001 0.032 0.011 0.019 0.031 0.789 
 619 L _   0.011 0.111 0.001 0.033 0.011 0.018 0.030 0.785 
 620 T _   0.011 0.113 0.001 0.031 0.011 0.017 0.029 0.786 
 621 F _   0.011 0.113 0.001 0.028 0.010 0.017 0.029 0.792 
 622 G _   0.011 0.110 0.001 0.025 0.009 0.016 0.029 0.800 
 623 C _   0.010 0.107 0.001 0.021 0.008 0.015 0.029 0.810 
 624 N _   0.010 0.102 0.001 0.018 0.007 0.014 0.029 0.819 
 625 K _   0.010 0.098 0.001 0.016 0.006 0.013 0.029 0.827 
 626 C _   0.010 0.094 0.001 0.015 0.006 0.013 0.029 0.833 
 627 G _   0.010 0.091 0.001 0.015 0.006 0.013 0.029 0.837 
 628 Q _   0.009 0.088 0.001 0.015 0.006 0.012 0.029 0.841 
 629 L _   0.009 0.085 0.001 0.015 0.005 0.012 0.029 0.844 
 630 G _   0.009 0.082 0.001 0.014 0.005 0.012 0.029 0.848 
 631 V _   0.009 0.079 0.001 0.014 0.005 0.011 0.029 0.853 
 632 G _   0.008 0.075 0.001 0.013 0.005 0.011 0.029 0.859 
 633 N _   0.008 0.072 0.001 0.011 0.005 0.011 0.029 0.864 
 634 Y _   0.008 0.069 0.001 0.010 0.004 0.011 0.029 0.868 
 635 K _   0.009 0.066 0.001 0.010 0.004 0.011 0.029 0.870 
 636 K _   0.009 0.065 0.001 0.010 0.005 0.012 0.029 0.871 
 637 R _   0.009 0.064 0.001 0.010 0.005 0.013 0.029 0.869 
 638 L _   0.010 0.065 0.001 0.012 0.006 0.014 0.029 0.865 
 639 G _   0.011 0.067 0.001 0.013 0.006 0.014 0.029 0.859 
 640 I _   0.012 0.068 0.001 0.014 0.007 0.015 0.029 0.854 
 641 N _   0.013 0.070 0.001 0.016 0.007 0.016 0.029 0.849 
 642 L _   0.013 0.071 0.001 0.016 0.008 0.017 0.029 0.845 
 643 L _   0.014 0.071 0.001 0.016 0.008 0.017 0.029 0.844 
 644 G _   0.014 0.071 0.001 0.015 0.008 0.018 0.029 0.844 
 645 G _   0.014 0.070 0.001 0.014 0.008 0.018 0.029 0.846 
 646 P _   0.015 0.068 0.001 0.013 0.008 0.019 0.030 0.847 
 647 L _   0.016 0.068 0.001 0.012 0.008 0.020 0.030 0.847 
 648 G _   0.016 0.067 0.001 0.011 0.008 0.021 0.030 0.846 
 649 G _   0.018 0.068 0.001 0.011 0.008 0.022 0.030 0.842 
 650 K _   0.019 0.070 0.001 0.012 0.009 0.023 0.031 0.836 
 651 Q _   0.020 0.073 0.001 0.013 0.009 0.024 0.031 0.830 
 652 V _   0.020 0.078 0.001 0.014 0.010 0.024 0.031 0.822 
 653 I _   0.021 0.083 0.001 0.016 0.011 0.025 0.031 0.812 
 654 R _   0.021 0.089 0.001 0.018 0.012 0.026 0.031 0.802 
 655 V _   0.021 0.096 0.001 0.020 0.013 0.026 0.031 0.791 
 656 S _   0.021 0.102 0.001 0.023 0.014 0.026 0.031 0.782 
 657 C _   0.021 0.107 0.001 0.026 0.015 0.026 0.032 0.773 
 658 G _   0.021 0.111 0.001 0.029 0.015 0.025 0.032 0.766 
 659 D _   0.020 0.113 0.001 0.031 0.015 0.024 0.033 0.763 
 660 E _   0.020 0.113 0.001 0.031 0.014 0.023 0.034 0.765 
 661 F _   0.018 0.110 0.001 0.029 0.012 0.021 0.035 0.772 
 662 T _   0.017 0.105 0.001 0.026 0.010 0.019 0.037 0.786 
 663 I _   0.015 0.097 0.001 0.021 0.008 0.016 0.038 0.803 
