#TopoPred_TM8: 8-state transmembrane topology prediction results by no_profile mode 
#probabilities are in the order of H E C I L F X _, the 8 transmembrane topology types used in PDBTM 
   1 M X   0.007 0.001 0.002 0.034 0.007 0.006 0.863 0.081 
   2 P X   0.002 0.000 0.000 0.017 0.001 0.002 0.887 0.090 
   3 A X   0.001 0.000 0.000 0.008 0.000 0.001 0.893 0.096 
   4 A X   0.000 0.000 0.000 0.005 0.000 0.001 0.893 0.100 
   5 A X   0.001 0.000 0.000 0.004 0.000 0.002 0.890 0.102 
   6 G X   0.001 0.000 0.000 0.004 0.001 0.002 0.886 0.106 
   7 D X   0.001 0.001 0.000 0.004 0.001 0.003 0.880 0.110 
   8 G X   0.002 0.001 0.000 0.005 0.001 0.003 0.873 0.115 
   9 L X   0.002 0.001 0.000 0.006 0.001 0.003 0.864 0.122 
  10 L X   0.002 0.002 0.000 0.007 0.001 0.004 0.854 0.130 
  11 G X   0.002 0.003 0.000 0.008 0.002 0.004 0.843 0.139 
  12 E X   0.002 0.004 0.000 0.008 0.002 0.004 0.832 0.149 
  13 P X   0.002 0.004 0.000 0.008 0.002 0.004 0.820 0.159 
  14 A X   0.002 0.005 0.000 0.008 0.002 0.004 0.809 0.170 
  15 A X   0.002 0.005 0.000 0.007 0.002 0.004 0.798 0.181 
  16 P X   0.002 0.006 0.000 0.007 0.002 0.004 0.787 0.193 
  17 G X   0.002 0.007 0.000 0.006 0.002 0.004 0.774 0.205 
  18 G X   0.002 0.008 0.000 0.006 0.002 0.004 0.760 0.217 
  19 G X   0.002 0.009 0.000 0.006 0.002 0.005 0.745 0.231 
  20 G X   0.002 0.011 0.000 0.007 0.002 0.005 0.728 0.245 
  21 G X   0.002 0.013 0.000 0.007 0.002 0.006 0.709 0.260 
  22 A X   0.003 0.017 0.000 0.008 0.002 0.006 0.687 0.277 
  23 E X   0.003 0.022 0.000 0.009 0.003 0.008 0.661 0.294 
  24 D X   0.003 0.030 0.001 0.011 0.003 0.009 0.632 0.310 
  25 A X   0.004 0.043 0.001 0.015 0.005 0.011 0.599 0.324 
  26 A X   0.004 0.061 0.001 0.019 0.006 0.014 0.560 0.335 
  27 R X   0.005 0.089 0.001 0.024 0.008 0.017 0.515 0.340 
  28 P X   0.005 0.127 0.002 0.030 0.011 0.020 0.467 0.339 
  29 A X   0.006 0.173 0.002 0.036 0.014 0.023 0.416 0.330 
  30 A X   0.007 0.223 0.002 0.041 0.016 0.025 0.370 0.317 
  31 A X   0.007 0.271 0.002 0.044 0.018 0.027 0.329 0.303 
  32 C E   0.008 0.312 0.002 0.046 0.019 0.028 0.295 0.291 
  33 E E   0.008 0.345 0.002 0.048 0.020 0.028 0.268 0.282 
  34 G E   0.009 0.369 0.002 0.048 0.020 0.029 0.246 0.277 
  35 S E   0.010 0.386 0.002 0.047 0.021 0.029 0.230 0.276 
  36 F E   0.011 0.396 0.001 0.046 0.021 0.029 0.217 0.279 
  37 L E   0.013 0.401 0.001 0.044 0.020 0.028 0.207 0.285 
  38 P E   0.014 0.402 0.001 0.041 0.020 0.028 0.198 0.295 
  39 A E   0.015 0.398 0.001 0.039 0.019 0.027 0.192 0.309 
  40 W E   0.016 0.389 0.001 0.036 0.018 0.026 0.186 0.327 
  41 V E   0.017 0.376 0.001 0.034 0.017 0.025 0.182 0.348 
  42 S _   0.017 0.358 0.001 0.031 0.015 0.023 0.179 0.375 
  43 G _   0.018 0.334 0.001 0.029 0.014 0.022 0.176 0.405 
  44 V _   0.018 0.306 0.001 0.027 0.013 0.021 0.174 0.439 
  45 P _   0.018 0.273 0.001 0.025 0.012 0.020 0.172 0.479 
  46 R _   0.017 0.236 0.001 0.023 0.011 0.019 0.171 0.522 
  47 E _   0.016 0.198 0.001 0.020 0.010 0.018 0.170 0.567 
  48 R _   0.014 0.161 0.001 0.017 0.008 0.016 0.170 0.612 
  49 L _   0.013 0.129 0.001 0.014 0.007 0.015 0.169 0.652 
  50 R _   0.012 0.104 0.001 0.012 0.005 0.014 0.167 0.686 
  51 D _   0.010 0.086 0.001 0.009 0.004 0.012 0.166 0.712 
  52 F _   0.009 0.075 0.000 0.008 0.004 0.011 0.163 0.730 
  53 Q _   0.008 0.069 0.000 0.007 0.003 0.011 0.161 0.741 
  54 H _   0.008 0.066 0.000 0.007 0.003 0.011 0.158 0.747 
  55 H _   0.008 0.065 0.000 0.007 0.004 0.011 0.155 0.749 
  56 K _   0.009 0.066 0.001 0.009 0.004 0.012 0.151 0.748 
  57 R _   0.009 0.069 0.001 0.012 0.005 0.013 0.147 0.744 
  58 V _   0.010 0.073 0.001 0.015 0.006 0.014 0.143 0.737 
  59 G _   0.010 0.078 0.001 0.019 0.008 0.015 0.140 0.730 
  60 N _   0.011 0.082 0.001 0.022 0.009 0.016 0.136 0.724 
  61 Y _   0.011 0.085 0.001 0.025 0.009 0.016 0.133 0.720 
  62 L _   0.011 0.086 0.001 0.026 0.009 0.016 0.130 0.721 
  63 I _   0.011 0.085 0.001 0.025 0.009 0.015 0.128 0.725 
  64 G _   0.011 0.082 0.001 0.023 0.008 0.014 0.126 0.734 
  65 S _   0.010 0.078 0.001 0.020 0.007 0.014 0.125 0.746 
  66 R _   0.010 0.072 0.001 0.017 0.006 0.013 0.124 0.759 
  67 K _   0.009 0.065 0.001 0.014 0.005 0.012 0.123 0.772 
  68 L _   0.008 0.059 0.001 0.011 0.004 0.011 0.122 0.784 
  69 G _   0.008 0.055 0.000 0.009 0.004 0.010 0.120 0.793 
  70 E _   0.008 0.052 0.000 0.008 0.004 0.010 0.119 0.799 
  71 G _   0.007 0.051 0.000 0.008 0.003 0.010 0.118 0.802 
  72 S _   0.008 0.050 0.000 0.008 0.004 0.011 0.116 0.804 
  73 F _   0.008 0.051 0.000 0.009 0.004 0.012 0.114 0.802 
  74 A _   0.009 0.053 0.001 0.010 0.005 0.013 0.112 0.799 
  75 K _   0.009 0.056 0.001 0.011 0.005 0.014 0.110 0.794 
  76 V _   0.010 0.060 0.001 0.012 0.006 0.015 0.108 0.789 
  77 R _   0.011 0.064 0.001 0.014 0.007 0.016 0.106 0.782 
  78 E _   0.012 0.069 0.001 0.015 0.008 0.017 0.104 0.776 
  79 G _   0.013 0.073 0.001 0.016 0.008 0.018 0.102 0.769 
  80 L _   0.014 0.077 0.001 0.017 0.009 0.019 0.100 0.762 
  81 H _   0.015 0.081 0.001 0.018 0.010 0.020 0.099 0.756 
  82 V _   0.016 0.085 0.001 0.019 0.011 0.021 0.097 0.749 
  83 L _   0.017 0.089 0.001 0.021 0.011 0.022 0.096 0.743 
  84 T _   0.018 0.092 0.001 0.023 0.012 0.023 0.095 0.736 
  85 G _   0.019 0.095 0.001 0.025 0.013 0.023 0.095 0.731 
  86 E _   0.019 0.096 0.001 0.027 0.013 0.022 0.095 0.726 
  87 K _   0.019 0.097 0.001 0.029 0.013 0.022 0.095 0.724 
  88 V _   0.019 0.095 0.001 0.030 0.012 0.021 0.096 0.726 
  89 A _   0.019 0.092 0.001 0.029 0.011 0.019 0.097 0.731 
  90 I _   0.018 0.087 0.001 0.028 0.010 0.018 0.099 0.741 
  91 K _   0.017 0.079 0.001 0.025 0.008 0.016 0.100 0.754 
  92 V _   0.015 0.068 0.001 0.021 0.007 0.014 0.102 0.772 
  93 I _   0.014 0.056 0.001 0.017 0.006 0.012 0.104 0.791 
  94 D _   0.012 0.044 0.001 0.013 0.004 0.011 0.105 0.810 
  95 K _   0.011 0.033 0.000 0.010 0.004 0.009 0.107 0.826 
  96 K _   0.009 0.025 0.000 0.007 0.003 0.008 0.108 0.839 
  97 R _   0.008 0.020 0.000 0.006 0.002 0.007 0.108 0.848 
  98 A _   0.007 0.017 0.000 0.005 0.002 0.006 0.109 0.854 
  99 K _   0.007 0.015 0.000 0.004 0.002 0.006 0.108 0.858 
 100 K _   0.006 0.015 0.000 0.004 0.002 0.006 0.107 0.859 
 101 D _   0.006 0.015 0.000 0.005 0.002 0.006 0.106 0.859 
 102 T _   0.006 0.017 0.000 0.006 0.002 0.007 0.104 0.858 
 103 Y _   0.006 0.019 0.000 0.007 0.002 0.007 0.102 0.856 
 104 V _   0.006 0.023 0.000 0.008 0.003 0.008 0.100 0.852 
 105 T _   0.006 0.028 0.000 0.009 0.003 0.009 0.097 0.847 
 106 K _   0.006 0.035 0.000 0.011 0.004 0.010 0.093 0.840 
 107 N _   0.006 0.043 0.001 0.013 0.005 0.011 0.090 0.831 
 108 L _   0.007 0.053 0.001 0.015 0.005 0.013 0.086 0.821 
 109 R _   0.007 0.063 0.001 0.018 0.006 0.014 0.082 0.808 
 110 R _   0.008 0.073 0.001 0.021 0.007 0.015 0.079 0.796 
 111 E _   0.008 0.083 0.001 0.024 0.008 0.017 0.076 0.784 
 112 G _   0.009 0.090 0.001 0.026 0.009 0.017 0.073 0.775 
 113 Q _   0.009 0.096 0.001 0.027 0.010 0.018 0.071 0.769 
 114 I _   0.010 0.099 0.001 0.027 0.010 0.019 0.069 0.766 
 115 Q _   0.010 0.101 0.001 0.026 0.010 0.019 0.067 0.766 
 116 Q _   0.011 0.101 0.001 0.024 0.010 0.019 0.066 0.769 
 117 M _   0.011 0.098 0.001 0.022 0.009 0.019 0.065 0.775 
 118 I _   0.012 0.095 0.001 0.019 0.009 0.019 0.064 0.781 
 119 R _   0.012 0.092 0.001 0.017 0.008 0.019 0.063 0.788 
 120 H _   0.013 0.089 0.001 0.015 0.008 0.019 0.062 0.793 
 121 P _   0.014 0.086 0.001 0.015 0.008 0.020 0.062 0.794 
 122 N _   0.015 0.085 0.001 0.016 0.009 0.020 0.061 0.793 
 123 I _   0.016 0.085 0.001 0.017 0.009 0.021 0.061 0.790 
 124 T _   0.016 0.084 0.001 0.019 0.010 0.021 0.061 0.787 
 125 Q _   0.017 0.083 0.001 0.022 0.011 0.021 0.061 0.785 
 126 L _   0.017 0.080 0.001 0.023 0.011 0.021 0.061 0.787 
 127 L _   0.017 0.076 0.001 0.022 0.010 0.020 0.061 0.793 
 128 D _   0.016 0.070 0.001 0.021 0.009 0.019 0.061 0.803 
 129 I _   0.015 0.063 0.001 0.017 0.008 0.018 0.061 0.817 
 130 L _   0.014 0.054 0.001 0.014 0.007 0.016 0.062 0.832 
 131 E _   0.014 0.046 0.001 0.010 0.006 0.016 0.062 0.846 
 132 T _   0.014 0.040 0.001 0.008 0.005 0.015 0.062 0.856 
 133 E _   0.013 0.036 0.001 0.007 0.005 0.016 0.062 0.861 
 134 N _   0.014 0.035 0.001 0.006 0.005 0.016 0.061 0.862 
 135 S _   0.014 0.035 0.001 0.007 0.005 0.017 0.061 0.859 
 136 Y _   0.016 0.038 0.001 0.010 0.007 0.019 0.061 0.850 
 137 Y _   0.017 0.043 0.001 0.013 0.008 0.020 0.060 0.837 
 138 L _   0.018 0.049 0.001 0.017 0.010 0.022 0.059 0.823 
 139 V _   0.019 0.056 0.001 0.022 0.012 0.022 0.059 0.809 
 140 M _   0.020 0.061 0.001 0.025 0.013 0.023 0.058 0.799 
 141 E _   0.019 0.065 0.001 0.027 0.013 0.023 0.058 0.794 
 142 L _   0.018 0.066 0.001 0.027 0.013 0.022 0.058 0.794 
 143 C _   0.017 0.066 0.001 0.026 0.012 0.021 0.059 0.799 
 144 P _   0.016 0.064 0.001 0.024 0.011 0.020 0.059 0.805 
 145 G _   0.016 0.061 0.001 0.023 0.010 0.019 0.060 0.811 
 146 G _   0.015 0.058 0.001 0.021 0.009 0.018 0.060 0.818 
 147 N _   0.015 0.054 0.001 0.020 0.008 0.017 0.061 0.824 
 148 L _   0.015 0.050 0.001 0.019 0.008 0.016 0.063 0.830 
 149 M _   0.014 0.045 0.001 0.018 0.007 0.015 0.064 0.837 
 150 H _   0.013 0.039 0.001 0.017 0.006 0.014 0.065 0.845 
 151 K _   0.012 0.033 0.001 0.016 0.006 0.013 0.066 0.854 
 152 I _   0.011 0.026 0.001 0.014 0.005 0.011 0.067 0.865 
 153 Y _   0.010 0.020 0.001 0.012 0.004 0.010 0.069 0.875 
 154 E _   0.009 0.014 0.000 0.009 0.003 0.009 0.069 0.885 
 155 K _   0.008 0.009 0.000 0.007 0.003 0.009 0.070 0.894 
 156 K _   0.007 0.006 0.000 0.006 0.002 0.008 0.070 0.900 
 157 R _   0.007 0.003 0.000 0.004 0.002 0.008 0.070 0.904 
 158 L _   0.007 0.002 0.000 0.004 0.002 0.009 0.070 0.906 
 159 E _   0.009 0.001 0.000 0.003 0.002 0.010 0.069 0.905 
 160 E _   0.011 0.001 0.000 0.004 0.003 0.013 0.068 0.901 
 161 S _   0.015 0.001 0.000 0.004 0.003 0.016 0.067 0.892 
 162 E _   0.022 0.001 0.001 0.005 0.005 0.021 0.066 0.879 
 163 A _   0.032 0.002 0.001 0.007 0.008 0.027 0.064 0.860 
 164 R _   0.044 0.003 0.001 0.009 0.012 0.034 0.062 0.835 
 165 R _   0.059 0.004 0.001 0.012 0.017 0.042 0.060 0.806 
 166 Y _   0.075 0.005 0.001 0.015 0.022 0.049 0.058 0.774 
 167 I _   0.092 0.006 0.002 0.017 0.028 0.054 0.056 0.744 
 168 R _   0.109 0.007 0.002 0.018 0.032 0.059 0.055 0.719 
 169 Q _   0.124 0.007 0.002 0.018 0.035 0.061 0.054 0.698 
 170 L _   0.137 0.007 0.002 0.018 0.037 0.063 0.054 0.683 
 171 I _   0.148 0.007 0.002 0.016 0.037 0.062 0.053 0.675 
 172 S _   0.155 0.007 0.002 0.014 0.036 0.061 0.053 0.673 
 173 A _   0.158 0.006 0.002 0.012 0.033 0.059 0.054 0.676 
 174 V _   0.157 0.005 0.002 0.011 0.031 0.056 0.054 0.684 
 175 E _   0.152 0.005 0.002 0.011 0.028 0.053 0.056 0.694 
 176 H _   0.144 0.005 0.002 0.010 0.026 0.050 0.057 0.707 
 177 L _   0.134 0.005 0.002 0.011 0.023 0.047 0.058 0.721 
 178 H _   0.121 0.005 0.001 0.011 0.021 0.043 0.060 0.738 
 179 R _   0.107 0.005 0.001 0.012 0.018 0.039 0.062 0.756 
 180 A _   0.091 0.005 0.001 0.012 0.016 0.035 0.064 0.775 
 181 G _   0.077 0.005 0.001 0.013 0.013 0.031 0.066 0.794 
 182 V _   0.063 0.005 0.001 0.012 0.011 0.028 0.068 0.812 
 183 V _   0.050 0.006 0.001 0.012 0.010 0.025 0.070 0.827 
 184 H _   0.041 0.006 0.001 0.012 0.008 0.022 0.072 0.839 
 185 R _   0.033 0.006 0.001 0.012 0.008 0.020 0.073 0.848 
 186 D _   0.027 0.006 0.001 0.013 0.007 0.018 0.075 0.854 
 187 L _   0.022 0.006 0.001 0.013 0.006 0.016 0.077 0.859 
 188 K _   0.018 0.006 0.001 0.014 0.006 0.014 0.078 0.862 
 189 I _   0.015 0.006 0.001 0.014 0.005 0.013 0.080 0.866 
 190 E _   0.013 0.006 0.001 0.013 0.005 0.011 0.082 0.869 
 191 N _   0.011 0.006 0.001 0.012 0.004 0.010 0.083 0.873 
 192 L _   0.010 0.005 0.000 0.010 0.003 0.009 0.085 0.878 
 193 L _   0.008 0.004 0.000 0.008 0.003 0.008 0.086 0.883 
 194 L _   0.007 0.004 0.000 0.006 0.002 0.007 0.086 0.888 
 195 D _   0.006 0.004 0.000 0.004 0.002 0.006 0.087 0.891 
 196 E _   0.006 0.004 0.000 0.004 0.002 0.006 0.087 0.892 
 197 D _   0.005 0.004 0.000 0.003 0.002 0.007 0.086 0.892 
 198 N _   0.006 0.006 0.000 0.004 0.002 0.008 0.085 0.888 
 199 N _   0.007 0.010 0.000 0.005 0.003 0.011 0.084 0.880 
 200 I _   0.009 0.020 0.001 0.008 0.004 0.014 0.082 0.863 
 201 K _   0.011 0.039 0.001 0.013 0.007 0.018 0.079 0.833 
 202 L _   0.014 0.070 0.001 0.019 0.010 0.022 0.075 0.789 
 203 I _   0.015 0.114 0.001 0.026 0.013 0.026 0.071 0.733 
 204 D _   0.016 0.162 0.002 0.032 0.016 0.029 0.066 0.677 
 205 F _   0.017 0.205 0.002 0.038 0.019 0.030 0.063 0.627 
 206 G _   0.017 0.239 0.002 0.042 0.021 0.032 0.059 0.588 
 207 L _   0.018 0.265 0.002 0.046 0.022 0.032 0.057 0.559 
 208 S _   0.019 0.282 0.002 0.049 0.023 0.032 0.055 0.538 
 209 N _   0.020 0.293 0.002 0.051 0.024 0.032 0.054 0.524 
 210 C _   0.021 0.299 0.002 0.052 0.024 0.031 0.054 0.518 
 211 A _   0.021 0.299 0.002 0.053 0.023 0.030 0.054 0.520 
 212 G _   0.022 0.293 0.002 0.051 0.021 0.028 0.054 0.530 
 213 I _   0.021 0.280 0.002 0.048 0.019 0.026 0.056 0.549 
 214 L _   0.021 0.258 0.002 0.043 0.016 0.023 0.058 0.580 
 215 G _   0.019 0.224 0.002 0.037 0.014 0.021 0.060 0.624 
 216 Y _   0.018 0.180 0.001 0.029 0.011 0.018 0.063 0.679 
 217 S _   0.016 0.133 0.001 0.022 0.009 0.016 0.065 0.738 
 218 D _   0.014 0.091 0.001 0.016 0.007 0.014 0.068 0.790 
 219 P _   0.012 0.061 0.001 0.011 0.005 0.011 0.069 0.831 
 220 F _   0.009 0.042 0.000 0.007 0.003 0.010 0.070 0.858 
 221 S _   0.008 0.032 0.000 0.005 0.002 0.009 0.071 0.873 
 222 T _   0.007 0.027 0.000 0.004 0.002 0.008 0.070 0.881 
 223 Q _   0.006 0.025 0.000 0.005 0.002 0.008 0.070 0.884 
 224 C _   0.006 0.026 0.000 0.005 0.002 0.009 0.069 0.883 
 225 G _   0.006 0.028 0.000 0.008 0.003 0.010 0.067 0.878 
 226 S _   0.007 0.033 0.000 0.011 0.004 0.011 0.065 0.868 
 227 P _   0.008 0.040 0.001 0.016 0.005 0.013 0.063 0.854 
 228 A _   0.008 0.048 0.001 0.022 0.007 0.015 0.061 0.837 
 229 Y _   0.009 0.057 0.001 0.029 0.009 0.016 0.059 0.821 
 230 A _   0.009 0.063 0.001 0.035 0.010 0.017 0.057 0.807 
 231 A _   0.010 0.067 0.001 0.040 0.011 0.018 0.056 0.798 
 232 P _   0.010 0.069 0.001 0.041 0.011 0.018 0.054 0.796 
 233 E _   0.010 0.068 0.001 0.040 0.011 0.017 0.054 0.800 
 234 L _   0.010 0.064 0.001 0.037 0.010 0.016 0.054 0.809 
 235 L _   0.010 0.057 0.001 0.031 0.009 0.015 0.054 0.824 
 236 A _   0.010 0.047 0.001 0.024 0.007 0.014 0.054 0.844 
 237 R _   0.009 0.034 0.001 0.018 0.006 0.013 0.054 0.865 
 238 K _   0.009 0.022 0.001 0.013 0.005 0.012 0.055 0.885 
 239 K _   0.009 0.012 0.000 0.009 0.004 0.011 0.055 0.900 
 240 Y _   0.010 0.006 0.000 0.006 0.003 0.011 0.055 0.909 
 241 G _   0.011 0.003 0.000 0.004 0.003 0.012 0.054 0.912 
 242 P _   0.015 0.001 0.000 0.003 0.003 0.014 0.053 0.910 
 243 K _   0.021 0.001 0.000 0.003 0.003 0.016 0.053 0.903 
 244 I _   0.031 0.000 0.000 0.003 0.004 0.020 0.051 0.888 
 245 D _   0.046 0.000 0.001 0.004 0.006 0.026 0.050 0.866 
 246 V _   0.068 0.000 0.001 0.005 0.009 0.033 0.048 0.835 
 247 W _   0.094 0.001 0.001 0.006 0.015 0.042 0.046 0.796 
 248 S _   0.124 0.001 0.001 0.008 0.022 0.051 0.044 0.748 
 249 I _   0.159 0.002 0.002 0.010 0.031 0.060 0.042 0.695 
 250 G _   0.194 0.003 0.002 0.012 0.041 0.067 0.040 0.641 
 251 V _   0.227 0.005 0.002 0.014 0.051 0.073 0.039 0.589 
 252 N _   0.255 0.006 0.003 0.016 0.059 0.076 0.038 0.547 
 253 M _   0.276 0.007 0.003 0.018 0.063 0.077 0.037 0.519 
 254 Y _   0.288 0.008 0.003 0.018 0.064 0.076 0.037 0.506 
 255 A _   0.291 0.008 0.003 0.019 0.062 0.073 0.038 0.507 
 256 M _   0.286 0.008 0.003 0.017 0.057 0.069 0.039 0.522 
 257 L _   0.272 0.006 0.003 0.016 0.050 0.064 0.040 0.549 
 258 T _   0.252 0.005 0.002 0.013 0.041 0.058 0.042 0.586 
 259 G _   0.227 0.003 0.002 0.010 0.032 0.053 0.044 0.628 
 260 T _   0.200 0.002 0.002 0.008 0.025 0.048 0.046 0.669 
 261 L _   0.174 0.002 0.001 0.007 0.019 0.044 0.048 0.706 
 262 P _   0.149 0.001 0.001 0.006 0.015 0.040 0.050 0.737 
 263 F _   0.128 0.001 0.001 0.005 0.013 0.038 0.052 0.762 
 264 T _   0.109 0.001 0.001 0.006 0.011 0.036 0.054 0.781 
 265 V _   0.093 0.002 0.001 0.007 0.011 0.034 0.056 0.796 
 266 E _   0.080 0.003 0.001 0.009 0.012 0.033 0.058 0.805 
 267 P _   0.069 0.005 0.001 0.012 0.012 0.033 0.059 0.809 
 268 F _   0.059 0.007 0.001 0.015 0.013 0.032 0.061 0.811 
 269 S _   0.052 0.010 0.001 0.018 0.014 0.030 0.063 0.812 
 270 L _   0.044 0.012 0.001 0.021 0.014 0.029 0.065 0.814 
 271 R _   0.038 0.014 0.001 0.024 0.014 0.027 0.067 0.816 
 272 A _   0.032 0.015 0.001 0.025 0.013 0.025 0.069 0.820 
 273 L _   0.028 0.015 0.001 0.025 0.012 0.022 0.072 0.826 
 274 Y _   0.024 0.014 0.001 0.022 0.010 0.020 0.075 0.835 
 275 Q _   0.020 0.012 0.001 0.019 0.008 0.017 0.078 0.845 
 276 K _   0.016 0.010 0.001 0.016 0.006 0.015 0.081 0.855 
 277 M _   0.014 0.008 0.001 0.012 0.005 0.012 0.084 0.865 
 278 V _   0.012 0.005 0.000 0.009 0.004 0.011 0.086 0.873 
 279 D _   0.010 0.004 0.000 0.007 0.003 0.010 0.089 0.878 
 280 K _   0.009 0.002 0.000 0.005 0.002 0.009 0.090 0.881 
 281 E _   0.009 0.002 0.000 0.004 0.002 0.009 0.092 0.883 
 282 M _   0.009 0.001 0.000 0.003 0.002 0.010 0.093 0.882 
 283 N _   0.010 0.001 0.000 0.003 0.002 0.011 0.093 0.879 
 284 P _   0.013 0.002 0.000 0.003 0.003 0.014 0.093 0.872 
 285 L _   0.017 0.003 0.000 0.004 0.004 0.018 0.093 0.860 
 286 P _   0.024 0.008 0.001 0.005 0.006 0.025 0.092 0.840 
 287 T _   0.032 0.018 0.001 0.008 0.011 0.033 0.091 0.805 
 288 Q _   0.042 0.041 0.002 0.014 0.020 0.042 0.089 0.751 
 289 L _   0.051 0.082 0.002 0.022 0.030 0.050 0.087 0.676 
 290 S _   0.056 0.138 0.003 0.032 0.039 0.055 0.084 0.592 
 291 T _   0.058 0.199 0.003 0.044 0.045 0.056 0.082 0.511 
 292 G _   0.058 0.249 0.003 0.055 0.047 0.055 0.081 0.451 
 293 A _   0.058 0.281 0.003 0.065 0.046 0.053 0.082 0.414 
 294 I _   0.057 0.297 0.002 0.070 0.044 0.049 0.083 0.397 
 295 S _   0.055 0.303 0.002 0.072 0.040 0.045 0.085 0.397 
 296 F _   0.052 0.299 0.002 0.070 0.036 0.041 0.088 0.412 
 297 L _   0.047 0.284 0.002 0.064 0.030 0.036 0.093 0.444 
 298 R _   0.042 0.254 0.002 0.055 0.025 0.031 0.099 0.493 
 299 S _   0.037 0.204 0.002 0.043 0.019 0.026 0.107 0.562 
 300 L _   0.032 0.141 0.002 0.031 0.014 0.021 0.115 0.645 
 301 L _   0.026 0.081 0.001 0.020 0.009 0.016 0.122 0.725 
 302 E _   0.020 0.039 0.001 0.011 0.005 0.012 0.128 0.784 
 303 P _   0.014 0.017 0.000 0.006 0.003 0.009 0.131 0.819 
 304 D _   0.010 0.009 0.000 0.003 0.002 0.007 0.133 0.837 
 305 P _   0.007 0.005 0.000 0.002 0.001 0.006 0.133 0.845 
 306 V _   0.006 0.004 0.000 0.002 0.001 0.006 0.133 0.847 
 307 K _   0.006 0.005 0.000 0.002 0.001 0.007 0.132 0.847 
 308 R _   0.007 0.007 0.000 0.004 0.002 0.009 0.130 0.841 
 309 P _   0.008 0.014 0.000 0.008 0.003 0.012 0.127 0.828 
 310 N _   0.009 0.027 0.001 0.015 0.006 0.015 0.122 0.805 
 311 I _   0.010 0.049 0.001 0.025 0.008 0.018 0.117 0.773 
 312 Q _   0.010 0.073 0.001 0.035 0.010 0.020 0.111 0.739 
 313 Q _   0.010 0.093 0.001 0.045 0.012 0.020 0.106 0.713 
 314 A _   0.010 0.105 0.001 0.051 0.013 0.021 0.102 0.697 
 315 L _   0.009 0.112 0.001 0.054 0.013 0.020 0.099 0.692 
 316 A _   0.009 0.113 0.001 0.052 0.012 0.019 0.097 0.696 
 317 N _   0.009 0.111 0.001 0.047 0.011 0.018 0.096 0.708 
 318 R _   0.009 0.105 0.001 0.040 0.010 0.016 0.095 0.725 
 319 W _   0.009 0.094 0.001 0.032 0.009 0.015 0.094 0.746 
 320 L _   0.009 0.081 0.001 0.024 0.007 0.013 0.095 0.770 
 321 N _   0.009 0.067 0.001 0.018 0.006 0.012 0.095 0.794 
 322 E _   0.008 0.055 0.001 0.013 0.005 0.011 0.095 0.813 
 323 N _   0.008 0.046 0.000 0.010 0.004 0.010 0.095 0.827 
 324 Y _   0.008 0.041 0.000 0.008 0.003 0.010 0.094 0.836 
 325 T _   0.008 0.038 0.000 0.007 0.003 0.010 0.093 0.841 
 326 G _   0.008 0.036 0.000 0.008 0.003 0.010 0.092 0.842 
 327 K _   0.008 0.037 0.000 0.009 0.004 0.010 0.091 0.841 
 328 V _   0.008 0.038 0.001 0.011 0.004 0.011 0.090 0.838 
 329 P _   0.008 0.039 0.001 0.013 0.005 0.011 0.088 0.835 
 330 C _   0.008 0.041 0.001 0.015 0.005 0.011 0.087 0.832 
 331 N _   0.008 0.043 0.001 0.016 0.005 0.011 0.085 0.831 
 332 V _   0.008 0.044 0.001 0.017 0.005 0.011 0.084 0.831 
 333 T _   0.007 0.044 0.001 0.016 0.005 0.011 0.082 0.833 
 334 Y _   0.007 0.044 0.001 0.015 0.005 0.011 0.081 0.836 
 335 P _   0.007 0.044 0.001 0.014 0.005 0.011 0.080 0.840 
 336 N _   0.007 0.043 0.001 0.012 0.004 0.011 0.079 0.843 
 337 R _   0.007 0.043 0.000 0.010 0.004 0.011 0.078 0.847 
 338 I _   0.007 0.043 0.000 0.009 0.004 0.011 0.077 0.848 
 339 S _   0.007 0.045 0.000 0.009 0.004 0.012 0.075 0.848 
 340 L _   0.008 0.047 0.000 0.009 0.004 0.013 0.074 0.845 
 341 E _   0.009 0.051 0.001 0.009 0.005 0.015 0.072 0.838 
 342 D _   0.010 0.058 0.001 0.011 0.006 0.017 0.070 0.827 
 343 L _   0.011 0.069 0.001 0.015 0.008 0.019 0.067 0.809 
 344 S _   0.013 0.085 0.001 0.020 0.011 0.022 0.065 0.784 
 345 P _   0.014 0.106 0.001 0.027 0.014 0.025 0.061 0.752 
 346 S _   0.015 0.127 0.001 0.036 0.017 0.027 0.058 0.718 
 347 V _   0.016 0.146 0.002 0.046 0.019 0.028 0.056 0.688 
 348 V _   0.016 0.159 0.002 0.054 0.021 0.028 0.054 0.667 
 349 L _   0.016 0.165 0.002 0.060 0.021 0.028 0.052 0.656 
 350 H _   0.016 0.166 0.001 0.061 0.020 0.026 0.052 0.657 
 351 M _   0.015 0.161 0.002 0.058 0.019 0.024 0.051 0.670 
 352 T _   0.014 0.148 0.002 0.051 0.016 0.022 0.052 0.696 
 353 E _   0.014 0.126 0.001 0.041 0.014 0.019 0.052 0.733 
 354 K _   0.013 0.096 0.001 0.030 0.011 0.017 0.053 0.779 
 355 L _   0.012 0.063 0.001 0.020 0.008 0.015 0.054 0.827 
 356 G _   0.011 0.036 0.001 0.013 0.006 0.013 0.055 0.866 
 357 Y _   0.010 0.018 0.001 0.008 0.004 0.012 0.055 0.891 
 358 K _   0.010 0.009 0.000 0.006 0.003 0.011 0.055 0.904 
 359 N _   0.012 0.005 0.000 0.005 0.003 0.011 0.055 0.909 
 360 S _   0.015 0.003 0.000 0.005 0.003 0.012 0.055 0.907 
 361 D _   0.021 0.002 0.000 0.005 0.004 0.014 0.054 0.901 
 362 V _   0.030 0.001 0.001 0.006 0.005 0.015 0.053 0.889 
 363 I _   0.045 0.001 0.001 0.006 0.006 0.018 0.052 0.872 
 364 N _   0.067 0.001 0.001 0.006 0.007 0.020 0.050 0.848 
 365 T _   0.097 0.000 0.001 0.006 0.008 0.023 0.049 0.817 
 366 V _   0.137 0.000 0.001 0.005 0.010 0.025 0.047 0.775 
 367 L _   0.186 0.000 0.001 0.004 0.012 0.028 0.044 0.724 
 368 S _   0.247 0.000 0.001 0.003 0.014 0.031 0.042 0.662 
 369 N _   0.317 0.000 0.001 0.002 0.018 0.034 0.041 0.587 
 370 R _   0.392 0.000 0.001 0.002 0.023 0.036 0.039 0.507 
 371 A H   0.465 0.000 0.002 0.002 0.029 0.038 0.038 0.426 
 372 C H   0.526 0.000 0.002 0.002 0.035 0.039 0.038 0.357 
 373 H H   0.572 0.000 0.002 0.003 0.040 0.039 0.039 0.304 
 374 I H   0.604 0.001 0.002 0.004 0.043 0.038 0.042 0.267 
 375 L H   0.619 0.001 0.002 0.006 0.044 0.037 0.045 0.247 
 376 A H   0.618 0.001 0.002 0.007 0.044 0.035 0.049 0.244 
 377 I H   0.603 0.001 0.002 0.008 0.043 0.033 0.054 0.256 
 378 Y H   0.570 0.001 0.002 0.008 0.039 0.030 0.061 0.287 
 379 F H   0.519 0.001 0.002 0.008 0.034 0.028 0.070 0.339 
 380 L H   0.451 0.001 0.002 0.007 0.027 0.025 0.080 0.407 
 381 L _   0.373 0.000 0.002 0.006 0.020 0.023 0.092 0.483 
 382 N _   0.296 0.000 0.001 0.005 0.014 0.020 0.105 0.558 
 383 K _   0.223 0.000 0.001 0.005 0.010 0.017 0.118 0.625 
 384 K _   0.162 0.000 0.001 0.005 0.007 0.015 0.130 0.679 
 385 L _   0.116 0.000 0.001 0.005 0.006 0.013 0.141 0.719 
 386 E _   0.081 0.000 0.001 0.005 0.005 0.012 0.150 0.746 
 387 R _   0.056 0.000 0.001 0.006 0.004 0.011 0.158 0.765 
 388 Y _   0.039 0.001 0.000 0.006 0.003 0.010 0.165 0.777 
 389 L _   0.027 0.001 0.000 0.006 0.003 0.009 0.170 0.784 
 390 S _   0.019 0.001 0.000 0.006 0.003 0.008 0.175 0.789 
 391 G _   0.014 0.001 0.000 0.006 0.002 0.007 0.178 0.790 
 392 K _   0.011 0.002 0.000 0.005 0.002 0.007 0.182 0.791 
 393 S _   0.009 0.002 0.000 0.005 0.002 0.007 0.184 0.790 
 394 D _   0.007 0.003 0.000 0.005 0.002 0.007 0.186 0.789 
 395 I _   0.007 0.004 0.000 0.005 0.002 0.007 0.188 0.786 
 396 Q _   0.007 0.007 0.000 0.006 0.002 0.008 0.189 0.781 
 397 D _   0.007 0.010 0.000 0.007 0.003 0.009 0.190 0.774 
 398 S _   0.007 0.015 0.000 0.009 0.004 0.010 0.191 0.764 
 399 L _   0.008 0.023 0.001 0.012 0.005 0.012 0.191 0.749 
 400 C _   0.009 0.034 0.001 0.016 0.006 0.013 0.191 0.731 
 401 Y _   0.009 0.046 0.001 0.021 0.007 0.014 0.192 0.710 
 402 K _   0.009 0.058 0.001 0.026 0.009 0.015 0.193 0.690 
 403 T _   0.009 0.069 0.001 0.030 0.009 0.016 0.194 0.671 
 404 R _   0.009 0.077 0.001 0.034 0.010 0.016 0.196 0.657 
 405 L _   0.009 0.082 0.001 0.036 0.010 0.016 0.199 0.647 
 406 Y _   0.009 0.084 0.001 0.036 0.010 0.015 0.203 0.643 
 407 Q _   0.008 0.084 0.001 0.033 0.009 0.014 0.208 0.643 
 408 I _   0.008 0.082 0.001 0.029 0.008 0.012 0.213 0.647 
 409 E _   0.007 0.077 0.001 0.024 0.006 0.011 0.220 0.654 
 410 K _   0.007 0.071 0.001 0.019 0.005 0.010 0.226 0.663 
 411 Y _   0.006 0.064 0.001 0.014 0.004 0.008 0.232 0.671 
 412 R _   0.006 0.058 0.000 0.010 0.003 0.008 0.238 0.677 
 413 A _   0.005 0.054 0.000 0.008 0.002 0.007 0.243 0.681 
 414 P _   0.005 0.052 0.000 0.006 0.002 0.007 0.247 0.681 
 415 K _   0.005 0.051 0.000 0.006 0.002 0.007 0.251 0.679 
 416 E _   0.005 0.052 0.000 0.006 0.002 0.007 0.254 0.674 
 417 S _   0.005 0.054 0.000 0.007 0.002 0.008 0.257 0.667 
 418 Y _   0.005 0.059 0.000 0.008 0.003 0.009 0.259 0.656 
 419 E _   0.006 0.067 0.000 0.011 0.004 0.010 0.261 0.642 
 420 A _   0.006 0.076 0.001 0.014 0.004 0.011 0.263 0.626 
 421 S _   0.006 0.087 0.001 0.017 0.005 0.012 0.264 0.607 
 422 L _   0.006 0.098 0.001 0.021 0.006 0.013 0.267 0.587 
 423 D _   0.007 0.109 0.001 0.025 0.007 0.014 0.269 0.569 
 424 T _   0.007 0.117 0.001 0.029 0.008 0.015 0.272 0.551 
 425 W _   0.007 0.123 0.001 0.033 0.009 0.015 0.276 0.535 
 426 T _   0.008 0.127 0.001 0.037 0.009 0.015 0.281 0.521 
 427 R _   0.008 0.129 0.001 0.039 0.010 0.015 0.288 0.510 
 428 D _   0.008 0.127 0.001 0.040 0.010 0.015 0.296 0.503 
 429 L _   0.009 0.122 0.001 0.039 0.009 0.014 0.307 0.499 
 430 E _   0.009 0.114 0.001 0.036 0.008 0.013 0.319 0.499 
 431 F _   0.009 0.102 0.001 0.031 0.007 0.012 0.333 0.505 
 432 H _   0.008 0.085 0.001 0.026 0.006 0.011 0.349 0.514 
 433 A _   0.008 0.066 0.001 0.020 0.005 0.009 0.366 0.526 
 434 V _   0.007 0.047 0.001 0.014 0.004 0.008 0.381 0.538 
 435 Q _   0.007 0.031 0.000 0.010 0.003 0.007 0.395 0.548 
 436 D _   0.006 0.020 0.000 0.007 0.002 0.005 0.406 0.554 
 437 K _   0.005 0.013 0.000 0.005 0.001 0.005 0.414 0.557 
 438 K _   0.004 0.009 0.000 0.003 0.001 0.004 0.420 0.558 
 439 P _   0.004 0.007 0.000 0.003 0.001 0.004 0.424 0.557 
 440 K _   0.003 0.006 0.000 0.003 0.001 0.004 0.427 0.556 
 441 E _   0.003 0.006 0.000 0.003 0.001 0.004 0.429 0.554 
 442 Q _   0.003 0.007 0.000 0.004 0.001 0.005 0.429 0.551 
 443 E _   0.003 0.008 0.000 0.005 0.001 0.005 0.429 0.547 
 444 K _   0.004 0.011 0.000 0.007 0.002 0.006 0.428 0.542 
 445 R _   0.004 0.014 0.000 0.010 0.002 0.007 0.426 0.536 
 446 G _   0.004 0.018 0.000 0.014 0.003 0.008 0.424 0.529 
 447 D _   0.004 0.021 0.000 0.017 0.004 0.009 0.422 0.523 
 448 F _   0.004 0.024 0.000 0.020 0.004 0.009 0.421 0.517 
 449 L _   0.004 0.026 0.000 0.022 0.004 0.009 0.421 0.512 
 450 H _   0.004 0.027 0.000 0.023 0.004 0.009 0.422 0.510 
 451 R _   0.004 0.026 0.000 0.022 0.004 0.009 0.423 0.511 
 452 P _   0.004 0.025 0.000 0.020 0.004 0.008 0.425 0.513 
 453 F _   0.004 0.023 0.000 0.018 0.003 0.007 0.428 0.516 
 454 S _   0.004 0.020 0.000 0.014 0.003 0.007 0.431 0.520 
 455 K _   0.004 0.017 0.000 0.011 0.002 0.006 0.434 0.525 
 456 K _   0.004 0.014 0.000 0.009 0.002 0.005 0.437 0.529 
 457 L _   0.004 0.011 0.000 0.006 0.002 0.005 0.439 0.533 
 458 D _   0.003 0.009 0.000 0.005 0.001 0.004 0.440 0.536 
 459 K _   0.003 0.008 0.000 0.004 0.001 0.004 0.441 0.538 
 460 N _   0.003 0.008 0.000 0.003 0.001 0.004 0.440 0.540 
 461 L _   0.003 0.008 0.000 0.003 0.001 0.005 0.438 0.542 
 462 P _   0.003 0.009 0.000 0.003 0.001 0.005 0.435 0.543 
 463 S _   0.004 0.011 0.000 0.004 0.002 0.007 0.431 0.542 
 464 H _   0.004 0.016 0.000 0.005 0.002 0.009 0.426 0.538 
 465 K _   0.006 0.026 0.000 0.008 0.004 0.011 0.418 0.527 
 466 Q _   0.007 0.045 0.001 0.012 0.006 0.015 0.408 0.506 
 467 P _   0.009 0.081 0.001 0.019 0.010 0.019 0.394 0.467 
 468 S _   0.010 0.133 0.002 0.027 0.014 0.022 0.379 0.413 
 469 G X   0.010 0.192 0.002 0.036 0.017 0.023 0.365 0.356 
 470 S X   0.010 0.244 0.002 0.044 0.018 0.023 0.353 0.307 
 471 L X   0.009 0.280 0.001 0.049 0.018 0.022 0.345 0.275 
 472 M X   0.009 0.301 0.001 0.053 0.017 0.021 0.341 0.258 
 473 T X   0.009 0.310 0.001 0.054 0.016 0.020 0.338 0.251 
 474 Q X   0.008 0.312 0.001 0.052 0.015 0.019 0.338 0.254 
 475 I X   0.008 0.308 0.001 0.049 0.014 0.018 0.339 0.263 
 476 Q X   0.008 0.298 0.001 0.044 0.013 0.016 0.341 0.279 
 477 N X   0.009 0.278 0.001 0.038 0.011 0.015 0.345 0.303 
 478 T X   0.009 0.249 0.001 0.032 0.010 0.014 0.351 0.334 
 479 K _   0.009 0.213 0.001 0.026 0.009 0.013 0.359 0.370 
 480 A _   0.009 0.175 0.001 0.021 0.007 0.012 0.368 0.407 
 481 L _   0.009 0.140 0.001 0.017 0.006 0.011 0.376 0.441 
 482 L _   0.008 0.112 0.001 0.014 0.005 0.010 0.384 0.467 
 483 K _   0.008 0.092 0.001 0.011 0.004 0.009 0.390 0.487 
 484 D _   0.007 0.077 0.000 0.009 0.003 0.008 0.395 0.501 
 485 R _   0.006 0.067 0.000 0.008 0.002 0.007 0.398 0.511 
 486 K _   0.005 0.059 0.000 0.007 0.002 0.007 0.401 0.518 
 487 A _   0.005 0.054 0.000 0.006 0.002 0.006 0.403 0.523 
 488 S _   0.005 0.051 0.000 0.006 0.002 0.006 0.405 0.527 
 489 K _   0.004 0.048 0.000 0.005 0.002 0.005 0.406 0.530 
 490 S _   0.004 0.047 0.000 0.005 0.002 0.005 0.405 0.532 
 491 S _   0.003 0.047 0.000 0.005 0.001 0.005 0.404 0.533 
 492 F _   0.003 0.048 0.000 0.005 0.002 0.005 0.403 0.534 
 493 P _   0.003 0.051 0.000 0.005 0.002 0.006 0.400 0.533 
 494 D _   0.004 0.055 0.000 0.007 0.002 0.006 0.397 0.528 
 495 K _   0.004 0.064 0.000 0.009 0.003 0.007 0.393 0.520 
 496 D _   0.004 0.076 0.001 0.012 0.004 0.009 0.388 0.506 
 497 S _   0.005 0.095 0.001 0.017 0.005 0.010 0.382 0.486 
 498 F _   0.005 0.116 0.001 0.022 0.006 0.011 0.376 0.463 
 499 G _   0.005 0.137 0.001 0.027 0.007 0.011 0.371 0.440 
 500 C _   0.004 0.153 0.001 0.031 0.007 0.011 0.368 0.424 
 501 R _   0.004 0.164 0.001 0.033 0.007 0.011 0.365 0.414 
 502 N _   0.004 0.170 0.001 0.032 0.007 0.010 0.364 0.411 
 503 I _   0.004 0.172 0.001 0.029 0.006 0.010 0.365 0.413 
 504 F _   0.004 0.171 0.001 0.025 0.005 0.009 0.366 0.420 
 505 R _   0.004 0.168 0.001 0.019 0.004 0.008 0.368 0.429 
 506 K _   0.003 0.163 0.000 0.014 0.003 0.008 0.370 0.439 
 507 T _   0.003 0.158 0.000 0.010 0.003 0.007 0.372 0.446 
 508 S _   0.003 0.155 0.000 0.008 0.002 0.008 0.373 0.450 
 509 D _   0.003 0.155 0.000 0.007 0.002 0.008 0.374 0.449 
 510 S _   0.004 0.159 0.000 0.008 0.003 0.009 0.375 0.441 
 511 N _   0.005 0.168 0.000 0.011 0.004 0.011 0.374 0.426 
 512 C _   0.006 0.186 0.001 0.016 0.006 0.013 0.373 0.398 
 513 V X   0.007 0.212 0.001 0.025 0.009 0.015 0.372 0.359 
 514 A X   0.008 0.240 0.001 0.036 0.011 0.016 0.370 0.317 
 515 S X   0.008 0.261 0.001 0.046 0.013 0.017 0.371 0.283 
 516 S X   0.008 0.274 0.001 0.054 0.014 0.017 0.373 0.259 
 517 S X   0.008 0.278 0.001 0.059 0.014 0.017 0.378 0.244 
 518 M X   0.008 0.277 0.001 0.060 0.014 0.017 0.385 0.238 
 519 E X   0.008 0.268 0.001 0.057 0.013 0.016 0.396 0.241 
 520 F X   0.008 0.249 0.001 0.051 0.013 0.015 0.411 0.253 
 521 I X   0.009 0.215 0.002 0.043 0.012 0.014 0.432 0.275 
 522 P X   0.009 0.166 0.002 0.033 0.010 0.013 0.460 0.308 
 523 V X   0.010 0.112 0.001 0.024 0.008 0.011 0.491 0.343 
 524 P X   0.010 0.066 0.001 0.016 0.006 0.010 0.521 0.370 
 525 P X   0.009 0.037 0.001 0.010 0.004 0.009 0.545 0.386 
 526 P X   0.008 0.021 0.000 0.007 0.003 0.007 0.563 0.392 
 527 R X   0.007 0.013 0.000 0.005 0.002 0.006 0.576 0.391 
 528 T X   0.006 0.008 0.000 0.004 0.001 0.005 0.586 0.388 
 529 P X   0.005 0.006 0.000 0.004 0.001 0.005 0.594 0.385 
 530 R X   0.005 0.005 0.000 0.004 0.001 0.005 0.599 0.382 
 531 I X   0.004 0.004 0.000 0.004 0.001 0.004 0.603 0.379 
 532 V X   0.004 0.004 0.000 0.004 0.001 0.004 0.605 0.378 
 533 K X   0.004 0.003 0.000 0.004 0.001 0.004 0.607 0.378 
 534 K X   0.003 0.003 0.000 0.004 0.001 0.004 0.607 0.378 
 535 P X   0.003 0.003 0.000 0.004 0.001 0.003 0.607 0.379 
 536 E X   0.003 0.003 0.000 0.004 0.001 0.003 0.605 0.381 
 537 P X   0.002 0.003 0.000 0.004 0.001 0.003 0.603 0.383 
 538 H X   0.002 0.004 0.000 0.004 0.001 0.003 0.600 0.386 
 539 Q X   0.002 0.004 0.000 0.004 0.001 0.003 0.597 0.389 
 540 P X   0.002 0.005 0.000 0.004 0.001 0.004 0.592 0.392 
 541 G X   0.002 0.007 0.000 0.005 0.001 0.004 0.586 0.396 
 542 P X   0.002 0.009 0.000 0.005 0.001 0.004 0.578 0.400 
 543 G X   0.002 0.012 0.000 0.006 0.002 0.005 0.570 0.403 
 544 S X   0.003 0.016 0.000 0.007 0.002 0.006 0.560 0.407 
 545 T X   0.003 0.022 0.000 0.008 0.002 0.007 0.549 0.409 
 546 G X   0.003 0.029 0.000 0.010 0.003 0.008 0.536 0.411 
 547 I X   0.003 0.040 0.000 0.012 0.003 0.009 0.521 0.412 
 548 P X   0.004 0.054 0.001 0.014 0.004 0.011 0.504 0.409 
 549 H X   0.004 0.073 0.001 0.017 0.005 0.013 0.485 0.402 
 550 K X   0.005 0.100 0.001 0.021 0.007 0.015 0.463 0.387 
 551 E X   0.006 0.136 0.001 0.026 0.010 0.018 0.439 0.364 
 552 D X   0.006 0.182 0.002 0.032 0.013 0.019 0.414 0.332 
 553 P X   0.006 0.232 0.002 0.039 0.015 0.020 0.391 0.296 
 554 L X   0.007 0.279 0.002 0.046 0.016 0.021 0.370 0.261 
 555 M X   0.006 0.315 0.002 0.052 0.016 0.020 0.354 0.234 
 556 L X   0.006 0.338 0.001 0.058 0.016 0.019 0.343 0.218 
 557 D E   0.006 0.350 0.001 0.061 0.016 0.019 0.336 0.211 
 558 M E   0.006 0.354 0.001 0.063 0.015 0.018 0.332 0.212 
 559 V E   0.007 0.350 0.001 0.060 0.014 0.017 0.330 0.221 
 560 R E   0.007 0.338 0.001 0.055 0.013 0.015 0.329 0.241 
 561 S X   0.008 0.313 0.001 0.047 0.012 0.014 0.331 0.276 
 562 F X   0.008 0.269 0.001 0.037 0.010 0.013 0.334 0.328 
 563 E _   0.009 0.212 0.001 0.027 0.008 0.011 0.339 0.393 
 564 S _   0.008 0.154 0.001 0.018 0.006 0.010 0.344 0.458 
 565 V _   0.008 0.111 0.001 0.011 0.004 0.009 0.347 0.509 
 566 D _   0.006 0.087 0.000 0.007 0.003 0.008 0.350 0.539 
 567 R _   0.005 0.075 0.000 0.005 0.002 0.007 0.350 0.555 
 568 D _   0.005 0.070 0.000 0.004 0.002 0.007 0.350 0.562 
 569 D _   0.005 0.069 0.000 0.004 0.002 0.007 0.349 0.565 
 570 H _   0.005 0.071 0.000 0.005 0.002 0.008 0.346 0.563 
 571 V _   0.005 0.076 0.000 0.007 0.003 0.008 0.343 0.558 
 572 E _   0.005 0.083 0.000 0.010 0.003 0.009 0.339 0.550 
 573 V _   0.006 0.094 0.001 0.012 0.004 0.010 0.334 0.540 
 574 L _   0.005 0.105 0.001 0.014 0.005 0.011 0.329 0.530 
 575 S _   0.005 0.115 0.001 0.016 0.005 0.011 0.324 0.523 
 576 P _   0.005 0.125 0.001 0.017 0.005 0.011 0.320 0.517 
 577 S _   0.005 0.133 0.001 0.017 0.006 0.012 0.316 0.512 
 578 H _   0.005 0.140 0.001 0.017 0.006 0.012 0.312 0.507 
 579 H _   0.005 0.147 0.001 0.017 0.006 0.012 0.309 0.502 
 580 Y _   0.006 0.153 0.001 0.018 0.006 0.013 0.307 0.496 
 581 R _   0.006 0.160 0.001 0.019 0.007 0.013 0.305 0.489 
 582 I _   0.006 0.166 0.001 0.021 0.007 0.013 0.304 0.482 
 583 L _   0.007 0.172 0.001 0.022 0.008 0.013 0.303 0.475 
 584 N _   0.007 0.175 0.001 0.024 0.008 0.013 0.303 0.470 
 585 S _   0.007 0.177 0.001 0.025 0.008 0.013 0.303 0.466 
 586 P _   0.007 0.176 0.001 0.025 0.008 0.013 0.304 0.465 
 587 V _   0.007 0.174 0.001 0.025 0.008 0.012 0.307 0.467 
 588 S _   0.008 0.168 0.001 0.023 0.007 0.012 0.310 0.473 
 589 L _   0.007 0.159 0.001 0.021 0.006 0.011 0.313 0.481 
 590 A _   0.007 0.147 0.001 0.018 0.006 0.010 0.318 0.493 
 591 R _   0.007 0.134 0.001 0.015 0.005 0.009 0.323 0.506 
 592 R _   0.007 0.121 0.001 0.012 0.004 0.009 0.328 0.519 
 593 N _   0.006 0.110 0.000 0.010 0.004 0.008 0.332 0.529 
 594 S _   0.006 0.101 0.000 0.009 0.003 0.008 0.337 0.536 
 595 S _   0.005 0.095 0.000 0.008 0.003 0.007 0.340 0.541 
 596 E _   0.005 0.091 0.000 0.008 0.003 0.007 0.344 0.542 
 597 R _   0.005 0.088 0.000 0.008 0.003 0.007 0.347 0.542 
 598 T _   0.005 0.087 0.000 0.009 0.003 0.007 0.349 0.541 
 599 L _   0.004 0.086 0.000 0.009 0.003 0.007 0.352 0.539 
 600 S _   0.004 0.085 0.000 0.009 0.003 0.006 0.354 0.538 
 601 P _   0.004 0.084 0.000 0.009 0.003 0.006 0.356 0.537 
 602 G _   0.004 0.084 0.000 0.009 0.003 0.006 0.358 0.536 
 603 L _   0.004 0.084 0.000 0.009 0.003 0.006 0.360 0.534 
 604 P _   0.004 0.084 0.000 0.009 0.003 0.006 0.362 0.533 
 605 S _   0.004 0.084 0.000 0.008 0.002 0.006 0.364 0.531 
 606 G _   0.004 0.085 0.000 0.008 0.003 0.007 0.366 0.528 
 607 S _   0.004 0.088 0.000 0.008 0.003 0.007 0.367 0.523 
 608 M _   0.004 0.091 0.000 0.008 0.003 0.008 0.369 0.517 
 609 S _   0.004 0.096 0.000 0.009 0.003 0.009 0.370 0.508 
 610 P _   0.005 0.103 0.000 0.011 0.004 0.010 0.371 0.497 
 611 L _   0.005 0.113 0.001 0.013 0.005 0.011 0.371 0.481 
 612 H _   0.006 0.125 0.001 0.016 0.006 0.013 0.372 0.461 
 613 T _   0.006 0.141 0.001 0.021 0.007 0.014 0.372 0.437 
 614 P _   0.007 0.158 0.001 0.027 0.009 0.016 0.373 0.409 
 615 L _   0.007 0.174 0.001 0.035 0.011 0.017 0.375 0.381 
 616 H X   0.008 0.187 0.001 0.042 0.012 0.018 0.377 0.355 
 617 P X   0.008 0.195 0.001 0.049 0.013 0.018 0.382 0.334 
 618 T X   0.008 0.199 0.001 0.054 0.013 0.017 0.388 0.319 
 619 L X   0.008 0.198 0.001 0.055 0.013 0.017 0.397 0.310 
 620 V X   0.008 0.192 0.001 0.054 0.012 0.016 0.409 0.308 
 621 S X   0.008 0.179 0.001 0.049 0.011 0.014 0.425 0.314 
 622 F X   0.008 0.155 0.001 0.041 0.009 0.012 0.444 0.328 
 623 A X   0.007 0.122 0.001 0.032 0.008 0.011 0.467 0.351 
 624 H X   0.007 0.084 0.001 0.022 0.006 0.009 0.492 0.379 
 625 E X   0.006 0.050 0.001 0.014 0.004 0.007 0.515 0.404 
 626 D X   0.005 0.027 0.000 0.008 0.002 0.006 0.533 0.419 
 627 K X   0.004 0.015 0.000 0.004 0.001 0.004 0.545 0.425 
 628 N X   0.003 0.010 0.000 0.003 0.001 0.004 0.553 0.426 
 629 S X   0.003 0.007 0.000 0.002 0.001 0.003 0.559 0.424 
 630 P X   0.003 0.006 0.000 0.003 0.001 0.003 0.563 0.421 
 631 P X   0.003 0.006 0.000 0.003 0.001 0.004 0.566 0.417 
 632 K X   0.003 0.007 0.000 0.005 0.001 0.004 0.567 0.412 
 633 E X   0.003 0.008 0.000 0.007 0.002 0.005 0.568 0.406 
 634 E X   0.003 0.009 0.000 0.010 0.002 0.006 0.569 0.401 
 635 G X   0.003 0.010 0.000 0.012 0.002 0.006 0.569 0.396 
 636 L X   0.003 0.011 0.000 0.014 0.003 0.006 0.570 0.392 
 637 C X   0.003 0.011 0.000 0.014 0.003 0.006 0.572 0.392 
 638 C X   0.003 0.011 0.000 0.012 0.002 0.005 0.573 0.393 
 639 P X   0.003 0.010 0.000 0.010 0.002 0.005 0.575 0.395 
 640 P X   0.003 0.009 0.000 0.007 0.002 0.004 0.577 0.399 
 641 P X   0.002 0.008 0.000 0.005 0.001 0.003 0.578 0.402 
 642 V X   0.002 0.007 0.000 0.004 0.001 0.003 0.578 0.405 
 643 P X   0.002 0.007 0.000 0.003 0.001 0.003 0.578 0.407 
 644 S X   0.002 0.007 0.000 0.003 0.001 0.003 0.576 0.408 
 645 N X   0.002 0.008 0.000 0.003 0.001 0.003 0.574 0.409 
 646 G X   0.002 0.009 0.000 0.004 0.001 0.004 0.571 0.409 
 647 P X   0.002 0.012 0.000 0.005 0.001 0.004 0.566 0.408 
 648 M X   0.003 0.017 0.000 0.007 0.002 0.005 0.560 0.406 
 649 Q X   0.003 0.024 0.000 0.009 0.002 0.006 0.553 0.403 
 650 P X   0.003 0.032 0.000 0.010 0.003 0.007 0.546 0.400 
 651 L X   0.003 0.040 0.000 0.012 0.003 0.007 0.538 0.397 
 652 G X   0.003 0.047 0.000 0.012 0.003 0.007 0.531 0.396 
 653 S X   0.003 0.055 0.000 0.012 0.003 0.008 0.523 0.396 
 654 P X   0.003 0.062 0.000 0.012 0.003 0.008 0.517 0.395 
 655 N X   0.003 0.069 0.000 0.011 0.003 0.009 0.510 0.393 
 656 C X   0.003 0.078 0.000 0.011 0.004 0.010 0.503 0.390 
 657 V X   0.004 0.089 0.001 0.011 0.004 0.012 0.496 0.383 
 658 K X   0.005 0.104 0.001 0.012 0.005 0.014 0.488 0.371 
 659 S X   0.006 0.125 0.001 0.014 0.007 0.016 0.479 0.352 
 660 R X   0.007 0.154 0.001 0.017 0.009 0.018 0.469 0.325 
 661 G X   0.008 0.191 0.001 0.020 0.012 0.019 0.459 0.290 
 662 R X   0.008 0.233 0.001 0.023 0.014 0.020 0.449 0.251 
 663 F X   0.008 0.274 0.001 0.026 0.015 0.020 0.441 0.214 
