#TopoPred_TM8: 8-state transmembrane topology prediction results by no_profile mode 
#probabilities are in the order of H E C I L F X _, the 8 transmembrane topology types used in PDBTM 
   1 M X   0.019 0.005 0.002 0.074 0.012 0.018 0.567 0.302 
   2 S X   0.008 0.006 0.000 0.056 0.003 0.013 0.580 0.335 
   3 D X   0.004 0.007 0.000 0.045 0.002 0.012 0.580 0.351 
   4 S X   0.004 0.011 0.000 0.042 0.002 0.014 0.572 0.354 
   5 L X   0.006 0.021 0.000 0.044 0.004 0.019 0.555 0.350 
   6 W X   0.008 0.036 0.001 0.048 0.007 0.023 0.532 0.345 
   7 T X   0.010 0.055 0.001 0.051 0.009 0.026 0.507 0.341 
   8 A X   0.011 0.073 0.001 0.053 0.011 0.026 0.483 0.342 
   9 L X   0.011 0.088 0.001 0.052 0.011 0.025 0.462 0.351 
  10 S X   0.010 0.099 0.001 0.048 0.011 0.023 0.443 0.365 
  11 N X   0.009 0.105 0.001 0.042 0.011 0.021 0.428 0.384 
  12 F X   0.009 0.108 0.001 0.034 0.009 0.019 0.415 0.405 
  13 S _   0.008 0.109 0.001 0.027 0.008 0.018 0.405 0.425 
  14 M _   0.008 0.109 0.001 0.021 0.007 0.016 0.396 0.442 
  15 P _   0.008 0.109 0.001 0.017 0.006 0.016 0.388 0.456 
  16 S _   0.008 0.109 0.001 0.015 0.006 0.015 0.381 0.466 
  17 F _   0.008 0.111 0.001 0.015 0.006 0.015 0.373 0.472 
  18 P _   0.008 0.114 0.001 0.016 0.006 0.015 0.366 0.474 
  19 G _   0.008 0.118 0.001 0.019 0.007 0.015 0.358 0.474 
  20 G _   0.009 0.122 0.001 0.022 0.007 0.015 0.351 0.473 
  21 S _   0.009 0.124 0.001 0.024 0.008 0.015 0.345 0.474 
  22 M _   0.009 0.125 0.001 0.026 0.008 0.014 0.340 0.478 
  23 F _   0.009 0.123 0.001 0.025 0.008 0.013 0.335 0.486 
  24 R _   0.008 0.119 0.001 0.023 0.007 0.012 0.332 0.498 
  25 R _   0.007 0.112 0.001 0.020 0.006 0.011 0.329 0.514 
  26 T _   0.007 0.103 0.001 0.016 0.005 0.010 0.327 0.532 
  27 K _   0.006 0.093 0.001 0.011 0.004 0.009 0.325 0.552 
  28 S _   0.006 0.084 0.000 0.008 0.003 0.008 0.322 0.568 
  29 C _   0.005 0.079 0.000 0.006 0.002 0.008 0.319 0.580 
  30 R _   0.005 0.077 0.000 0.005 0.002 0.008 0.316 0.586 
  31 T _   0.006 0.077 0.000 0.006 0.003 0.009 0.312 0.587 
  32 S _   0.006 0.081 0.000 0.007 0.003 0.011 0.307 0.583 
  33 N _   0.007 0.091 0.001 0.011 0.005 0.013 0.301 0.571 
  34 R _   0.008 0.107 0.001 0.018 0.007 0.015 0.293 0.550 
  35 K _   0.009 0.129 0.001 0.026 0.010 0.017 0.285 0.523 
  36 S _   0.010 0.151 0.001 0.035 0.011 0.018 0.278 0.497 
  37 L _   0.010 0.166 0.001 0.043 0.013 0.018 0.272 0.478 
  38 I _   0.010 0.175 0.001 0.048 0.013 0.018 0.267 0.468 
  39 L _   0.010 0.178 0.001 0.050 0.013 0.017 0.265 0.466 
  40 T _   0.010 0.176 0.001 0.048 0.012 0.016 0.264 0.473 
  41 S _   0.010 0.169 0.001 0.044 0.011 0.015 0.264 0.487 
  42 T _   0.009 0.155 0.001 0.037 0.009 0.014 0.265 0.510 
  43 S _   0.009 0.133 0.001 0.029 0.008 0.012 0.267 0.541 
  44 P _   0.009 0.106 0.001 0.022 0.006 0.011 0.270 0.576 
  45 T _   0.008 0.080 0.001 0.015 0.005 0.009 0.273 0.609 
  46 L _   0.008 0.059 0.000 0.011 0.003 0.008 0.275 0.636 
  47 P _   0.007 0.045 0.000 0.007 0.002 0.007 0.276 0.654 
  48 R _   0.006 0.037 0.000 0.006 0.002 0.006 0.277 0.666 
  49 P _   0.005 0.033 0.000 0.005 0.002 0.006 0.276 0.673 
  50 H _   0.005 0.031 0.000 0.005 0.002 0.006 0.275 0.676 
  51 S _   0.005 0.031 0.000 0.006 0.002 0.006 0.273 0.678 
  52 P _   0.005 0.032 0.000 0.007 0.002 0.006 0.270 0.677 
  53 L _   0.005 0.034 0.000 0.009 0.002 0.007 0.267 0.676 
  54 P _   0.005 0.036 0.000 0.012 0.003 0.007 0.263 0.674 
  55 G _   0.005 0.039 0.000 0.014 0.003 0.008 0.258 0.672 
  56 H _   0.005 0.042 0.000 0.016 0.003 0.008 0.254 0.671 
  57 L _   0.005 0.044 0.000 0.017 0.004 0.008 0.250 0.672 
  58 G _   0.004 0.046 0.000 0.018 0.004 0.008 0.246 0.674 
  59 S _   0.004 0.046 0.000 0.017 0.003 0.008 0.243 0.678 
  60 S _   0.004 0.047 0.000 0.016 0.003 0.007 0.240 0.683 
  61 P _   0.004 0.046 0.000 0.014 0.003 0.007 0.237 0.689 
  62 L _   0.004 0.046 0.000 0.012 0.002 0.007 0.234 0.695 
  63 D _   0.004 0.045 0.000 0.010 0.002 0.006 0.231 0.702 
  64 S _   0.004 0.045 0.000 0.008 0.002 0.006 0.227 0.708 
  65 P _   0.004 0.046 0.000 0.007 0.002 0.006 0.223 0.712 
  66 R _   0.004 0.048 0.000 0.007 0.002 0.006 0.218 0.716 
  67 N _   0.004 0.051 0.000 0.007 0.002 0.007 0.212 0.717 
  68 F _   0.004 0.058 0.000 0.008 0.002 0.008 0.205 0.715 
  69 S _   0.005 0.069 0.000 0.010 0.003 0.009 0.196 0.707 
  70 P _   0.005 0.090 0.001 0.014 0.004 0.011 0.185 0.690 
  71 N _   0.006 0.123 0.001 0.019 0.006 0.013 0.171 0.661 
  72 T _   0.006 0.170 0.001 0.024 0.008 0.015 0.156 0.620 
  73 P _   0.006 0.228 0.001 0.029 0.009 0.015 0.139 0.570 
  74 A _   0.006 0.287 0.001 0.033 0.010 0.015 0.124 0.523 
  75 H _   0.006 0.338 0.001 0.035 0.010 0.014 0.112 0.484 
  76 F _   0.005 0.377 0.001 0.034 0.009 0.013 0.102 0.458 
  77 S _   0.005 0.404 0.001 0.032 0.008 0.012 0.095 0.442 
  78 F _   0.004 0.423 0.001 0.030 0.007 0.011 0.090 0.435 
  79 A E   0.004 0.434 0.001 0.026 0.006 0.011 0.085 0.433 
  80 S E   0.004 0.441 0.001 0.023 0.005 0.010 0.081 0.435 
  81 S E   0.004 0.446 0.001 0.019 0.005 0.009 0.078 0.439 
  82 R E   0.004 0.448 0.000 0.017 0.004 0.009 0.076 0.442 
  83 R E   0.004 0.451 0.000 0.015 0.004 0.009 0.073 0.443 
  84 A E   0.004 0.455 0.000 0.014 0.004 0.009 0.071 0.443 
  85 D E   0.004 0.460 0.000 0.015 0.004 0.009 0.068 0.439 
  86 G E   0.004 0.466 0.001 0.016 0.005 0.009 0.066 0.433 
  87 R E   0.005 0.473 0.001 0.018 0.005 0.009 0.064 0.427 
  88 R E   0.005 0.478 0.001 0.019 0.005 0.009 0.062 0.421 
  89 W E   0.005 0.481 0.001 0.021 0.006 0.009 0.060 0.417 
  90 S E   0.005 0.482 0.001 0.022 0.006 0.009 0.059 0.417 
  91 L E   0.005 0.479 0.001 0.023 0.006 0.009 0.058 0.420 
  92 A E   0.005 0.472 0.001 0.023 0.006 0.008 0.058 0.428 
  93 S E   0.005 0.460 0.001 0.022 0.005 0.008 0.058 0.442 
  94 L _   0.005 0.442 0.001 0.020 0.005 0.008 0.058 0.462 
  95 P _   0.005 0.421 0.001 0.017 0.005 0.008 0.058 0.486 
  96 S _   0.005 0.397 0.001 0.014 0.004 0.007 0.059 0.513 
  97 S _   0.005 0.373 0.000 0.012 0.003 0.007 0.059 0.540 
  98 G _   0.004 0.355 0.000 0.009 0.003 0.006 0.060 0.562 
  99 Y _   0.004 0.343 0.000 0.008 0.002 0.006 0.059 0.577 
 100 G _   0.004 0.337 0.000 0.007 0.002 0.006 0.059 0.585 
 101 T _   0.004 0.335 0.000 0.007 0.002 0.006 0.058 0.588 
 102 N _   0.004 0.337 0.000 0.008 0.002 0.007 0.057 0.586 
 103 T _   0.004 0.344 0.000 0.009 0.003 0.007 0.055 0.578 
 104 P _   0.004 0.357 0.000 0.011 0.003 0.008 0.053 0.565 
 105 S _   0.004 0.374 0.001 0.014 0.004 0.008 0.050 0.546 
 106 S _   0.004 0.395 0.001 0.016 0.004 0.008 0.047 0.525 
 107 T _   0.004 0.418 0.001 0.018 0.005 0.008 0.044 0.503 
 108 V _   0.003 0.438 0.001 0.019 0.005 0.008 0.042 0.484 
 109 S _   0.003 0.455 0.001 0.020 0.005 0.008 0.040 0.469 
 110 S E   0.003 0.469 0.001 0.020 0.004 0.008 0.038 0.458 
 111 S E   0.003 0.478 0.001 0.019 0.004 0.008 0.037 0.450 
 112 C E   0.003 0.486 0.001 0.019 0.004 0.008 0.036 0.445 
 113 S E   0.003 0.491 0.000 0.018 0.004 0.008 0.035 0.441 
 114 S E   0.003 0.494 0.000 0.017 0.004 0.008 0.034 0.438 
 115 Q E   0.003 0.496 0.000 0.017 0.004 0.008 0.034 0.437 
 116 E E   0.004 0.496 0.000 0.017 0.004 0.008 0.034 0.437 
 117 R E   0.004 0.495 0.001 0.017 0.004 0.008 0.034 0.438 
 118 L E   0.004 0.491 0.001 0.016 0.004 0.008 0.034 0.441 
 119 H E   0.004 0.485 0.001 0.016 0.004 0.008 0.035 0.448 
 120 Q E   0.005 0.477 0.001 0.014 0.004 0.008 0.036 0.456 
 121 L _   0.005 0.466 0.001 0.013 0.004 0.008 0.036 0.467 
 122 P _   0.005 0.455 0.001 0.012 0.004 0.008 0.037 0.478 
 123 Y _   0.005 0.444 0.000 0.010 0.004 0.008 0.038 0.489 
 124 Q _   0.005 0.436 0.000 0.009 0.004 0.009 0.039 0.498 
 125 P _   0.005 0.430 0.000 0.009 0.004 0.009 0.040 0.502 
 126 T _   0.006 0.427 0.000 0.009 0.004 0.010 0.041 0.503 
 127 V _   0.006 0.428 0.000 0.010 0.004 0.010 0.041 0.500 
 128 D _   0.006 0.431 0.001 0.012 0.005 0.011 0.042 0.493 
 129 E _   0.007 0.435 0.001 0.015 0.005 0.012 0.042 0.484 
 130 L _   0.007 0.441 0.001 0.018 0.006 0.012 0.043 0.474 
 131 H _   0.007 0.444 0.001 0.021 0.007 0.012 0.043 0.466 
 132 F _   0.007 0.446 0.001 0.023 0.007 0.012 0.044 0.460 
 133 L _   0.006 0.444 0.001 0.025 0.007 0.012 0.045 0.459 
 134 S _   0.006 0.438 0.001 0.027 0.007 0.011 0.047 0.463 
 135 K _   0.006 0.427 0.001 0.028 0.008 0.011 0.049 0.471 
 136 H _   0.006 0.411 0.001 0.028 0.008 0.011 0.051 0.484 
 137 F _   0.007 0.388 0.001 0.028 0.007 0.011 0.054 0.504 
 138 G _   0.007 0.358 0.001 0.027 0.007 0.011 0.058 0.531 
 139 S _   0.008 0.320 0.001 0.026 0.007 0.011 0.063 0.564 
 140 T _   0.008 0.276 0.001 0.024 0.007 0.011 0.069 0.605 
 141 E _   0.008 0.229 0.001 0.022 0.006 0.010 0.075 0.649 
 142 S _   0.008 0.184 0.001 0.018 0.005 0.010 0.081 0.692 
 143 I _   0.008 0.146 0.001 0.015 0.004 0.009 0.086 0.731 
 144 T _   0.007 0.118 0.000 0.012 0.003 0.008 0.090 0.762 
 145 D _   0.006 0.098 0.000 0.009 0.003 0.007 0.093 0.783 
 146 E _   0.005 0.086 0.000 0.007 0.002 0.007 0.096 0.797 
 147 D _   0.005 0.078 0.000 0.006 0.002 0.007 0.097 0.805 
 148 G _   0.005 0.075 0.000 0.006 0.002 0.006 0.098 0.809 
 149 G _   0.004 0.074 0.000 0.007 0.002 0.007 0.098 0.809 
 150 R _   0.004 0.075 0.000 0.008 0.002 0.007 0.097 0.806 
 151 R _   0.004 0.078 0.000 0.010 0.002 0.008 0.097 0.800 
 152 S _   0.004 0.082 0.000 0.013 0.003 0.009 0.095 0.792 
 153 P _   0.005 0.089 0.000 0.017 0.004 0.010 0.094 0.782 
 154 A _   0.005 0.095 0.001 0.021 0.004 0.010 0.093 0.771 
 155 V _   0.005 0.101 0.001 0.025 0.005 0.011 0.091 0.760 
 156 R _   0.005 0.106 0.001 0.029 0.006 0.011 0.091 0.752 
 157 P _   0.005 0.109 0.001 0.032 0.006 0.011 0.090 0.746 
 158 R _   0.005 0.110 0.001 0.033 0.006 0.011 0.090 0.743 
 159 S _   0.005 0.108 0.001 0.033 0.006 0.011 0.091 0.745 
 160 R _   0.005 0.103 0.001 0.031 0.006 0.011 0.092 0.752 
 161 S _   0.006 0.096 0.001 0.027 0.005 0.010 0.094 0.762 
 162 L _   0.006 0.086 0.001 0.023 0.005 0.009 0.096 0.776 
 163 S _   0.005 0.074 0.001 0.018 0.004 0.008 0.098 0.793 
 164 P _   0.005 0.062 0.000 0.013 0.003 0.007 0.099 0.810 
 165 G _   0.005 0.052 0.000 0.009 0.002 0.006 0.100 0.824 
 166 R _   0.004 0.046 0.000 0.006 0.002 0.006 0.101 0.835 
 167 S _   0.004 0.042 0.000 0.005 0.001 0.006 0.101 0.841 
 168 P _   0.004 0.041 0.000 0.004 0.001 0.006 0.100 0.843 
 169 S _   0.004 0.042 0.000 0.005 0.002 0.007 0.099 0.841 
 170 S _   0.005 0.047 0.000 0.006 0.003 0.010 0.097 0.832 
 171 Y _   0.007 0.060 0.001 0.010 0.004 0.013 0.094 0.812 
 172 D _   0.009 0.087 0.001 0.017 0.007 0.016 0.089 0.773 
 173 N _   0.010 0.133 0.001 0.028 0.011 0.020 0.084 0.714 
 174 E _   0.011 0.187 0.002 0.040 0.014 0.022 0.078 0.647 
 175 I _   0.011 0.234 0.002 0.050 0.016 0.023 0.073 0.591 
 176 V _   0.010 0.266 0.001 0.058 0.016 0.023 0.070 0.555 
 177 M _   0.010 0.282 0.001 0.062 0.016 0.023 0.067 0.537 
 178 M _   0.010 0.289 0.001 0.063 0.016 0.022 0.066 0.533 
 179 N _   0.010 0.289 0.001 0.059 0.015 0.021 0.065 0.540 
 180 H _   0.010 0.281 0.001 0.053 0.014 0.020 0.065 0.557 
 181 V _   0.010 0.265 0.001 0.044 0.012 0.018 0.066 0.584 
 182 Y _   0.010 0.241 0.001 0.035 0.011 0.017 0.067 0.619 
 183 K _   0.010 0.211 0.001 0.026 0.009 0.015 0.068 0.659 
 184 E _   0.010 0.182 0.001 0.019 0.007 0.014 0.070 0.696 
 185 R _   0.010 0.158 0.001 0.015 0.006 0.013 0.071 0.727 
 186 F _   0.009 0.142 0.001 0.012 0.005 0.012 0.072 0.748 
 187 P _   0.008 0.131 0.000 0.011 0.004 0.012 0.073 0.761 
 188 K _   0.008 0.124 0.000 0.011 0.004 0.011 0.073 0.768 
 189 A _   0.008 0.120 0.000 0.012 0.004 0.011 0.073 0.771 
 190 T _   0.008 0.117 0.000 0.013 0.004 0.011 0.073 0.773 
 191 A _   0.007 0.115 0.001 0.015 0.004 0.011 0.073 0.773 
 192 Q _   0.007 0.113 0.001 0.016 0.005 0.011 0.073 0.774 
 193 M _   0.007 0.110 0.001 0.018 0.005 0.011 0.073 0.776 
 194 E _   0.007 0.106 0.001 0.019 0.005 0.011 0.073 0.779 
 195 E _   0.007 0.100 0.001 0.019 0.005 0.011 0.073 0.784 
 196 K _   0.007 0.093 0.001 0.019 0.005 0.011 0.073 0.791 
 197 L _   0.007 0.084 0.001 0.019 0.005 0.010 0.074 0.800 
 198 R _   0.007 0.074 0.001 0.018 0.005 0.010 0.075 0.810 
 199 D _   0.007 0.063 0.001 0.017 0.005 0.010 0.076 0.821 
 200 F _   0.007 0.051 0.001 0.015 0.005 0.010 0.077 0.834 
 201 T _   0.007 0.039 0.001 0.013 0.004 0.009 0.078 0.848 
 202 R _   0.007 0.027 0.000 0.011 0.004 0.009 0.080 0.862 
 203 A _   0.007 0.017 0.000 0.008 0.003 0.008 0.080 0.875 
 204 Y _   0.007 0.010 0.000 0.006 0.002 0.008 0.081 0.885 
 205 E _   0.007 0.005 0.000 0.005 0.002 0.008 0.081 0.892 
 206 P _   0.008 0.003 0.000 0.004 0.002 0.009 0.080 0.895 
 207 D _   0.010 0.001 0.000 0.003 0.002 0.010 0.079 0.893 
 208 S _   0.015 0.001 0.000 0.003 0.002 0.013 0.078 0.887 
 209 V _   0.023 0.000 0.000 0.003 0.003 0.017 0.076 0.876 
 210 L _   0.037 0.000 0.001 0.004 0.005 0.023 0.074 0.856 
 211 P _   0.056 0.000 0.001 0.005 0.008 0.031 0.071 0.827 
 212 L _   0.083 0.001 0.001 0.007 0.013 0.039 0.068 0.789 
 213 A _   0.115 0.001 0.001 0.008 0.019 0.048 0.065 0.742 
 214 D _   0.152 0.001 0.002 0.009 0.027 0.057 0.061 0.691 
 215 G _   0.191 0.002 0.002 0.010 0.035 0.064 0.058 0.639 
 216 V _   0.230 0.002 0.002 0.010 0.044 0.070 0.055 0.587 
 217 L _   0.267 0.003 0.002 0.010 0.052 0.074 0.052 0.539 
 218 S _   0.297 0.004 0.002 0.010 0.060 0.076 0.050 0.500 
 219 F _   0.322 0.005 0.003 0.011 0.066 0.077 0.049 0.469 
 220 I _   0.338 0.006 0.003 0.012 0.069 0.076 0.049 0.447 
 221 H _   0.345 0.008 0.003 0.015 0.069 0.073 0.049 0.439 
 222 H _   0.341 0.009 0.003 0.017 0.067 0.069 0.050 0.443 
 223 Q _   0.327 0.010 0.003 0.020 0.062 0.064 0.052 0.462 
 224 I _   0.306 0.011 0.003 0.022 0.054 0.058 0.054 0.493 
 225 I _   0.275 0.010 0.003 0.022 0.045 0.052 0.057 0.537 
 226 E _   0.237 0.009 0.002 0.020 0.035 0.044 0.060 0.592 
 227 L _   0.194 0.007 0.002 0.017 0.025 0.037 0.063 0.654 
 228 A _   0.152 0.004 0.001 0.013 0.017 0.030 0.067 0.715 
 229 R _   0.113 0.003 0.001 0.009 0.010 0.024 0.069 0.771 
 230 D _   0.080 0.001 0.001 0.006 0.006 0.019 0.071 0.816 
 231 C _   0.055 0.001 0.000 0.004 0.004 0.016 0.072 0.848 
 232 L _   0.039 0.000 0.000 0.003 0.003 0.014 0.073 0.868 
 233 T _   0.030 0.000 0.000 0.002 0.002 0.013 0.073 0.879 
 234 K _   0.026 0.000 0.000 0.002 0.002 0.014 0.073 0.882 
 235 S _   0.025 0.001 0.000 0.002 0.003 0.016 0.073 0.879 
 236 R _   0.028 0.002 0.000 0.004 0.005 0.020 0.073 0.869 
 237 D _   0.033 0.006 0.001 0.006 0.008 0.025 0.072 0.850 
 238 G _   0.039 0.015 0.001 0.012 0.013 0.030 0.071 0.819 
 239 L _   0.044 0.031 0.002 0.020 0.020 0.036 0.070 0.778 
 240 I _   0.048 0.051 0.002 0.031 0.025 0.040 0.068 0.735 
 241 T _   0.051 0.067 0.002 0.041 0.029 0.041 0.068 0.701 
 242 T _   0.050 0.078 0.002 0.049 0.031 0.042 0.068 0.680 
 243 V _   0.048 0.084 0.002 0.053 0.031 0.040 0.068 0.674 
 244 Y _   0.045 0.085 0.002 0.053 0.028 0.038 0.069 0.680 
 245 F _   0.040 0.082 0.002 0.048 0.024 0.034 0.070 0.699 
 246 Y _   0.035 0.075 0.002 0.040 0.020 0.030 0.072 0.726 
 247 E _   0.030 0.063 0.001 0.031 0.015 0.026 0.074 0.759 
 248 L _   0.025 0.050 0.001 0.023 0.011 0.022 0.077 0.792 
 249 Q _   0.020 0.036 0.001 0.017 0.008 0.018 0.079 0.821 
 250 E _   0.017 0.026 0.001 0.012 0.006 0.015 0.080 0.844 
 251 N _   0.014 0.018 0.001 0.010 0.004 0.013 0.081 0.859 
 252 L _   0.012 0.013 0.000 0.008 0.004 0.011 0.082 0.869 
 253 E _   0.011 0.010 0.000 0.008 0.003 0.010 0.083 0.875 
 254 K _   0.010 0.007 0.000 0.007 0.003 0.009 0.083 0.880 
 255 L _   0.009 0.005 0.000 0.007 0.003 0.009 0.083 0.883 
 256 L _   0.009 0.004 0.000 0.006 0.003 0.008 0.083 0.887 
 257 Q _   0.009 0.002 0.000 0.006 0.002 0.008 0.083 0.890 
 258 D _   0.010 0.002 0.000 0.005 0.002 0.008 0.082 0.892 
 259 A _   0.012 0.001 0.000 0.004 0.002 0.009 0.080 0.892 
 260 Y _   0.016 0.000 0.000 0.003 0.002 0.010 0.078 0.889 
 261 E _   0.023 0.000 0.000 0.003 0.003 0.013 0.076 0.882 
 262 R _   0.037 0.000 0.000 0.003 0.004 0.016 0.073 0.866 
 263 S _   0.059 0.000 0.001 0.003 0.005 0.022 0.070 0.840 
 264 E _   0.091 0.000 0.001 0.004 0.009 0.029 0.067 0.800 
 265 S _   0.132 0.000 0.001 0.005 0.014 0.036 0.063 0.748 
 266 L _   0.180 0.000 0.001 0.007 0.021 0.044 0.059 0.687 
 267 E _   0.229 0.001 0.002 0.009 0.028 0.051 0.056 0.626 
 268 V _   0.272 0.001 0.002 0.010 0.034 0.055 0.053 0.572 
 269 A _   0.310 0.001 0.002 0.011 0.038 0.057 0.050 0.530 
 270 F _   0.340 0.001 0.002 0.011 0.039 0.057 0.049 0.501 
 271 V _   0.363 0.001 0.002 0.009 0.038 0.056 0.048 0.483 
 272 T _   0.379 0.001 0.002 0.007 0.036 0.054 0.047 0.474 
 273 Q _   0.387 0.001 0.002 0.006 0.033 0.051 0.047 0.475 
 274 L _   0.390 0.000 0.002 0.004 0.029 0.048 0.047 0.480 
 275 V _   0.388 0.000 0.001 0.003 0.025 0.045 0.047 0.489 
 276 K _   0.382 0.000 0.001 0.003 0.022 0.043 0.048 0.500 
 277 K _   0.372 0.000 0.001 0.003 0.020 0.041 0.050 0.513 
 278 L _   0.358 0.000 0.001 0.003 0.018 0.039 0.052 0.528 
 279 L _   0.342 0.000 0.001 0.003 0.018 0.038 0.054 0.544 
 280 I _   0.325 0.000 0.001 0.004 0.018 0.037 0.057 0.558 
 281 I _   0.304 0.000 0.001 0.005 0.018 0.037 0.060 0.576 
 282 I _   0.281 0.000 0.001 0.006 0.018 0.036 0.063 0.594 
 283 S _   0.256 0.001 0.001 0.007 0.018 0.035 0.066 0.615 
 284 R _   0.230 0.001 0.001 0.008 0.018 0.034 0.070 0.636 
 285 P _   0.204 0.001 0.001 0.009 0.018 0.033 0.075 0.658 
 286 A _   0.178 0.001 0.001 0.010 0.017 0.032 0.079 0.681 
 287 R _   0.151 0.001 0.001 0.011 0.015 0.030 0.084 0.707 
 288 L _   0.126 0.001 0.001 0.011 0.013 0.028 0.089 0.731 
 289 L _   0.103 0.001 0.001 0.010 0.011 0.025 0.094 0.754 
 290 E _   0.083 0.001 0.001 0.009 0.009 0.023 0.098 0.776 
 291 C _   0.066 0.001 0.001 0.007 0.007 0.021 0.103 0.794 
 292 L _   0.053 0.001 0.001 0.006 0.006 0.019 0.106 0.808 
 293 E _   0.042 0.001 0.001 0.005 0.005 0.018 0.110 0.818 
 294 F _   0.035 0.001 0.001 0.005 0.005 0.017 0.112 0.824 
 295 N _   0.031 0.002 0.001 0.005 0.005 0.017 0.115 0.826 
 296 P _   0.028 0.003 0.001 0.006 0.005 0.017 0.117 0.823 
 297 E _   0.027 0.005 0.001 0.008 0.006 0.019 0.120 0.816 
 298 E _   0.026 0.008 0.001 0.011 0.008 0.020 0.122 0.805 
 299 F _   0.025 0.013 0.001 0.016 0.010 0.021 0.124 0.791 
 300 Y _   0.024 0.018 0.001 0.021 0.011 0.021 0.127 0.777 
 301 H _   0.022 0.023 0.001 0.026 0.012 0.021 0.130 0.765 
 302 L _   0.020 0.026 0.001 0.029 0.012 0.020 0.134 0.758 
 303 L _   0.018 0.027 0.001 0.029 0.011 0.019 0.138 0.757 
 304 E _   0.016 0.028 0.001 0.027 0.010 0.017 0.142 0.759 
 305 A _   0.014 0.027 0.001 0.023 0.008 0.015 0.146 0.766 
 306 A _   0.013 0.025 0.001 0.018 0.006 0.013 0.151 0.774 
 307 E _   0.011 0.022 0.001 0.013 0.005 0.012 0.155 0.782 
 308 G _   0.009 0.020 0.000 0.010 0.004 0.010 0.159 0.787 
 309 H _   0.009 0.018 0.000 0.007 0.003 0.010 0.163 0.790 
 310 A _   0.008 0.018 0.000 0.006 0.003 0.009 0.166 0.790 
 311 K _   0.008 0.018 0.000 0.005 0.003 0.010 0.169 0.787 
 312 E _   0.008 0.020 0.000 0.006 0.003 0.010 0.172 0.782 
 313 G _   0.008 0.024 0.000 0.007 0.003 0.012 0.174 0.772 
 314 H _   0.009 0.030 0.001 0.008 0.004 0.013 0.176 0.759 
 315 L _   0.010 0.040 0.001 0.010 0.005 0.015 0.177 0.741 
 316 V _   0.012 0.055 0.001 0.013 0.007 0.018 0.179 0.716 
 317 K _   0.013 0.075 0.001 0.017 0.009 0.020 0.180 0.686 
 318 T _   0.014 0.100 0.001 0.021 0.011 0.023 0.181 0.649 
 319 D _   0.015 0.129 0.001 0.026 0.014 0.025 0.182 0.609 
 320 I _   0.015 0.160 0.001 0.031 0.016 0.027 0.184 0.565 
 321 P _   0.015 0.190 0.002 0.038 0.019 0.028 0.187 0.523 
 322 R _   0.015 0.215 0.002 0.044 0.020 0.028 0.190 0.485 
 323 Y _   0.015 0.234 0.002 0.051 0.021 0.028 0.195 0.455 
 324 I _   0.015 0.246 0.002 0.056 0.022 0.028 0.201 0.432 
 325 I _   0.015 0.252 0.002 0.059 0.021 0.027 0.208 0.417 
 326 R _   0.014 0.252 0.002 0.059 0.020 0.025 0.218 0.411 
 327 Q _   0.013 0.246 0.002 0.056 0.018 0.023 0.230 0.412 
 328 L _   0.012 0.232 0.002 0.051 0.016 0.021 0.245 0.421 
 329 G _   0.012 0.210 0.002 0.043 0.014 0.019 0.263 0.437 
 330 L _   0.011 0.179 0.002 0.034 0.012 0.017 0.285 0.460 
 331 T _   0.010 0.144 0.001 0.026 0.010 0.015 0.308 0.486 
 332 R _   0.010 0.111 0.001 0.019 0.007 0.013 0.332 0.507 
 333 D _   0.009 0.086 0.001 0.014 0.006 0.012 0.354 0.518 
 334 P _   0.008 0.071 0.001 0.011 0.004 0.011 0.373 0.521 
 335 F _   0.007 0.061 0.001 0.010 0.004 0.011 0.389 0.517 
 336 P _   0.007 0.056 0.000 0.011 0.004 0.010 0.404 0.507 
 337 D _   0.007 0.053 0.000 0.013 0.004 0.010 0.418 0.495 
 338 V _   0.007 0.051 0.001 0.015 0.004 0.010 0.432 0.480 
 339 V _   0.007 0.048 0.001 0.018 0.005 0.010 0.446 0.465 
 340 H X   0.007 0.046 0.001 0.020 0.005 0.010 0.461 0.451 
 341 L X   0.006 0.042 0.001 0.020 0.005 0.010 0.476 0.440 
 342 E X   0.006 0.038 0.001 0.019 0.004 0.009 0.493 0.431 
 343 E X   0.005 0.032 0.001 0.017 0.004 0.008 0.509 0.425 
 344 Q X   0.005 0.025 0.000 0.014 0.003 0.007 0.526 0.421 
 345 D X   0.004 0.018 0.000 0.011 0.003 0.006 0.541 0.417 
 346 S X   0.004 0.013 0.000 0.008 0.002 0.005 0.555 0.413 
 347 G X   0.004 0.009 0.000 0.006 0.002 0.004 0.567 0.409 
 348 G X   0.003 0.006 0.000 0.004 0.001 0.004 0.577 0.404 
 349 S X   0.003 0.004 0.000 0.004 0.001 0.003 0.585 0.399 
 350 N X   0.003 0.003 0.000 0.003 0.001 0.003 0.591 0.395 
 351 T X   0.003 0.003 0.000 0.003 0.001 0.003 0.596 0.391 
 352 P X   0.003 0.002 0.000 0.003 0.001 0.003 0.599 0.388 
 353 E X   0.003 0.002 0.000 0.004 0.001 0.003 0.601 0.386 
 354 Q X   0.003 0.002 0.000 0.004 0.001 0.004 0.603 0.384 
 355 D X   0.003 0.002 0.000 0.005 0.001 0.004 0.603 0.382 
 356 D X   0.003 0.002 0.000 0.005 0.001 0.004 0.603 0.381 
 357 L X   0.003 0.003 0.000 0.006 0.001 0.004 0.603 0.381 
 358 S X   0.003 0.003 0.000 0.006 0.001 0.004 0.601 0.382 
 359 E X   0.003 0.003 0.000 0.006 0.001 0.004 0.599 0.384 
 360 G X   0.002 0.003 0.000 0.006 0.001 0.004 0.597 0.386 
 361 R X   0.002 0.003 0.000 0.007 0.001 0.004 0.594 0.389 
 362 S X   0.002 0.003 0.000 0.006 0.001 0.004 0.590 0.392 
 363 S X   0.002 0.004 0.000 0.006 0.001 0.004 0.586 0.397 
 364 K X   0.002 0.004 0.000 0.006 0.001 0.004 0.581 0.402 
 365 A X   0.002 0.004 0.000 0.006 0.001 0.004 0.575 0.408 
 366 K X   0.002 0.005 0.000 0.005 0.001 0.004 0.568 0.415 
 367 K X   0.002 0.005 0.000 0.005 0.001 0.004 0.560 0.422 
 368 P X   0.002 0.006 0.000 0.005 0.001 0.004 0.550 0.431 
 369 P X   0.002 0.008 0.000 0.005 0.001 0.005 0.539 0.440 
 370 G X   0.002 0.010 0.000 0.006 0.002 0.005 0.525 0.449 
 371 E X   0.003 0.014 0.000 0.008 0.002 0.007 0.509 0.458 
 372 N X   0.003 0.021 0.000 0.010 0.003 0.008 0.490 0.464 
 373 D _   0.003 0.032 0.001 0.013 0.004 0.011 0.469 0.469 
 374 F _   0.004 0.047 0.001 0.017 0.005 0.013 0.443 0.469 
 375 D _   0.005 0.070 0.001 0.021 0.007 0.016 0.415 0.465 
 376 T _   0.005 0.097 0.001 0.026 0.009 0.019 0.385 0.458 
 377 I _   0.006 0.129 0.001 0.031 0.010 0.022 0.355 0.446 
 378 K _   0.007 0.161 0.001 0.035 0.012 0.024 0.325 0.434 
 379 L _   0.008 0.191 0.001 0.037 0.014 0.027 0.299 0.423 
 380 I _   0.009 0.218 0.002 0.039 0.016 0.029 0.274 0.413 
 381 S _   0.010 0.242 0.002 0.041 0.018 0.031 0.254 0.403 
 382 N _   0.011 0.261 0.002 0.043 0.020 0.033 0.235 0.394 
 383 G _   0.013 0.277 0.002 0.045 0.022 0.035 0.220 0.386 
 384 A _   0.015 0.288 0.002 0.047 0.024 0.036 0.207 0.381 
 385 Y _   0.016 0.296 0.002 0.049 0.025 0.036 0.197 0.380 
 386 G _   0.018 0.298 0.002 0.049 0.025 0.035 0.188 0.384 
 387 A _   0.020 0.297 0.002 0.048 0.024 0.034 0.182 0.394 
 388 V _   0.020 0.289 0.002 0.046 0.022 0.032 0.176 0.412 
 389 Y _   0.021 0.276 0.002 0.042 0.020 0.030 0.172 0.437 
 390 L _   0.021 0.253 0.002 0.036 0.018 0.028 0.168 0.473 
 391 V _   0.021 0.223 0.002 0.030 0.016 0.026 0.165 0.518 
 392 R _   0.020 0.188 0.001 0.025 0.013 0.024 0.163 0.567 
 393 H _   0.018 0.153 0.001 0.020 0.011 0.022 0.160 0.614 
 394 R _   0.017 0.123 0.001 0.017 0.009 0.020 0.158 0.654 
 395 D _   0.015 0.100 0.001 0.015 0.008 0.018 0.156 0.686 
 396 T _   0.014 0.084 0.001 0.013 0.007 0.017 0.154 0.711 
 397 R _   0.013 0.071 0.001 0.013 0.006 0.016 0.152 0.729 
 398 Q _   0.012 0.062 0.001 0.013 0.006 0.015 0.149 0.743 
 399 R _   0.010 0.053 0.001 0.013 0.005 0.013 0.147 0.757 
 400 F _   0.010 0.045 0.001 0.013 0.005 0.012 0.144 0.770 
 401 A _   0.009 0.038 0.001 0.012 0.005 0.012 0.141 0.784 
 402 M _   0.008 0.030 0.001 0.010 0.004 0.011 0.138 0.798 
 403 K _   0.008 0.023 0.000 0.009 0.004 0.010 0.135 0.810 
 404 K _   0.007 0.018 0.000 0.007 0.003 0.010 0.132 0.822 
 405 I _   0.007 0.014 0.000 0.006 0.003 0.010 0.129 0.830 
 406 N _   0.008 0.011 0.000 0.006 0.003 0.011 0.125 0.836 
 407 K _   0.009 0.010 0.000 0.006 0.003 0.012 0.121 0.838 
 408 Q _   0.010 0.010 0.000 0.007 0.004 0.014 0.117 0.837 
 409 N _   0.012 0.010 0.001 0.008 0.005 0.017 0.113 0.833 
 410 L _   0.015 0.011 0.001 0.011 0.007 0.021 0.108 0.826 
 411 I _   0.018 0.012 0.001 0.014 0.009 0.024 0.103 0.818 
 412 L _   0.021 0.014 0.001 0.017 0.011 0.027 0.098 0.809 
 413 R _   0.024 0.015 0.001 0.021 0.014 0.030 0.094 0.801 
 414 N _   0.028 0.016 0.001 0.022 0.015 0.033 0.089 0.796 
 415 Q _   0.031 0.016 0.001 0.023 0.017 0.034 0.085 0.793 
 416 I _   0.034 0.015 0.001 0.022 0.017 0.035 0.081 0.794 
 417 Q _   0.037 0.014 0.001 0.020 0.017 0.036 0.078 0.796 
 418 Q _   0.040 0.012 0.001 0.018 0.017 0.037 0.074 0.800 
 419 A _   0.043 0.010 0.001 0.016 0.016 0.037 0.072 0.804 
 420 F _   0.046 0.008 0.001 0.014 0.016 0.036 0.069 0.809 
 421 V _   0.049 0.007 0.001 0.013 0.014 0.036 0.067 0.813 
 422 E _   0.052 0.005 0.001 0.012 0.013 0.035 0.065 0.817 
 423 R _   0.055 0.004 0.001 0.010 0.012 0.034 0.063 0.821 
 424 D _   0.058 0.003 0.001 0.009 0.011 0.034 0.060 0.823 
 425 I _   0.063 0.002 0.001 0.008 0.011 0.033 0.058 0.824 
 426 L _   0.068 0.001 0.001 0.007 0.010 0.033 0.056 0.823 
 427 T _   0.075 0.001 0.001 0.005 0.010 0.034 0.054 0.821 
 428 F _   0.083 0.000 0.001 0.005 0.010 0.035 0.052 0.815 
 429 A _   0.092 0.000 0.001 0.004 0.011 0.037 0.050 0.805 
 430 E _   0.104 0.000 0.001 0.004 0.012 0.039 0.048 0.792 
 431 N _   0.116 0.000 0.001 0.004 0.015 0.043 0.046 0.775 
 432 P _   0.130 0.001 0.001 0.005 0.019 0.046 0.044 0.754 
 433 F _   0.143 0.001 0.001 0.007 0.023 0.050 0.042 0.732 
 434 V _   0.155 0.002 0.002 0.010 0.028 0.052 0.040 0.711 
 435 V _   0.163 0.003 0.002 0.013 0.031 0.054 0.039 0.695 
 436 G _   0.167 0.004 0.002 0.016 0.032 0.054 0.038 0.687 
 437 M _   0.165 0.004 0.002 0.017 0.032 0.052 0.037 0.690 
 438 F _   0.159 0.004 0.002 0.016 0.029 0.050 0.037 0.704 
 439 C _   0.150 0.003 0.002 0.013 0.025 0.047 0.036 0.723 
 440 S _   0.141 0.002 0.001 0.010 0.021 0.044 0.035 0.746 
 441 F _   0.132 0.001 0.001 0.007 0.017 0.041 0.035 0.767 
 442 E _   0.123 0.000 0.001 0.004 0.013 0.038 0.034 0.785 
 443 T _   0.117 0.000 0.001 0.003 0.011 0.037 0.033 0.797 
 444 R _   0.114 0.000 0.001 0.003 0.011 0.036 0.033 0.802 
 445 R _   0.113 0.000 0.001 0.004 0.012 0.037 0.032 0.801 
 446 H _   0.114 0.001 0.001 0.005 0.014 0.038 0.032 0.797 
 447 L _   0.114 0.001 0.001 0.008 0.016 0.038 0.032 0.790 
 448 C _   0.112 0.002 0.001 0.011 0.019 0.039 0.032 0.784 
 449 M _   0.108 0.003 0.002 0.015 0.021 0.038 0.031 0.781 
 450 V _   0.102 0.004 0.002 0.018 0.021 0.037 0.031 0.785 
 451 M _   0.095 0.004 0.002 0.018 0.020 0.035 0.031 0.795 
 452 E _   0.085 0.004 0.001 0.017 0.018 0.032 0.032 0.812 
 453 Y _   0.074 0.003 0.001 0.014 0.014 0.029 0.032 0.833 
 454 V _   0.064 0.002 0.001 0.010 0.011 0.026 0.032 0.854 
 455 E _   0.054 0.001 0.001 0.007 0.009 0.023 0.032 0.873 
 456 G _   0.047 0.001 0.001 0.005 0.007 0.021 0.031 0.887 
 457 G _   0.042 0.000 0.001 0.004 0.005 0.019 0.031 0.897 
 458 D _   0.039 0.000 0.001 0.004 0.005 0.019 0.031 0.903 
 459 C _   0.038 0.000 0.001 0.004 0.005 0.019 0.030 0.904 
 460 A _   0.039 0.000 0.001 0.004 0.005 0.019 0.029 0.902 
 461 T _   0.041 0.000 0.001 0.005 0.006 0.020 0.029 0.898 
 462 L _   0.046 0.000 0.001 0.006 0.007 0.022 0.028 0.891 
 463 L _   0.052 0.001 0.001 0.007 0.008 0.023 0.027 0.882 
 464 K _   0.060 0.001 0.001 0.007 0.009 0.025 0.026 0.871 
 465 N _   0.071 0.001 0.001 0.008 0.010 0.027 0.025 0.858 
 466 I _   0.085 0.001 0.001 0.007 0.011 0.028 0.024 0.843 
 467 G _   0.102 0.001 0.001 0.007 0.011 0.030 0.023 0.825 
 468 A _   0.123 0.000 0.001 0.006 0.012 0.032 0.022 0.804 
 469 L _   0.147 0.000 0.001 0.006 0.013 0.033 0.020 0.780 
 470 P _   0.176 0.000 0.001 0.005 0.013 0.035 0.019 0.751 
 471 V _   0.207 0.000 0.001 0.004 0.014 0.036 0.018 0.719 
 472 E _   0.242 0.000 0.001 0.003 0.015 0.037 0.017 0.683 
 473 M _   0.280 0.000 0.001 0.003 0.016 0.039 0.016 0.644 
 474 A _   0.319 0.000 0.001 0.003 0.018 0.040 0.016 0.602 
 475 R _   0.357 0.000 0.001 0.003 0.021 0.042 0.015 0.560 
 476 M _   0.392 0.000 0.001 0.003 0.024 0.043 0.015 0.522 
 477 Y _   0.418 0.000 0.002 0.003 0.028 0.044 0.015 0.491 
 478 F _   0.439 0.000 0.002 0.004 0.032 0.044 0.015 0.464 
 479 A H   0.453 0.000 0.002 0.005 0.035 0.045 0.015 0.445 
 480 E H   0.460 0.001 0.002 0.006 0.038 0.044 0.016 0.434 
 481 T H   0.457 0.001 0.002 0.007 0.038 0.043 0.017 0.434 
 482 V _   0.445 0.001 0.002 0.008 0.038 0.041 0.019 0.446 
 483 L _   0.423 0.001 0.002 0.009 0.035 0.039 0.020 0.470 
 484 A _   0.393 0.001 0.002 0.009 0.032 0.037 0.022 0.504 
 485 L _   0.353 0.001 0.002 0.008 0.028 0.034 0.025 0.549 
 486 E _   0.306 0.001 0.002 0.008 0.023 0.032 0.027 0.601 
 487 Y _   0.257 0.001 0.002 0.008 0.019 0.029 0.030 0.655 
 488 L _   0.208 0.001 0.001 0.008 0.015 0.026 0.033 0.707 
 489 H _   0.165 0.001 0.001 0.008 0.012 0.024 0.036 0.753 
 490 N _   0.127 0.001 0.001 0.009 0.010 0.021 0.039 0.792 
 491 Y _   0.097 0.001 0.001 0.009 0.008 0.019 0.042 0.824 
 492 G _   0.072 0.001 0.001 0.009 0.007 0.016 0.044 0.850 
 493 I _   0.053 0.001 0.001 0.009 0.005 0.014 0.046 0.872 
 494 V _   0.038 0.001 0.001 0.007 0.004 0.012 0.047 0.889 
 495 H _   0.028 0.001 0.000 0.006 0.003 0.011 0.048 0.903 
 496 R _   0.020 0.001 0.000 0.005 0.003 0.010 0.049 0.913 
 497 D _   0.016 0.000 0.000 0.003 0.002 0.009 0.049 0.919 
 498 L _   0.013 0.000 0.000 0.003 0.002 0.010 0.049 0.922 
 499 K _   0.013 0.001 0.000 0.003 0.002 0.011 0.049 0.922 
 500 P _   0.014 0.001 0.000 0.003 0.003 0.013 0.049 0.917 
 501 D _   0.016 0.003 0.000 0.004 0.004 0.017 0.048 0.906 
 502 N _   0.021 0.009 0.001 0.007 0.007 0.021 0.047 0.887 
 503 L _   0.025 0.020 0.001 0.012 0.011 0.027 0.046 0.858 
 504 L _   0.029 0.038 0.001 0.019 0.015 0.032 0.045 0.821 
 505 I _   0.032 0.058 0.002 0.027 0.020 0.035 0.043 0.783 
 506 T _   0.033 0.075 0.002 0.034 0.023 0.038 0.042 0.754 
 507 S _   0.034 0.087 0.002 0.038 0.024 0.039 0.041 0.736 
 508 M _   0.033 0.094 0.002 0.040 0.024 0.039 0.040 0.728 
 509 G _   0.033 0.097 0.002 0.038 0.023 0.038 0.040 0.730 
 510 H _   0.032 0.097 0.001 0.033 0.020 0.037 0.040 0.740 
 511 I _   0.031 0.093 0.001 0.027 0.018 0.035 0.040 0.755 
 512 K _   0.029 0.088 0.001 0.021 0.015 0.033 0.040 0.773 
 513 L _   0.028 0.083 0.001 0.015 0.012 0.031 0.040 0.789 
 514 T _   0.027 0.078 0.001 0.012 0.010 0.030 0.040 0.801 
 515 D _   0.026 0.076 0.001 0.010 0.009 0.030 0.040 0.807 
 516 F _   0.027 0.077 0.001 0.010 0.009 0.030 0.040 0.807 
 517 G _   0.027 0.079 0.001 0.011 0.010 0.030 0.040 0.801 
 518 L _   0.028 0.085 0.001 0.014 0.012 0.031 0.040 0.790 
 519 S _   0.029 0.093 0.001 0.018 0.014 0.032 0.040 0.774 
 520 K _   0.030 0.103 0.001 0.023 0.016 0.032 0.039 0.756 
 521 M _   0.030 0.111 0.001 0.028 0.017 0.031 0.039 0.742 
 522 G _   0.029 0.118 0.001 0.032 0.018 0.030 0.039 0.731 
 523 L _   0.029 0.121 0.001 0.035 0.018 0.029 0.040 0.727 
 524 M _   0.027 0.122 0.001 0.036 0.017 0.027 0.040 0.729 
 525 S _   0.026 0.118 0.001 0.035 0.015 0.024 0.041 0.738 
 526 L _   0.024 0.112 0.001 0.033 0.014 0.022 0.043 0.752 
 527 T _   0.022 0.101 0.001 0.029 0.012 0.020 0.044 0.771 
 528 T _   0.020 0.088 0.001 0.025 0.010 0.017 0.046 0.793 
 529 N _   0.018 0.072 0.001 0.020 0.008 0.015 0.048 0.818 
 530 L _   0.016 0.055 0.001 0.016 0.006 0.013 0.050 0.843 
 531 Y _   0.014 0.040 0.001 0.013 0.005 0.011 0.051 0.865 
 532 E _   0.012 0.028 0.000 0.010 0.004 0.010 0.053 0.884 
 533 G _   0.010 0.019 0.000 0.008 0.003 0.008 0.054 0.897 
 534 H _   0.009 0.014 0.000 0.006 0.002 0.008 0.054 0.907 
 535 I _   0.008 0.010 0.000 0.005 0.002 0.007 0.054 0.913 
 536 E _   0.007 0.008 0.000 0.005 0.002 0.007 0.054 0.917 
 537 K _   0.007 0.007 0.000 0.005 0.002 0.007 0.054 0.919 
 538 D _   0.006 0.007 0.000 0.005 0.002 0.007 0.053 0.919 
 539 A _   0.006 0.007 0.000 0.006 0.002 0.007 0.052 0.919 
 540 R _   0.007 0.008 0.000 0.007 0.003 0.008 0.051 0.917 
 541 E _   0.007 0.009 0.000 0.009 0.003 0.009 0.049 0.914 
 542 F _   0.007 0.010 0.000 0.011 0.004 0.010 0.048 0.911 
 543 L _   0.007 0.011 0.001 0.013 0.004 0.010 0.046 0.908 
 544 D _   0.007 0.013 0.001 0.014 0.005 0.011 0.044 0.906 
 545 K _   0.008 0.014 0.001 0.014 0.005 0.011 0.043 0.905 
 546 Q _   0.008 0.014 0.001 0.014 0.005 0.011 0.041 0.905 
 547 V _   0.008 0.015 0.001 0.014 0.005 0.012 0.040 0.906 
 548 C _   0.008 0.015 0.001 0.013 0.005 0.012 0.038 0.908 
 549 G _   0.009 0.015 0.001 0.012 0.005 0.012 0.037 0.909 
 550 T _   0.009 0.016 0.001 0.012 0.005 0.013 0.035 0.909 
 551 P _   0.010 0.016 0.001 0.012 0.005 0.014 0.034 0.908 
 552 E _   0.010 0.017 0.001 0.013 0.006 0.015 0.033 0.906 
 553 Y _   0.011 0.018 0.001 0.015 0.007 0.016 0.031 0.902 
 554 I _   0.011 0.020 0.001 0.018 0.008 0.017 0.029 0.896 
 555 A _   0.012 0.022 0.001 0.021 0.009 0.018 0.028 0.890 
 556 P _   0.013 0.023 0.001 0.024 0.010 0.018 0.026 0.885 
 557 E _   0.013 0.024 0.001 0.026 0.010 0.018 0.025 0.882 
 558 V _   0.014 0.023 0.001 0.027 0.010 0.018 0.024 0.883 
 559 I _   0.015 0.022 0.001 0.026 0.010 0.017 0.022 0.887 
 560 L _   0.017 0.018 0.001 0.022 0.009 0.016 0.021 0.895 
 561 R _   0.019 0.014 0.001 0.018 0.008 0.015 0.020 0.905 
 562 Q _   0.024 0.009 0.001 0.013 0.006 0.014 0.019 0.914 
 563 G _   0.032 0.005 0.001 0.008 0.005 0.013 0.018 0.919 
 564 Y _   0.045 0.002 0.001 0.005 0.004 0.012 0.017 0.914 
 565 G _   0.068 0.001 0.001 0.003 0.004 0.012 0.015 0.897 
 566 K _   0.106 0.000 0.001 0.002 0.004 0.012 0.014 0.862 
 567 P _   0.166 0.000 0.001 0.001 0.005 0.013 0.012 0.802 
 568 V _   0.252 0.000 0.001 0.001 0.007 0.014 0.010 0.717 
 569 D _   0.358 0.000 0.001 0.001 0.008 0.015 0.007 0.609 
 570 W _   0.477 0.000 0.001 0.001 0.011 0.015 0.005 0.490 
 571 W H   0.591 0.000 0.001 0.001 0.013 0.015 0.004 0.375 
 572 A H   0.689 0.000 0.001 0.001 0.015 0.015 0.003 0.277 
 573 M H   0.766 0.000 0.001 0.001 0.016 0.014 0.002 0.201 
 574 G H   0.820 0.000 0.001 0.001 0.016 0.012 0.002 0.148 
 575 I H   0.859 0.000 0.001 0.001 0.016 0.011 0.001 0.111 
 576 I H   0.883 0.000 0.001 0.001 0.016 0.009 0.001 0.088 
 577 L H   0.896 0.000 0.001 0.001 0.017 0.008 0.001 0.076 
 578 Y H   0.900 0.000 0.001 0.001 0.017 0.008 0.001 0.073 
 579 E H   0.894 0.000 0.001 0.001 0.018 0.008 0.001 0.078 
 580 F H   0.877 0.000 0.001 0.001 0.019 0.008 0.002 0.092 
 581 L H   0.848 0.000 0.001 0.001 0.020 0.008 0.003 0.118 
 582 V H   0.804 0.000 0.001 0.001 0.020 0.009 0.004 0.160 
 583 G H   0.741 0.000 0.002 0.002 0.020 0.010 0.006 0.219 
 584 C H   0.660 0.000 0.002 0.002 0.019 0.011 0.009 0.297 
 585 V H   0.563 0.000 0.002 0.002 0.016 0.012 0.014 0.392 
 586 P _   0.455 0.000 0.001 0.002 0.013 0.012 0.019 0.498 
 587 F _   0.351 0.000 0.001 0.002 0.010 0.012 0.024 0.601 
 588 F _   0.255 0.000 0.001 0.002 0.007 0.011 0.029 0.694 
 589 G _   0.180 0.000 0.001 0.002 0.006 0.011 0.034 0.767 
 590 D _   0.126 0.000 0.001 0.002 0.005 0.012 0.038 0.818 
 591 T _   0.091 0.000 0.001 0.002 0.004 0.012 0.041 0.849 
 592 P _   0.068 0.000 0.001 0.003 0.004 0.013 0.044 0.866 
 593 E _   0.054 0.001 0.001 0.005 0.005 0.015 0.047 0.873 
 594 E _   0.044 0.003 0.001 0.008 0.007 0.017 0.049 0.872 
 595 L _   0.037 0.006 0.001 0.013 0.008 0.018 0.052 0.865 
 596 F _   0.032 0.009 0.001 0.018 0.010 0.019 0.054 0.856 
 597 G _   0.028 0.013 0.001 0.023 0.011 0.020 0.057 0.847 
 598 Q _   0.024 0.015 0.001 0.027 0.011 0.019 0.060 0.842 
 599 V _   0.021 0.016 0.001 0.029 0.011 0.018 0.063 0.841 
 600 I _   0.018 0.017 0.001 0.028 0.010 0.017 0.066 0.843 
 601 S _   0.016 0.016 0.001 0.025 0.009 0.015 0.070 0.848 
 602 D _   0.014 0.014 0.001 0.021 0.007 0.014 0.074 0.855 
 603 D _   0.013 0.011 0.001 0.017 0.006 0.012 0.078 0.863 
 604 I _   0.011 0.008 0.001 0.013 0.004 0.010 0.082 0.870 
 605 L _   0.010 0.005 0.000 0.009 0.003 0.009 0.086 0.877 
 606 W _   0.009 0.003 0.000 0.006 0.002 0.008 0.088 0.883 
 607 P _   0.007 0.002 0.000 0.004 0.002 0.007 0.090 0.887 
 608 E _   0.007 0.001 0.000 0.003 0.002 0.007 0.092 0.888 
 609 G _   0.006 0.001 0.000 0.003 0.001 0.007 0.093 0.889 
 610 D _   0.007 0.001 0.000 0.002 0.002 0.008 0.093 0.887 
 611 E _   0.008 0.001 0.000 0.003 0.002 0.011 0.093 0.882 
 612 A _   0.011 0.002 0.000 0.003 0.003 0.014 0.092 0.873 
 613 L _   0.015 0.005 0.000 0.005 0.005 0.020 0.091 0.858 
 614 P _   0.021 0.013 0.001 0.009 0.008 0.027 0.090 0.832 
 615 T _   0.027 0.027 0.001 0.016 0.014 0.035 0.087 0.793 
 616 E _   0.033 0.048 0.002 0.025 0.021 0.042 0.085 0.745 
 617 A _   0.038 0.070 0.002 0.035 0.027 0.047 0.083 0.698 
 618 Q _   0.042 0.087 0.002 0.044 0.032 0.050 0.082 0.661 
 619 L _   0.045 0.099 0.002 0.051 0.035 0.052 0.081 0.636 
 620 L _   0.047 0.104 0.002 0.054 0.036 0.051 0.080 0.625 
 621 I _   0.048 0.104 0.002 0.053 0.035 0.049 0.081 0.627 
 622 S _   0.048 0.100 0.002 0.048 0.033 0.046 0.082 0.641 
 623 S _   0.048 0.091 0.002 0.040 0.029 0.043 0.084 0.664 
 624 L _   0.046 0.077 0.002 0.031 0.023 0.038 0.086 0.696 
 625 L _   0.043 0.060 0.002 0.023 0.018 0.034 0.088 0.732 
 626 Q _   0.039 0.044 0.001 0.015 0.013 0.030 0.091 0.766 
 627 T _   0.036 0.032 0.001 0.010 0.010 0.027 0.093 0.792 
 628 N _   0.033 0.025 0.001 0.007 0.007 0.025 0.095 0.808 
 629 P _   0.030 0.022 0.001 0.006 0.006 0.023 0.096 0.817 
 630 L _   0.029 0.021 0.001 0.006 0.006 0.022 0.097 0.819 
 631 V _   0.028 0.022 0.001 0.006 0.006 0.022 0.098 0.817 
 632 R _   0.027 0.025 0.001 0.008 0.007 0.023 0.099 0.811 
 633 L _   0.026 0.030 0.001 0.011 0.008 0.023 0.099 0.802 
 634 G _   0.025 0.036 0.001 0.014 0.009 0.024 0.100 0.791 
 635 A _   0.023 0.044 0.001 0.018 0.011 0.024 0.100 0.779 
 636 G _   0.022 0.051 0.001 0.021 0.011 0.024 0.101 0.769 
 637 G _   0.021 0.057 0.001 0.023 0.012 0.023 0.102 0.761 
 638 A _   0.019 0.062 0.001 0.023 0.011 0.023 0.103 0.758 
 639 F _   0.018 0.064 0.001 0.023 0.011 0.022 0.104 0.758 
 640 E _   0.017 0.065 0.001 0.021 0.010 0.020 0.106 0.760 
 641 V _   0.016 0.065 0.001 0.019 0.009 0.019 0.107 0.765 
 642 K _   0.014 0.064 0.001 0.016 0.008 0.018 0.109 0.770 
 643 Q _   0.013 0.063 0.001 0.014 0.007 0.017 0.111 0.775 
 644 H _   0.012 0.061 0.001 0.012 0.006 0.016 0.114 0.779 
 645 S _   0.012 0.060 0.001 0.011 0.006 0.015 0.116 0.780 
 646 F _   0.011 0.061 0.001 0.010 0.005 0.015 0.118 0.779 
 647 F _   0.011 0.061 0.001 0.011 0.006 0.015 0.120 0.776 
 648 R _   0.011 0.063 0.001 0.011 0.006 0.015 0.122 0.770 
 649 D _   0.012 0.066 0.001 0.012 0.006 0.015 0.125 0.763 
 650 L _   0.012 0.069 0.001 0.014 0.007 0.016 0.127 0.755 
 651 D _   0.012 0.072 0.001 0.015 0.007 0.016 0.130 0.746 
 652 W _   0.013 0.076 0.001 0.017 0.008 0.016 0.132 0.738 
 653 T _   0.013 0.078 0.001 0.018 0.008 0.017 0.135 0.730 
 654 G _   0.013 0.081 0.001 0.019 0.008 0.017 0.138 0.722 
 655 L _   0.013 0.083 0.001 0.020 0.009 0.017 0.142 0.715 
 656 L _   0.013 0.084 0.001 0.022 0.009 0.017 0.146 0.708 
 657 R _   0.013 0.084 0.001 0.023 0.009 0.017 0.150 0.703 
 658 Q _   0.013 0.084 0.001 0.024 0.009 0.017 0.155 0.697 
 659 K _   0.013 0.083 0.001 0.025 0.009 0.017 0.160 0.693 
 660 A _   0.013 0.081 0.001 0.025 0.009 0.016 0.166 0.690 
 661 E _   0.012 0.077 0.001 0.025 0.008 0.015 0.172 0.689 
 662 F _   0.012 0.072 0.001 0.024 0.008 0.014 0.179 0.691 
 663 I _   0.011 0.066 0.001 0.022 0.007 0.013 0.186 0.694 
