#TopoPred_TM8: 8-state transmembrane topology prediction results by no_profile mode 
#probabilities are in the order of H E C I L F X _, the 8 transmembrane topology types used in PDBTM 
   1 E X   0.004 0.000 0.001 0.025 0.005 0.004 0.948 0.012 
   2 R X   0.001 0.000 0.000 0.010 0.001 0.001 0.977 0.010 
   3 F X   0.000 0.000 0.000 0.004 0.000 0.000 0.987 0.009 
   4 E X   0.000 0.000 0.000 0.002 0.000 0.000 0.989 0.009 
   5 L X   0.000 0.000 0.000 0.001 0.000 0.000 0.990 0.008 
   6 G X   0.000 0.000 0.000 0.001 0.000 0.000 0.990 0.009 
   7 D X   0.000 0.000 0.000 0.001 0.000 0.000 0.990 0.009 
   8 G X   0.000 0.000 0.000 0.000 0.000 0.000 0.990 0.009 
   9 R X   0.000 0.000 0.000 0.001 0.000 0.000 0.989 0.010 
  10 K X   0.000 0.000 0.000 0.001 0.000 0.000 0.988 0.011 
  11 P X   0.000 0.000 0.000 0.001 0.000 0.000 0.987 0.012 
  12 V X   0.000 0.000 0.000 0.001 0.000 0.001 0.985 0.013 
  13 K X   0.000 0.001 0.000 0.001 0.000 0.001 0.983 0.014 
  14 E X   0.000 0.001 0.000 0.002 0.000 0.001 0.981 0.015 
  15 E X   0.000 0.001 0.000 0.002 0.000 0.001 0.979 0.017 
  16 K X   0.000 0.002 0.000 0.002 0.000 0.001 0.976 0.018 
  17 M X   0.000 0.002 0.000 0.003 0.001 0.001 0.974 0.019 
  18 E X   0.000 0.002 0.000 0.003 0.001 0.001 0.972 0.020 
  19 E X   0.000 0.003 0.000 0.004 0.001 0.001 0.971 0.020 
  20 R X   0.000 0.003 0.000 0.004 0.001 0.001 0.969 0.021 
  21 D X   0.000 0.003 0.000 0.004 0.001 0.001 0.969 0.021 
  22 L X   0.000 0.003 0.000 0.004 0.001 0.001 0.968 0.022 
  23 L X   0.000 0.003 0.000 0.004 0.001 0.001 0.968 0.022 
  24 S X   0.000 0.003 0.000 0.004 0.001 0.001 0.969 0.022 
  25 D X   0.000 0.003 0.000 0.004 0.001 0.001 0.970 0.021 
  26 L X   0.000 0.003 0.000 0.003 0.001 0.001 0.971 0.021 
  27 Q X   0.000 0.002 0.000 0.003 0.001 0.001 0.973 0.021 
  28 D X   0.000 0.002 0.000 0.002 0.000 0.001 0.974 0.020 
  29 I X   0.000 0.001 0.000 0.002 0.000 0.001 0.976 0.020 
  30 S X   0.000 0.001 0.000 0.001 0.000 0.001 0.977 0.020 
  31 D X   0.000 0.001 0.000 0.001 0.000 0.001 0.978 0.019 
  32 S X   0.000 0.001 0.000 0.001 0.000 0.001 0.979 0.019 
  33 E X   0.000 0.001 0.000 0.001 0.000 0.000 0.980 0.018 
  34 R X   0.000 0.000 0.000 0.001 0.000 0.000 0.981 0.017 
  35 K X   0.000 0.000 0.000 0.001 0.000 0.000 0.981 0.017 
  36 T X   0.000 0.000 0.000 0.001 0.000 0.000 0.981 0.017 
  37 S X   0.000 0.000 0.000 0.001 0.000 0.000 0.982 0.016 
  38 S X   0.000 0.000 0.000 0.001 0.000 0.001 0.982 0.016 
  39 A X   0.000 0.000 0.000 0.001 0.000 0.001 0.982 0.015 
  40 E X   0.000 0.000 0.000 0.001 0.000 0.001 0.982 0.015 
  41 S X   0.000 0.000 0.000 0.001 0.000 0.001 0.983 0.014 
  42 S X   0.000 0.000 0.000 0.002 0.000 0.001 0.983 0.014 
  43 S X   0.000 0.000 0.000 0.002 0.000 0.001 0.984 0.013 
  44 A X   0.000 0.000 0.000 0.002 0.000 0.001 0.984 0.013 
  45 E X   0.000 0.000 0.000 0.001 0.000 0.001 0.985 0.012 
  46 S X   0.000 0.000 0.000 0.001 0.000 0.001 0.986 0.011 
  47 G X   0.000 0.000 0.000 0.001 0.000 0.001 0.987 0.010 
  48 S X   0.000 0.000 0.000 0.001 0.000 0.000 0.988 0.010 
  49 G X   0.000 0.000 0.000 0.001 0.000 0.000 0.989 0.009 
  50 S X   0.000 0.000 0.000 0.001 0.000 0.000 0.990 0.008 
  51 E X   0.000 0.000 0.000 0.001 0.000 0.000 0.991 0.008 
  52 E X   0.000 0.000 0.000 0.001 0.000 0.000 0.992 0.007 
  53 E X   0.000 0.000 0.000 0.001 0.000 0.000 0.992 0.007 
  54 E X   0.000 0.000 0.000 0.000 0.000 0.000 0.993 0.006 
  55 E X   0.000 0.000 0.000 0.000 0.000 0.000 0.993 0.006 
  56 E X   0.000 0.000 0.000 0.000 0.000 0.000 0.993 0.006 
  57 E X   0.000 0.000 0.000 0.000 0.000 0.000 0.994 0.006 
  58 E X   0.000 0.000 0.000 0.000 0.000 0.000 0.994 0.005 
  59 E X   0.000 0.000 0.000 0.000 0.000 0.000 0.994 0.005 
  60 E X   0.000 0.000 0.000 0.000 0.000 0.000 0.994 0.005 
  61 E X   0.000 0.000 0.000 0.000 0.000 0.000 0.994 0.005 
  62 E X   0.000 0.000 0.000 0.000 0.000 0.000 0.993 0.006 
  63 E X   0.000 0.000 0.000 0.001 0.000 0.000 0.993 0.006 
  64 G X   0.000 0.000 0.000 0.001 0.000 0.000 0.993 0.006 
  65 S X   0.000 0.000 0.000 0.001 0.000 0.000 0.993 0.006 
  66 T X   0.000 0.000 0.000 0.001 0.000 0.000 0.992 0.006 
  67 S X   0.000 0.000 0.000 0.001 0.000 0.000 0.992 0.007 
  68 E X   0.000 0.000 0.000 0.001 0.000 0.000 0.992 0.007 
  69 E X   0.000 0.000 0.000 0.001 0.000 0.000 0.991 0.007 
  70 S X   0.000 0.000 0.000 0.001 0.000 0.000 0.991 0.008 
  71 E X   0.000 0.000 0.000 0.001 0.000 0.000 0.990 0.009 
  72 E X   0.000 0.000 0.000 0.001 0.000 0.000 0.989 0.009 
  73 E X   0.000 0.000 0.000 0.001 0.000 0.000 0.988 0.010 
  74 E X   0.000 0.000 0.000 0.001 0.000 0.000 0.987 0.011 
  75 E X   0.000 0.000 0.000 0.001 0.000 0.000 0.986 0.013 
  76 E X   0.000 0.000 0.000 0.001 0.000 0.000 0.984 0.014 
  77 E X   0.000 0.000 0.000 0.001 0.000 0.000 0.982 0.016 
  78 E X   0.000 0.000 0.000 0.001 0.000 0.001 0.980 0.018 
  79 E X   0.000 0.000 0.000 0.001 0.000 0.001 0.978 0.020 
  80 E X   0.000 0.000 0.000 0.001 0.000 0.001 0.974 0.023 
  81 E X   0.000 0.000 0.000 0.001 0.000 0.001 0.971 0.026 
  82 E X   0.000 0.000 0.000 0.001 0.000 0.001 0.967 0.030 
  83 E X   0.000 0.000 0.000 0.002 0.000 0.001 0.962 0.034 
  84 T X   0.000 0.000 0.000 0.002 0.000 0.001 0.957 0.038 
  85 G X   0.000 0.001 0.000 0.002 0.001 0.001 0.952 0.043 
  86 S X   0.000 0.001 0.000 0.003 0.001 0.001 0.946 0.048 
  87 N X   0.001 0.001 0.000 0.003 0.001 0.002 0.939 0.053 
  88 S X   0.001 0.001 0.000 0.003 0.001 0.002 0.933 0.059 
  89 E X   0.001 0.002 0.000 0.004 0.001 0.002 0.925 0.065 
  90 E X   0.001 0.002 0.000 0.004 0.001 0.002 0.918 0.071 
  91 A X   0.001 0.003 0.000 0.005 0.001 0.002 0.911 0.078 
  92 S X   0.001 0.003 0.000 0.005 0.001 0.003 0.903 0.084 
  93 E X   0.001 0.004 0.000 0.006 0.001 0.003 0.896 0.090 
  94 Q X   0.001 0.005 0.000 0.007 0.001 0.003 0.888 0.095 
  95 S X   0.001 0.005 0.000 0.007 0.001 0.003 0.881 0.101 
  96 A X   0.001 0.006 0.000 0.008 0.001 0.003 0.875 0.106 
  97 E X   0.001 0.006 0.000 0.008 0.001 0.003 0.869 0.110 
  98 E X   0.001 0.006 0.000 0.009 0.001 0.003 0.864 0.115 
  99 V X   0.001 0.006 0.000 0.008 0.001 0.003 0.860 0.120 
 100 S X   0.001 0.006 0.000 0.008 0.001 0.003 0.856 0.124 
 101 E X   0.001 0.006 0.000 0.007 0.001 0.003 0.853 0.129 
 102 E X   0.001 0.005 0.000 0.006 0.001 0.003 0.850 0.134 
 103 E X   0.001 0.005 0.000 0.005 0.001 0.002 0.846 0.140 
 104 M X   0.001 0.004 0.000 0.004 0.001 0.002 0.843 0.146 
 105 S X   0.001 0.003 0.000 0.003 0.001 0.002 0.839 0.151 
 106 E X   0.001 0.003 0.000 0.002 0.001 0.002 0.834 0.157 
 107 D X   0.001 0.003 0.000 0.002 0.001 0.002 0.828 0.164 
 108 E X   0.001 0.003 0.000 0.002 0.001 0.002 0.821 0.170 
 109 E X   0.001 0.004 0.000 0.002 0.001 0.003 0.812 0.178 
 110 R X   0.002 0.005 0.000 0.003 0.001 0.004 0.800 0.185 
 111 E X   0.002 0.009 0.000 0.005 0.002 0.005 0.786 0.191 
 112 N X   0.003 0.016 0.000 0.009 0.003 0.007 0.767 0.194 
 113 E X   0.003 0.029 0.001 0.016 0.005 0.010 0.743 0.193 
 114 N X   0.004 0.049 0.001 0.025 0.007 0.012 0.716 0.187 
 115 H X   0.004 0.070 0.001 0.035 0.009 0.013 0.690 0.179 
 116 L X   0.004 0.087 0.001 0.043 0.010 0.014 0.669 0.173 
 117 L X   0.004 0.098 0.001 0.050 0.010 0.014 0.653 0.170 
 118 V X   0.004 0.104 0.001 0.053 0.010 0.013 0.642 0.173 
 119 V X   0.004 0.106 0.001 0.052 0.009 0.013 0.635 0.180 
 120 P X   0.005 0.104 0.001 0.048 0.008 0.012 0.630 0.193 
 121 E X   0.005 0.098 0.001 0.041 0.007 0.010 0.627 0.210 
 122 S X   0.004 0.087 0.001 0.033 0.006 0.009 0.626 0.234 
 123 R X   0.004 0.071 0.001 0.023 0.004 0.008 0.626 0.263 
 124 F X   0.004 0.053 0.000 0.015 0.003 0.006 0.626 0.291 
 125 D X   0.004 0.038 0.000 0.009 0.002 0.005 0.626 0.316 
 126 R X   0.003 0.027 0.000 0.006 0.001 0.004 0.624 0.334 
 127 D X   0.003 0.021 0.000 0.004 0.001 0.003 0.621 0.347 
 128 S X   0.002 0.019 0.000 0.003 0.001 0.003 0.616 0.356 
 129 G X   0.002 0.018 0.000 0.003 0.001 0.003 0.610 0.364 
 130 E X   0.002 0.018 0.000 0.003 0.001 0.003 0.602 0.371 
 131 S X   0.002 0.019 0.000 0.005 0.001 0.004 0.591 0.378 
 132 E X   0.002 0.021 0.000 0.007 0.002 0.005 0.577 0.386 
 133 E X   0.002 0.026 0.000 0.010 0.002 0.006 0.561 0.393 
 134 A X   0.003 0.032 0.000 0.014 0.003 0.007 0.542 0.400 
 135 E X   0.003 0.038 0.000 0.017 0.003 0.008 0.523 0.407 
 136 E X   0.003 0.045 0.001 0.020 0.004 0.008 0.505 0.414 
 137 E X   0.003 0.051 0.001 0.022 0.004 0.009 0.487 0.422 
 138 V X   0.003 0.056 0.001 0.023 0.004 0.009 0.472 0.432 
 139 G X   0.003 0.060 0.001 0.024 0.004 0.009 0.459 0.441 
 140 E _   0.003 0.062 0.001 0.023 0.004 0.009 0.447 0.451 
 141 G _   0.003 0.064 0.001 0.022 0.004 0.009 0.436 0.461 
 142 T _   0.003 0.065 0.000 0.022 0.004 0.009 0.427 0.470 
 143 P _   0.004 0.065 0.000 0.021 0.004 0.009 0.419 0.477 
 144 Q _   0.004 0.065 0.001 0.022 0.004 0.009 0.412 0.484 
 145 S _   0.004 0.064 0.000 0.022 0.004 0.009 0.406 0.490 
 146 S _   0.004 0.063 0.001 0.022 0.004 0.009 0.400 0.496 
 147 A _   0.005 0.061 0.001 0.022 0.004 0.009 0.396 0.503 
 148 L _   0.005 0.057 0.001 0.021 0.004 0.009 0.392 0.512 
 149 T _   0.005 0.052 0.000 0.019 0.004 0.008 0.388 0.523 
 150 E _   0.005 0.046 0.000 0.016 0.003 0.007 0.386 0.536 
 151 G _   0.005 0.039 0.000 0.013 0.003 0.007 0.383 0.550 
 152 D _   0.005 0.031 0.000 0.010 0.002 0.006 0.380 0.566 
 153 Y _   0.004 0.024 0.000 0.007 0.002 0.005 0.376 0.581 
 154 V _   0.004 0.020 0.000 0.005 0.001 0.005 0.372 0.593 
 155 P _   0.004 0.017 0.000 0.004 0.001 0.004 0.368 0.602 
 156 D _   0.003 0.016 0.000 0.003 0.001 0.004 0.362 0.610 
 157 S _   0.003 0.015 0.000 0.004 0.001 0.005 0.355 0.615 
 158 P _   0.004 0.017 0.000 0.005 0.002 0.006 0.348 0.619 
 159 A _   0.004 0.020 0.000 0.007 0.002 0.007 0.338 0.621 
 160 L _   0.005 0.025 0.000 0.011 0.003 0.008 0.327 0.621 
 161 S _   0.005 0.031 0.001 0.015 0.004 0.009 0.315 0.621 
 162 P _   0.005 0.038 0.001 0.018 0.005 0.010 0.302 0.621 
 163 I _   0.005 0.044 0.001 0.021 0.005 0.011 0.290 0.623 
 164 E _   0.005 0.049 0.001 0.021 0.005 0.011 0.279 0.629 
 165 L _   0.005 0.052 0.001 0.020 0.005 0.011 0.269 0.637 
 166 K _   0.005 0.054 0.001 0.018 0.005 0.011 0.260 0.647 
 167 Q _   0.005 0.055 0.001 0.016 0.005 0.011 0.251 0.656 
 168 E _   0.005 0.056 0.001 0.014 0.004 0.011 0.244 0.665 
 169 L _   0.005 0.057 0.001 0.013 0.004 0.011 0.237 0.672 
 170 P _   0.005 0.059 0.001 0.013 0.005 0.012 0.230 0.675 
 171 K _   0.006 0.061 0.001 0.013 0.005 0.013 0.224 0.676 
 172 Y _   0.007 0.065 0.001 0.015 0.006 0.014 0.218 0.675 
 173 L _   0.008 0.069 0.001 0.016 0.007 0.016 0.211 0.673 
 174 P _   0.009 0.072 0.001 0.019 0.008 0.017 0.205 0.670 
 175 A _   0.010 0.076 0.001 0.021 0.009 0.018 0.199 0.667 
 176 L _   0.010 0.078 0.001 0.022 0.009 0.019 0.193 0.666 
 177 Q _   0.011 0.080 0.001 0.023 0.010 0.019 0.188 0.667 
 178 G _   0.011 0.080 0.001 0.023 0.010 0.020 0.184 0.671 
 179 C _   0.012 0.078 0.001 0.023 0.011 0.020 0.180 0.675 
 180 R _   0.013 0.076 0.001 0.022 0.010 0.020 0.177 0.681 
 181 S _   0.013 0.073 0.001 0.020 0.010 0.020 0.174 0.689 
 182 V _   0.014 0.068 0.001 0.019 0.009 0.019 0.171 0.698 
 183 E _   0.014 0.064 0.001 0.017 0.009 0.019 0.169 0.707 
 184 E _   0.015 0.059 0.001 0.015 0.008 0.019 0.167 0.717 
 185 F _   0.015 0.054 0.001 0.013 0.007 0.018 0.165 0.727 
 186 Q _   0.015 0.050 0.001 0.011 0.007 0.018 0.163 0.735 
 187 C _   0.015 0.047 0.001 0.010 0.007 0.018 0.161 0.741 
 188 L _   0.016 0.045 0.001 0.010 0.007 0.019 0.159 0.744 
 189 N _   0.017 0.044 0.001 0.010 0.007 0.019 0.157 0.744 
 190 R _   0.018 0.045 0.001 0.011 0.008 0.020 0.155 0.742 
 191 I _   0.019 0.047 0.001 0.013 0.009 0.021 0.153 0.736 
 192 E _   0.020 0.049 0.001 0.017 0.011 0.022 0.151 0.729 
 193 E _   0.021 0.052 0.001 0.021 0.012 0.023 0.149 0.721 
 194 G _   0.021 0.055 0.001 0.025 0.013 0.023 0.148 0.713 
 195 T _   0.021 0.056 0.001 0.029 0.013 0.022 0.147 0.709 
 196 Y _   0.020 0.056 0.001 0.031 0.013 0.021 0.147 0.710 
 197 G _   0.019 0.054 0.001 0.031 0.012 0.019 0.147 0.717 
 198 V _   0.018 0.049 0.001 0.028 0.010 0.017 0.148 0.729 
 199 V _   0.016 0.042 0.001 0.023 0.008 0.015 0.149 0.747 
 200 Y _   0.013 0.033 0.001 0.017 0.006 0.012 0.150 0.769 
 201 R _   0.011 0.023 0.001 0.011 0.004 0.010 0.150 0.790 
 202 A _   0.009 0.016 0.000 0.007 0.003 0.008 0.150 0.807 
 203 K _   0.007 0.011 0.000 0.005 0.002 0.007 0.149 0.818 
 204 D _   0.006 0.009 0.000 0.003 0.002 0.007 0.148 0.825 
 205 K _   0.006 0.008 0.000 0.003 0.002 0.007 0.147 0.827 
 206 K _   0.006 0.009 0.000 0.004 0.002 0.008 0.145 0.826 
 207 T _   0.007 0.012 0.000 0.007 0.003 0.009 0.143 0.819 
 208 D _   0.008 0.017 0.001 0.012 0.004 0.011 0.140 0.807 
 209 E _   0.009 0.025 0.001 0.019 0.006 0.013 0.136 0.791 
 210 I _   0.009 0.034 0.001 0.027 0.007 0.014 0.132 0.775 
 211 V _   0.009 0.041 0.001 0.034 0.009 0.015 0.129 0.762 
 212 A _   0.009 0.044 0.001 0.038 0.009 0.015 0.127 0.757 
 213 L _   0.009 0.045 0.001 0.038 0.009 0.015 0.125 0.759 
 214 K _   0.009 0.044 0.001 0.035 0.008 0.014 0.123 0.767 
 215 R _   0.008 0.039 0.001 0.029 0.007 0.013 0.123 0.780 
 216 L _   0.008 0.033 0.001 0.023 0.006 0.011 0.122 0.797 
 217 K _   0.007 0.025 0.001 0.016 0.004 0.010 0.122 0.814 
 218 M _   0.007 0.018 0.000 0.011 0.003 0.009 0.122 0.830 
 219 E _   0.006 0.012 0.000 0.007 0.003 0.008 0.122 0.842 
 220 K _   0.006 0.008 0.000 0.005 0.002 0.008 0.121 0.849 
 221 E _   0.006 0.007 0.000 0.004 0.002 0.008 0.120 0.854 
 222 K _   0.007 0.006 0.000 0.004 0.002 0.009 0.118 0.855 
 223 E _   0.007 0.006 0.000 0.004 0.002 0.010 0.116 0.854 
 224 G _   0.009 0.007 0.000 0.005 0.003 0.013 0.113 0.850 
 225 F _   0.011 0.010 0.000 0.007 0.004 0.016 0.110 0.842 
 226 P _   0.014 0.014 0.001 0.010 0.006 0.020 0.106 0.829 
 227 I _   0.017 0.020 0.001 0.015 0.009 0.024 0.102 0.812 
 228 T _   0.020 0.028 0.001 0.020 0.013 0.029 0.098 0.791 
 229 S _   0.023 0.036 0.001 0.026 0.017 0.032 0.094 0.770 
 230 L _   0.026 0.044 0.001 0.032 0.021 0.036 0.090 0.751 
 231 R _   0.028 0.049 0.002 0.037 0.023 0.038 0.086 0.737 
 232 E _   0.030 0.052 0.002 0.041 0.025 0.038 0.084 0.729 
 233 I _   0.031 0.054 0.002 0.042 0.025 0.038 0.082 0.727 
 234 N _   0.032 0.053 0.002 0.041 0.024 0.037 0.080 0.732 
 235 T _   0.032 0.049 0.002 0.037 0.022 0.035 0.079 0.744 
 236 I _   0.032 0.044 0.002 0.032 0.019 0.032 0.078 0.763 
 237 L _   0.030 0.035 0.001 0.025 0.016 0.029 0.077 0.786 
 238 K _   0.028 0.025 0.001 0.018 0.012 0.026 0.077 0.812 
 239 A _   0.026 0.016 0.001 0.013 0.009 0.023 0.076 0.836 
 240 Q _   0.023 0.009 0.001 0.008 0.007 0.021 0.076 0.855 
 241 H _   0.022 0.005 0.001 0.005 0.005 0.020 0.075 0.868 
 242 P _   0.021 0.003 0.000 0.004 0.005 0.019 0.074 0.874 
 243 N _   0.022 0.002 0.000 0.004 0.005 0.020 0.072 0.875 
 244 I _   0.024 0.002 0.001 0.004 0.005 0.021 0.071 0.872 
 245 V _   0.026 0.002 0.001 0.006 0.007 0.023 0.070 0.866 
 246 T _   0.029 0.003 0.001 0.008 0.009 0.025 0.068 0.857 
 247 V _   0.032 0.004 0.001 0.012 0.012 0.027 0.067 0.846 
 248 R _   0.034 0.006 0.001 0.015 0.014 0.029 0.065 0.836 
 249 E _   0.035 0.007 0.001 0.018 0.015 0.030 0.064 0.830 
 250 I _   0.035 0.008 0.001 0.018 0.016 0.030 0.063 0.829 
 251 V _   0.035 0.008 0.001 0.017 0.015 0.030 0.062 0.831 
 252 V _   0.035 0.008 0.001 0.016 0.014 0.029 0.061 0.836 
 253 G _   0.034 0.007 0.001 0.013 0.013 0.029 0.061 0.842 
 254 S _   0.034 0.006 0.001 0.011 0.011 0.028 0.060 0.848 
 255 N _   0.034 0.006 0.001 0.009 0.011 0.028 0.060 0.851 
 256 M _   0.034 0.006 0.001 0.009 0.010 0.028 0.059 0.853 
 257 D _   0.035 0.006 0.001 0.009 0.011 0.028 0.059 0.852 
 258 K _   0.035 0.007 0.001 0.010 0.011 0.028 0.059 0.849 
 259 I _   0.035 0.008 0.001 0.012 0.012 0.029 0.059 0.844 
 260 Y _   0.036 0.010 0.001 0.014 0.013 0.028 0.059 0.839 
 261 I _   0.035 0.012 0.001 0.017 0.013 0.028 0.059 0.835 
 262 V _   0.033 0.014 0.001 0.019 0.014 0.027 0.059 0.834 
 263 M _   0.031 0.014 0.001 0.020 0.013 0.026 0.059 0.835 
 264 N _   0.028 0.015 0.001 0.020 0.012 0.024 0.060 0.841 
 265 Y _   0.025 0.014 0.001 0.018 0.011 0.022 0.060 0.849 
 266 V _   0.022 0.013 0.001 0.016 0.009 0.020 0.061 0.859 
 267 E _   0.019 0.011 0.001 0.014 0.008 0.018 0.062 0.869 
 268 H _   0.016 0.010 0.001 0.012 0.006 0.016 0.062 0.877 
 269 D _   0.015 0.008 0.001 0.010 0.006 0.015 0.063 0.883 
 270 L _   0.013 0.007 0.001 0.010 0.005 0.014 0.063 0.886 
 271 K _   0.013 0.007 0.001 0.010 0.005 0.013 0.064 0.889 
 272 S _   0.012 0.006 0.001 0.010 0.005 0.012 0.064 0.890 
 273 L _   0.012 0.005 0.001 0.010 0.005 0.012 0.065 0.890 
 274 M _   0.011 0.005 0.001 0.010 0.005 0.012 0.065 0.891 
 275 E _   0.011 0.004 0.001 0.010 0.004 0.011 0.065 0.893 
 276 T _   0.011 0.003 0.000 0.009 0.004 0.011 0.066 0.896 
 277 M _   0.011 0.002 0.000 0.008 0.004 0.011 0.066 0.898 
 278 K _   0.012 0.002 0.000 0.006 0.003 0.011 0.066 0.900 
 279 Q _   0.013 0.001 0.000 0.005 0.003 0.012 0.065 0.900 
 280 P _   0.016 0.001 0.000 0.004 0.003 0.014 0.065 0.898 
 281 F _   0.020 0.000 0.000 0.003 0.003 0.016 0.064 0.892 
 282 L _   0.028 0.000 0.000 0.003 0.004 0.020 0.064 0.881 
 283 P _   0.040 0.001 0.001 0.003 0.006 0.026 0.062 0.861 
 284 G _   0.056 0.002 0.001 0.004 0.010 0.034 0.061 0.831 
 285 E _   0.077 0.005 0.001 0.007 0.017 0.044 0.059 0.790 
 286 V _   0.099 0.012 0.002 0.011 0.027 0.054 0.058 0.738 
 287 K _   0.117 0.025 0.002 0.018 0.038 0.062 0.056 0.682 
 288 T _   0.131 0.040 0.003 0.027 0.047 0.068 0.054 0.630 
 289 L _   0.139 0.055 0.003 0.036 0.054 0.070 0.053 0.589 
 290 M _   0.141 0.066 0.003 0.044 0.057 0.070 0.053 0.566 
 291 I _   0.140 0.072 0.003 0.048 0.056 0.067 0.054 0.561 
 292 Q _   0.133 0.073 0.003 0.049 0.052 0.063 0.054 0.573 
 293 L _   0.123 0.071 0.003 0.046 0.046 0.057 0.056 0.600 
 294 L _   0.109 0.064 0.002 0.039 0.038 0.050 0.057 0.640 
 295 R _   0.093 0.052 0.002 0.031 0.029 0.043 0.059 0.690 
 296 G _   0.076 0.038 0.002 0.022 0.021 0.036 0.061 0.744 
 297 V _   0.061 0.024 0.001 0.015 0.014 0.029 0.063 0.792 
 298 K _   0.047 0.014 0.001 0.010 0.009 0.024 0.065 0.830 
 299 H _   0.036 0.008 0.001 0.007 0.006 0.020 0.066 0.856 
 300 L _   0.028 0.005 0.001 0.006 0.005 0.017 0.066 0.872 
 301 H _   0.022 0.004 0.000 0.006 0.004 0.015 0.067 0.882 
 302 D _   0.018 0.003 0.000 0.006 0.004 0.014 0.067 0.888 
 303 N _   0.016 0.003 0.000 0.007 0.004 0.013 0.067 0.891 
 304 W _   0.014 0.002 0.000 0.007 0.004 0.013 0.067 0.892 
 305 I _   0.013 0.002 0.000 0.008 0.004 0.012 0.067 0.893 
 306 L _   0.012 0.002 0.000 0.008 0.004 0.012 0.066 0.895 
 307 H _   0.012 0.002 0.001 0.008 0.004 0.012 0.065 0.896 
 308 R _   0.012 0.001 0.000 0.007 0.004 0.013 0.065 0.898 
 309 D _   0.013 0.001 0.000 0.006 0.004 0.013 0.064 0.900 
 310 L _   0.014 0.001 0.000 0.005 0.004 0.014 0.063 0.899 
 311 K _   0.017 0.001 0.000 0.004 0.004 0.016 0.061 0.896 
 312 T _   0.022 0.001 0.001 0.004 0.005 0.019 0.060 0.889 
 313 S _   0.029 0.001 0.001 0.005 0.006 0.022 0.058 0.878 
 314 N _   0.039 0.001 0.001 0.006 0.009 0.027 0.057 0.861 
 315 L _   0.051 0.002 0.001 0.008 0.012 0.032 0.055 0.840 
 316 L _   0.064 0.004 0.001 0.010 0.017 0.037 0.054 0.814 
 317 L _   0.076 0.006 0.001 0.013 0.021 0.041 0.052 0.789 
 318 S _   0.087 0.008 0.002 0.016 0.025 0.044 0.051 0.768 
 319 H _   0.095 0.010 0.002 0.018 0.027 0.046 0.050 0.752 
 320 A _   0.102 0.011 0.002 0.020 0.029 0.046 0.049 0.742 
 321 G _   0.106 0.012 0.002 0.020 0.029 0.046 0.049 0.737 
 322 I _   0.107 0.012 0.002 0.019 0.028 0.045 0.049 0.739 
 323 L _   0.105 0.012 0.002 0.018 0.026 0.043 0.049 0.746 
 324 K _   0.099 0.011 0.002 0.017 0.023 0.040 0.049 0.758 
 325 V _   0.090 0.011 0.001 0.017 0.020 0.037 0.049 0.774 
 326 G _   0.080 0.010 0.001 0.017 0.017 0.034 0.050 0.791 
 327 D _   0.068 0.009 0.001 0.017 0.015 0.030 0.051 0.810 
 328 F _   0.057 0.008 0.001 0.016 0.012 0.026 0.051 0.829 
 329 G _   0.047 0.006 0.001 0.014 0.009 0.023 0.052 0.848 
 330 L _   0.037 0.005 0.001 0.012 0.007 0.020 0.052 0.866 
 331 A _   0.029 0.004 0.001 0.010 0.006 0.017 0.052 0.882 
 332 R _   0.023 0.002 0.001 0.007 0.004 0.014 0.052 0.896 
 333 E _   0.018 0.001 0.000 0.005 0.003 0.012 0.052 0.908 
 334 Y _   0.014 0.001 0.000 0.004 0.003 0.011 0.051 0.915 
 335 G _   0.013 0.001 0.000 0.003 0.002 0.011 0.050 0.919 
 336 S _   0.013 0.001 0.000 0.003 0.003 0.012 0.049 0.920 
 337 P _   0.014 0.001 0.000 0.003 0.003 0.014 0.048 0.917 
 338 L _   0.017 0.002 0.000 0.004 0.004 0.016 0.046 0.911 
 339 K _   0.021 0.003 0.001 0.006 0.006 0.020 0.045 0.899 
 340 A _   0.025 0.006 0.001 0.009 0.009 0.025 0.043 0.883 
 341 Y _   0.030 0.011 0.001 0.013 0.013 0.029 0.041 0.863 
 342 T _   0.035 0.018 0.001 0.018 0.017 0.033 0.038 0.839 
 343 P _   0.040 0.025 0.001 0.023 0.021 0.037 0.036 0.816 
 344 V _   0.044 0.031 0.002 0.028 0.024 0.039 0.035 0.797 
 345 V _   0.047 0.035 0.002 0.032 0.026 0.041 0.033 0.785 
 346 V _   0.048 0.038 0.002 0.033 0.026 0.041 0.032 0.780 
 347 T _   0.048 0.038 0.002 0.033 0.026 0.040 0.031 0.783 
 348 L _   0.046 0.036 0.002 0.030 0.024 0.038 0.030 0.794 
 349 W _   0.043 0.033 0.001 0.027 0.021 0.035 0.029 0.809 
 350 Y _   0.039 0.029 0.001 0.023 0.018 0.032 0.029 0.828 
 351 R _   0.035 0.025 0.001 0.020 0.015 0.029 0.028 0.846 
 352 A _   0.032 0.020 0.001 0.017 0.012 0.026 0.028 0.864 
 353 P _   0.030 0.016 0.001 0.015 0.010 0.023 0.027 0.878 
 354 E _   0.028 0.012 0.001 0.013 0.008 0.021 0.027 0.890 
 355 L _   0.028 0.009 0.001 0.011 0.007 0.018 0.026 0.900 
 356 L _   0.029 0.006 0.001 0.010 0.006 0.016 0.025 0.906 
 357 L _   0.033 0.004 0.001 0.008 0.005 0.014 0.024 0.911 
 358 G _   0.039 0.002 0.001 0.006 0.005 0.013 0.023 0.911 
 359 A _   0.050 0.001 0.001 0.005 0.004 0.012 0.022 0.907 
 360 K _   0.067 0.000 0.000 0.003 0.004 0.011 0.020 0.895 
 361 E _   0.094 0.000 0.001 0.002 0.004 0.010 0.018 0.871 
 362 Y _   0.135 0.000 0.001 0.001 0.004 0.010 0.016 0.832 
 363 S _   0.198 0.000 0.001 0.001 0.005 0.011 0.014 0.771 
 364 T _   0.287 0.000 0.001 0.001 0.006 0.012 0.011 0.683 
 365 A _   0.399 0.000 0.001 0.001 0.008 0.012 0.009 0.570 
 366 V H   0.527 0.000 0.001 0.001 0.010 0.013 0.007 0.441 
 367 D H   0.649 0.000 0.001 0.001 0.013 0.013 0.005 0.319 
 368 M H   0.745 0.000 0.001 0.001 0.015 0.013 0.004 0.221 
 369 W H   0.814 0.000 0.001 0.001 0.016 0.012 0.003 0.153 
 370 S H   0.856 0.000 0.001 0.001 0.017 0.011 0.003 0.112 
 371 V H   0.878 0.000 0.001 0.001 0.018 0.010 0.003 0.090 
 372 G H   0.887 0.000 0.001 0.001 0.019 0.009 0.003 0.081 
 373 C H   0.883 0.000 0.001 0.001 0.019 0.009 0.003 0.083 
 374 I H   0.866 0.000 0.001 0.001 0.020 0.009 0.004 0.097 
 375 F H   0.834 0.000 0.001 0.001 0.021 0.010 0.006 0.127 
 376 G H   0.779 0.000 0.002 0.002 0.021 0.010 0.008 0.178 
 377 E H   0.699 0.000 0.002 0.003 0.020 0.011 0.012 0.255 
 378 L H   0.592 0.000 0.002 0.003 0.017 0.012 0.017 0.357 
 379 L _   0.469 0.000 0.002 0.003 0.013 0.012 0.023 0.478 
 380 T _   0.348 0.000 0.001 0.003 0.010 0.011 0.031 0.596 
 381 Q _   0.242 0.000 0.001 0.004 0.007 0.010 0.038 0.699 
 382 K _   0.157 0.000 0.001 0.004 0.005 0.009 0.044 0.780 
 383 P _   0.099 0.000 0.001 0.003 0.004 0.008 0.049 0.837 
 384 L _   0.060 0.000 0.000 0.003 0.003 0.007 0.053 0.874 
 385 F _   0.037 0.000 0.000 0.003 0.002 0.006 0.055 0.896 
 386 P _   0.023 0.000 0.000 0.003 0.002 0.006 0.057 0.908 
 387 G _   0.015 0.001 0.000 0.004 0.002 0.006 0.059 0.913 
 388 K _   0.011 0.002 0.000 0.004 0.002 0.006 0.060 0.915 
 389 S _   0.009 0.003 0.000 0.005 0.002 0.007 0.060 0.912 
 390 E _   0.008 0.005 0.000 0.007 0.003 0.008 0.061 0.907 
 391 I _   0.008 0.009 0.000 0.010 0.003 0.009 0.061 0.899 
 392 D _   0.008 0.014 0.001 0.013 0.004 0.010 0.061 0.890 
 393 Q _   0.008 0.019 0.001 0.016 0.005 0.011 0.060 0.879 
 394 I _   0.009 0.024 0.001 0.020 0.006 0.012 0.061 0.868 
 395 N _   0.009 0.029 0.001 0.023 0.007 0.013 0.061 0.859 
 396 K _   0.009 0.032 0.001 0.024 0.007 0.013 0.061 0.854 
 397 V _   0.009 0.033 0.001 0.024 0.007 0.012 0.062 0.853 
 398 F _   0.009 0.033 0.001 0.022 0.006 0.012 0.063 0.854 
 399 K _   0.008 0.032 0.001 0.019 0.005 0.011 0.064 0.859 
 400 D _   0.008 0.031 0.001 0.016 0.005 0.010 0.065 0.866 
 401 L _   0.007 0.029 0.000 0.012 0.004 0.009 0.066 0.872 
 402 G _   0.007 0.027 0.000 0.009 0.003 0.009 0.067 0.878 
 403 T _   0.007 0.026 0.000 0.008 0.003 0.008 0.068 0.881 
 404 P _   0.007 0.025 0.000 0.007 0.003 0.008 0.068 0.882 
 405 S _   0.007 0.026 0.000 0.006 0.003 0.008 0.069 0.880 
 406 E _   0.007 0.029 0.000 0.007 0.003 0.009 0.069 0.877 
 407 K _   0.007 0.033 0.000 0.008 0.003 0.009 0.069 0.870 
 408 I _   0.008 0.038 0.000 0.009 0.004 0.010 0.068 0.862 
 409 W _   0.008 0.046 0.001 0.011 0.004 0.011 0.068 0.851 
 410 P _   0.008 0.056 0.001 0.013 0.005 0.012 0.067 0.838 
 411 G _   0.008 0.068 0.001 0.016 0.006 0.013 0.066 0.823 
 412 Y _   0.008 0.080 0.001 0.018 0.006 0.013 0.065 0.808 
 413 S _   0.008 0.093 0.001 0.020 0.007 0.014 0.064 0.793 
 414 E _   0.008 0.105 0.001 0.023 0.008 0.015 0.063 0.777 
 415 L _   0.008 0.117 0.001 0.026 0.008 0.015 0.063 0.762 
 416 P _   0.008 0.127 0.001 0.029 0.009 0.016 0.062 0.748 
 417 A _   0.009 0.135 0.001 0.032 0.009 0.016 0.062 0.736 
 418 V _   0.009 0.140 0.001 0.035 0.010 0.015 0.062 0.728 
 419 K _   0.009 0.142 0.001 0.036 0.009 0.015 0.063 0.725 
 420 K _   0.009 0.140 0.001 0.035 0.009 0.014 0.064 0.727 
 421 M _   0.009 0.136 0.001 0.033 0.008 0.013 0.066 0.735 
 422 T _   0.008 0.127 0.001 0.028 0.007 0.012 0.068 0.748 
 423 F _   0.008 0.114 0.001 0.023 0.006 0.011 0.070 0.768 
 424 S _   0.007 0.098 0.001 0.017 0.005 0.009 0.072 0.791 
 425 E _   0.006 0.083 0.000 0.012 0.003 0.008 0.074 0.813 
 426 H _   0.006 0.072 0.000 0.008 0.002 0.007 0.076 0.829 
 427 P _   0.005 0.065 0.000 0.005 0.002 0.007 0.077 0.839 
 428 Y _   0.005 0.062 0.000 0.004 0.002 0.007 0.077 0.842 
 429 N _   0.005 0.063 0.000 0.004 0.002 0.008 0.077 0.840 
 430 N _   0.006 0.067 0.000 0.006 0.003 0.010 0.077 0.831 
 431 L _   0.008 0.079 0.001 0.009 0.004 0.012 0.076 0.812 
 432 R _   0.009 0.100 0.001 0.015 0.006 0.015 0.074 0.780 
 433 K _   0.010 0.131 0.001 0.021 0.009 0.017 0.073 0.739 
 434 R _   0.010 0.163 0.001 0.028 0.010 0.018 0.071 0.699 
 435 F _   0.010 0.190 0.001 0.033 0.011 0.018 0.070 0.667 
 436 G _   0.009 0.208 0.001 0.037 0.011 0.018 0.069 0.646 
 437 A _   0.009 0.218 0.001 0.037 0.011 0.018 0.069 0.637 
 438 L _   0.009 0.222 0.001 0.035 0.011 0.017 0.069 0.636 
 439 L _   0.009 0.222 0.001 0.031 0.010 0.017 0.070 0.641 
 440 S _   0.008 0.218 0.001 0.026 0.009 0.016 0.072 0.651 
 441 D _   0.009 0.210 0.001 0.021 0.008 0.015 0.073 0.663 
 442 Q _   0.009 0.201 0.001 0.017 0.007 0.015 0.075 0.675 
 443 G _   0.009 0.193 0.001 0.014 0.006 0.015 0.077 0.685 
 444 F _   0.010 0.186 0.001 0.012 0.006 0.015 0.079 0.692 
 445 D _   0.011 0.182 0.001 0.012 0.006 0.016 0.080 0.694 
 446 L _   0.011 0.179 0.001 0.013 0.006 0.016 0.082 0.691 
 447 M _   0.012 0.179 0.001 0.014 0.007 0.017 0.084 0.686 
 448 N _   0.013 0.180 0.001 0.017 0.008 0.018 0.086 0.678 
 449 K _   0.014 0.181 0.001 0.020 0.009 0.018 0.088 0.669 
 450 F _   0.015 0.181 0.001 0.023 0.010 0.018 0.090 0.662 
 451 L _   0.015 0.179 0.001 0.026 0.010 0.018 0.093 0.658 
 452 T _   0.014 0.175 0.001 0.028 0.010 0.017 0.096 0.658 
 453 Y _   0.013 0.168 0.001 0.028 0.010 0.016 0.100 0.663 
 454 F _   0.013 0.158 0.001 0.027 0.009 0.015 0.104 0.673 
 455 P _   0.012 0.144 0.001 0.025 0.008 0.014 0.109 0.687 
 456 G _   0.011 0.126 0.001 0.022 0.007 0.013 0.115 0.704 
 457 R _   0.011 0.106 0.001 0.019 0.006 0.012 0.121 0.724 
 458 R _   0.010 0.086 0.001 0.016 0.005 0.011 0.127 0.744 
 459 I _   0.009 0.068 0.001 0.013 0.004 0.009 0.133 0.763 
 460 S _   0.008 0.054 0.000 0.010 0.003 0.008 0.138 0.778 
 461 A _   0.007 0.044 0.000 0.008 0.003 0.008 0.142 0.788 
 462 E _   0.006 0.038 0.000 0.007 0.002 0.007 0.145 0.795 
 463 D _   0.005 0.034 0.000 0.006 0.002 0.007 0.148 0.797 
 464 G _   0.005 0.032 0.000 0.007 0.002 0.007 0.150 0.797 
 465 L _   0.005 0.031 0.000 0.008 0.002 0.007 0.152 0.794 
 466 K _   0.006 0.031 0.000 0.009 0.003 0.008 0.153 0.790 
 467 H _   0.006 0.032 0.000 0.011 0.003 0.008 0.155 0.784 
 468 E _   0.006 0.033 0.000 0.013 0.004 0.009 0.156 0.779 
 469 Y _   0.006 0.033 0.001 0.015 0.004 0.009 0.158 0.774 
 470 F _   0.006 0.033 0.001 0.016 0.004 0.009 0.160 0.770 
 471 R _   0.006 0.033 0.001 0.016 0.004 0.009 0.163 0.769 
 472 E _   0.006 0.032 0.001 0.015 0.004 0.009 0.165 0.769 
 473 T _   0.006 0.030 0.000 0.013 0.004 0.008 0.168 0.770 
 474 P _   0.006 0.028 0.000 0.012 0.004 0.008 0.171 0.771 
 475 L _   0.006 0.026 0.000 0.010 0.003 0.008 0.174 0.772 
 476 P _   0.006 0.025 0.000 0.009 0.003 0.008 0.177 0.772 
 477 I _   0.006 0.024 0.000 0.009 0.003 0.008 0.180 0.770 
 478 D _   0.006 0.023 0.000 0.009 0.003 0.008 0.183 0.767 
 479 P _   0.007 0.023 0.000 0.009 0.003 0.008 0.186 0.763 
 480 S _   0.007 0.023 0.000 0.010 0.003 0.009 0.189 0.758 
 481 M _   0.007 0.024 0.000 0.011 0.004 0.009 0.192 0.753 
 482 F _   0.007 0.025 0.000 0.011 0.004 0.009 0.195 0.749 
 483 P _   0.007 0.025 0.000 0.012 0.004 0.009 0.197 0.745 
 484 T _   0.007 0.026 0.000 0.012 0.004 0.009 0.200 0.743 
 485 W _   0.006 0.026 0.000 0.012 0.004 0.009 0.202 0.740 
 486 P _   0.006 0.027 0.000 0.012 0.004 0.009 0.205 0.738 
 487 A _   0.006 0.027 0.000 0.012 0.004 0.009 0.207 0.735 
 488 K _   0.006 0.027 0.000 0.012 0.004 0.009 0.210 0.731 
 489 S _   0.006 0.028 0.000 0.013 0.004 0.009 0.213 0.728 
 490 E _   0.007 0.028 0.000 0.014 0.004 0.009 0.216 0.723 
 491 Q _   0.007 0.028 0.000 0.014 0.004 0.009 0.219 0.719 
 492 Q _   0.007 0.028 0.000 0.015 0.004 0.008 0.222 0.716 
 493 R _   0.007 0.027 0.000 0.014 0.003 0.008 0.226 0.715 
 494 V _   0.007 0.026 0.000 0.013 0.003 0.007 0.229 0.715 
 495 K _   0.006 0.025 0.000 0.011 0.003 0.007 0.232 0.717 
 496 R _   0.006 0.023 0.000 0.009 0.002 0.006 0.235 0.720 
 497 G _   0.005 0.021 0.000 0.007 0.002 0.005 0.237 0.723 
 498 T _   0.005 0.020 0.000 0.005 0.001 0.005 0.239 0.725 
 499 S _   0.004 0.020 0.000 0.004 0.001 0.004 0.239 0.727 
 500 P _   0.004 0.021 0.000 0.004 0.001 0.005 0.239 0.726 
 501 R _   0.004 0.023 0.000 0.004 0.001 0.005 0.238 0.724 
 502 P _   0.004 0.029 0.000 0.006 0.002 0.006 0.237 0.716 
 503 P _   0.005 0.041 0.000 0.009 0.003 0.007 0.234 0.702 
 504 E _   0.005 0.061 0.001 0.013 0.004 0.009 0.229 0.679 
 505 G _   0.005 0.088 0.001 0.019 0.005 0.010 0.224 0.649 
 506 G _   0.005 0.119 0.001 0.024 0.005 0.010 0.219 0.617 
 507 L _   0.005 0.145 0.001 0.027 0.006 0.010 0.215 0.591 
 508 G _   0.004 0.163 0.001 0.029 0.006 0.010 0.212 0.576 
 509 Y _   0.004 0.174 0.001 0.027 0.005 0.009 0.211 0.569 
 510 S _   0.004 0.180 0.001 0.024 0.004 0.008 0.209 0.570 
 511 Q _   0.003 0.183 0.000 0.019 0.004 0.008 0.209 0.574 
 512 L _   0.003 0.184 0.000 0.015 0.003 0.007 0.208 0.579 
 513 G _   0.003 0.186 0.000 0.011 0.002 0.007 0.208 0.583 
 514 D _   0.003 0.188 0.000 0.009 0.002 0.007 0.207 0.583 
 515 D _   0.003 0.193 0.000 0.009 0.002 0.007 0.206 0.578 
 516 D _   0.004 0.204 0.000 0.010 0.003 0.009 0.205 0.566 
 517 L _   0.005 0.223 0.001 0.012 0.004 0.010 0.202 0.543 
 518 K _   0.005 0.258 0.001 0.017 0.006 0.011 0.199 0.504 
 519 E _   0.005 0.306 0.001 0.022 0.007 0.012 0.195 0.451 
 520 T _   0.005 0.360 0.001 0.027 0.008 0.012 0.191 0.396 
 521 G E   0.004 0.408 0.001 0.030 0.008 0.011 0.188 0.350 
 522 F E   0.004 0.440 0.001 0.031 0.007 0.010 0.187 0.319 
 523 H E   0.003 0.460 0.001 0.030 0.006 0.009 0.188 0.302 
 524 L E   0.003 0.471 0.001 0.028 0.006 0.009 0.189 0.295 
 525 T E   0.003 0.475 0.001 0.024 0.005 0.008 0.191 0.293 
 526 T E   0.003 0.475 0.001 0.021 0.004 0.007 0.194 0.295 
 527 T E   0.003 0.473 0.000 0.017 0.004 0.007 0.197 0.299 
 528 N E   0.003 0.470 0.000 0.014 0.003 0.007 0.201 0.302 
 529 Q E   0.003 0.467 0.000 0.012 0.003 0.007 0.204 0.303 
 530 G E   0.003 0.466 0.000 0.012 0.003 0.007 0.208 0.300 
 531 A E   0.004 0.467 0.000 0.012 0.003 0.008 0.212 0.294 
 532 S E   0.004 0.470 0.000 0.014 0.003 0.008 0.215 0.285 
 533 A E   0.004 0.473 0.000 0.016 0.004 0.008 0.219 0.275 
 534 A E   0.004 0.476 0.000 0.019 0.004 0.008 0.223 0.267 
 535 G E   0.003 0.477 0.000 0.021 0.004 0.007 0.227 0.261 
 536 P E   0.003 0.475 0.000 0.023 0.004 0.006 0.232 0.257 
 537 G E   0.002 0.468 0.001 0.023 0.004 0.005 0.239 0.259 
 538 F E   0.001 0.454 0.000 0.021 0.003 0.003 0.247 0.270 
 539 S E   0.001 0.424 0.000 0.017 0.001 0.002 0.258 0.297 
 540 L E   0.000 0.385 0.000 0.014 0.001 0.001 0.264 0.335 
 541 K _   0.000 0.350 0.000 0.015 0.001 0.001 0.266 0.367 
 542 F _   0.003 0.326 0.002 0.025 0.005 0.004 0.261 0.374 
