#TopoPred_TM8: 8-state transmembrane topology prediction results by no_profile mode 
#probabilities are in the order of H E C I L F X _, the 8 transmembrane topology types used in PDBTM 
   1 M _   0.027 0.002 0.003 0.076 0.015 0.018 0.395 0.465 
   2 S _   0.011 0.001 0.000 0.046 0.004 0.010 0.403 0.525 
   3 S _   0.006 0.000 0.000 0.025 0.001 0.007 0.400 0.561 
   4 W _   0.009 0.000 0.000 0.016 0.002 0.007 0.389 0.577 
   5 I _   0.021 0.000 0.000 0.012 0.003 0.010 0.367 0.586 
   6 R _   0.050 0.000 0.001 0.008 0.005 0.014 0.335 0.588 
   7 W _   0.096 0.000 0.001 0.006 0.006 0.016 0.297 0.577 
   8 H _   0.165 0.000 0.001 0.004 0.008 0.017 0.252 0.553 
   9 G _   0.246 0.000 0.001 0.003 0.008 0.017 0.205 0.519 
  10 P _   0.336 0.000 0.001 0.002 0.010 0.017 0.159 0.475 
  11 A H   0.433 0.000 0.001 0.001 0.011 0.015 0.118 0.420 
  12 M H   0.533 0.000 0.001 0.001 0.011 0.014 0.086 0.355 
  13 A H   0.634 0.000 0.001 0.001 0.010 0.011 0.060 0.282 
  14 R H   0.728 0.000 0.001 0.001 0.010 0.009 0.042 0.210 
  15 L H   0.805 0.000 0.001 0.000 0.009 0.008 0.028 0.149 
  16 W H   0.863 0.000 0.001 0.000 0.009 0.006 0.019 0.102 
  17 G H   0.903 0.000 0.001 0.000 0.009 0.005 0.013 0.069 
  18 F H   0.929 0.000 0.001 0.000 0.009 0.004 0.009 0.048 
  19 C H   0.943 0.000 0.001 0.000 0.009 0.004 0.007 0.037 
  20 W H   0.950 0.000 0.001 0.000 0.009 0.003 0.005 0.032 
  21 L H   0.952 0.000 0.001 0.000 0.009 0.003 0.004 0.031 
  22 V H   0.948 0.000 0.001 0.000 0.009 0.003 0.003 0.035 
  23 V H   0.938 0.000 0.001 0.000 0.010 0.003 0.003 0.044 
  24 G H   0.921 0.000 0.001 0.000 0.011 0.004 0.003 0.060 
  25 F H   0.893 0.000 0.001 0.000 0.012 0.004 0.003 0.086 
  26 W H   0.849 0.000 0.001 0.001 0.014 0.005 0.003 0.127 
  27 R H   0.789 0.000 0.001 0.001 0.014 0.006 0.004 0.184 
  28 A H   0.707 0.000 0.001 0.001 0.015 0.008 0.005 0.262 
  29 A H   0.608 0.000 0.001 0.001 0.014 0.009 0.007 0.359 
  30 F H   0.498 0.000 0.001 0.002 0.012 0.010 0.009 0.468 
  31 A _   0.385 0.000 0.001 0.002 0.010 0.010 0.012 0.579 
  32 C _   0.283 0.000 0.001 0.002 0.008 0.010 0.015 0.680 
  33 P _   0.201 0.000 0.001 0.003 0.006 0.010 0.018 0.761 
  34 T _   0.137 0.000 0.001 0.003 0.005 0.010 0.020 0.824 
  35 S _   0.092 0.000 0.001 0.004 0.004 0.010 0.022 0.867 
  36 C _   0.063 0.001 0.001 0.005 0.004 0.010 0.024 0.894 
  37 K _   0.043 0.002 0.001 0.006 0.004 0.011 0.025 0.908 
  38 C _   0.031 0.003 0.001 0.009 0.005 0.011 0.026 0.915 
  39 S _   0.023 0.006 0.001 0.012 0.005 0.011 0.027 0.915 
  40 A _   0.018 0.009 0.001 0.015 0.006 0.012 0.028 0.913 
  41 S _   0.014 0.011 0.001 0.017 0.006 0.011 0.029 0.911 
  42 R _   0.012 0.013 0.001 0.017 0.006 0.011 0.030 0.910 
  43 I _   0.010 0.014 0.001 0.017 0.005 0.010 0.031 0.912 
  44 W _   0.009 0.015 0.001 0.015 0.004 0.010 0.032 0.915 
  45 C _   0.008 0.015 0.000 0.012 0.004 0.009 0.033 0.919 
  46 S _   0.007 0.015 0.000 0.010 0.003 0.008 0.033 0.922 
  47 D _   0.006 0.016 0.000 0.009 0.003 0.008 0.034 0.923 
  48 P _   0.006 0.017 0.000 0.009 0.003 0.009 0.035 0.921 
  49 S _   0.007 0.020 0.000 0.010 0.004 0.010 0.035 0.914 
  50 P _   0.007 0.024 0.001 0.014 0.005 0.011 0.036 0.902 
  51 G _   0.009 0.030 0.001 0.021 0.006 0.013 0.036 0.884 
  52 I _   0.010 0.038 0.001 0.029 0.008 0.015 0.037 0.864 
  53 V _   0.010 0.044 0.001 0.037 0.009 0.016 0.037 0.846 
  54 A _   0.010 0.048 0.001 0.042 0.010 0.016 0.038 0.835 
  55 F _   0.010 0.048 0.001 0.043 0.010 0.015 0.040 0.833 
  56 P _   0.009 0.046 0.001 0.039 0.009 0.014 0.042 0.840 
  57 R _   0.009 0.042 0.001 0.032 0.007 0.012 0.043 0.855 
  58 L _   0.007 0.034 0.001 0.023 0.005 0.010 0.046 0.874 
  59 E _   0.007 0.025 0.001 0.015 0.004 0.008 0.048 0.894 
  60 P _   0.006 0.017 0.000 0.008 0.002 0.007 0.049 0.909 
  61 N _   0.005 0.013 0.000 0.005 0.002 0.006 0.050 0.919 
  62 S _   0.005 0.010 0.000 0.003 0.001 0.006 0.051 0.923 
  63 V _   0.005 0.010 0.000 0.003 0.001 0.007 0.051 0.922 
  64 D _   0.006 0.012 0.000 0.004 0.002 0.009 0.051 0.915 
  65 P _   0.009 0.018 0.000 0.006 0.004 0.013 0.051 0.900 
  66 E _   0.011 0.033 0.001 0.011 0.006 0.018 0.050 0.870 
  67 N _   0.014 0.062 0.001 0.020 0.010 0.022 0.048 0.822 
  68 I _   0.016 0.106 0.001 0.031 0.014 0.027 0.046 0.759 
  69 T _   0.017 0.151 0.002 0.043 0.018 0.029 0.043 0.696 
  70 E _   0.016 0.186 0.002 0.054 0.020 0.031 0.042 0.649 
  71 I _   0.016 0.209 0.002 0.061 0.022 0.031 0.040 0.620 
  72 F _   0.016 0.221 0.002 0.064 0.022 0.030 0.040 0.605 
  73 I _   0.015 0.226 0.002 0.065 0.022 0.029 0.040 0.602 
  74 A _   0.015 0.225 0.002 0.063 0.021 0.028 0.040 0.608 
  75 N _   0.015 0.217 0.002 0.058 0.019 0.026 0.041 0.624 
  76 Q _   0.015 0.203 0.001 0.050 0.017 0.023 0.042 0.648 
  77 K _   0.014 0.181 0.001 0.042 0.015 0.021 0.044 0.681 
  78 R _   0.014 0.152 0.001 0.034 0.012 0.019 0.047 0.721 
  79 L _   0.014 0.119 0.001 0.027 0.009 0.017 0.049 0.764 
  80 E _   0.013 0.087 0.001 0.020 0.007 0.015 0.051 0.806 
  81 I _   0.011 0.060 0.001 0.014 0.005 0.013 0.053 0.842 
  82 I _   0.010 0.040 0.001 0.010 0.004 0.011 0.055 0.870 
  83 N _   0.009 0.028 0.000 0.006 0.003 0.010 0.055 0.888 
  84 E _   0.008 0.022 0.000 0.005 0.002 0.010 0.056 0.897 
  85 D _   0.008 0.019 0.000 0.004 0.002 0.010 0.056 0.901 
  86 D _   0.009 0.018 0.000 0.004 0.002 0.011 0.055 0.900 
  87 V _   0.010 0.019 0.000 0.005 0.003 0.014 0.054 0.894 
  88 E _   0.012 0.023 0.000 0.007 0.005 0.017 0.053 0.883 
  89 A _   0.015 0.030 0.001 0.010 0.007 0.021 0.052 0.865 
  90 Y _   0.017 0.042 0.001 0.015 0.009 0.025 0.050 0.841 
  91 V _   0.019 0.056 0.001 0.020 0.012 0.028 0.048 0.814 
  92 G _   0.021 0.070 0.001 0.025 0.015 0.031 0.047 0.791 
  93 L _   0.022 0.080 0.001 0.028 0.016 0.033 0.045 0.774 
  94 R _   0.023 0.087 0.001 0.028 0.017 0.035 0.044 0.763 
  95 N _   0.025 0.091 0.001 0.027 0.018 0.036 0.043 0.759 
  96 L _   0.026 0.093 0.001 0.024 0.017 0.036 0.043 0.759 
  97 T _   0.027 0.094 0.001 0.021 0.017 0.037 0.042 0.762 
  98 I _   0.029 0.094 0.001 0.018 0.016 0.037 0.042 0.764 
  99 V _   0.030 0.094 0.001 0.016 0.016 0.038 0.042 0.763 
 100 D _   0.033 0.095 0.001 0.016 0.016 0.038 0.041 0.759 
 101 S _   0.035 0.098 0.001 0.016 0.017 0.038 0.041 0.753 
 102 G _   0.037 0.101 0.001 0.018 0.018 0.039 0.041 0.744 
 103 L _   0.038 0.106 0.001 0.021 0.019 0.038 0.041 0.735 
 104 K _   0.038 0.109 0.001 0.025 0.020 0.037 0.042 0.728 
 105 F _   0.037 0.112 0.001 0.028 0.020 0.036 0.042 0.725 
 106 V _   0.035 0.112 0.001 0.029 0.019 0.034 0.043 0.726 
 107 A _   0.033 0.110 0.001 0.030 0.018 0.031 0.044 0.734 
 108 H _   0.030 0.105 0.001 0.028 0.016 0.029 0.045 0.747 
 109 K _   0.027 0.097 0.001 0.024 0.013 0.025 0.046 0.765 
 110 A _   0.024 0.087 0.001 0.020 0.011 0.023 0.047 0.787 
 111 F _   0.021 0.076 0.001 0.016 0.009 0.020 0.049 0.808 
 112 L _   0.018 0.066 0.001 0.012 0.007 0.018 0.050 0.828 
 113 K _   0.016 0.058 0.001 0.010 0.006 0.016 0.051 0.843 
 114 N _   0.014 0.052 0.001 0.009 0.005 0.015 0.052 0.852 
 115 S _   0.013 0.049 0.001 0.009 0.005 0.014 0.053 0.857 
 116 N _   0.013 0.048 0.001 0.009 0.005 0.014 0.054 0.857 
 117 L _   0.013 0.047 0.001 0.011 0.005 0.014 0.055 0.854 
 118 Q _   0.013 0.048 0.001 0.013 0.006 0.015 0.055 0.849 
 119 H _   0.013 0.049 0.001 0.016 0.007 0.015 0.056 0.844 
 120 I _   0.013 0.049 0.001 0.019 0.007 0.015 0.057 0.839 
 121 N _   0.013 0.049 0.001 0.020 0.008 0.015 0.057 0.837 
 122 F _   0.012 0.048 0.001 0.021 0.008 0.014 0.058 0.838 
 123 T _   0.012 0.045 0.001 0.020 0.007 0.014 0.060 0.841 
 124 R _   0.011 0.041 0.001 0.019 0.007 0.013 0.061 0.847 
 125 N _   0.011 0.036 0.001 0.016 0.006 0.012 0.063 0.855 
 126 K _   0.010 0.030 0.001 0.014 0.005 0.012 0.065 0.864 
 127 L _   0.009 0.024 0.001 0.012 0.005 0.011 0.066 0.872 
 128 T _   0.009 0.019 0.001 0.010 0.004 0.010 0.068 0.879 
 129 S _   0.008 0.015 0.000 0.009 0.004 0.010 0.069 0.885 
 130 L _   0.008 0.012 0.000 0.008 0.003 0.010 0.071 0.888 
 131 S _   0.008 0.009 0.000 0.007 0.003 0.010 0.072 0.891 
 132 R _   0.008 0.007 0.000 0.006 0.003 0.010 0.073 0.893 
 133 K _   0.008 0.006 0.000 0.006 0.003 0.010 0.073 0.893 
 134 H _   0.008 0.005 0.000 0.006 0.003 0.011 0.074 0.892 
 135 F _   0.009 0.005 0.000 0.006 0.003 0.013 0.074 0.889 
 136 R _   0.011 0.005 0.000 0.006 0.004 0.015 0.074 0.884 
 137 H _   0.013 0.006 0.001 0.008 0.005 0.018 0.073 0.876 
 138 L _   0.016 0.008 0.001 0.010 0.007 0.022 0.073 0.863 
 139 D _   0.020 0.010 0.001 0.013 0.010 0.027 0.073 0.846 
 140 L _   0.025 0.013 0.001 0.018 0.014 0.031 0.072 0.825 
 141 S _   0.031 0.017 0.001 0.023 0.018 0.035 0.072 0.803 
 142 E _   0.036 0.020 0.002 0.028 0.021 0.039 0.072 0.783 
 143 L _   0.040 0.021 0.002 0.031 0.023 0.041 0.073 0.769 
 144 I _   0.043 0.022 0.002 0.032 0.023 0.042 0.074 0.762 
 145 L _   0.046 0.021 0.002 0.030 0.022 0.042 0.075 0.763 
 146 V _   0.048 0.018 0.002 0.025 0.020 0.041 0.077 0.769 
 147 G _   0.050 0.015 0.001 0.019 0.017 0.041 0.078 0.778 
 148 N _   0.053 0.011 0.001 0.013 0.014 0.040 0.080 0.788 
 149 P _   0.055 0.008 0.001 0.009 0.012 0.040 0.082 0.794 
 150 F _   0.057 0.006 0.001 0.006 0.011 0.041 0.083 0.795 
 151 T _   0.061 0.006 0.001 0.005 0.011 0.042 0.084 0.790 
 152 C _   0.066 0.007 0.001 0.005 0.013 0.045 0.086 0.777 
 153 S _   0.071 0.011 0.001 0.008 0.018 0.049 0.087 0.756 
 154 C _   0.077 0.020 0.002 0.014 0.024 0.052 0.089 0.724 
 155 D _   0.081 0.037 0.002 0.023 0.030 0.054 0.090 0.682 
 156 I _   0.082 0.059 0.002 0.035 0.035 0.054 0.092 0.639 
 157 M _   0.080 0.078 0.002 0.048 0.038 0.052 0.095 0.606 
 158 W _   0.076 0.089 0.002 0.058 0.038 0.049 0.099 0.588 
 159 I _   0.070 0.094 0.002 0.063 0.035 0.045 0.104 0.587 
 160 K _   0.062 0.093 0.002 0.062 0.031 0.040 0.111 0.600 
 161 T _   0.052 0.087 0.002 0.055 0.025 0.034 0.118 0.628 
 162 L _   0.042 0.074 0.002 0.044 0.019 0.028 0.126 0.665 
 163 Q _   0.034 0.056 0.001 0.031 0.013 0.022 0.135 0.710 
 164 E _   0.026 0.036 0.001 0.019 0.008 0.017 0.142 0.751 
 165 A _   0.019 0.020 0.001 0.011 0.005 0.012 0.149 0.783 
 166 K _   0.014 0.011 0.000 0.007 0.003 0.009 0.154 0.802 
 167 S _   0.011 0.006 0.000 0.004 0.002 0.007 0.157 0.813 
 168 S _   0.008 0.004 0.000 0.003 0.001 0.006 0.159 0.817 
 169 P _   0.007 0.003 0.000 0.003 0.001 0.006 0.161 0.818 
 170 D _   0.007 0.003 0.000 0.004 0.002 0.006 0.162 0.817 
 171 T _   0.006 0.004 0.000 0.006 0.002 0.006 0.162 0.814 
 172 Q _   0.006 0.004 0.000 0.007 0.002 0.007 0.162 0.811 
 173 D _   0.006 0.005 0.000 0.009 0.002 0.007 0.161 0.808 
 174 L _   0.006 0.006 0.000 0.010 0.003 0.007 0.160 0.806 
 175 Y _   0.006 0.007 0.000 0.011 0.003 0.007 0.159 0.807 
 176 C _   0.005 0.008 0.000 0.010 0.003 0.007 0.158 0.809 
 177 L _   0.005 0.009 0.000 0.009 0.002 0.007 0.156 0.813 
 178 N _   0.004 0.009 0.000 0.008 0.002 0.006 0.154 0.816 
 179 E _   0.004 0.010 0.000 0.007 0.002 0.006 0.151 0.819 
 180 S _   0.004 0.011 0.000 0.006 0.002 0.007 0.148 0.821 
 181 S _   0.004 0.014 0.000 0.007 0.002 0.007 0.145 0.820 
 182 K _   0.005 0.018 0.000 0.008 0.003 0.009 0.141 0.816 
 183 N _   0.005 0.025 0.000 0.011 0.004 0.010 0.137 0.806 
 184 I _   0.006 0.037 0.001 0.016 0.005 0.012 0.132 0.790 
 185 P _   0.007 0.052 0.001 0.023 0.007 0.014 0.127 0.770 
 186 L _   0.008 0.068 0.001 0.030 0.008 0.015 0.122 0.749 
 187 A _   0.008 0.080 0.001 0.035 0.009 0.016 0.117 0.733 
 188 N _   0.008 0.088 0.001 0.039 0.010 0.016 0.114 0.725 
 189 L _   0.008 0.093 0.001 0.039 0.009 0.015 0.111 0.723 
 190 Q _   0.008 0.094 0.001 0.037 0.009 0.014 0.110 0.728 
 191 I _   0.008 0.092 0.001 0.032 0.008 0.013 0.108 0.738 
 192 P _   0.007 0.088 0.001 0.026 0.007 0.012 0.107 0.751 
 193 N _   0.007 0.083 0.001 0.021 0.005 0.011 0.107 0.765 
 194 C _   0.007 0.077 0.001 0.016 0.004 0.010 0.106 0.779 
 195 G _   0.007 0.072 0.000 0.012 0.004 0.009 0.106 0.791 
 196 L _   0.006 0.068 0.000 0.010 0.003 0.008 0.105 0.799 
 197 P _   0.006 0.065 0.000 0.008 0.003 0.008 0.104 0.805 
 198 S _   0.006 0.064 0.000 0.008 0.003 0.008 0.102 0.809 
 199 A _   0.006 0.065 0.000 0.008 0.003 0.008 0.101 0.810 
 200 N _   0.006 0.067 0.000 0.008 0.003 0.008 0.099 0.808 
 201 L _   0.006 0.072 0.000 0.009 0.003 0.009 0.096 0.805 
 202 A _   0.006 0.078 0.000 0.010 0.003 0.010 0.093 0.799 
 203 A _   0.006 0.086 0.001 0.011 0.004 0.010 0.090 0.792 
 204 P _   0.006 0.095 0.001 0.012 0.004 0.011 0.086 0.784 
 205 N _   0.007 0.106 0.001 0.014 0.005 0.012 0.083 0.774 
 206 L _   0.007 0.118 0.001 0.015 0.005 0.013 0.079 0.762 
 207 T _   0.007 0.131 0.001 0.016 0.006 0.014 0.075 0.750 
 208 V _   0.008 0.146 0.001 0.017 0.007 0.015 0.072 0.735 
 209 E _   0.008 0.162 0.001 0.019 0.008 0.017 0.068 0.718 
 210 E _   0.009 0.180 0.001 0.020 0.009 0.018 0.064 0.699 
 211 G _   0.009 0.200 0.001 0.023 0.010 0.019 0.061 0.677 
 212 K _   0.010 0.221 0.001 0.026 0.011 0.020 0.057 0.654 
 213 S _   0.011 0.240 0.001 0.029 0.012 0.020 0.054 0.632 
 214 I _   0.011 0.257 0.001 0.033 0.013 0.020 0.052 0.614 
 215 T _   0.011 0.268 0.001 0.036 0.013 0.020 0.050 0.601 
 216 L _   0.011 0.275 0.001 0.038 0.013 0.019 0.048 0.596 
 217 S _   0.011 0.276 0.001 0.038 0.012 0.018 0.047 0.597 
 218 C _   0.010 0.274 0.001 0.035 0.012 0.017 0.047 0.604 
 219 S _   0.010 0.266 0.001 0.031 0.010 0.016 0.046 0.620 
 220 V _   0.010 0.253 0.001 0.026 0.009 0.014 0.046 0.641 
 221 A _   0.009 0.236 0.001 0.021 0.007 0.013 0.047 0.666 
 222 G _   0.009 0.217 0.001 0.016 0.006 0.012 0.047 0.691 
 223 D _   0.008 0.201 0.001 0.013 0.005 0.012 0.047 0.713 
 224 P _   0.008 0.188 0.001 0.010 0.004 0.011 0.047 0.730 
 225 V _   0.008 0.181 0.000 0.009 0.004 0.011 0.047 0.740 
 226 P _   0.008 0.177 0.000 0.009 0.004 0.011 0.047 0.744 
 227 N _   0.008 0.177 0.000 0.010 0.004 0.012 0.047 0.742 
 228 M _   0.008 0.180 0.001 0.012 0.005 0.012 0.046 0.736 
 229 Y _   0.008 0.185 0.001 0.015 0.006 0.013 0.046 0.727 
 230 W _   0.008 0.191 0.001 0.018 0.006 0.013 0.045 0.717 
 231 D _   0.008 0.198 0.001 0.022 0.007 0.013 0.045 0.706 
 232 V _   0.008 0.203 0.001 0.025 0.008 0.013 0.044 0.698 
 233 G _   0.008 0.206 0.001 0.027 0.008 0.013 0.044 0.693 
 234 N _   0.008 0.206 0.001 0.028 0.008 0.013 0.044 0.693 
 235 L _   0.008 0.203 0.001 0.027 0.007 0.012 0.044 0.698 
 236 V _   0.007 0.197 0.001 0.025 0.007 0.011 0.045 0.708 
 237 S _   0.007 0.187 0.001 0.022 0.006 0.011 0.046 0.722 
 238 K _   0.007 0.174 0.001 0.018 0.005 0.010 0.047 0.739 
 239 H _   0.006 0.161 0.001 0.014 0.004 0.009 0.047 0.757 
 240 M _   0.006 0.149 0.000 0.011 0.003 0.009 0.048 0.773 
 241 N _   0.006 0.140 0.000 0.009 0.003 0.008 0.049 0.784 
 242 E _   0.005 0.135 0.000 0.008 0.003 0.008 0.049 0.791 
 243 T _   0.005 0.133 0.000 0.008 0.003 0.009 0.049 0.793 
 244 S _   0.006 0.134 0.000 0.010 0.003 0.010 0.048 0.789 
 245 H _   0.006 0.138 0.000 0.013 0.004 0.011 0.048 0.780 
 246 T _   0.006 0.145 0.001 0.018 0.005 0.012 0.047 0.765 
 247 Q _   0.007 0.155 0.001 0.025 0.007 0.013 0.046 0.747 
 248 G _   0.007 0.164 0.001 0.032 0.008 0.014 0.045 0.729 
 249 S _   0.007 0.170 0.001 0.039 0.009 0.014 0.045 0.715 
 250 L _   0.007 0.172 0.001 0.043 0.010 0.014 0.045 0.709 
 251 R _   0.007 0.169 0.001 0.043 0.009 0.014 0.046 0.710 
 252 I _   0.007 0.162 0.001 0.040 0.009 0.013 0.046 0.721 
 253 T _   0.007 0.148 0.001 0.035 0.008 0.012 0.048 0.742 
 254 N _   0.007 0.127 0.001 0.027 0.006 0.011 0.050 0.772 
 255 I _   0.006 0.102 0.001 0.019 0.005 0.010 0.051 0.805 
 256 S _   0.006 0.079 0.001 0.012 0.004 0.009 0.053 0.836 
 257 S _   0.006 0.063 0.000 0.008 0.003 0.008 0.054 0.859 
 258 D _   0.005 0.054 0.000 0.005 0.002 0.008 0.055 0.870 
 259 D _   0.006 0.051 0.000 0.004 0.002 0.009 0.055 0.873 
 260 S _   0.007 0.051 0.000 0.005 0.003 0.011 0.055 0.868 
 261 G _   0.009 0.057 0.000 0.008 0.004 0.015 0.054 0.853 
 262 K _   0.011 0.071 0.001 0.014 0.007 0.019 0.053 0.824 
 263 Q _   0.013 0.098 0.001 0.025 0.011 0.023 0.051 0.777 
 264 I _   0.014 0.135 0.002 0.040 0.015 0.026 0.049 0.719 
 265 S _   0.015 0.168 0.002 0.055 0.019 0.028 0.047 0.668 
 266 C _   0.015 0.189 0.002 0.066 0.020 0.028 0.046 0.634 
 267 V _   0.014 0.200 0.002 0.073 0.021 0.028 0.045 0.617 
 268 A _   0.014 0.203 0.001 0.074 0.020 0.026 0.046 0.615 
 269 E _   0.014 0.198 0.001 0.070 0.018 0.025 0.047 0.627 
 270 N _   0.013 0.185 0.002 0.060 0.016 0.022 0.048 0.653 
 271 L _   0.013 0.160 0.001 0.047 0.013 0.020 0.050 0.694 
 272 V _   0.012 0.123 0.001 0.033 0.010 0.018 0.053 0.749 
 273 G _   0.012 0.081 0.001 0.021 0.007 0.016 0.056 0.807 
 274 E _   0.011 0.049 0.001 0.011 0.005 0.014 0.058 0.851 
 275 D _   0.010 0.030 0.000 0.006 0.003 0.014 0.059 0.877 
 276 Q _   0.010 0.023 0.000 0.004 0.002 0.014 0.059 0.888 
 277 D _   0.011 0.021 0.000 0.003 0.003 0.016 0.059 0.887 
 278 S _   0.014 0.022 0.000 0.004 0.004 0.020 0.059 0.877 
 279 V _   0.020 0.029 0.001 0.007 0.007 0.026 0.058 0.852 
 280 N _   0.027 0.050 0.001 0.013 0.014 0.034 0.056 0.805 
 281 L _   0.033 0.098 0.002 0.024 0.023 0.041 0.054 0.725 
 282 T _   0.036 0.174 0.003 0.039 0.032 0.045 0.050 0.620 
 283 V _   0.036 0.252 0.003 0.055 0.037 0.047 0.048 0.523 
 284 H _   0.035 0.306 0.003 0.068 0.039 0.046 0.046 0.457 
 285 F _   0.033 0.337 0.002 0.077 0.039 0.044 0.045 0.421 
 286 A _   0.032 0.350 0.002 0.082 0.038 0.042 0.045 0.407 
 287 P _   0.031 0.353 0.002 0.083 0.036 0.039 0.046 0.409 
 288 T _   0.030 0.345 0.002 0.079 0.033 0.036 0.048 0.427 
 289 I _   0.029 0.324 0.002 0.070 0.029 0.032 0.051 0.462 
 290 T _   0.027 0.282 0.002 0.058 0.024 0.028 0.055 0.522 
 291 F _   0.026 0.216 0.002 0.044 0.019 0.025 0.060 0.608 
 292 L _   0.024 0.137 0.002 0.029 0.014 0.021 0.066 0.708 
 293 E _   0.020 0.070 0.001 0.016 0.009 0.017 0.071 0.796 
 294 S _   0.016 0.030 0.001 0.008 0.005 0.014 0.074 0.852 
 295 P _   0.012 0.015 0.000 0.004 0.003 0.012 0.075 0.878 
 296 T _   0.010 0.010 0.000 0.003 0.002 0.011 0.076 0.887 
 297 S _   0.010 0.009 0.000 0.003 0.002 0.011 0.077 0.888 
 298 D _   0.011 0.010 0.000 0.005 0.003 0.013 0.077 0.881 
 299 H _   0.013 0.015 0.001 0.010 0.005 0.015 0.076 0.865 
 300 H _   0.014 0.022 0.001 0.019 0.008 0.018 0.075 0.843 
 301 W _   0.015 0.032 0.001 0.029 0.010 0.019 0.075 0.818 
 302 C _   0.015 0.040 0.001 0.038 0.012 0.020 0.074 0.800 
 303 I _   0.015 0.044 0.001 0.043 0.012 0.020 0.074 0.791 
 304 P _   0.014 0.045 0.001 0.043 0.011 0.018 0.075 0.793 
 305 F _   0.012 0.043 0.001 0.037 0.010 0.016 0.075 0.805 
 306 T _   0.011 0.038 0.001 0.028 0.007 0.014 0.076 0.825 
 307 V _   0.009 0.032 0.001 0.018 0.005 0.012 0.077 0.846 
 308 K _   0.008 0.025 0.000 0.011 0.003 0.010 0.078 0.864 
 309 G _   0.007 0.021 0.000 0.006 0.002 0.009 0.078 0.877 
 310 N _   0.006 0.019 0.000 0.004 0.002 0.009 0.078 0.882 
 311 P _   0.007 0.019 0.000 0.004 0.002 0.010 0.077 0.882 
 312 K _   0.008 0.023 0.000 0.005 0.003 0.012 0.076 0.874 
 313 P _   0.010 0.034 0.001 0.008 0.005 0.015 0.074 0.853 
 314 A _   0.012 0.060 0.001 0.015 0.008 0.018 0.072 0.814 
 315 L _   0.013 0.103 0.001 0.024 0.012 0.021 0.068 0.757 
 316 Q _   0.013 0.155 0.002 0.034 0.014 0.023 0.065 0.695 
 317 W _   0.012 0.199 0.002 0.041 0.016 0.023 0.062 0.645 
 318 F _   0.011 0.229 0.001 0.046 0.016 0.023 0.060 0.614 
 319 Y _   0.011 0.246 0.001 0.048 0.016 0.023 0.058 0.598 
 320 N _   0.010 0.255 0.001 0.046 0.015 0.022 0.058 0.593 
 321 G _   0.010 0.258 0.001 0.041 0.014 0.021 0.058 0.596 
 322 A _   0.011 0.257 0.001 0.035 0.013 0.020 0.058 0.606 
 323 I _   0.011 0.251 0.001 0.029 0.011 0.019 0.059 0.619 
 324 L _   0.011 0.243 0.001 0.023 0.010 0.019 0.059 0.634 
 325 N _   0.011 0.235 0.001 0.018 0.009 0.018 0.060 0.647 
 326 E _   0.012 0.228 0.001 0.016 0.008 0.018 0.061 0.657 
 327 S _   0.012 0.223 0.001 0.014 0.007 0.018 0.062 0.663 
 328 K _   0.013 0.220 0.001 0.014 0.007 0.018 0.063 0.664 
 329 Y _   0.013 0.219 0.001 0.014 0.008 0.018 0.064 0.662 
 330 I _   0.013 0.220 0.001 0.016 0.008 0.018 0.066 0.659 
 331 C _   0.013 0.221 0.001 0.017 0.008 0.018 0.067 0.654 
 332 T _   0.013 0.222 0.001 0.019 0.009 0.018 0.068 0.651 
 333 K _   0.013 0.222 0.001 0.019 0.009 0.017 0.069 0.650 
 334 I _   0.012 0.220 0.001 0.019 0.008 0.016 0.071 0.652 
 335 H _   0.011 0.217 0.001 0.019 0.008 0.016 0.073 0.656 
 336 V _   0.011 0.213 0.001 0.018 0.007 0.015 0.074 0.660 
 337 T _   0.010 0.209 0.001 0.017 0.007 0.015 0.076 0.665 
 338 N _   0.010 0.204 0.001 0.017 0.007 0.014 0.079 0.669 
 339 H _   0.009 0.199 0.001 0.018 0.007 0.014 0.081 0.672 
 340 T _   0.009 0.194 0.001 0.018 0.007 0.014 0.083 0.674 
 341 E _   0.009 0.190 0.001 0.020 0.007 0.013 0.086 0.675 
 342 Y _   0.009 0.185 0.001 0.021 0.007 0.013 0.089 0.676 
 343 H _   0.009 0.179 0.001 0.023 0.007 0.013 0.092 0.677 
 344 G _   0.008 0.172 0.001 0.024 0.007 0.012 0.095 0.680 
 345 C _   0.008 0.162 0.001 0.024 0.007 0.012 0.099 0.687 
 346 L _   0.008 0.149 0.001 0.023 0.006 0.011 0.104 0.698 
 347 Q _   0.008 0.133 0.001 0.022 0.006 0.010 0.109 0.712 
 348 L _   0.007 0.114 0.001 0.019 0.005 0.009 0.114 0.731 
 349 D _   0.007 0.093 0.001 0.015 0.004 0.009 0.120 0.751 
 350 N _   0.006 0.073 0.001 0.012 0.004 0.008 0.126 0.771 
 351 P _   0.006 0.057 0.000 0.009 0.003 0.007 0.130 0.787 
 352 T _   0.005 0.046 0.000 0.007 0.002 0.006 0.134 0.798 
 353 H _   0.005 0.040 0.000 0.006 0.002 0.006 0.137 0.805 
 354 M _   0.005 0.036 0.000 0.006 0.002 0.006 0.139 0.807 
 355 N _   0.005 0.035 0.000 0.006 0.002 0.006 0.140 0.806 
 356 N _   0.005 0.035 0.000 0.007 0.002 0.007 0.141 0.802 
 357 G _   0.005 0.037 0.000 0.010 0.003 0.008 0.142 0.796 
 358 D _   0.005 0.040 0.000 0.013 0.003 0.008 0.142 0.788 
 359 Y _   0.006 0.043 0.000 0.017 0.004 0.009 0.143 0.779 
 360 T _   0.006 0.045 0.001 0.020 0.004 0.010 0.143 0.772 
 361 L _   0.006 0.047 0.001 0.021 0.004 0.010 0.144 0.767 
 362 I _   0.006 0.048 0.001 0.021 0.004 0.009 0.145 0.767 
 363 A _   0.005 0.047 0.000 0.019 0.004 0.009 0.146 0.769 
 364 K _   0.005 0.045 0.000 0.016 0.003 0.008 0.147 0.774 
 365 N _   0.005 0.043 0.000 0.012 0.003 0.008 0.148 0.781 
 366 E _   0.005 0.041 0.000 0.009 0.002 0.007 0.149 0.787 
 367 Y _   0.004 0.039 0.000 0.007 0.002 0.007 0.150 0.791 
 368 G _   0.004 0.039 0.000 0.005 0.002 0.007 0.150 0.793 
 369 K _   0.004 0.040 0.000 0.005 0.002 0.008 0.149 0.791 
 370 D _   0.005 0.044 0.000 0.006 0.002 0.010 0.148 0.784 
 371 E _   0.007 0.055 0.000 0.009 0.004 0.013 0.146 0.767 
 372 K _   0.009 0.081 0.001 0.015 0.007 0.016 0.142 0.730 
 373 Q _   0.010 0.129 0.001 0.025 0.011 0.020 0.136 0.667 
 374 I _   0.011 0.200 0.002 0.040 0.015 0.022 0.130 0.580 
 375 S _   0.010 0.274 0.002 0.055 0.017 0.023 0.125 0.494 
 376 A _   0.010 0.329 0.002 0.069 0.017 0.023 0.121 0.430 
 377 H _   0.009 0.359 0.001 0.078 0.017 0.022 0.119 0.394 
 378 F _   0.009 0.373 0.001 0.083 0.016 0.021 0.119 0.378 
 379 M _   0.008 0.376 0.001 0.082 0.015 0.019 0.120 0.376 
 380 G _   0.008 0.370 0.001 0.077 0.014 0.018 0.123 0.388 
 381 W _   0.008 0.351 0.001 0.068 0.013 0.016 0.128 0.414 
 382 P _   0.009 0.314 0.001 0.057 0.012 0.015 0.134 0.458 
 383 G _   0.009 0.257 0.001 0.044 0.010 0.013 0.143 0.522 
 384 I _   0.010 0.187 0.001 0.031 0.008 0.012 0.154 0.597 
 385 D _   0.010 0.123 0.001 0.021 0.006 0.010 0.164 0.665 
 386 D _   0.009 0.076 0.001 0.013 0.004 0.009 0.172 0.716 
 387 G _   0.008 0.049 0.000 0.008 0.002 0.007 0.177 0.748 
 388 A _   0.006 0.035 0.000 0.005 0.002 0.006 0.180 0.766 
 389 N _   0.005 0.029 0.000 0.004 0.001 0.005 0.182 0.774 
 390 P _   0.004 0.026 0.000 0.003 0.001 0.005 0.182 0.779 
 391 N _   0.004 0.026 0.000 0.003 0.001 0.005 0.180 0.780 
 392 Y _   0.004 0.028 0.000 0.005 0.001 0.006 0.178 0.778 
 393 P _   0.004 0.033 0.000 0.007 0.002 0.007 0.174 0.772 
 394 D _   0.005 0.042 0.000 0.011 0.003 0.009 0.169 0.761 
 395 V _   0.005 0.057 0.001 0.017 0.004 0.011 0.162 0.744 
 396 I _   0.005 0.076 0.001 0.025 0.005 0.012 0.154 0.722 
 397 Y _   0.005 0.097 0.001 0.033 0.007 0.013 0.146 0.699 
 398 E _   0.005 0.114 0.001 0.040 0.008 0.014 0.139 0.679 
 399 D _   0.005 0.127 0.001 0.046 0.008 0.014 0.133 0.666 
 400 Y _   0.005 0.136 0.001 0.050 0.009 0.014 0.128 0.658 
 401 G _   0.004 0.140 0.001 0.051 0.009 0.014 0.125 0.657 
 402 T _   0.005 0.140 0.001 0.050 0.008 0.013 0.123 0.661 
 403 A _   0.005 0.136 0.001 0.047 0.008 0.012 0.121 0.670 
 404 A _   0.005 0.129 0.001 0.042 0.007 0.011 0.121 0.684 
 405 N _   0.005 0.118 0.001 0.035 0.006 0.010 0.121 0.703 
 406 D _   0.005 0.104 0.001 0.029 0.005 0.010 0.121 0.725 
 407 I _   0.005 0.087 0.001 0.023 0.004 0.009 0.122 0.749 
 408 G _   0.005 0.071 0.001 0.018 0.004 0.008 0.123 0.770 
 409 D _   0.005 0.056 0.000 0.015 0.003 0.008 0.124 0.789 
 410 T _   0.005 0.044 0.000 0.012 0.003 0.007 0.124 0.805 
 411 T _   0.005 0.034 0.000 0.010 0.002 0.007 0.124 0.817 
 412 N _   0.005 0.027 0.000 0.009 0.002 0.007 0.124 0.826 
 413 R _   0.005 0.021 0.000 0.009 0.002 0.007 0.123 0.832 
 414 S _   0.005 0.018 0.000 0.009 0.002 0.007 0.122 0.837 
 415 N _   0.005 0.015 0.000 0.009 0.002 0.007 0.121 0.841 
 416 E _   0.005 0.012 0.000 0.009 0.002 0.007 0.119 0.845 
 417 I _   0.005 0.010 0.000 0.009 0.002 0.006 0.117 0.850 
 418 P _   0.005 0.008 0.000 0.009 0.002 0.006 0.115 0.854 
 419 S _   0.005 0.006 0.000 0.008 0.002 0.006 0.112 0.860 
 420 T _   0.005 0.004 0.000 0.008 0.002 0.006 0.110 0.866 
 421 D _   0.005 0.003 0.000 0.006 0.002 0.005 0.106 0.872 
 422 V _   0.005 0.002 0.000 0.005 0.002 0.005 0.103 0.878 
 423 T _   0.007 0.001 0.000 0.004 0.002 0.005 0.098 0.883 
 424 D _   0.010 0.000 0.000 0.003 0.002 0.005 0.093 0.886 
 425 K _   0.018 0.000 0.000 0.003 0.002 0.005 0.088 0.885 
 426 T _   0.032 0.000 0.000 0.002 0.002 0.006 0.081 0.876 
 427 G _   0.059 0.000 0.000 0.002 0.003 0.007 0.073 0.857 
 428 R _   0.105 0.000 0.001 0.001 0.004 0.008 0.063 0.819 
 429 E _   0.171 0.000 0.001 0.001 0.005 0.009 0.053 0.761 
 430 H _   0.261 0.000 0.001 0.001 0.006 0.009 0.042 0.680 
 431 L _   0.368 0.000 0.001 0.001 0.007 0.009 0.033 0.581 
 432 S H   0.479 0.000 0.001 0.001 0.007 0.008 0.026 0.478 
 433 V H   0.586 0.000 0.001 0.001 0.007 0.007 0.020 0.378 
 434 Y H   0.679 0.000 0.001 0.000 0.007 0.006 0.016 0.291 
 435 A H   0.754 0.000 0.001 0.000 0.006 0.005 0.013 0.221 
 436 V H   0.814 0.000 0.001 0.000 0.006 0.004 0.011 0.164 
 437 V H   0.860 0.000 0.001 0.000 0.005 0.003 0.009 0.122 
 438 V H   0.893 0.000 0.001 0.000 0.004 0.003 0.008 0.091 
 439 I H   0.918 0.000 0.001 0.000 0.004 0.002 0.007 0.069 
 440 A H   0.936 0.000 0.001 0.000 0.004 0.002 0.006 0.052 
 441 S H   0.949 0.000 0.000 0.000 0.003 0.002 0.005 0.040 
 442 V H   0.959 0.000 0.000 0.000 0.003 0.002 0.005 0.031 
 443 V H   0.964 0.000 0.000 0.000 0.004 0.002 0.004 0.026 
 444 G H   0.967 0.000 0.001 0.000 0.004 0.002 0.003 0.023 
 445 F H   0.967 0.000 0.001 0.000 0.005 0.002 0.003 0.023 
 446 C H   0.963 0.000 0.001 0.000 0.006 0.002 0.003 0.026 
 447 L H   0.957 0.000 0.001 0.000 0.007 0.002 0.002 0.031 
 448 L H   0.945 0.000 0.001 0.000 0.008 0.002 0.002 0.042 
 449 V H   0.927 0.000 0.001 0.000 0.009 0.003 0.002 0.058 
 450 M H   0.899 0.000 0.001 0.000 0.010 0.003 0.002 0.084 
 451 L H   0.860 0.000 0.001 0.000 0.011 0.004 0.003 0.120 
 452 F H   0.807 0.000 0.001 0.001 0.011 0.005 0.003 0.172 
 453 L H   0.733 0.000 0.001 0.001 0.011 0.005 0.004 0.245 
 454 L H   0.636 0.000 0.001 0.001 0.010 0.006 0.006 0.340 
 455 K H   0.524 0.000 0.001 0.001 0.009 0.007 0.008 0.450 
 456 L _   0.407 0.000 0.001 0.001 0.007 0.007 0.011 0.566 
 457 A _   0.298 0.000 0.001 0.001 0.006 0.007 0.014 0.674 
 458 R _   0.209 0.000 0.001 0.001 0.004 0.007 0.017 0.761 
 459 H _   0.143 0.000 0.000 0.001 0.004 0.007 0.020 0.825 
 460 S _   0.098 0.000 0.000 0.002 0.003 0.008 0.022 0.866 
 461 K _   0.069 0.000 0.000 0.003 0.003 0.009 0.024 0.891 
 462 F _   0.050 0.001 0.000 0.005 0.004 0.010 0.026 0.904 
 463 G _   0.037 0.003 0.001 0.008 0.005 0.011 0.028 0.909 
 464 M _   0.028 0.006 0.001 0.013 0.005 0.011 0.029 0.907 
 465 K _   0.021 0.009 0.001 0.017 0.006 0.012 0.031 0.904 
 466 G _   0.017 0.012 0.001 0.021 0.007 0.012 0.032 0.900 
 467 P _   0.013 0.014 0.001 0.023 0.007 0.011 0.033 0.898 
 468 A _   0.011 0.015 0.001 0.022 0.006 0.011 0.035 0.900 
 469 S _   0.009 0.015 0.001 0.020 0.005 0.009 0.037 0.905 
 470 V _   0.008 0.014 0.000 0.016 0.004 0.008 0.038 0.911 
 471 I _   0.006 0.013 0.000 0.012 0.003 0.007 0.040 0.918 
 472 S _   0.005 0.012 0.000 0.009 0.002 0.006 0.041 0.923 
 473 N _   0.005 0.012 0.000 0.007 0.002 0.006 0.042 0.927 
 474 D _   0.004 0.012 0.000 0.006 0.002 0.005 0.042 0.928 
 475 D _   0.004 0.014 0.000 0.006 0.002 0.006 0.043 0.926 
 476 D _   0.004 0.017 0.000 0.007 0.002 0.006 0.043 0.920 
 477 S _   0.005 0.022 0.000 0.011 0.003 0.008 0.043 0.909 
 478 A _   0.005 0.032 0.000 0.016 0.004 0.009 0.042 0.891 
 479 S _   0.005 0.045 0.001 0.024 0.005 0.011 0.041 0.869 
 480 P _   0.006 0.058 0.001 0.032 0.006 0.012 0.041 0.846 
 481 L _   0.006 0.069 0.001 0.039 0.007 0.012 0.040 0.826 
 482 H _   0.006 0.076 0.001 0.044 0.007 0.012 0.040 0.814 
 483 H _   0.006 0.080 0.001 0.045 0.007 0.012 0.041 0.809 
 484 I _   0.005 0.080 0.001 0.044 0.007 0.011 0.042 0.810 
 485 S _   0.005 0.077 0.001 0.039 0.006 0.011 0.043 0.819 
 486 N _   0.005 0.072 0.001 0.032 0.005 0.010 0.044 0.831 
 487 G _   0.005 0.064 0.001 0.025 0.004 0.008 0.046 0.847 
 488 S _   0.005 0.056 0.000 0.018 0.003 0.007 0.048 0.863 
 489 N _   0.005 0.048 0.000 0.012 0.003 0.007 0.049 0.876 
 490 T _   0.004 0.042 0.000 0.009 0.002 0.006 0.051 0.886 
 491 P _   0.004 0.039 0.000 0.006 0.002 0.006 0.051 0.893 
 492 S _   0.004 0.037 0.000 0.005 0.001 0.006 0.051 0.895 
 493 S _   0.004 0.038 0.000 0.005 0.001 0.006 0.051 0.895 
 494 S _   0.004 0.041 0.000 0.006 0.002 0.008 0.050 0.889 
 495 E _   0.005 0.048 0.000 0.008 0.003 0.010 0.049 0.878 
 496 G _   0.006 0.062 0.001 0.011 0.004 0.013 0.047 0.855 
 497 G _   0.008 0.090 0.001 0.017 0.007 0.017 0.044 0.816 
 498 P _   0.010 0.134 0.001 0.025 0.011 0.021 0.041 0.756 
 499 D _   0.012 0.193 0.002 0.034 0.014 0.025 0.037 0.684 
 500 A _   0.012 0.252 0.002 0.043 0.017 0.027 0.034 0.613 
 501 V _   0.012 0.298 0.002 0.051 0.019 0.028 0.031 0.558 
 502 I _   0.013 0.330 0.002 0.056 0.020 0.029 0.029 0.522 
 503 I _   0.013 0.347 0.001 0.058 0.021 0.029 0.028 0.503 
 504 G _   0.014 0.355 0.001 0.057 0.020 0.028 0.028 0.497 
 505 M _   0.014 0.354 0.001 0.053 0.020 0.027 0.027 0.503 
 506 T _   0.014 0.347 0.001 0.047 0.018 0.026 0.028 0.519 
 507 K _   0.014 0.332 0.001 0.040 0.016 0.024 0.028 0.543 
 508 I _   0.014 0.310 0.001 0.033 0.015 0.023 0.029 0.575 
 509 P _   0.013 0.285 0.001 0.027 0.013 0.021 0.030 0.610 
 510 V _   0.013 0.259 0.001 0.023 0.011 0.020 0.031 0.642 
 511 I _   0.013 0.238 0.001 0.020 0.009 0.019 0.032 0.669 
 512 E _   0.013 0.220 0.001 0.018 0.008 0.018 0.032 0.690 
 513 N _   0.012 0.205 0.001 0.017 0.008 0.017 0.033 0.707 
 514 P _   0.012 0.192 0.001 0.017 0.007 0.016 0.034 0.721 
 515 Q _   0.011 0.180 0.001 0.017 0.007 0.015 0.035 0.734 
 516 Y _   0.011 0.168 0.001 0.017 0.006 0.014 0.035 0.748 
 517 F _   0.010 0.155 0.001 0.016 0.006 0.013 0.036 0.763 
 518 G _   0.009 0.141 0.001 0.015 0.006 0.012 0.037 0.779 
 519 I _   0.009 0.128 0.001 0.013 0.005 0.011 0.037 0.796 
 520 T _   0.008 0.116 0.001 0.011 0.004 0.011 0.038 0.811 
 521 N _   0.008 0.105 0.001 0.010 0.004 0.010 0.038 0.825 
 522 S _   0.008 0.097 0.000 0.008 0.003 0.010 0.038 0.835 
 523 Q _   0.007 0.092 0.000 0.007 0.003 0.010 0.038 0.841 
 524 L _   0.007 0.090 0.000 0.007 0.003 0.011 0.038 0.843 
 525 K _   0.008 0.090 0.000 0.008 0.004 0.011 0.038 0.841 
 526 P _   0.009 0.092 0.001 0.009 0.005 0.012 0.038 0.835 
 527 D _   0.009 0.096 0.001 0.012 0.006 0.014 0.037 0.826 
 528 T _   0.010 0.102 0.001 0.015 0.007 0.015 0.037 0.814 
 529 F _   0.011 0.108 0.001 0.018 0.008 0.015 0.036 0.803 
 530 V _   0.011 0.113 0.001 0.021 0.008 0.016 0.036 0.794 
 531 Q _   0.011 0.116 0.001 0.022 0.009 0.016 0.036 0.789 
 532 H _   0.011 0.117 0.001 0.022 0.009 0.016 0.036 0.789 
 533 I _   0.011 0.117 0.001 0.021 0.008 0.015 0.036 0.791 
 534 K _   0.010 0.115 0.001 0.019 0.008 0.015 0.036 0.797 
 535 R _   0.010 0.111 0.001 0.017 0.007 0.014 0.036 0.804 
 536 H _   0.010 0.108 0.001 0.015 0.006 0.014 0.036 0.811 
 537 N _   0.010 0.104 0.001 0.013 0.006 0.013 0.037 0.817 
 538 I _   0.010 0.101 0.001 0.012 0.005 0.013 0.037 0.822 
 539 V _   0.010 0.099 0.001 0.011 0.005 0.013 0.037 0.824 
 540 L _   0.010 0.098 0.001 0.010 0.005 0.014 0.037 0.826 
 541 K _   0.010 0.098 0.001 0.010 0.005 0.014 0.038 0.826 
 542 R _   0.010 0.098 0.001 0.010 0.005 0.015 0.037 0.824 
 543 E _   0.011 0.100 0.001 0.010 0.005 0.016 0.037 0.820 
 544 L _   0.012 0.104 0.001 0.010 0.006 0.018 0.037 0.813 
 545 G _   0.013 0.109 0.001 0.011 0.007 0.020 0.037 0.802 
 546 E _   0.015 0.118 0.001 0.013 0.009 0.023 0.036 0.785 
 547 G _   0.017 0.131 0.001 0.017 0.011 0.025 0.035 0.761 
 548 A _   0.020 0.148 0.001 0.021 0.014 0.028 0.035 0.733 
 549 F _   0.022 0.165 0.001 0.028 0.017 0.030 0.034 0.702 
 550 G _   0.023 0.182 0.002 0.035 0.020 0.031 0.034 0.674 
 551 K _   0.024 0.194 0.002 0.041 0.022 0.032 0.034 0.653 
 552 V _   0.024 0.201 0.002 0.045 0.022 0.031 0.034 0.641 
 553 F _   0.024 0.202 0.002 0.047 0.021 0.030 0.035 0.639 
 554 L _   0.024 0.198 0.002 0.046 0.020 0.028 0.036 0.646 
 555 A _   0.023 0.188 0.002 0.042 0.018 0.026 0.037 0.664 
 556 E _   0.022 0.171 0.001 0.036 0.015 0.023 0.039 0.692 
 557 C _   0.020 0.145 0.001 0.028 0.012 0.021 0.041 0.731 
 558 Y _   0.019 0.116 0.001 0.020 0.010 0.019 0.043 0.773 
 559 N _   0.017 0.089 0.001 0.014 0.007 0.017 0.045 0.810 
 560 L _   0.015 0.071 0.001 0.009 0.005 0.015 0.047 0.837 
 561 C _   0.014 0.061 0.000 0.006 0.004 0.015 0.048 0.852 
 562 P _   0.013 0.057 0.000 0.006 0.004 0.015 0.049 0.857 
 563 E _   0.013 0.057 0.000 0.006 0.004 0.015 0.049 0.855 
 564 Q _   0.013 0.060 0.001 0.009 0.005 0.017 0.049 0.847 
 565 D _   0.014 0.067 0.001 0.014 0.007 0.018 0.049 0.830 
 566 K _   0.015 0.080 0.001 0.021 0.009 0.020 0.049 0.805 
 567 I _   0.015 0.095 0.001 0.030 0.011 0.021 0.049 0.777 
 568 L _   0.015 0.107 0.001 0.039 0.013 0.021 0.049 0.754 
 569 V _   0.015 0.115 0.001 0.046 0.014 0.021 0.049 0.738 
 570 A _   0.014 0.118 0.001 0.050 0.013 0.020 0.050 0.732 
 571 V _   0.014 0.117 0.001 0.050 0.013 0.019 0.052 0.735 
 572 K _   0.013 0.111 0.001 0.045 0.011 0.017 0.054 0.748 
 573 T _   0.012 0.099 0.001 0.038 0.009 0.015 0.056 0.770 
 574 L _   0.010 0.081 0.001 0.029 0.007 0.013 0.059 0.798 
 575 K _   0.010 0.060 0.001 0.021 0.005 0.011 0.063 0.830 
 576 D _   0.008 0.040 0.001 0.014 0.004 0.009 0.065 0.859 
 577 A _   0.007 0.025 0.000 0.009 0.003 0.007 0.068 0.881 
 578 S _   0.006 0.016 0.000 0.006 0.002 0.006 0.069 0.896 
 579 D _   0.005 0.011 0.000 0.004 0.001 0.005 0.070 0.904 
 580 N _   0.005 0.008 0.000 0.003 0.001 0.005 0.070 0.907 
 581 A _   0.005 0.007 0.000 0.003 0.001 0.006 0.069 0.908 
 582 R _   0.005 0.008 0.000 0.004 0.002 0.006 0.069 0.907 
 583 K _   0.005 0.009 0.000 0.006 0.002 0.008 0.067 0.903 
 584 D _   0.006 0.011 0.000 0.009 0.003 0.010 0.065 0.896 
 585 F _   0.006 0.014 0.000 0.013 0.004 0.012 0.063 0.886 
 586 H _   0.007 0.019 0.001 0.019 0.006 0.014 0.061 0.874 
 587 R _   0.008 0.022 0.001 0.024 0.007 0.016 0.059 0.863 
 588 E _   0.009 0.025 0.001 0.028 0.008 0.018 0.057 0.854 
 589 A _   0.009 0.027 0.001 0.030 0.009 0.019 0.055 0.850 
 590 E _   0.010 0.027 0.001 0.029 0.009 0.020 0.054 0.851 
 591 L _   0.011 0.025 0.001 0.026 0.009 0.020 0.053 0.856 
 592 L _   0.011 0.022 0.001 0.022 0.008 0.020 0.052 0.864 
 593 T _   0.012 0.019 0.001 0.017 0.008 0.021 0.051 0.872 
 594 N _   0.014 0.015 0.001 0.013 0.007 0.021 0.050 0.879 
 595 L _   0.016 0.011 0.001 0.010 0.007 0.022 0.050 0.883 
 596 Q _   0.019 0.009 0.001 0.008 0.007 0.024 0.049 0.883 
 597 H _   0.023 0.008 0.001 0.008 0.008 0.026 0.048 0.879 
 598 E _   0.028 0.008 0.001 0.008 0.009 0.029 0.047 0.871 
 599 H _   0.033 0.008 0.001 0.009 0.011 0.032 0.047 0.859 
 600 I _   0.039 0.009 0.001 0.012 0.013 0.034 0.046 0.846 
 601 V _   0.043 0.010 0.001 0.014 0.016 0.037 0.045 0.833 
 602 K _   0.048 0.012 0.001 0.016 0.018 0.039 0.045 0.822 
 603 F _   0.051 0.013 0.001 0.018 0.019 0.040 0.044 0.815 
 604 Y _   0.053 0.013 0.001 0.018 0.019 0.041 0.044 0.811 
 605 G _   0.054 0.013 0.001 0.017 0.019 0.041 0.044 0.812 
 606 V _   0.055 0.012 0.001 0.014 0.017 0.040 0.044 0.816 
 607 C _   0.054 0.012 0.001 0.012 0.016 0.040 0.044 0.821 
 608 V _   0.054 0.011 0.001 0.010 0.015 0.040 0.044 0.825 
 609 E _   0.055 0.012 0.001 0.009 0.014 0.040 0.044 0.825 
 610 G _   0.055 0.013 0.001 0.009 0.015 0.040 0.044 0.822 
 611 D _   0.056 0.016 0.001 0.011 0.016 0.041 0.044 0.815 
 612 P _   0.057 0.020 0.001 0.015 0.019 0.042 0.044 0.802 
 613 L _   0.057 0.026 0.001 0.020 0.021 0.042 0.045 0.788 
 614 I _   0.055 0.033 0.002 0.027 0.023 0.041 0.045 0.774 
 615 M _   0.051 0.039 0.002 0.034 0.024 0.039 0.046 0.766 
 616 V _   0.046 0.042 0.002 0.038 0.023 0.036 0.047 0.766 
 617 F _   0.041 0.043 0.002 0.038 0.020 0.032 0.049 0.775 
 618 E _   0.034 0.041 0.001 0.035 0.017 0.028 0.050 0.793 
 619 Y _   0.028 0.037 0.001 0.029 0.013 0.023 0.052 0.817 
 620 M _   0.022 0.031 0.001 0.022 0.009 0.019 0.054 0.842 
 621 K _   0.017 0.025 0.001 0.015 0.007 0.015 0.055 0.865 
 622 H _   0.013 0.019 0.001 0.011 0.005 0.013 0.056 0.883 
 623 G _   0.010 0.015 0.000 0.008 0.003 0.011 0.057 0.895 
 624 D _   0.009 0.013 0.000 0.006 0.003 0.009 0.058 0.902 
 625 L _   0.008 0.012 0.000 0.006 0.003 0.009 0.058 0.904 
 626 N _   0.007 0.012 0.000 0.006 0.003 0.008 0.059 0.904 
 627 K _   0.007 0.013 0.000 0.007 0.003 0.009 0.059 0.902 
 628 F _   0.007 0.014 0.000 0.009 0.003 0.009 0.058 0.900 
 629 L _   0.007 0.016 0.000 0.010 0.003 0.009 0.058 0.896 
 630 R _   0.007 0.018 0.000 0.012 0.004 0.009 0.058 0.892 
 631 A _   0.007 0.020 0.001 0.014 0.004 0.010 0.057 0.888 
 632 H _   0.007 0.022 0.001 0.016 0.005 0.010 0.056 0.884 
 633 G _   0.007 0.023 0.001 0.018 0.005 0.010 0.056 0.880 
 634 P _   0.007 0.025 0.001 0.020 0.005 0.011 0.056 0.875 
 635 D _   0.008 0.026 0.001 0.022 0.006 0.011 0.056 0.871 
 636 A _   0.008 0.026 0.001 0.023 0.006 0.011 0.056 0.868 
 637 V _   0.008 0.026 0.001 0.024 0.006 0.011 0.056 0.868 
 638 L _   0.008 0.024 0.001 0.022 0.006 0.011 0.057 0.872 
 639 M _   0.008 0.021 0.001 0.019 0.005 0.010 0.058 0.879 
 640 A _   0.008 0.017 0.001 0.016 0.004 0.009 0.058 0.888 
 641 E _   0.007 0.012 0.000 0.012 0.003 0.008 0.059 0.899 
 642 G _   0.007 0.008 0.000 0.008 0.002 0.007 0.059 0.909 
 643 N _   0.007 0.004 0.000 0.005 0.002 0.007 0.059 0.916 
 644 P _   0.007 0.002 0.000 0.004 0.002 0.007 0.059 0.920 
 645 P _   0.008 0.001 0.000 0.003 0.002 0.007 0.058 0.921 
 646 T _   0.011 0.000 0.000 0.002 0.002 0.009 0.057 0.919 
 647 E _   0.017 0.000 0.000 0.003 0.002 0.012 0.055 0.911 
 648 L _   0.028 0.000 0.000 0.003 0.003 0.016 0.053 0.897 
 649 T _   0.046 0.000 0.001 0.004 0.005 0.022 0.050 0.873 
 650 Q _   0.073 0.000 0.001 0.005 0.008 0.029 0.047 0.837 
 651 S _   0.111 0.000 0.001 0.007 0.013 0.038 0.043 0.788 
 652 Q _   0.160 0.001 0.001 0.008 0.019 0.046 0.039 0.726 
 653 M _   0.214 0.001 0.002 0.009 0.027 0.054 0.035 0.660 
 654 L _   0.272 0.001 0.002 0.009 0.035 0.059 0.030 0.592 
 655 H _   0.330 0.001 0.002 0.008 0.042 0.063 0.027 0.527 
 656 I _   0.384 0.001 0.002 0.008 0.048 0.065 0.024 0.469 
 657 A H   0.432 0.001 0.002 0.007 0.053 0.065 0.022 0.418 
 658 Q H   0.474 0.001 0.002 0.007 0.056 0.064 0.020 0.377 
 659 Q H   0.505 0.001 0.002 0.006 0.057 0.061 0.019 0.348 
 660 I H   0.529 0.001 0.002 0.006 0.057 0.058 0.018 0.329 
 661 A H   0.540 0.001 0.002 0.006 0.055 0.055 0.018 0.324 
 662 A H   0.538 0.001 0.002 0.006 0.052 0.051 0.019 0.330 
 663 G H   0.526 0.001 0.002 0.006 0.048 0.048 0.020 0.349 
