#TopoPred_TM8: 8-state transmembrane topology prediction results by no_profile mode 
#probabilities are in the order of H E C I L F X _, the 8 transmembrane topology types used in PDBTM 
   1 M X   0.015 0.001 0.002 0.042 0.009 0.009 0.643 0.279 
   2 P X   0.004 0.000 0.000 0.018 0.001 0.003 0.658 0.315 
   3 P X   0.001 0.000 0.000 0.006 0.000 0.002 0.658 0.332 
   4 R X   0.001 0.000 0.000 0.004 0.000 0.002 0.653 0.341 
   5 P X   0.001 0.000 0.000 0.004 0.001 0.005 0.643 0.346 
   6 S X   0.004 0.001 0.000 0.006 0.002 0.011 0.625 0.352 
   7 S X   0.007 0.003 0.000 0.011 0.003 0.019 0.602 0.354 
   8 G X   0.012 0.007 0.001 0.020 0.007 0.031 0.569 0.354 
   9 E X   0.017 0.016 0.001 0.036 0.012 0.043 0.526 0.350 
  10 L X   0.021 0.027 0.002 0.056 0.020 0.055 0.472 0.347 
  11 W X   0.024 0.038 0.002 0.076 0.029 0.065 0.417 0.348 
  12 G X   0.029 0.044 0.003 0.088 0.037 0.072 0.370 0.356 
  13 I _   0.036 0.047 0.003 0.090 0.043 0.078 0.331 0.373 
  14 H _   0.045 0.047 0.003 0.084 0.047 0.081 0.297 0.396 
  15 L _   0.056 0.043 0.003 0.072 0.049 0.084 0.269 0.424 
  16 M _   0.070 0.036 0.003 0.056 0.049 0.085 0.244 0.456 
  17 P _   0.088 0.028 0.003 0.041 0.047 0.084 0.223 0.487 
  18 P _   0.107 0.018 0.003 0.028 0.042 0.082 0.205 0.515 
  19 R _   0.128 0.011 0.002 0.019 0.037 0.079 0.188 0.537 
  20 I _   0.149 0.006 0.002 0.013 0.031 0.076 0.173 0.550 
  21 L _   0.171 0.003 0.002 0.009 0.027 0.072 0.159 0.556 
  22 V _   0.194 0.002 0.002 0.007 0.024 0.068 0.147 0.556 
  23 E _   0.217 0.001 0.002 0.006 0.022 0.064 0.136 0.553 
  24 C _   0.240 0.000 0.001 0.005 0.021 0.060 0.125 0.548 
  25 L _   0.263 0.000 0.001 0.004 0.020 0.057 0.115 0.538 
  26 L _   0.286 0.000 0.001 0.004 0.020 0.055 0.106 0.527 
  27 P _   0.310 0.000 0.001 0.004 0.020 0.053 0.098 0.515 
  28 N _   0.332 0.000 0.001 0.003 0.020 0.050 0.091 0.501 
  29 G _   0.354 0.000 0.001 0.003 0.020 0.048 0.085 0.487 
  30 M _   0.377 0.000 0.001 0.003 0.021 0.047 0.080 0.472 
  31 I _   0.397 0.000 0.001 0.003 0.021 0.045 0.075 0.457 
  32 V _   0.415 0.000 0.001 0.003 0.021 0.044 0.071 0.444 
  33 T _   0.429 0.000 0.001 0.003 0.021 0.043 0.068 0.435 
  34 L H   0.437 0.000 0.001 0.003 0.022 0.042 0.065 0.430 
  35 E H   0.441 0.000 0.001 0.003 0.022 0.042 0.063 0.428 
  36 C H   0.443 0.000 0.001 0.003 0.023 0.041 0.062 0.427 
  37 L H   0.440 0.000 0.001 0.003 0.024 0.041 0.061 0.431 
  38 R _   0.434 0.000 0.001 0.003 0.025 0.041 0.060 0.436 
  39 E _   0.423 0.000 0.002 0.004 0.026 0.041 0.060 0.445 
  40 A _   0.406 0.001 0.002 0.005 0.027 0.041 0.061 0.458 
  41 T _   0.385 0.001 0.002 0.007 0.028 0.040 0.062 0.475 
  42 L _   0.359 0.002 0.002 0.009 0.029 0.039 0.063 0.497 
  43 I _   0.327 0.003 0.002 0.012 0.028 0.038 0.065 0.525 
  44 T _   0.291 0.003 0.002 0.014 0.027 0.037 0.067 0.559 
  45 I _   0.253 0.004 0.002 0.016 0.024 0.034 0.070 0.597 
  46 K _   0.213 0.004 0.002 0.016 0.021 0.032 0.073 0.639 
  47 H _   0.173 0.004 0.002 0.016 0.017 0.028 0.076 0.684 
  48 E _   0.136 0.004 0.001 0.015 0.014 0.025 0.080 0.726 
  49 L _   0.104 0.003 0.001 0.013 0.011 0.022 0.083 0.764 
  50 F _   0.077 0.002 0.001 0.011 0.008 0.019 0.085 0.797 
  51 K _   0.056 0.002 0.001 0.009 0.006 0.016 0.088 0.824 
  52 E _   0.040 0.002 0.001 0.007 0.004 0.013 0.089 0.843 
  53 A _   0.029 0.001 0.000 0.006 0.004 0.012 0.091 0.857 
  54 R _   0.021 0.001 0.000 0.006 0.003 0.010 0.092 0.866 
  55 K _   0.016 0.002 0.000 0.006 0.003 0.010 0.093 0.871 
  56 Y _   0.013 0.002 0.000 0.006 0.003 0.009 0.093 0.874 
  57 P _   0.011 0.002 0.000 0.006 0.003 0.009 0.094 0.875 
  58 L _   0.010 0.003 0.000 0.007 0.003 0.009 0.094 0.875 
  59 H _   0.009 0.003 0.000 0.007 0.003 0.009 0.094 0.875 
  60 Q _   0.009 0.004 0.000 0.007 0.003 0.009 0.093 0.874 
  61 L _   0.009 0.005 0.000 0.007 0.003 0.010 0.093 0.873 
  62 L _   0.009 0.006 0.000 0.007 0.003 0.010 0.092 0.872 
  63 Q _   0.009 0.008 0.000 0.007 0.004 0.011 0.091 0.869 
  64 D _   0.010 0.011 0.000 0.008 0.004 0.013 0.090 0.864 
  65 E _   0.012 0.014 0.001 0.009 0.005 0.015 0.089 0.855 
  66 S _   0.013 0.019 0.001 0.011 0.007 0.017 0.088 0.843 
  67 S _   0.016 0.027 0.001 0.014 0.009 0.020 0.087 0.827 
  68 Y _   0.018 0.037 0.001 0.019 0.011 0.022 0.086 0.806 
  69 I _   0.019 0.048 0.001 0.024 0.013 0.024 0.085 0.785 
  70 F _   0.021 0.057 0.001 0.030 0.015 0.025 0.084 0.767 
  71 V _   0.021 0.064 0.001 0.034 0.016 0.026 0.083 0.753 
  72 S _   0.022 0.069 0.001 0.037 0.016 0.026 0.083 0.746 
  73 V _   0.021 0.070 0.001 0.037 0.016 0.025 0.084 0.746 
  74 T _   0.020 0.069 0.001 0.035 0.015 0.023 0.084 0.753 
  75 Q _   0.019 0.065 0.001 0.031 0.013 0.022 0.085 0.764 
  76 E _   0.017 0.059 0.001 0.026 0.011 0.020 0.087 0.779 
  77 A _   0.016 0.051 0.001 0.021 0.009 0.018 0.088 0.796 
  78 E _   0.014 0.043 0.001 0.017 0.007 0.016 0.090 0.812 
  79 R _   0.013 0.035 0.001 0.013 0.006 0.014 0.092 0.826 
  80 E _   0.012 0.028 0.001 0.011 0.005 0.013 0.093 0.838 
  81 E _   0.011 0.023 0.001 0.009 0.004 0.012 0.095 0.846 
  82 F _   0.011 0.019 0.000 0.008 0.004 0.012 0.096 0.851 
  83 F _   0.010 0.016 0.000 0.007 0.004 0.012 0.097 0.854 
  84 D _   0.010 0.014 0.000 0.007 0.004 0.012 0.098 0.855 
  85 E _   0.010 0.013 0.000 0.007 0.004 0.012 0.098 0.855 
  86 T _   0.011 0.013 0.000 0.007 0.004 0.013 0.099 0.853 
  87 R _   0.012 0.012 0.001 0.007 0.004 0.014 0.099 0.849 
  88 R _   0.014 0.013 0.001 0.008 0.005 0.016 0.100 0.844 
  89 L _   0.015 0.014 0.001 0.009 0.006 0.018 0.100 0.837 
  90 C _   0.017 0.015 0.001 0.011 0.008 0.019 0.101 0.828 
  91 D _   0.020 0.017 0.001 0.013 0.009 0.021 0.101 0.817 
  92 L _   0.022 0.019 0.001 0.016 0.011 0.023 0.102 0.806 
  93 R _   0.025 0.021 0.001 0.018 0.012 0.024 0.103 0.795 
  94 L _   0.027 0.023 0.001 0.020 0.014 0.025 0.104 0.786 
  95 F _   0.028 0.024 0.001 0.022 0.014 0.025 0.105 0.780 
  96 Q _   0.028 0.025 0.001 0.024 0.015 0.025 0.107 0.776 
  97 P _   0.028 0.024 0.001 0.024 0.014 0.024 0.109 0.776 
  98 F _   0.027 0.023 0.001 0.023 0.013 0.022 0.112 0.779 
  99 L _   0.025 0.021 0.001 0.021 0.012 0.020 0.115 0.784 
 100 K _   0.023 0.018 0.001 0.019 0.010 0.018 0.119 0.791 
 101 V _   0.021 0.015 0.001 0.016 0.008 0.016 0.122 0.800 
 102 I _   0.019 0.011 0.001 0.013 0.006 0.014 0.126 0.810 
 103 E _   0.016 0.008 0.001 0.010 0.005 0.012 0.129 0.820 
 104 P _   0.014 0.005 0.000 0.008 0.004 0.010 0.131 0.828 
 105 V _   0.012 0.003 0.000 0.006 0.003 0.009 0.133 0.834 
 106 G _   0.010 0.002 0.000 0.004 0.002 0.008 0.134 0.839 
 107 N _   0.009 0.001 0.000 0.003 0.002 0.008 0.135 0.841 
 108 R _   0.009 0.001 0.000 0.003 0.002 0.009 0.135 0.841 
 109 E _   0.010 0.001 0.000 0.002 0.002 0.010 0.135 0.839 
 110 E _   0.013 0.001 0.000 0.003 0.003 0.013 0.135 0.833 
 111 K _   0.017 0.001 0.000 0.003 0.004 0.017 0.134 0.823 
 112 I _   0.024 0.003 0.001 0.005 0.005 0.022 0.133 0.808 
 113 L _   0.032 0.006 0.001 0.007 0.009 0.029 0.131 0.786 
 114 N _   0.043 0.012 0.001 0.010 0.014 0.037 0.129 0.755 
 115 R _   0.054 0.022 0.001 0.014 0.021 0.045 0.127 0.715 
 116 E _   0.066 0.037 0.002 0.019 0.029 0.053 0.125 0.670 
 117 I _   0.077 0.054 0.002 0.025 0.037 0.058 0.123 0.624 
 118 G _   0.085 0.070 0.002 0.030 0.044 0.062 0.121 0.585 
 119 F _   0.092 0.084 0.002 0.035 0.049 0.064 0.121 0.552 
 120 A _   0.096 0.096 0.003 0.040 0.052 0.063 0.121 0.529 
 121 I _   0.098 0.104 0.003 0.044 0.051 0.061 0.123 0.517 
 122 G _   0.096 0.107 0.002 0.046 0.049 0.058 0.126 0.516 
 123 M _   0.091 0.107 0.002 0.046 0.044 0.053 0.129 0.527 
 124 P _   0.084 0.103 0.002 0.044 0.038 0.047 0.134 0.549 
 125 V _   0.074 0.095 0.002 0.039 0.030 0.041 0.139 0.579 
 126 C _   0.063 0.081 0.002 0.033 0.023 0.034 0.146 0.618 
 127 E _   0.051 0.065 0.002 0.026 0.017 0.028 0.152 0.660 
 128 F _   0.040 0.047 0.001 0.019 0.011 0.023 0.158 0.702 
 129 D _   0.030 0.031 0.001 0.013 0.007 0.018 0.164 0.737 
 130 M _   0.022 0.020 0.001 0.008 0.005 0.014 0.168 0.763 
 131 V _   0.016 0.013 0.000 0.005 0.003 0.011 0.171 0.779 
 132 K _   0.012 0.010 0.000 0.004 0.002 0.010 0.173 0.789 
 133 D _   0.009 0.009 0.000 0.003 0.002 0.009 0.174 0.793 
 134 P _   0.008 0.009 0.000 0.003 0.002 0.009 0.175 0.794 
 135 E _   0.008 0.010 0.000 0.004 0.002 0.010 0.175 0.790 
 136 V _   0.009 0.014 0.000 0.005 0.003 0.011 0.175 0.783 
 137 Q _   0.009 0.021 0.000 0.008 0.004 0.013 0.174 0.770 
 138 D _   0.010 0.034 0.001 0.012 0.006 0.016 0.173 0.749 
 139 F _   0.011 0.053 0.001 0.016 0.008 0.018 0.171 0.720 
 140 R _   0.012 0.078 0.001 0.022 0.011 0.021 0.169 0.687 
 141 R _   0.013 0.104 0.001 0.028 0.013 0.022 0.167 0.652 
 142 N _   0.013 0.127 0.001 0.034 0.014 0.023 0.166 0.620 
 143 I _   0.013 0.147 0.001 0.040 0.016 0.024 0.165 0.593 
 144 L _   0.013 0.162 0.001 0.046 0.017 0.024 0.165 0.572 
 145 N _   0.014 0.170 0.001 0.050 0.017 0.024 0.166 0.557 
 146 V _   0.014 0.175 0.001 0.052 0.017 0.023 0.168 0.549 
 147 C _   0.015 0.174 0.001 0.052 0.016 0.022 0.172 0.547 
 148 K _   0.014 0.169 0.001 0.050 0.015 0.021 0.176 0.553 
 149 E _   0.014 0.158 0.001 0.045 0.013 0.019 0.182 0.567 
 150 A _   0.013 0.140 0.001 0.039 0.011 0.017 0.189 0.589 
 151 V _   0.013 0.115 0.001 0.031 0.009 0.015 0.198 0.619 
 152 D _   0.012 0.086 0.001 0.023 0.007 0.013 0.206 0.653 
 153 L _   0.011 0.057 0.001 0.015 0.005 0.011 0.214 0.686 
 154 R _   0.009 0.035 0.001 0.010 0.004 0.009 0.221 0.711 
 155 D _   0.008 0.021 0.000 0.006 0.003 0.008 0.226 0.728 
 156 L _   0.007 0.014 0.000 0.004 0.002 0.007 0.230 0.736 
 157 N _   0.006 0.010 0.000 0.004 0.002 0.006 0.233 0.739 
 158 S _   0.006 0.009 0.000 0.004 0.002 0.007 0.235 0.738 
 159 P _   0.006 0.009 0.000 0.005 0.002 0.008 0.236 0.734 
 160 H _   0.007 0.010 0.000 0.007 0.003 0.009 0.237 0.727 
 161 S _   0.007 0.012 0.000 0.012 0.004 0.010 0.238 0.717 
 162 R _   0.008 0.014 0.001 0.016 0.005 0.011 0.238 0.706 
 163 A _   0.009 0.017 0.001 0.021 0.006 0.012 0.239 0.695 
 164 M _   0.009 0.018 0.001 0.025 0.007 0.012 0.240 0.688 
 165 Y _   0.009 0.018 0.001 0.026 0.007 0.012 0.242 0.685 
 166 V _   0.008 0.018 0.001 0.025 0.006 0.011 0.245 0.687 
 167 Y _   0.008 0.016 0.001 0.021 0.005 0.010 0.247 0.692 
 168 P _   0.007 0.013 0.001 0.017 0.004 0.009 0.250 0.699 
 169 P _   0.006 0.010 0.000 0.012 0.003 0.008 0.253 0.707 
 170 N _   0.006 0.007 0.000 0.009 0.003 0.006 0.256 0.713 
 171 V _   0.005 0.005 0.000 0.006 0.002 0.006 0.257 0.718 
 172 E _   0.005 0.003 0.000 0.005 0.002 0.005 0.259 0.721 
 173 S _   0.005 0.002 0.000 0.004 0.002 0.005 0.259 0.723 
 174 S _   0.004 0.002 0.000 0.004 0.001 0.005 0.260 0.724 
 175 P _   0.004 0.001 0.000 0.005 0.002 0.005 0.259 0.724 
 176 E _   0.004 0.001 0.000 0.005 0.002 0.005 0.258 0.724 
 177 L _   0.004 0.001 0.000 0.006 0.002 0.006 0.257 0.724 
 178 P _   0.004 0.001 0.000 0.007 0.002 0.007 0.255 0.724 
 179 K _   0.004 0.001 0.000 0.007 0.002 0.007 0.252 0.726 
 180 H _   0.004 0.001 0.000 0.007 0.002 0.008 0.249 0.728 
 181 I _   0.005 0.001 0.000 0.007 0.002 0.009 0.246 0.730 
 182 Y _   0.006 0.001 0.000 0.006 0.002 0.011 0.242 0.731 
 183 N _   0.008 0.001 0.000 0.005 0.003 0.013 0.238 0.731 
 184 K _   0.013 0.001 0.000 0.005 0.003 0.017 0.234 0.727 
 185 L _   0.020 0.002 0.000 0.005 0.005 0.023 0.228 0.717 
 186 D _   0.034 0.003 0.001 0.005 0.008 0.031 0.222 0.696 
 187 K _   0.052 0.006 0.001 0.007 0.015 0.042 0.214 0.663 
 188 G _   0.076 0.014 0.002 0.010 0.026 0.054 0.205 0.614 
 189 Q _   0.101 0.030 0.002 0.015 0.040 0.066 0.196 0.550 
 190 I _   0.122 0.059 0.003 0.024 0.055 0.073 0.187 0.477 
 191 I _   0.136 0.093 0.003 0.035 0.064 0.077 0.180 0.412 
 192 V _   0.143 0.122 0.003 0.046 0.067 0.076 0.176 0.367 
 193 V _   0.143 0.140 0.003 0.056 0.066 0.072 0.174 0.345 
 194 I _   0.139 0.149 0.003 0.062 0.062 0.067 0.173 0.346 
 195 W _   0.129 0.149 0.003 0.063 0.056 0.060 0.174 0.366 
 196 V _   0.115 0.142 0.003 0.058 0.047 0.052 0.177 0.406 
 197 I _   0.098 0.125 0.003 0.049 0.037 0.044 0.180 0.465 
 198 V _   0.080 0.096 0.002 0.036 0.025 0.035 0.184 0.543 
 199 S _   0.061 0.061 0.002 0.023 0.016 0.026 0.188 0.624 
 200 P _   0.044 0.031 0.001 0.013 0.009 0.019 0.191 0.691 
 201 N _   0.030 0.014 0.001 0.007 0.005 0.014 0.192 0.737 
 202 N _   0.021 0.007 0.000 0.004 0.003 0.010 0.193 0.762 
 203 D _   0.014 0.004 0.000 0.003 0.002 0.008 0.192 0.776 
 204 K _   0.010 0.002 0.000 0.003 0.002 0.007 0.191 0.784 
 205 Q _   0.008 0.002 0.000 0.003 0.001 0.006 0.190 0.789 
 206 K _   0.007 0.002 0.000 0.003 0.002 0.006 0.188 0.791 
 207 Y _   0.006 0.003 0.000 0.004 0.002 0.007 0.185 0.792 
 208 T _   0.006 0.005 0.000 0.006 0.002 0.007 0.181 0.793 
 209 L _   0.006 0.007 0.000 0.007 0.003 0.008 0.176 0.793 
 210 K _   0.006 0.010 0.000 0.008 0.003 0.009 0.171 0.793 
 211 I _   0.006 0.014 0.000 0.009 0.003 0.010 0.165 0.792 
 212 N _   0.006 0.019 0.000 0.010 0.004 0.011 0.159 0.790 
 213 H _   0.007 0.026 0.001 0.011 0.004 0.013 0.152 0.787 
 214 D _   0.008 0.034 0.001 0.013 0.006 0.015 0.145 0.780 
 215 C _   0.009 0.046 0.001 0.015 0.007 0.018 0.137 0.767 
 216 V _   0.010 0.062 0.001 0.019 0.010 0.021 0.129 0.748 
 217 P _   0.012 0.084 0.001 0.025 0.012 0.024 0.120 0.721 
 218 E _   0.013 0.109 0.001 0.033 0.015 0.027 0.111 0.690 
 219 Q _   0.015 0.132 0.002 0.041 0.018 0.029 0.104 0.662 
 220 V _   0.016 0.150 0.002 0.047 0.019 0.030 0.097 0.640 
 221 I _   0.016 0.161 0.002 0.051 0.020 0.030 0.091 0.628 
 222 A _   0.017 0.166 0.001 0.053 0.020 0.030 0.087 0.626 
 223 E _   0.017 0.166 0.001 0.050 0.019 0.029 0.083 0.634 
 224 A _   0.017 0.161 0.001 0.045 0.018 0.028 0.080 0.649 
 225 I _   0.017 0.151 0.001 0.038 0.016 0.026 0.078 0.673 
 226 R _   0.016 0.136 0.001 0.031 0.014 0.024 0.076 0.702 
 227 K _   0.016 0.117 0.001 0.024 0.012 0.023 0.074 0.733 
 228 K _   0.016 0.097 0.001 0.019 0.010 0.022 0.073 0.762 
 229 T _   0.016 0.080 0.001 0.015 0.009 0.021 0.072 0.786 
 230 R _   0.016 0.067 0.001 0.013 0.008 0.020 0.071 0.805 
 231 S _   0.016 0.056 0.001 0.011 0.007 0.019 0.070 0.819 
 232 M _   0.016 0.049 0.001 0.011 0.007 0.019 0.069 0.829 
 233 L _   0.017 0.044 0.001 0.011 0.007 0.019 0.068 0.835 
 234 L _   0.017 0.039 0.001 0.011 0.007 0.019 0.067 0.840 
 235 S _   0.018 0.036 0.001 0.011 0.007 0.019 0.065 0.843 
 236 S _   0.019 0.033 0.001 0.011 0.007 0.019 0.064 0.845 
 237 E _   0.019 0.030 0.001 0.012 0.008 0.020 0.063 0.848 
 238 Q _   0.020 0.028 0.001 0.012 0.008 0.020 0.062 0.849 
 239 L _   0.021 0.025 0.001 0.012 0.008 0.020 0.061 0.851 
 240 K _   0.022 0.023 0.001 0.012 0.008 0.021 0.060 0.852 
 241 L _   0.023 0.022 0.001 0.012 0.009 0.021 0.059 0.853 
 242 C _   0.024 0.020 0.001 0.012 0.008 0.021 0.058 0.855 
 243 V _   0.025 0.018 0.001 0.012 0.008 0.021 0.058 0.857 
 244 L _   0.025 0.016 0.001 0.011 0.008 0.021 0.057 0.860 
 245 E _   0.026 0.015 0.001 0.010 0.008 0.021 0.056 0.863 
 246 Y _   0.026 0.014 0.001 0.010 0.008 0.021 0.055 0.865 
 247 Q _   0.026 0.013 0.001 0.009 0.008 0.022 0.055 0.867 
 248 G _   0.026 0.013 0.001 0.009 0.008 0.022 0.054 0.867 
 249 K _   0.026 0.013 0.001 0.009 0.008 0.023 0.053 0.866 
 250 Y _   0.027 0.014 0.001 0.010 0.009 0.024 0.052 0.864 
 251 I _   0.027 0.015 0.001 0.011 0.010 0.024 0.051 0.860 
 252 L _   0.028 0.017 0.001 0.013 0.011 0.025 0.050 0.855 
 253 K _   0.028 0.020 0.001 0.016 0.012 0.025 0.050 0.849 
 254 V _   0.028 0.022 0.001 0.018 0.013 0.026 0.049 0.844 
 255 C _   0.027 0.024 0.001 0.021 0.013 0.026 0.048 0.839 
 256 G _   0.027 0.025 0.001 0.023 0.014 0.025 0.048 0.837 
 257 C _   0.026 0.026 0.001 0.025 0.014 0.024 0.047 0.836 
 258 D _   0.025 0.025 0.001 0.026 0.013 0.023 0.047 0.839 
 259 E _   0.024 0.024 0.001 0.025 0.012 0.022 0.047 0.846 
 260 Y _   0.022 0.021 0.001 0.022 0.010 0.020 0.047 0.856 
 261 F _   0.020 0.017 0.001 0.018 0.009 0.018 0.047 0.869 
 262 L _   0.019 0.012 0.001 0.014 0.007 0.016 0.048 0.883 
 263 E _   0.018 0.008 0.001 0.010 0.005 0.014 0.047 0.897 
 264 K _   0.018 0.004 0.000 0.007 0.004 0.013 0.047 0.907 
 265 Y _   0.019 0.002 0.000 0.004 0.003 0.012 0.047 0.913 
 266 P _   0.022 0.001 0.000 0.003 0.003 0.012 0.046 0.914 
 267 L _   0.029 0.000 0.000 0.002 0.003 0.014 0.045 0.908 
 268 S _   0.041 0.000 0.000 0.002 0.003 0.016 0.043 0.894 
 269 Q _   0.062 0.000 0.000 0.002 0.004 0.021 0.041 0.869 
 270 Y _   0.092 0.000 0.001 0.002 0.007 0.027 0.039 0.831 
 271 K _   0.132 0.000 0.001 0.003 0.012 0.035 0.037 0.780 
 272 Y _   0.178 0.000 0.001 0.004 0.020 0.044 0.035 0.717 
 273 I _   0.226 0.001 0.002 0.007 0.030 0.053 0.032 0.649 
 274 R _   0.269 0.002 0.002 0.010 0.040 0.060 0.031 0.586 
 275 S _   0.305 0.004 0.002 0.013 0.048 0.064 0.029 0.534 
 276 C _   0.330 0.005 0.002 0.016 0.053 0.066 0.028 0.499 
 277 I _   0.345 0.006 0.003 0.017 0.054 0.066 0.028 0.481 
 278 M _   0.350 0.006 0.003 0.017 0.053 0.064 0.028 0.479 
 279 L _   0.346 0.006 0.002 0.015 0.050 0.061 0.028 0.491 
 280 G _   0.332 0.005 0.002 0.013 0.045 0.058 0.028 0.517 
 281 R _   0.311 0.004 0.002 0.011 0.038 0.054 0.029 0.551 
 282 M _   0.283 0.003 0.002 0.009 0.032 0.050 0.030 0.591 
 283 P _   0.252 0.002 0.002 0.008 0.026 0.046 0.031 0.633 
 284 N _   0.219 0.002 0.001 0.008 0.022 0.042 0.032 0.673 
 285 L _   0.186 0.002 0.001 0.009 0.018 0.039 0.033 0.712 
 286 M _   0.154 0.002 0.001 0.010 0.015 0.036 0.035 0.747 
 287 L _   0.125 0.003 0.001 0.011 0.013 0.032 0.036 0.779 
 288 M _   0.098 0.003 0.001 0.012 0.012 0.029 0.037 0.808 
 289 A _   0.077 0.003 0.001 0.012 0.010 0.026 0.037 0.833 
 290 K _   0.059 0.004 0.001 0.012 0.008 0.023 0.038 0.856 
 291 E _   0.045 0.004 0.001 0.011 0.007 0.020 0.038 0.874 
 292 S _   0.035 0.004 0.001 0.009 0.006 0.018 0.039 0.889 
 293 L _   0.028 0.004 0.001 0.008 0.005 0.017 0.039 0.899 
 294 Y _   0.023 0.004 0.001 0.008 0.005 0.016 0.039 0.905 
 295 S _   0.019 0.005 0.001 0.008 0.005 0.015 0.039 0.908 
 296 Q _   0.017 0.006 0.001 0.009 0.005 0.015 0.039 0.908 
 297 L _   0.016 0.008 0.001 0.011 0.006 0.015 0.038 0.906 
 298 P _   0.015 0.009 0.001 0.014 0.006 0.015 0.038 0.902 
 299 M _   0.015 0.011 0.001 0.016 0.007 0.015 0.038 0.898 
 300 D _   0.014 0.013 0.001 0.018 0.007 0.015 0.038 0.895 
 301 C _   0.013 0.014 0.001 0.018 0.007 0.015 0.038 0.895 
 302 F _   0.012 0.014 0.001 0.018 0.007 0.014 0.037 0.896 
 303 T _   0.012 0.014 0.001 0.017 0.006 0.013 0.037 0.900 
 304 M _   0.011 0.013 0.001 0.015 0.006 0.012 0.037 0.905 
 305 P _   0.010 0.012 0.001 0.013 0.005 0.011 0.037 0.911 
 306 S _   0.009 0.011 0.001 0.011 0.005 0.011 0.037 0.915 
 307 Y _   0.009 0.011 0.000 0.010 0.004 0.011 0.037 0.918 
 308 S _   0.009 0.010 0.000 0.010 0.004 0.011 0.036 0.920 
 309 R _   0.008 0.011 0.001 0.010 0.004 0.011 0.036 0.919 
 310 R _   0.009 0.011 0.001 0.012 0.005 0.011 0.036 0.917 
 311 I _   0.009 0.012 0.001 0.014 0.005 0.012 0.035 0.913 
 312 S _   0.009 0.013 0.001 0.016 0.006 0.012 0.035 0.909 
 313 T _   0.009 0.013 0.001 0.019 0.006 0.012 0.034 0.906 
 314 A _   0.008 0.013 0.001 0.020 0.007 0.012 0.034 0.905 
 315 T _   0.008 0.013 0.001 0.020 0.006 0.012 0.034 0.907 
 316 P _   0.008 0.011 0.001 0.018 0.006 0.012 0.033 0.911 
 317 Y _   0.008 0.010 0.001 0.016 0.005 0.011 0.033 0.916 
 318 M _   0.008 0.007 0.001 0.013 0.004 0.011 0.033 0.923 
 319 N _   0.008 0.005 0.000 0.010 0.004 0.011 0.033 0.930 
 320 G _   0.009 0.003 0.000 0.007 0.003 0.011 0.032 0.934 
 321 E _   0.011 0.002 0.000 0.005 0.003 0.012 0.032 0.935 
 322 T _   0.015 0.001 0.000 0.004 0.003 0.014 0.031 0.932 
 323 S _   0.021 0.001 0.000 0.004 0.004 0.016 0.030 0.924 
 324 T _   0.033 0.000 0.001 0.004 0.005 0.021 0.029 0.907 
 325 K _   0.050 0.000 0.001 0.005 0.008 0.026 0.028 0.882 
 326 S _   0.075 0.000 0.001 0.006 0.011 0.032 0.026 0.848 
 327 L _   0.105 0.001 0.001 0.007 0.015 0.039 0.025 0.807 
 328 W _   0.140 0.001 0.001 0.008 0.021 0.045 0.023 0.760 
 329 V _   0.178 0.001 0.002 0.009 0.026 0.050 0.022 0.712 
 330 I _   0.216 0.001 0.002 0.009 0.031 0.054 0.020 0.667 
 331 N _   0.253 0.001 0.002 0.008 0.036 0.057 0.019 0.624 
 332 S _   0.287 0.001 0.002 0.007 0.039 0.059 0.018 0.588 
 333 A _   0.318 0.001 0.002 0.006 0.041 0.059 0.017 0.556 
 334 L _   0.343 0.000 0.002 0.005 0.042 0.058 0.017 0.532 
 335 R _   0.361 0.000 0.002 0.005 0.043 0.057 0.017 0.515 
 336 I _   0.371 0.000 0.002 0.005 0.043 0.055 0.017 0.507 
 337 K _   0.374 0.001 0.002 0.006 0.042 0.053 0.017 0.506 
 338 I _   0.368 0.001 0.002 0.006 0.040 0.050 0.018 0.514 
 339 L _   0.352 0.001 0.002 0.007 0.038 0.048 0.019 0.532 
 340 C _   0.330 0.001 0.002 0.009 0.035 0.045 0.021 0.558 
 341 A _   0.299 0.001 0.002 0.010 0.032 0.041 0.022 0.592 
 342 T _   0.263 0.001 0.002 0.010 0.027 0.038 0.024 0.635 
 343 Y _   0.224 0.001 0.002 0.010 0.022 0.034 0.026 0.681 
 344 V _   0.184 0.001 0.001 0.010 0.017 0.030 0.028 0.729 
 345 N _   0.146 0.001 0.001 0.009 0.013 0.026 0.030 0.774 
 346 V _   0.113 0.001 0.001 0.007 0.010 0.022 0.032 0.815 
 347 N _   0.086 0.001 0.001 0.006 0.007 0.020 0.033 0.847 
 348 I _   0.064 0.001 0.001 0.005 0.005 0.018 0.034 0.872 
 349 R _   0.049 0.001 0.001 0.004 0.005 0.016 0.035 0.890 
 350 D _   0.038 0.001 0.000 0.004 0.004 0.016 0.036 0.901 
 351 I _   0.030 0.002 0.000 0.005 0.004 0.016 0.036 0.906 
 352 D _   0.026 0.005 0.001 0.006 0.005 0.017 0.036 0.905 
 353 K _   0.023 0.009 0.001 0.009 0.006 0.018 0.036 0.898 
 354 I _   0.021 0.017 0.001 0.012 0.008 0.020 0.036 0.885 
 355 Y _   0.020 0.028 0.001 0.018 0.010 0.021 0.035 0.867 
 356 V _   0.019 0.041 0.001 0.024 0.012 0.022 0.035 0.846 
 357 R _   0.018 0.053 0.001 0.029 0.014 0.022 0.035 0.828 
 358 T _   0.016 0.063 0.001 0.034 0.014 0.022 0.035 0.814 
 359 G _   0.015 0.069 0.001 0.037 0.014 0.022 0.035 0.806 
 360 I _   0.014 0.072 0.001 0.038 0.014 0.020 0.036 0.804 
 361 Y _   0.013 0.073 0.001 0.037 0.013 0.019 0.037 0.808 
 362 H _   0.012 0.072 0.001 0.034 0.011 0.017 0.038 0.815 
 363 G _   0.011 0.068 0.001 0.030 0.009 0.016 0.039 0.826 
 364 G _   0.010 0.063 0.001 0.025 0.008 0.014 0.041 0.839 
 365 E _   0.010 0.056 0.001 0.020 0.006 0.013 0.042 0.852 
 366 P _   0.009 0.049 0.001 0.016 0.005 0.011 0.044 0.864 
 367 L _   0.008 0.043 0.001 0.013 0.004 0.010 0.046 0.875 
 368 C _   0.008 0.038 0.000 0.012 0.004 0.010 0.047 0.882 
 369 D _   0.007 0.033 0.000 0.011 0.004 0.009 0.048 0.888 
 370 N _   0.007 0.030 0.000 0.011 0.003 0.009 0.049 0.890 
 371 V _   0.007 0.028 0.000 0.011 0.003 0.009 0.050 0.891 
 372 N _   0.007 0.027 0.000 0.011 0.004 0.009 0.051 0.891 
 373 T _   0.007 0.025 0.000 0.012 0.004 0.009 0.052 0.891 
 374 Q _   0.007 0.024 0.000 0.012 0.004 0.008 0.053 0.892 
 375 R _   0.006 0.022 0.000 0.012 0.004 0.008 0.054 0.893 
 376 V _   0.006 0.020 0.000 0.012 0.003 0.008 0.055 0.896 
 377 P _   0.005 0.018 0.000 0.011 0.003 0.008 0.055 0.899 
 378 C _   0.005 0.017 0.000 0.010 0.003 0.007 0.056 0.902 
 379 S _   0.005 0.015 0.000 0.009 0.003 0.007 0.056 0.904 
 380 N _   0.005 0.014 0.000 0.009 0.003 0.008 0.056 0.905 
 381 P _   0.005 0.014 0.000 0.009 0.003 0.008 0.056 0.904 
 382 R _   0.005 0.014 0.000 0.010 0.003 0.009 0.056 0.902 
 383 W _   0.006 0.014 0.000 0.012 0.004 0.009 0.056 0.899 
 384 N _   0.006 0.014 0.001 0.014 0.004 0.010 0.057 0.894 
 385 E _   0.006 0.014 0.001 0.016 0.005 0.011 0.057 0.890 
 386 W _   0.007 0.014 0.001 0.017 0.005 0.011 0.057 0.888 
 387 L _   0.007 0.014 0.001 0.018 0.005 0.012 0.057 0.887 
 388 N _   0.007 0.012 0.001 0.017 0.005 0.012 0.058 0.888 
 389 Y _   0.007 0.011 0.001 0.015 0.005 0.012 0.058 0.891 
 390 D _   0.008 0.008 0.001 0.013 0.004 0.012 0.059 0.895 
 391 I _   0.008 0.006 0.001 0.010 0.004 0.013 0.059 0.899 
 392 Y _   0.010 0.004 0.000 0.007 0.003 0.013 0.060 0.902 
 393 I _   0.013 0.002 0.000 0.005 0.003 0.015 0.060 0.901 
 394 P _   0.017 0.002 0.000 0.004 0.003 0.018 0.060 0.895 
 395 D _   0.026 0.001 0.000 0.003 0.004 0.022 0.059 0.883 
 396 L _   0.038 0.001 0.001 0.004 0.006 0.029 0.059 0.862 
 397 P _   0.056 0.002 0.001 0.004 0.010 0.038 0.058 0.831 
 398 R _   0.079 0.005 0.001 0.006 0.018 0.048 0.057 0.785 
 399 A _   0.103 0.014 0.002 0.010 0.029 0.059 0.055 0.728 
 400 A _   0.126 0.031 0.002 0.016 0.043 0.067 0.054 0.660 
 401 R _   0.143 0.056 0.003 0.025 0.055 0.073 0.053 0.592 
 402 L _   0.152 0.083 0.003 0.036 0.062 0.074 0.053 0.537 
 403 C _   0.155 0.105 0.003 0.047 0.064 0.072 0.053 0.501 
 404 L _   0.153 0.118 0.003 0.055 0.062 0.068 0.054 0.486 
 405 S _   0.146 0.124 0.003 0.060 0.057 0.063 0.056 0.491 
 406 I _   0.134 0.124 0.003 0.060 0.050 0.056 0.059 0.514 
 407 C _   0.118 0.117 0.003 0.055 0.041 0.048 0.062 0.556 
 408 S _   0.100 0.103 0.002 0.045 0.031 0.040 0.066 0.611 
 409 V _   0.082 0.081 0.002 0.034 0.022 0.032 0.070 0.676 
 410 K _   0.064 0.055 0.001 0.023 0.014 0.025 0.074 0.744 
 411 G _   0.047 0.031 0.001 0.014 0.008 0.019 0.078 0.802 
 412 R _   0.033 0.017 0.001 0.008 0.005 0.014 0.080 0.844 
 413 K _   0.022 0.009 0.000 0.005 0.003 0.011 0.081 0.869 
 414 G _   0.015 0.006 0.000 0.003 0.002 0.009 0.081 0.884 
 415 A _   0.011 0.005 0.000 0.002 0.001 0.008 0.081 0.891 
 416 K _   0.008 0.006 0.000 0.003 0.002 0.008 0.080 0.893 
 417 E _   0.008 0.008 0.000 0.004 0.002 0.009 0.079 0.890 
 418 E _   0.008 0.014 0.000 0.006 0.003 0.011 0.077 0.880 
 419 H _   0.009 0.028 0.001 0.011 0.005 0.013 0.074 0.859 
 420 C _   0.010 0.051 0.001 0.018 0.007 0.016 0.070 0.827 
 421 P _   0.010 0.084 0.001 0.026 0.010 0.018 0.066 0.784 
 422 L _   0.010 0.116 0.001 0.035 0.012 0.020 0.062 0.743 
 423 A _   0.010 0.141 0.001 0.043 0.013 0.021 0.059 0.711 
 424 W _   0.010 0.158 0.001 0.048 0.014 0.021 0.056 0.691 
 425 G _   0.010 0.167 0.001 0.050 0.014 0.021 0.055 0.681 
 426 N _   0.010 0.171 0.001 0.049 0.014 0.020 0.053 0.681 
 427 I _   0.010 0.169 0.001 0.045 0.013 0.020 0.053 0.689 
 428 N _   0.010 0.163 0.001 0.039 0.012 0.018 0.052 0.704 
 429 L _   0.011 0.152 0.001 0.032 0.010 0.017 0.053 0.725 
 430 F _   0.011 0.137 0.001 0.024 0.009 0.016 0.053 0.750 
 431 D _   0.010 0.121 0.001 0.018 0.007 0.015 0.053 0.774 
 432 Y _   0.010 0.107 0.001 0.014 0.006 0.015 0.054 0.794 
 433 T _   0.010 0.097 0.001 0.011 0.005 0.014 0.054 0.808 
 434 D _   0.010 0.091 0.001 0.009 0.005 0.014 0.054 0.816 
 435 T _   0.010 0.088 0.001 0.009 0.005 0.015 0.054 0.819 
 436 L _   0.011 0.087 0.001 0.010 0.005 0.016 0.054 0.816 
 437 V _   0.011 0.089 0.001 0.013 0.006 0.017 0.054 0.811 
 438 S _   0.012 0.091 0.001 0.015 0.007 0.017 0.053 0.803 
 439 G _   0.013 0.094 0.001 0.019 0.009 0.018 0.053 0.794 
 440 K _   0.013 0.097 0.001 0.022 0.010 0.019 0.052 0.786 
 441 M _   0.014 0.098 0.001 0.025 0.011 0.019 0.052 0.780 
 442 A _   0.014 0.098 0.001 0.027 0.011 0.019 0.052 0.778 
 443 L _   0.014 0.096 0.001 0.027 0.011 0.019 0.053 0.780 
 444 N _   0.014 0.091 0.001 0.025 0.010 0.018 0.054 0.786 
 445 L _   0.014 0.084 0.001 0.022 0.009 0.017 0.055 0.797 
 446 W _   0.014 0.075 0.001 0.019 0.008 0.016 0.056 0.811 
 447 P _   0.014 0.065 0.001 0.015 0.007 0.015 0.057 0.826 
 448 V _   0.013 0.056 0.001 0.012 0.006 0.014 0.058 0.840 
 449 P _   0.013 0.049 0.001 0.009 0.005 0.014 0.059 0.850 
 450 H _   0.012 0.045 0.001 0.008 0.004 0.014 0.060 0.856 
 451 G _   0.012 0.043 0.000 0.007 0.004 0.014 0.061 0.858 
 452 L _   0.013 0.043 0.001 0.008 0.005 0.015 0.061 0.855 
 453 E _   0.014 0.044 0.001 0.010 0.006 0.016 0.061 0.848 
 454 D _   0.014 0.048 0.001 0.014 0.007 0.017 0.062 0.838 
 455 L _   0.015 0.052 0.001 0.019 0.008 0.017 0.062 0.825 
 456 L _   0.015 0.058 0.001 0.025 0.010 0.018 0.062 0.812 
 457 N _   0.015 0.062 0.001 0.030 0.010 0.018 0.063 0.802 
 458 P _   0.015 0.064 0.001 0.033 0.010 0.017 0.063 0.797 
 459 I _   0.014 0.064 0.001 0.033 0.010 0.016 0.064 0.798 
 460 G _   0.013 0.061 0.001 0.031 0.009 0.015 0.066 0.805 
 461 V _   0.011 0.056 0.001 0.026 0.007 0.013 0.067 0.819 
 462 T _   0.010 0.049 0.001 0.020 0.005 0.011 0.069 0.836 
 463 G _   0.008 0.040 0.001 0.014 0.004 0.009 0.070 0.854 
 464 S _   0.007 0.033 0.000 0.009 0.003 0.008 0.071 0.870 
 465 N _   0.006 0.028 0.000 0.006 0.002 0.007 0.071 0.880 
 466 P _   0.005 0.026 0.000 0.004 0.002 0.007 0.071 0.885 
 467 N _   0.005 0.026 0.000 0.004 0.002 0.007 0.071 0.886 
 468 K _   0.006 0.028 0.000 0.005 0.002 0.008 0.070 0.881 
 469 E _   0.007 0.036 0.000 0.007 0.003 0.011 0.068 0.869 
 470 T _   0.008 0.053 0.001 0.011 0.005 0.014 0.066 0.843 
 471 P _   0.009 0.083 0.001 0.017 0.007 0.017 0.063 0.803 
 472 C _   0.010 0.127 0.001 0.024 0.010 0.019 0.059 0.750 
 473 L _   0.010 0.176 0.001 0.031 0.012 0.020 0.055 0.695 
 474 E _   0.010 0.218 0.001 0.036 0.013 0.021 0.052 0.649 
 475 L _   0.009 0.250 0.001 0.040 0.014 0.021 0.049 0.616 
 476 E _   0.009 0.270 0.001 0.041 0.014 0.021 0.047 0.596 
 477 F _   0.009 0.282 0.001 0.041 0.014 0.021 0.046 0.587 
 478 D _   0.010 0.287 0.001 0.039 0.013 0.020 0.045 0.585 
 479 W _   0.010 0.288 0.001 0.036 0.013 0.020 0.045 0.588 
 480 F _   0.010 0.286 0.001 0.032 0.012 0.019 0.045 0.595 
 481 S _   0.011 0.280 0.001 0.028 0.011 0.018 0.045 0.607 
 482 S _   0.011 0.271 0.001 0.024 0.010 0.017 0.046 0.621 
 483 V _   0.011 0.260 0.001 0.020 0.008 0.016 0.046 0.637 
 484 V _   0.011 0.250 0.001 0.017 0.007 0.015 0.047 0.651 
 485 K _   0.011 0.240 0.001 0.014 0.007 0.015 0.048 0.665 
 486 F _   0.011 0.231 0.001 0.012 0.006 0.014 0.049 0.677 
 487 P _   0.010 0.225 0.001 0.011 0.005 0.014 0.049 0.684 
 488 D _   0.010 0.222 0.001 0.011 0.005 0.014 0.050 0.688 
 489 M _   0.010 0.220 0.001 0.011 0.005 0.013 0.050 0.689 
 490 S _   0.010 0.221 0.001 0.012 0.005 0.013 0.051 0.688 
 491 V _   0.009 0.223 0.001 0.012 0.006 0.013 0.051 0.685 
 492 I _   0.009 0.225 0.001 0.013 0.006 0.013 0.051 0.682 
 493 E _   0.009 0.229 0.001 0.014 0.006 0.013 0.051 0.678 
 494 E _   0.009 0.232 0.001 0.014 0.006 0.013 0.052 0.675 
 495 H _   0.008 0.234 0.001 0.015 0.006 0.013 0.052 0.672 
 496 A _   0.008 0.237 0.001 0.015 0.006 0.013 0.052 0.669 
 497 N _   0.008 0.239 0.001 0.015 0.006 0.013 0.052 0.666 
 498 W _   0.008 0.241 0.001 0.015 0.006 0.013 0.053 0.663 
 499 S _   0.008 0.243 0.001 0.016 0.006 0.013 0.053 0.659 
 500 V _   0.009 0.245 0.001 0.017 0.007 0.013 0.054 0.654 
 501 S _   0.009 0.247 0.001 0.018 0.007 0.013 0.055 0.650 
 502 R _   0.009 0.247 0.001 0.019 0.007 0.013 0.056 0.647 
 503 E _   0.009 0.246 0.001 0.020 0.007 0.013 0.057 0.646 
 504 A _   0.009 0.244 0.001 0.020 0.007 0.013 0.059 0.648 
 505 G _   0.009 0.239 0.001 0.020 0.007 0.013 0.060 0.652 
 506 F _   0.008 0.233 0.001 0.019 0.006 0.012 0.062 0.658 
 507 S _   0.008 0.224 0.001 0.019 0.006 0.012 0.064 0.666 
 508 Y _   0.008 0.215 0.001 0.018 0.006 0.012 0.067 0.674 
 509 S _   0.008 0.205 0.001 0.018 0.006 0.011 0.069 0.683 
 510 H _   0.008 0.195 0.001 0.018 0.005 0.011 0.072 0.691 
 511 A _   0.008 0.185 0.001 0.018 0.005 0.011 0.075 0.698 
 512 G _   0.008 0.174 0.001 0.019 0.005 0.011 0.078 0.705 
 513 L _   0.008 0.164 0.001 0.019 0.005 0.011 0.081 0.711 
 514 S _   0.008 0.152 0.001 0.020 0.005 0.011 0.085 0.719 
 515 N _   0.009 0.138 0.001 0.020 0.005 0.010 0.089 0.729 
 516 R _   0.009 0.122 0.001 0.019 0.005 0.010 0.093 0.742 
 517 L _   0.009 0.104 0.001 0.018 0.004 0.009 0.098 0.758 
 518 A _   0.008 0.085 0.001 0.015 0.004 0.009 0.102 0.776 
 519 R _   0.008 0.067 0.000 0.013 0.003 0.008 0.107 0.794 
 520 D _   0.007 0.050 0.000 0.010 0.003 0.007 0.110 0.811 
 521 N _   0.007 0.038 0.000 0.008 0.002 0.006 0.113 0.826 
 522 E _   0.006 0.029 0.000 0.006 0.002 0.006 0.115 0.836 
 523 L _   0.005 0.024 0.000 0.005 0.001 0.005 0.116 0.843 
 524 R _   0.005 0.021 0.000 0.004 0.001 0.005 0.116 0.848 
 525 E _   0.004 0.020 0.000 0.004 0.001 0.005 0.116 0.850 
 526 N _   0.004 0.020 0.000 0.005 0.001 0.006 0.115 0.850 
 527 D _   0.004 0.021 0.000 0.006 0.002 0.006 0.113 0.848 
 528 K _   0.004 0.024 0.000 0.008 0.002 0.007 0.110 0.843 
 529 E _   0.005 0.029 0.000 0.011 0.003 0.008 0.108 0.837 
 530 Q _   0.005 0.034 0.000 0.015 0.003 0.009 0.104 0.829 
 531 L _   0.005 0.040 0.000 0.018 0.004 0.010 0.101 0.822 
 532 K _   0.005 0.045 0.001 0.020 0.004 0.010 0.098 0.817 
 533 A _   0.005 0.049 0.001 0.021 0.005 0.010 0.095 0.816 
 534 I _   0.005 0.051 0.001 0.020 0.004 0.010 0.092 0.817 
 535 S _   0.005 0.052 0.001 0.019 0.004 0.009 0.090 0.820 
 536 T _   0.005 0.053 0.000 0.017 0.004 0.009 0.088 0.825 
 537 R _   0.005 0.052 0.000 0.015 0.004 0.009 0.086 0.828 
 538 D _   0.005 0.052 0.000 0.014 0.004 0.009 0.085 0.831 
 539 P _   0.005 0.053 0.000 0.014 0.004 0.010 0.083 0.831 
 540 L _   0.006 0.053 0.000 0.014 0.004 0.010 0.082 0.830 
 541 S _   0.006 0.054 0.001 0.016 0.005 0.011 0.080 0.828 
 542 E _   0.007 0.055 0.001 0.017 0.005 0.011 0.079 0.825 
 543 I _   0.007 0.056 0.001 0.018 0.005 0.012 0.078 0.823 
 544 T _   0.007 0.055 0.001 0.019 0.006 0.012 0.077 0.823 
 545 E _   0.007 0.054 0.001 0.019 0.006 0.012 0.076 0.825 
 546 Q _   0.007 0.052 0.001 0.017 0.005 0.012 0.076 0.829 
 547 E _   0.007 0.049 0.001 0.015 0.005 0.012 0.075 0.835 
 548 K _   0.008 0.045 0.001 0.013 0.005 0.012 0.075 0.842 
 549 D _   0.008 0.042 0.001 0.011 0.005 0.013 0.074 0.848 
 550 F _   0.008 0.039 0.001 0.010 0.004 0.013 0.074 0.851 
 551 L _   0.009 0.037 0.001 0.009 0.005 0.014 0.073 0.853 
 552 W _   0.010 0.036 0.001 0.008 0.005 0.016 0.073 0.851 
 553 S _   0.012 0.036 0.001 0.009 0.006 0.017 0.072 0.847 
 554 H _   0.014 0.038 0.001 0.010 0.007 0.020 0.071 0.840 
 555 R _   0.016 0.040 0.001 0.011 0.008 0.022 0.071 0.832 
 556 H _   0.018 0.043 0.001 0.013 0.009 0.024 0.070 0.822 
 557 Y _   0.021 0.047 0.001 0.015 0.011 0.027 0.069 0.810 
 558 C _   0.024 0.051 0.001 0.016 0.013 0.029 0.068 0.798 
 559 V _   0.027 0.056 0.001 0.018 0.015 0.031 0.068 0.785 
 560 T _   0.030 0.061 0.001 0.020 0.017 0.033 0.067 0.771 
 561 I _   0.033 0.066 0.001 0.022 0.019 0.035 0.067 0.757 
 562 P _   0.035 0.071 0.001 0.025 0.021 0.036 0.067 0.744 
 563 E _   0.037 0.075 0.001 0.028 0.022 0.037 0.067 0.733 
 564 I _   0.038 0.078 0.002 0.031 0.023 0.037 0.068 0.725 
 565 L _   0.037 0.079 0.002 0.034 0.022 0.035 0.069 0.723 
 566 P _   0.035 0.078 0.002 0.034 0.021 0.033 0.070 0.726 
 567 K _   0.033 0.075 0.001 0.034 0.019 0.031 0.072 0.736 
 568 L _   0.029 0.069 0.001 0.031 0.016 0.027 0.074 0.752 
 569 L _   0.025 0.060 0.001 0.027 0.013 0.024 0.077 0.773 
 570 L _   0.021 0.049 0.001 0.021 0.010 0.020 0.079 0.799 
 571 S _   0.018 0.036 0.001 0.015 0.007 0.017 0.081 0.824 
 572 V _   0.015 0.026 0.001 0.010 0.005 0.015 0.083 0.846 
 573 K _   0.013 0.018 0.000 0.007 0.004 0.013 0.084 0.861 
 574 W _   0.011 0.014 0.000 0.005 0.003 0.012 0.085 0.870 
 575 N _   0.011 0.012 0.000 0.004 0.003 0.012 0.086 0.873 
 576 S _   0.012 0.012 0.000 0.004 0.003 0.013 0.086 0.870 
 577 R _   0.014 0.014 0.000 0.006 0.004 0.016 0.086 0.861 
 578 D _   0.017 0.019 0.001 0.009 0.007 0.019 0.085 0.843 
 579 E _   0.020 0.030 0.001 0.016 0.010 0.023 0.085 0.815 
 580 V _   0.023 0.045 0.001 0.027 0.014 0.026 0.084 0.779 
 581 A _   0.025 0.060 0.002 0.039 0.018 0.028 0.084 0.745 
 582 Q _   0.026 0.071 0.002 0.049 0.019 0.028 0.084 0.720 
 583 M _   0.026 0.077 0.002 0.055 0.020 0.028 0.085 0.708 
 584 Y _   0.025 0.078 0.001 0.056 0.019 0.026 0.086 0.709 
 585 C _   0.023 0.075 0.001 0.051 0.016 0.023 0.089 0.722 
 586 L _   0.020 0.066 0.001 0.042 0.013 0.020 0.091 0.745 
 587 V _   0.018 0.053 0.001 0.031 0.010 0.016 0.095 0.777 
 588 K _   0.015 0.036 0.001 0.019 0.006 0.013 0.098 0.811 
 589 D _   0.013 0.021 0.001 0.011 0.004 0.010 0.100 0.840 
 590 W _   0.010 0.012 0.000 0.006 0.003 0.008 0.102 0.859 
 591 P _   0.008 0.007 0.000 0.004 0.002 0.007 0.103 0.869 
 592 P _   0.007 0.005 0.000 0.003 0.002 0.007 0.103 0.873 
 593 I _   0.007 0.005 0.000 0.003 0.002 0.007 0.103 0.872 
 594 K _   0.007 0.006 0.000 0.005 0.002 0.009 0.102 0.868 
 595 P _   0.008 0.009 0.000 0.009 0.003 0.011 0.101 0.858 
 596 E _   0.009 0.014 0.001 0.016 0.005 0.012 0.100 0.844 
 597 Q _   0.010 0.019 0.001 0.023 0.006 0.014 0.098 0.829 
 598 A _   0.010 0.024 0.001 0.030 0.008 0.015 0.096 0.817 
 599 M _   0.009 0.026 0.001 0.033 0.008 0.015 0.096 0.812 
 600 E _   0.009 0.027 0.001 0.032 0.008 0.014 0.095 0.815 
 601 L _   0.008 0.025 0.001 0.028 0.007 0.012 0.095 0.824 
 602 L _   0.007 0.022 0.001 0.022 0.005 0.011 0.095 0.837 
 603 D _   0.007 0.017 0.001 0.015 0.004 0.010 0.095 0.852 
 604 C _   0.006 0.013 0.000 0.009 0.003 0.009 0.095 0.865 
 605 N _   0.006 0.009 0.000 0.005 0.002 0.008 0.095 0.874 
 606 Y _   0.006 0.007 0.000 0.004 0.002 0.009 0.094 0.878 
 607 P _   0.007 0.007 0.000 0.003 0.002 0.011 0.093 0.877 
 608 D _   0.010 0.008 0.000 0.004 0.003 0.015 0.091 0.869 
 609 P _   0.015 0.014 0.001 0.006 0.005 0.021 0.089 0.851 
 610 M _   0.022 0.030 0.001 0.011 0.010 0.029 0.085 0.813 
 611 V _   0.028 0.069 0.002 0.022 0.019 0.037 0.080 0.744 
 612 R _   0.031 0.135 0.003 0.037 0.028 0.044 0.073 0.650 
 613 G _   0.032 0.207 0.003 0.053 0.035 0.047 0.067 0.556 
 614 F _   0.031 0.262 0.003 0.067 0.038 0.048 0.062 0.489 
 615 A _   0.030 0.295 0.002 0.078 0.038 0.047 0.058 0.451 
 616 V _   0.029 0.310 0.002 0.083 0.038 0.045 0.057 0.436 
 617 R _   0.028 0.314 0.002 0.084 0.035 0.042 0.056 0.439 
 618 C _   0.027 0.308 0.002 0.079 0.032 0.039 0.056 0.457 
 619 L _   0.026 0.289 0.002 0.070 0.028 0.035 0.056 0.493 
 620 E _   0.025 0.252 0.002 0.057 0.024 0.031 0.058 0.551 
 621 K _   0.024 0.192 0.002 0.042 0.019 0.027 0.060 0.634 
 622 Y _   0.023 0.120 0.002 0.028 0.014 0.024 0.062 0.727 
 623 L _   0.022 0.059 0.001 0.016 0.009 0.021 0.064 0.809 
 624 T _   0.020 0.022 0.001 0.008 0.006 0.019 0.065 0.861 
 625 D _   0.019 0.007 0.000 0.004 0.003 0.017 0.065 0.885 
 626 D _   0.020 0.002 0.000 0.002 0.003 0.017 0.064 0.892 
 627 K _   0.024 0.001 0.000 0.002 0.003 0.019 0.063 0.889 
 628 L _   0.033 0.000 0.000 0.002 0.004 0.022 0.062 0.877 
 629 S _   0.046 0.001 0.001 0.003 0.006 0.029 0.061 0.854 
 630 Q _   0.064 0.002 0.001 0.005 0.011 0.037 0.059 0.821 
 631 Y _   0.082 0.005 0.001 0.010 0.019 0.046 0.057 0.779 
 632 L _   0.099 0.012 0.002 0.017 0.028 0.054 0.054 0.734 
 633 I _   0.114 0.020 0.002 0.026 0.037 0.059 0.052 0.690 
 634 Q _   0.123 0.026 0.002 0.034 0.043 0.062 0.051 0.658 
 635 L _   0.129 0.030 0.002 0.040 0.046 0.063 0.050 0.641 
 636 V _   0.131 0.032 0.002 0.041 0.045 0.061 0.049 0.638 
 637 Q _   0.130 0.031 0.002 0.038 0.042 0.058 0.049 0.650 
 638 V _   0.126 0.027 0.002 0.031 0.036 0.054 0.049 0.674 
 639 L _   0.120 0.020 0.002 0.023 0.029 0.049 0.049 0.708 
 640 K _   0.110 0.013 0.002 0.015 0.022 0.043 0.049 0.746 
 641 Y _   0.099 0.006 0.001 0.009 0.015 0.038 0.050 0.781 
 642 E _   0.088 0.003 0.001 0.005 0.010 0.035 0.050 0.808 
 643 Q _   0.079 0.001 0.001 0.003 0.008 0.032 0.050 0.827 
 644 Y _   0.074 0.000 0.001 0.003 0.006 0.030 0.050 0.836 
 645 L _   0.073 0.000 0.001 0.003 0.007 0.030 0.050 0.837 
 646 D _   0.073 0.001 0.001 0.004 0.008 0.031 0.049 0.833 
 647 N _   0.076 0.001 0.001 0.006 0.010 0.033 0.049 0.823 
 648 L _   0.080 0.003 0.001 0.010 0.013 0.035 0.049 0.810 
 649 L _   0.082 0.004 0.001 0.015 0.016 0.036 0.049 0.797 
 650 V _   0.082 0.006 0.001 0.019 0.018 0.036 0.049 0.789 
 651 R _   0.081 0.006 0.001 0.022 0.018 0.035 0.049 0.787 
 652 F _   0.078 0.006 0.001 0.021 0.017 0.034 0.049 0.794 
 653 L _   0.075 0.005 0.001 0.018 0.014 0.031 0.049 0.807 
 654 L _   0.071 0.004 0.001 0.013 0.011 0.029 0.050 0.822 
 655 K _   0.068 0.002 0.001 0.008 0.008 0.026 0.050 0.837 
 656 K _   0.066 0.001 0.001 0.005 0.006 0.024 0.050 0.848 
 657 A _   0.066 0.000 0.000 0.003 0.005 0.024 0.049 0.852 
 658 L _   0.070 0.000 0.000 0.002 0.004 0.024 0.049 0.850 
 659 T _   0.079 0.000 0.000 0.002 0.005 0.027 0.048 0.839 
 660 N _   0.092 0.000 0.001 0.002 0.007 0.031 0.048 0.819 
 661 Q _   0.109 0.001 0.001 0.003 0.012 0.037 0.047 0.790 
 662 R _   0.128 0.004 0.001 0.006 0.019 0.043 0.046 0.752 
 663 I _   0.144 0.011 0.002 0.012 0.029 0.049 0.046 0.707 
