#TopoPred_TM8: 8-state transmembrane topology prediction results by no_profile mode 
#probabilities are in the order of H E C I L F X _, the 8 transmembrane topology types used in PDBTM 
   1 M X   0.007 0.001 0.002 0.038 0.007 0.006 0.850 0.090 
   2 S X   0.002 0.000 0.000 0.020 0.001 0.002 0.873 0.101 
   3 S X   0.001 0.000 0.000 0.010 0.000 0.001 0.879 0.109 
   4 G X   0.000 0.000 0.000 0.007 0.000 0.001 0.879 0.113 
   5 A X   0.000 0.000 0.000 0.006 0.000 0.002 0.876 0.115 
   6 K X   0.001 0.001 0.000 0.006 0.001 0.002 0.871 0.119 
   7 E X   0.001 0.001 0.000 0.007 0.001 0.003 0.865 0.123 
   8 G X   0.001 0.002 0.000 0.009 0.001 0.004 0.856 0.127 
   9 G X   0.001 0.003 0.000 0.011 0.001 0.005 0.846 0.133 
  10 G X   0.002 0.004 0.000 0.014 0.002 0.005 0.835 0.139 
  11 G X   0.002 0.005 0.000 0.016 0.002 0.006 0.824 0.145 
  12 S X   0.002 0.006 0.000 0.018 0.003 0.006 0.814 0.152 
  13 P X   0.002 0.006 0.000 0.018 0.003 0.006 0.806 0.160 
  14 A X   0.002 0.006 0.000 0.016 0.002 0.005 0.799 0.168 
  15 Y X   0.002 0.006 0.000 0.014 0.002 0.005 0.793 0.178 
  16 H X   0.002 0.005 0.000 0.011 0.002 0.004 0.788 0.188 
  17 L X   0.002 0.004 0.000 0.008 0.001 0.004 0.783 0.197 
  18 P X   0.002 0.003 0.000 0.006 0.001 0.003 0.778 0.207 
  19 H X   0.002 0.002 0.000 0.004 0.001 0.003 0.773 0.216 
  20 P X   0.002 0.002 0.000 0.003 0.001 0.002 0.766 0.224 
  21 H X   0.002 0.001 0.000 0.002 0.001 0.002 0.759 0.233 
  22 P X   0.002 0.001 0.000 0.002 0.001 0.002 0.750 0.241 
  23 H X   0.002 0.001 0.000 0.002 0.001 0.003 0.740 0.251 
  24 P X   0.002 0.001 0.000 0.003 0.001 0.003 0.728 0.261 
  25 P X   0.002 0.002 0.000 0.004 0.001 0.004 0.714 0.272 
  26 Q X   0.002 0.003 0.000 0.006 0.002 0.005 0.698 0.283 
  27 H X   0.003 0.004 0.000 0.009 0.003 0.007 0.680 0.294 
  28 A X   0.003 0.006 0.000 0.013 0.004 0.008 0.661 0.305 
  29 Q X   0.003 0.008 0.001 0.016 0.004 0.009 0.642 0.317 
  30 Y X   0.004 0.010 0.001 0.020 0.005 0.010 0.622 0.330 
  31 V X   0.004 0.011 0.001 0.022 0.005 0.010 0.605 0.342 
  32 G X   0.004 0.012 0.001 0.023 0.006 0.010 0.589 0.356 
  33 P X   0.004 0.012 0.001 0.023 0.006 0.010 0.574 0.370 
  34 Y X   0.004 0.012 0.001 0.021 0.005 0.010 0.561 0.386 
  35 R X   0.004 0.011 0.001 0.019 0.005 0.009 0.550 0.402 
  36 L X   0.004 0.009 0.001 0.015 0.004 0.009 0.539 0.419 
  37 E X   0.004 0.007 0.000 0.012 0.003 0.008 0.529 0.436 
  38 K X   0.004 0.005 0.000 0.009 0.003 0.008 0.519 0.451 
  39 T X   0.004 0.004 0.000 0.007 0.003 0.008 0.509 0.465 
  40 L X   0.004 0.003 0.000 0.005 0.002 0.009 0.498 0.478 
  41 G _   0.005 0.002 0.000 0.005 0.002 0.010 0.487 0.488 
  42 K _   0.007 0.002 0.000 0.005 0.003 0.013 0.474 0.497 
  43 G _   0.009 0.002 0.000 0.005 0.004 0.016 0.461 0.503 
  44 Q _   0.013 0.002 0.001 0.006 0.005 0.021 0.446 0.506 
  45 T _   0.019 0.003 0.001 0.008 0.008 0.027 0.430 0.506 
  46 G _   0.026 0.004 0.001 0.010 0.012 0.034 0.413 0.501 
  47 L _   0.035 0.005 0.001 0.013 0.017 0.041 0.395 0.493 
  48 V _   0.044 0.007 0.002 0.016 0.023 0.047 0.377 0.484 
  49 K _   0.055 0.009 0.002 0.018 0.028 0.053 0.361 0.474 
  50 L _   0.064 0.011 0.002 0.020 0.034 0.057 0.346 0.466 
  51 G _   0.074 0.013 0.002 0.022 0.037 0.060 0.332 0.461 
  52 V _   0.082 0.014 0.002 0.022 0.040 0.061 0.321 0.460 
  53 H _   0.087 0.014 0.002 0.022 0.040 0.060 0.311 0.464 
  54 C _   0.091 0.014 0.002 0.021 0.040 0.059 0.302 0.472 
  55 I _   0.092 0.014 0.002 0.020 0.038 0.056 0.295 0.484 
  56 T _   0.091 0.013 0.002 0.019 0.034 0.053 0.289 0.499 
  57 G _   0.087 0.012 0.002 0.018 0.030 0.049 0.284 0.518 
  58 Q _   0.081 0.011 0.002 0.017 0.026 0.045 0.280 0.539 
  59 K _   0.073 0.009 0.001 0.016 0.022 0.041 0.277 0.561 
  60 V _   0.065 0.008 0.001 0.014 0.018 0.036 0.274 0.584 
  61 A _   0.055 0.006 0.001 0.013 0.014 0.031 0.271 0.607 
  62 I _   0.047 0.005 0.001 0.011 0.011 0.027 0.269 0.629 
  63 K _   0.039 0.004 0.001 0.010 0.008 0.023 0.266 0.649 
  64 I _   0.031 0.003 0.001 0.008 0.007 0.020 0.263 0.667 
  65 V _   0.026 0.002 0.001 0.006 0.005 0.018 0.260 0.682 
  66 N _   0.022 0.001 0.001 0.005 0.004 0.016 0.257 0.695 
  67 R _   0.019 0.001 0.000 0.004 0.004 0.015 0.254 0.704 
  68 E _   0.017 0.000 0.000 0.004 0.003 0.014 0.250 0.711 
  69 K _   0.017 0.000 0.000 0.003 0.003 0.015 0.246 0.715 
  70 L _   0.019 0.000 0.000 0.003 0.004 0.016 0.242 0.716 
  71 S _   0.022 0.000 0.000 0.004 0.004 0.018 0.237 0.714 
  72 E _   0.027 0.000 0.001 0.004 0.006 0.021 0.232 0.709 
  73 S _   0.034 0.001 0.001 0.006 0.008 0.025 0.227 0.700 
  74 V _   0.042 0.001 0.001 0.007 0.010 0.029 0.222 0.688 
  75 L _   0.051 0.002 0.001 0.009 0.013 0.033 0.216 0.674 
  76 M _   0.060 0.003 0.001 0.012 0.017 0.037 0.211 0.660 
  77 K _   0.069 0.003 0.001 0.013 0.020 0.040 0.206 0.647 
  78 V _   0.076 0.004 0.001 0.014 0.022 0.043 0.202 0.637 
  79 E _   0.083 0.004 0.001 0.014 0.023 0.044 0.199 0.630 
  80 R _   0.088 0.005 0.001 0.014 0.024 0.045 0.196 0.627 
  81 E _   0.091 0.005 0.001 0.014 0.023 0.044 0.194 0.628 
  82 I _   0.092 0.005 0.001 0.013 0.022 0.043 0.193 0.631 
  83 A _   0.092 0.005 0.001 0.012 0.020 0.042 0.191 0.637 
  84 I _   0.089 0.005 0.001 0.011 0.019 0.040 0.191 0.644 
  85 L _   0.086 0.005 0.001 0.011 0.017 0.038 0.190 0.651 
  86 K _   0.081 0.005 0.001 0.011 0.016 0.036 0.190 0.660 
  87 L _   0.074 0.005 0.001 0.012 0.015 0.033 0.190 0.669 
  88 I _   0.067 0.005 0.001 0.013 0.014 0.031 0.191 0.678 
  89 E _   0.059 0.006 0.001 0.014 0.013 0.028 0.192 0.688 
  90 H _   0.050 0.006 0.001 0.014 0.012 0.025 0.193 0.699 
  91 P _   0.043 0.006 0.001 0.015 0.010 0.023 0.194 0.709 
  92 H _   0.036 0.005 0.001 0.015 0.009 0.020 0.195 0.719 
  93 V _   0.030 0.005 0.001 0.013 0.007 0.017 0.197 0.730 
  94 L _   0.025 0.004 0.001 0.011 0.006 0.014 0.198 0.741 
  95 K _   0.020 0.003 0.001 0.009 0.004 0.012 0.199 0.752 
  96 L _   0.016 0.002 0.000 0.007 0.003 0.010 0.200 0.762 
  97 H _   0.013 0.001 0.000 0.005 0.002 0.008 0.200 0.770 
  98 D _   0.010 0.001 0.000 0.003 0.002 0.007 0.199 0.777 
  99 V _   0.009 0.000 0.000 0.003 0.002 0.007 0.198 0.781 
 100 Y _   0.008 0.000 0.000 0.002 0.002 0.008 0.197 0.783 
 101 E _   0.009 0.001 0.000 0.002 0.002 0.009 0.195 0.783 
 102 N _   0.011 0.001 0.000 0.003 0.002 0.011 0.192 0.780 
 103 K _   0.014 0.002 0.000 0.004 0.004 0.015 0.189 0.772 
 104 K _   0.017 0.006 0.001 0.006 0.006 0.020 0.185 0.759 
 105 Y _   0.022 0.013 0.001 0.010 0.010 0.025 0.180 0.738 
 106 L _   0.026 0.025 0.001 0.016 0.014 0.031 0.175 0.711 
 107 Y _   0.031 0.040 0.001 0.022 0.019 0.035 0.169 0.682 
 108 L _   0.034 0.054 0.002 0.028 0.023 0.038 0.165 0.656 
 109 V _   0.037 0.065 0.002 0.032 0.025 0.040 0.161 0.638 
 110 L _   0.039 0.073 0.002 0.035 0.026 0.041 0.158 0.627 
 111 E _   0.040 0.077 0.002 0.035 0.027 0.041 0.155 0.624 
 112 H _   0.041 0.078 0.002 0.033 0.026 0.040 0.154 0.628 
 113 V _   0.041 0.078 0.002 0.030 0.024 0.038 0.153 0.635 
 114 S _   0.041 0.075 0.001 0.028 0.022 0.036 0.152 0.644 
 115 G _   0.040 0.072 0.001 0.025 0.020 0.034 0.152 0.656 
 116 G _   0.039 0.067 0.001 0.023 0.017 0.032 0.152 0.668 
 117 E _   0.037 0.062 0.001 0.022 0.015 0.029 0.153 0.680 
 118 L _   0.035 0.057 0.001 0.020 0.013 0.026 0.155 0.693 
 119 F _   0.032 0.050 0.001 0.019 0.011 0.024 0.156 0.707 
 120 D _   0.028 0.043 0.001 0.017 0.009 0.021 0.157 0.723 
 121 Y _   0.025 0.036 0.001 0.015 0.008 0.018 0.159 0.738 
 122 L _   0.021 0.029 0.001 0.013 0.006 0.016 0.160 0.754 
 123 V _   0.017 0.022 0.001 0.011 0.005 0.014 0.162 0.769 
 124 K _   0.015 0.016 0.000 0.008 0.004 0.012 0.162 0.782 
 125 K _   0.012 0.012 0.000 0.006 0.003 0.010 0.163 0.793 
 126 G _   0.010 0.009 0.000 0.005 0.002 0.010 0.162 0.801 
 127 R _   0.009 0.007 0.000 0.004 0.002 0.009 0.162 0.806 
 128 L _   0.008 0.007 0.000 0.003 0.002 0.010 0.161 0.809 
 129 T _   0.008 0.007 0.000 0.003 0.002 0.011 0.159 0.810 
 130 P _   0.009 0.008 0.000 0.004 0.003 0.013 0.156 0.807 
 131 K _   0.011 0.011 0.000 0.005 0.004 0.016 0.153 0.799 
 132 E _   0.014 0.018 0.001 0.007 0.006 0.021 0.149 0.784 
 133 A _   0.018 0.033 0.001 0.011 0.009 0.026 0.145 0.758 
 134 R _   0.022 0.057 0.001 0.016 0.014 0.033 0.139 0.719 
 135 K _   0.026 0.093 0.002 0.021 0.020 0.039 0.132 0.668 
 136 F _   0.030 0.134 0.002 0.027 0.026 0.044 0.125 0.612 
 137 F _   0.034 0.175 0.002 0.032 0.030 0.047 0.119 0.559 
 138 R _   0.038 0.211 0.002 0.037 0.034 0.049 0.114 0.514 
 139 Q _   0.041 0.238 0.002 0.040 0.037 0.051 0.110 0.481 
 140 I _   0.044 0.257 0.002 0.041 0.038 0.051 0.108 0.458 
 141 V _   0.047 0.268 0.002 0.042 0.039 0.050 0.106 0.446 
 142 S _   0.050 0.274 0.002 0.041 0.038 0.048 0.105 0.443 
 143 A _   0.051 0.275 0.002 0.039 0.036 0.046 0.105 0.446 
 144 L _   0.051 0.272 0.002 0.037 0.033 0.044 0.105 0.457 
 145 D _   0.049 0.264 0.002 0.035 0.030 0.040 0.106 0.473 
 146 F _   0.047 0.252 0.002 0.033 0.027 0.037 0.108 0.495 
 147 C _   0.043 0.236 0.002 0.031 0.023 0.033 0.111 0.522 
 148 H _   0.038 0.216 0.002 0.030 0.019 0.029 0.114 0.553 
 149 S _   0.033 0.191 0.001 0.027 0.015 0.026 0.117 0.589 
 150 Y _   0.029 0.164 0.001 0.025 0.012 0.022 0.121 0.626 
 151 S _   0.025 0.135 0.001 0.021 0.010 0.019 0.125 0.665 
 152 I _   0.020 0.106 0.001 0.018 0.007 0.016 0.129 0.702 
 153 C _   0.016 0.081 0.001 0.015 0.006 0.014 0.132 0.736 
 154 H _   0.013 0.061 0.001 0.012 0.004 0.012 0.134 0.763 
 155 R _   0.011 0.046 0.000 0.010 0.004 0.010 0.137 0.783 
 156 D _   0.009 0.036 0.000 0.008 0.003 0.009 0.138 0.797 
 157 L _   0.008 0.029 0.000 0.007 0.002 0.008 0.139 0.807 
 158 K _   0.007 0.024 0.000 0.007 0.002 0.007 0.140 0.813 
 159 P _   0.006 0.021 0.000 0.006 0.002 0.007 0.140 0.817 
 160 E _   0.006 0.020 0.000 0.006 0.002 0.006 0.140 0.820 
 161 N _   0.005 0.019 0.000 0.006 0.002 0.006 0.139 0.822 
 162 L _   0.005 0.019 0.000 0.006 0.002 0.006 0.138 0.824 
 163 L _   0.005 0.019 0.000 0.006 0.002 0.006 0.136 0.826 
 164 L _   0.005 0.020 0.000 0.006 0.002 0.007 0.134 0.827 
 165 D _   0.005 0.021 0.000 0.006 0.002 0.008 0.131 0.827 
 166 E _   0.005 0.024 0.000 0.006 0.002 0.009 0.128 0.826 
 167 K _   0.006 0.028 0.000 0.007 0.003 0.011 0.124 0.820 
 168 N _   0.007 0.037 0.001 0.009 0.004 0.014 0.119 0.809 
 169 N _   0.010 0.052 0.001 0.012 0.006 0.018 0.113 0.788 
 170 I _   0.012 0.077 0.001 0.017 0.009 0.023 0.107 0.754 
 171 R _   0.015 0.115 0.001 0.023 0.013 0.028 0.099 0.705 
 172 I _   0.018 0.162 0.002 0.031 0.018 0.032 0.090 0.647 
 173 A _   0.019 0.209 0.002 0.039 0.022 0.035 0.083 0.591 
 174 D _   0.021 0.248 0.002 0.045 0.025 0.037 0.076 0.546 
 175 F _   0.022 0.276 0.002 0.051 0.026 0.037 0.071 0.515 
 176 G _   0.022 0.292 0.002 0.053 0.027 0.037 0.068 0.498 
 177 M _   0.023 0.300 0.002 0.054 0.027 0.037 0.065 0.493 
 178 A _   0.023 0.301 0.002 0.052 0.026 0.035 0.063 0.498 
 179 S _   0.024 0.296 0.002 0.048 0.024 0.033 0.062 0.512 
 180 L _   0.023 0.285 0.002 0.043 0.021 0.031 0.061 0.535 
 181 Q _   0.022 0.266 0.002 0.037 0.018 0.028 0.061 0.566 
 182 V _   0.021 0.242 0.001 0.032 0.016 0.026 0.060 0.601 
 183 G _   0.020 0.216 0.001 0.028 0.014 0.024 0.061 0.636 
 184 D _   0.019 0.189 0.001 0.025 0.012 0.022 0.061 0.671 
 185 S _   0.018 0.161 0.001 0.022 0.010 0.020 0.061 0.706 
 186 L _   0.017 0.134 0.001 0.020 0.009 0.018 0.062 0.740 
 187 L _   0.016 0.109 0.001 0.018 0.008 0.017 0.062 0.771 
 188 E _   0.014 0.087 0.001 0.015 0.006 0.015 0.062 0.799 
 189 T _   0.012 0.068 0.001 0.013 0.005 0.013 0.062 0.826 
 190 S _   0.011 0.053 0.001 0.011 0.004 0.012 0.062 0.847 
 191 C _   0.010 0.042 0.001 0.009 0.004 0.011 0.061 0.863 
 192 G _   0.009 0.034 0.000 0.008 0.003 0.010 0.060 0.875 
 193 S _   0.009 0.030 0.000 0.008 0.003 0.010 0.059 0.882 
 194 P _   0.008 0.027 0.000 0.008 0.003 0.010 0.058 0.886 
 195 H _   0.008 0.025 0.000 0.009 0.004 0.010 0.057 0.887 
 196 Y _   0.008 0.024 0.000 0.011 0.004 0.010 0.055 0.887 
 197 A _   0.008 0.024 0.001 0.013 0.005 0.011 0.054 0.885 
 198 C _   0.008 0.024 0.001 0.016 0.005 0.011 0.052 0.884 
 199 P _   0.008 0.023 0.001 0.018 0.005 0.011 0.050 0.883 
 200 E _   0.008 0.023 0.001 0.020 0.005 0.011 0.049 0.884 
 201 V _   0.007 0.021 0.001 0.020 0.005 0.010 0.047 0.888 
 202 I _   0.007 0.019 0.001 0.018 0.005 0.010 0.046 0.895 
 203 K _   0.007 0.016 0.001 0.016 0.004 0.009 0.045 0.903 
 204 G _   0.007 0.012 0.000 0.013 0.004 0.008 0.043 0.913 
 205 E _   0.007 0.008 0.000 0.010 0.003 0.007 0.042 0.923 
 206 K _   0.009 0.005 0.000 0.007 0.002 0.006 0.040 0.931 
 207 Y _   0.012 0.002 0.000 0.005 0.002 0.006 0.039 0.935 
 208 D _   0.018 0.001 0.000 0.003 0.002 0.005 0.037 0.934 
 209 G _   0.031 0.000 0.000 0.002 0.002 0.005 0.034 0.925 
 210 R _   0.056 0.000 0.000 0.002 0.002 0.006 0.031 0.903 
 211 R _   0.102 0.000 0.000 0.001 0.003 0.007 0.027 0.859 
 212 A _   0.177 0.000 0.001 0.001 0.004 0.008 0.023 0.786 
 213 D _   0.285 0.000 0.001 0.001 0.006 0.009 0.018 0.680 
 214 M _   0.419 0.000 0.001 0.001 0.007 0.010 0.013 0.549 
 215 W H   0.564 0.000 0.001 0.001 0.009 0.011 0.009 0.405 
 216 S H   0.695 0.000 0.001 0.001 0.011 0.010 0.006 0.275 
 217 C H   0.796 0.000 0.001 0.001 0.012 0.010 0.004 0.176 
 218 G H   0.862 0.000 0.001 0.001 0.013 0.008 0.003 0.112 
 219 V H   0.903 0.000 0.001 0.000 0.013 0.007 0.002 0.072 
 220 I H   0.923 0.000 0.001 0.000 0.013 0.006 0.002 0.054 
 221 L H   0.929 0.000 0.001 0.000 0.014 0.006 0.002 0.047 
 222 F H   0.926 0.000 0.001 0.000 0.015 0.005 0.003 0.049 
 223 A H   0.913 0.000 0.001 0.001 0.016 0.006 0.003 0.061 
 224 L H   0.886 0.000 0.001 0.001 0.016 0.006 0.004 0.086 
 225 L H   0.837 0.000 0.001 0.001 0.017 0.007 0.006 0.131 
 226 V H   0.758 0.000 0.002 0.001 0.016 0.008 0.009 0.206 
 227 G H   0.649 0.000 0.002 0.002 0.014 0.008 0.014 0.311 
 228 A H   0.518 0.000 0.001 0.002 0.011 0.008 0.022 0.438 
 229 L _   0.381 0.000 0.001 0.002 0.008 0.008 0.030 0.571 
 230 P _   0.257 0.000 0.001 0.002 0.005 0.007 0.039 0.690 
 231 F _   0.160 0.000 0.001 0.002 0.004 0.006 0.047 0.782 
 232 D _   0.094 0.000 0.000 0.001 0.003 0.006 0.053 0.843 
 233 D _   0.054 0.000 0.000 0.001 0.002 0.005 0.057 0.879 
 234 D _   0.033 0.000 0.000 0.002 0.002 0.005 0.061 0.897 
 235 N _   0.022 0.000 0.000 0.002 0.002 0.006 0.064 0.904 
 236 L _   0.017 0.001 0.000 0.003 0.002 0.007 0.066 0.904 
 237 R _   0.014 0.002 0.000 0.004 0.002 0.009 0.067 0.900 
 238 Q _   0.013 0.006 0.000 0.007 0.003 0.011 0.069 0.891 
 239 L _   0.012 0.011 0.001 0.010 0.005 0.014 0.069 0.878 
 240 L _   0.012 0.020 0.001 0.014 0.006 0.016 0.070 0.861 
 241 E _   0.012 0.029 0.001 0.019 0.008 0.018 0.071 0.843 
 242 K _   0.013 0.038 0.001 0.023 0.009 0.019 0.071 0.826 
 243 V _   0.013 0.046 0.001 0.027 0.011 0.021 0.072 0.810 
 244 K _   0.014 0.052 0.001 0.030 0.012 0.022 0.074 0.796 
 245 R _   0.014 0.056 0.001 0.032 0.013 0.022 0.075 0.785 
 246 G _   0.015 0.058 0.001 0.034 0.014 0.022 0.078 0.778 
 247 V _   0.016 0.059 0.001 0.034 0.014 0.022 0.081 0.774 
 248 F _   0.016 0.057 0.001 0.032 0.013 0.021 0.085 0.776 
 249 H _   0.015 0.053 0.001 0.029 0.011 0.019 0.089 0.782 
 250 M _   0.015 0.047 0.001 0.024 0.010 0.018 0.093 0.792 
 251 P _   0.014 0.039 0.001 0.019 0.008 0.016 0.098 0.805 
 252 H _   0.013 0.031 0.001 0.014 0.006 0.014 0.103 0.818 
 253 F _   0.012 0.024 0.001 0.009 0.004 0.013 0.107 0.830 
 254 I _   0.011 0.020 0.000 0.006 0.003 0.012 0.110 0.837 
 255 P _   0.010 0.017 0.000 0.005 0.003 0.012 0.113 0.840 
 256 P _   0.011 0.017 0.000 0.004 0.003 0.012 0.116 0.837 
 257 D _   0.012 0.018 0.000 0.005 0.004 0.014 0.118 0.829 
 258 C _   0.013 0.022 0.001 0.008 0.005 0.016 0.120 0.815 
 259 Q _   0.015 0.032 0.001 0.012 0.008 0.019 0.121 0.792 
 260 S _   0.017 0.048 0.001 0.020 0.011 0.022 0.123 0.759 
 261 L _   0.018 0.067 0.001 0.030 0.014 0.023 0.125 0.722 
 262 L _   0.017 0.084 0.001 0.040 0.016 0.024 0.127 0.690 
 263 R _   0.017 0.096 0.001 0.047 0.016 0.024 0.130 0.669 
 264 G _   0.016 0.101 0.001 0.050 0.016 0.023 0.134 0.659 
 265 M _   0.015 0.102 0.001 0.048 0.014 0.021 0.139 0.659 
 266 I _   0.013 0.099 0.001 0.042 0.012 0.019 0.145 0.668 
 267 E _   0.012 0.092 0.001 0.034 0.010 0.016 0.152 0.683 
 268 V _   0.011 0.081 0.001 0.025 0.008 0.014 0.159 0.701 
 269 E _   0.009 0.069 0.001 0.018 0.006 0.012 0.167 0.719 
 270 P _   0.009 0.058 0.001 0.012 0.004 0.011 0.174 0.733 
 271 E _   0.008 0.050 0.000 0.008 0.003 0.010 0.180 0.740 
 272 K _   0.007 0.046 0.000 0.007 0.003 0.009 0.186 0.742 
 273 R _   0.007 0.044 0.000 0.007 0.003 0.009 0.191 0.739 
 274 L _   0.007 0.044 0.000 0.008 0.003 0.010 0.195 0.733 
 275 S _   0.008 0.045 0.000 0.010 0.003 0.010 0.200 0.724 
 276 L _   0.008 0.048 0.000 0.013 0.004 0.011 0.203 0.712 
 277 E _   0.008 0.052 0.001 0.016 0.005 0.012 0.207 0.699 
 278 Q _   0.008 0.056 0.001 0.020 0.006 0.012 0.211 0.686 
 279 I _   0.008 0.059 0.001 0.023 0.006 0.012 0.216 0.674 
 280 Q _   0.008 0.060 0.001 0.026 0.007 0.012 0.222 0.664 
 281 K _   0.008 0.060 0.001 0.027 0.007 0.012 0.228 0.657 
 282 H _   0.008 0.059 0.001 0.027 0.007 0.012 0.236 0.651 
 283 P _   0.008 0.056 0.001 0.026 0.006 0.011 0.245 0.647 
 284 W _   0.008 0.052 0.001 0.024 0.006 0.010 0.255 0.645 
 285 Y _   0.008 0.046 0.001 0.021 0.005 0.010 0.265 0.645 
 286 L _   0.007 0.039 0.001 0.017 0.004 0.009 0.276 0.647 
 287 G _   0.007 0.032 0.000 0.014 0.003 0.007 0.286 0.651 
 288 G _   0.006 0.025 0.000 0.010 0.003 0.006 0.295 0.655 
 289 K _   0.006 0.019 0.000 0.007 0.002 0.005 0.302 0.658 
 290 H _   0.005 0.015 0.000 0.005 0.001 0.004 0.307 0.661 
 291 E _   0.004 0.013 0.000 0.004 0.001 0.004 0.311 0.663 
 292 P _   0.004 0.012 0.000 0.003 0.001 0.004 0.314 0.663 
 293 D _   0.003 0.012 0.000 0.003 0.001 0.004 0.315 0.663 
 294 P _   0.003 0.013 0.000 0.003 0.001 0.004 0.315 0.661 
 295 C _   0.003 0.015 0.000 0.004 0.001 0.005 0.314 0.658 
 296 L _   0.004 0.021 0.000 0.006 0.002 0.007 0.311 0.650 
 297 E _   0.004 0.034 0.000 0.009 0.003 0.009 0.306 0.634 
 298 P _   0.005 0.058 0.001 0.016 0.005 0.011 0.300 0.605 
 299 A _   0.006 0.094 0.001 0.024 0.007 0.014 0.292 0.563 
 300 P _   0.006 0.140 0.001 0.035 0.009 0.015 0.283 0.512 
 301 G _   0.005 0.184 0.001 0.045 0.010 0.016 0.275 0.465 
 302 R _   0.005 0.217 0.001 0.053 0.011 0.016 0.269 0.428 
 303 R _   0.005 0.237 0.001 0.059 0.011 0.016 0.265 0.406 
 304 V _   0.005 0.248 0.001 0.062 0.011 0.015 0.264 0.395 
 305 A _   0.005 0.251 0.001 0.061 0.010 0.014 0.264 0.394 
 306 M _   0.005 0.248 0.001 0.057 0.010 0.013 0.266 0.401 
 307 R _   0.005 0.238 0.001 0.049 0.009 0.012 0.270 0.416 
 308 S _   0.005 0.220 0.001 0.040 0.007 0.011 0.276 0.441 
 309 L _   0.005 0.194 0.001 0.030 0.006 0.010 0.282 0.472 
 310 P _   0.005 0.163 0.001 0.021 0.005 0.009 0.290 0.508 
 311 S _   0.004 0.134 0.001 0.013 0.004 0.008 0.297 0.539 
 312 N _   0.004 0.114 0.000 0.008 0.003 0.007 0.303 0.560 
 313 G _   0.004 0.103 0.000 0.005 0.002 0.007 0.306 0.572 
 314 E _   0.004 0.099 0.000 0.004 0.002 0.008 0.309 0.575 
 315 L _   0.005 0.099 0.000 0.004 0.002 0.009 0.310 0.572 
 316 D _   0.006 0.103 0.000 0.006 0.003 0.011 0.310 0.561 
 317 P _   0.008 0.115 0.001 0.009 0.005 0.015 0.310 0.538 
 318 D _   0.010 0.143 0.001 0.015 0.008 0.019 0.307 0.497 
 319 V _   0.012 0.190 0.001 0.023 0.013 0.022 0.304 0.435 
 320 L _   0.012 0.249 0.002 0.032 0.016 0.024 0.301 0.364 
 321 E _   0.012 0.299 0.002 0.041 0.018 0.025 0.299 0.304 
 322 S E   0.012 0.333 0.001 0.048 0.019 0.025 0.299 0.263 
 323 M E   0.011 0.352 0.001 0.052 0.019 0.025 0.300 0.239 
 324 A E   0.011 0.360 0.001 0.054 0.019 0.024 0.304 0.227 
 325 S E   0.011 0.361 0.001 0.053 0.018 0.023 0.310 0.223 
 326 L E   0.011 0.354 0.001 0.050 0.018 0.022 0.318 0.226 
 327 G E   0.011 0.340 0.001 0.045 0.016 0.020 0.329 0.237 
 328 C X   0.012 0.316 0.002 0.040 0.015 0.019 0.343 0.254 
 329 F X   0.012 0.281 0.002 0.035 0.014 0.018 0.361 0.277 
 330 R X   0.012 0.238 0.002 0.031 0.013 0.018 0.384 0.303 
 331 D X   0.013 0.193 0.002 0.027 0.012 0.017 0.409 0.329 
 332 R X   0.012 0.151 0.001 0.023 0.010 0.015 0.435 0.352 
 333 E X   0.011 0.115 0.001 0.020 0.008 0.014 0.462 0.370 
 334 R X   0.010 0.086 0.001 0.017 0.006 0.012 0.485 0.382 
 335 L X   0.009 0.063 0.001 0.014 0.005 0.011 0.507 0.391 
 336 H X   0.008 0.046 0.001 0.011 0.004 0.009 0.526 0.397 
 337 R X   0.006 0.032 0.000 0.009 0.003 0.007 0.542 0.400 
 338 E X   0.005 0.023 0.000 0.006 0.002 0.006 0.554 0.403 
 339 L X   0.004 0.016 0.000 0.005 0.002 0.005 0.564 0.404 
 340 R X   0.004 0.012 0.000 0.003 0.001 0.004 0.571 0.404 
 341 S X   0.003 0.010 0.000 0.002 0.001 0.004 0.577 0.402 
 342 E X   0.003 0.009 0.000 0.002 0.001 0.005 0.581 0.399 
 343 E X   0.003 0.010 0.000 0.002 0.001 0.005 0.584 0.394 
 344 E X   0.004 0.011 0.000 0.003 0.002 0.007 0.586 0.387 
 345 N X   0.005 0.015 0.000 0.005 0.003 0.009 0.588 0.375 
 346 Q X   0.006 0.024 0.000 0.009 0.004 0.012 0.589 0.355 
 347 E X   0.008 0.039 0.001 0.016 0.007 0.014 0.590 0.326 
 348 K X   0.008 0.058 0.001 0.025 0.009 0.016 0.590 0.292 
 349 M X   0.009 0.075 0.001 0.033 0.011 0.018 0.592 0.261 
 350 I X   0.009 0.087 0.001 0.040 0.012 0.018 0.595 0.237 
 351 Y X   0.008 0.093 0.001 0.044 0.013 0.018 0.600 0.222 
 352 Y X   0.008 0.095 0.001 0.045 0.012 0.017 0.608 0.213 
 353 L X   0.008 0.094 0.001 0.044 0.012 0.016 0.617 0.208 
 354 L X   0.008 0.090 0.001 0.039 0.011 0.015 0.629 0.207 
 355 L X   0.007 0.083 0.001 0.033 0.009 0.013 0.644 0.209 
 356 D X   0.007 0.071 0.001 0.027 0.008 0.012 0.662 0.213 
 357 R X   0.007 0.057 0.001 0.021 0.006 0.010 0.681 0.217 
 358 K X   0.006 0.043 0.001 0.015 0.005 0.009 0.701 0.220 
 359 E X   0.006 0.031 0.001 0.011 0.004 0.008 0.719 0.221 
 360 R X   0.005 0.021 0.000 0.008 0.003 0.006 0.736 0.220 
 361 Y X   0.005 0.015 0.000 0.006 0.002 0.005 0.749 0.217 
 362 P X   0.004 0.011 0.000 0.005 0.002 0.005 0.761 0.213 
 363 S X   0.004 0.008 0.000 0.004 0.001 0.004 0.770 0.209 
 364 C X   0.003 0.006 0.000 0.004 0.001 0.003 0.778 0.204 
 365 E X   0.003 0.004 0.000 0.003 0.001 0.003 0.785 0.200 
 366 D X   0.003 0.003 0.000 0.003 0.001 0.003 0.790 0.197 
 367 Q X   0.002 0.002 0.000 0.003 0.001 0.002 0.795 0.195 
 368 D X   0.002 0.002 0.000 0.002 0.001 0.002 0.798 0.193 
 369 L X   0.002 0.001 0.000 0.002 0.001 0.002 0.800 0.191 
 370 P X   0.002 0.001 0.000 0.002 0.001 0.002 0.802 0.191 
 371 P X   0.002 0.001 0.000 0.002 0.000 0.002 0.802 0.192 
 372 R X   0.002 0.001 0.000 0.002 0.000 0.002 0.801 0.193 
 373 N X   0.002 0.001 0.000 0.001 0.000 0.001 0.800 0.195 
 374 D X   0.001 0.001 0.000 0.001 0.000 0.001 0.797 0.198 
 375 V X   0.001 0.001 0.000 0.001 0.000 0.002 0.792 0.202 
 376 D X   0.001 0.001 0.000 0.002 0.001 0.002 0.787 0.207 
 377 P X   0.001 0.001 0.000 0.002 0.001 0.002 0.779 0.213 
 378 P X   0.002 0.002 0.000 0.003 0.001 0.003 0.769 0.220 
 379 R X   0.002 0.004 0.000 0.004 0.001 0.004 0.758 0.227 
 380 K X   0.002 0.006 0.000 0.007 0.002 0.005 0.744 0.234 
 381 R X   0.002 0.010 0.000 0.010 0.002 0.006 0.728 0.242 
 382 V X   0.002 0.015 0.000 0.013 0.003 0.007 0.711 0.248 
 383 D X   0.003 0.020 0.000 0.016 0.003 0.007 0.695 0.255 
 384 S X   0.003 0.024 0.000 0.019 0.004 0.008 0.679 0.263 
 385 P X   0.003 0.027 0.000 0.020 0.004 0.008 0.665 0.273 
 386 M X   0.003 0.029 0.000 0.020 0.004 0.008 0.653 0.283 
 387 L X   0.003 0.030 0.000 0.018 0.003 0.007 0.642 0.295 
 388 S X   0.003 0.031 0.000 0.015 0.003 0.007 0.632 0.309 
 389 R X   0.003 0.030 0.000 0.012 0.002 0.006 0.623 0.323 
 390 H X   0.003 0.030 0.000 0.010 0.002 0.006 0.613 0.337 
 391 G X   0.002 0.030 0.000 0.007 0.002 0.005 0.603 0.350 
 392 K X   0.002 0.030 0.000 0.006 0.002 0.005 0.592 0.363 
 393 R X   0.003 0.031 0.000 0.005 0.002 0.006 0.579 0.374 
 394 R X   0.003 0.034 0.000 0.006 0.002 0.007 0.564 0.384 
 395 P X   0.004 0.041 0.000 0.008 0.003 0.009 0.545 0.391 
 396 E X   0.004 0.055 0.001 0.012 0.005 0.011 0.521 0.391 
 397 R X   0.005 0.082 0.001 0.019 0.007 0.014 0.489 0.381 
 398 K X   0.006 0.127 0.002 0.028 0.011 0.017 0.450 0.360 
 399 S X   0.006 0.184 0.002 0.037 0.014 0.018 0.410 0.329 
 400 M X   0.006 0.244 0.002 0.046 0.015 0.018 0.373 0.297 
 401 E X   0.005 0.292 0.002 0.052 0.015 0.017 0.345 0.273 
 402 V X   0.005 0.323 0.001 0.055 0.014 0.016 0.326 0.260 
 403 L E   0.005 0.341 0.001 0.056 0.013 0.015 0.312 0.257 
 404 S E   0.005 0.349 0.001 0.054 0.012 0.014 0.303 0.262 
 405 I E   0.005 0.351 0.001 0.049 0.011 0.013 0.297 0.274 
 406 T E   0.005 0.347 0.001 0.042 0.009 0.012 0.292 0.292 
 407 D E   0.005 0.336 0.001 0.033 0.008 0.011 0.289 0.317 
 408 A _   0.005 0.319 0.001 0.025 0.006 0.010 0.287 0.347 
 409 G _   0.005 0.299 0.001 0.017 0.005 0.009 0.285 0.379 
 410 G _   0.005 0.282 0.000 0.011 0.004 0.009 0.283 0.406 
 411 G _   0.005 0.269 0.000 0.008 0.003 0.009 0.281 0.425 
 412 G _   0.005 0.263 0.000 0.006 0.002 0.009 0.278 0.436 
 413 S _   0.005 0.263 0.000 0.006 0.003 0.010 0.275 0.439 
 414 P _   0.006 0.268 0.000 0.007 0.003 0.011 0.270 0.435 
 415 V _   0.006 0.281 0.001 0.009 0.005 0.012 0.264 0.421 
 416 P _   0.007 0.306 0.001 0.013 0.007 0.013 0.257 0.396 
 417 T _   0.007 0.343 0.001 0.018 0.008 0.014 0.248 0.361 
 418 R E   0.006 0.386 0.001 0.022 0.009 0.014 0.239 0.322 
 419 R E   0.006 0.423 0.001 0.025 0.009 0.013 0.232 0.291 
 420 A E   0.005 0.448 0.001 0.026 0.008 0.012 0.228 0.272 
 421 L E   0.004 0.463 0.001 0.026 0.008 0.011 0.225 0.262 
 422 E E   0.004 0.470 0.001 0.025 0.007 0.010 0.223 0.260 
 423 M E   0.004 0.472 0.001 0.022 0.006 0.009 0.223 0.263 
 424 A E   0.004 0.470 0.001 0.019 0.005 0.009 0.223 0.269 
 425 Q E   0.004 0.465 0.001 0.016 0.005 0.008 0.223 0.279 
 426 H E   0.004 0.457 0.000 0.013 0.004 0.008 0.225 0.289 
 427 S E   0.004 0.450 0.000 0.011 0.004 0.008 0.226 0.298 
 428 Q E   0.004 0.444 0.000 0.009 0.003 0.008 0.227 0.304 
 429 R E   0.004 0.440 0.000 0.009 0.003 0.008 0.228 0.307 
 430 S E   0.004 0.439 0.000 0.010 0.004 0.008 0.229 0.305 
 431 R E   0.004 0.440 0.000 0.012 0.004 0.009 0.230 0.300 
 432 S E   0.004 0.443 0.001 0.014 0.005 0.009 0.231 0.293 
 433 V E   0.004 0.445 0.001 0.017 0.005 0.009 0.232 0.286 
 434 S E   0.004 0.446 0.001 0.021 0.006 0.009 0.234 0.279 
 435 G E   0.004 0.445 0.001 0.024 0.006 0.009 0.237 0.274 
 436 A E   0.004 0.439 0.001 0.026 0.007 0.009 0.241 0.273 
 437 S E   0.005 0.428 0.001 0.027 0.007 0.009 0.246 0.278 
 438 T E   0.005 0.408 0.001 0.027 0.007 0.009 0.253 0.289 
 439 G E   0.005 0.379 0.001 0.027 0.008 0.010 0.264 0.307 
 440 L E   0.005 0.340 0.001 0.025 0.008 0.010 0.277 0.334 
 441 S _   0.006 0.293 0.001 0.023 0.008 0.010 0.294 0.366 
 442 S _   0.006 0.245 0.001 0.019 0.007 0.010 0.313 0.399 
 443 S _   0.006 0.205 0.001 0.016 0.005 0.010 0.332 0.425 
 444 P _   0.006 0.176 0.001 0.014 0.005 0.010 0.348 0.441 
 445 L _   0.005 0.158 0.001 0.012 0.004 0.010 0.363 0.448 
 446 S _   0.005 0.145 0.000 0.012 0.004 0.010 0.375 0.448 
 447 S _   0.005 0.137 0.000 0.014 0.004 0.010 0.387 0.443 
 448 P _   0.005 0.131 0.001 0.016 0.004 0.010 0.399 0.435 
 449 R _   0.005 0.125 0.001 0.018 0.005 0.010 0.410 0.425 
 450 S X   0.005 0.120 0.001 0.021 0.005 0.010 0.423 0.415 
 451 P X   0.005 0.113 0.001 0.023 0.005 0.010 0.437 0.405 
 452 V X   0.005 0.105 0.001 0.024 0.006 0.010 0.453 0.397 
 453 F X   0.005 0.094 0.001 0.023 0.005 0.009 0.471 0.392 
 454 S X   0.005 0.081 0.001 0.020 0.005 0.008 0.490 0.390 
 455 F X   0.004 0.066 0.001 0.017 0.004 0.008 0.511 0.389 
 456 S X   0.004 0.051 0.001 0.014 0.004 0.007 0.532 0.389 
 457 P X   0.004 0.038 0.000 0.011 0.003 0.006 0.550 0.388 
 458 E X   0.003 0.029 0.000 0.008 0.002 0.005 0.567 0.386 
 459 P X   0.003 0.023 0.000 0.006 0.002 0.004 0.581 0.381 
 460 G X   0.002 0.019 0.000 0.005 0.001 0.004 0.592 0.376 
 461 A X   0.002 0.016 0.000 0.005 0.001 0.004 0.601 0.370 
 462 G X   0.002 0.015 0.000 0.005 0.001 0.004 0.609 0.363 
 463 D X   0.002 0.014 0.000 0.005 0.001 0.004 0.616 0.356 
 464 E X   0.002 0.014 0.000 0.006 0.001 0.004 0.622 0.349 
 465 A X   0.002 0.014 0.000 0.007 0.002 0.004 0.628 0.342 
 466 R X   0.002 0.014 0.000 0.008 0.002 0.005 0.634 0.336 
 467 G X   0.002 0.014 0.000 0.009 0.002 0.005 0.640 0.329 
 468 G X   0.002 0.014 0.000 0.009 0.002 0.005 0.645 0.323 
 469 G X   0.002 0.013 0.000 0.009 0.002 0.005 0.651 0.316 
 470 S X   0.002 0.013 0.000 0.010 0.002 0.005 0.658 0.310 
 471 P X   0.002 0.012 0.000 0.010 0.002 0.005 0.665 0.303 
 472 T X   0.002 0.012 0.000 0.009 0.002 0.005 0.672 0.297 
 473 S X   0.002 0.011 0.000 0.009 0.002 0.005 0.680 0.290 
 474 K X   0.003 0.010 0.000 0.009 0.002 0.005 0.689 0.283 
 475 T X   0.002 0.009 0.000 0.009 0.002 0.005 0.697 0.276 
 476 Q X   0.002 0.008 0.000 0.008 0.002 0.004 0.705 0.269 
 477 T X   0.002 0.007 0.000 0.007 0.002 0.004 0.713 0.263 
 478 L X   0.002 0.007 0.000 0.007 0.002 0.004 0.721 0.257 
 479 P X   0.002 0.006 0.000 0.006 0.001 0.004 0.729 0.252 
 480 S X   0.002 0.005 0.000 0.006 0.001 0.003 0.736 0.247 
 481 R X   0.002 0.004 0.000 0.005 0.001 0.003 0.742 0.242 
 482 G X   0.002 0.004 0.000 0.005 0.001 0.003 0.748 0.237 
 483 P X   0.002 0.003 0.000 0.004 0.001 0.003 0.753 0.233 
 484 R X   0.002 0.003 0.000 0.004 0.001 0.003 0.758 0.229 
 485 G X   0.002 0.002 0.000 0.004 0.001 0.003 0.763 0.226 
 486 G X   0.002 0.002 0.000 0.004 0.001 0.002 0.766 0.223 
 487 G X   0.002 0.002 0.000 0.004 0.001 0.002 0.769 0.220 
 488 A X   0.002 0.002 0.000 0.003 0.001 0.002 0.772 0.219 
 489 G X   0.002 0.001 0.000 0.003 0.001 0.002 0.774 0.218 
 490 E X   0.001 0.001 0.000 0.003 0.001 0.002 0.775 0.217 
 491 Q X   0.001 0.001 0.000 0.002 0.001 0.002 0.775 0.218 
 492 P X   0.001 0.001 0.000 0.002 0.001 0.002 0.775 0.218 
 493 P X   0.001 0.001 0.000 0.002 0.001 0.002 0.774 0.219 
 494 P X   0.001 0.001 0.000 0.002 0.001 0.002 0.773 0.220 
 495 P X   0.001 0.001 0.000 0.003 0.001 0.002 0.771 0.221 
 496 S X   0.001 0.001 0.000 0.003 0.001 0.002 0.768 0.223 
 497 A X   0.001 0.002 0.000 0.004 0.001 0.003 0.765 0.224 
 498 R X   0.002 0.002 0.000 0.005 0.001 0.003 0.762 0.226 
 499 S X   0.002 0.002 0.000 0.005 0.001 0.003 0.758 0.229 
 500 T X   0.002 0.003 0.000 0.006 0.001 0.003 0.753 0.232 
 501 P X   0.001 0.003 0.000 0.006 0.001 0.003 0.749 0.236 
 502 L X   0.001 0.003 0.000 0.006 0.001 0.003 0.744 0.241 
 503 P X   0.001 0.003 0.000 0.006 0.001 0.003 0.739 0.246 
 504 G X   0.001 0.003 0.000 0.005 0.001 0.003 0.734 0.252 
 505 P X   0.001 0.004 0.000 0.005 0.001 0.003 0.728 0.258 
 506 P X   0.001 0.004 0.000 0.004 0.001 0.003 0.722 0.265 
 507 G X   0.001 0.004 0.000 0.004 0.001 0.003 0.715 0.271 
 508 S X   0.001 0.005 0.000 0.004 0.001 0.003 0.708 0.277 
 509 P X   0.002 0.005 0.000 0.005 0.001 0.003 0.700 0.283 
 510 R X   0.002 0.007 0.000 0.006 0.001 0.004 0.692 0.289 
 511 S X   0.002 0.008 0.000 0.007 0.002 0.004 0.682 0.294 
 512 S X   0.002 0.011 0.000 0.009 0.002 0.005 0.672 0.299 
 513 G X   0.002 0.013 0.000 0.011 0.002 0.006 0.662 0.303 
 514 G X   0.002 0.016 0.000 0.013 0.003 0.006 0.652 0.308 
 515 T X   0.002 0.018 0.000 0.014 0.003 0.006 0.643 0.313 
 516 P X   0.003 0.020 0.000 0.016 0.003 0.007 0.634 0.317 
 517 L X   0.003 0.022 0.000 0.016 0.003 0.007 0.626 0.323 
 518 H X   0.003 0.022 0.000 0.016 0.003 0.007 0.620 0.329 
 519 S X   0.003 0.023 0.000 0.015 0.003 0.007 0.614 0.335 
 520 P X   0.003 0.023 0.000 0.014 0.003 0.006 0.609 0.342 
 521 L X   0.003 0.022 0.000 0.013 0.003 0.006 0.605 0.348 
 522 H X   0.003 0.021 0.000 0.011 0.003 0.006 0.600 0.355 
 523 T X   0.003 0.021 0.000 0.010 0.002 0.006 0.597 0.361 
 524 P X   0.003 0.020 0.000 0.010 0.002 0.006 0.593 0.366 
 525 R X   0.003 0.019 0.000 0.010 0.002 0.006 0.589 0.370 
 526 A X   0.003 0.019 0.000 0.010 0.002 0.006 0.585 0.375 
 527 S X   0.003 0.018 0.000 0.010 0.002 0.006 0.582 0.379 
 528 P X   0.003 0.017 0.000 0.010 0.002 0.005 0.578 0.383 
 529 T X   0.004 0.016 0.000 0.010 0.002 0.005 0.574 0.388 
 530 G X   0.004 0.015 0.000 0.010 0.002 0.005 0.571 0.393 
 531 T X   0.003 0.014 0.000 0.009 0.002 0.005 0.567 0.399 
 532 P X   0.003 0.012 0.000 0.008 0.002 0.005 0.564 0.406 
 533 G X   0.003 0.011 0.000 0.007 0.002 0.004 0.559 0.415 
 534 T X   0.003 0.009 0.000 0.005 0.001 0.004 0.554 0.424 
 535 T X   0.003 0.009 0.000 0.004 0.001 0.003 0.547 0.433 
 536 P X   0.002 0.008 0.000 0.003 0.001 0.003 0.539 0.443 
 537 P X   0.002 0.009 0.000 0.003 0.001 0.004 0.528 0.453 
 538 P X   0.002 0.010 0.000 0.003 0.001 0.005 0.514 0.464 
 539 S X   0.003 0.014 0.000 0.005 0.002 0.007 0.496 0.473 
 540 P _   0.004 0.026 0.001 0.009 0.004 0.010 0.469 0.477 
 541 G _   0.006 0.057 0.001 0.018 0.008 0.016 0.429 0.465 
 542 G _   0.008 0.129 0.002 0.032 0.015 0.022 0.367 0.424 
 543 G _   0.009 0.260 0.004 0.048 0.023 0.026 0.285 0.345 
 544 V E   0.008 0.432 0.004 0.058 0.026 0.025 0.201 0.245 
 545 G E   0.006 0.589 0.004 0.059 0.024 0.021 0.137 0.161 
 546 G E   0.004 0.696 0.002 0.053 0.018 0.017 0.100 0.110 
 547 A E   0.003 0.755 0.001 0.046 0.014 0.014 0.081 0.087 
 548 A E   0.002 0.786 0.001 0.040 0.011 0.012 0.071 0.078 
 549 W E   0.002 0.800 0.001 0.035 0.009 0.010 0.065 0.078 
 550 R E   0.002 0.805 0.001 0.031 0.008 0.010 0.061 0.082 
 551 S E   0.002 0.805 0.001 0.027 0.007 0.009 0.059 0.090 
 552 R E   0.003 0.799 0.001 0.023 0.007 0.009 0.057 0.101 
 553 L E   0.003 0.788 0.001 0.021 0.007 0.009 0.056 0.115 
 554 N E   0.004 0.773 0.001 0.019 0.007 0.009 0.055 0.132 
 555 S E   0.004 0.755 0.001 0.018 0.007 0.009 0.055 0.151 
 556 I E   0.005 0.734 0.001 0.018 0.007 0.010 0.055 0.170 
 557 R E   0.006 0.710 0.001 0.018 0.007 0.010 0.055 0.192 
 558 N E   0.007 0.682 0.001 0.019 0.008 0.011 0.056 0.217 
 559 S E   0.007 0.648 0.001 0.021 0.008 0.011 0.057 0.247 
 560 F E   0.008 0.608 0.001 0.022 0.009 0.012 0.058 0.282 
 561 L E   0.009 0.561 0.001 0.022 0.009 0.012 0.060 0.325 
 562 G E   0.010 0.508 0.001 0.022 0.009 0.013 0.063 0.375 
 563 S E   0.010 0.451 0.001 0.020 0.009 0.013 0.066 0.429 
 564 P _   0.011 0.396 0.001 0.019 0.008 0.014 0.069 0.483 
 565 R _   0.011 0.348 0.001 0.017 0.007 0.014 0.072 0.531 
 566 F _   0.010 0.309 0.001 0.015 0.006 0.013 0.074 0.572 
 567 H _   0.010 0.278 0.001 0.013 0.005 0.013 0.077 0.603 
 568 R _   0.009 0.256 0.001 0.012 0.005 0.013 0.079 0.626 
 569 R _   0.008 0.241 0.001 0.012 0.005 0.012 0.080 0.641 
 570 K _   0.008 0.230 0.001 0.012 0.004 0.012 0.082 0.652 
 571 M _   0.008 0.222 0.001 0.013 0.004 0.012 0.083 0.658 
 572 Q _   0.007 0.215 0.001 0.014 0.005 0.012 0.084 0.662 
 573 V _   0.007 0.210 0.001 0.016 0.005 0.012 0.085 0.665 
 574 P _   0.007 0.204 0.001 0.017 0.005 0.011 0.086 0.668 
 575 T _   0.007 0.197 0.001 0.019 0.006 0.011 0.087 0.672 
 576 A _   0.007 0.189 0.001 0.020 0.006 0.011 0.089 0.677 
 577 E _   0.007 0.178 0.001 0.021 0.006 0.011 0.091 0.685 
 578 E _   0.007 0.165 0.001 0.020 0.006 0.011 0.093 0.697 
 579 M _   0.007 0.149 0.001 0.019 0.005 0.010 0.096 0.713 
 580 S _   0.007 0.130 0.001 0.017 0.005 0.010 0.099 0.732 
 581 S _   0.007 0.111 0.001 0.015 0.004 0.009 0.101 0.752 
 582 L _   0.007 0.092 0.001 0.012 0.004 0.008 0.104 0.772 
 583 T _   0.006 0.077 0.000 0.010 0.003 0.008 0.106 0.790 
 584 P _   0.006 0.065 0.000 0.008 0.003 0.007 0.108 0.803 
 585 E _   0.005 0.058 0.000 0.006 0.002 0.007 0.109 0.812 
 586 S _   0.005 0.053 0.000 0.006 0.002 0.007 0.110 0.817 
 587 S _   0.005 0.051 0.000 0.006 0.002 0.008 0.110 0.818 
 588 P _   0.006 0.052 0.000 0.007 0.003 0.009 0.109 0.815 
 589 E _   0.006 0.054 0.000 0.009 0.003 0.010 0.109 0.808 
 590 L _   0.007 0.059 0.000 0.012 0.004 0.012 0.108 0.798 
 591 A _   0.008 0.065 0.001 0.017 0.006 0.014 0.107 0.784 
 592 K _   0.008 0.072 0.001 0.022 0.007 0.015 0.106 0.768 
 593 R _   0.009 0.077 0.001 0.028 0.009 0.016 0.106 0.755 
 594 S _   0.009 0.081 0.001 0.031 0.010 0.017 0.106 0.746 
 595 W _   0.009 0.082 0.001 0.033 0.010 0.017 0.106 0.741 
 596 F _   0.010 0.080 0.001 0.032 0.010 0.016 0.108 0.743 
 597 G _   0.010 0.076 0.001 0.029 0.009 0.015 0.109 0.750 
 598 N _   0.010 0.069 0.001 0.025 0.008 0.014 0.111 0.762 
 599 F _   0.009 0.060 0.001 0.019 0.007 0.013 0.114 0.776 
 600 I _   0.009 0.050 0.001 0.015 0.006 0.013 0.117 0.791 
 601 S _   0.009 0.041 0.001 0.011 0.005 0.012 0.119 0.802 
 602 L _   0.009 0.034 0.000 0.009 0.004 0.012 0.121 0.810 
 603 D _   0.009 0.030 0.000 0.008 0.004 0.012 0.123 0.812 
 604 K _   0.010 0.028 0.000 0.009 0.004 0.013 0.125 0.811 
 605 E _   0.011 0.028 0.001 0.011 0.005 0.013 0.127 0.806 
 606 E _   0.011 0.028 0.001 0.014 0.006 0.014 0.129 0.798 
 607 Q _   0.012 0.028 0.001 0.017 0.007 0.015 0.131 0.790 
 608 I _   0.012 0.028 0.001 0.020 0.007 0.015 0.133 0.784 
 609 F _   0.012 0.027 0.001 0.022 0.007 0.015 0.135 0.781 
 610 L _   0.011 0.024 0.001 0.021 0.007 0.014 0.138 0.784 
 611 V _   0.010 0.021 0.001 0.018 0.006 0.013 0.141 0.790 
 612 L _   0.010 0.016 0.001 0.015 0.005 0.012 0.144 0.799 
 613 K _   0.009 0.011 0.001 0.010 0.004 0.011 0.146 0.808 
 614 D _   0.009 0.006 0.000 0.007 0.003 0.011 0.149 0.816 
 615 K _   0.009 0.003 0.000 0.004 0.002 0.011 0.150 0.820 
 616 P _   0.010 0.002 0.000 0.003 0.002 0.012 0.152 0.820 
 617 L _   0.013 0.001 0.000 0.002 0.002 0.014 0.152 0.814 
 618 S _   0.019 0.001 0.000 0.003 0.003 0.019 0.153 0.802 
 619 S _   0.029 0.002 0.001 0.003 0.006 0.025 0.153 0.782 
 620 I _   0.042 0.005 0.001 0.006 0.010 0.034 0.153 0.750 
 621 K _   0.058 0.012 0.001 0.010 0.018 0.045 0.152 0.705 
 622 A _   0.074 0.025 0.002 0.016 0.028 0.055 0.152 0.649 
 623 D _   0.088 0.043 0.002 0.025 0.039 0.063 0.151 0.589 
 624 I _   0.099 0.062 0.003 0.033 0.048 0.069 0.152 0.535 
 625 V _   0.107 0.075 0.003 0.040 0.054 0.071 0.153 0.497 
 626 H _   0.111 0.083 0.003 0.044 0.057 0.072 0.156 0.475 
 627 A _   0.112 0.086 0.003 0.045 0.056 0.070 0.160 0.469 
 628 F _   0.111 0.085 0.003 0.041 0.053 0.066 0.165 0.475 
 629 L _   0.107 0.081 0.003 0.036 0.047 0.062 0.172 0.494 
 630 S _   0.099 0.073 0.002 0.029 0.040 0.057 0.179 0.521 
 631 I _   0.089 0.063 0.002 0.022 0.032 0.051 0.188 0.553 
 632 P _   0.078 0.052 0.002 0.017 0.025 0.046 0.197 0.583 
 633 S _   0.067 0.044 0.001 0.014 0.019 0.041 0.206 0.608 
 634 L _   0.057 0.039 0.001 0.012 0.015 0.036 0.214 0.626 
 635 S _   0.048 0.035 0.001 0.011 0.012 0.033 0.222 0.638 
 636 H _   0.040 0.033 0.001 0.012 0.010 0.029 0.230 0.644 
 637 S _   0.034 0.033 0.001 0.013 0.010 0.026 0.237 0.646 
 638 V _   0.028 0.032 0.001 0.015 0.009 0.024 0.245 0.646 
 639 L _   0.023 0.032 0.001 0.017 0.009 0.021 0.252 0.645 
 640 S _   0.020 0.031 0.001 0.018 0.008 0.019 0.260 0.643 
 641 Q _   0.017 0.030 0.001 0.018 0.008 0.017 0.268 0.641 
 642 T _   0.014 0.028 0.001 0.018 0.007 0.015 0.276 0.641 
 643 S _   0.012 0.026 0.001 0.016 0.006 0.013 0.285 0.642 
 644 F _   0.010 0.023 0.001 0.014 0.005 0.011 0.294 0.643 
 645 R _   0.008 0.020 0.001 0.011 0.004 0.009 0.302 0.644 
 646 A _   0.007 0.017 0.000 0.009 0.003 0.008 0.310 0.644 
 647 E _   0.006 0.015 0.000 0.007 0.003 0.007 0.318 0.644 
 648 Y _   0.006 0.014 0.000 0.006 0.002 0.006 0.325 0.642 
 649 K _   0.005 0.013 0.000 0.005 0.002 0.006 0.330 0.639 
 650 A _   0.005 0.013 0.000 0.004 0.002 0.006 0.335 0.634 
 651 S _   0.005 0.014 0.000 0.004 0.002 0.006 0.340 0.629 
 652 G _   0.005 0.017 0.000 0.005 0.002 0.007 0.343 0.620 
 653 G _   0.006 0.021 0.000 0.007 0.003 0.009 0.346 0.608 
 654 P _   0.006 0.029 0.000 0.010 0.004 0.011 0.349 0.591 
 655 S _   0.007 0.041 0.001 0.014 0.005 0.013 0.351 0.568 
 656 V _   0.008 0.058 0.001 0.020 0.007 0.015 0.354 0.538 
 657 F _   0.009 0.076 0.001 0.027 0.009 0.017 0.357 0.505 
 658 Q _   0.009 0.094 0.001 0.034 0.011 0.018 0.360 0.473 
 659 K _   0.009 0.108 0.001 0.042 0.012 0.019 0.365 0.445 
 660 P _   0.009 0.117 0.001 0.047 0.013 0.019 0.371 0.423 
 661 V _   0.009 0.122 0.001 0.051 0.013 0.018 0.379 0.406 
 662 R _   0.009 0.123 0.001 0.052 0.013 0.018 0.390 0.395 
 663 F X   0.008 0.121 0.001 0.050 0.012 0.016 0.403 0.389 
