#TopoPred_TM8: 8-state transmembrane topology prediction results by no_profile mode 
#probabilities are in the order of H E C I L F X _, the 8 transmembrane topology types used in PDBTM 
   1 M _   0.022 0.000 0.002 0.017 0.010 0.011 0.276 0.662 
   2 G _   0.009 0.000 0.000 0.004 0.002 0.005 0.278 0.702 
   3 A _   0.008 0.000 0.000 0.002 0.001 0.003 0.274 0.712 
   4 A _   0.029 0.000 0.000 0.001 0.002 0.005 0.261 0.701 
   5 A _   0.112 0.000 0.001 0.001 0.006 0.009 0.229 0.643 
   6 K _   0.299 0.000 0.002 0.001 0.012 0.015 0.171 0.501 
   7 L H   0.511 0.000 0.002 0.001 0.016 0.017 0.117 0.335 
   8 A H   0.675 0.000 0.002 0.001 0.019 0.017 0.076 0.210 
   9 F H   0.777 0.000 0.002 0.001 0.021 0.015 0.051 0.134 
  10 A H   0.831 0.000 0.001 0.001 0.021 0.013 0.038 0.094 
  11 V H   0.859 0.000 0.001 0.001 0.021 0.011 0.031 0.076 
  12 F H   0.872 0.000 0.001 0.001 0.020 0.009 0.027 0.070 
  13 L H   0.873 0.000 0.001 0.001 0.019 0.008 0.024 0.074 
  14 I H   0.862 0.000 0.001 0.001 0.018 0.008 0.023 0.087 
  15 S H   0.837 0.000 0.001 0.001 0.018 0.008 0.022 0.113 
  16 C H   0.797 0.000 0.001 0.001 0.017 0.008 0.022 0.155 
  17 S H   0.735 0.000 0.001 0.001 0.015 0.009 0.022 0.217 
  18 S H   0.655 0.000 0.001 0.001 0.014 0.010 0.024 0.296 
  19 G H   0.563 0.000 0.001 0.001 0.012 0.010 0.026 0.387 
  20 A _   0.466 0.000 0.001 0.002 0.010 0.011 0.029 0.481 
  21 I _   0.372 0.000 0.001 0.002 0.009 0.012 0.032 0.572 
  22 L _   0.288 0.000 0.001 0.002 0.007 0.013 0.036 0.652 
  23 G _   0.218 0.000 0.001 0.003 0.007 0.015 0.039 0.718 
  24 R _   0.164 0.000 0.001 0.004 0.007 0.016 0.042 0.766 
  25 S _   0.125 0.001 0.001 0.006 0.007 0.018 0.044 0.798 
  26 E _   0.095 0.003 0.001 0.009 0.008 0.019 0.047 0.818 
  27 T _   0.072 0.007 0.001 0.013 0.010 0.020 0.049 0.828 
  28 Q _   0.055 0.012 0.001 0.019 0.011 0.021 0.052 0.829 
  29 E _   0.043 0.017 0.001 0.026 0.012 0.021 0.054 0.826 
  30 C _   0.034 0.022 0.001 0.032 0.012 0.021 0.057 0.821 
  31 L _   0.027 0.025 0.001 0.035 0.012 0.020 0.060 0.819 
  32 F _   0.022 0.026 0.001 0.036 0.011 0.018 0.063 0.822 
  33 F _   0.018 0.026 0.001 0.033 0.010 0.016 0.067 0.829 
  34 N _   0.015 0.024 0.001 0.029 0.008 0.014 0.072 0.838 
  35 A _   0.013 0.020 0.001 0.022 0.006 0.012 0.076 0.850 
  36 N _   0.011 0.015 0.001 0.016 0.004 0.010 0.080 0.863 
  37 W _   0.009 0.011 0.000 0.010 0.003 0.008 0.084 0.874 
  38 E _   0.008 0.008 0.000 0.007 0.002 0.007 0.088 0.881 
  39 K _   0.007 0.006 0.000 0.005 0.002 0.006 0.090 0.885 
  40 D _   0.006 0.005 0.000 0.004 0.002 0.005 0.092 0.885 
  41 R _   0.006 0.005 0.000 0.004 0.002 0.006 0.094 0.884 
  42 T _   0.006 0.005 0.000 0.005 0.002 0.006 0.095 0.880 
  43 N _   0.006 0.007 0.000 0.007 0.002 0.007 0.096 0.875 
  44 Q _   0.007 0.009 0.000 0.009 0.003 0.008 0.096 0.868 
  45 T _   0.007 0.012 0.000 0.012 0.003 0.008 0.097 0.860 
  46 G _   0.007 0.015 0.000 0.014 0.004 0.009 0.097 0.853 
  47 V _   0.007 0.018 0.000 0.016 0.004 0.009 0.097 0.850 
  48 E _   0.006 0.020 0.000 0.015 0.004 0.009 0.097 0.849 
  49 P _   0.006 0.021 0.000 0.014 0.003 0.008 0.098 0.850 
  50 C _   0.005 0.021 0.000 0.011 0.003 0.008 0.098 0.854 
  51 Y _   0.005 0.022 0.000 0.009 0.002 0.007 0.097 0.857 
  52 G _   0.004 0.023 0.000 0.007 0.002 0.007 0.097 0.859 
  53 D _   0.004 0.025 0.000 0.006 0.002 0.007 0.096 0.859 
  54 K _   0.005 0.028 0.000 0.006 0.002 0.008 0.095 0.855 
  55 D _   0.005 0.036 0.000 0.008 0.003 0.009 0.093 0.846 
  56 K _   0.006 0.050 0.001 0.010 0.004 0.011 0.090 0.828 
  57 R _   0.007 0.074 0.001 0.015 0.006 0.013 0.087 0.798 
  58 R _   0.007 0.110 0.001 0.020 0.008 0.015 0.083 0.756 
  59 H _   0.007 0.155 0.001 0.026 0.009 0.017 0.078 0.707 
  60 C _   0.007 0.199 0.001 0.030 0.010 0.017 0.074 0.661 
  61 F _   0.007 0.235 0.001 0.032 0.010 0.017 0.071 0.626 
  62 A _   0.007 0.261 0.001 0.033 0.010 0.017 0.068 0.602 
  63 T _   0.007 0.279 0.001 0.031 0.010 0.017 0.067 0.588 
  64 W _   0.007 0.291 0.001 0.028 0.009 0.018 0.065 0.581 
  65 K _   0.007 0.298 0.001 0.025 0.009 0.018 0.064 0.577 
  66 N _   0.008 0.303 0.001 0.022 0.009 0.019 0.064 0.575 
  67 I _   0.009 0.307 0.001 0.019 0.009 0.019 0.063 0.571 
  68 S _   0.010 0.312 0.001 0.018 0.009 0.021 0.063 0.566 
  69 G _   0.012 0.319 0.001 0.018 0.010 0.022 0.063 0.556 
  70 S _   0.013 0.328 0.001 0.019 0.011 0.023 0.063 0.542 
  71 I _   0.015 0.339 0.001 0.021 0.012 0.024 0.063 0.524 
  72 E _   0.016 0.352 0.001 0.025 0.014 0.025 0.063 0.505 
  73 I _   0.016 0.364 0.001 0.029 0.015 0.025 0.063 0.487 
  74 V _   0.016 0.373 0.001 0.034 0.015 0.024 0.063 0.473 
  75 K _   0.016 0.378 0.001 0.037 0.016 0.023 0.064 0.465 
  76 Q _   0.015 0.379 0.001 0.040 0.015 0.022 0.066 0.463 
  77 G _   0.014 0.374 0.001 0.040 0.014 0.021 0.068 0.468 
  78 C _   0.014 0.362 0.001 0.040 0.013 0.019 0.071 0.480 
  79 W _   0.013 0.343 0.001 0.038 0.012 0.018 0.074 0.501 
  80 L _   0.012 0.314 0.001 0.035 0.011 0.016 0.079 0.532 
  81 D _   0.012 0.275 0.001 0.031 0.010 0.015 0.084 0.573 
  82 D _   0.012 0.229 0.001 0.026 0.008 0.013 0.091 0.620 
  83 I _   0.011 0.182 0.001 0.022 0.007 0.012 0.097 0.668 
  84 N _   0.010 0.141 0.001 0.018 0.005 0.011 0.103 0.711 
  85 C _   0.009 0.108 0.001 0.014 0.004 0.010 0.108 0.746 
  86 Y _   0.009 0.083 0.000 0.011 0.003 0.009 0.112 0.772 
  87 D _   0.008 0.067 0.000 0.009 0.003 0.008 0.115 0.790 
  88 R _   0.007 0.055 0.000 0.008 0.002 0.007 0.118 0.803 
  89 T _   0.006 0.048 0.000 0.006 0.002 0.007 0.119 0.813 
  90 D _   0.005 0.043 0.000 0.005 0.002 0.006 0.119 0.819 
  91 C _   0.004 0.041 0.000 0.005 0.001 0.006 0.118 0.824 
  92 V _   0.004 0.041 0.000 0.005 0.001 0.006 0.117 0.826 
  93 E _   0.004 0.042 0.000 0.005 0.002 0.007 0.115 0.825 
  94 K _   0.005 0.046 0.000 0.006 0.002 0.009 0.112 0.821 
  95 K _   0.006 0.056 0.000 0.008 0.003 0.011 0.107 0.808 
  96 D _   0.007 0.078 0.001 0.013 0.005 0.015 0.101 0.779 
  97 S _   0.009 0.122 0.001 0.021 0.010 0.019 0.093 0.725 
  98 P _   0.011 0.201 0.002 0.032 0.015 0.023 0.082 0.635 
  99 E _   0.011 0.305 0.002 0.044 0.019 0.025 0.070 0.523 
 100 V _   0.010 0.402 0.002 0.055 0.020 0.024 0.060 0.426 
 101 Y E   0.009 0.467 0.002 0.062 0.019 0.023 0.053 0.365 
 102 F E   0.008 0.502 0.001 0.066 0.018 0.022 0.049 0.334 
 103 C E   0.008 0.518 0.001 0.067 0.016 0.021 0.047 0.323 
 104 C E   0.007 0.522 0.001 0.064 0.015 0.019 0.045 0.325 
 105 C E   0.007 0.517 0.001 0.059 0.014 0.018 0.044 0.339 
 106 E E   0.007 0.502 0.001 0.051 0.013 0.017 0.044 0.366 
 107 G E   0.008 0.472 0.001 0.041 0.012 0.015 0.044 0.407 
 108 N _   0.008 0.431 0.001 0.031 0.010 0.015 0.045 0.459 
 109 M _   0.009 0.385 0.001 0.023 0.008 0.014 0.046 0.513 
 110 C _   0.009 0.344 0.001 0.017 0.007 0.014 0.046 0.562 
 111 N _   0.009 0.315 0.001 0.013 0.005 0.014 0.047 0.597 
 112 E _   0.009 0.298 0.001 0.010 0.004 0.014 0.047 0.618 
 113 K _   0.008 0.289 0.000 0.010 0.004 0.014 0.047 0.627 
 114 F _   0.008 0.286 0.000 0.011 0.004 0.014 0.047 0.629 
 115 S _   0.008 0.286 0.001 0.014 0.005 0.015 0.046 0.625 
 116 Y _   0.009 0.289 0.001 0.018 0.006 0.015 0.045 0.617 
 117 F _   0.009 0.293 0.001 0.024 0.007 0.016 0.044 0.606 
 118 P _   0.009 0.295 0.001 0.029 0.008 0.016 0.044 0.598 
 119 E _   0.009 0.295 0.001 0.034 0.009 0.015 0.043 0.593 
 120 M _   0.010 0.290 0.001 0.037 0.010 0.015 0.044 0.595 
 121 E _   0.010 0.278 0.001 0.038 0.010 0.014 0.044 0.605 
 122 V _   0.010 0.258 0.001 0.037 0.009 0.014 0.045 0.627 
 123 T _   0.010 0.225 0.001 0.033 0.009 0.013 0.047 0.662 
 124 Q _   0.010 0.181 0.001 0.029 0.008 0.012 0.049 0.711 
 125 P _   0.010 0.130 0.001 0.023 0.007 0.011 0.052 0.768 
 126 T _   0.010 0.081 0.001 0.016 0.005 0.009 0.054 0.823 
 127 S _   0.009 0.044 0.001 0.011 0.004 0.008 0.055 0.869 
 128 N _   0.008 0.021 0.000 0.007 0.002 0.006 0.056 0.899 
 129 P _   0.007 0.009 0.000 0.004 0.002 0.005 0.056 0.917 
 130 V _   0.007 0.003 0.000 0.003 0.001 0.004 0.055 0.926 
 131 T _   0.008 0.001 0.000 0.002 0.001 0.004 0.054 0.929 
 132 P _   0.013 0.000 0.000 0.002 0.001 0.004 0.052 0.928 
 133 K _   0.022 0.000 0.000 0.002 0.001 0.005 0.049 0.920 
 134 P _   0.042 0.000 0.000 0.002 0.002 0.007 0.046 0.901 
 135 P _   0.079 0.000 0.000 0.002 0.003 0.009 0.041 0.866 
 136 Y _   0.138 0.000 0.001 0.002 0.005 0.011 0.035 0.809 
 137 Y _   0.219 0.000 0.001 0.002 0.006 0.012 0.029 0.731 
 138 N _   0.314 0.000 0.001 0.002 0.008 0.013 0.022 0.640 
 139 I _   0.413 0.000 0.001 0.001 0.009 0.013 0.017 0.546 
 140 L H   0.510 0.000 0.001 0.001 0.009 0.012 0.013 0.454 
 141 L H   0.601 0.000 0.001 0.001 0.009 0.011 0.010 0.368 
 142 Y H   0.685 0.000 0.001 0.001 0.009 0.009 0.007 0.289 
 143 S H   0.758 0.000 0.001 0.000 0.008 0.007 0.005 0.220 
 144 L H   0.819 0.000 0.001 0.000 0.008 0.006 0.004 0.162 
 145 V H   0.870 0.000 0.001 0.000 0.007 0.005 0.003 0.114 
 146 P H   0.905 0.000 0.001 0.000 0.007 0.004 0.003 0.081 
 147 L H   0.930 0.000 0.001 0.000 0.007 0.003 0.002 0.057 
 148 M H   0.946 0.000 0.001 0.000 0.007 0.003 0.002 0.042 
 149 L H   0.955 0.000 0.001 0.000 0.007 0.002 0.002 0.033 
 150 I H   0.959 0.000 0.001 0.000 0.007 0.002 0.002 0.030 
 151 A H   0.958 0.000 0.001 0.000 0.007 0.002 0.002 0.030 
 152 G H   0.952 0.000 0.001 0.000 0.008 0.002 0.002 0.035 
 153 I H   0.943 0.000 0.001 0.000 0.009 0.003 0.002 0.043 
 154 V H   0.926 0.000 0.001 0.000 0.010 0.003 0.003 0.057 
 155 I H   0.903 0.000 0.001 0.000 0.011 0.004 0.003 0.078 
 156 C H   0.868 0.000 0.001 0.000 0.012 0.005 0.005 0.109 
 157 A H   0.819 0.000 0.001 0.001 0.013 0.005 0.007 0.154 
 158 F H   0.754 0.000 0.001 0.001 0.013 0.007 0.011 0.213 
 159 W H   0.675 0.000 0.001 0.001 0.013 0.008 0.017 0.286 
 160 V H   0.581 0.000 0.001 0.001 0.012 0.009 0.025 0.371 
 161 Y H   0.481 0.000 0.001 0.001 0.011 0.010 0.035 0.461 
 162 R _   0.386 0.000 0.001 0.002 0.009 0.011 0.046 0.544 
 163 H _   0.304 0.000 0.001 0.002 0.009 0.012 0.059 0.613 
 164 H _   0.236 0.000 0.001 0.003 0.008 0.013 0.072 0.667 
 165 K _   0.181 0.000 0.001 0.005 0.008 0.014 0.085 0.706 
 166 M _   0.137 0.001 0.001 0.008 0.008 0.015 0.097 0.732 
 167 A _   0.103 0.002 0.001 0.012 0.008 0.016 0.110 0.748 
 168 Y _   0.077 0.004 0.001 0.016 0.008 0.016 0.121 0.755 
 169 P _   0.058 0.005 0.001 0.020 0.008 0.016 0.133 0.757 
 170 P _   0.045 0.006 0.001 0.023 0.008 0.015 0.145 0.757 
 171 V _   0.034 0.007 0.001 0.024 0.007 0.014 0.158 0.756 
 172 L _   0.026 0.006 0.001 0.022 0.006 0.013 0.170 0.756 
 173 V _   0.020 0.006 0.001 0.019 0.005 0.011 0.183 0.756 
 174 P _   0.016 0.005 0.000 0.014 0.004 0.009 0.194 0.758 
 175 T _   0.013 0.003 0.000 0.010 0.003 0.007 0.204 0.760 
 176 Q _   0.010 0.002 0.000 0.007 0.002 0.006 0.213 0.761 
 177 D _   0.008 0.001 0.000 0.004 0.001 0.004 0.219 0.761 
 178 P _   0.006 0.001 0.000 0.003 0.001 0.003 0.224 0.762 
 179 G _   0.005 0.000 0.000 0.002 0.001 0.003 0.227 0.762 
 180 P _   0.004 0.000 0.000 0.001 0.001 0.003 0.228 0.762 
 181 P _   0.004 0.000 0.000 0.001 0.001 0.003 0.229 0.763 
 182 P _   0.004 0.001 0.000 0.001 0.001 0.003 0.227 0.763 
 183 P _   0.004 0.001 0.000 0.002 0.001 0.004 0.225 0.762 
 184 S _   0.005 0.003 0.000 0.003 0.001 0.006 0.221 0.760 
 185 P _   0.006 0.008 0.000 0.006 0.002 0.009 0.215 0.754 
 186 L _   0.007 0.019 0.000 0.010 0.004 0.012 0.207 0.741 
 187 L _   0.007 0.037 0.001 0.016 0.005 0.015 0.197 0.721 
 188 G _   0.008 0.062 0.001 0.022 0.007 0.018 0.186 0.697 
 189 L _   0.008 0.088 0.001 0.029 0.009 0.020 0.174 0.673 
 190 K _   0.008 0.109 0.001 0.033 0.010 0.020 0.163 0.656 
 191 P _   0.007 0.123 0.001 0.035 0.010 0.021 0.154 0.648 
 192 L _   0.007 0.133 0.001 0.035 0.010 0.021 0.147 0.646 
 193 Q _   0.007 0.138 0.001 0.034 0.010 0.021 0.141 0.649 
 194 L _   0.007 0.140 0.001 0.031 0.009 0.021 0.135 0.655 
 195 L _   0.007 0.140 0.001 0.027 0.009 0.021 0.131 0.664 
 196 E _   0.008 0.138 0.001 0.023 0.009 0.021 0.127 0.674 
 197 V _   0.009 0.135 0.001 0.019 0.008 0.022 0.123 0.682 
 198 K _   0.011 0.132 0.001 0.017 0.008 0.023 0.120 0.689 
 199 A _   0.013 0.129 0.001 0.015 0.009 0.024 0.117 0.692 
 200 R _   0.015 0.128 0.001 0.014 0.009 0.025 0.115 0.693 
 201 G _   0.017 0.127 0.001 0.015 0.011 0.027 0.112 0.691 
 202 R _   0.019 0.128 0.001 0.016 0.012 0.028 0.109 0.686 
 203 F _   0.022 0.129 0.001 0.019 0.013 0.030 0.107 0.679 
 204 G _   0.024 0.130 0.001 0.021 0.015 0.031 0.105 0.674 
 205 C _   0.025 0.130 0.001 0.023 0.016 0.031 0.103 0.671 
 206 V _   0.027 0.128 0.001 0.023 0.016 0.031 0.102 0.672 
 207 W _   0.028 0.124 0.001 0.023 0.015 0.031 0.100 0.678 
 208 K _   0.029 0.118 0.001 0.021 0.015 0.030 0.100 0.687 
 209 A _   0.029 0.111 0.001 0.018 0.014 0.029 0.099 0.699 
 210 Q _   0.030 0.103 0.001 0.015 0.012 0.028 0.099 0.712 
 211 L _   0.030 0.096 0.001 0.014 0.011 0.027 0.098 0.722 
 212 L _   0.030 0.090 0.001 0.013 0.011 0.027 0.098 0.730 
 213 N _   0.031 0.087 0.001 0.013 0.011 0.027 0.098 0.733 
 214 E _   0.031 0.085 0.001 0.015 0.011 0.026 0.098 0.732 
 215 Y _   0.032 0.085 0.001 0.017 0.012 0.026 0.098 0.729 
 216 V _   0.032 0.084 0.001 0.020 0.012 0.025 0.099 0.725 
 217 A _   0.031 0.083 0.001 0.023 0.013 0.024 0.100 0.724 
 218 V _   0.030 0.081 0.001 0.026 0.012 0.023 0.101 0.726 
 219 K _   0.027 0.076 0.001 0.026 0.012 0.021 0.102 0.735 
 220 I _   0.024 0.068 0.001 0.025 0.010 0.019 0.104 0.749 
 221 F _   0.021 0.058 0.001 0.021 0.009 0.016 0.106 0.768 
 222 P _   0.018 0.045 0.001 0.017 0.007 0.014 0.108 0.790 
 223 I _   0.015 0.032 0.001 0.013 0.005 0.012 0.110 0.813 
 224 Q _   0.012 0.021 0.000 0.009 0.004 0.010 0.111 0.832 
 225 D _   0.010 0.013 0.000 0.006 0.003 0.008 0.112 0.846 
 226 K _   0.008 0.009 0.000 0.005 0.002 0.007 0.113 0.856 
 227 Q _   0.007 0.007 0.000 0.004 0.002 0.007 0.113 0.861 
 228 S _   0.006 0.006 0.000 0.004 0.002 0.006 0.112 0.864 
 229 W _   0.006 0.006 0.000 0.004 0.002 0.007 0.111 0.864 
 230 Q _   0.006 0.006 0.000 0.005 0.002 0.007 0.109 0.863 
 231 N _   0.006 0.008 0.000 0.007 0.003 0.008 0.108 0.860 
 232 E _   0.006 0.010 0.000 0.010 0.004 0.009 0.106 0.855 
 233 Y _   0.007 0.013 0.001 0.012 0.004 0.010 0.103 0.850 
 234 E _   0.007 0.016 0.001 0.015 0.005 0.011 0.101 0.845 
 235 V _   0.007 0.018 0.001 0.016 0.005 0.012 0.099 0.842 
 236 Y _   0.007 0.020 0.001 0.016 0.006 0.013 0.096 0.841 
 237 S _   0.007 0.022 0.001 0.016 0.006 0.013 0.095 0.841 
 238 L _   0.008 0.023 0.001 0.015 0.006 0.014 0.093 0.842 
 239 P _   0.008 0.023 0.001 0.013 0.006 0.015 0.091 0.843 
 240 G _   0.009 0.024 0.001 0.012 0.006 0.016 0.089 0.843 
 241 M _   0.010 0.026 0.001 0.011 0.006 0.017 0.087 0.841 
 242 K _   0.012 0.028 0.001 0.012 0.007 0.019 0.086 0.835 
 243 H _   0.014 0.032 0.001 0.014 0.008 0.022 0.084 0.826 
 244 E _   0.016 0.037 0.001 0.018 0.011 0.024 0.081 0.813 
 245 N _   0.018 0.044 0.001 0.023 0.013 0.026 0.079 0.796 
 246 I _   0.019 0.051 0.001 0.029 0.016 0.028 0.077 0.778 
 247 L _   0.020 0.057 0.001 0.036 0.018 0.029 0.076 0.763 
 248 Q _   0.021 0.060 0.001 0.041 0.019 0.030 0.074 0.753 
 249 F _   0.021 0.061 0.001 0.043 0.018 0.029 0.073 0.752 
 250 I _   0.021 0.059 0.001 0.042 0.017 0.028 0.073 0.759 
 251 G _   0.020 0.054 0.001 0.037 0.015 0.026 0.073 0.773 
 252 A _   0.020 0.044 0.001 0.030 0.013 0.024 0.073 0.795 
 253 E _   0.019 0.032 0.001 0.021 0.010 0.022 0.074 0.821 
 254 K _   0.020 0.020 0.001 0.013 0.007 0.021 0.074 0.845 
 255 R _   0.020 0.010 0.001 0.008 0.005 0.020 0.074 0.861 
 256 G _   0.022 0.005 0.000 0.004 0.004 0.021 0.074 0.869 
 257 T _   0.026 0.003 0.000 0.003 0.004 0.022 0.074 0.867 
 258 S _   0.034 0.002 0.000 0.003 0.005 0.026 0.073 0.857 
 259 V _   0.046 0.003 0.001 0.004 0.008 0.032 0.072 0.835 
 260 D _   0.061 0.006 0.001 0.006 0.014 0.040 0.071 0.801 
 261 V _   0.079 0.016 0.002 0.011 0.023 0.049 0.069 0.751 
 262 D _   0.094 0.035 0.002 0.021 0.035 0.057 0.067 0.689 
 263 L _   0.104 0.061 0.003 0.033 0.044 0.061 0.066 0.628 
 264 W _   0.108 0.082 0.003 0.046 0.050 0.063 0.065 0.583 
 265 L _   0.108 0.095 0.003 0.057 0.052 0.062 0.065 0.559 
 266 I _   0.102 0.100 0.003 0.062 0.050 0.058 0.066 0.557 
 267 T _   0.095 0.100 0.003 0.062 0.046 0.053 0.068 0.574 
 268 A _   0.083 0.094 0.003 0.055 0.039 0.047 0.070 0.610 
 269 F _   0.070 0.080 0.002 0.044 0.030 0.040 0.072 0.661 
 270 H _   0.057 0.059 0.002 0.031 0.021 0.033 0.075 0.722 
 271 E _   0.045 0.036 0.001 0.019 0.014 0.027 0.078 0.781 
 272 K _   0.033 0.018 0.001 0.011 0.008 0.021 0.080 0.828 
 273 G _   0.025 0.007 0.001 0.006 0.005 0.017 0.081 0.858 
 274 S _   0.020 0.003 0.000 0.004 0.003 0.015 0.081 0.874 
 275 L _   0.017 0.001 0.000 0.003 0.003 0.013 0.081 0.881 
 276 S _   0.016 0.001 0.000 0.003 0.003 0.014 0.081 0.882 
 277 D _   0.018 0.001 0.000 0.004 0.003 0.015 0.081 0.879 
 278 F _   0.021 0.001 0.000 0.005 0.004 0.017 0.081 0.872 
 279 L _   0.026 0.001 0.001 0.006 0.005 0.019 0.080 0.863 
 280 K _   0.033 0.001 0.001 0.007 0.006 0.022 0.079 0.850 
 281 A _   0.043 0.001 0.001 0.008 0.008 0.025 0.078 0.836 
 282 N _   0.056 0.001 0.001 0.009 0.009 0.028 0.077 0.820 
 283 V _   0.073 0.001 0.001 0.008 0.011 0.032 0.075 0.799 
 284 V _   0.095 0.001 0.001 0.008 0.013 0.036 0.074 0.774 
 285 S _   0.121 0.001 0.001 0.006 0.015 0.039 0.073 0.744 
 286 W _   0.150 0.000 0.001 0.005 0.017 0.043 0.072 0.711 
 287 N _   0.183 0.000 0.001 0.005 0.020 0.047 0.071 0.672 
 288 E _   0.216 0.000 0.001 0.005 0.024 0.050 0.071 0.632 
 289 L _   0.246 0.001 0.002 0.005 0.029 0.054 0.071 0.594 
 290 C _   0.274 0.001 0.002 0.005 0.034 0.056 0.072 0.557 
 291 H _   0.297 0.001 0.002 0.007 0.038 0.058 0.073 0.524 
 292 I _   0.314 0.002 0.002 0.008 0.042 0.058 0.075 0.498 
 293 A _   0.323 0.004 0.002 0.011 0.045 0.058 0.078 0.479 
 294 E _   0.323 0.006 0.002 0.014 0.046 0.056 0.082 0.471 
 295 T _   0.314 0.007 0.002 0.016 0.045 0.054 0.086 0.475 
 296 M _   0.296 0.008 0.002 0.018 0.043 0.050 0.092 0.490 
 297 A _   0.270 0.008 0.002 0.019 0.038 0.046 0.099 0.517 
 298 R _   0.237 0.008 0.002 0.020 0.033 0.041 0.106 0.552 
 299 G _   0.200 0.008 0.002 0.019 0.026 0.036 0.115 0.594 
 300 L _   0.161 0.007 0.002 0.018 0.020 0.031 0.124 0.637 
 301 A _   0.125 0.006 0.001 0.016 0.015 0.026 0.132 0.679 
 302 Y _   0.094 0.004 0.001 0.014 0.010 0.021 0.141 0.714 
 303 L _   0.068 0.003 0.001 0.012 0.007 0.017 0.149 0.742 
 304 H _   0.049 0.002 0.001 0.010 0.005 0.014 0.155 0.764 
 305 E _   0.034 0.002 0.000 0.008 0.004 0.011 0.161 0.781 
 306 D _   0.023 0.001 0.000 0.006 0.003 0.009 0.165 0.793 
 307 I _   0.016 0.001 0.000 0.005 0.002 0.007 0.168 0.801 
 308 P _   0.011 0.001 0.000 0.004 0.002 0.006 0.171 0.806 
 309 G _   0.008 0.001 0.000 0.003 0.001 0.005 0.172 0.809 
 310 L _   0.007 0.001 0.000 0.003 0.001 0.005 0.173 0.810 
 311 K _   0.005 0.001 0.000 0.004 0.001 0.005 0.173 0.810 
 312 D _   0.005 0.001 0.000 0.004 0.002 0.005 0.173 0.810 
 313 G _   0.005 0.001 0.000 0.006 0.002 0.006 0.172 0.808 
 314 H _   0.005 0.002 0.000 0.007 0.002 0.006 0.171 0.806 
 315 K _   0.005 0.003 0.000 0.010 0.003 0.007 0.170 0.804 
 316 P _   0.005 0.003 0.000 0.012 0.003 0.007 0.168 0.801 
 317 A _   0.005 0.004 0.000 0.014 0.003 0.008 0.166 0.800 
 318 I _   0.005 0.005 0.000 0.014 0.003 0.008 0.164 0.800 
 319 S _   0.004 0.005 0.000 0.014 0.003 0.008 0.162 0.802 
 320 H _   0.004 0.005 0.000 0.014 0.003 0.008 0.160 0.805 
 321 R _   0.004 0.005 0.000 0.013 0.003 0.008 0.159 0.809 
 322 D _   0.004 0.004 0.000 0.011 0.003 0.008 0.158 0.812 
 323 I _   0.004 0.003 0.000 0.010 0.003 0.008 0.156 0.816 
 324 K _   0.004 0.003 0.000 0.008 0.003 0.009 0.155 0.818 
 325 S _   0.005 0.003 0.000 0.007 0.003 0.009 0.153 0.820 
 326 K _   0.006 0.002 0.000 0.007 0.003 0.011 0.152 0.820 
 327 N _   0.008 0.002 0.000 0.006 0.003 0.013 0.150 0.818 
 328 V _   0.011 0.002 0.000 0.006 0.003 0.016 0.147 0.814 
 329 L _   0.017 0.003 0.000 0.006 0.004 0.020 0.144 0.805 
 330 L _   0.025 0.003 0.001 0.007 0.006 0.026 0.141 0.791 
 331 K _   0.037 0.005 0.001 0.007 0.010 0.033 0.137 0.770 
 332 N _   0.054 0.007 0.001 0.009 0.015 0.041 0.133 0.740 
 333 N _   0.074 0.012 0.001 0.010 0.023 0.050 0.129 0.700 
 334 L _   0.097 0.019 0.002 0.013 0.032 0.059 0.125 0.654 
 335 T _   0.119 0.029 0.002 0.017 0.041 0.065 0.122 0.604 
 336 A _   0.138 0.042 0.003 0.021 0.049 0.069 0.119 0.558 
 337 C _   0.153 0.056 0.003 0.026 0.054 0.070 0.117 0.521 
 338 I _   0.162 0.068 0.003 0.032 0.055 0.069 0.116 0.495 
 339 A _   0.164 0.077 0.003 0.036 0.054 0.066 0.116 0.483 
 340 D _   0.160 0.083 0.003 0.040 0.051 0.062 0.117 0.485 
 341 F _   0.152 0.084 0.003 0.041 0.046 0.056 0.119 0.499 
 342 G _   0.140 0.082 0.002 0.040 0.040 0.050 0.121 0.524 
 343 L _   0.123 0.077 0.002 0.038 0.032 0.044 0.124 0.560 
 344 A _   0.104 0.067 0.002 0.033 0.025 0.037 0.128 0.605 
 345 L _   0.084 0.054 0.002 0.027 0.018 0.030 0.132 0.653 
 346 K _   0.065 0.040 0.001 0.021 0.012 0.024 0.136 0.702 
 347 F _   0.048 0.026 0.001 0.015 0.008 0.019 0.139 0.745 
 348 E _   0.034 0.016 0.001 0.010 0.005 0.014 0.141 0.779 
 349 A _   0.024 0.009 0.000 0.007 0.003 0.011 0.142 0.804 
 350 G _   0.016 0.006 0.000 0.005 0.002 0.008 0.142 0.821 
 351 K _   0.011 0.004 0.000 0.003 0.002 0.006 0.142 0.832 
 352 S _   0.008 0.003 0.000 0.003 0.001 0.005 0.141 0.839 
 353 A _   0.006 0.003 0.000 0.003 0.001 0.005 0.139 0.843 
 354 G _   0.005 0.003 0.000 0.003 0.001 0.005 0.136 0.846 
 355 D _   0.005 0.004 0.000 0.004 0.002 0.006 0.132 0.846 
 356 T _   0.005 0.007 0.000 0.005 0.002 0.008 0.128 0.845 
 357 H _   0.006 0.011 0.000 0.008 0.003 0.010 0.123 0.840 
 358 G _   0.006 0.019 0.001 0.011 0.004 0.012 0.116 0.831 
 359 Q _   0.007 0.031 0.001 0.015 0.005 0.014 0.109 0.818 
 360 V _   0.008 0.045 0.001 0.020 0.007 0.017 0.101 0.802 
 361 G _   0.008 0.060 0.001 0.024 0.009 0.019 0.093 0.786 
 362 T _   0.009 0.074 0.001 0.028 0.010 0.022 0.085 0.771 
 363 R _   0.010 0.087 0.001 0.031 0.012 0.024 0.078 0.757 
 364 R _   0.011 0.098 0.001 0.033 0.014 0.026 0.071 0.746 
 365 Y _   0.012 0.107 0.001 0.035 0.015 0.028 0.065 0.736 
 366 M _   0.013 0.114 0.001 0.037 0.017 0.029 0.060 0.729 
 367 A _   0.014 0.118 0.001 0.039 0.018 0.031 0.055 0.724 
 368 P _   0.016 0.121 0.001 0.040 0.019 0.031 0.051 0.720 
 369 E _   0.018 0.122 0.001 0.041 0.019 0.032 0.047 0.720 
 370 V _   0.020 0.120 0.001 0.041 0.020 0.032 0.044 0.722 
 371 L _   0.023 0.116 0.001 0.041 0.019 0.031 0.041 0.727 
 372 E _   0.026 0.108 0.001 0.038 0.019 0.031 0.039 0.738 
 373 G _   0.030 0.096 0.002 0.034 0.018 0.029 0.036 0.755 
 374 A _   0.035 0.079 0.001 0.029 0.016 0.028 0.035 0.778 
 375 I _   0.042 0.058 0.001 0.023 0.014 0.026 0.033 0.803 
 376 N _   0.051 0.037 0.001 0.016 0.012 0.025 0.031 0.827 
 377 F _   0.064 0.019 0.001 0.011 0.010 0.023 0.029 0.843 
 378 Q _   0.080 0.008 0.001 0.007 0.008 0.021 0.027 0.849 
 379 R _   0.102 0.003 0.001 0.004 0.006 0.020 0.025 0.839 
 380 D _   0.133 0.001 0.001 0.003 0.006 0.019 0.023 0.816 
 381 A _   0.176 0.000 0.001 0.002 0.006 0.018 0.020 0.776 
 382 F _   0.237 0.000 0.001 0.001 0.007 0.018 0.018 0.718 
 383 L _   0.315 0.000 0.001 0.001 0.008 0.019 0.015 0.641 
 384 R _   0.408 0.000 0.001 0.001 0.010 0.019 0.012 0.548 
 385 I H   0.506 0.000 0.001 0.001 0.013 0.020 0.010 0.449 
 386 D H   0.598 0.000 0.001 0.001 0.016 0.020 0.008 0.355 
 387 M H   0.677 0.000 0.001 0.001 0.019 0.020 0.007 0.275 
 388 Y H   0.738 0.000 0.001 0.001 0.021 0.019 0.006 0.213 
 389 A H   0.779 0.000 0.001 0.001 0.023 0.018 0.006 0.171 
 390 M H   0.806 0.000 0.001 0.001 0.024 0.017 0.006 0.144 
 391 G H   0.818 0.000 0.001 0.001 0.025 0.016 0.007 0.131 
 392 L H   0.816 0.000 0.001 0.002 0.026 0.016 0.007 0.131 
 393 V H   0.801 0.000 0.002 0.002 0.027 0.016 0.008 0.144 
 394 L H   0.770 0.000 0.002 0.003 0.027 0.016 0.010 0.172 
 395 W H   0.721 0.000 0.002 0.003 0.026 0.016 0.013 0.218 
 396 E H   0.650 0.000 0.002 0.004 0.024 0.016 0.017 0.286 
 397 L H   0.559 0.000 0.002 0.005 0.021 0.016 0.022 0.374 
 398 A _   0.457 0.000 0.002 0.005 0.017 0.016 0.029 0.475 
 399 S _   0.355 0.000 0.001 0.005 0.013 0.015 0.036 0.574 
 400 R _   0.263 0.000 0.001 0.006 0.010 0.013 0.043 0.664 
 401 C _   0.184 0.000 0.001 0.005 0.007 0.012 0.049 0.742 
 402 T _   0.124 0.000 0.001 0.005 0.005 0.010 0.054 0.801 
 403 A _   0.080 0.000 0.001 0.004 0.004 0.009 0.059 0.844 
 404 A _   0.050 0.000 0.000 0.004 0.003 0.008 0.062 0.873 
 405 D _   0.032 0.000 0.000 0.003 0.002 0.007 0.064 0.891 
 406 G _   0.021 0.000 0.000 0.003 0.002 0.007 0.066 0.901 
 407 P _   0.015 0.001 0.000 0.003 0.002 0.007 0.067 0.905 
 408 V _   0.012 0.002 0.000 0.004 0.002 0.008 0.067 0.905 
 409 D _   0.011 0.003 0.000 0.006 0.003 0.009 0.068 0.900 
 410 E _   0.010 0.006 0.000 0.009 0.004 0.010 0.068 0.892 
 411 Y _   0.010 0.011 0.001 0.014 0.005 0.012 0.068 0.880 
 412 M _   0.011 0.017 0.001 0.019 0.006 0.013 0.068 0.866 
 413 L _   0.010 0.022 0.001 0.025 0.007 0.014 0.068 0.853 
 414 P _   0.010 0.025 0.001 0.028 0.008 0.014 0.068 0.845 
 415 F _   0.010 0.027 0.001 0.030 0.008 0.014 0.069 0.842 
 416 E _   0.009 0.028 0.001 0.028 0.007 0.013 0.070 0.844 
 417 E _   0.008 0.027 0.001 0.024 0.006 0.012 0.071 0.851 
 418 E _   0.008 0.024 0.001 0.019 0.005 0.011 0.072 0.861 
 419 I _   0.007 0.021 0.000 0.014 0.004 0.009 0.073 0.871 
 420 G _   0.006 0.018 0.000 0.009 0.003 0.008 0.074 0.880 
 421 Q _   0.006 0.016 0.000 0.007 0.002 0.008 0.075 0.886 
 422 H _   0.006 0.015 0.000 0.005 0.002 0.008 0.075 0.889 
 423 P _   0.006 0.015 0.000 0.005 0.002 0.009 0.076 0.887 
 424 S _   0.007 0.017 0.000 0.006 0.003 0.010 0.075 0.882 
 425 L _   0.008 0.021 0.000 0.009 0.004 0.012 0.075 0.871 
 426 E _   0.009 0.028 0.001 0.013 0.006 0.015 0.074 0.854 
 427 D _   0.011 0.039 0.001 0.020 0.008 0.017 0.073 0.831 
 428 M _   0.012 0.050 0.001 0.028 0.010 0.019 0.072 0.808 
 429 Q _   0.013 0.059 0.001 0.035 0.012 0.020 0.072 0.788 
 430 E _   0.013 0.065 0.001 0.040 0.013 0.021 0.071 0.776 
 431 V _   0.013 0.067 0.001 0.043 0.013 0.021 0.072 0.771 
 432 V _   0.013 0.066 0.001 0.041 0.013 0.020 0.073 0.773 
 433 V _   0.013 0.062 0.001 0.037 0.012 0.019 0.074 0.782 
 434 H _   0.013 0.055 0.001 0.031 0.010 0.017 0.076 0.797 
 435 K _   0.012 0.045 0.001 0.024 0.008 0.016 0.078 0.816 
 436 K _   0.012 0.032 0.001 0.018 0.007 0.015 0.080 0.836 
 437 K _   0.012 0.021 0.001 0.012 0.005 0.013 0.082 0.853 
 438 R _   0.012 0.012 0.001 0.009 0.004 0.012 0.084 0.866 
 439 P _   0.012 0.007 0.000 0.006 0.003 0.012 0.086 0.873 
 440 V _   0.014 0.003 0.000 0.005 0.003 0.012 0.087 0.876 
 441 L _   0.017 0.002 0.000 0.004 0.003 0.013 0.087 0.874 
 442 R _   0.022 0.001 0.000 0.003 0.003 0.014 0.088 0.869 
 443 D _   0.031 0.000 0.000 0.003 0.003 0.017 0.087 0.857 
 444 Y _   0.045 0.000 0.001 0.003 0.005 0.021 0.087 0.839 
 445 W _   0.066 0.000 0.001 0.003 0.007 0.026 0.086 0.811 
 446 Q _   0.095 0.000 0.001 0.004 0.010 0.033 0.085 0.771 
 447 K _   0.133 0.001 0.001 0.005 0.017 0.041 0.084 0.719 
 448 H _   0.177 0.002 0.001 0.006 0.026 0.050 0.082 0.657 
 449 A _   0.221 0.004 0.002 0.008 0.037 0.058 0.082 0.589 
 450 G _   0.262 0.007 0.002 0.010 0.049 0.063 0.081 0.524 
 451 M _   0.293 0.013 0.003 0.015 0.059 0.066 0.082 0.470 
 452 A _   0.312 0.018 0.003 0.020 0.065 0.067 0.084 0.432 
 453 M _   0.320 0.023 0.003 0.025 0.067 0.065 0.087 0.412 
 454 L _   0.316 0.026 0.003 0.029 0.065 0.061 0.090 0.410 
 455 C _   0.301 0.026 0.003 0.031 0.060 0.056 0.096 0.428 
 456 E _   0.275 0.025 0.003 0.030 0.052 0.050 0.102 0.464 
 457 T _   0.240 0.021 0.003 0.026 0.041 0.043 0.110 0.517 
 458 I _   0.199 0.016 0.002 0.020 0.029 0.035 0.118 0.581 
 459 E _   0.156 0.010 0.002 0.014 0.018 0.028 0.126 0.647 
 460 E _   0.114 0.005 0.001 0.008 0.011 0.021 0.133 0.708 
 461 C _   0.078 0.002 0.001 0.005 0.006 0.016 0.138 0.755 
 462 W _   0.051 0.001 0.000 0.003 0.003 0.012 0.142 0.788 
 463 D _   0.032 0.000 0.000 0.002 0.002 0.010 0.145 0.808 
 464 H _   0.022 0.000 0.000 0.002 0.002 0.009 0.146 0.819 
 465 D _   0.017 0.000 0.000 0.002 0.002 0.009 0.148 0.822 
 466 A _   0.016 0.000 0.000 0.002 0.002 0.011 0.148 0.821 
 467 E _   0.017 0.000 0.000 0.002 0.003 0.013 0.149 0.815 
 468 A _   0.021 0.001 0.000 0.004 0.004 0.017 0.149 0.804 
 469 R _   0.026 0.002 0.001 0.006 0.006 0.023 0.149 0.788 
 470 L _   0.032 0.003 0.001 0.009 0.010 0.029 0.149 0.767 
 471 S _   0.039 0.006 0.001 0.014 0.014 0.035 0.148 0.743 
 472 A _   0.047 0.009 0.001 0.019 0.019 0.040 0.148 0.717 
 473 G _   0.054 0.011 0.002 0.023 0.024 0.045 0.148 0.693 
 474 C _   0.062 0.013 0.002 0.026 0.028 0.049 0.149 0.672 
 475 V _   0.068 0.014 0.002 0.027 0.031 0.051 0.151 0.656 
 476 G _   0.074 0.014 0.002 0.026 0.032 0.052 0.153 0.647 
 477 E _   0.078 0.013 0.002 0.025 0.031 0.052 0.156 0.643 
 478 R _   0.081 0.012 0.002 0.022 0.029 0.051 0.160 0.645 
 479 I _   0.081 0.009 0.002 0.018 0.026 0.049 0.164 0.651 
 480 T _   0.080 0.007 0.001 0.015 0.022 0.046 0.169 0.660 
 481 Q _   0.078 0.005 0.001 0.011 0.018 0.043 0.174 0.669 
 482 M _   0.076 0.003 0.001 0.009 0.015 0.041 0.179 0.677 
 483 Q _   0.074 0.002 0.001 0.007 0.012 0.038 0.184 0.682 
 484 R _   0.074 0.001 0.001 0.005 0.010 0.037 0.189 0.683 
 485 L _   0.075 0.001 0.001 0.005 0.009 0.036 0.194 0.681 
 486 T _   0.077 0.000 0.001 0.004 0.008 0.036 0.198 0.676 
 487 N _   0.083 0.000 0.001 0.004 0.008 0.037 0.203 0.665 
 488 I _   0.092 0.000 0.001 0.003 0.009 0.039 0.207 0.648 
 489 I _   0.105 0.000 0.001 0.004 0.011 0.042 0.212 0.626 
 490 T _   0.121 0.000 0.001 0.004 0.014 0.046 0.216 0.597 
 491 T _   0.139 0.001 0.001 0.004 0.020 0.052 0.222 0.561 
 492 E _   0.159 0.002 0.002 0.005 0.027 0.058 0.228 0.519 
 493 D _   0.177 0.004 0.002 0.007 0.037 0.064 0.236 0.473 
 494 I _   0.191 0.009 0.002 0.011 0.049 0.069 0.245 0.423 
 495 V _   0.198 0.017 0.003 0.017 0.059 0.073 0.257 0.376 
 496 T _   0.199 0.027 0.003 0.026 0.067 0.073 0.272 0.332 
 497 V _   0.194 0.037 0.003 0.035 0.071 0.072 0.291 0.297 
 498 V X   0.182 0.045 0.004 0.045 0.070 0.068 0.315 0.271 
 499 T X   0.164 0.050 0.004 0.053 0.066 0.063 0.343 0.258 
 500 M X   0.142 0.051 0.003 0.057 0.059 0.057 0.377 0.253 
 501 V X   0.118 0.049 0.003 0.057 0.048 0.050 0.418 0.257 
 502 T X   0.094 0.045 0.003 0.052 0.037 0.042 0.462 0.265 
 503 N X   0.071 0.037 0.002 0.043 0.026 0.034 0.511 0.276 
 504 V X   0.051 0.028 0.002 0.032 0.017 0.026 0.558 0.287 
 505 D X   0.035 0.019 0.001 0.022 0.010 0.019 0.599 0.295 
 506 F X   0.022 0.011 0.001 0.014 0.006 0.013 0.634 0.299 
 507 P X   0.014 0.007 0.000 0.008 0.003 0.008 0.662 0.297 
 508 P X   0.007 0.004 0.000 0.005 0.002 0.005 0.685 0.294 
 509 K X   0.002 0.002 0.000 0.002 0.001 0.002 0.701 0.290 
 510 E X   0.000 0.001 0.000 0.001 0.000 0.000 0.710 0.287 
 511 S X   0.000 0.000 0.000 0.001 0.000 0.000 0.712 0.287 
 512 S X   0.000 0.000 0.000 0.001 0.000 0.000 0.710 0.288 
 513 L X   0.002 0.001 0.001 0.007 0.002 0.002 0.699 0.287 
