#TopoPred_TM8: 8-state transmembrane topology prediction results by no_profile mode 
#probabilities are in the order of H E C I L F X _, the 8 transmembrane topology types used in PDBTM 
   1 M X   0.010 0.001 0.002 0.050 0.008 0.008 0.810 0.111 
   2 N X   0.004 0.001 0.000 0.029 0.002 0.004 0.834 0.127 
   3 P X   0.001 0.000 0.000 0.016 0.001 0.002 0.841 0.139 
   4 G X   0.001 0.000 0.000 0.010 0.000 0.002 0.839 0.147 
   5 F X   0.001 0.001 0.000 0.008 0.000 0.002 0.835 0.153 
   6 D X   0.001 0.001 0.000 0.006 0.001 0.003 0.828 0.161 
   7 L X   0.001 0.001 0.000 0.005 0.001 0.003 0.819 0.169 
   8 S X   0.002 0.002 0.000 0.005 0.001 0.004 0.806 0.179 
   9 R X   0.002 0.004 0.000 0.006 0.001 0.005 0.790 0.192 
  10 R X   0.002 0.007 0.000 0.008 0.002 0.007 0.769 0.206 
  11 N X   0.003 0.012 0.000 0.011 0.003 0.009 0.742 0.220 
  12 P X   0.003 0.022 0.001 0.015 0.004 0.012 0.709 0.234 
  13 Q X   0.004 0.038 0.001 0.022 0.007 0.015 0.670 0.243 
  14 E X   0.005 0.062 0.001 0.030 0.010 0.019 0.625 0.248 
  15 D X   0.006 0.092 0.002 0.040 0.013 0.022 0.578 0.248 
  16 F X   0.006 0.123 0.002 0.050 0.016 0.024 0.534 0.245 
  17 E X   0.007 0.150 0.002 0.060 0.018 0.025 0.496 0.243 
  18 L X   0.007 0.170 0.002 0.066 0.018 0.025 0.466 0.246 
  19 I X   0.007 0.182 0.002 0.070 0.019 0.025 0.443 0.253 
  20 Q X   0.008 0.187 0.001 0.070 0.018 0.024 0.425 0.266 
  21 R X   0.008 0.188 0.001 0.067 0.018 0.023 0.412 0.284 
  22 I X   0.008 0.183 0.001 0.060 0.016 0.021 0.401 0.309 
  23 G X   0.009 0.173 0.001 0.052 0.014 0.019 0.392 0.340 
  24 S X   0.009 0.156 0.001 0.042 0.012 0.018 0.385 0.377 
  25 G _   0.009 0.133 0.001 0.033 0.010 0.016 0.379 0.418 
  26 T _   0.009 0.107 0.001 0.025 0.008 0.014 0.374 0.461 
  27 Y _   0.009 0.081 0.001 0.019 0.007 0.013 0.370 0.501 
  28 G _   0.008 0.060 0.001 0.014 0.005 0.011 0.365 0.535 
  29 D _   0.007 0.045 0.001 0.010 0.004 0.010 0.360 0.563 
  30 V _   0.007 0.035 0.000 0.008 0.003 0.009 0.354 0.584 
  31 Y _   0.006 0.028 0.000 0.006 0.003 0.008 0.348 0.600 
  32 K _   0.006 0.024 0.000 0.005 0.002 0.008 0.341 0.613 
  33 A _   0.006 0.023 0.000 0.005 0.002 0.008 0.333 0.622 
  34 R _   0.006 0.022 0.000 0.005 0.003 0.009 0.325 0.630 
  35 N _   0.006 0.023 0.000 0.006 0.003 0.010 0.315 0.636 
  36 V _   0.007 0.025 0.001 0.008 0.004 0.012 0.304 0.639 
  37 N _   0.008 0.029 0.001 0.011 0.006 0.014 0.293 0.639 
  38 T _   0.010 0.034 0.001 0.015 0.007 0.016 0.281 0.636 
  39 G _   0.011 0.040 0.001 0.020 0.009 0.018 0.269 0.631 
  40 E _   0.012 0.047 0.001 0.026 0.011 0.020 0.258 0.626 
  41 L _   0.012 0.053 0.001 0.030 0.012 0.021 0.247 0.623 
  42 A _   0.013 0.056 0.001 0.033 0.013 0.022 0.238 0.624 
  43 A _   0.013 0.058 0.001 0.035 0.013 0.022 0.229 0.629 
  44 I _   0.013 0.058 0.001 0.034 0.013 0.021 0.222 0.638 
  45 K _   0.013 0.055 0.001 0.031 0.012 0.020 0.216 0.651 
  46 V _   0.013 0.051 0.001 0.026 0.010 0.018 0.211 0.669 
  47 I _   0.013 0.045 0.001 0.021 0.008 0.017 0.207 0.689 
  48 K _   0.012 0.037 0.001 0.016 0.007 0.016 0.202 0.709 
  49 L _   0.011 0.031 0.001 0.011 0.005 0.015 0.198 0.728 
  50 E _   0.011 0.026 0.001 0.008 0.004 0.014 0.194 0.743 
  51 P _   0.010 0.022 0.000 0.006 0.004 0.014 0.189 0.753 
  52 G _   0.011 0.021 0.000 0.006 0.004 0.015 0.184 0.759 
  53 E _   0.012 0.022 0.000 0.006 0.004 0.016 0.179 0.760 
  54 D _   0.013 0.025 0.001 0.008 0.006 0.018 0.173 0.757 
  55 F _   0.015 0.030 0.001 0.012 0.008 0.021 0.166 0.746 
  56 A _   0.017 0.040 0.001 0.019 0.011 0.024 0.159 0.729 
  57 V _   0.018 0.053 0.001 0.028 0.015 0.026 0.151 0.709 
  58 V _   0.019 0.065 0.001 0.037 0.017 0.027 0.144 0.690 
  59 Q _   0.019 0.073 0.001 0.046 0.019 0.027 0.138 0.677 
  60 Q _   0.018 0.077 0.001 0.051 0.019 0.027 0.133 0.673 
  61 E _   0.018 0.078 0.001 0.052 0.018 0.025 0.129 0.678 
  62 I _   0.017 0.075 0.001 0.048 0.017 0.023 0.126 0.692 
  63 I _   0.016 0.068 0.001 0.041 0.014 0.021 0.124 0.716 
  64 M _   0.015 0.055 0.001 0.031 0.011 0.018 0.122 0.747 
  65 M _   0.013 0.040 0.001 0.021 0.008 0.016 0.121 0.780 
  66 K _   0.012 0.025 0.001 0.013 0.006 0.014 0.119 0.810 
  67 D _   0.011 0.015 0.000 0.007 0.004 0.013 0.117 0.832 
  68 C _   0.010 0.009 0.000 0.005 0.003 0.013 0.115 0.844 
  69 K _   0.010 0.007 0.000 0.004 0.003 0.013 0.113 0.849 
  70 H _   0.012 0.007 0.000 0.004 0.003 0.015 0.110 0.848 
  71 P _   0.014 0.008 0.001 0.007 0.005 0.018 0.107 0.840 
  72 N _   0.018 0.011 0.001 0.011 0.008 0.022 0.104 0.825 
  73 I _   0.021 0.016 0.001 0.019 0.012 0.027 0.100 0.805 
  74 V _   0.024 0.021 0.001 0.028 0.015 0.030 0.096 0.784 
  75 A _   0.026 0.025 0.001 0.036 0.018 0.033 0.092 0.769 
  76 Y _   0.027 0.027 0.001 0.039 0.019 0.034 0.089 0.763 
  77 F _   0.028 0.026 0.001 0.038 0.019 0.035 0.087 0.766 
  78 G _   0.029 0.023 0.001 0.033 0.017 0.034 0.085 0.777 
  79 S _   0.031 0.018 0.001 0.025 0.015 0.034 0.083 0.794 
  80 Y _   0.033 0.011 0.001 0.016 0.012 0.033 0.081 0.813 
  81 L _   0.037 0.006 0.001 0.009 0.009 0.033 0.080 0.826 
  82 R _   0.042 0.003 0.001 0.005 0.008 0.034 0.078 0.831 
  83 R _   0.050 0.001 0.001 0.003 0.008 0.036 0.076 0.826 
  84 D _   0.061 0.001 0.001 0.003 0.009 0.039 0.074 0.812 
  85 K _   0.077 0.002 0.001 0.004 0.014 0.044 0.072 0.787 
  86 L _   0.094 0.004 0.001 0.007 0.021 0.050 0.070 0.753 
  87 W _   0.111 0.010 0.002 0.012 0.031 0.056 0.067 0.711 
  88 I _   0.124 0.019 0.002 0.021 0.040 0.060 0.066 0.668 
  89 C _   0.132 0.029 0.003 0.031 0.046 0.061 0.064 0.634 
  90 M _   0.135 0.036 0.003 0.039 0.049 0.060 0.064 0.615 
  91 E _   0.132 0.040 0.003 0.043 0.048 0.057 0.064 0.613 
  92 F _   0.125 0.040 0.003 0.042 0.044 0.053 0.064 0.630 
  93 C _   0.113 0.038 0.002 0.037 0.038 0.047 0.065 0.660 
  94 G _   0.099 0.032 0.002 0.030 0.030 0.041 0.066 0.699 
  95 G _   0.083 0.024 0.002 0.022 0.022 0.035 0.067 0.744 
  96 G _   0.069 0.016 0.001 0.015 0.015 0.029 0.068 0.786 
  97 S _   0.055 0.010 0.001 0.010 0.010 0.025 0.069 0.821 
  98 L _   0.043 0.006 0.001 0.007 0.007 0.021 0.070 0.846 
  99 Q _   0.034 0.003 0.001 0.005 0.005 0.018 0.070 0.864 
 100 D _   0.026 0.002 0.000 0.004 0.004 0.016 0.070 0.876 
 101 I _   0.021 0.002 0.000 0.004 0.003 0.015 0.070 0.884 
 102 Y _   0.018 0.002 0.000 0.004 0.003 0.015 0.070 0.888 
 103 H _   0.017 0.002 0.000 0.004 0.003 0.015 0.069 0.888 
 104 V _   0.017 0.004 0.000 0.005 0.004 0.016 0.068 0.886 
 105 T _   0.018 0.006 0.001 0.006 0.005 0.018 0.067 0.880 
 106 G _   0.019 0.010 0.001 0.007 0.006 0.021 0.066 0.869 
 107 P _   0.021 0.017 0.001 0.009 0.009 0.025 0.064 0.854 
 108 L _   0.024 0.027 0.001 0.012 0.012 0.028 0.063 0.833 
 109 S _   0.027 0.042 0.001 0.015 0.015 0.032 0.061 0.807 
 110 E _   0.030 0.060 0.001 0.019 0.018 0.035 0.059 0.778 
 111 L _   0.032 0.080 0.002 0.022 0.020 0.037 0.057 0.750 
 112 Q _   0.033 0.099 0.002 0.025 0.022 0.039 0.056 0.724 
 113 I _   0.034 0.117 0.002 0.027 0.023 0.040 0.055 0.703 
 114 A _   0.035 0.132 0.002 0.029 0.024 0.040 0.054 0.686 
 115 Y _   0.035 0.143 0.002 0.030 0.024 0.039 0.053 0.675 
 116 V _   0.034 0.152 0.002 0.030 0.023 0.038 0.052 0.668 
 117 S _   0.033 0.158 0.002 0.031 0.023 0.037 0.052 0.664 
 118 R _   0.032 0.163 0.001 0.033 0.022 0.035 0.052 0.661 
 119 E _   0.030 0.165 0.001 0.034 0.021 0.033 0.052 0.663 
 120 T _   0.029 0.165 0.001 0.035 0.019 0.031 0.053 0.668 
 121 L _   0.026 0.162 0.001 0.035 0.017 0.028 0.054 0.676 
 122 Q _   0.024 0.156 0.001 0.035 0.015 0.026 0.055 0.688 
 123 G _   0.022 0.146 0.001 0.033 0.013 0.023 0.056 0.705 
 124 L _   0.020 0.133 0.001 0.030 0.011 0.020 0.058 0.727 
 125 Y _   0.017 0.114 0.001 0.026 0.009 0.017 0.060 0.755 
 126 Y _   0.015 0.092 0.001 0.021 0.007 0.015 0.062 0.787 
 127 L _   0.012 0.070 0.001 0.017 0.006 0.012 0.064 0.818 
 128 H _   0.010 0.050 0.001 0.012 0.004 0.010 0.066 0.847 
 129 S _   0.009 0.035 0.000 0.009 0.003 0.009 0.067 0.869 
 130 K _   0.007 0.024 0.000 0.007 0.002 0.007 0.068 0.884 
 131 G _   0.006 0.018 0.000 0.005 0.002 0.006 0.068 0.894 
 132 K _   0.005 0.015 0.000 0.005 0.002 0.006 0.068 0.899 
 133 M _   0.005 0.014 0.000 0.005 0.002 0.006 0.067 0.901 
 134 H _   0.005 0.014 0.000 0.005 0.002 0.007 0.066 0.901 
 135 R _   0.005 0.015 0.000 0.007 0.002 0.007 0.065 0.898 
 136 D _   0.006 0.016 0.000 0.010 0.003 0.009 0.063 0.893 
 137 I _   0.006 0.019 0.000 0.013 0.004 0.010 0.062 0.886 
 138 K _   0.006 0.023 0.001 0.017 0.005 0.011 0.060 0.877 
 139 G _   0.007 0.026 0.001 0.021 0.006 0.012 0.058 0.870 
 140 A _   0.007 0.028 0.001 0.024 0.007 0.013 0.057 0.864 
 141 N _   0.007 0.029 0.001 0.026 0.007 0.013 0.056 0.861 
 142 I _   0.007 0.030 0.001 0.025 0.007 0.013 0.055 0.863 
 143 L _   0.007 0.028 0.001 0.023 0.007 0.013 0.054 0.867 
 144 L _   0.007 0.026 0.001 0.020 0.006 0.012 0.054 0.874 
 145 T _   0.007 0.023 0.001 0.017 0.005 0.012 0.053 0.883 
 146 D _   0.007 0.020 0.001 0.013 0.004 0.011 0.053 0.891 
 147 N _   0.007 0.017 0.000 0.011 0.004 0.011 0.052 0.898 
 148 G _   0.007 0.014 0.000 0.009 0.004 0.012 0.052 0.902 
 149 H _   0.008 0.013 0.000 0.007 0.004 0.013 0.051 0.904 
 150 V _   0.010 0.012 0.000 0.007 0.004 0.014 0.050 0.903 
 151 K _   0.012 0.012 0.000 0.007 0.004 0.016 0.049 0.899 
 152 L _   0.014 0.013 0.001 0.008 0.005 0.019 0.048 0.892 
 153 A _   0.017 0.015 0.001 0.009 0.007 0.023 0.047 0.881 
 154 D _   0.021 0.018 0.001 0.011 0.009 0.027 0.046 0.868 
 155 F _   0.026 0.022 0.001 0.014 0.012 0.031 0.044 0.851 
 156 G _   0.031 0.027 0.001 0.017 0.016 0.035 0.043 0.830 
 157 V _   0.037 0.033 0.001 0.021 0.020 0.039 0.041 0.807 
 158 S _   0.041 0.040 0.002 0.026 0.024 0.042 0.040 0.785 
 159 A _   0.046 0.045 0.002 0.031 0.028 0.044 0.039 0.766 
 160 Q _   0.049 0.049 0.002 0.034 0.030 0.045 0.038 0.753 
 161 I _   0.050 0.051 0.002 0.036 0.030 0.044 0.038 0.749 
 162 T _   0.050 0.051 0.002 0.036 0.028 0.043 0.037 0.753 
 163 A _   0.048 0.049 0.002 0.034 0.026 0.040 0.038 0.764 
 164 T _   0.045 0.044 0.002 0.030 0.022 0.036 0.038 0.784 
 165 I _   0.041 0.037 0.001 0.024 0.018 0.033 0.038 0.807 
 166 A _   0.037 0.029 0.001 0.019 0.014 0.029 0.039 0.832 
 167 K _   0.033 0.022 0.001 0.014 0.011 0.026 0.039 0.855 
 168 R _   0.029 0.016 0.001 0.010 0.009 0.023 0.039 0.874 
 169 K _   0.025 0.011 0.001 0.008 0.007 0.021 0.039 0.888 
 170 S _   0.023 0.009 0.001 0.007 0.006 0.019 0.039 0.897 
 171 F _   0.021 0.007 0.001 0.006 0.005 0.018 0.039 0.902 
 172 I _   0.020 0.007 0.001 0.006 0.005 0.018 0.039 0.904 
 173 G _   0.019 0.007 0.001 0.007 0.006 0.018 0.039 0.903 
 174 T _   0.020 0.008 0.001 0.008 0.006 0.018 0.039 0.900 
 175 P _   0.020 0.009 0.001 0.010 0.007 0.019 0.038 0.895 
 176 Y _   0.021 0.011 0.001 0.012 0.009 0.020 0.038 0.889 
 177 W _   0.021 0.013 0.001 0.015 0.010 0.021 0.037 0.883 
 178 M _   0.021 0.015 0.001 0.018 0.011 0.021 0.037 0.877 
 179 A _   0.021 0.016 0.001 0.021 0.012 0.021 0.037 0.871 
 180 P _   0.020 0.018 0.001 0.024 0.012 0.021 0.036 0.867 
 181 E _   0.020 0.019 0.001 0.026 0.012 0.021 0.036 0.867 
 182 V _   0.019 0.019 0.001 0.026 0.011 0.020 0.036 0.869 
 183 A _   0.018 0.018 0.001 0.025 0.010 0.018 0.036 0.874 
 184 A _   0.017 0.015 0.001 0.022 0.009 0.017 0.037 0.882 
 185 V _   0.017 0.012 0.001 0.018 0.007 0.015 0.037 0.893 
 186 E _   0.017 0.009 0.001 0.013 0.006 0.013 0.037 0.905 
 187 R _   0.019 0.005 0.001 0.009 0.004 0.012 0.037 0.914 
 188 K _   0.022 0.002 0.000 0.006 0.003 0.011 0.036 0.919 
 189 G _   0.029 0.001 0.000 0.003 0.003 0.010 0.036 0.918 
 190 G _   0.042 0.000 0.000 0.002 0.003 0.011 0.035 0.906 
 191 Y _   0.067 0.000 0.000 0.002 0.003 0.013 0.033 0.882 
 192 N _   0.110 0.000 0.001 0.002 0.004 0.015 0.032 0.837 
 193 Q _   0.175 0.000 0.001 0.002 0.007 0.020 0.030 0.766 
 194 L _   0.266 0.000 0.001 0.002 0.011 0.025 0.028 0.667 
 195 C _   0.367 0.000 0.001 0.002 0.018 0.031 0.026 0.555 
 196 D H   0.462 0.000 0.002 0.003 0.025 0.036 0.025 0.449 
 197 L H   0.541 0.000 0.002 0.003 0.033 0.039 0.024 0.359 
 198 W H   0.600 0.000 0.002 0.004 0.039 0.040 0.024 0.291 
 199 A H   0.639 0.001 0.002 0.005 0.043 0.040 0.025 0.245 
 200 V H   0.663 0.001 0.002 0.005 0.046 0.039 0.026 0.218 
 201 G H   0.669 0.001 0.002 0.006 0.047 0.037 0.029 0.208 
 202 I H   0.661 0.002 0.002 0.007 0.047 0.036 0.032 0.214 
 203 T H   0.636 0.002 0.002 0.008 0.045 0.034 0.036 0.237 
 204 A H   0.595 0.002 0.002 0.008 0.042 0.032 0.042 0.276 
 205 I H   0.538 0.002 0.002 0.009 0.036 0.030 0.049 0.333 
 206 E H   0.463 0.001 0.002 0.009 0.030 0.028 0.059 0.407 
 207 L _   0.377 0.001 0.002 0.009 0.022 0.025 0.070 0.493 
 208 A _   0.291 0.001 0.002 0.008 0.016 0.022 0.082 0.580 
 209 E _   0.212 0.000 0.001 0.006 0.010 0.019 0.093 0.658 
 210 L _   0.148 0.000 0.001 0.005 0.007 0.016 0.102 0.722 
 211 Q _   0.099 0.000 0.001 0.004 0.004 0.014 0.109 0.769 
 212 P _   0.066 0.000 0.000 0.003 0.003 0.013 0.115 0.799 
 213 P _   0.047 0.000 0.000 0.003 0.003 0.013 0.119 0.815 
 214 M _   0.036 0.001 0.000 0.003 0.003 0.015 0.123 0.819 
 215 F _   0.031 0.003 0.000 0.004 0.004 0.017 0.126 0.814 
 216 D _   0.031 0.010 0.001 0.006 0.006 0.022 0.129 0.796 
 217 L _   0.031 0.028 0.001 0.012 0.011 0.027 0.131 0.759 
 218 H _   0.032 0.065 0.002 0.022 0.017 0.032 0.132 0.697 
 219 P _   0.032 0.123 0.002 0.037 0.024 0.036 0.134 0.613 
 220 M _   0.031 0.182 0.002 0.052 0.027 0.037 0.137 0.531 
 221 R _   0.029 0.226 0.002 0.067 0.029 0.036 0.140 0.470 
 222 A _   0.027 0.251 0.002 0.076 0.028 0.035 0.146 0.435 
 223 L _   0.025 0.261 0.002 0.081 0.027 0.032 0.153 0.419 
 224 F _   0.023 0.262 0.002 0.080 0.024 0.029 0.162 0.418 
 225 L _   0.021 0.254 0.002 0.073 0.021 0.026 0.174 0.429 
 226 M _   0.019 0.236 0.002 0.063 0.018 0.023 0.189 0.452 
 227 T _   0.017 0.204 0.002 0.050 0.014 0.019 0.207 0.487 
 228 K _   0.015 0.159 0.002 0.037 0.011 0.016 0.229 0.531 
 229 S _   0.014 0.112 0.001 0.025 0.008 0.014 0.251 0.575 
 230 N _   0.012 0.073 0.001 0.016 0.005 0.011 0.271 0.610 
 231 F _   0.010 0.047 0.001 0.010 0.003 0.009 0.287 0.633 
 232 Q _   0.008 0.033 0.000 0.007 0.002 0.007 0.298 0.645 
 233 P _   0.006 0.025 0.000 0.005 0.002 0.006 0.306 0.650 
 234 P _   0.005 0.021 0.000 0.004 0.001 0.005 0.312 0.651 
 235 K _   0.004 0.020 0.000 0.003 0.001 0.005 0.316 0.650 
 236 L _   0.004 0.020 0.000 0.003 0.001 0.005 0.318 0.648 
 237 K _   0.004 0.021 0.000 0.004 0.001 0.006 0.319 0.645 
 238 D _   0.004 0.024 0.000 0.005 0.002 0.007 0.320 0.640 
 239 K _   0.004 0.029 0.000 0.006 0.002 0.008 0.319 0.631 
 240 M _   0.005 0.038 0.000 0.008 0.003 0.010 0.317 0.618 
 241 K _   0.006 0.054 0.001 0.011 0.004 0.013 0.314 0.597 
 242 W _   0.007 0.080 0.001 0.016 0.006 0.015 0.310 0.565 
 243 S _   0.008 0.116 0.001 0.022 0.009 0.018 0.305 0.521 
 244 N _   0.009 0.162 0.001 0.031 0.012 0.021 0.299 0.465 
 245 S _   0.009 0.210 0.002 0.040 0.015 0.022 0.294 0.408 
 246 F _   0.010 0.252 0.002 0.050 0.017 0.023 0.290 0.356 
 247 H _   0.010 0.282 0.001 0.060 0.018 0.023 0.289 0.317 
 248 H E   0.010 0.299 0.001 0.067 0.018 0.023 0.289 0.292 
 249 F E   0.011 0.306 0.001 0.070 0.018 0.022 0.292 0.280 
 250 V E   0.011 0.305 0.001 0.070 0.017 0.020 0.297 0.278 
 251 K X   0.011 0.296 0.001 0.066 0.015 0.019 0.304 0.287 
 252 M X   0.011 0.275 0.001 0.058 0.014 0.017 0.315 0.309 
 253 A _   0.011 0.235 0.002 0.047 0.012 0.015 0.329 0.349 
 254 L _   0.011 0.176 0.002 0.035 0.010 0.013 0.348 0.406 
 255 T _   0.011 0.109 0.001 0.023 0.008 0.011 0.368 0.469 
 256 K _   0.009 0.056 0.001 0.013 0.005 0.009 0.386 0.521 
 257 N _   0.007 0.025 0.000 0.007 0.003 0.007 0.398 0.552 
 258 P _   0.006 0.012 0.000 0.004 0.002 0.006 0.406 0.565 
 259 K _   0.004 0.007 0.000 0.002 0.001 0.005 0.411 0.569 
 260 K _   0.004 0.005 0.000 0.002 0.001 0.005 0.414 0.569 
 261 R _   0.004 0.004 0.000 0.002 0.001 0.006 0.416 0.567 
 262 P _   0.004 0.005 0.000 0.003 0.001 0.007 0.417 0.563 
 263 T _   0.005 0.006 0.000 0.005 0.002 0.009 0.417 0.557 
 264 A _   0.006 0.008 0.000 0.007 0.003 0.012 0.416 0.548 
 265 E _   0.006 0.011 0.000 0.010 0.004 0.015 0.415 0.538 
 266 K _   0.007 0.015 0.001 0.013 0.005 0.018 0.413 0.528 
 267 L _   0.009 0.018 0.001 0.015 0.007 0.021 0.412 0.518 
 268 L _   0.010 0.021 0.001 0.016 0.008 0.024 0.411 0.509 
 269 Q _   0.012 0.023 0.001 0.016 0.009 0.028 0.410 0.501 
 270 H _   0.015 0.024 0.001 0.015 0.010 0.031 0.410 0.494 
 271 P _   0.019 0.024 0.001 0.014 0.012 0.035 0.411 0.484 
 272 F _   0.025 0.025 0.001 0.012 0.014 0.039 0.411 0.473 
 273 V _   0.032 0.026 0.001 0.011 0.016 0.043 0.412 0.459 
 274 T _   0.040 0.028 0.001 0.010 0.020 0.047 0.414 0.440 
 275 Q _   0.048 0.030 0.001 0.011 0.025 0.051 0.415 0.418 
 276 H X   0.057 0.035 0.001 0.012 0.030 0.055 0.418 0.392 
 277 L X   0.064 0.042 0.002 0.015 0.036 0.057 0.421 0.363 
 278 T X   0.069 0.051 0.002 0.020 0.041 0.058 0.426 0.333 
 279 R X   0.071 0.061 0.002 0.027 0.044 0.056 0.432 0.307 
 280 S X   0.071 0.069 0.002 0.033 0.044 0.053 0.440 0.287 
 281 L X   0.068 0.075 0.002 0.039 0.042 0.049 0.451 0.274 
 282 A X   0.063 0.077 0.002 0.043 0.038 0.044 0.464 0.269 
 283 I X   0.056 0.076 0.002 0.043 0.032 0.039 0.480 0.272 
 284 E X   0.048 0.072 0.002 0.040 0.026 0.033 0.498 0.281 
 285 L X   0.040 0.064 0.002 0.035 0.020 0.028 0.519 0.294 
 286 L X   0.032 0.052 0.001 0.027 0.014 0.022 0.540 0.311 
 287 D X   0.025 0.038 0.001 0.020 0.010 0.017 0.561 0.328 
 288 K X   0.019 0.025 0.001 0.014 0.006 0.013 0.581 0.341 
 289 V X   0.014 0.015 0.001 0.009 0.004 0.010 0.597 0.349 
 290 N X   0.011 0.010 0.000 0.006 0.002 0.008 0.610 0.352 
 291 N X   0.008 0.006 0.000 0.005 0.002 0.006 0.621 0.352 
 292 P X   0.007 0.004 0.000 0.004 0.001 0.005 0.629 0.349 
 293 D X   0.005 0.003 0.000 0.004 0.001 0.004 0.636 0.346 
 294 H X   0.005 0.002 0.000 0.004 0.001 0.004 0.641 0.343 
 295 S X   0.004 0.002 0.000 0.004 0.001 0.003 0.645 0.341 
 296 T X   0.003 0.002 0.000 0.003 0.001 0.003 0.648 0.339 
 297 Y X   0.003 0.001 0.000 0.003 0.001 0.003 0.650 0.339 
 298 H X   0.003 0.001 0.000 0.003 0.001 0.003 0.650 0.340 
 299 D X   0.002 0.001 0.000 0.003 0.001 0.002 0.650 0.341 
 300 F X   0.002 0.001 0.000 0.002 0.001 0.002 0.648 0.344 
 301 D X   0.002 0.001 0.000 0.002 0.001 0.002 0.645 0.347 
 302 D X   0.002 0.002 0.000 0.002 0.001 0.003 0.641 0.351 
 303 D X   0.002 0.003 0.000 0.002 0.001 0.003 0.635 0.354 
 304 D X   0.002 0.005 0.000 0.004 0.001 0.005 0.627 0.356 
 305 P X   0.003 0.012 0.000 0.007 0.002 0.007 0.616 0.354 
 306 E X   0.004 0.026 0.001 0.012 0.004 0.010 0.601 0.343 
 307 P X   0.005 0.053 0.001 0.021 0.007 0.013 0.580 0.321 
 308 L X   0.005 0.090 0.001 0.032 0.009 0.015 0.558 0.290 
 309 V X   0.005 0.127 0.001 0.042 0.011 0.016 0.537 0.261 
 310 A X   0.005 0.153 0.001 0.050 0.011 0.016 0.522 0.241 
 311 V X   0.005 0.169 0.001 0.055 0.011 0.016 0.512 0.232 
 312 P X   0.005 0.176 0.001 0.055 0.011 0.015 0.505 0.232 
 313 H X   0.005 0.178 0.001 0.052 0.010 0.014 0.502 0.238 
 314 R X   0.005 0.175 0.001 0.047 0.009 0.013 0.500 0.251 
 315 I X   0.004 0.168 0.001 0.039 0.008 0.011 0.500 0.269 
 316 H X   0.004 0.155 0.001 0.031 0.007 0.010 0.501 0.291 
 317 S X   0.005 0.137 0.001 0.023 0.006 0.009 0.504 0.317 
 318 T X   0.004 0.118 0.001 0.016 0.004 0.008 0.507 0.342 
 319 S X   0.004 0.101 0.000 0.011 0.003 0.007 0.509 0.363 
 320 R X   0.004 0.089 0.000 0.008 0.002 0.007 0.511 0.379 
 321 N X   0.004 0.081 0.000 0.006 0.002 0.006 0.512 0.389 
 322 V X   0.003 0.077 0.000 0.005 0.002 0.006 0.512 0.395 
 323 R X   0.003 0.076 0.000 0.005 0.002 0.006 0.511 0.398 
 324 E X   0.003 0.076 0.000 0.005 0.002 0.006 0.509 0.399 
 325 E X   0.004 0.078 0.000 0.006 0.002 0.007 0.506 0.397 
 326 K X   0.004 0.082 0.000 0.009 0.003 0.008 0.503 0.392 
 327 T X   0.004 0.088 0.000 0.012 0.004 0.009 0.499 0.383 
 328 R X   0.004 0.096 0.001 0.016 0.005 0.010 0.496 0.373 
 329 S X   0.005 0.103 0.001 0.021 0.006 0.010 0.493 0.362 
 330 E X   0.005 0.109 0.001 0.025 0.007 0.011 0.491 0.351 
 331 I X   0.005 0.113 0.001 0.029 0.007 0.011 0.490 0.344 
 332 T X   0.005 0.114 0.001 0.031 0.007 0.011 0.491 0.340 
 333 F X   0.005 0.113 0.001 0.031 0.007 0.010 0.493 0.340 
 334 G X   0.005 0.108 0.001 0.029 0.007 0.010 0.497 0.344 
 335 Q X   0.005 0.099 0.001 0.025 0.006 0.009 0.502 0.353 
 336 V X   0.005 0.085 0.001 0.021 0.005 0.008 0.509 0.366 
 337 K X   0.005 0.069 0.001 0.016 0.004 0.007 0.516 0.382 
 338 F X   0.005 0.052 0.000 0.012 0.003 0.007 0.523 0.397 
 339 D X   0.005 0.038 0.000 0.009 0.002 0.006 0.530 0.409 
 340 P X   0.004 0.029 0.000 0.007 0.002 0.005 0.536 0.417 
 341 P X   0.004 0.023 0.000 0.005 0.002 0.005 0.540 0.422 
 342 L X   0.004 0.019 0.000 0.005 0.001 0.005 0.543 0.424 
 343 R X   0.004 0.016 0.000 0.005 0.001 0.004 0.545 0.424 
 344 K X   0.004 0.015 0.000 0.005 0.001 0.004 0.546 0.424 
 345 E X   0.004 0.014 0.000 0.005 0.001 0.004 0.547 0.424 
 346 T X   0.003 0.013 0.000 0.006 0.001 0.004 0.547 0.425 
 347 E X   0.003 0.013 0.000 0.006 0.001 0.004 0.546 0.425 
 348 P X   0.003 0.013 0.000 0.006 0.001 0.004 0.545 0.427 
 349 H X   0.003 0.012 0.000 0.006 0.001 0.004 0.544 0.429 
 350 H X   0.003 0.012 0.000 0.006 0.001 0.004 0.542 0.432 
 351 E X   0.003 0.012 0.000 0.005 0.001 0.004 0.540 0.435 
 352 L X   0.003 0.012 0.000 0.005 0.001 0.004 0.537 0.439 
 353 P X   0.002 0.012 0.000 0.004 0.001 0.003 0.533 0.443 
 354 D X   0.002 0.013 0.000 0.004 0.001 0.004 0.528 0.448 
 355 S X   0.002 0.014 0.000 0.004 0.001 0.004 0.522 0.452 
 356 D X   0.002 0.017 0.000 0.005 0.001 0.005 0.514 0.456 
 357 G X   0.003 0.023 0.000 0.006 0.002 0.006 0.504 0.457 
 358 F X   0.003 0.032 0.000 0.009 0.003 0.007 0.491 0.455 
 359 L X   0.004 0.049 0.001 0.013 0.004 0.009 0.475 0.446 
 360 D X   0.004 0.076 0.001 0.019 0.006 0.011 0.455 0.428 
 361 S X   0.004 0.114 0.001 0.026 0.008 0.012 0.433 0.402 
 362 S X   0.004 0.154 0.001 0.033 0.009 0.013 0.412 0.374 
 363 E X   0.004 0.190 0.001 0.038 0.009 0.013 0.395 0.351 
 364 E X   0.004 0.216 0.001 0.040 0.009 0.013 0.382 0.336 
 365 I X   0.004 0.232 0.001 0.040 0.008 0.012 0.373 0.329 
 366 Y X   0.004 0.241 0.001 0.039 0.008 0.011 0.367 0.330 
 367 Y X   0.004 0.245 0.001 0.035 0.007 0.010 0.362 0.337 
 368 T X   0.004 0.244 0.001 0.029 0.006 0.009 0.360 0.347 
 369 A _   0.004 0.241 0.001 0.024 0.005 0.009 0.358 0.360 
 370 R _   0.004 0.235 0.001 0.018 0.004 0.008 0.357 0.374 
 371 S _   0.004 0.229 0.000 0.014 0.003 0.007 0.356 0.387 
 372 N _   0.004 0.223 0.000 0.011 0.003 0.007 0.355 0.398 
 373 L _   0.004 0.219 0.000 0.009 0.002 0.006 0.354 0.405 
 374 D _   0.004 0.216 0.000 0.008 0.002 0.006 0.353 0.410 
 375 L _   0.004 0.216 0.000 0.007 0.002 0.006 0.352 0.412 
 376 Q _   0.004 0.217 0.000 0.007 0.002 0.006 0.350 0.413 
 377 L _   0.004 0.220 0.000 0.008 0.002 0.007 0.348 0.411 
 378 E _   0.004 0.225 0.000 0.008 0.003 0.007 0.345 0.409 
 379 Y _   0.004 0.231 0.000 0.009 0.003 0.007 0.342 0.405 
 380 G _   0.004 0.238 0.000 0.009 0.003 0.007 0.339 0.400 
 381 Q _   0.004 0.247 0.000 0.010 0.004 0.008 0.335 0.392 
 382 G _   0.004 0.258 0.000 0.011 0.004 0.008 0.332 0.383 
 383 H _   0.004 0.270 0.001 0.012 0.005 0.009 0.329 0.371 
 384 Q _   0.004 0.284 0.001 0.014 0.005 0.009 0.326 0.357 
 385 G _   0.004 0.298 0.001 0.015 0.005 0.009 0.324 0.344 
 386 G _   0.004 0.310 0.001 0.017 0.006 0.009 0.322 0.332 
 387 Y _   0.004 0.320 0.001 0.017 0.005 0.009 0.321 0.322 
 388 F E   0.004 0.327 0.001 0.017 0.005 0.009 0.321 0.316 
 389 L E   0.004 0.331 0.001 0.016 0.005 0.008 0.321 0.314 
 390 G E   0.004 0.333 0.001 0.015 0.005 0.008 0.322 0.313 
 391 A E   0.004 0.333 0.000 0.014 0.004 0.008 0.324 0.313 
 392 N E   0.004 0.332 0.000 0.012 0.004 0.008 0.326 0.314 
 393 K E   0.004 0.331 0.000 0.011 0.004 0.008 0.328 0.315 
 394 S X   0.004 0.329 0.000 0.010 0.004 0.008 0.330 0.314 
 395 L X   0.004 0.329 0.000 0.010 0.004 0.008 0.333 0.312 
 396 L X   0.004 0.330 0.000 0.011 0.004 0.008 0.336 0.307 
 397 K X   0.004 0.331 0.000 0.011 0.004 0.009 0.338 0.302 
 398 S X   0.004 0.332 0.000 0.013 0.004 0.009 0.341 0.296 
 399 V X   0.004 0.334 0.000 0.014 0.005 0.009 0.345 0.288 
 400 E X   0.005 0.336 0.001 0.016 0.005 0.010 0.348 0.281 
 401 E X   0.005 0.336 0.001 0.018 0.005 0.010 0.352 0.273 
 402 E X   0.005 0.335 0.001 0.020 0.006 0.010 0.357 0.265 
 403 L X   0.005 0.333 0.001 0.023 0.007 0.011 0.363 0.259 
 404 H X   0.005 0.328 0.001 0.025 0.007 0.011 0.371 0.252 
 405 Q X   0.005 0.321 0.001 0.028 0.007 0.011 0.380 0.247 
 406 R X   0.005 0.310 0.001 0.030 0.008 0.011 0.392 0.243 
 407 G X   0.005 0.295 0.001 0.032 0.008 0.011 0.407 0.241 
 408 H X   0.006 0.273 0.001 0.032 0.008 0.011 0.426 0.242 
 409 V X   0.006 0.244 0.001 0.032 0.009 0.011 0.451 0.247 
 410 A X   0.006 0.206 0.001 0.030 0.008 0.010 0.483 0.255 
 411 H X   0.006 0.162 0.001 0.027 0.008 0.010 0.519 0.268 
 412 L X   0.006 0.116 0.001 0.022 0.006 0.009 0.558 0.281 
 413 E X   0.006 0.076 0.001 0.016 0.005 0.008 0.596 0.293 
 414 D X   0.005 0.046 0.001 0.011 0.003 0.006 0.628 0.300 
 415 D X   0.004 0.027 0.000 0.007 0.002 0.005 0.652 0.302 
 416 E X   0.003 0.017 0.000 0.004 0.001 0.004 0.670 0.300 
 417 G X   0.002 0.013 0.000 0.003 0.001 0.003 0.682 0.296 
 418 D X   0.002 0.010 0.000 0.002 0.001 0.003 0.690 0.291 
 419 D X   0.002 0.010 0.000 0.002 0.001 0.003 0.697 0.286 
 420 D X   0.002 0.010 0.000 0.003 0.001 0.003 0.701 0.280 
 421 E X   0.002 0.010 0.000 0.005 0.001 0.004 0.705 0.273 
 422 S X   0.002 0.012 0.000 0.007 0.001 0.005 0.708 0.265 
 423 K X   0.002 0.014 0.000 0.011 0.002 0.006 0.711 0.254 
 424 H X   0.002 0.016 0.000 0.015 0.003 0.007 0.714 0.243 
 425 S X   0.003 0.017 0.000 0.019 0.003 0.007 0.718 0.233 
 426 T X   0.003 0.018 0.000 0.022 0.004 0.007 0.723 0.223 
 427 L X   0.003 0.018 0.000 0.022 0.004 0.007 0.730 0.216 
 428 K X   0.003 0.017 0.000 0.021 0.004 0.006 0.739 0.210 
 429 A X   0.003 0.015 0.000 0.018 0.003 0.006 0.749 0.207 
 430 K X   0.002 0.012 0.000 0.013 0.002 0.005 0.760 0.204 
 431 I X   0.002 0.009 0.000 0.009 0.002 0.004 0.772 0.202 
 432 P X   0.002 0.006 0.000 0.005 0.001 0.003 0.782 0.201 
 433 P X   0.002 0.003 0.000 0.003 0.001 0.002 0.790 0.199 
 434 P X   0.001 0.002 0.000 0.002 0.001 0.002 0.797 0.196 
 435 L X   0.001 0.001 0.000 0.001 0.000 0.001 0.801 0.194 
 436 P X   0.001 0.001 0.000 0.001 0.000 0.001 0.804 0.192 
 437 P X   0.001 0.001 0.000 0.001 0.000 0.002 0.806 0.189 
 438 K X   0.001 0.001 0.000 0.001 0.001 0.002 0.807 0.187 
 439 P X   0.002 0.002 0.000 0.002 0.001 0.003 0.807 0.183 
 440 K X   0.002 0.005 0.000 0.004 0.001 0.004 0.806 0.177 
 441 S X   0.003 0.009 0.000 0.008 0.002 0.006 0.805 0.168 
 442 I X   0.003 0.014 0.000 0.013 0.003 0.006 0.803 0.158 
 443 F X   0.003 0.019 0.000 0.017 0.004 0.007 0.802 0.148 
 444 I X   0.003 0.022 0.000 0.021 0.004 0.007 0.802 0.141 
 445 P X   0.002 0.024 0.000 0.022 0.004 0.007 0.803 0.137 
 446 Q X   0.002 0.024 0.000 0.022 0.004 0.006 0.806 0.135 
 447 E X   0.002 0.023 0.000 0.020 0.004 0.006 0.810 0.135 
 448 M X   0.002 0.021 0.000 0.016 0.003 0.005 0.816 0.137 
 449 H X   0.002 0.018 0.000 0.012 0.002 0.004 0.823 0.139 
 450 S X   0.001 0.014 0.000 0.008 0.002 0.003 0.830 0.141 
 451 T X   0.001 0.011 0.000 0.005 0.001 0.003 0.836 0.143 
 452 E X   0.001 0.008 0.000 0.003 0.001 0.002 0.842 0.143 
 453 D X   0.001 0.007 0.000 0.002 0.001 0.002 0.846 0.141 
 454 E X   0.001 0.006 0.000 0.002 0.001 0.002 0.849 0.139 
 455 N X   0.001 0.006 0.000 0.002 0.001 0.002 0.852 0.136 
 456 Q X   0.001 0.006 0.000 0.003 0.001 0.002 0.854 0.132 
 457 G X   0.001 0.006 0.000 0.004 0.001 0.003 0.856 0.128 
 458 T X   0.001 0.007 0.000 0.005 0.001 0.003 0.858 0.124 
 459 I X   0.001 0.007 0.000 0.007 0.002 0.003 0.860 0.119 
 460 K X   0.002 0.008 0.000 0.008 0.002 0.003 0.863 0.114 
 461 R X   0.001 0.008 0.000 0.009 0.002 0.003 0.866 0.110 
 462 C X   0.001 0.008 0.000 0.009 0.002 0.003 0.870 0.107 
 463 P X   0.001 0.007 0.000 0.008 0.002 0.003 0.875 0.103 
 464 M X   0.001 0.007 0.000 0.007 0.002 0.003 0.880 0.100 
 465 S X   0.001 0.006 0.000 0.006 0.001 0.003 0.885 0.097 
 466 G X   0.001 0.005 0.000 0.005 0.001 0.002 0.891 0.093 
 467 S X   0.001 0.004 0.000 0.004 0.001 0.002 0.897 0.090 
 468 P X   0.001 0.003 0.000 0.004 0.001 0.002 0.903 0.086 
 469 A X   0.001 0.003 0.000 0.003 0.001 0.002 0.908 0.083 
 470 K X   0.001 0.002 0.000 0.002 0.001 0.002 0.913 0.079 
 471 P X   0.001 0.001 0.000 0.002 0.001 0.001 0.917 0.077 
 472 S X   0.001 0.001 0.000 0.002 0.000 0.001 0.920 0.074 
 473 Q X   0.001 0.001 0.000 0.001 0.000 0.001 0.923 0.073 
 474 V X   0.001 0.001 0.000 0.001 0.000 0.001 0.924 0.072 
 475 P X   0.001 0.000 0.000 0.001 0.000 0.001 0.925 0.071 
 476 P X   0.001 0.000 0.000 0.001 0.000 0.001 0.926 0.071 
 477 R X   0.001 0.000 0.000 0.001 0.000 0.001 0.926 0.072 
 478 P X   0.001 0.000 0.000 0.001 0.000 0.001 0.925 0.073 
 479 P X   0.001 0.000 0.000 0.001 0.000 0.001 0.923 0.075 
 480 P X   0.001 0.000 0.000 0.001 0.000 0.001 0.920 0.077 
 481 P X   0.001 0.001 0.000 0.001 0.000 0.001 0.916 0.080 
 482 R X   0.001 0.001 0.000 0.001 0.000 0.001 0.911 0.084 
 483 L X   0.001 0.002 0.000 0.002 0.001 0.002 0.903 0.089 
 484 P X   0.001 0.005 0.000 0.004 0.001 0.003 0.892 0.093 
 485 P X   0.001 0.011 0.000 0.006 0.002 0.004 0.878 0.097 
 486 H X   0.002 0.022 0.000 0.010 0.003 0.006 0.860 0.098 
 487 K X   0.002 0.037 0.001 0.015 0.004 0.007 0.838 0.096 
 488 P X   0.002 0.056 0.001 0.020 0.005 0.007 0.817 0.092 
 489 V X   0.002 0.075 0.001 0.025 0.005 0.007 0.797 0.088 
 490 A X   0.002 0.089 0.001 0.029 0.005 0.007 0.782 0.085 
 491 L X   0.001 0.099 0.001 0.031 0.005 0.007 0.771 0.084 
 492 G X   0.001 0.104 0.001 0.033 0.005 0.007 0.764 0.085 
 493 N X   0.001 0.107 0.000 0.033 0.005 0.007 0.759 0.088 
 494 G X   0.001 0.107 0.000 0.032 0.005 0.006 0.756 0.092 
 495 M X   0.001 0.106 0.000 0.029 0.004 0.006 0.755 0.097 
 496 S X   0.002 0.102 0.000 0.026 0.004 0.006 0.756 0.105 
 497 S X   0.002 0.094 0.000 0.022 0.004 0.005 0.759 0.114 
 498 F X   0.002 0.084 0.000 0.018 0.003 0.005 0.763 0.125 
 499 Q X   0.002 0.071 0.000 0.014 0.003 0.005 0.768 0.138 
 500 L X   0.002 0.057 0.000 0.011 0.002 0.004 0.773 0.150 
 501 N X   0.002 0.044 0.000 0.008 0.002 0.004 0.779 0.161 
 502 G X   0.002 0.034 0.000 0.006 0.002 0.004 0.784 0.168 
 503 E X   0.002 0.027 0.000 0.005 0.001 0.003 0.787 0.174 
 504 R X   0.002 0.023 0.000 0.004 0.001 0.003 0.790 0.177 
 505 D X   0.002 0.019 0.000 0.004 0.001 0.003 0.792 0.179 
 506 G X   0.002 0.017 0.000 0.004 0.001 0.003 0.794 0.180 
 507 S X   0.001 0.015 0.000 0.004 0.001 0.003 0.795 0.180 
 508 L X   0.001 0.014 0.000 0.004 0.001 0.003 0.796 0.180 
 509 C X   0.001 0.013 0.000 0.005 0.001 0.003 0.796 0.180 
 510 Q X   0.002 0.013 0.000 0.005 0.001 0.003 0.797 0.180 
 511 Q X   0.002 0.012 0.000 0.005 0.001 0.003 0.797 0.179 
 512 Q X   0.002 0.011 0.000 0.006 0.001 0.003 0.798 0.179 
 513 N X   0.002 0.010 0.000 0.006 0.001 0.003 0.799 0.179 
 514 E X   0.002 0.009 0.000 0.006 0.001 0.003 0.800 0.180 
 515 H X   0.002 0.008 0.000 0.005 0.001 0.003 0.801 0.180 
 516 R X   0.002 0.007 0.000 0.005 0.001 0.003 0.802 0.180 
 517 G X   0.002 0.006 0.000 0.005 0.001 0.003 0.803 0.181 
 518 T X   0.002 0.005 0.000 0.004 0.001 0.002 0.803 0.182 
 519 N X   0.002 0.004 0.000 0.004 0.001 0.002 0.804 0.183 
 520 L X   0.001 0.004 0.000 0.003 0.001 0.002 0.804 0.184 
 521 S X   0.001 0.003 0.000 0.003 0.001 0.002 0.804 0.185 
 522 R X   0.001 0.002 0.000 0.003 0.001 0.002 0.803 0.187 
 523 K X   0.001 0.002 0.000 0.003 0.001 0.002 0.802 0.189 
 524 E X   0.001 0.002 0.000 0.003 0.001 0.002 0.801 0.191 
 525 K X   0.001 0.001 0.000 0.003 0.001 0.002 0.798 0.193 
 526 K X   0.001 0.001 0.000 0.003 0.001 0.002 0.795 0.196 
 527 D X   0.002 0.001 0.000 0.003 0.001 0.002 0.792 0.200 
 528 V X   0.002 0.001 0.000 0.003 0.001 0.002 0.787 0.204 
 529 P X   0.002 0.001 0.000 0.003 0.001 0.002 0.782 0.208 
 530 K X   0.002 0.001 0.000 0.003 0.001 0.002 0.776 0.214 
 531 P X   0.002 0.001 0.000 0.003 0.001 0.003 0.769 0.221 
 532 I X   0.002 0.001 0.000 0.003 0.001 0.003 0.761 0.229 
 533 S X   0.002 0.001 0.000 0.003 0.001 0.003 0.751 0.239 
 534 N X   0.002 0.002 0.000 0.003 0.001 0.003 0.739 0.250 
 535 G X   0.002 0.002 0.000 0.003 0.001 0.004 0.725 0.263 
 536 L X   0.002 0.003 0.000 0.004 0.001 0.005 0.708 0.277 
 537 P X   0.003 0.005 0.000 0.005 0.002 0.007 0.687 0.291 
 538 P X   0.004 0.010 0.000 0.007 0.003 0.011 0.660 0.305 
 539 T X   0.005 0.021 0.001 0.011 0.006 0.016 0.624 0.315 
 540 P X   0.008 0.046 0.001 0.019 0.011 0.023 0.576 0.316 
 541 K X   0.010 0.095 0.002 0.030 0.018 0.029 0.514 0.302 
 542 V X   0.011 0.172 0.003 0.042 0.026 0.035 0.440 0.271 
 543 H X   0.012 0.264 0.004 0.052 0.031 0.037 0.369 0.232 
 544 M E   0.011 0.350 0.003 0.058 0.032 0.037 0.312 0.197 
 545 G E   0.011 0.414 0.003 0.060 0.030 0.035 0.271 0.176 
 546 A E   0.010 0.453 0.002 0.060 0.028 0.034 0.244 0.168 
 547 C E   0.010 0.476 0.002 0.058 0.026 0.033 0.225 0.170 
 548 F E   0.011 0.487 0.002 0.054 0.025 0.032 0.212 0.180 
 549 S E   0.011 0.490 0.002 0.048 0.023 0.031 0.201 0.195 
 550 K E   0.012 0.487 0.001 0.041 0.021 0.030 0.192 0.215 
 551 V E   0.013 0.479 0.001 0.034 0.019 0.029 0.185 0.239 
 552 F E   0.014 0.467 0.001 0.028 0.017 0.028 0.179 0.265 
 553 N E   0.015 0.453 0.001 0.024 0.016 0.027 0.174 0.289 
 554 G E   0.015 0.441 0.001 0.021 0.014 0.026 0.170 0.311 
 555 C E   0.016 0.429 0.001 0.020 0.013 0.026 0.166 0.330 
 556 P E   0.016 0.419 0.001 0.020 0.012 0.024 0.162 0.345 
 557 L E   0.016 0.410 0.001 0.021 0.012 0.023 0.158 0.358 
 558 K E   0.016 0.401 0.001 0.023 0.012 0.022 0.155 0.371 
 559 I E   0.015 0.389 0.001 0.025 0.011 0.020 0.152 0.385 
 560 H _   0.014 0.373 0.001 0.027 0.011 0.019 0.150 0.405 
 561 C _   0.013 0.351 0.001 0.028 0.011 0.018 0.148 0.430 
 562 A _   0.013 0.321 0.001 0.028 0.010 0.016 0.148 0.464 
 563 S _   0.012 0.280 0.001 0.026 0.009 0.015 0.147 0.509 
 564 S _   0.012 0.230 0.001 0.022 0.008 0.014 0.147 0.565 
 565 W _   0.011 0.176 0.001 0.018 0.007 0.013 0.147 0.627 
 566 I _   0.010 0.130 0.001 0.013 0.005 0.011 0.147 0.682 
 567 N _   0.009 0.098 0.001 0.009 0.004 0.010 0.146 0.724 
 568 P _   0.008 0.080 0.000 0.006 0.003 0.010 0.144 0.750 
 569 D _   0.007 0.072 0.000 0.004 0.002 0.010 0.142 0.763 
 570 T _   0.007 0.070 0.000 0.004 0.002 0.010 0.138 0.768 
 571 R _   0.007 0.071 0.000 0.005 0.003 0.012 0.134 0.766 
 572 D _   0.009 0.079 0.001 0.008 0.005 0.015 0.129 0.755 
 573 Q _   0.011 0.097 0.001 0.014 0.008 0.019 0.121 0.729 
 574 Y _   0.013 0.132 0.001 0.022 0.012 0.023 0.112 0.686 
 575 L _   0.013 0.180 0.002 0.033 0.015 0.025 0.102 0.630 
 576 I _   0.013 0.229 0.002 0.044 0.018 0.026 0.092 0.577 
 577 F _   0.012 0.266 0.002 0.053 0.019 0.026 0.084 0.538 
 578 G _   0.011 0.290 0.002 0.059 0.020 0.026 0.078 0.514 
 579 A _   0.011 0.303 0.001 0.062 0.019 0.025 0.074 0.504 
 580 E _   0.011 0.307 0.001 0.062 0.019 0.024 0.070 0.506 
 581 E _   0.011 0.304 0.001 0.059 0.018 0.023 0.068 0.516 
 582 G _   0.011 0.294 0.001 0.054 0.016 0.021 0.066 0.536 
 583 I _   0.011 0.275 0.001 0.047 0.015 0.020 0.066 0.567 
 584 Y _   0.011 0.245 0.001 0.039 0.013 0.018 0.065 0.607 
 585 T _   0.011 0.208 0.001 0.032 0.011 0.017 0.065 0.654 
 586 L _   0.011 0.167 0.001 0.025 0.010 0.017 0.066 0.703 
 587 N _   0.011 0.129 0.001 0.021 0.008 0.016 0.066 0.748 
 588 L _   0.011 0.096 0.001 0.017 0.007 0.015 0.067 0.787 
 589 N _   0.010 0.071 0.001 0.014 0.006 0.015 0.067 0.817 
 590 E _   0.010 0.054 0.001 0.012 0.005 0.015 0.067 0.838 
 591 L _   0.010 0.041 0.001 0.010 0.005 0.015 0.066 0.852 
 592 H _   0.010 0.032 0.001 0.010 0.005 0.015 0.066 0.861 
 593 E _   0.011 0.025 0.001 0.010 0.005 0.016 0.065 0.867 
 594 T _   0.012 0.020 0.001 0.010 0.005 0.017 0.064 0.871 
 595 S _   0.014 0.016 0.001 0.010 0.005 0.018 0.063 0.873 
 596 M _   0.017 0.012 0.001 0.010 0.006 0.020 0.062 0.874 
 597 E _   0.021 0.009 0.001 0.009 0.006 0.022 0.061 0.872 
 598 Q _   0.026 0.006 0.001 0.008 0.007 0.025 0.059 0.869 
 599 L _   0.034 0.004 0.001 0.007 0.007 0.027 0.058 0.862 
 600 F _   0.045 0.002 0.001 0.006 0.008 0.031 0.056 0.850 
 601 P _   0.061 0.002 0.001 0.006 0.010 0.036 0.054 0.831 
 602 R _   0.080 0.001 0.001 0.005 0.014 0.041 0.052 0.805 
 603 R _   0.105 0.001 0.001 0.006 0.018 0.047 0.050 0.772 
 604 C _   0.131 0.002 0.001 0.007 0.024 0.053 0.049 0.733 
 605 T _   0.159 0.003 0.002 0.008 0.031 0.058 0.047 0.693 
 606 W _   0.184 0.004 0.002 0.010 0.038 0.062 0.046 0.655 
 607 L _   0.204 0.006 0.002 0.013 0.044 0.064 0.045 0.623 
 608 Y _   0.219 0.008 0.002 0.015 0.048 0.065 0.044 0.598 
 609 V _   0.228 0.010 0.002 0.017 0.050 0.064 0.044 0.584 
 610 M _   0.231 0.011 0.002 0.019 0.050 0.062 0.045 0.580 
 611 N _   0.227 0.012 0.002 0.019 0.048 0.059 0.045 0.587 
 612 N _   0.216 0.012 0.002 0.020 0.044 0.055 0.046 0.604 
 613 C _   0.200 0.012 0.002 0.019 0.039 0.050 0.048 0.630 
 614 L _   0.179 0.011 0.002 0.018 0.033 0.045 0.049 0.663 
 615 L _   0.154 0.009 0.002 0.016 0.026 0.040 0.051 0.702 
 616 S _   0.128 0.007 0.001 0.014 0.020 0.034 0.053 0.741 
 617 I _   0.102 0.006 0.001 0.013 0.015 0.029 0.055 0.779 
 618 S _   0.080 0.005 0.001 0.011 0.011 0.025 0.057 0.811 
 619 G _   0.061 0.004 0.001 0.010 0.008 0.021 0.059 0.838 
 620 K _   0.047 0.003 0.001 0.008 0.006 0.017 0.060 0.859 
 621 A _   0.035 0.002 0.001 0.007 0.005 0.015 0.061 0.875 
 622 S _   0.027 0.002 0.000 0.006 0.004 0.013 0.061 0.887 
 623 Q _   0.021 0.001 0.000 0.005 0.003 0.011 0.062 0.896 
 624 L _   0.017 0.001 0.000 0.005 0.003 0.010 0.062 0.901 
 625 Y _   0.014 0.001 0.000 0.005 0.003 0.010 0.062 0.905 
 626 S _   0.013 0.002 0.000 0.005 0.003 0.010 0.062 0.905 
 627 H _   0.012 0.002 0.000 0.006 0.003 0.010 0.062 0.904 
 628 N _   0.012 0.004 0.000 0.007 0.004 0.011 0.061 0.901 
 629 L _   0.012 0.005 0.001 0.009 0.004 0.012 0.061 0.896 
 630 P _   0.013 0.007 0.001 0.011 0.005 0.013 0.060 0.890 
 631 G _   0.014 0.009 0.001 0.013 0.006 0.014 0.060 0.884 
 632 L _   0.014 0.011 0.001 0.015 0.007 0.015 0.059 0.879 
 633 F _   0.014 0.012 0.001 0.016 0.007 0.015 0.059 0.876 
 634 D _   0.014 0.013 0.001 0.016 0.007 0.015 0.059 0.876 
 635 Y _   0.013 0.014 0.001 0.016 0.007 0.014 0.058 0.877 
 636 A _   0.013 0.014 0.001 0.015 0.006 0.014 0.058 0.878 
 637 R _   0.013 0.014 0.001 0.014 0.006 0.013 0.058 0.881 
 638 Q _   0.012 0.014 0.001 0.012 0.005 0.013 0.058 0.885 
 639 M _   0.012 0.014 0.001 0.011 0.005 0.013 0.057 0.887 
 640 Q _   0.012 0.014 0.001 0.011 0.005 0.012 0.057 0.889 
 641 K _   0.011 0.014 0.001 0.011 0.005 0.012 0.057 0.889 
 642 L _   0.011 0.015 0.001 0.011 0.005 0.011 0.057 0.889 
 643 P _   0.011 0.015 0.001 0.012 0.005 0.011 0.057 0.889 
 644 V _   0.011 0.016 0.001 0.012 0.005 0.011 0.056 0.888 
 645 A _   0.011 0.016 0.001 0.013 0.005 0.011 0.056 0.888 
 646 I _   0.010 0.016 0.001 0.013 0.005 0.010 0.056 0.889 
 647 P _   0.010 0.016 0.001 0.012 0.004 0.010 0.056 0.891 
 648 A _   0.009 0.016 0.000 0.011 0.004 0.010 0.056 0.894 
 649 H _   0.009 0.015 0.000 0.010 0.004 0.009 0.055 0.897 
 650 K _   0.008 0.015 0.000 0.009 0.003 0.009 0.055 0.900 
 651 L _   0.007 0.015 0.000 0.009 0.003 0.009 0.054 0.903 
 652 P _   0.007 0.015 0.000 0.008 0.003 0.009 0.054 0.903 
 653 D _   0.007 0.016 0.000 0.009 0.003 0.009 0.053 0.903 
 654 R _   0.008 0.017 0.000 0.009 0.003 0.009 0.052 0.901 
 655 I _   0.008 0.019 0.000 0.010 0.004 0.009 0.051 0.898 
 656 L _   0.008 0.021 0.000 0.011 0.004 0.010 0.051 0.895 
 657 P _   0.008 0.023 0.001 0.012 0.004 0.010 0.050 0.893 
 658 R _   0.008 0.025 0.001 0.013 0.004 0.010 0.049 0.891 
 659 K _   0.007 0.027 0.001 0.013 0.004 0.010 0.048 0.890 
 660 F _   0.007 0.028 0.001 0.013 0.004 0.010 0.047 0.890 
 661 S _   0.007 0.030 0.001 0.012 0.004 0.010 0.046 0.890 
 662 V _   0.007 0.031 0.001 0.012 0.004 0.011 0.045 0.890 
 663 S _   0.007 0.033 0.000 0.011 0.004 0.011 0.044 0.889 
