#TopoPred_TM8: 8-state transmembrane topology prediction results by no_profile mode 
#probabilities are in the order of H E C I L F X _, the 8 transmembrane topology types used in PDBTM 
   1 M X   0.018 0.002 0.002 0.054 0.011 0.013 0.607 0.293 
   2 S X   0.006 0.001 0.000 0.031 0.002 0.007 0.621 0.331 
   3 W X   0.002 0.001 0.000 0.017 0.001 0.005 0.622 0.352 
   4 S X   0.002 0.002 0.000 0.013 0.001 0.006 0.614 0.362 
   5 P X   0.003 0.004 0.000 0.014 0.002 0.010 0.600 0.368 
   6 S X   0.005 0.009 0.001 0.017 0.004 0.015 0.577 0.372 
   7 L X   0.008 0.021 0.001 0.023 0.006 0.021 0.550 0.370 
   8 T X   0.010 0.043 0.001 0.032 0.009 0.025 0.515 0.365 
   9 T X   0.011 0.072 0.001 0.042 0.012 0.027 0.476 0.358 
  10 Q X   0.011 0.102 0.002 0.051 0.014 0.027 0.439 0.355 
  11 T X   0.010 0.125 0.002 0.056 0.016 0.027 0.406 0.359 
  12 C X   0.009 0.140 0.002 0.056 0.016 0.026 0.381 0.370 
  13 G _   0.009 0.149 0.001 0.053 0.015 0.025 0.360 0.387 
  14 A _   0.009 0.154 0.001 0.047 0.014 0.024 0.343 0.407 
  15 W _   0.009 0.155 0.001 0.040 0.013 0.023 0.329 0.430 
  16 E _   0.009 0.155 0.001 0.032 0.011 0.022 0.317 0.452 
  17 M _   0.010 0.153 0.001 0.026 0.010 0.021 0.307 0.473 
  18 K _   0.010 0.150 0.001 0.021 0.009 0.021 0.297 0.491 
  19 E _   0.010 0.148 0.001 0.018 0.009 0.020 0.288 0.505 
  20 R _   0.011 0.147 0.001 0.017 0.008 0.020 0.279 0.516 
  21 L _   0.011 0.147 0.001 0.017 0.009 0.020 0.271 0.524 
  22 G _   0.012 0.148 0.001 0.018 0.009 0.020 0.262 0.529 
  23 T _   0.012 0.149 0.001 0.020 0.010 0.020 0.255 0.533 
  24 G _   0.013 0.151 0.001 0.022 0.010 0.020 0.247 0.536 
  25 G _   0.013 0.151 0.001 0.024 0.011 0.020 0.241 0.540 
  26 F _   0.013 0.150 0.001 0.026 0.011 0.019 0.235 0.545 
  27 G _   0.013 0.146 0.001 0.026 0.011 0.019 0.230 0.554 
  28 N _   0.013 0.140 0.001 0.025 0.010 0.018 0.226 0.567 
  29 V _   0.013 0.131 0.001 0.022 0.009 0.017 0.223 0.584 
  30 I _   0.012 0.120 0.001 0.019 0.008 0.016 0.220 0.605 
  31 R _   0.011 0.107 0.001 0.015 0.007 0.014 0.217 0.627 
  32 W _   0.011 0.094 0.001 0.012 0.005 0.013 0.215 0.649 
  33 H _   0.010 0.085 0.001 0.009 0.004 0.013 0.212 0.667 
  34 N _   0.009 0.079 0.000 0.007 0.004 0.013 0.209 0.679 
  35 Q _   0.009 0.076 0.000 0.007 0.004 0.013 0.206 0.686 
  36 E _   0.009 0.075 0.000 0.007 0.004 0.014 0.202 0.687 
  37 T _   0.010 0.078 0.001 0.009 0.005 0.015 0.198 0.684 
  38 G _   0.011 0.084 0.001 0.013 0.007 0.017 0.194 0.675 
  39 E _   0.012 0.093 0.001 0.019 0.008 0.018 0.189 0.660 
  40 Q _   0.012 0.103 0.001 0.026 0.010 0.019 0.184 0.644 
  41 I _   0.013 0.112 0.001 0.033 0.012 0.020 0.179 0.629 
  42 A _   0.013 0.118 0.001 0.039 0.013 0.020 0.176 0.620 
  43 I _   0.013 0.119 0.001 0.042 0.013 0.020 0.173 0.618 
  44 K _   0.013 0.117 0.001 0.042 0.012 0.018 0.172 0.623 
  45 Q _   0.012 0.111 0.001 0.039 0.011 0.017 0.172 0.637 
  46 C _   0.011 0.098 0.001 0.033 0.009 0.015 0.172 0.660 
  47 R _   0.011 0.080 0.001 0.026 0.008 0.013 0.173 0.690 
  48 Q _   0.010 0.057 0.001 0.018 0.006 0.012 0.173 0.724 
  49 E _   0.008 0.036 0.001 0.012 0.004 0.010 0.174 0.755 
  50 L _   0.007 0.020 0.000 0.007 0.003 0.009 0.174 0.779 
  51 S _   0.007 0.012 0.000 0.004 0.002 0.009 0.173 0.793 
  52 P _   0.007 0.009 0.000 0.003 0.002 0.009 0.171 0.799 
  53 R _   0.008 0.008 0.000 0.003 0.002 0.011 0.169 0.800 
  54 N _   0.011 0.008 0.000 0.003 0.003 0.014 0.166 0.795 
  55 R _   0.015 0.011 0.000 0.005 0.005 0.020 0.162 0.781 
  56 E _   0.021 0.020 0.001 0.010 0.009 0.027 0.157 0.756 
  57 R _   0.027 0.040 0.001 0.018 0.016 0.034 0.150 0.714 
  58 W _   0.032 0.071 0.002 0.029 0.023 0.040 0.143 0.660 
  59 C _   0.036 0.105 0.002 0.042 0.030 0.045 0.136 0.605 
  60 L _   0.038 0.133 0.002 0.053 0.034 0.047 0.130 0.563 
  61 E _   0.039 0.150 0.002 0.062 0.036 0.047 0.126 0.538 
  62 I _   0.040 0.159 0.002 0.066 0.036 0.046 0.123 0.529 
  63 Q _   0.040 0.161 0.002 0.064 0.034 0.043 0.121 0.535 
  64 I _   0.039 0.157 0.002 0.058 0.031 0.040 0.120 0.553 
  65 M _   0.037 0.146 0.002 0.049 0.026 0.036 0.120 0.584 
  66 R _   0.034 0.128 0.002 0.039 0.022 0.032 0.120 0.624 
  67 R _   0.031 0.103 0.002 0.029 0.017 0.028 0.121 0.670 
  68 L _   0.027 0.078 0.001 0.020 0.013 0.024 0.122 0.714 
  69 T _   0.023 0.058 0.001 0.014 0.009 0.020 0.123 0.751 
  70 H _   0.020 0.044 0.001 0.011 0.006 0.018 0.124 0.777 
  71 P _   0.017 0.036 0.001 0.009 0.005 0.016 0.124 0.793 
  72 N _   0.015 0.032 0.001 0.008 0.004 0.014 0.124 0.802 
  73 V _   0.013 0.030 0.000 0.009 0.004 0.013 0.123 0.807 
  74 V _   0.012 0.029 0.001 0.010 0.004 0.012 0.123 0.809 
  75 A _   0.012 0.029 0.001 0.011 0.005 0.012 0.122 0.809 
  76 A _   0.011 0.028 0.001 0.013 0.005 0.012 0.121 0.809 
  77 R _   0.010 0.028 0.001 0.015 0.005 0.011 0.121 0.810 
  78 D _   0.009 0.027 0.001 0.016 0.005 0.011 0.120 0.811 
  79 V _   0.009 0.026 0.001 0.016 0.005 0.010 0.120 0.813 
  80 P _   0.009 0.024 0.001 0.016 0.005 0.010 0.119 0.817 
  81 E _   0.008 0.022 0.001 0.014 0.004 0.009 0.119 0.823 
  82 G _   0.008 0.019 0.000 0.012 0.004 0.008 0.119 0.830 
  83 M _   0.007 0.015 0.000 0.010 0.003 0.007 0.119 0.837 
  84 Q _   0.007 0.012 0.000 0.008 0.002 0.007 0.119 0.845 
  85 N _   0.006 0.010 0.000 0.006 0.002 0.006 0.118 0.852 
  86 L _   0.005 0.008 0.000 0.004 0.002 0.006 0.117 0.858 
  87 A _   0.005 0.008 0.000 0.003 0.001 0.006 0.115 0.861 
  88 P _   0.005 0.008 0.000 0.004 0.002 0.007 0.112 0.862 
  89 N _   0.006 0.010 0.000 0.004 0.002 0.009 0.109 0.859 
  90 D _   0.008 0.015 0.000 0.007 0.003 0.011 0.106 0.850 
  91 L _   0.010 0.025 0.001 0.012 0.005 0.015 0.101 0.831 
  92 P _   0.011 0.044 0.001 0.021 0.009 0.019 0.095 0.801 
  93 L _   0.013 0.069 0.001 0.032 0.012 0.022 0.088 0.764 
  94 L _   0.013 0.091 0.001 0.044 0.015 0.024 0.081 0.730 
  95 A _   0.013 0.106 0.001 0.054 0.016 0.025 0.076 0.708 
  96 M _   0.013 0.114 0.001 0.059 0.017 0.025 0.072 0.699 
  97 E _   0.013 0.117 0.001 0.059 0.016 0.024 0.069 0.701 
  98 Y _   0.012 0.114 0.001 0.054 0.015 0.022 0.066 0.715 
  99 C _   0.012 0.106 0.001 0.046 0.013 0.020 0.064 0.738 
 100 Q _   0.011 0.092 0.001 0.037 0.011 0.019 0.063 0.766 
 101 G _   0.011 0.074 0.001 0.028 0.009 0.017 0.062 0.798 
 102 G _   0.011 0.055 0.001 0.020 0.007 0.016 0.061 0.830 
 103 D _   0.011 0.038 0.001 0.015 0.006 0.014 0.060 0.856 
 104 L _   0.011 0.024 0.001 0.011 0.005 0.014 0.059 0.876 
 105 R _   0.012 0.015 0.001 0.008 0.004 0.013 0.058 0.889 
 106 K _   0.013 0.010 0.000 0.007 0.004 0.013 0.056 0.897 
 107 Y _   0.015 0.006 0.000 0.006 0.004 0.013 0.055 0.901 
 108 L _   0.019 0.004 0.000 0.006 0.004 0.014 0.052 0.901 
 109 N _   0.026 0.002 0.000 0.006 0.004 0.015 0.050 0.897 
 110 Q _   0.037 0.001 0.001 0.005 0.005 0.016 0.047 0.888 
 111 F _   0.055 0.001 0.001 0.005 0.005 0.018 0.044 0.871 
 112 E _   0.081 0.000 0.001 0.005 0.007 0.020 0.041 0.846 
 113 N _   0.119 0.000 0.001 0.004 0.008 0.023 0.037 0.807 
 114 C _   0.169 0.000 0.001 0.004 0.011 0.027 0.032 0.756 
 115 C _   0.232 0.000 0.001 0.003 0.014 0.030 0.028 0.691 
 116 G _   0.307 0.000 0.001 0.003 0.018 0.033 0.024 0.614 
 117 L _   0.385 0.000 0.002 0.003 0.022 0.035 0.020 0.533 
 118 R H   0.460 0.000 0.002 0.003 0.026 0.036 0.017 0.456 
 119 E H   0.525 0.000 0.002 0.003 0.029 0.036 0.015 0.390 
 120 G H   0.579 0.000 0.002 0.003 0.031 0.035 0.013 0.337 
 121 A H   0.621 0.000 0.002 0.003 0.032 0.033 0.012 0.297 
 122 I H   0.649 0.000 0.002 0.002 0.033 0.031 0.012 0.271 
 123 L H   0.664 0.000 0.002 0.002 0.032 0.029 0.012 0.259 
 124 T H   0.666 0.000 0.002 0.002 0.031 0.028 0.012 0.260 
 125 L H   0.655 0.000 0.002 0.002 0.029 0.026 0.012 0.273 
 126 L H   0.631 0.000 0.002 0.002 0.027 0.025 0.013 0.299 
 127 S H   0.596 0.000 0.002 0.003 0.025 0.024 0.015 0.336 
 128 D H   0.550 0.000 0.002 0.003 0.022 0.023 0.016 0.383 
 129 I H   0.500 0.000 0.001 0.003 0.020 0.023 0.018 0.435 
 130 A _   0.444 0.000 0.001 0.004 0.017 0.022 0.021 0.491 
 131 S _   0.387 0.000 0.001 0.004 0.015 0.022 0.023 0.547 
 132 A _   0.330 0.000 0.001 0.004 0.013 0.021 0.026 0.603 
 133 L _   0.274 0.000 0.001 0.005 0.012 0.020 0.029 0.658 
 134 R _   0.221 0.000 0.001 0.006 0.010 0.020 0.032 0.710 
 135 Y _   0.174 0.001 0.001 0.007 0.009 0.019 0.035 0.755 
 136 L _   0.135 0.001 0.001 0.008 0.009 0.018 0.038 0.792 
 137 H _   0.104 0.001 0.001 0.009 0.008 0.017 0.041 0.821 
 138 E _   0.079 0.001 0.001 0.009 0.007 0.016 0.043 0.844 
 139 N _   0.059 0.001 0.001 0.010 0.006 0.015 0.045 0.863 
 140 R _   0.045 0.001 0.001 0.010 0.005 0.013 0.047 0.878 
 141 I _   0.034 0.001 0.001 0.009 0.005 0.012 0.049 0.890 
 142 I _   0.025 0.001 0.001 0.008 0.004 0.010 0.051 0.900 
 143 H _   0.019 0.001 0.000 0.007 0.003 0.009 0.052 0.908 
 144 R _   0.015 0.001 0.000 0.006 0.003 0.008 0.053 0.915 
 145 D _   0.012 0.001 0.000 0.005 0.002 0.008 0.053 0.919 
 146 L _   0.010 0.001 0.000 0.004 0.002 0.007 0.053 0.922 
 147 K _   0.009 0.001 0.000 0.004 0.002 0.008 0.054 0.923 
 148 P _   0.008 0.002 0.000 0.004 0.002 0.008 0.053 0.922 
 149 E _   0.009 0.003 0.000 0.005 0.003 0.010 0.053 0.918 
 150 N _   0.009 0.006 0.000 0.006 0.003 0.011 0.052 0.912 
 151 I _   0.011 0.010 0.001 0.008 0.004 0.014 0.051 0.902 
 152 V _   0.012 0.016 0.001 0.011 0.006 0.016 0.050 0.888 
 153 L _   0.014 0.024 0.001 0.014 0.007 0.019 0.049 0.874 
 154 Q _   0.015 0.032 0.001 0.016 0.009 0.021 0.047 0.859 
 155 Q _   0.016 0.040 0.001 0.019 0.010 0.024 0.046 0.845 
 156 G _   0.017 0.047 0.001 0.020 0.012 0.026 0.045 0.832 
 157 E _   0.020 0.053 0.001 0.021 0.013 0.028 0.043 0.821 
 158 Q _   0.021 0.058 0.001 0.021 0.015 0.029 0.043 0.812 
 159 R _   0.024 0.063 0.001 0.023 0.016 0.030 0.042 0.802 
 160 L _   0.026 0.068 0.001 0.024 0.017 0.031 0.041 0.791 
 161 I _   0.027 0.073 0.001 0.027 0.018 0.031 0.041 0.781 
 162 H _   0.029 0.077 0.001 0.031 0.018 0.031 0.041 0.772 
 163 K _   0.029 0.080 0.001 0.034 0.019 0.030 0.041 0.765 
 164 I _   0.030 0.080 0.001 0.037 0.018 0.029 0.041 0.764 
 165 I _   0.029 0.079 0.001 0.037 0.017 0.027 0.042 0.768 
 166 D _   0.028 0.074 0.001 0.036 0.015 0.025 0.043 0.779 
 167 L _   0.026 0.065 0.001 0.032 0.013 0.022 0.044 0.797 
 168 G _   0.024 0.052 0.001 0.026 0.010 0.019 0.045 0.823 
 169 Y _   0.022 0.037 0.001 0.018 0.008 0.016 0.046 0.852 
 170 A _   0.019 0.021 0.001 0.012 0.005 0.014 0.047 0.881 
 171 K _   0.018 0.009 0.000 0.007 0.003 0.012 0.048 0.903 
 172 E _   0.018 0.003 0.000 0.003 0.002 0.010 0.047 0.915 
 173 L _   0.020 0.001 0.000 0.002 0.002 0.010 0.047 0.918 
 174 D _   0.027 0.000 0.000 0.001 0.002 0.011 0.046 0.912 
 175 Q _   0.042 0.000 0.000 0.001 0.003 0.015 0.045 0.895 
 176 G _   0.068 0.000 0.000 0.001 0.004 0.021 0.043 0.862 
 177 S _   0.111 0.000 0.001 0.002 0.009 0.030 0.041 0.806 
 178 L _   0.165 0.001 0.001 0.004 0.017 0.041 0.038 0.733 
 179 C _   0.220 0.003 0.002 0.007 0.030 0.053 0.036 0.650 
 180 T _   0.269 0.009 0.002 0.012 0.044 0.063 0.034 0.568 
 181 S _   0.303 0.017 0.003 0.018 0.056 0.069 0.032 0.501 
 182 F _   0.326 0.025 0.003 0.025 0.064 0.071 0.031 0.454 
 183 V _   0.339 0.031 0.003 0.029 0.068 0.071 0.031 0.429 
 184 G _   0.341 0.033 0.003 0.032 0.068 0.068 0.031 0.424 
 185 T _   0.333 0.033 0.003 0.031 0.064 0.064 0.031 0.440 
 186 L _   0.315 0.031 0.003 0.028 0.058 0.059 0.032 0.474 
 187 Q _   0.286 0.025 0.003 0.023 0.048 0.053 0.033 0.528 
 188 Y _   0.250 0.018 0.002 0.018 0.037 0.046 0.035 0.594 
 189 L _   0.207 0.011 0.002 0.013 0.026 0.039 0.036 0.665 
 190 A _   0.163 0.006 0.001 0.010 0.017 0.032 0.038 0.733 
 191 P _   0.125 0.003 0.001 0.007 0.011 0.027 0.039 0.787 
 192 E _   0.094 0.002 0.001 0.006 0.007 0.022 0.040 0.829 
 193 L _   0.071 0.001 0.001 0.005 0.005 0.019 0.040 0.858 
 194 L _   0.055 0.001 0.001 0.004 0.004 0.016 0.040 0.879 
 195 E _   0.044 0.000 0.000 0.004 0.004 0.015 0.040 0.892 
 196 Q _   0.036 0.000 0.000 0.004 0.004 0.014 0.040 0.901 
 197 Q _   0.033 0.000 0.000 0.004 0.003 0.013 0.040 0.906 
 198 K _   0.032 0.000 0.000 0.004 0.003 0.013 0.039 0.907 
 199 Y _   0.036 0.000 0.000 0.004 0.004 0.014 0.038 0.905 
 200 T _   0.043 0.000 0.000 0.004 0.004 0.015 0.037 0.897 
 201 V _   0.056 0.000 0.001 0.003 0.004 0.017 0.035 0.884 
 202 T _   0.077 0.000 0.001 0.003 0.005 0.019 0.033 0.861 
 203 V _   0.107 0.000 0.001 0.003 0.007 0.023 0.031 0.828 
 204 D _   0.149 0.000 0.001 0.003 0.010 0.027 0.029 0.781 
 205 Y _   0.204 0.000 0.001 0.003 0.014 0.032 0.026 0.720 
 206 W _   0.268 0.000 0.001 0.003 0.020 0.038 0.024 0.647 
 207 S _   0.333 0.000 0.002 0.003 0.027 0.043 0.021 0.570 
 208 F _   0.399 0.000 0.002 0.004 0.036 0.048 0.020 0.491 
 209 G H   0.455 0.000 0.002 0.005 0.046 0.051 0.018 0.424 
 210 T H   0.502 0.001 0.002 0.005 0.053 0.052 0.017 0.367 
 211 L H   0.534 0.001 0.002 0.006 0.059 0.052 0.017 0.328 
 212 A H   0.553 0.002 0.002 0.008 0.062 0.051 0.017 0.304 
 213 F H   0.559 0.003 0.003 0.009 0.063 0.049 0.018 0.296 
 214 E H   0.552 0.003 0.003 0.010 0.062 0.047 0.019 0.304 
 215 C H   0.532 0.004 0.003 0.011 0.058 0.044 0.020 0.328 
 216 I H   0.498 0.003 0.003 0.012 0.052 0.041 0.022 0.369 
 217 T H   0.451 0.003 0.003 0.012 0.044 0.038 0.024 0.426 
 218 G _   0.391 0.002 0.002 0.011 0.035 0.034 0.027 0.497 
 219 F _   0.326 0.002 0.002 0.009 0.026 0.030 0.031 0.575 
 220 R _   0.259 0.001 0.001 0.008 0.018 0.026 0.034 0.652 
 221 P _   0.198 0.001 0.001 0.006 0.012 0.022 0.037 0.722 
 222 F _   0.145 0.001 0.001 0.006 0.009 0.019 0.040 0.780 
 223 L _   0.102 0.000 0.001 0.005 0.007 0.017 0.043 0.825 
 224 P _   0.072 0.001 0.001 0.005 0.005 0.015 0.045 0.857 
 225 N _   0.051 0.001 0.001 0.005 0.005 0.014 0.047 0.877 
 226 W _   0.038 0.001 0.001 0.006 0.004 0.013 0.048 0.890 
 227 Q _   0.028 0.002 0.001 0.007 0.004 0.012 0.049 0.897 
 228 P _   0.022 0.003 0.001 0.008 0.004 0.012 0.050 0.901 
 229 V _   0.017 0.004 0.001 0.009 0.004 0.012 0.051 0.903 
 230 Q _   0.014 0.006 0.001 0.010 0.004 0.011 0.051 0.904 
 231 W _   0.011 0.007 0.001 0.010 0.004 0.011 0.052 0.904 
 232 H _   0.010 0.009 0.000 0.010 0.004 0.011 0.052 0.905 
 233 S _   0.009 0.010 0.000 0.009 0.004 0.010 0.052 0.904 
 234 K _   0.008 0.012 0.000 0.009 0.004 0.011 0.052 0.903 
 235 V _   0.008 0.015 0.000 0.009 0.004 0.011 0.052 0.900 
 236 R _   0.008 0.018 0.001 0.010 0.004 0.011 0.052 0.895 
 237 Q _   0.009 0.023 0.001 0.011 0.005 0.012 0.052 0.888 
 238 K _   0.009 0.029 0.001 0.013 0.006 0.013 0.052 0.877 
 239 S _   0.010 0.037 0.001 0.016 0.007 0.014 0.051 0.864 
 240 E _   0.010 0.046 0.001 0.019 0.008 0.015 0.051 0.850 
 241 V _   0.011 0.055 0.001 0.022 0.009 0.016 0.051 0.836 
 242 D _   0.011 0.062 0.001 0.025 0.009 0.016 0.051 0.824 
 243 I _   0.011 0.068 0.001 0.026 0.010 0.016 0.052 0.816 
 244 V _   0.012 0.072 0.001 0.027 0.010 0.016 0.052 0.810 
 245 V _   0.011 0.075 0.001 0.027 0.009 0.016 0.053 0.808 
 246 S _   0.011 0.075 0.001 0.026 0.009 0.016 0.054 0.809 
 247 E _   0.011 0.074 0.001 0.024 0.008 0.015 0.055 0.812 
 248 D _   0.010 0.072 0.001 0.022 0.007 0.014 0.057 0.817 
 249 L _   0.010 0.069 0.001 0.020 0.007 0.014 0.058 0.822 
 250 N _   0.010 0.066 0.001 0.019 0.006 0.013 0.060 0.826 
 251 G _   0.009 0.062 0.001 0.018 0.006 0.012 0.061 0.831 
 252 T _   0.009 0.059 0.001 0.017 0.005 0.012 0.063 0.835 
 253 V _   0.009 0.055 0.001 0.016 0.005 0.011 0.065 0.839 
 254 K _   0.008 0.051 0.001 0.016 0.005 0.010 0.066 0.844 
 255 F _   0.008 0.047 0.001 0.015 0.004 0.009 0.068 0.849 
 256 S _   0.007 0.042 0.000 0.013 0.004 0.009 0.070 0.855 
 257 S _   0.006 0.037 0.000 0.011 0.003 0.008 0.071 0.862 
 258 S _   0.006 0.033 0.000 0.009 0.003 0.007 0.072 0.869 
 259 L _   0.005 0.030 0.000 0.007 0.002 0.007 0.073 0.875 
 260 P _   0.005 0.027 0.000 0.006 0.002 0.006 0.074 0.879 
 261 Y _   0.005 0.026 0.000 0.005 0.002 0.007 0.075 0.881 
 262 P _   0.005 0.026 0.000 0.005 0.002 0.007 0.075 0.880 
 263 N _   0.005 0.028 0.000 0.005 0.002 0.009 0.075 0.876 
 264 N _   0.006 0.032 0.000 0.007 0.003 0.011 0.074 0.867 
 265 L _   0.008 0.041 0.000 0.009 0.004 0.013 0.073 0.852 
 266 N _   0.009 0.054 0.001 0.012 0.005 0.017 0.072 0.830 
 267 S _   0.011 0.072 0.001 0.016 0.007 0.020 0.071 0.803 
 268 V _   0.013 0.093 0.001 0.019 0.009 0.023 0.069 0.773 
 269 L _   0.014 0.115 0.001 0.022 0.011 0.027 0.068 0.742 
 270 A _   0.016 0.136 0.001 0.023 0.012 0.030 0.066 0.715 
 271 E _   0.019 0.155 0.001 0.024 0.014 0.032 0.065 0.690 
 272 R _   0.021 0.171 0.001 0.024 0.016 0.035 0.064 0.668 
 273 L _   0.023 0.186 0.001 0.024 0.018 0.037 0.063 0.646 
 274 E _   0.026 0.201 0.001 0.026 0.020 0.039 0.063 0.624 
 275 K _   0.029 0.216 0.001 0.028 0.022 0.040 0.062 0.602 
 276 W _   0.031 0.230 0.002 0.032 0.024 0.040 0.062 0.579 
 277 L _   0.033 0.244 0.002 0.037 0.025 0.040 0.063 0.558 
 278 Q _   0.034 0.254 0.002 0.042 0.025 0.038 0.064 0.542 
 279 L _   0.034 0.259 0.002 0.046 0.024 0.036 0.065 0.535 
 280 M _   0.033 0.259 0.002 0.049 0.022 0.033 0.067 0.535 
 281 L _   0.031 0.254 0.002 0.049 0.020 0.030 0.070 0.545 
 282 M _   0.029 0.240 0.002 0.046 0.018 0.026 0.073 0.567 
 283 W _   0.026 0.216 0.002 0.041 0.015 0.023 0.077 0.600 
 284 H _   0.024 0.181 0.001 0.034 0.012 0.020 0.081 0.645 
 285 P _   0.022 0.137 0.001 0.027 0.010 0.017 0.087 0.699 
 286 R _   0.019 0.092 0.001 0.020 0.007 0.014 0.092 0.754 
 287 Q _   0.016 0.054 0.001 0.014 0.005 0.011 0.096 0.802 
 288 R _   0.013 0.029 0.000 0.009 0.003 0.009 0.100 0.837 
 289 G _   0.010 0.014 0.000 0.006 0.002 0.007 0.102 0.859 
 290 T _   0.008 0.007 0.000 0.004 0.002 0.006 0.103 0.872 
 291 D _   0.006 0.003 0.000 0.003 0.001 0.005 0.103 0.879 
 292 P _   0.005 0.002 0.000 0.003 0.001 0.005 0.102 0.883 
 293 T _   0.004 0.001 0.000 0.003 0.001 0.005 0.101 0.885 
 294 Y _   0.004 0.001 0.000 0.004 0.001 0.006 0.098 0.885 
 295 G _   0.005 0.001 0.000 0.005 0.002 0.007 0.096 0.884 
 296 P _   0.005 0.002 0.000 0.007 0.002 0.009 0.092 0.882 
 297 N _   0.006 0.003 0.000 0.010 0.003 0.011 0.088 0.878 
 298 G _   0.007 0.003 0.001 0.014 0.005 0.014 0.084 0.873 
 299 C _   0.009 0.004 0.001 0.017 0.006 0.016 0.079 0.868 
 300 F _   0.011 0.005 0.001 0.020 0.007 0.019 0.075 0.863 
 301 K _   0.015 0.005 0.001 0.021 0.008 0.021 0.070 0.860 
 302 A _   0.020 0.004 0.001 0.020 0.009 0.023 0.066 0.856 
 303 L _   0.030 0.004 0.001 0.017 0.010 0.025 0.062 0.851 
 304 D _   0.047 0.003 0.001 0.014 0.010 0.028 0.057 0.841 
 305 D _   0.072 0.002 0.001 0.010 0.011 0.030 0.053 0.822 
 306 I _   0.109 0.001 0.001 0.007 0.012 0.032 0.048 0.789 
 307 L _   0.160 0.000 0.001 0.005 0.014 0.035 0.043 0.741 
 308 N _   0.221 0.000 0.001 0.004 0.017 0.038 0.039 0.680 
 309 L _   0.292 0.000 0.001 0.003 0.020 0.040 0.035 0.608 
 310 K _   0.365 0.000 0.002 0.003 0.025 0.042 0.031 0.532 
 311 L _   0.437 0.000 0.002 0.003 0.030 0.044 0.029 0.456 
 312 V H   0.500 0.000 0.002 0.003 0.035 0.044 0.027 0.389 
 313 H H   0.551 0.000 0.002 0.003 0.040 0.043 0.026 0.335 
 314 I H   0.587 0.000 0.002 0.003 0.043 0.042 0.025 0.297 
 315 L H   0.610 0.000 0.002 0.004 0.045 0.040 0.025 0.273 
 316 N H   0.618 0.001 0.002 0.005 0.046 0.038 0.026 0.264 
 317 M H   0.612 0.001 0.002 0.006 0.046 0.036 0.028 0.270 
 318 V H   0.591 0.001 0.002 0.006 0.044 0.034 0.030 0.291 
 319 T H   0.554 0.001 0.002 0.007 0.041 0.032 0.033 0.330 
 320 G H   0.500 0.001 0.002 0.008 0.036 0.030 0.037 0.387 
 321 T _   0.433 0.001 0.002 0.009 0.029 0.027 0.042 0.457 
 322 I _   0.357 0.001 0.002 0.008 0.023 0.024 0.048 0.537 
 323 H _   0.279 0.001 0.002 0.008 0.016 0.021 0.053 0.619 
 324 T _   0.206 0.001 0.001 0.007 0.012 0.019 0.059 0.695 
 325 Y _   0.146 0.000 0.001 0.006 0.008 0.016 0.065 0.758 
 326 P _   0.099 0.000 0.001 0.005 0.005 0.014 0.069 0.807 
 327 V _   0.066 0.000 0.001 0.004 0.004 0.012 0.072 0.841 
 328 T _   0.043 0.001 0.000 0.004 0.003 0.011 0.075 0.863 
 329 E _   0.029 0.001 0.000 0.004 0.003 0.010 0.077 0.876 
 330 D _   0.021 0.002 0.000 0.005 0.003 0.010 0.078 0.881 
 331 E _   0.016 0.003 0.000 0.006 0.003 0.011 0.079 0.881 
 332 S _   0.014 0.007 0.000 0.008 0.004 0.012 0.080 0.875 
 333 L _   0.013 0.012 0.001 0.013 0.005 0.013 0.081 0.864 
 334 Q _   0.012 0.018 0.001 0.018 0.006 0.014 0.081 0.851 
 335 S _   0.012 0.024 0.001 0.023 0.007 0.014 0.082 0.836 
 336 L _   0.012 0.030 0.001 0.028 0.008 0.015 0.083 0.824 
 337 K _   0.011 0.033 0.001 0.031 0.008 0.015 0.084 0.816 
 338 A _   0.011 0.035 0.001 0.032 0.008 0.014 0.086 0.813 
 339 R _   0.011 0.035 0.001 0.030 0.007 0.013 0.088 0.815 
 340 I _   0.010 0.033 0.001 0.026 0.006 0.012 0.091 0.821 
 341 Q _   0.009 0.029 0.001 0.021 0.005 0.010 0.094 0.830 
 342 Q _   0.009 0.025 0.000 0.016 0.004 0.009 0.097 0.841 
 343 D _   0.008 0.020 0.000 0.011 0.003 0.007 0.100 0.851 
 344 T _   0.007 0.016 0.000 0.008 0.002 0.006 0.102 0.858 
 345 G _   0.006 0.014 0.000 0.005 0.002 0.006 0.104 0.864 
 346 I _   0.005 0.012 0.000 0.004 0.001 0.005 0.104 0.867 
 347 P _   0.005 0.012 0.000 0.004 0.001 0.005 0.104 0.868 
 348 E _   0.005 0.013 0.000 0.004 0.001 0.006 0.104 0.867 
 349 E _   0.005 0.016 0.000 0.005 0.002 0.007 0.103 0.863 
 350 D _   0.005 0.023 0.000 0.007 0.002 0.008 0.101 0.854 
 351 Q _   0.006 0.036 0.000 0.010 0.003 0.010 0.098 0.836 
 352 E _   0.006 0.058 0.001 0.016 0.005 0.012 0.094 0.808 
 353 L _   0.007 0.090 0.001 0.024 0.007 0.014 0.089 0.769 
 354 L _   0.007 0.124 0.001 0.032 0.008 0.015 0.085 0.729 
 355 Q _   0.007 0.155 0.001 0.040 0.009 0.015 0.081 0.693 
 356 E _   0.006 0.176 0.001 0.045 0.010 0.015 0.078 0.669 
 357 A _   0.006 0.189 0.001 0.047 0.010 0.015 0.075 0.656 
 358 G _   0.006 0.194 0.001 0.047 0.010 0.015 0.074 0.653 
 359 L _   0.006 0.195 0.001 0.044 0.009 0.014 0.074 0.657 
 360 A _   0.006 0.191 0.001 0.039 0.008 0.013 0.074 0.668 
 361 L _   0.006 0.183 0.001 0.032 0.007 0.012 0.075 0.684 
 362 I _   0.007 0.171 0.001 0.026 0.006 0.011 0.076 0.703 
 363 P _   0.007 0.157 0.001 0.020 0.005 0.010 0.077 0.723 
 364 D _   0.007 0.144 0.001 0.016 0.004 0.010 0.079 0.740 
 365 K _   0.007 0.133 0.000 0.014 0.004 0.009 0.080 0.753 
 366 P _   0.007 0.125 0.000 0.012 0.003 0.009 0.081 0.763 
 367 A _   0.007 0.119 0.000 0.011 0.003 0.009 0.082 0.769 
 368 T _   0.006 0.114 0.000 0.011 0.003 0.008 0.083 0.773 
 369 Q _   0.006 0.111 0.000 0.011 0.003 0.008 0.083 0.776 
 370 C _   0.006 0.109 0.000 0.011 0.003 0.008 0.084 0.780 
 371 I _   0.005 0.107 0.000 0.011 0.003 0.008 0.084 0.783 
 372 S _   0.005 0.105 0.000 0.010 0.003 0.008 0.084 0.786 
 373 D _   0.004 0.104 0.000 0.009 0.003 0.008 0.083 0.788 
 374 G _   0.004 0.104 0.000 0.009 0.003 0.008 0.083 0.790 
 375 K _   0.004 0.104 0.000 0.008 0.003 0.008 0.082 0.790 
 376 L _   0.005 0.107 0.000 0.008 0.003 0.009 0.081 0.787 
 377 N _   0.005 0.111 0.000 0.009 0.003 0.010 0.080 0.781 
 378 E _   0.006 0.119 0.000 0.011 0.004 0.012 0.079 0.769 
 379 G _   0.007 0.131 0.001 0.014 0.006 0.014 0.077 0.750 
 380 H _   0.008 0.149 0.001 0.019 0.008 0.017 0.075 0.724 
 381 T _   0.009 0.172 0.001 0.025 0.010 0.019 0.073 0.691 
 382 L _   0.010 0.195 0.001 0.032 0.012 0.021 0.072 0.656 
 383 D _   0.011 0.214 0.001 0.039 0.014 0.022 0.070 0.627 
 384 M _   0.012 0.227 0.001 0.045 0.015 0.023 0.070 0.606 
 385 D _   0.013 0.234 0.001 0.048 0.016 0.023 0.069 0.595 
 386 L _   0.014 0.235 0.001 0.049 0.016 0.023 0.070 0.592 
 387 V _   0.014 0.231 0.001 0.046 0.015 0.022 0.071 0.599 
 388 F _   0.014 0.221 0.001 0.042 0.014 0.021 0.073 0.615 
 389 L _   0.014 0.203 0.001 0.036 0.013 0.019 0.075 0.639 
 390 F _   0.014 0.179 0.001 0.030 0.011 0.018 0.078 0.669 
 391 D _   0.014 0.151 0.001 0.024 0.010 0.017 0.081 0.702 
 392 N _   0.014 0.123 0.001 0.020 0.008 0.016 0.084 0.733 
 393 S _   0.014 0.100 0.001 0.017 0.007 0.015 0.087 0.759 
 394 K _   0.014 0.081 0.001 0.015 0.006 0.014 0.090 0.778 
 395 I _   0.013 0.067 0.001 0.014 0.006 0.013 0.093 0.793 
 396 T _   0.012 0.055 0.001 0.014 0.005 0.012 0.096 0.805 
 397 Y _   0.012 0.046 0.001 0.013 0.005 0.012 0.098 0.815 
 398 E _   0.010 0.037 0.001 0.013 0.004 0.010 0.100 0.825 
 399 T _   0.009 0.028 0.001 0.011 0.004 0.009 0.102 0.836 
 400 Q _   0.008 0.021 0.000 0.009 0.003 0.008 0.103 0.847 
 401 I _   0.007 0.015 0.000 0.008 0.003 0.007 0.104 0.857 
 402 S _   0.006 0.010 0.000 0.006 0.002 0.007 0.104 0.865 
 403 P _   0.006 0.007 0.000 0.005 0.002 0.006 0.104 0.871 
 404 R _   0.005 0.005 0.000 0.004 0.002 0.006 0.104 0.874 
 405 P _   0.005 0.005 0.000 0.004 0.002 0.006 0.103 0.875 
 406 Q _   0.005 0.005 0.000 0.005 0.002 0.007 0.102 0.874 
 407 P _   0.006 0.005 0.000 0.006 0.003 0.009 0.100 0.871 
 408 E _   0.007 0.007 0.000 0.009 0.004 0.010 0.098 0.865 
 409 S _   0.008 0.008 0.001 0.013 0.005 0.012 0.096 0.857 
 410 V _   0.008 0.011 0.001 0.018 0.006 0.014 0.094 0.849 
 411 S _   0.009 0.012 0.001 0.021 0.007 0.015 0.092 0.843 
 412 C _   0.009 0.013 0.001 0.023 0.007 0.016 0.090 0.840 
 413 I _   0.009 0.013 0.001 0.023 0.008 0.017 0.088 0.841 
 414 L _   0.009 0.012 0.001 0.021 0.007 0.017 0.087 0.845 
 415 Q _   0.010 0.011 0.001 0.018 0.007 0.018 0.086 0.851 
 416 E _   0.010 0.009 0.001 0.014 0.006 0.018 0.084 0.857 
 417 P _   0.012 0.007 0.001 0.011 0.006 0.019 0.083 0.861 
 418 K _   0.014 0.005 0.001 0.009 0.006 0.021 0.082 0.862 
 419 R _   0.018 0.004 0.001 0.008 0.006 0.023 0.081 0.860 
 420 N _   0.023 0.003 0.001 0.007 0.007 0.026 0.080 0.853 
 421 L _   0.031 0.003 0.001 0.008 0.008 0.030 0.079 0.842 
 422 A _   0.040 0.003 0.001 0.008 0.010 0.034 0.077 0.827 
 423 F _   0.052 0.003 0.001 0.009 0.012 0.038 0.076 0.809 
 424 F _   0.065 0.003 0.001 0.009 0.015 0.043 0.074 0.790 
 425 Q _   0.079 0.003 0.001 0.010 0.018 0.047 0.073 0.768 
 426 L _   0.094 0.004 0.001 0.010 0.022 0.051 0.072 0.746 
 427 R _   0.110 0.004 0.001 0.010 0.025 0.055 0.070 0.724 
 428 K _   0.126 0.005 0.002 0.010 0.029 0.058 0.070 0.700 
 429 V _   0.141 0.007 0.002 0.010 0.033 0.060 0.069 0.678 
 430 W _   0.153 0.009 0.002 0.012 0.036 0.061 0.069 0.658 
 431 G _   0.162 0.012 0.002 0.014 0.039 0.061 0.070 0.640 
 432 Q _   0.166 0.015 0.002 0.018 0.041 0.060 0.071 0.627 
 433 V _   0.165 0.018 0.002 0.022 0.041 0.058 0.072 0.620 
 434 W _   0.159 0.021 0.002 0.026 0.040 0.054 0.074 0.624 
 435 H _   0.147 0.022 0.002 0.029 0.036 0.050 0.076 0.638 
 436 S _   0.131 0.022 0.002 0.029 0.031 0.044 0.079 0.661 
 437 I _   0.112 0.020 0.002 0.028 0.025 0.038 0.083 0.692 
 438 Q _   0.092 0.017 0.002 0.024 0.019 0.032 0.086 0.727 
 439 T _   0.073 0.013 0.001 0.018 0.013 0.026 0.090 0.765 
 440 L _   0.055 0.009 0.001 0.013 0.009 0.021 0.093 0.801 
 441 K _   0.039 0.005 0.001 0.008 0.005 0.016 0.095 0.830 
 442 E _   0.028 0.003 0.000 0.005 0.003 0.013 0.097 0.850 
 443 D _   0.019 0.002 0.000 0.003 0.002 0.011 0.098 0.864 
 444 C _   0.014 0.001 0.000 0.003 0.002 0.009 0.098 0.872 
 445 N _   0.011 0.002 0.000 0.002 0.002 0.009 0.098 0.875 
 446 R _   0.011 0.002 0.000 0.003 0.002 0.010 0.098 0.874 
 447 L _   0.011 0.005 0.000 0.004 0.003 0.013 0.096 0.867 
 448 Q _   0.013 0.011 0.001 0.007 0.005 0.016 0.095 0.854 
 449 Q _   0.014 0.023 0.001 0.012 0.007 0.020 0.093 0.830 
 450 G _   0.016 0.043 0.001 0.020 0.011 0.023 0.090 0.795 
 451 Q _   0.017 0.069 0.001 0.030 0.015 0.026 0.086 0.755 
 452 R _   0.018 0.094 0.002 0.040 0.018 0.028 0.083 0.717 
 453 A _   0.019 0.112 0.002 0.048 0.020 0.029 0.081 0.688 
 454 A _   0.020 0.124 0.002 0.054 0.021 0.029 0.080 0.671 
 455 M _   0.020 0.129 0.002 0.056 0.021 0.028 0.079 0.665 
 456 M _   0.019 0.129 0.001 0.054 0.020 0.027 0.079 0.670 
 457 N _   0.019 0.125 0.001 0.049 0.018 0.025 0.080 0.684 
 458 L _   0.018 0.115 0.001 0.041 0.015 0.022 0.081 0.706 
 459 L _   0.017 0.100 0.001 0.032 0.012 0.020 0.082 0.735 
 460 R _   0.016 0.080 0.001 0.024 0.009 0.017 0.084 0.768 
 461 N _   0.015 0.059 0.001 0.017 0.007 0.015 0.086 0.800 
 462 N _   0.014 0.043 0.001 0.011 0.005 0.014 0.088 0.825 
 463 S _   0.013 0.031 0.001 0.008 0.004 0.013 0.089 0.842 
 464 C _   0.012 0.025 0.000 0.006 0.003 0.012 0.090 0.852 
 465 L _   0.012 0.021 0.000 0.005 0.003 0.012 0.090 0.856 
 466 S _   0.012 0.020 0.000 0.005 0.003 0.012 0.090 0.857 
 467 K _   0.012 0.020 0.000 0.006 0.004 0.013 0.091 0.854 
 468 M _   0.013 0.021 0.001 0.008 0.005 0.014 0.091 0.849 
 469 K _   0.014 0.023 0.001 0.010 0.006 0.015 0.090 0.842 
 470 N _   0.015 0.025 0.001 0.013 0.007 0.016 0.090 0.833 
 471 S _   0.015 0.027 0.001 0.016 0.008 0.018 0.090 0.825 
 472 M _   0.016 0.030 0.001 0.019 0.009 0.018 0.090 0.817 
 473 A _   0.017 0.031 0.001 0.020 0.009 0.019 0.091 0.812 
 474 S _   0.017 0.031 0.001 0.021 0.010 0.019 0.092 0.811 
 475 M _   0.017 0.030 0.001 0.020 0.009 0.018 0.093 0.812 
 476 S _   0.017 0.028 0.001 0.018 0.009 0.018 0.094 0.816 
 477 Q _   0.016 0.025 0.001 0.016 0.008 0.017 0.095 0.822 
 478 Q _   0.016 0.022 0.001 0.013 0.007 0.016 0.097 0.829 
 479 L _   0.015 0.019 0.001 0.011 0.006 0.015 0.098 0.835 
 480 K _   0.015 0.016 0.001 0.009 0.005 0.014 0.100 0.841 
 481 A _   0.014 0.014 0.001 0.008 0.005 0.014 0.101 0.844 
 482 K _   0.014 0.012 0.001 0.007 0.005 0.014 0.102 0.845 
 483 L _   0.015 0.012 0.001 0.008 0.005 0.014 0.103 0.843 
 484 D _   0.015 0.012 0.001 0.009 0.006 0.015 0.104 0.838 
 485 F _   0.016 0.013 0.001 0.011 0.006 0.015 0.105 0.833 
 486 F _   0.016 0.013 0.001 0.014 0.007 0.015 0.107 0.827 
 487 K _   0.016 0.014 0.001 0.016 0.007 0.015 0.108 0.822 
 488 T _   0.015 0.014 0.001 0.018 0.008 0.015 0.110 0.820 
 489 S _   0.015 0.014 0.001 0.018 0.007 0.014 0.112 0.819 
 490 I _   0.014 0.013 0.001 0.017 0.007 0.013 0.113 0.821 
 491 Q _   0.013 0.012 0.001 0.015 0.006 0.012 0.115 0.826 
 492 I _   0.012 0.010 0.001 0.013 0.005 0.011 0.117 0.831 
 493 D _   0.011 0.008 0.001 0.010 0.004 0.010 0.119 0.837 
 494 L _   0.010 0.006 0.000 0.008 0.004 0.009 0.121 0.842 
 495 E _   0.010 0.004 0.000 0.006 0.003 0.009 0.122 0.845 
 496 K _   0.009 0.003 0.000 0.005 0.003 0.009 0.124 0.847 
 497 Y _   0.009 0.003 0.000 0.005 0.003 0.009 0.125 0.847 
 498 S _   0.009 0.002 0.000 0.005 0.003 0.009 0.126 0.846 
 499 E _   0.009 0.002 0.000 0.006 0.003 0.010 0.127 0.843 
 500 Q _   0.009 0.003 0.000 0.007 0.004 0.011 0.127 0.839 
 501 T _   0.010 0.003 0.000 0.008 0.004 0.012 0.127 0.835 
 502 E _   0.011 0.004 0.001 0.009 0.005 0.013 0.128 0.831 
 503 F _   0.011 0.004 0.001 0.009 0.005 0.015 0.128 0.827 
 504 G _   0.012 0.005 0.001 0.010 0.006 0.016 0.128 0.823 
 505 I _   0.013 0.005 0.001 0.010 0.006 0.017 0.129 0.818 
 506 T _   0.014 0.006 0.001 0.010 0.007 0.019 0.129 0.813 
 507 S _   0.017 0.007 0.001 0.011 0.008 0.021 0.129 0.807 
 508 D _   0.019 0.007 0.001 0.011 0.009 0.023 0.130 0.798 
 509 K _   0.023 0.008 0.001 0.013 0.011 0.025 0.131 0.789 
 510 L _   0.026 0.009 0.001 0.014 0.012 0.027 0.132 0.778 
 511 L _   0.029 0.010 0.001 0.015 0.013 0.028 0.133 0.769 
 512 L _   0.032 0.011 0.001 0.017 0.015 0.030 0.135 0.760 
 513 A _   0.034 0.012 0.001 0.018 0.016 0.030 0.136 0.752 
 514 W _   0.036 0.012 0.001 0.019 0.016 0.030 0.138 0.748 
 515 R _   0.037 0.012 0.001 0.019 0.016 0.029 0.141 0.745 
 516 E _   0.036 0.012 0.001 0.018 0.015 0.028 0.144 0.745 
 517 M _   0.035 0.011 0.001 0.018 0.014 0.027 0.147 0.747 
 518 E _   0.034 0.009 0.001 0.016 0.012 0.025 0.151 0.751 
 519 Q _   0.032 0.008 0.001 0.014 0.011 0.023 0.155 0.757 
 520 A _   0.029 0.006 0.001 0.012 0.009 0.021 0.158 0.764 
 521 V _   0.027 0.004 0.001 0.010 0.007 0.019 0.162 0.770 
 522 E _   0.025 0.003 0.001 0.008 0.006 0.017 0.165 0.775 
 523 L _   0.024 0.002 0.001 0.006 0.005 0.016 0.168 0.779 
 524 C _   0.023 0.001 0.000 0.005 0.004 0.015 0.171 0.781 
 525 G _   0.023 0.001 0.000 0.004 0.003 0.016 0.173 0.780 
 526 R _   0.025 0.000 0.000 0.003 0.003 0.016 0.175 0.777 
 527 E _   0.028 0.000 0.000 0.003 0.004 0.018 0.176 0.770 
 528 N _   0.034 0.000 0.000 0.003 0.005 0.021 0.178 0.759 
 529 E _   0.043 0.001 0.001 0.003 0.006 0.025 0.179 0.742 
 530 V _   0.054 0.001 0.001 0.004 0.009 0.030 0.181 0.720 
 531 K _   0.067 0.003 0.001 0.006 0.013 0.036 0.182 0.691 
 532 L _   0.081 0.006 0.001 0.010 0.019 0.043 0.184 0.657 
 533 L _   0.094 0.010 0.002 0.014 0.026 0.048 0.186 0.621 
 534 V _   0.103 0.016 0.002 0.019 0.033 0.051 0.189 0.587 
 535 E _   0.110 0.021 0.002 0.025 0.037 0.053 0.194 0.560 
 536 R _   0.112 0.025 0.002 0.029 0.039 0.052 0.199 0.542 
 537 M _   0.111 0.027 0.002 0.031 0.038 0.050 0.206 0.534 
 538 M _   0.106 0.028 0.002 0.031 0.035 0.047 0.214 0.536 
 539 A _   0.098 0.027 0.002 0.029 0.031 0.042 0.224 0.546 
 540 L _   0.087 0.025 0.002 0.026 0.025 0.037 0.235 0.563 
 541 Q _   0.074 0.021 0.002 0.022 0.019 0.031 0.247 0.584 
 542 T _   0.062 0.017 0.001 0.018 0.014 0.026 0.258 0.604 
 543 D _   0.050 0.013 0.001 0.014 0.010 0.021 0.269 0.622 
 544 I _   0.040 0.009 0.001 0.011 0.007 0.017 0.279 0.635 
 545 V _   0.032 0.007 0.001 0.008 0.005 0.014 0.289 0.645 
 546 D _   0.025 0.005 0.000 0.007 0.004 0.012 0.297 0.651 
 547 L _   0.019 0.004 0.000 0.006 0.003 0.010 0.304 0.655 
 548 Q _   0.015 0.003 0.000 0.005 0.003 0.008 0.310 0.656 
 549 R _   0.012 0.002 0.000 0.005 0.002 0.007 0.315 0.656 
 550 S _   0.009 0.002 0.000 0.005 0.002 0.007 0.319 0.655 
 551 P _   0.008 0.002 0.000 0.005 0.002 0.006 0.323 0.653 
 552 M _   0.007 0.002 0.000 0.006 0.002 0.006 0.326 0.651 
 553 G _   0.006 0.003 0.000 0.006 0.002 0.006 0.329 0.649 
 554 R _   0.006 0.003 0.000 0.006 0.002 0.006 0.331 0.646 
 555 K _   0.005 0.003 0.000 0.006 0.002 0.005 0.333 0.645 
 556 Q _   0.005 0.004 0.000 0.006 0.002 0.005 0.334 0.644 
 557 G _   0.004 0.004 0.000 0.006 0.002 0.005 0.335 0.643 
 558 G _   0.004 0.005 0.000 0.006 0.002 0.005 0.336 0.643 
 559 T _   0.004 0.005 0.000 0.005 0.002 0.005 0.336 0.643 
 560 L _   0.004 0.006 0.000 0.005 0.002 0.005 0.336 0.642 
 561 D _   0.004 0.008 0.000 0.006 0.002 0.005 0.335 0.641 
 562 D _   0.004 0.010 0.000 0.006 0.002 0.006 0.334 0.638 
 563 L _   0.004 0.013 0.000 0.008 0.002 0.007 0.332 0.634 
 564 E _   0.004 0.018 0.000 0.011 0.003 0.008 0.330 0.626 
 565 E _   0.005 0.025 0.000 0.014 0.004 0.009 0.327 0.616 
 566 Q _   0.005 0.033 0.001 0.019 0.004 0.010 0.324 0.604 
 567 A _   0.005 0.040 0.001 0.025 0.005 0.011 0.322 0.591 
 568 R _   0.006 0.046 0.001 0.030 0.006 0.012 0.320 0.580 
 569 E _   0.006 0.050 0.001 0.034 0.007 0.012 0.320 0.572 
 570 L _   0.006 0.051 0.001 0.035 0.007 0.012 0.320 0.568 
 571 Y _   0.006 0.051 0.001 0.035 0.007 0.011 0.322 0.568 
 572 R _   0.006 0.048 0.001 0.032 0.006 0.011 0.324 0.572 
 573 R _   0.006 0.043 0.001 0.027 0.005 0.010 0.328 0.580 
 574 L _   0.006 0.036 0.001 0.021 0.004 0.009 0.332 0.591 
 575 R _   0.006 0.027 0.000 0.016 0.003 0.007 0.337 0.603 
 576 E _   0.005 0.018 0.000 0.011 0.003 0.006 0.341 0.615 
 577 K _   0.005 0.011 0.000 0.007 0.002 0.005 0.344 0.625 
 578 P _   0.004 0.006 0.000 0.005 0.001 0.005 0.346 0.632 
 579 R _   0.004 0.003 0.000 0.003 0.001 0.004 0.347 0.637 
 580 D _   0.004 0.002 0.000 0.003 0.001 0.004 0.347 0.640 
 581 Q _   0.003 0.001 0.000 0.002 0.001 0.004 0.345 0.643 
 582 R _   0.004 0.001 0.000 0.002 0.001 0.005 0.343 0.645 
 583 T _   0.004 0.001 0.000 0.002 0.001 0.007 0.339 0.646 
 584 E _   0.006 0.001 0.000 0.003 0.001 0.009 0.334 0.646 
 585 G _   0.008 0.001 0.000 0.003 0.002 0.014 0.328 0.642 
 586 D _   0.013 0.003 0.000 0.005 0.004 0.020 0.320 0.634 
 587 S _   0.021 0.006 0.001 0.008 0.007 0.029 0.310 0.618 
 588 Q _   0.030 0.012 0.001 0.013 0.013 0.040 0.298 0.593 
 589 E _   0.042 0.021 0.002 0.020 0.022 0.051 0.284 0.559 
 590 M _   0.053 0.032 0.002 0.028 0.032 0.060 0.271 0.522 
 591 V _   0.063 0.043 0.002 0.037 0.041 0.067 0.259 0.489 
 592 R _   0.072 0.051 0.002 0.044 0.047 0.071 0.248 0.464 
 593 L _   0.079 0.055 0.002 0.049 0.051 0.072 0.240 0.452 
 594 L _   0.084 0.057 0.002 0.049 0.051 0.070 0.234 0.452 
 595 L _   0.087 0.055 0.003 0.045 0.048 0.067 0.229 0.466 
 596 Q _   0.089 0.049 0.002 0.039 0.043 0.062 0.226 0.490 
 597 A _   0.088 0.040 0.002 0.030 0.036 0.056 0.223 0.524 
 598 I _   0.086 0.028 0.002 0.021 0.029 0.050 0.221 0.563 
 599 Q _   0.082 0.017 0.002 0.014 0.021 0.044 0.219 0.601 
 600 S _   0.077 0.009 0.001 0.009 0.015 0.039 0.218 0.632 
 601 F _   0.072 0.004 0.001 0.006 0.011 0.034 0.216 0.655 
 602 E _   0.067 0.002 0.001 0.004 0.009 0.031 0.215 0.671 
 603 K _   0.063 0.001 0.001 0.004 0.007 0.028 0.214 0.681 
 604 K _   0.060 0.001 0.001 0.004 0.007 0.027 0.212 0.688 
 605 V _   0.057 0.001 0.001 0.004 0.007 0.026 0.211 0.693 
 606 R _   0.055 0.001 0.001 0.005 0.008 0.025 0.210 0.697 
 607 V _   0.052 0.001 0.001 0.006 0.008 0.024 0.209 0.699 
 608 I _   0.049 0.001 0.001 0.007 0.009 0.023 0.208 0.702 
 609 Y _   0.046 0.001 0.001 0.008 0.009 0.023 0.207 0.706 
 610 T _   0.041 0.002 0.001 0.008 0.009 0.022 0.206 0.712 
 611 Q _   0.037 0.002 0.001 0.009 0.009 0.021 0.205 0.718 
 612 L _   0.033 0.002 0.001 0.009 0.008 0.020 0.204 0.724 
 613 S _   0.029 0.002 0.001 0.009 0.008 0.019 0.204 0.729 
 614 K _   0.026 0.002 0.001 0.009 0.007 0.018 0.203 0.735 
 615 T _   0.023 0.002 0.001 0.008 0.007 0.016 0.203 0.740 
 616 V _   0.021 0.002 0.001 0.008 0.006 0.016 0.203 0.744 
 617 V _   0.019 0.002 0.001 0.008 0.006 0.015 0.202 0.748 
 618 C _   0.017 0.002 0.001 0.008 0.005 0.014 0.202 0.751 
 619 K _   0.016 0.002 0.001 0.008 0.005 0.013 0.201 0.754 
 620 Q _   0.015 0.002 0.001 0.007 0.005 0.013 0.201 0.757 
 621 K _   0.014 0.002 0.001 0.007 0.004 0.013 0.200 0.759 
 622 A _   0.014 0.002 0.001 0.006 0.004 0.013 0.199 0.760 
 623 L _   0.014 0.003 0.001 0.006 0.005 0.013 0.198 0.760 
 624 E _   0.015 0.003 0.001 0.007 0.005 0.014 0.197 0.758 
 625 L _   0.016 0.004 0.001 0.008 0.006 0.015 0.196 0.755 
 626 L _   0.017 0.005 0.001 0.009 0.007 0.016 0.196 0.750 
 627 P _   0.018 0.007 0.001 0.011 0.008 0.017 0.195 0.744 
 628 K _   0.019 0.009 0.001 0.014 0.009 0.018 0.194 0.736 
 629 V _   0.019 0.011 0.001 0.017 0.010 0.018 0.194 0.730 
 630 E _   0.020 0.012 0.001 0.019 0.010 0.018 0.195 0.725 
 631 E _   0.020 0.013 0.001 0.020 0.010 0.018 0.195 0.724 
 632 V _   0.019 0.013 0.001 0.019 0.009 0.017 0.196 0.725 
 633 V _   0.018 0.012 0.001 0.018 0.008 0.016 0.198 0.730 
 634 S _   0.017 0.010 0.001 0.014 0.007 0.014 0.200 0.737 
 635 L _   0.015 0.009 0.001 0.011 0.006 0.013 0.201 0.745 
 636 M _   0.014 0.007 0.001 0.009 0.004 0.011 0.203 0.752 
 637 N _   0.012 0.005 0.000 0.007 0.004 0.010 0.204 0.757 
 638 E _   0.011 0.004 0.000 0.005 0.003 0.010 0.206 0.761 
 639 D _   0.010 0.004 0.000 0.005 0.003 0.009 0.207 0.762 
 640 E _   0.010 0.004 0.000 0.005 0.003 0.009 0.207 0.761 
 641 K _   0.010 0.005 0.000 0.006 0.003 0.010 0.208 0.758 
 642 T _   0.010 0.005 0.000 0.008 0.004 0.010 0.209 0.754 
 643 V _   0.010 0.007 0.000 0.010 0.004 0.011 0.209 0.749 
 644 V _   0.010 0.008 0.001 0.011 0.005 0.011 0.210 0.745 
 645 R _   0.010 0.009 0.001 0.012 0.005 0.011 0.210 0.743 
 646 L _   0.009 0.009 0.001 0.012 0.004 0.011 0.211 0.743 
 647 Q _   0.009 0.010 0.000 0.010 0.004 0.011 0.211 0.744 
 648 E _   0.008 0.010 0.000 0.009 0.004 0.012 0.211 0.747 
 649 K _   0.008 0.010 0.000 0.007 0.003 0.012 0.211 0.748 
 650 R _   0.009 0.010 0.000 0.006 0.003 0.013 0.211 0.747 
 651 Q _   0.010 0.011 0.000 0.005 0.004 0.015 0.211 0.743 
 652 K _   0.013 0.014 0.000 0.006 0.005 0.018 0.210 0.734 
 653 E _   0.016 0.021 0.001 0.008 0.007 0.022 0.210 0.716 
 654 L _   0.020 0.034 0.001 0.011 0.010 0.026 0.208 0.689 
 655 W _   0.024 0.058 0.001 0.017 0.015 0.030 0.206 0.648 
 656 N _   0.028 0.091 0.002 0.024 0.020 0.034 0.205 0.597 
 657 L _   0.030 0.126 0.002 0.032 0.024 0.035 0.203 0.547 
 658 L _   0.031 0.155 0.002 0.040 0.026 0.036 0.203 0.508 
 659 K _   0.031 0.175 0.002 0.045 0.027 0.036 0.204 0.480 
 660 I _   0.030 0.187 0.002 0.049 0.027 0.035 0.206 0.465 
 661 A _   0.029 0.193 0.002 0.050 0.026 0.033 0.209 0.459 
 662 C _   0.028 0.194 0.002 0.048 0.024 0.030 0.213 0.461 
 663 S _   0.027 0.190 0.002 0.045 0.021 0.028 0.218 0.470 
