#TopoPred_TM8: 8-state transmembrane topology prediction results by no_profile mode 
#probabilities are in the order of H E C I L F X _, the 8 transmembrane topology types used in PDBTM 
   1 M X   0.019 0.001 0.003 0.065 0.012 0.016 0.630 0.253 
   2 A X   0.009 0.001 0.000 0.044 0.003 0.011 0.648 0.286 
   3 V X   0.004 0.000 0.000 0.028 0.001 0.008 0.650 0.307 
   4 P X   0.004 0.000 0.000 0.020 0.001 0.009 0.645 0.320 
   5 F X   0.005 0.000 0.000 0.016 0.002 0.011 0.634 0.330 
   6 V X   0.007 0.001 0.000 0.013 0.003 0.014 0.619 0.342 
   7 E X   0.010 0.001 0.000 0.012 0.004 0.016 0.603 0.353 
   8 D X   0.012 0.002 0.001 0.013 0.005 0.017 0.586 0.365 
   9 W X   0.013 0.003 0.001 0.014 0.006 0.018 0.567 0.378 
  10 D X   0.013 0.004 0.001 0.016 0.007 0.019 0.548 0.392 
  11 L X   0.013 0.005 0.001 0.018 0.008 0.019 0.528 0.407 
  12 V X   0.013 0.006 0.001 0.019 0.009 0.019 0.510 0.423 
  13 Q X   0.012 0.007 0.001 0.019 0.009 0.019 0.494 0.439 
  14 T X   0.012 0.007 0.001 0.018 0.009 0.019 0.479 0.456 
  15 L _   0.012 0.007 0.001 0.016 0.008 0.018 0.465 0.472 
  16 G _   0.011 0.007 0.001 0.015 0.008 0.018 0.452 0.488 
  17 E _   0.011 0.007 0.001 0.014 0.008 0.017 0.440 0.503 
  18 G _   0.011 0.006 0.001 0.013 0.007 0.017 0.428 0.516 
  19 A _   0.011 0.006 0.001 0.012 0.007 0.017 0.417 0.529 
  20 Y _   0.012 0.006 0.001 0.011 0.007 0.017 0.407 0.541 
  21 G _   0.012 0.005 0.001 0.011 0.006 0.017 0.397 0.552 
  22 E _   0.012 0.005 0.001 0.010 0.006 0.017 0.387 0.562 
  23 V _   0.012 0.005 0.001 0.010 0.006 0.017 0.378 0.571 
  24 Q _   0.013 0.005 0.001 0.009 0.006 0.017 0.369 0.580 
  25 L _   0.014 0.005 0.001 0.009 0.006 0.018 0.359 0.588 
  26 A _   0.015 0.005 0.001 0.008 0.007 0.019 0.350 0.595 
  27 V _   0.017 0.005 0.001 0.008 0.007 0.021 0.341 0.600 
  28 N _   0.019 0.005 0.001 0.008 0.008 0.022 0.333 0.603 
  29 R _   0.022 0.006 0.001 0.009 0.009 0.024 0.324 0.604 
  30 V _   0.025 0.008 0.001 0.010 0.011 0.026 0.316 0.604 
  31 T _   0.028 0.009 0.001 0.012 0.013 0.028 0.308 0.602 
  32 E _   0.030 0.012 0.001 0.014 0.014 0.029 0.300 0.599 
  33 E _   0.032 0.015 0.001 0.017 0.016 0.030 0.293 0.596 
  34 A _   0.033 0.017 0.001 0.020 0.017 0.031 0.286 0.594 
  35 V _   0.034 0.019 0.001 0.022 0.018 0.031 0.281 0.594 
  36 A _   0.034 0.021 0.001 0.023 0.018 0.030 0.275 0.597 
  37 V _   0.034 0.022 0.001 0.024 0.017 0.028 0.271 0.602 
  38 K _   0.032 0.022 0.001 0.024 0.016 0.027 0.267 0.611 
  39 I _   0.030 0.021 0.001 0.023 0.014 0.024 0.264 0.623 
  40 V _   0.026 0.019 0.001 0.021 0.012 0.022 0.262 0.637 
  41 D _   0.023 0.016 0.001 0.018 0.010 0.019 0.260 0.652 
  42 M _   0.020 0.013 0.001 0.015 0.008 0.016 0.258 0.669 
  43 K _   0.017 0.010 0.001 0.012 0.006 0.014 0.257 0.685 
  44 R _   0.014 0.007 0.001 0.009 0.004 0.011 0.255 0.699 
  45 A _   0.012 0.005 0.000 0.006 0.003 0.010 0.253 0.711 
  46 V _   0.010 0.003 0.000 0.005 0.003 0.008 0.250 0.721 
  47 D _   0.008 0.003 0.000 0.004 0.002 0.007 0.247 0.729 
  48 C _   0.007 0.002 0.000 0.003 0.002 0.007 0.243 0.735 
  49 P _   0.007 0.002 0.000 0.003 0.002 0.008 0.238 0.739 
  50 E _   0.007 0.003 0.000 0.004 0.002 0.009 0.233 0.741 
  51 N _   0.008 0.005 0.000 0.005 0.003 0.010 0.227 0.741 
  52 I _   0.009 0.008 0.001 0.008 0.004 0.012 0.221 0.737 
  53 K _   0.010 0.015 0.001 0.011 0.006 0.015 0.214 0.729 
  54 K _   0.011 0.023 0.001 0.016 0.008 0.017 0.206 0.718 
  55 E _   0.012 0.032 0.001 0.020 0.010 0.019 0.198 0.707 
  56 I _   0.013 0.041 0.001 0.024 0.011 0.020 0.191 0.699 
  57 C _   0.013 0.048 0.001 0.026 0.012 0.021 0.184 0.695 
  58 I _   0.013 0.053 0.001 0.027 0.012 0.021 0.179 0.695 
  59 N _   0.014 0.056 0.001 0.026 0.012 0.021 0.173 0.698 
  60 K _   0.014 0.057 0.001 0.024 0.011 0.021 0.169 0.704 
  61 M _   0.013 0.058 0.001 0.021 0.010 0.020 0.165 0.712 
  62 L _   0.013 0.058 0.001 0.019 0.009 0.020 0.161 0.719 
  63 N _   0.013 0.057 0.001 0.017 0.009 0.019 0.158 0.725 
  64 H _   0.013 0.058 0.001 0.016 0.008 0.019 0.155 0.730 
  65 E _   0.013 0.058 0.001 0.016 0.008 0.018 0.152 0.732 
  66 N _   0.013 0.059 0.001 0.017 0.008 0.018 0.150 0.734 
  67 V _   0.013 0.060 0.001 0.017 0.008 0.018 0.147 0.736 
  68 V _   0.013 0.061 0.001 0.018 0.008 0.017 0.145 0.738 
  69 K _   0.013 0.060 0.001 0.017 0.007 0.017 0.143 0.742 
  70 F _   0.012 0.059 0.001 0.016 0.007 0.016 0.140 0.748 
  71 Y _   0.012 0.058 0.001 0.014 0.006 0.016 0.138 0.756 
  72 G _   0.011 0.056 0.001 0.011 0.005 0.015 0.136 0.764 
  73 H _   0.011 0.054 0.001 0.009 0.005 0.015 0.134 0.771 
  74 R _   0.011 0.054 0.001 0.007 0.004 0.016 0.132 0.775 
  75 R _   0.012 0.055 0.001 0.007 0.005 0.018 0.129 0.773 
  76 E _   0.014 0.060 0.001 0.008 0.006 0.020 0.126 0.765 
  77 G _   0.016 0.070 0.001 0.010 0.009 0.024 0.123 0.747 
  78 N _   0.019 0.091 0.001 0.015 0.013 0.027 0.119 0.715 
  79 I _   0.021 0.125 0.002 0.022 0.017 0.030 0.114 0.668 
  80 Q _   0.023 0.168 0.002 0.030 0.021 0.032 0.109 0.615 
  81 Y _   0.023 0.209 0.002 0.038 0.023 0.032 0.105 0.568 
  82 L _   0.022 0.238 0.002 0.044 0.023 0.032 0.102 0.537 
  83 F _   0.021 0.255 0.002 0.047 0.023 0.031 0.100 0.522 
  84 L _   0.020 0.263 0.002 0.047 0.021 0.029 0.099 0.519 
  85 E _   0.019 0.265 0.001 0.045 0.020 0.027 0.099 0.524 
  86 Y _   0.017 0.262 0.001 0.042 0.018 0.025 0.099 0.537 
  87 C _   0.017 0.254 0.001 0.037 0.015 0.023 0.099 0.553 
  88 S _   0.016 0.242 0.001 0.033 0.013 0.021 0.100 0.572 
  89 G _   0.016 0.228 0.001 0.030 0.012 0.020 0.102 0.592 
  90 G _   0.016 0.211 0.001 0.028 0.010 0.018 0.104 0.612 
  91 E _   0.015 0.193 0.001 0.027 0.009 0.017 0.106 0.631 
  92 L _   0.015 0.172 0.001 0.026 0.009 0.016 0.109 0.652 
  93 F _   0.015 0.149 0.001 0.024 0.008 0.015 0.112 0.676 
  94 D _   0.014 0.123 0.001 0.022 0.007 0.014 0.116 0.704 
  95 R _   0.013 0.096 0.001 0.019 0.006 0.012 0.119 0.733 
  96 I _   0.012 0.069 0.001 0.016 0.005 0.011 0.123 0.764 
  97 E _   0.011 0.045 0.001 0.012 0.004 0.009 0.125 0.793 
  98 P _   0.010 0.027 0.000 0.009 0.003 0.008 0.127 0.816 
  99 D _   0.009 0.015 0.000 0.006 0.002 0.007 0.129 0.833 
 100 I _   0.008 0.007 0.000 0.004 0.002 0.006 0.129 0.844 
 101 G _   0.007 0.003 0.000 0.003 0.001 0.006 0.129 0.851 
 102 M _   0.007 0.001 0.000 0.002 0.001 0.006 0.127 0.854 
 103 P _   0.009 0.001 0.000 0.002 0.001 0.007 0.125 0.855 
 104 E _   0.012 0.000 0.000 0.002 0.002 0.008 0.123 0.853 
 105 P _   0.020 0.000 0.000 0.003 0.002 0.011 0.119 0.846 
 106 D _   0.034 0.000 0.000 0.003 0.003 0.015 0.114 0.831 
 107 A _   0.059 0.000 0.001 0.004 0.005 0.020 0.107 0.805 
 108 Q _   0.097 0.000 0.001 0.004 0.008 0.027 0.099 0.764 
 109 R _   0.150 0.000 0.001 0.005 0.013 0.034 0.090 0.707 
 110 F _   0.216 0.000 0.001 0.006 0.019 0.042 0.080 0.636 
 111 F _   0.290 0.000 0.002 0.006 0.027 0.048 0.070 0.556 
 112 H _   0.365 0.000 0.002 0.006 0.036 0.053 0.062 0.476 
 113 Q H   0.435 0.000 0.002 0.005 0.043 0.055 0.055 0.404 
 114 L H   0.497 0.000 0.002 0.005 0.048 0.055 0.051 0.342 
 115 M H   0.550 0.000 0.002 0.005 0.051 0.053 0.047 0.291 
 116 A H   0.591 0.000 0.002 0.004 0.053 0.050 0.045 0.254 
 117 G H   0.622 0.000 0.002 0.004 0.052 0.046 0.044 0.229 
 118 V H   0.640 0.000 0.002 0.004 0.051 0.043 0.044 0.216 
 119 V H   0.646 0.000 0.002 0.004 0.049 0.039 0.045 0.215 
 120 Y H   0.638 0.001 0.002 0.004 0.046 0.036 0.046 0.226 
 121 L H   0.615 0.001 0.002 0.005 0.043 0.034 0.049 0.251 
 122 H H   0.576 0.001 0.002 0.007 0.039 0.031 0.053 0.291 
 123 G H   0.520 0.001 0.002 0.008 0.033 0.029 0.059 0.348 
 124 I H   0.448 0.001 0.002 0.009 0.027 0.026 0.066 0.421 
 125 G _   0.366 0.001 0.002 0.009 0.020 0.023 0.074 0.504 
 126 I _   0.283 0.001 0.002 0.009 0.015 0.020 0.082 0.589 
 127 T _   0.206 0.001 0.001 0.008 0.010 0.017 0.089 0.668 
 128 H _   0.142 0.000 0.001 0.007 0.007 0.014 0.096 0.734 
 129 R _   0.093 0.000 0.001 0.005 0.005 0.011 0.101 0.784 
 130 D _   0.059 0.000 0.000 0.005 0.003 0.009 0.105 0.818 
 131 I _   0.037 0.000 0.000 0.004 0.003 0.008 0.108 0.839 
 132 K _   0.024 0.000 0.000 0.004 0.002 0.007 0.110 0.852 
 133 P _   0.016 0.001 0.000 0.005 0.002 0.007 0.111 0.858 
 134 E _   0.012 0.001 0.000 0.005 0.002 0.006 0.113 0.861 
 135 N _   0.009 0.001 0.000 0.006 0.002 0.006 0.113 0.862 
 136 L _   0.007 0.002 0.000 0.007 0.002 0.006 0.113 0.862 
 137 L _   0.006 0.003 0.000 0.007 0.002 0.006 0.113 0.863 
 138 L _   0.005 0.003 0.000 0.007 0.002 0.006 0.112 0.864 
 139 D _   0.005 0.004 0.000 0.006 0.002 0.006 0.111 0.866 
 140 E _   0.005 0.005 0.000 0.006 0.002 0.007 0.109 0.867 
 141 R _   0.005 0.006 0.000 0.005 0.002 0.007 0.108 0.867 
 142 D _   0.005 0.009 0.000 0.005 0.002 0.009 0.105 0.865 
 143 N _   0.006 0.013 0.000 0.007 0.003 0.011 0.102 0.858 
 144 L _   0.008 0.022 0.000 0.009 0.004 0.014 0.098 0.844 
 145 K _   0.011 0.038 0.001 0.014 0.007 0.019 0.094 0.817 
 146 I _   0.013 0.067 0.001 0.022 0.011 0.023 0.088 0.775 
 147 S _   0.016 0.108 0.002 0.033 0.016 0.028 0.081 0.718 
 148 D _   0.017 0.153 0.002 0.046 0.020 0.031 0.075 0.656 
 149 F _   0.018 0.191 0.002 0.059 0.023 0.033 0.069 0.605 
 150 G _   0.018 0.214 0.002 0.069 0.024 0.033 0.065 0.574 
 151 L _   0.019 0.225 0.002 0.075 0.025 0.033 0.062 0.560 
 152 A _   0.019 0.228 0.002 0.075 0.024 0.032 0.060 0.561 
 153 T _   0.018 0.223 0.002 0.069 0.022 0.030 0.059 0.577 
 154 V _   0.018 0.209 0.002 0.059 0.020 0.027 0.058 0.608 
 155 F _   0.017 0.183 0.002 0.046 0.016 0.024 0.058 0.653 
 156 R _   0.016 0.147 0.001 0.034 0.013 0.022 0.058 0.709 
 157 Y _   0.015 0.107 0.001 0.023 0.010 0.019 0.059 0.766 
 158 N _   0.014 0.074 0.001 0.015 0.007 0.017 0.059 0.813 
 159 N _   0.013 0.052 0.001 0.010 0.005 0.016 0.059 0.844 
 160 R _   0.012 0.041 0.000 0.007 0.004 0.015 0.059 0.862 
 161 E _   0.012 0.035 0.000 0.006 0.004 0.015 0.058 0.870 
 162 R _   0.012 0.033 0.000 0.006 0.004 0.015 0.057 0.872 
 163 L _   0.013 0.033 0.000 0.007 0.004 0.016 0.056 0.870 
 164 L _   0.014 0.035 0.001 0.009 0.005 0.017 0.054 0.864 
 165 N _   0.015 0.038 0.001 0.011 0.007 0.019 0.053 0.856 
 166 K _   0.017 0.043 0.001 0.015 0.008 0.020 0.051 0.846 
 167 M _   0.018 0.047 0.001 0.018 0.010 0.021 0.049 0.835 
 168 C _   0.019 0.051 0.001 0.021 0.011 0.022 0.047 0.826 
 169 G _   0.019 0.054 0.001 0.024 0.012 0.023 0.046 0.821 
 170 T _   0.020 0.056 0.001 0.025 0.013 0.023 0.045 0.818 
 171 L _   0.019 0.057 0.001 0.026 0.013 0.023 0.044 0.817 
 172 P _   0.019 0.056 0.001 0.026 0.012 0.022 0.043 0.820 
 173 Y _   0.018 0.054 0.001 0.026 0.012 0.021 0.042 0.826 
 174 V _   0.018 0.051 0.001 0.025 0.011 0.020 0.042 0.833 
 175 A _   0.017 0.046 0.001 0.023 0.010 0.018 0.042 0.843 
 176 P _   0.016 0.041 0.001 0.021 0.009 0.017 0.041 0.854 
 177 E _   0.015 0.035 0.001 0.018 0.008 0.015 0.041 0.867 
 178 L _   0.015 0.028 0.001 0.016 0.006 0.014 0.041 0.880 
 179 L _   0.015 0.021 0.001 0.013 0.005 0.012 0.041 0.893 
 180 K _   0.015 0.014 0.001 0.010 0.005 0.011 0.040 0.905 
 181 R _   0.015 0.009 0.000 0.008 0.004 0.010 0.040 0.914 
 182 R _   0.017 0.005 0.000 0.006 0.003 0.009 0.039 0.920 
 183 E _   0.022 0.002 0.000 0.004 0.003 0.008 0.038 0.922 
 184 F _   0.030 0.001 0.000 0.003 0.003 0.008 0.037 0.918 
 185 H _   0.044 0.000 0.000 0.002 0.003 0.008 0.035 0.907 
 186 A _   0.068 0.000 0.000 0.002 0.003 0.008 0.033 0.885 
 187 E _   0.106 0.000 0.000 0.001 0.004 0.009 0.031 0.849 
 188 P _   0.165 0.000 0.001 0.001 0.004 0.010 0.028 0.791 
 189 V _   0.250 0.000 0.001 0.001 0.006 0.011 0.026 0.706 
 190 D _   0.361 0.000 0.001 0.001 0.008 0.012 0.023 0.595 
 191 V H   0.492 0.000 0.001 0.001 0.010 0.014 0.020 0.462 
 192 W H   0.618 0.000 0.001 0.001 0.013 0.014 0.018 0.334 
 193 S H   0.720 0.000 0.001 0.001 0.017 0.014 0.017 0.230 
 194 C H   0.794 0.000 0.001 0.001 0.019 0.014 0.017 0.155 
 195 G H   0.839 0.000 0.001 0.001 0.021 0.013 0.017 0.108 
 196 I H   0.864 0.000 0.001 0.001 0.023 0.012 0.018 0.080 
 197 V H   0.874 0.000 0.001 0.001 0.024 0.012 0.020 0.067 
 198 L H   0.871 0.000 0.001 0.001 0.026 0.012 0.024 0.065 
 199 T H   0.856 0.000 0.002 0.002 0.028 0.012 0.030 0.071 
 200 A H   0.824 0.000 0.002 0.002 0.029 0.013 0.039 0.091 
 201 M H   0.769 0.000 0.002 0.003 0.030 0.014 0.054 0.128 
 202 L H   0.685 0.000 0.003 0.005 0.028 0.014 0.078 0.187 
 203 A H   0.574 0.000 0.003 0.005 0.024 0.014 0.113 0.266 
 204 G H   0.451 0.000 0.002 0.006 0.018 0.014 0.157 0.352 
 205 E _   0.333 0.000 0.002 0.005 0.012 0.013 0.204 0.431 
 206 L _   0.231 0.000 0.001 0.005 0.008 0.011 0.248 0.496 
 207 P _   0.152 0.000 0.001 0.004 0.005 0.009 0.286 0.542 
 208 W _   0.096 0.000 0.001 0.004 0.004 0.008 0.318 0.570 
 209 D _   0.059 0.000 0.000 0.004 0.003 0.006 0.343 0.585 
 210 Q _   0.037 0.000 0.000 0.004 0.002 0.006 0.362 0.590 
 211 P _   0.023 0.000 0.000 0.003 0.002 0.005 0.377 0.589 
 212 S _   0.015 0.000 0.000 0.004 0.001 0.005 0.389 0.586 
 213 D _   0.011 0.000 0.000 0.004 0.001 0.005 0.398 0.582 
 214 S _   0.008 0.000 0.000 0.004 0.001 0.005 0.404 0.578 
 215 C _   0.006 0.000 0.000 0.004 0.001 0.005 0.409 0.574 
 216 Q _   0.005 0.001 0.000 0.005 0.001 0.005 0.413 0.570 
 217 E _   0.004 0.001 0.000 0.005 0.001 0.005 0.416 0.567 
 218 Y _   0.004 0.001 0.000 0.006 0.001 0.005 0.418 0.565 
 219 S _   0.004 0.001 0.000 0.006 0.001 0.005 0.419 0.564 
 220 D _   0.003 0.001 0.000 0.006 0.002 0.005 0.420 0.563 
 221 W _   0.003 0.001 0.000 0.006 0.002 0.005 0.420 0.563 
 222 K _   0.003 0.001 0.000 0.006 0.002 0.005 0.420 0.563 
 223 E _   0.003 0.002 0.000 0.007 0.002 0.005 0.419 0.563 
 224 K _   0.003 0.002 0.000 0.007 0.002 0.005 0.418 0.563 
 225 K _   0.003 0.002 0.000 0.007 0.002 0.005 0.417 0.564 
 226 T _   0.003 0.002 0.000 0.006 0.002 0.005 0.416 0.566 
 227 Y _   0.003 0.002 0.000 0.006 0.002 0.005 0.414 0.567 
 228 L _   0.003 0.002 0.000 0.006 0.002 0.005 0.412 0.569 
 229 N _   0.003 0.002 0.000 0.006 0.002 0.005 0.410 0.572 
 230 P _   0.003 0.003 0.000 0.005 0.002 0.006 0.407 0.575 
 231 W _   0.003 0.003 0.000 0.005 0.002 0.006 0.403 0.577 
 232 K _   0.004 0.004 0.000 0.005 0.002 0.008 0.399 0.579 
 233 K _   0.005 0.005 0.000 0.005 0.002 0.009 0.394 0.580 
 234 I _   0.006 0.007 0.000 0.005 0.003 0.012 0.389 0.577 
 235 D _   0.008 0.011 0.000 0.007 0.004 0.016 0.383 0.571 
 236 S _   0.011 0.019 0.001 0.010 0.007 0.021 0.375 0.557 
 237 A _   0.014 0.031 0.001 0.015 0.010 0.026 0.366 0.537 
 238 P _   0.018 0.048 0.001 0.021 0.015 0.031 0.357 0.509 
 239 L _   0.021 0.068 0.002 0.028 0.020 0.035 0.347 0.479 
 240 A _   0.024 0.086 0.002 0.035 0.023 0.038 0.339 0.452 
 241 L _   0.026 0.099 0.002 0.040 0.025 0.040 0.333 0.435 
 242 L _   0.027 0.107 0.002 0.043 0.026 0.040 0.328 0.427 
 243 H _   0.028 0.111 0.002 0.043 0.026 0.039 0.324 0.426 
 244 K _   0.029 0.112 0.002 0.041 0.025 0.037 0.322 0.433 
 245 I _   0.029 0.109 0.002 0.036 0.022 0.035 0.321 0.446 
 246 L _   0.029 0.104 0.001 0.030 0.019 0.032 0.320 0.464 
 247 V _   0.028 0.096 0.001 0.025 0.016 0.030 0.321 0.483 
 248 E _   0.027 0.088 0.001 0.020 0.014 0.027 0.322 0.500 
 249 N _   0.025 0.081 0.001 0.018 0.012 0.025 0.323 0.515 
 250 P _   0.024 0.074 0.001 0.016 0.010 0.023 0.325 0.528 
 251 S _   0.022 0.069 0.001 0.015 0.009 0.021 0.326 0.537 
 252 A _   0.021 0.064 0.001 0.015 0.008 0.019 0.328 0.544 
 253 R _   0.019 0.059 0.001 0.016 0.007 0.017 0.331 0.550 
 254 I _   0.017 0.054 0.001 0.016 0.007 0.016 0.333 0.557 
 255 T _   0.015 0.049 0.001 0.015 0.006 0.014 0.336 0.564 
 256 I _   0.013 0.044 0.001 0.014 0.005 0.012 0.338 0.572 
 257 P _   0.012 0.038 0.001 0.013 0.004 0.011 0.341 0.581 
 258 D _   0.011 0.032 0.000 0.011 0.004 0.009 0.343 0.590 
 259 I _   0.009 0.026 0.000 0.009 0.003 0.008 0.345 0.599 
 260 K _   0.009 0.021 0.000 0.008 0.002 0.007 0.347 0.606 
 261 K _   0.008 0.017 0.000 0.006 0.002 0.006 0.348 0.612 
 262 D _   0.007 0.015 0.000 0.005 0.002 0.006 0.349 0.617 
 263 R _   0.006 0.013 0.000 0.005 0.001 0.005 0.348 0.621 
 264 W _   0.005 0.012 0.000 0.004 0.001 0.005 0.347 0.625 
 265 Y _   0.005 0.012 0.000 0.004 0.001 0.005 0.345 0.628 
 266 N _   0.004 0.013 0.000 0.004 0.001 0.005 0.341 0.631 
 267 K _   0.004 0.014 0.000 0.005 0.001 0.005 0.337 0.634 
 268 P _   0.004 0.017 0.000 0.005 0.002 0.005 0.331 0.636 
 269 L _   0.004 0.021 0.000 0.006 0.002 0.006 0.323 0.638 
 270 K _   0.004 0.028 0.000 0.008 0.002 0.007 0.313 0.638 
 271 K _   0.004 0.038 0.000 0.010 0.003 0.008 0.302 0.635 
 272 G _   0.004 0.054 0.001 0.013 0.004 0.009 0.288 0.627 
 273 A _   0.004 0.077 0.001 0.017 0.005 0.010 0.272 0.615 
 274 K _   0.004 0.106 0.001 0.021 0.006 0.011 0.255 0.596 
 275 R _   0.004 0.139 0.001 0.025 0.007 0.011 0.238 0.575 
 276 P _   0.004 0.172 0.001 0.028 0.007 0.012 0.223 0.553 
 277 R _   0.004 0.201 0.001 0.031 0.007 0.011 0.209 0.535 
 278 V _   0.004 0.225 0.001 0.032 0.007 0.011 0.198 0.521 
 279 T _   0.004 0.243 0.001 0.032 0.007 0.011 0.189 0.513 
 280 S _   0.004 0.256 0.001 0.031 0.006 0.010 0.182 0.510 
 281 G _   0.004 0.264 0.001 0.030 0.006 0.010 0.176 0.510 
 282 G _   0.004 0.269 0.001 0.027 0.006 0.009 0.172 0.513 
 283 V _   0.004 0.271 0.001 0.024 0.005 0.009 0.168 0.519 
 284 S _   0.004 0.271 0.001 0.021 0.004 0.009 0.165 0.526 
 285 E _   0.004 0.269 0.001 0.018 0.004 0.008 0.162 0.534 
 286 S _   0.004 0.268 0.000 0.015 0.004 0.008 0.160 0.541 
 287 P _   0.004 0.267 0.000 0.014 0.003 0.008 0.157 0.547 
 288 S _   0.004 0.266 0.000 0.013 0.003 0.008 0.155 0.550 
 289 G _   0.004 0.267 0.000 0.013 0.004 0.008 0.153 0.551 
 290 F _   0.004 0.270 0.000 0.014 0.004 0.009 0.150 0.549 
 291 S _   0.004 0.273 0.001 0.016 0.004 0.009 0.148 0.546 
 292 K _   0.004 0.276 0.001 0.018 0.005 0.009 0.145 0.542 
 293 H _   0.004 0.279 0.001 0.020 0.005 0.009 0.143 0.538 
 294 I _   0.004 0.281 0.001 0.022 0.005 0.009 0.142 0.536 
 295 Q _   0.004 0.281 0.001 0.024 0.005 0.010 0.140 0.535 
 296 S _   0.004 0.279 0.001 0.025 0.006 0.009 0.139 0.536 
 297 N _   0.004 0.275 0.001 0.025 0.006 0.009 0.139 0.540 
 298 L _   0.005 0.268 0.001 0.025 0.006 0.009 0.139 0.547 
 299 D _   0.005 0.257 0.001 0.024 0.005 0.009 0.140 0.558 
 300 F _   0.005 0.244 0.001 0.023 0.005 0.009 0.142 0.572 
 301 S _   0.005 0.228 0.001 0.021 0.005 0.009 0.143 0.588 
 302 P _   0.005 0.210 0.001 0.020 0.005 0.009 0.145 0.606 
 303 V _   0.005 0.191 0.001 0.018 0.004 0.009 0.148 0.624 
 304 N _   0.006 0.172 0.001 0.017 0.004 0.008 0.150 0.642 
 305 S _   0.006 0.155 0.001 0.016 0.004 0.008 0.153 0.658 
 306 A _   0.006 0.138 0.001 0.015 0.004 0.008 0.155 0.674 
 307 S _   0.006 0.122 0.000 0.014 0.003 0.008 0.158 0.688 
 308 S _   0.006 0.109 0.000 0.013 0.003 0.008 0.160 0.701 
 309 E _   0.006 0.097 0.000 0.012 0.003 0.008 0.162 0.713 
 310 E _   0.006 0.087 0.000 0.011 0.003 0.007 0.163 0.723 
 311 N _   0.005 0.079 0.000 0.009 0.002 0.007 0.164 0.733 
 312 V _   0.005 0.073 0.000 0.008 0.002 0.006 0.164 0.742 
 313 K _   0.005 0.068 0.000 0.007 0.002 0.006 0.163 0.749 
 314 Y _   0.004 0.064 0.000 0.006 0.002 0.006 0.163 0.755 
 315 S _   0.004 0.063 0.000 0.006 0.002 0.006 0.161 0.759 
 316 S _   0.004 0.063 0.000 0.006 0.002 0.006 0.159 0.761 
 317 S _   0.004 0.065 0.000 0.007 0.002 0.007 0.156 0.761 
 318 Q _   0.004 0.069 0.000 0.008 0.002 0.007 0.152 0.757 
 319 P _   0.004 0.077 0.000 0.010 0.003 0.008 0.147 0.750 
 320 E _   0.005 0.089 0.000 0.014 0.004 0.010 0.142 0.737 
 321 P _   0.005 0.106 0.001 0.018 0.005 0.011 0.136 0.720 
 322 R _   0.005 0.125 0.001 0.022 0.005 0.011 0.129 0.701 
 323 T _   0.005 0.143 0.001 0.026 0.006 0.012 0.123 0.685 
 324 G _   0.005 0.157 0.001 0.028 0.006 0.012 0.118 0.673 
 325 L _   0.004 0.167 0.001 0.029 0.006 0.011 0.114 0.667 
 326 S _   0.004 0.174 0.001 0.027 0.006 0.011 0.110 0.667 
 327 L _   0.004 0.177 0.001 0.024 0.005 0.011 0.108 0.671 
 328 W _   0.004 0.178 0.001 0.020 0.005 0.010 0.105 0.677 
 329 D _   0.004 0.178 0.001 0.016 0.004 0.010 0.103 0.683 
 330 T _   0.004 0.178 0.000 0.013 0.004 0.011 0.101 0.688 
 331 S _   0.005 0.180 0.000 0.011 0.004 0.011 0.099 0.690 
 332 P _   0.006 0.183 0.000 0.011 0.004 0.013 0.096 0.686 
 333 S _   0.007 0.191 0.001 0.012 0.005 0.015 0.093 0.676 
 334 Y _   0.008 0.205 0.001 0.015 0.007 0.017 0.090 0.656 
 335 I _   0.010 0.228 0.001 0.020 0.010 0.020 0.086 0.625 
 336 D _   0.012 0.258 0.001 0.028 0.013 0.022 0.082 0.584 
 337 K _   0.013 0.290 0.001 0.036 0.016 0.024 0.078 0.542 
 338 L _   0.013 0.316 0.001 0.044 0.018 0.025 0.075 0.507 
 339 V _   0.013 0.334 0.001 0.050 0.018 0.025 0.073 0.485 
 340 Q _   0.014 0.341 0.001 0.054 0.018 0.024 0.072 0.476 
 341 G _   0.013 0.342 0.001 0.054 0.018 0.023 0.071 0.478 
 342 I _   0.013 0.335 0.001 0.051 0.016 0.022 0.071 0.490 
 343 S _   0.013 0.318 0.001 0.045 0.015 0.020 0.072 0.515 
 344 F _   0.013 0.288 0.001 0.037 0.013 0.019 0.074 0.555 
 345 S _   0.013 0.246 0.001 0.028 0.011 0.017 0.076 0.607 
 346 Q _   0.012 0.200 0.001 0.020 0.008 0.016 0.079 0.664 
 347 P _   0.011 0.160 0.001 0.013 0.006 0.015 0.081 0.712 
 348 T _   0.010 0.135 0.001 0.009 0.005 0.014 0.082 0.744 
 349 C _   0.009 0.123 0.000 0.007 0.004 0.014 0.083 0.760 
 350 P _   0.009 0.118 0.000 0.006 0.003 0.014 0.083 0.765 
 351 D _   0.010 0.119 0.000 0.007 0.004 0.015 0.083 0.760 
 352 H _   0.011 0.125 0.001 0.011 0.005 0.017 0.082 0.747 
 353 M _   0.012 0.138 0.001 0.018 0.008 0.019 0.081 0.724 
 354 L _   0.013 0.154 0.001 0.027 0.010 0.020 0.080 0.695 
 355 L _   0.013 0.170 0.001 0.036 0.012 0.021 0.079 0.668 
 356 N _   0.013 0.180 0.001 0.044 0.013 0.021 0.079 0.648 
 357 S _   0.013 0.185 0.001 0.049 0.014 0.020 0.079 0.639 
 358 Q _   0.012 0.184 0.001 0.050 0.013 0.019 0.079 0.641 
 359 L _   0.012 0.177 0.001 0.047 0.012 0.018 0.081 0.653 
 360 L _   0.011 0.162 0.001 0.040 0.010 0.016 0.083 0.676 
 361 G _   0.011 0.137 0.001 0.031 0.009 0.014 0.086 0.712 
 362 T _   0.010 0.104 0.001 0.022 0.007 0.012 0.089 0.756 
 363 P _   0.009 0.071 0.001 0.014 0.005 0.011 0.091 0.798 
 364 G _   0.008 0.048 0.000 0.008 0.003 0.010 0.093 0.829 
 365 S _   0.007 0.035 0.000 0.005 0.002 0.009 0.095 0.846 
 366 S _   0.007 0.029 0.000 0.003 0.002 0.010 0.095 0.853 
 367 Q _   0.008 0.028 0.000 0.003 0.002 0.011 0.095 0.852 
 368 N _   0.010 0.030 0.000 0.004 0.003 0.014 0.095 0.844 
 369 P _   0.013 0.038 0.001 0.007 0.005 0.019 0.093 0.824 
 370 W _   0.017 0.060 0.001 0.013 0.009 0.025 0.091 0.784 
 371 Q _   0.020 0.107 0.002 0.023 0.016 0.030 0.087 0.714 
 372 R _   0.022 0.177 0.002 0.037 0.022 0.034 0.083 0.623 
 373 L _   0.022 0.248 0.002 0.050 0.026 0.036 0.079 0.538 
 374 V _   0.021 0.301 0.002 0.061 0.027 0.036 0.076 0.476 
 375 K _   0.021 0.332 0.002 0.069 0.027 0.035 0.074 0.440 
 376 R _   0.021 0.347 0.002 0.073 0.027 0.033 0.074 0.424 
 377 M _   0.020 0.351 0.002 0.074 0.025 0.031 0.075 0.423 
 378 T _   0.020 0.346 0.002 0.070 0.023 0.028 0.076 0.435 
 379 R _   0.019 0.330 0.002 0.063 0.020 0.025 0.079 0.462 
 380 F _   0.018 0.297 0.002 0.053 0.017 0.022 0.083 0.507 
 381 F _   0.018 0.245 0.002 0.041 0.014 0.020 0.087 0.573 
 382 T _   0.017 0.181 0.002 0.029 0.011 0.017 0.093 0.650 
 383 K _   0.015 0.122 0.001 0.019 0.008 0.015 0.098 0.723 
 384 L _   0.013 0.079 0.001 0.011 0.005 0.012 0.102 0.778 
 385 D _   0.010 0.055 0.000 0.007 0.003 0.010 0.104 0.810 
 386 A _   0.008 0.045 0.000 0.004 0.002 0.009 0.105 0.826 
 387 D _   0.007 0.042 0.000 0.003 0.002 0.009 0.105 0.832 
 388 K _   0.007 0.042 0.000 0.004 0.002 0.009 0.105 0.831 
 389 S _   0.008 0.045 0.000 0.005 0.003 0.010 0.104 0.825 
 390 Y _   0.008 0.055 0.000 0.008 0.004 0.012 0.102 0.810 
 391 Q _   0.009 0.073 0.001 0.013 0.006 0.015 0.099 0.785 
 392 C _   0.009 0.100 0.001 0.019 0.008 0.016 0.096 0.750 
 393 L _   0.009 0.134 0.001 0.026 0.009 0.017 0.093 0.711 
 394 K _   0.009 0.166 0.001 0.031 0.011 0.018 0.089 0.675 
 395 E _   0.009 0.191 0.001 0.035 0.011 0.018 0.087 0.649 
 396 T _   0.008 0.208 0.001 0.037 0.011 0.018 0.085 0.632 
 397 C _   0.008 0.218 0.001 0.037 0.011 0.018 0.084 0.622 
 398 E _   0.008 0.224 0.001 0.036 0.011 0.017 0.083 0.620 
 399 K _   0.008 0.225 0.001 0.033 0.010 0.017 0.083 0.623 
 400 L _   0.008 0.223 0.001 0.029 0.009 0.016 0.084 0.631 
 401 G _   0.008 0.218 0.001 0.024 0.008 0.015 0.085 0.641 
 402 Y _   0.009 0.211 0.001 0.019 0.007 0.015 0.086 0.653 
 403 Q _   0.009 0.204 0.001 0.015 0.006 0.015 0.087 0.664 
 404 W _   0.009 0.198 0.001 0.013 0.006 0.015 0.088 0.671 
 405 K _   0.010 0.195 0.001 0.012 0.006 0.015 0.089 0.673 
 406 K _   0.010 0.194 0.001 0.013 0.006 0.016 0.090 0.671 
 407 S _   0.011 0.195 0.001 0.015 0.007 0.017 0.090 0.664 
 408 C _   0.012 0.199 0.001 0.019 0.009 0.017 0.092 0.652 
 409 M _   0.012 0.203 0.001 0.025 0.010 0.018 0.093 0.638 
 410 N _   0.013 0.206 0.001 0.031 0.011 0.018 0.095 0.626 
 411 Q _   0.013 0.205 0.001 0.035 0.012 0.018 0.097 0.619 
 412 V _   0.013 0.201 0.001 0.036 0.011 0.017 0.100 0.621 
 413 T _   0.012 0.190 0.001 0.035 0.011 0.016 0.104 0.631 
 414 I _   0.011 0.172 0.001 0.031 0.010 0.014 0.109 0.651 
 415 S _   0.011 0.146 0.001 0.026 0.008 0.013 0.114 0.682 
 416 T _   0.010 0.113 0.001 0.019 0.007 0.011 0.120 0.718 
 417 T _   0.009 0.081 0.001 0.013 0.005 0.010 0.126 0.754 
 418 D _   0.008 0.058 0.001 0.009 0.004 0.009 0.132 0.781 
 419 R _   0.007 0.044 0.000 0.006 0.003 0.008 0.136 0.796 
 420 R _   0.006 0.038 0.000 0.005 0.002 0.008 0.139 0.801 
 421 N _   0.006 0.036 0.000 0.005 0.002 0.009 0.141 0.800 
 422 N _   0.007 0.036 0.000 0.006 0.003 0.010 0.144 0.794 
 423 K _   0.008 0.039 0.000 0.009 0.004 0.011 0.145 0.784 
 424 L _   0.008 0.044 0.001 0.013 0.005 0.013 0.147 0.769 
 425 I _   0.009 0.050 0.001 0.018 0.007 0.014 0.149 0.753 
 426 F _   0.010 0.055 0.001 0.023 0.008 0.015 0.151 0.738 
 427 K _   0.010 0.059 0.001 0.026 0.009 0.016 0.153 0.726 
 428 V _   0.010 0.062 0.001 0.027 0.009 0.016 0.156 0.719 
 429 N _   0.010 0.062 0.001 0.026 0.009 0.016 0.160 0.716 
 430 L _   0.010 0.060 0.001 0.024 0.008 0.015 0.165 0.717 
 431 L _   0.010 0.057 0.001 0.021 0.008 0.015 0.169 0.720 
 432 E _   0.010 0.053 0.001 0.017 0.007 0.014 0.175 0.724 
 433 M _   0.010 0.049 0.001 0.014 0.006 0.014 0.180 0.727 
 434 D _   0.010 0.045 0.001 0.013 0.006 0.013 0.185 0.727 
 435 D _   0.010 0.043 0.001 0.012 0.005 0.013 0.191 0.725 
 436 K _   0.010 0.041 0.001 0.012 0.005 0.013 0.196 0.722 
 437 I _   0.010 0.040 0.001 0.013 0.005 0.013 0.202 0.716 
 438 L _   0.011 0.039 0.001 0.014 0.006 0.013 0.207 0.710 
 439 V _   0.011 0.038 0.001 0.015 0.006 0.012 0.213 0.705 
 440 D _   0.010 0.037 0.001 0.015 0.006 0.012 0.219 0.702 
 441 F _   0.010 0.035 0.001 0.014 0.005 0.011 0.224 0.700 
 442 R _   0.009 0.032 0.001 0.013 0.005 0.011 0.230 0.699 
 443 L _   0.008 0.029 0.001 0.011 0.004 0.010 0.236 0.700 
 444 S _   0.007 0.027 0.000 0.009 0.004 0.009 0.242 0.701 
 445 K _   0.007 0.025 0.000 0.008 0.003 0.009 0.247 0.701 
 446 G _   0.006 0.023 0.000 0.007 0.003 0.009 0.252 0.699 
 447 D _   0.006 0.023 0.000 0.006 0.003 0.009 0.257 0.695 
 448 G _   0.007 0.024 0.000 0.006 0.003 0.010 0.261 0.689 
 449 L _   0.007 0.026 0.000 0.007 0.004 0.011 0.264 0.681 
 450 E _   0.008 0.029 0.000 0.009 0.004 0.012 0.268 0.670 
 451 F _   0.008 0.033 0.001 0.010 0.005 0.014 0.272 0.658 
 452 K _   0.009 0.039 0.001 0.012 0.006 0.015 0.275 0.643 
 453 R _   0.009 0.045 0.001 0.014 0.007 0.017 0.279 0.628 
 454 H _   0.010 0.051 0.001 0.016 0.008 0.018 0.283 0.612 
 455 F _   0.011 0.058 0.001 0.018 0.009 0.020 0.287 0.596 
 456 L _   0.012 0.064 0.001 0.019 0.010 0.021 0.292 0.580 
 457 K _   0.013 0.070 0.001 0.020 0.011 0.023 0.298 0.564 
 458 I _   0.014 0.075 0.001 0.020 0.012 0.024 0.305 0.549 
 459 K _   0.015 0.079 0.001 0.021 0.012 0.025 0.313 0.535 
 460 G _   0.017 0.082 0.001 0.020 0.012 0.026 0.321 0.521 
 461 K _   0.018 0.085 0.001 0.020 0.012 0.026 0.330 0.508 
 462 L _   0.019 0.087 0.001 0.019 0.012 0.027 0.340 0.495 
 463 I _   0.020 0.089 0.001 0.019 0.012 0.027 0.350 0.482 
 464 D _   0.021 0.091 0.001 0.018 0.012 0.027 0.361 0.468 
 465 I _   0.022 0.093 0.001 0.019 0.013 0.027 0.372 0.452 
 466 V _   0.023 0.096 0.001 0.020 0.013 0.027 0.384 0.436 
 467 S _   0.022 0.099 0.001 0.022 0.013 0.026 0.396 0.420 
 468 S X   0.021 0.101 0.001 0.024 0.013 0.024 0.409 0.407 
 469 Q X   0.018 0.103 0.001 0.026 0.013 0.022 0.423 0.396 
 470 K X   0.014 0.103 0.001 0.026 0.011 0.018 0.438 0.388 
 471 I X   0.010 0.101 0.001 0.025 0.009 0.013 0.454 0.387 
 472 W X   0.006 0.096 0.001 0.021 0.005 0.008 0.472 0.391 
 473 L X   0.003 0.086 0.000 0.014 0.002 0.004 0.487 0.404 
 474 P X   0.001 0.075 0.000 0.009 0.000 0.002 0.493 0.419 
 475 A X   0.001 0.067 0.000 0.009 0.000 0.001 0.493 0.429 
 476 T X   0.004 0.062 0.001 0.016 0.004 0.004 0.483 0.426 
