#TopoPred_TM8: 8-state transmembrane topology prediction results by no_profile mode 
#probabilities are in the order of H E C I L F X _, the 8 transmembrane topology types used in PDBTM 
   1 M X   0.009 0.001 0.001 0.036 0.006 0.006 0.831 0.110 
   2 G X   0.003 0.000 0.000 0.017 0.001 0.002 0.853 0.123 
   3 D X   0.001 0.000 0.000 0.008 0.000 0.001 0.858 0.132 
   4 P X   0.000 0.000 0.000 0.005 0.000 0.001 0.857 0.136 
   5 A X   0.001 0.000 0.000 0.005 0.000 0.002 0.852 0.140 
   6 P X   0.001 0.000 0.000 0.005 0.001 0.002 0.846 0.145 
   7 A X   0.001 0.001 0.000 0.006 0.001 0.003 0.838 0.150 
   8 R X   0.002 0.001 0.000 0.007 0.001 0.004 0.826 0.158 
   9 S X   0.002 0.002 0.000 0.009 0.001 0.005 0.812 0.168 
  10 L X   0.002 0.003 0.000 0.011 0.002 0.006 0.795 0.181 
  11 D X   0.002 0.004 0.000 0.013 0.002 0.006 0.777 0.196 
  12 D X   0.002 0.005 0.000 0.013 0.003 0.006 0.758 0.212 
  13 I X   0.002 0.006 0.000 0.013 0.003 0.007 0.740 0.229 
  14 D X   0.002 0.006 0.000 0.012 0.003 0.007 0.723 0.247 
  15 L X   0.002 0.007 0.000 0.011 0.002 0.007 0.707 0.264 
  16 S X   0.002 0.007 0.000 0.009 0.002 0.008 0.691 0.280 
  17 A X   0.003 0.008 0.000 0.009 0.003 0.009 0.675 0.295 
  18 L X   0.003 0.009 0.000 0.008 0.003 0.010 0.658 0.308 
  19 R X   0.004 0.010 0.000 0.008 0.003 0.013 0.640 0.321 
  20 D X   0.005 0.013 0.001 0.009 0.005 0.016 0.622 0.330 
  21 P X   0.007 0.017 0.001 0.012 0.007 0.020 0.600 0.337 
  22 A X   0.010 0.023 0.001 0.016 0.010 0.024 0.577 0.339 
  23 G X   0.013 0.032 0.001 0.021 0.014 0.029 0.553 0.337 
  24 I X   0.016 0.042 0.001 0.026 0.019 0.033 0.530 0.333 
  25 F X   0.020 0.052 0.002 0.032 0.022 0.036 0.508 0.329 
  26 E X   0.022 0.060 0.002 0.037 0.025 0.038 0.489 0.327 
  27 L X   0.024 0.066 0.002 0.040 0.027 0.038 0.473 0.330 
  28 V X   0.026 0.069 0.002 0.041 0.027 0.038 0.460 0.337 
  29 E X   0.026 0.070 0.002 0.040 0.026 0.036 0.450 0.350 
  30 V X   0.027 0.068 0.002 0.037 0.024 0.034 0.441 0.368 
  31 V X   0.026 0.064 0.001 0.032 0.021 0.031 0.433 0.391 
  32 G X   0.025 0.058 0.001 0.028 0.018 0.028 0.427 0.415 
  33 N _   0.024 0.050 0.001 0.023 0.014 0.025 0.421 0.441 
  34 G _   0.022 0.041 0.001 0.018 0.011 0.022 0.417 0.468 
  35 T _   0.019 0.032 0.001 0.014 0.009 0.019 0.412 0.494 
  36 Y _   0.016 0.024 0.001 0.011 0.007 0.017 0.408 0.516 
  37 G _   0.014 0.018 0.001 0.008 0.005 0.015 0.404 0.536 
  38 Q _   0.012 0.014 0.000 0.006 0.004 0.013 0.399 0.552 
  39 V _   0.010 0.011 0.000 0.005 0.003 0.012 0.394 0.565 
  40 Y _   0.009 0.009 0.000 0.004 0.003 0.011 0.388 0.575 
  41 K _   0.008 0.009 0.000 0.004 0.003 0.011 0.382 0.583 
  42 G _   0.009 0.010 0.000 0.004 0.003 0.012 0.374 0.588 
  43 R _   0.009 0.011 0.000 0.005 0.004 0.014 0.366 0.590 
  44 H _   0.011 0.016 0.001 0.007 0.005 0.016 0.357 0.588 
  45 V _   0.012 0.024 0.001 0.011 0.008 0.019 0.347 0.579 
  46 K _   0.014 0.038 0.001 0.016 0.011 0.022 0.334 0.563 
  47 T _   0.016 0.058 0.001 0.024 0.015 0.025 0.322 0.540 
  48 G _   0.017 0.081 0.002 0.032 0.018 0.026 0.309 0.515 
  49 Q _   0.017 0.100 0.002 0.041 0.019 0.027 0.299 0.494 
  50 L _   0.017 0.114 0.002 0.048 0.020 0.027 0.291 0.481 
  51 A _   0.017 0.121 0.001 0.053 0.020 0.026 0.285 0.477 
  52 A _   0.017 0.124 0.001 0.054 0.018 0.024 0.280 0.481 
  53 I _   0.016 0.123 0.001 0.050 0.016 0.022 0.277 0.494 
  54 K _   0.015 0.116 0.001 0.044 0.014 0.019 0.276 0.515 
  55 V _   0.014 0.104 0.001 0.035 0.011 0.017 0.275 0.544 
  56 M _   0.013 0.087 0.001 0.026 0.008 0.014 0.274 0.577 
  57 D _   0.011 0.068 0.001 0.018 0.006 0.012 0.274 0.611 
  58 V _   0.009 0.051 0.001 0.012 0.004 0.010 0.274 0.641 
  59 T _   0.008 0.038 0.000 0.007 0.003 0.008 0.273 0.663 
  60 E _   0.006 0.031 0.000 0.005 0.002 0.007 0.271 0.678 
  61 D _   0.005 0.027 0.000 0.004 0.002 0.006 0.268 0.688 
  62 E _   0.005 0.027 0.000 0.004 0.002 0.006 0.264 0.693 
  63 E _   0.005 0.028 0.000 0.005 0.002 0.007 0.259 0.694 
  64 E _   0.005 0.031 0.000 0.007 0.003 0.008 0.254 0.692 
  65 E _   0.006 0.038 0.000 0.010 0.004 0.010 0.247 0.685 
  66 I _   0.006 0.049 0.001 0.016 0.005 0.011 0.239 0.673 
  67 K _   0.006 0.063 0.001 0.022 0.007 0.013 0.231 0.658 
  68 Q _   0.006 0.075 0.001 0.028 0.008 0.014 0.223 0.644 
  69 E _   0.006 0.085 0.001 0.033 0.008 0.015 0.216 0.635 
  70 I _   0.006 0.091 0.001 0.036 0.009 0.015 0.211 0.631 
  71 N _   0.007 0.093 0.001 0.035 0.009 0.015 0.207 0.634 
  72 M _   0.007 0.093 0.001 0.031 0.008 0.014 0.204 0.642 
  73 L _   0.007 0.090 0.001 0.025 0.007 0.014 0.201 0.655 
  74 K _   0.007 0.085 0.001 0.019 0.006 0.013 0.200 0.669 
  75 K _   0.007 0.079 0.001 0.014 0.005 0.013 0.198 0.683 
  76 Y _   0.007 0.074 0.000 0.010 0.004 0.013 0.196 0.694 
  77 S _   0.008 0.072 0.000 0.008 0.004 0.014 0.194 0.700 
  78 H _   0.009 0.072 0.000 0.008 0.004 0.016 0.192 0.699 
  79 H _   0.012 0.076 0.001 0.009 0.006 0.018 0.189 0.690 
  80 R _   0.014 0.086 0.001 0.014 0.009 0.021 0.185 0.670 
  81 N _   0.017 0.105 0.001 0.022 0.012 0.025 0.181 0.637 
  82 I _   0.019 0.133 0.002 0.034 0.016 0.027 0.176 0.593 
  83 A _   0.020 0.159 0.002 0.049 0.019 0.028 0.172 0.552 
  84 T _   0.020 0.178 0.002 0.061 0.021 0.028 0.169 0.523 
  85 Y _   0.019 0.187 0.002 0.069 0.021 0.027 0.167 0.509 
  86 Y _   0.018 0.189 0.001 0.071 0.020 0.025 0.167 0.508 
  87 G _   0.017 0.185 0.001 0.068 0.018 0.023 0.168 0.519 
  88 A _   0.016 0.172 0.001 0.060 0.015 0.020 0.171 0.544 
  89 F _   0.015 0.147 0.001 0.048 0.012 0.017 0.175 0.585 
  90 I _   0.013 0.109 0.001 0.034 0.009 0.014 0.179 0.640 
  91 K _   0.012 0.066 0.001 0.021 0.006 0.011 0.184 0.699 
  92 K _   0.010 0.031 0.001 0.011 0.004 0.008 0.187 0.748 
  93 S _   0.008 0.011 0.000 0.005 0.002 0.006 0.189 0.778 
  94 P _   0.006 0.003 0.000 0.002 0.001 0.005 0.189 0.793 
  95 P _   0.006 0.001 0.000 0.001 0.001 0.005 0.188 0.798 
  96 G _   0.009 0.000 0.000 0.001 0.001 0.006 0.186 0.796 
  97 N _   0.017 0.000 0.000 0.001 0.001 0.010 0.183 0.788 
  98 D _   0.036 0.000 0.000 0.001 0.003 0.018 0.178 0.765 
  99 D _   0.070 0.000 0.001 0.002 0.006 0.030 0.170 0.720 
 100 Q _   0.120 0.002 0.001 0.004 0.015 0.048 0.161 0.649 
 101 L _   0.174 0.008 0.002 0.008 0.032 0.067 0.150 0.559 
 102 W _   0.220 0.024 0.003 0.015 0.053 0.084 0.139 0.462 
 103 L _   0.253 0.048 0.003 0.023 0.072 0.094 0.130 0.377 
 104 V _   0.272 0.071 0.003 0.031 0.083 0.097 0.123 0.319 
 105 M _   0.280 0.089 0.003 0.037 0.089 0.096 0.119 0.286 
 106 E H   0.282 0.099 0.003 0.041 0.091 0.092 0.116 0.274 
 107 F _   0.277 0.104 0.003 0.042 0.090 0.087 0.115 0.282 
 108 C _   0.267 0.103 0.003 0.041 0.085 0.080 0.115 0.306 
 109 G _   0.251 0.099 0.003 0.038 0.077 0.073 0.116 0.344 
 110 A _   0.226 0.090 0.003 0.034 0.065 0.064 0.117 0.400 
 111 G _   0.196 0.076 0.003 0.030 0.051 0.055 0.120 0.467 
 112 S _   0.165 0.061 0.002 0.026 0.037 0.046 0.124 0.539 
 113 V _   0.131 0.045 0.002 0.021 0.025 0.038 0.128 0.609 
 114 T _   0.101 0.031 0.001 0.017 0.016 0.030 0.131 0.672 
 115 D _   0.073 0.020 0.001 0.013 0.010 0.024 0.134 0.725 
 116 L _   0.051 0.012 0.001 0.010 0.006 0.018 0.136 0.766 
 117 V _   0.035 0.006 0.001 0.007 0.004 0.014 0.137 0.796 
 118 K _   0.023 0.003 0.000 0.005 0.003 0.011 0.137 0.817 
 119 N _   0.016 0.001 0.000 0.004 0.002 0.009 0.137 0.831 
 120 T _   0.012 0.001 0.000 0.003 0.002 0.008 0.136 0.840 
 121 K _   0.010 0.000 0.000 0.002 0.001 0.007 0.134 0.844 
 122 G _   0.011 0.000 0.000 0.002 0.001 0.008 0.132 0.846 
 123 N _   0.014 0.000 0.000 0.002 0.002 0.010 0.129 0.843 
 124 A _   0.021 0.000 0.000 0.002 0.002 0.014 0.125 0.835 
 125 L _   0.034 0.000 0.000 0.003 0.004 0.019 0.120 0.819 
 126 K _   0.053 0.000 0.001 0.004 0.006 0.027 0.115 0.794 
 127 E _   0.080 0.000 0.001 0.006 0.011 0.036 0.109 0.757 
 128 D _   0.113 0.001 0.001 0.007 0.018 0.046 0.102 0.712 
 129 C _   0.152 0.001 0.002 0.009 0.027 0.056 0.095 0.658 
 130 I _   0.191 0.002 0.002 0.011 0.037 0.065 0.088 0.604 
 131 A _   0.228 0.003 0.002 0.013 0.046 0.072 0.082 0.553 
 132 Y _   0.261 0.004 0.002 0.014 0.055 0.077 0.078 0.509 
 133 I _   0.287 0.005 0.003 0.015 0.060 0.079 0.074 0.477 
 134 C _   0.305 0.006 0.003 0.015 0.064 0.079 0.072 0.457 
 135 R _   0.313 0.006 0.003 0.016 0.064 0.077 0.070 0.451 
 136 E _   0.312 0.006 0.003 0.016 0.061 0.074 0.069 0.459 
 137 I _   0.304 0.006 0.003 0.015 0.057 0.070 0.069 0.477 
 138 L _   0.287 0.005 0.002 0.014 0.050 0.064 0.069 0.508 
 139 R _   0.262 0.005 0.002 0.013 0.042 0.059 0.070 0.547 
 140 G _   0.233 0.004 0.002 0.012 0.034 0.052 0.071 0.592 
 141 L _   0.200 0.003 0.002 0.010 0.027 0.047 0.072 0.638 
 142 A _   0.168 0.003 0.001 0.010 0.021 0.041 0.074 0.682 
 143 H _   0.136 0.002 0.001 0.010 0.017 0.036 0.075 0.722 
 144 L _   0.108 0.002 0.001 0.010 0.013 0.032 0.076 0.757 
 145 H _   0.085 0.002 0.001 0.010 0.011 0.028 0.078 0.785 
 146 A _   0.065 0.002 0.001 0.011 0.010 0.024 0.079 0.808 
 147 H _   0.050 0.002 0.001 0.011 0.008 0.021 0.080 0.826 
 148 K _   0.038 0.002 0.001 0.011 0.007 0.018 0.081 0.841 
 149 V _   0.030 0.002 0.001 0.010 0.006 0.016 0.082 0.853 
 150 I _   0.023 0.002 0.001 0.009 0.005 0.014 0.083 0.863 
 151 H _   0.019 0.002 0.001 0.008 0.004 0.012 0.083 0.871 
 152 R _   0.015 0.002 0.000 0.007 0.004 0.011 0.084 0.877 
 153 D _   0.012 0.002 0.000 0.006 0.003 0.010 0.084 0.882 
 154 I _   0.011 0.002 0.000 0.006 0.003 0.010 0.084 0.884 
 155 K _   0.010 0.002 0.000 0.005 0.003 0.010 0.084 0.886 
 156 G _   0.009 0.003 0.000 0.006 0.003 0.010 0.083 0.885 
 157 Q _   0.010 0.004 0.000 0.006 0.003 0.011 0.083 0.882 
 158 N _   0.010 0.006 0.000 0.007 0.004 0.012 0.082 0.878 
 159 V _   0.011 0.008 0.001 0.009 0.005 0.014 0.081 0.871 
 160 L _   0.012 0.012 0.001 0.012 0.006 0.016 0.080 0.862 
 161 L _   0.012 0.016 0.001 0.014 0.007 0.017 0.079 0.853 
 162 T _   0.013 0.020 0.001 0.016 0.008 0.019 0.079 0.844 
 163 E _   0.014 0.024 0.001 0.018 0.009 0.020 0.078 0.836 
 164 N _   0.015 0.027 0.001 0.019 0.010 0.021 0.077 0.829 
 165 A _   0.017 0.030 0.001 0.020 0.011 0.023 0.077 0.823 
 166 E _   0.018 0.033 0.001 0.020 0.011 0.023 0.076 0.818 
 167 V _   0.019 0.035 0.001 0.020 0.012 0.024 0.076 0.813 
 168 K _   0.021 0.036 0.001 0.020 0.012 0.025 0.077 0.809 
 169 L _   0.022 0.037 0.001 0.020 0.012 0.025 0.077 0.805 
 170 V _   0.023 0.038 0.001 0.020 0.013 0.025 0.078 0.802 
 171 D _   0.023 0.039 0.001 0.021 0.012 0.025 0.079 0.801 
 172 F _   0.023 0.038 0.001 0.020 0.012 0.024 0.080 0.802 
 173 G _   0.023 0.037 0.001 0.020 0.011 0.023 0.081 0.804 
 174 V _   0.022 0.036 0.001 0.019 0.011 0.022 0.083 0.807 
 175 S _   0.021 0.034 0.001 0.017 0.010 0.021 0.084 0.813 
 176 A _   0.020 0.031 0.001 0.015 0.009 0.019 0.086 0.819 
 177 Q _   0.019 0.028 0.001 0.013 0.007 0.018 0.088 0.826 
 178 L _   0.017 0.026 0.001 0.011 0.006 0.017 0.090 0.832 
 179 D _   0.016 0.023 0.001 0.009 0.006 0.016 0.091 0.837 
 180 R _   0.016 0.022 0.001 0.008 0.005 0.016 0.093 0.840 
 181 T _   0.015 0.021 0.001 0.007 0.005 0.016 0.094 0.841 
 182 V _   0.015 0.021 0.001 0.007 0.005 0.016 0.095 0.840 
 183 G _   0.015 0.023 0.001 0.007 0.005 0.017 0.096 0.836 
 184 R _   0.015 0.025 0.001 0.008 0.006 0.018 0.097 0.830 
 185 R _   0.016 0.029 0.001 0.009 0.007 0.019 0.098 0.820 
 186 N _   0.017 0.034 0.001 0.011 0.008 0.021 0.099 0.808 
 187 T _   0.019 0.042 0.001 0.013 0.009 0.023 0.100 0.793 
 188 F _   0.020 0.052 0.001 0.016 0.011 0.025 0.101 0.775 
 189 I _   0.021 0.064 0.001 0.019 0.013 0.027 0.102 0.753 
 190 G _   0.022 0.077 0.001 0.023 0.016 0.029 0.103 0.730 
 191 T _   0.023 0.090 0.001 0.027 0.018 0.030 0.104 0.707 
 192 P _   0.023 0.103 0.001 0.032 0.019 0.031 0.106 0.684 
 193 Y _   0.023 0.113 0.002 0.037 0.020 0.031 0.108 0.666 
 194 W _   0.023 0.121 0.002 0.041 0.021 0.030 0.111 0.653 
 195 M _   0.022 0.126 0.002 0.044 0.020 0.029 0.114 0.643 
 196 A _   0.020 0.128 0.001 0.046 0.019 0.027 0.119 0.640 
 197 P _   0.019 0.126 0.001 0.045 0.018 0.025 0.124 0.641 
 198 E _   0.017 0.122 0.001 0.044 0.016 0.023 0.130 0.647 
 199 V _   0.016 0.114 0.001 0.040 0.013 0.020 0.136 0.659 
 200 I _   0.014 0.101 0.001 0.035 0.011 0.018 0.144 0.676 
 201 A _   0.013 0.085 0.001 0.029 0.009 0.015 0.152 0.696 
 202 C _   0.011 0.066 0.001 0.023 0.007 0.013 0.161 0.718 
 203 D _   0.010 0.047 0.001 0.017 0.005 0.011 0.169 0.740 
 204 E _   0.008 0.030 0.001 0.012 0.004 0.009 0.176 0.760 
 205 N _   0.007 0.017 0.000 0.009 0.003 0.008 0.181 0.775 
 206 P _   0.006 0.009 0.000 0.006 0.002 0.007 0.186 0.785 
 207 D _   0.005 0.004 0.000 0.004 0.002 0.006 0.189 0.790 
 208 A _   0.005 0.002 0.000 0.003 0.001 0.006 0.191 0.792 
 209 T _   0.006 0.001 0.000 0.002 0.001 0.007 0.192 0.791 
 210 Y _   0.008 0.000 0.000 0.002 0.001 0.009 0.192 0.787 
 211 D _   0.012 0.000 0.000 0.002 0.002 0.012 0.192 0.779 
 212 Y _   0.021 0.001 0.000 0.003 0.003 0.017 0.191 0.763 
 213 R _   0.037 0.001 0.001 0.004 0.006 0.026 0.190 0.736 
 214 S _   0.061 0.003 0.001 0.005 0.011 0.036 0.187 0.695 
 215 D _   0.092 0.007 0.001 0.008 0.021 0.049 0.184 0.637 
 216 I _   0.126 0.016 0.002 0.012 0.036 0.062 0.181 0.564 
 217 W _   0.157 0.031 0.003 0.017 0.052 0.073 0.179 0.489 
 218 S _   0.182 0.048 0.003 0.024 0.066 0.080 0.177 0.420 
 219 L _   0.200 0.065 0.003 0.031 0.076 0.082 0.178 0.365 
 220 G _   0.211 0.079 0.003 0.037 0.081 0.081 0.180 0.328 
 221 I _   0.215 0.088 0.003 0.042 0.081 0.078 0.183 0.309 
 222 T _   0.212 0.091 0.003 0.045 0.078 0.073 0.189 0.308 
 223 A _   0.203 0.090 0.003 0.045 0.072 0.067 0.197 0.323 
 224 I _   0.189 0.085 0.003 0.041 0.062 0.060 0.207 0.353 
 225 E _   0.168 0.074 0.003 0.035 0.049 0.052 0.220 0.399 
 226 M _   0.141 0.059 0.003 0.028 0.036 0.043 0.234 0.457 
 227 A _   0.111 0.040 0.002 0.020 0.024 0.035 0.248 0.519 
 228 E _   0.083 0.024 0.001 0.013 0.015 0.027 0.262 0.575 
 229 G _   0.060 0.013 0.001 0.008 0.008 0.021 0.273 0.616 
 230 A _   0.041 0.007 0.001 0.005 0.005 0.016 0.281 0.643 
 231 P _   0.028 0.005 0.000 0.004 0.003 0.013 0.288 0.659 
 232 P _   0.020 0.004 0.000 0.003 0.002 0.012 0.292 0.666 
 233 L _   0.015 0.004 0.000 0.003 0.002 0.011 0.296 0.668 
 234 C _   0.012 0.005 0.000 0.004 0.003 0.012 0.299 0.664 
 235 D _   0.012 0.009 0.000 0.006 0.004 0.013 0.302 0.655 
 236 M _   0.012 0.015 0.001 0.011 0.005 0.015 0.304 0.638 
 237 H _   0.012 0.027 0.001 0.018 0.008 0.017 0.305 0.613 
 238 P _   0.012 0.041 0.001 0.028 0.010 0.018 0.307 0.582 
 239 M _   0.012 0.055 0.001 0.038 0.012 0.019 0.310 0.552 
 240 R _   0.013 0.064 0.001 0.047 0.013 0.020 0.314 0.529 
 241 A _   0.012 0.068 0.001 0.051 0.013 0.019 0.319 0.515 
 242 L _   0.011 0.069 0.001 0.052 0.013 0.018 0.327 0.509 
 243 F _   0.011 0.067 0.001 0.048 0.011 0.016 0.337 0.510 
 244 L _   0.010 0.061 0.001 0.040 0.009 0.014 0.348 0.517 
 245 I _   0.009 0.051 0.001 0.031 0.007 0.012 0.361 0.530 
 246 P _   0.008 0.037 0.001 0.021 0.005 0.009 0.374 0.544 
 247 R _   0.007 0.025 0.001 0.013 0.004 0.007 0.387 0.557 
 248 N _   0.006 0.015 0.000 0.008 0.002 0.006 0.398 0.565 
 249 P _   0.005 0.009 0.000 0.005 0.002 0.005 0.406 0.569 
 250 P _   0.004 0.006 0.000 0.003 0.001 0.004 0.412 0.570 
 251 P _   0.003 0.004 0.000 0.002 0.001 0.004 0.417 0.569 
 252 R _   0.003 0.004 0.000 0.002 0.001 0.004 0.419 0.567 
 253 L _   0.003 0.004 0.000 0.002 0.001 0.004 0.421 0.565 
 254 K _   0.003 0.004 0.000 0.003 0.001 0.005 0.421 0.562 
 255 S _   0.004 0.006 0.000 0.003 0.001 0.007 0.420 0.559 
 256 K _   0.004 0.009 0.000 0.005 0.002 0.009 0.419 0.552 
 257 K _   0.006 0.015 0.000 0.007 0.003 0.012 0.416 0.541 
 258 W _   0.007 0.025 0.001 0.009 0.005 0.015 0.412 0.525 
 259 S _   0.010 0.041 0.001 0.013 0.007 0.020 0.407 0.502 
 260 K _   0.013 0.062 0.001 0.017 0.011 0.025 0.402 0.469 
 261 K _   0.016 0.087 0.001 0.023 0.015 0.030 0.396 0.432 
 262 F _   0.019 0.114 0.002 0.028 0.021 0.034 0.391 0.392 
 263 I X   0.023 0.138 0.002 0.033 0.025 0.037 0.387 0.355 
 264 D X   0.026 0.157 0.002 0.038 0.029 0.039 0.385 0.325 
 265 F X   0.029 0.170 0.002 0.042 0.032 0.040 0.384 0.301 
 266 I X   0.032 0.179 0.002 0.045 0.033 0.040 0.385 0.284 
 267 D X   0.033 0.182 0.002 0.047 0.033 0.039 0.388 0.276 
 268 T X   0.034 0.181 0.002 0.047 0.032 0.036 0.392 0.276 
 269 C X   0.034 0.175 0.002 0.044 0.029 0.033 0.399 0.284 
 270 L X   0.033 0.161 0.002 0.039 0.025 0.030 0.408 0.301 
 271 I X   0.031 0.139 0.002 0.033 0.021 0.027 0.420 0.328 
 272 K X   0.028 0.109 0.002 0.025 0.016 0.023 0.433 0.364 
 273 T X   0.024 0.074 0.001 0.018 0.012 0.019 0.447 0.404 
 274 Y X   0.020 0.045 0.001 0.012 0.008 0.016 0.459 0.438 
 275 L X   0.016 0.026 0.001 0.007 0.005 0.013 0.470 0.462 
 276 S X   0.013 0.016 0.000 0.004 0.003 0.011 0.477 0.474 
 277 R X   0.010 0.012 0.000 0.003 0.002 0.010 0.483 0.478 
 278 P X   0.009 0.011 0.000 0.003 0.002 0.009 0.488 0.478 
 279 P X   0.008 0.011 0.000 0.004 0.002 0.010 0.491 0.474 
 280 T X   0.008 0.012 0.000 0.005 0.003 0.010 0.495 0.466 
 281 E X   0.008 0.015 0.000 0.008 0.004 0.011 0.498 0.455 
 282 Q X   0.008 0.018 0.001 0.012 0.005 0.011 0.502 0.443 
 283 L X   0.008 0.022 0.001 0.016 0.006 0.012 0.505 0.431 
 284 L X   0.008 0.025 0.001 0.019 0.007 0.012 0.510 0.421 
 285 K X   0.007 0.026 0.001 0.020 0.007 0.011 0.515 0.414 
 286 F X   0.007 0.027 0.001 0.019 0.006 0.010 0.521 0.410 
 287 P X   0.006 0.026 0.001 0.017 0.005 0.009 0.527 0.409 
 288 F X   0.005 0.024 0.001 0.014 0.004 0.008 0.534 0.409 
 289 I X   0.005 0.022 0.000 0.010 0.003 0.007 0.542 0.409 
 290 R X   0.004 0.020 0.000 0.008 0.003 0.007 0.549 0.409 
 291 D X   0.004 0.019 0.000 0.006 0.002 0.007 0.555 0.407 
 292 Q X   0.004 0.018 0.000 0.005 0.002 0.007 0.562 0.402 
 293 P X   0.004 0.018 0.000 0.005 0.002 0.007 0.567 0.396 
 294 T X   0.005 0.020 0.000 0.006 0.003 0.008 0.572 0.386 
 295 E X   0.005 0.023 0.000 0.009 0.003 0.009 0.578 0.373 
 296 R X   0.006 0.027 0.001 0.013 0.005 0.010 0.583 0.356 
 297 Q X   0.006 0.033 0.001 0.018 0.006 0.011 0.589 0.336 
 298 V X   0.007 0.038 0.001 0.024 0.007 0.012 0.595 0.316 
 299 R X   0.007 0.041 0.001 0.029 0.008 0.013 0.603 0.298 
 300 I X   0.007 0.043 0.001 0.032 0.008 0.012 0.614 0.284 
 301 Q X   0.006 0.043 0.001 0.032 0.008 0.012 0.626 0.272 
 302 L X   0.006 0.041 0.001 0.031 0.007 0.011 0.641 0.263 
 303 K X   0.005 0.037 0.001 0.026 0.006 0.010 0.659 0.256 
 304 D X   0.005 0.031 0.001 0.021 0.005 0.008 0.678 0.250 
 305 H X   0.005 0.024 0.001 0.016 0.004 0.007 0.699 0.245 
 306 I X   0.004 0.017 0.000 0.011 0.003 0.006 0.720 0.240 
 307 D X   0.004 0.011 0.000 0.007 0.002 0.004 0.737 0.234 
 308 R X   0.003 0.007 0.000 0.005 0.001 0.004 0.752 0.228 
 309 S X   0.003 0.004 0.000 0.003 0.001 0.003 0.764 0.221 
 310 R X   0.002 0.003 0.000 0.002 0.001 0.002 0.774 0.215 
 311 K X   0.002 0.002 0.000 0.002 0.001 0.002 0.781 0.210 
 312 K X   0.002 0.002 0.000 0.002 0.001 0.002 0.787 0.205 
 313 R X   0.002 0.002 0.000 0.002 0.001 0.002 0.791 0.201 
 314 G X   0.001 0.002 0.000 0.002 0.001 0.002 0.794 0.197 
 315 E X   0.001 0.002 0.000 0.003 0.001 0.002 0.797 0.194 
 316 K X   0.002 0.002 0.000 0.004 0.001 0.003 0.799 0.191 
 317 E X   0.002 0.002 0.000 0.004 0.001 0.003 0.800 0.188 
 318 E X   0.002 0.003 0.000 0.005 0.001 0.003 0.802 0.185 
 319 T X   0.002 0.003 0.000 0.006 0.001 0.003 0.803 0.183 
 320 E X   0.001 0.003 0.000 0.006 0.001 0.003 0.805 0.181 
 321 Y X   0.001 0.003 0.000 0.006 0.001 0.003 0.806 0.179 
 322 E X   0.001 0.003 0.000 0.005 0.001 0.003 0.808 0.178 
 323 Y X   0.001 0.003 0.000 0.005 0.001 0.002 0.810 0.178 
 324 S X   0.001 0.003 0.000 0.004 0.001 0.002 0.811 0.178 
 325 G X   0.001 0.003 0.000 0.003 0.001 0.002 0.812 0.178 
 326 S X   0.001 0.002 0.000 0.003 0.001 0.002 0.812 0.179 
 327 E X   0.001 0.002 0.000 0.002 0.000 0.002 0.812 0.180 
 328 E X   0.001 0.002 0.000 0.002 0.000 0.002 0.810 0.182 
 329 E X   0.001 0.003 0.000 0.002 0.000 0.002 0.808 0.185 
 330 D X   0.001 0.003 0.000 0.002 0.000 0.002 0.804 0.187 
 331 D X   0.001 0.004 0.000 0.002 0.001 0.002 0.800 0.191 
 332 S X   0.001 0.005 0.000 0.003 0.001 0.002 0.793 0.194 
 333 H X   0.001 0.008 0.000 0.004 0.001 0.003 0.785 0.198 
 334 G X   0.001 0.012 0.000 0.005 0.001 0.004 0.775 0.201 
 335 E X   0.001 0.019 0.000 0.007 0.002 0.004 0.762 0.204 
 336 E X   0.002 0.028 0.000 0.009 0.002 0.005 0.748 0.205 
 337 G X   0.002 0.040 0.000 0.011 0.003 0.006 0.732 0.206 
 338 E X   0.002 0.054 0.000 0.013 0.003 0.007 0.716 0.204 
 339 P X   0.002 0.069 0.001 0.014 0.004 0.007 0.701 0.202 
 340 S X   0.002 0.085 0.001 0.015 0.004 0.008 0.686 0.200 
 341 S X   0.002 0.099 0.001 0.015 0.004 0.008 0.673 0.197 
 342 I X   0.002 0.114 0.001 0.015 0.004 0.009 0.662 0.193 
 343 M X   0.002 0.127 0.001 0.015 0.005 0.009 0.652 0.189 
 344 N X   0.003 0.141 0.001 0.015 0.005 0.010 0.643 0.184 
 345 V X   0.003 0.153 0.001 0.016 0.005 0.010 0.635 0.178 
 346 P X   0.003 0.165 0.001 0.016 0.005 0.011 0.627 0.172 
 347 G X   0.003 0.177 0.001 0.017 0.006 0.011 0.621 0.164 
 348 E X   0.004 0.188 0.001 0.018 0.006 0.011 0.615 0.157 
 349 S X   0.004 0.198 0.001 0.020 0.007 0.012 0.610 0.149 
 350 T X   0.004 0.206 0.001 0.023 0.007 0.012 0.606 0.142 
 351 L X   0.004 0.211 0.001 0.025 0.008 0.012 0.604 0.136 
 352 R X   0.004 0.214 0.001 0.027 0.008 0.011 0.603 0.132 
 353 R X   0.004 0.214 0.001 0.029 0.008 0.011 0.604 0.131 
 354 E X   0.004 0.210 0.001 0.029 0.008 0.010 0.606 0.132 
 355 F X   0.004 0.203 0.001 0.028 0.007 0.009 0.610 0.137 
 356 L X   0.005 0.188 0.001 0.026 0.007 0.009 0.617 0.148 
 357 R X   0.005 0.164 0.001 0.023 0.006 0.008 0.627 0.165 
 358 L X   0.005 0.131 0.001 0.019 0.006 0.007 0.640 0.190 
 359 Q X   0.005 0.094 0.001 0.015 0.005 0.007 0.656 0.219 
 360 Q X   0.005 0.060 0.001 0.010 0.003 0.006 0.671 0.244 
 361 E X   0.004 0.036 0.000 0.006 0.002 0.005 0.683 0.263 
 362 N X   0.003 0.023 0.000 0.004 0.001 0.004 0.692 0.272 
 363 K X   0.003 0.016 0.000 0.003 0.001 0.003 0.698 0.276 
 364 S X   0.002 0.013 0.000 0.002 0.001 0.003 0.701 0.277 
 365 N X   0.002 0.012 0.000 0.002 0.001 0.003 0.704 0.276 
 366 S X   0.002 0.011 0.000 0.003 0.001 0.003 0.705 0.274 
 367 E X   0.002 0.011 0.000 0.004 0.001 0.004 0.706 0.272 
 368 A X   0.002 0.012 0.000 0.005 0.001 0.004 0.706 0.268 
 369 L X   0.002 0.013 0.000 0.007 0.002 0.004 0.706 0.265 
 370 K X   0.002 0.014 0.000 0.009 0.002 0.005 0.706 0.262 
 371 Q X   0.002 0.014 0.000 0.010 0.002 0.005 0.707 0.259 
 372 Q X   0.002 0.014 0.000 0.011 0.002 0.005 0.707 0.259 
 373 Q X   0.002 0.014 0.000 0.010 0.002 0.004 0.709 0.259 
 374 Q X   0.002 0.013 0.000 0.009 0.002 0.004 0.711 0.260 
 375 L X   0.002 0.011 0.000 0.007 0.001 0.004 0.713 0.262 
 376 Q X   0.002 0.010 0.000 0.005 0.001 0.003 0.715 0.264 
 377 Q X   0.002 0.008 0.000 0.004 0.001 0.003 0.716 0.266 
 378 Q X   0.002 0.007 0.000 0.003 0.001 0.002 0.717 0.268 
 379 Q X   0.002 0.007 0.000 0.002 0.001 0.002 0.718 0.269 
 380 Q X   0.002 0.007 0.000 0.002 0.001 0.002 0.718 0.269 
 381 R X   0.002 0.007 0.000 0.002 0.001 0.003 0.717 0.269 
 382 D X   0.002 0.009 0.000 0.003 0.001 0.004 0.715 0.267 
 383 P X   0.002 0.012 0.000 0.004 0.002 0.005 0.712 0.263 
 384 E X   0.003 0.018 0.000 0.007 0.002 0.006 0.709 0.255 
 385 A X   0.003 0.026 0.000 0.011 0.003 0.007 0.704 0.245 
 386 H X   0.003 0.036 0.000 0.015 0.004 0.008 0.700 0.233 
 387 I X   0.003 0.044 0.001 0.020 0.005 0.009 0.696 0.222 
 388 K X   0.003 0.050 0.001 0.023 0.006 0.009 0.694 0.214 
 389 H X   0.003 0.053 0.001 0.025 0.006 0.009 0.693 0.209 
 390 L X   0.003 0.054 0.001 0.026 0.006 0.009 0.694 0.207 
 391 L X   0.003 0.054 0.001 0.025 0.006 0.008 0.696 0.207 
 392 H X   0.003 0.052 0.001 0.022 0.005 0.008 0.700 0.209 
 393 Q X   0.003 0.047 0.001 0.019 0.005 0.007 0.705 0.213 
 394 R X   0.003 0.041 0.000 0.015 0.004 0.006 0.712 0.218 
 395 Q X   0.003 0.034 0.000 0.012 0.003 0.006 0.719 0.222 
 396 R X   0.003 0.027 0.000 0.009 0.002 0.005 0.727 0.226 
 397 R X   0.003 0.021 0.000 0.007 0.002 0.004 0.734 0.228 
 398 I X   0.003 0.017 0.000 0.005 0.002 0.004 0.740 0.229 
 399 E X   0.003 0.013 0.000 0.004 0.001 0.003 0.746 0.229 
 400 E X   0.003 0.011 0.000 0.004 0.001 0.003 0.750 0.229 
 401 Q X   0.002 0.009 0.000 0.003 0.001 0.003 0.754 0.227 
 402 K X   0.002 0.008 0.000 0.003 0.001 0.003 0.757 0.226 
 403 E X   0.002 0.007 0.000 0.003 0.001 0.003 0.760 0.224 
 404 E X   0.002 0.006 0.000 0.003 0.001 0.003 0.763 0.222 
 405 R X   0.002 0.006 0.000 0.003 0.001 0.003 0.765 0.220 
 406 R X   0.002 0.006 0.000 0.004 0.001 0.003 0.767 0.218 
 407 R X   0.002 0.005 0.000 0.004 0.001 0.003 0.769 0.216 
 408 V X   0.002 0.005 0.000 0.004 0.001 0.003 0.771 0.213 
 409 E X   0.002 0.005 0.000 0.004 0.001 0.003 0.774 0.211 
 410 E X   0.002 0.005 0.000 0.004 0.001 0.003 0.776 0.209 
 411 Q X   0.002 0.004 0.000 0.004 0.001 0.003 0.778 0.208 
 412 Q X   0.002 0.004 0.000 0.004 0.001 0.003 0.780 0.206 
 413 R X   0.002 0.004 0.000 0.004 0.001 0.002 0.783 0.205 
 414 R X   0.002 0.003 0.000 0.003 0.001 0.002 0.785 0.203 
 415 E X   0.001 0.003 0.000 0.003 0.001 0.002 0.787 0.202 
 416 R X   0.001 0.003 0.000 0.003 0.001 0.002 0.789 0.201 
 417 E X   0.001 0.002 0.000 0.003 0.001 0.002 0.791 0.200 
 418 Q X   0.001 0.002 0.000 0.003 0.001 0.002 0.792 0.199 
 419 R X   0.001 0.002 0.000 0.002 0.001 0.002 0.793 0.198 
 420 K X   0.001 0.002 0.000 0.002 0.001 0.002 0.794 0.197 
 421 L X   0.001 0.002 0.000 0.002 0.001 0.002 0.795 0.196 
 422 Q X   0.001 0.002 0.000 0.003 0.001 0.002 0.795 0.196 
 423 E X   0.001 0.002 0.000 0.003 0.001 0.002 0.795 0.196 
 424 K X   0.001 0.003 0.000 0.003 0.001 0.002 0.795 0.195 
 425 E X   0.001 0.003 0.000 0.003 0.001 0.002 0.795 0.195 
 426 Q X   0.001 0.003 0.000 0.003 0.001 0.002 0.795 0.195 
 427 Q X   0.001 0.004 0.000 0.003 0.001 0.002 0.794 0.194 
 428 R X   0.001 0.004 0.000 0.004 0.001 0.003 0.794 0.193 
 429 R X   0.001 0.005 0.000 0.005 0.001 0.003 0.793 0.192 
 430 L X   0.001 0.005 0.000 0.005 0.001 0.003 0.793 0.191 
 431 E X   0.001 0.006 0.000 0.006 0.001 0.003 0.793 0.189 
 432 D X   0.002 0.006 0.000 0.007 0.002 0.003 0.793 0.187 
 433 M X   0.002 0.006 0.000 0.007 0.002 0.003 0.794 0.186 
 434 Q X   0.002 0.007 0.000 0.007 0.002 0.003 0.795 0.184 
 435 A X   0.002 0.006 0.000 0.007 0.002 0.003 0.797 0.182 
 436 L X   0.002 0.006 0.000 0.007 0.002 0.003 0.799 0.181 
 437 R X   0.002 0.006 0.000 0.006 0.001 0.003 0.802 0.180 
 438 R X   0.002 0.005 0.000 0.005 0.001 0.003 0.805 0.179 
 439 E X   0.002 0.004 0.000 0.004 0.001 0.003 0.808 0.178 
 440 E X   0.002 0.004 0.000 0.004 0.001 0.002 0.810 0.177 
 441 E X   0.002 0.003 0.000 0.003 0.001 0.002 0.813 0.176 
 442 R X   0.001 0.003 0.000 0.003 0.001 0.002 0.816 0.174 
 443 R X   0.001 0.002 0.000 0.003 0.001 0.002 0.818 0.173 
 444 Q X   0.001 0.002 0.000 0.002 0.001 0.002 0.820 0.171 
 445 A X   0.001 0.002 0.000 0.002 0.001 0.002 0.821 0.170 
 446 E X   0.001 0.002 0.000 0.003 0.001 0.002 0.823 0.169 
 447 R X   0.001 0.002 0.000 0.003 0.001 0.002 0.824 0.168 
 448 E X   0.001 0.002 0.000 0.003 0.001 0.002 0.825 0.167 
 449 Q X   0.001 0.002 0.000 0.002 0.001 0.002 0.825 0.167 
 450 E X   0.001 0.002 0.000 0.002 0.001 0.002 0.826 0.166 
 451 Y X   0.001 0.002 0.000 0.002 0.001 0.002 0.826 0.166 
 452 K X   0.001 0.002 0.000 0.002 0.001 0.002 0.826 0.166 
 453 R X   0.001 0.002 0.000 0.002 0.001 0.002 0.827 0.166 
 454 K X   0.001 0.002 0.000 0.002 0.001 0.002 0.827 0.165 
 455 Q X   0.001 0.002 0.000 0.003 0.001 0.002 0.826 0.165 
 456 L X   0.001 0.002 0.000 0.003 0.001 0.002 0.826 0.165 
 457 E X   0.001 0.003 0.000 0.003 0.001 0.002 0.826 0.165 
 458 E X   0.001 0.003 0.000 0.003 0.001 0.002 0.825 0.165 
 459 Q X   0.001 0.003 0.000 0.003 0.001 0.002 0.825 0.165 
 460 R X   0.001 0.004 0.000 0.003 0.001 0.002 0.824 0.165 
 461 Q X   0.001 0.004 0.000 0.003 0.001 0.002 0.823 0.165 
 462 S X   0.001 0.005 0.000 0.003 0.001 0.002 0.823 0.165 
 463 E X   0.001 0.005 0.000 0.004 0.001 0.003 0.822 0.164 
 464 R X   0.001 0.006 0.000 0.004 0.001 0.003 0.822 0.163 
 465 L X   0.001 0.007 0.000 0.004 0.001 0.003 0.821 0.162 
 466 Q X   0.001 0.008 0.000 0.004 0.001 0.003 0.821 0.161 
 467 R X   0.001 0.008 0.000 0.005 0.001 0.003 0.821 0.160 
 468 Q X   0.002 0.009 0.000 0.005 0.001 0.003 0.821 0.159 
 469 L X   0.002 0.010 0.000 0.005 0.002 0.004 0.821 0.157 
 470 Q X   0.002 0.010 0.000 0.005 0.002 0.004 0.822 0.156 
 471 Q X   0.002 0.011 0.000 0.006 0.002 0.004 0.822 0.153 
 472 E X   0.002 0.011 0.000 0.006 0.002 0.004 0.824 0.150 
 473 H X   0.002 0.012 0.000 0.007 0.002 0.004 0.826 0.147 
 474 A X   0.002 0.012 0.000 0.008 0.002 0.005 0.828 0.143 
 475 Y X   0.002 0.012 0.000 0.008 0.002 0.005 0.831 0.138 
 476 L X   0.003 0.012 0.000 0.009 0.003 0.005 0.835 0.134 
 477 K X   0.003 0.012 0.000 0.009 0.003 0.004 0.839 0.130 
 478 S X   0.003 0.011 0.000 0.008 0.002 0.004 0.845 0.126 
 479 L X   0.003 0.010 0.000 0.008 0.002 0.004 0.851 0.122 
 480 Q X   0.002 0.009 0.000 0.007 0.002 0.004 0.858 0.119 
 481 Q X   0.002 0.007 0.000 0.005 0.002 0.003 0.865 0.116 
 482 Q X   0.002 0.005 0.000 0.004 0.001 0.003 0.872 0.112 
 483 Q X   0.002 0.004 0.000 0.003 0.001 0.002 0.879 0.109 
 484 Q X   0.002 0.003 0.000 0.002 0.001 0.002 0.885 0.106 
 485 Q X   0.001 0.002 0.000 0.002 0.001 0.002 0.890 0.102 
 486 Q X   0.001 0.001 0.000 0.002 0.001 0.002 0.895 0.099 
 487 Q X   0.001 0.001 0.000 0.001 0.001 0.001 0.898 0.096 
 488 L X   0.001 0.001 0.000 0.001 0.000 0.001 0.902 0.093 
 489 Q X   0.001 0.001 0.000 0.001 0.000 0.001 0.904 0.091 
 490 K X   0.001 0.001 0.000 0.002 0.000 0.001 0.907 0.088 
 491 Q X   0.001 0.001 0.000 0.002 0.000 0.001 0.909 0.086 
 492 Q X   0.001 0.001 0.000 0.002 0.001 0.001 0.910 0.085 
 493 Q X   0.001 0.001 0.000 0.002 0.000 0.001 0.912 0.083 
 494 Q X   0.001 0.001 0.000 0.002 0.000 0.001 0.913 0.082 
 495 Q X   0.001 0.001 0.000 0.002 0.000 0.001 0.914 0.081 
 496 L X   0.001 0.001 0.000 0.001 0.000 0.001 0.915 0.081 
 497 L X   0.001 0.001 0.000 0.001 0.000 0.001 0.915 0.081 
 498 P X   0.001 0.001 0.000 0.001 0.000 0.001 0.916 0.080 
 499 G X   0.001 0.001 0.000 0.001 0.000 0.001 0.916 0.080 
 500 D X   0.001 0.001 0.000 0.001 0.000 0.001 0.916 0.080 
 501 R X   0.001 0.001 0.000 0.002 0.000 0.001 0.916 0.080 
 502 K X   0.001 0.001 0.000 0.002 0.001 0.001 0.915 0.079 
 503 P X   0.001 0.001 0.000 0.003 0.001 0.002 0.915 0.078 
 504 L X   0.001 0.002 0.000 0.003 0.001 0.002 0.914 0.077 
 505 Y X   0.001 0.002 0.000 0.004 0.001 0.002 0.914 0.076 
 506 H X   0.001 0.002 0.000 0.004 0.001 0.002 0.914 0.076 
 507 Y X   0.001 0.002 0.000 0.004 0.001 0.002 0.915 0.075 
 508 G X   0.001 0.002 0.000 0.004 0.001 0.002 0.916 0.075 
 509 R X   0.001 0.002 0.000 0.003 0.001 0.001 0.917 0.076 
 510 G X   0.001 0.002 0.000 0.002 0.001 0.001 0.917 0.076 
 511 M X   0.001 0.002 0.000 0.002 0.000 0.001 0.918 0.076 
 512 N X   0.001 0.002 0.000 0.001 0.000 0.001 0.918 0.077 
 513 P X   0.000 0.002 0.000 0.001 0.000 0.001 0.918 0.077 
 514 A X   0.001 0.002 0.000 0.001 0.000 0.001 0.918 0.077 
 515 D X   0.001 0.003 0.000 0.001 0.000 0.001 0.917 0.077 
 516 K X   0.001 0.004 0.000 0.002 0.001 0.002 0.915 0.076 
 517 P X   0.001 0.007 0.000 0.003 0.001 0.003 0.912 0.073 
 518 A X   0.001 0.011 0.000 0.006 0.002 0.003 0.908 0.069 
 519 W X   0.001 0.017 0.000 0.009 0.002 0.004 0.904 0.062 
 520 A X   0.001 0.023 0.000 0.012 0.003 0.004 0.900 0.056 
 521 R X   0.001 0.028 0.000 0.015 0.003 0.005 0.898 0.050 
 522 E X   0.001 0.031 0.000 0.017 0.003 0.005 0.896 0.046 
 523 V X   0.001 0.032 0.000 0.019 0.003 0.005 0.897 0.043 
 524 E X   0.001 0.032 0.000 0.019 0.003 0.005 0.899 0.041 
 525 E X   0.001 0.031 0.000 0.017 0.003 0.004 0.902 0.040 
 526 R X   0.001 0.030 0.000 0.015 0.003 0.004 0.907 0.039 
 527 T X   0.001 0.026 0.000 0.013 0.003 0.004 0.914 0.039 
 528 R X   0.001 0.021 0.000 0.010 0.002 0.003 0.923 0.038 
 529 M X   0.001 0.016 0.000 0.007 0.002 0.003 0.933 0.038 
 530 N X   0.001 0.011 0.000 0.005 0.001 0.002 0.943 0.036 
 531 K X   0.001 0.007 0.000 0.004 0.001 0.002 0.952 0.034 
 532 Q X   0.001 0.004 0.000 0.002 0.001 0.002 0.959 0.031 
 533 Q X   0.001 0.002 0.000 0.002 0.000 0.001 0.965 0.029 
 534 N X   0.001 0.001 0.000 0.001 0.000 0.001 0.969 0.026 
 535 S X   0.001 0.001 0.000 0.001 0.000 0.001 0.973 0.024 
 536 P X   0.000 0.001 0.000 0.001 0.000 0.001 0.976 0.022 
 537 L X   0.000 0.000 0.000 0.001 0.000 0.001 0.978 0.020 
 538 A X   0.000 0.000 0.000 0.001 0.000 0.001 0.980 0.018 
 539 K X   0.000 0.000 0.000 0.001 0.000 0.000 0.981 0.017 
 540 S X   0.000 0.000 0.000 0.001 0.000 0.000 0.982 0.016 
 541 K X   0.000 0.000 0.000 0.001 0.000 0.000 0.983 0.016 
 542 P X   0.000 0.000 0.000 0.001 0.000 0.000 0.983 0.015 
 543 G X   0.000 0.000 0.000 0.001 0.000 0.000 0.984 0.015 
 544 S X   0.000 0.000 0.000 0.001 0.000 0.000 0.984 0.015 
 545 T X   0.000 0.000 0.000 0.000 0.000 0.000 0.984 0.015 
 546 G X   0.000 0.000 0.000 0.000 0.000 0.000 0.984 0.015 
 547 P X   0.000 0.000 0.000 0.001 0.000 0.000 0.984 0.015 
 548 E X   0.000 0.000 0.000 0.001 0.000 0.000 0.984 0.015 
 549 P X   0.000 0.000 0.000 0.001 0.000 0.000 0.983 0.016 
 550 P X   0.000 0.000 0.000 0.001 0.000 0.000 0.982 0.016 
 551 I X   0.000 0.000 0.000 0.001 0.000 0.000 0.981 0.017 
 552 P X   0.000 0.000 0.000 0.001 0.000 0.000 0.980 0.018 
 553 Q X   0.000 0.000 0.000 0.001 0.000 0.000 0.978 0.020 
 554 A X   0.000 0.000 0.000 0.001 0.000 0.001 0.976 0.022 
 555 S X   0.000 0.000 0.000 0.001 0.000 0.001 0.974 0.024 
 556 P X   0.000 0.000 0.000 0.001 0.000 0.001 0.971 0.027 
 557 G X   0.000 0.000 0.000 0.001 0.000 0.001 0.967 0.031 
 558 P X   0.000 0.000 0.000 0.001 0.000 0.001 0.962 0.035 
 559 P X   0.000 0.000 0.000 0.001 0.000 0.001 0.957 0.040 
 560 G X   0.001 0.001 0.000 0.002 0.000 0.001 0.950 0.045 
 561 P X   0.001 0.001 0.000 0.002 0.001 0.002 0.942 0.051 
 562 L X   0.001 0.002 0.000 0.003 0.001 0.002 0.934 0.057 
 563 S X   0.001 0.003 0.000 0.004 0.001 0.002 0.924 0.064 
 564 Q X   0.001 0.004 0.000 0.005 0.001 0.003 0.914 0.072 
 565 T X   0.001 0.006 0.000 0.006 0.001 0.003 0.903 0.079 
 566 P X   0.001 0.007 0.000 0.007 0.001 0.003 0.893 0.087 
 567 P X   0.001 0.009 0.000 0.007 0.002 0.003 0.883 0.095 
 568 M X   0.001 0.010 0.000 0.008 0.002 0.003 0.874 0.103 
 569 Q X   0.001 0.011 0.000 0.007 0.001 0.003 0.865 0.111 
 570 R X   0.001 0.012 0.000 0.007 0.001 0.003 0.856 0.118 
 571 P X   0.001 0.013 0.000 0.006 0.001 0.003 0.848 0.126 
 572 V X   0.001 0.015 0.000 0.006 0.001 0.003 0.839 0.134 
 573 E X   0.001 0.016 0.000 0.006 0.001 0.003 0.831 0.142 
 574 P X   0.001 0.017 0.000 0.005 0.001 0.003 0.822 0.149 
 575 Q X   0.001 0.019 0.000 0.005 0.001 0.004 0.813 0.156 
 576 E X   0.001 0.022 0.000 0.006 0.002 0.004 0.803 0.162 
 577 G X   0.002 0.026 0.000 0.007 0.002 0.005 0.792 0.168 
 578 P X   0.002 0.031 0.000 0.008 0.003 0.006 0.779 0.171 
 579 H X   0.002 0.039 0.000 0.011 0.003 0.006 0.766 0.172 
 580 K X   0.002 0.048 0.001 0.014 0.004 0.007 0.752 0.171 
 581 S X   0.002 0.059 0.001 0.017 0.005 0.008 0.739 0.169 
 582 L X   0.002 0.069 0.001 0.020 0.005 0.008 0.727 0.167 
 583 V X   0.003 0.077 0.001 0.023 0.006 0.008 0.717 0.165 
 584 A X   0.003 0.083 0.001 0.025 0.006 0.008 0.709 0.166 
 585 H X   0.003 0.086 0.001 0.025 0.006 0.008 0.703 0.169 
 586 R X   0.003 0.087 0.001 0.024 0.006 0.008 0.699 0.173 
 587 V X   0.003 0.087 0.001 0.022 0.005 0.008 0.696 0.178 
 588 P X   0.003 0.085 0.000 0.020 0.005 0.007 0.695 0.185 
 589 L X   0.003 0.081 0.000 0.017 0.004 0.007 0.694 0.193 
 590 K X   0.003 0.076 0.000 0.015 0.004 0.006 0.695 0.200 
 591 P X   0.003 0.070 0.000 0.013 0.003 0.006 0.696 0.208 
 592 Y X   0.003 0.064 0.000 0.011 0.003 0.006 0.698 0.215 
 593 A X   0.003 0.058 0.000 0.009 0.003 0.005 0.700 0.222 
 594 A X   0.003 0.052 0.000 0.008 0.002 0.005 0.702 0.227 
 595 P X   0.003 0.047 0.000 0.007 0.002 0.005 0.704 0.231 
 596 V X   0.003 0.042 0.000 0.007 0.002 0.004 0.706 0.235 
 597 P X   0.003 0.038 0.000 0.006 0.002 0.004 0.708 0.239 
 598 R X   0.003 0.034 0.000 0.005 0.002 0.004 0.710 0.242 
 599 S X   0.003 0.030 0.000 0.005 0.001 0.004 0.712 0.246 
 600 Q X   0.002 0.027 0.000 0.004 0.001 0.003 0.713 0.249 
 601 S X   0.002 0.025 0.000 0.003 0.001 0.003 0.713 0.251 
 602 L X   0.002 0.024 0.000 0.003 0.001 0.003 0.713 0.254 
 603 Q X   0.002 0.023 0.000 0.003 0.001 0.003 0.713 0.255 
 604 D X   0.002 0.023 0.000 0.003 0.001 0.003 0.711 0.256 
 605 Q X   0.002 0.024 0.000 0.004 0.001 0.004 0.710 0.255 
 606 P X   0.002 0.026 0.000 0.006 0.002 0.004 0.707 0.252 
 607 T X   0.002 0.029 0.000 0.009 0.002 0.005 0.705 0.248 
 608 R X   0.002 0.032 0.000 0.012 0.003 0.006 0.702 0.243 
 609 N X   0.003 0.035 0.000 0.015 0.003 0.006 0.700 0.237 
 610 L X   0.003 0.037 0.000 0.018 0.004 0.006 0.699 0.233 
 611 A X   0.003 0.038 0.000 0.020 0.004 0.006 0.699 0.230 
 612 A X   0.003 0.038 0.000 0.019 0.004 0.006 0.700 0.230 
 613 F X   0.003 0.036 0.000 0.017 0.003 0.005 0.702 0.232 
 614 P X   0.003 0.033 0.000 0.014 0.003 0.005 0.706 0.237 
 615 A X   0.002 0.029 0.000 0.010 0.002 0.004 0.709 0.243 
 616 S X   0.002 0.024 0.000 0.007 0.002 0.003 0.713 0.249 
 617 H X   0.002 0.019 0.000 0.004 0.001 0.003 0.716 0.255 
 618 D X   0.002 0.017 0.000 0.003 0.001 0.002 0.718 0.258 
 619 P X   0.002 0.016 0.000 0.002 0.001 0.002 0.718 0.260 
 620 D X   0.002 0.015 0.000 0.002 0.001 0.002 0.718 0.260 
 621 P X   0.002 0.016 0.000 0.002 0.001 0.003 0.717 0.260 
 622 A X   0.002 0.018 0.000 0.003 0.001 0.004 0.714 0.258 
 623 I X   0.002 0.023 0.000 0.004 0.002 0.005 0.710 0.253 
 624 P X   0.003 0.033 0.000 0.007 0.002 0.006 0.704 0.245 
 625 A X   0.003 0.048 0.000 0.010 0.003 0.007 0.695 0.232 
 626 P X   0.003 0.070 0.001 0.014 0.004 0.008 0.685 0.214 
 627 T X   0.003 0.096 0.001 0.018 0.005 0.009 0.674 0.193 
 628 A X   0.003 0.122 0.001 0.022 0.006 0.010 0.664 0.172 
 629 T X   0.003 0.146 0.001 0.026 0.007 0.010 0.656 0.152 
 630 P X   0.003 0.165 0.001 0.029 0.007 0.010 0.650 0.135 
 631 S X   0.002 0.179 0.001 0.033 0.007 0.010 0.646 0.121 
 632 A X   0.002 0.189 0.001 0.036 0.007 0.009 0.645 0.111 
 633 R X   0.002 0.194 0.001 0.038 0.007 0.009 0.645 0.104 
 634 G X   0.002 0.195 0.001 0.039 0.007 0.009 0.648 0.099 
 635 A X   0.003 0.193 0.001 0.038 0.007 0.008 0.652 0.098 
 636 V X   0.003 0.188 0.001 0.036 0.007 0.008 0.660 0.098 
 637 I X   0.003 0.177 0.001 0.033 0.006 0.008 0.670 0.103 
 638 R X   0.003 0.159 0.001 0.029 0.006 0.007 0.685 0.110 
 639 Q X   0.004 0.133 0.001 0.025 0.006 0.007 0.704 0.121 
 640 N X   0.004 0.103 0.001 0.020 0.005 0.007 0.728 0.132 
 641 S X   0.004 0.072 0.001 0.016 0.004 0.006 0.754 0.142 
 642 D X   0.004 0.047 0.001 0.012 0.003 0.006 0.779 0.149 
 643 P X   0.003 0.030 0.000 0.008 0.002 0.005 0.799 0.151 
 644 T X   0.003 0.019 0.000 0.006 0.002 0.004 0.815 0.151 
 645 S X   0.003 0.012 0.000 0.004 0.001 0.003 0.826 0.150 
 646 E X   0.002 0.008 0.000 0.003 0.001 0.003 0.834 0.149 
 647 G X   0.002 0.005 0.000 0.003 0.001 0.002 0.840 0.147 
 648 P X   0.002 0.004 0.000 0.002 0.000 0.002 0.844 0.146 
 649 G X   0.001 0.003 0.000 0.002 0.000 0.002 0.846 0.146 
 650 P X   0.001 0.002 0.000 0.002 0.000 0.002 0.847 0.146 
 651 S X   0.001 0.002 0.000 0.002 0.000 0.002 0.848 0.146 
 652 P X   0.001 0.002 0.000 0.002 0.000 0.002 0.847 0.146 
 653 N X   0.001 0.002 0.000 0.002 0.000 0.002 0.846 0.147 
 654 P X   0.001 0.002 0.000 0.002 0.001 0.002 0.844 0.148 
 655 P X   0.001 0.002 0.000 0.003 0.001 0.002 0.841 0.150 
 656 A X   0.001 0.002 0.000 0.003 0.001 0.002 0.837 0.153 
 657 W X   0.001 0.002 0.000 0.004 0.001 0.002 0.833 0.157 
 658 V X   0.001 0.002 0.000 0.004 0.001 0.003 0.828 0.161 
 659 R X   0.001 0.002 0.000 0.004 0.001 0.003 0.821 0.168 
 660 P X   0.001 0.003 0.000 0.004 0.001 0.003 0.814 0.175 
 661 D X   0.001 0.003 0.000 0.003 0.001 0.003 0.805 0.184 
 662 N X   0.001 0.003 0.000 0.003 0.001 0.003 0.795 0.193 
 663 E X   0.001 0.004 0.000 0.003 0.001 0.003 0.783 0.204 
