#TopoPred_TM8: 8-state transmembrane topology prediction results by no_profile mode 
#probabilities are in the order of H E C I L F X _, the 8 transmembrane topology types used in PDBTM 
   1 M X   0.009 0.001 0.002 0.049 0.008 0.008 0.830 0.092 
   2 T X   0.004 0.000 0.000 0.029 0.002 0.004 0.856 0.105 
   3 L X   0.002 0.000 0.000 0.015 0.001 0.002 0.863 0.117 
   4 D X   0.001 0.000 0.000 0.009 0.000 0.002 0.863 0.125 
   5 V X   0.001 0.000 0.000 0.006 0.000 0.002 0.859 0.132 
   6 G X   0.001 0.000 0.000 0.004 0.001 0.002 0.852 0.139 
   7 P X   0.001 0.000 0.000 0.003 0.001 0.003 0.844 0.147 
   8 E X   0.002 0.001 0.000 0.003 0.001 0.003 0.833 0.158 
   9 D X   0.002 0.001 0.000 0.004 0.001 0.004 0.818 0.169 
  10 E X   0.002 0.003 0.000 0.006 0.002 0.005 0.799 0.183 
  11 L X   0.002 0.006 0.000 0.010 0.002 0.007 0.774 0.197 
  12 P X   0.003 0.011 0.001 0.017 0.004 0.010 0.743 0.212 
  13 D X   0.003 0.020 0.001 0.027 0.006 0.012 0.707 0.224 
  14 W X   0.004 0.030 0.001 0.038 0.008 0.014 0.670 0.235 
  15 A X   0.004 0.040 0.001 0.049 0.010 0.016 0.636 0.245 
  16 A X   0.005 0.046 0.001 0.057 0.011 0.016 0.607 0.257 
  17 A X   0.005 0.050 0.001 0.061 0.011 0.016 0.584 0.272 
  18 K X   0.005 0.051 0.001 0.060 0.011 0.016 0.566 0.291 
  19 E X   0.005 0.049 0.001 0.054 0.010 0.014 0.552 0.315 
  20 F X   0.005 0.045 0.001 0.044 0.008 0.013 0.540 0.344 
  21 Y X   0.005 0.037 0.001 0.033 0.006 0.011 0.530 0.377 
  22 Q X   0.005 0.027 0.001 0.022 0.005 0.010 0.521 0.411 
  23 K X   0.004 0.017 0.000 0.013 0.003 0.008 0.512 0.441 
  24 Y X   0.004 0.010 0.000 0.008 0.002 0.007 0.503 0.466 
  25 D X   0.004 0.005 0.000 0.005 0.002 0.007 0.494 0.484 
  26 P _   0.004 0.003 0.000 0.003 0.002 0.008 0.483 0.497 
  27 K _   0.004 0.003 0.000 0.003 0.002 0.009 0.471 0.507 
  28 D _   0.006 0.003 0.000 0.004 0.002 0.012 0.457 0.515 
  29 V _   0.008 0.004 0.000 0.005 0.004 0.017 0.441 0.520 
  30 I _   0.012 0.006 0.001 0.009 0.006 0.023 0.422 0.522 
  31 G _   0.016 0.009 0.001 0.014 0.010 0.030 0.399 0.520 
  32 R _   0.020 0.015 0.001 0.020 0.016 0.038 0.374 0.514 
  33 G _   0.025 0.021 0.002 0.027 0.022 0.046 0.349 0.506 
  34 V _   0.030 0.027 0.002 0.034 0.029 0.054 0.324 0.499 
  35 S _   0.036 0.032 0.002 0.038 0.035 0.060 0.301 0.495 
  36 S _   0.041 0.035 0.002 0.041 0.040 0.064 0.281 0.495 
  37 V _   0.047 0.037 0.002 0.041 0.044 0.067 0.264 0.499 
  38 V _   0.053 0.037 0.002 0.039 0.045 0.068 0.249 0.507 
  39 R _   0.058 0.036 0.002 0.037 0.044 0.068 0.236 0.520 
  40 R _   0.061 0.033 0.002 0.033 0.041 0.067 0.225 0.538 
  41 C _   0.064 0.028 0.002 0.028 0.037 0.064 0.216 0.561 
  42 V _   0.066 0.023 0.002 0.022 0.032 0.061 0.208 0.586 
  43 H _   0.068 0.018 0.002 0.017 0.027 0.057 0.200 0.611 
  44 R _   0.068 0.013 0.001 0.013 0.022 0.054 0.194 0.634 
  45 A _   0.068 0.009 0.001 0.010 0.018 0.051 0.188 0.655 
  46 T _   0.068 0.007 0.001 0.008 0.016 0.049 0.182 0.670 
  47 G _   0.068 0.006 0.001 0.007 0.014 0.047 0.176 0.680 
  48 H _   0.069 0.005 0.001 0.007 0.014 0.045 0.171 0.687 
  49 E _   0.070 0.006 0.001 0.008 0.015 0.045 0.166 0.690 
  50 F _   0.071 0.007 0.001 0.010 0.016 0.044 0.161 0.689 
  51 A _   0.071 0.010 0.001 0.013 0.018 0.044 0.157 0.686 
  52 V _   0.071 0.013 0.001 0.017 0.020 0.043 0.153 0.682 
  53 K _   0.068 0.016 0.002 0.022 0.021 0.041 0.149 0.682 
  54 I _   0.063 0.018 0.002 0.026 0.021 0.038 0.146 0.685 
  55 M _   0.058 0.020 0.002 0.029 0.020 0.035 0.143 0.693 
  56 E _   0.052 0.020 0.001 0.029 0.018 0.032 0.141 0.707 
  57 V _   0.045 0.019 0.001 0.027 0.015 0.027 0.139 0.726 
  58 T _   0.037 0.017 0.001 0.022 0.012 0.023 0.138 0.750 
  59 A _   0.030 0.013 0.001 0.017 0.009 0.019 0.137 0.775 
  60 E _   0.023 0.010 0.001 0.012 0.006 0.015 0.135 0.798 
  61 R _   0.018 0.007 0.001 0.008 0.004 0.013 0.133 0.816 
  62 L _   0.014 0.005 0.000 0.006 0.003 0.010 0.131 0.830 
  63 S _   0.011 0.004 0.000 0.004 0.002 0.009 0.129 0.840 
  64 P _   0.009 0.004 0.000 0.004 0.002 0.009 0.126 0.846 
  65 E _   0.008 0.004 0.000 0.005 0.002 0.009 0.123 0.849 
  66 Q _   0.008 0.005 0.000 0.006 0.003 0.009 0.120 0.849 
  67 L _   0.009 0.007 0.000 0.008 0.003 0.010 0.116 0.847 
  68 E _   0.009 0.009 0.001 0.010 0.004 0.011 0.112 0.844 
  69 E _   0.009 0.012 0.001 0.012 0.005 0.012 0.107 0.842 
  70 V _   0.009 0.014 0.001 0.014 0.005 0.013 0.103 0.841 
  71 R _   0.009 0.016 0.001 0.015 0.006 0.014 0.098 0.841 
  72 E _   0.009 0.018 0.001 0.015 0.006 0.015 0.094 0.841 
  73 A _   0.010 0.019 0.001 0.015 0.006 0.016 0.090 0.843 
  74 T _   0.010 0.020 0.001 0.014 0.007 0.017 0.086 0.845 
  75 R _   0.011 0.021 0.001 0.013 0.007 0.019 0.083 0.846 
  76 R _   0.013 0.023 0.001 0.013 0.007 0.020 0.079 0.844 
  77 E _   0.014 0.024 0.001 0.014 0.008 0.022 0.076 0.840 
  78 T _   0.016 0.027 0.001 0.015 0.010 0.024 0.072 0.834 
  79 H _   0.019 0.030 0.001 0.018 0.011 0.027 0.069 0.826 
  80 I _   0.021 0.033 0.001 0.020 0.013 0.029 0.066 0.816 
  81 L _   0.024 0.036 0.001 0.023 0.015 0.030 0.063 0.808 
  82 R _   0.026 0.038 0.001 0.025 0.016 0.032 0.060 0.802 
  83 Q _   0.028 0.040 0.001 0.026 0.017 0.033 0.057 0.798 
  84 V _   0.030 0.040 0.001 0.026 0.018 0.033 0.055 0.796 
  85 A _   0.031 0.039 0.001 0.026 0.019 0.033 0.053 0.797 
  86 G _   0.033 0.038 0.001 0.026 0.019 0.033 0.051 0.799 
  87 H _   0.035 0.036 0.001 0.026 0.018 0.032 0.050 0.802 
  88 P _   0.037 0.033 0.001 0.025 0.017 0.031 0.048 0.807 
  89 H _   0.039 0.029 0.001 0.024 0.016 0.029 0.048 0.814 
  90 I _   0.041 0.024 0.001 0.021 0.014 0.027 0.047 0.824 
  91 I _   0.044 0.018 0.001 0.018 0.012 0.025 0.046 0.836 
  92 T _   0.048 0.012 0.001 0.013 0.009 0.023 0.045 0.849 
  93 L _   0.053 0.006 0.001 0.009 0.007 0.020 0.044 0.860 
  94 I _   0.060 0.002 0.001 0.005 0.005 0.018 0.043 0.865 
  95 D _   0.073 0.001 0.001 0.003 0.004 0.017 0.042 0.860 
  96 S _   0.092 0.000 0.000 0.002 0.004 0.018 0.040 0.844 
  97 Y _   0.125 0.000 0.001 0.001 0.005 0.019 0.037 0.811 
  98 E _   0.175 0.000 0.001 0.001 0.007 0.023 0.035 0.758 
  99 S _   0.246 0.000 0.001 0.001 0.011 0.029 0.032 0.679 
 100 S _   0.327 0.000 0.001 0.002 0.019 0.035 0.030 0.586 
 101 S _   0.401 0.000 0.002 0.003 0.028 0.042 0.028 0.496 
 102 F H   0.461 0.001 0.002 0.005 0.038 0.046 0.027 0.420 
 103 M H   0.499 0.003 0.002 0.008 0.046 0.048 0.026 0.368 
 104 F H   0.518 0.005 0.002 0.012 0.050 0.048 0.026 0.338 
 105 L H   0.520 0.007 0.003 0.015 0.052 0.047 0.026 0.330 
 106 V H   0.509 0.008 0.003 0.016 0.051 0.044 0.027 0.343 
 107 F H   0.481 0.007 0.003 0.016 0.047 0.041 0.029 0.377 
 108 D H   0.439 0.006 0.003 0.013 0.040 0.037 0.030 0.433 
 109 L _   0.383 0.004 0.002 0.010 0.031 0.032 0.032 0.506 
 110 M _   0.317 0.002 0.002 0.007 0.021 0.027 0.034 0.589 
 111 R _   0.249 0.001 0.001 0.005 0.014 0.023 0.037 0.671 
 112 K _   0.186 0.000 0.001 0.003 0.009 0.019 0.039 0.743 
 113 G _   0.135 0.000 0.001 0.003 0.006 0.017 0.040 0.799 
 114 E _   0.098 0.000 0.001 0.002 0.004 0.015 0.041 0.838 
 115 L _   0.073 0.000 0.000 0.003 0.004 0.014 0.042 0.863 
 116 F _   0.056 0.000 0.000 0.004 0.004 0.014 0.043 0.879 
 117 D _   0.044 0.001 0.001 0.005 0.004 0.015 0.044 0.887 
 118 Y _   0.036 0.001 0.001 0.007 0.005 0.015 0.044 0.891 
 119 L _   0.030 0.002 0.001 0.009 0.006 0.016 0.044 0.892 
 120 T _   0.026 0.002 0.001 0.012 0.006 0.016 0.044 0.892 
 121 E _   0.024 0.003 0.001 0.013 0.007 0.016 0.044 0.893 
 122 K _   0.022 0.003 0.001 0.013 0.007 0.016 0.044 0.895 
 123 V _   0.021 0.002 0.001 0.012 0.006 0.016 0.044 0.897 
 124 A _   0.022 0.002 0.001 0.010 0.006 0.016 0.044 0.900 
 125 L _   0.023 0.002 0.001 0.008 0.005 0.016 0.044 0.901 
 126 S _   0.027 0.001 0.001 0.006 0.004 0.016 0.044 0.901 
 127 E _   0.033 0.001 0.001 0.005 0.004 0.017 0.043 0.897 
 128 K _   0.042 0.000 0.000 0.004 0.004 0.019 0.043 0.887 
 129 E _   0.057 0.000 0.001 0.003 0.005 0.022 0.042 0.871 
 130 T _   0.078 0.000 0.001 0.003 0.006 0.026 0.041 0.845 
 131 R _   0.109 0.000 0.001 0.003 0.009 0.031 0.040 0.807 
 132 S _   0.147 0.000 0.001 0.003 0.014 0.037 0.039 0.759 
 133 I _   0.190 0.000 0.001 0.004 0.020 0.044 0.038 0.702 
 134 M _   0.234 0.001 0.002 0.006 0.029 0.051 0.037 0.641 
 135 R _   0.273 0.002 0.002 0.008 0.038 0.056 0.037 0.584 
 136 S _   0.306 0.003 0.002 0.011 0.047 0.059 0.036 0.535 
 137 L _   0.331 0.004 0.002 0.013 0.052 0.060 0.037 0.500 
 138 L _   0.344 0.006 0.003 0.015 0.054 0.060 0.038 0.482 
 139 E _   0.347 0.006 0.003 0.016 0.054 0.057 0.040 0.477 
 140 A _   0.341 0.007 0.003 0.016 0.051 0.054 0.042 0.487 
 141 V _   0.324 0.006 0.002 0.016 0.046 0.049 0.044 0.512 
 142 S _   0.299 0.006 0.002 0.014 0.039 0.044 0.047 0.549 
 143 F _   0.265 0.005 0.002 0.013 0.031 0.039 0.051 0.595 
 144 L _   0.225 0.004 0.002 0.011 0.023 0.034 0.055 0.646 
 145 H _   0.185 0.003 0.001 0.010 0.017 0.029 0.059 0.696 
 146 A _   0.145 0.002 0.001 0.009 0.012 0.024 0.063 0.744 
 147 N _   0.110 0.001 0.001 0.008 0.009 0.020 0.067 0.784 
 148 N _   0.082 0.001 0.001 0.007 0.006 0.017 0.070 0.816 
 149 I _   0.060 0.001 0.001 0.007 0.005 0.014 0.072 0.841 
 150 V _   0.044 0.001 0.000 0.006 0.004 0.012 0.074 0.859 
 151 H _   0.032 0.001 0.000 0.006 0.003 0.010 0.076 0.872 
 152 R _   0.023 0.001 0.000 0.006 0.003 0.009 0.077 0.881 
 153 D _   0.017 0.001 0.000 0.005 0.003 0.008 0.078 0.887 
 154 L _   0.013 0.002 0.000 0.005 0.002 0.008 0.078 0.891 
 155 K _   0.010 0.002 0.000 0.005 0.002 0.007 0.079 0.894 
 156 P _   0.009 0.003 0.000 0.006 0.002 0.007 0.078 0.895 
 157 E _   0.008 0.004 0.000 0.006 0.002 0.007 0.078 0.895 
 158 N _   0.007 0.006 0.000 0.006 0.002 0.007 0.077 0.894 
 159 I _   0.007 0.008 0.000 0.007 0.003 0.008 0.076 0.891 
 160 L _   0.007 0.011 0.000 0.008 0.003 0.008 0.075 0.888 
 161 L _   0.007 0.015 0.000 0.008 0.003 0.009 0.074 0.884 
 162 D _   0.007 0.021 0.000 0.010 0.003 0.010 0.072 0.877 
 163 D _   0.007 0.028 0.001 0.011 0.004 0.011 0.070 0.869 
 164 N _   0.007 0.037 0.001 0.013 0.005 0.012 0.068 0.858 
 165 M _   0.008 0.047 0.001 0.016 0.006 0.013 0.065 0.844 
 166 Q _   0.009 0.059 0.001 0.019 0.007 0.014 0.063 0.829 
 167 I _   0.009 0.071 0.001 0.023 0.008 0.015 0.061 0.812 
 168 R _   0.010 0.082 0.001 0.027 0.009 0.016 0.059 0.797 
 169 L _   0.010 0.091 0.001 0.030 0.009 0.016 0.057 0.786 
 170 S _   0.010 0.097 0.001 0.032 0.010 0.016 0.056 0.779 
 171 D _   0.010 0.100 0.001 0.032 0.009 0.016 0.055 0.777 
 172 F _   0.010 0.101 0.001 0.031 0.009 0.015 0.055 0.779 
 173 G _   0.010 0.100 0.001 0.029 0.008 0.014 0.054 0.785 
 174 F _   0.009 0.096 0.001 0.025 0.007 0.013 0.054 0.796 
 175 S _   0.009 0.090 0.001 0.020 0.006 0.011 0.054 0.809 
 176 C _   0.008 0.083 0.001 0.016 0.005 0.010 0.054 0.823 
 177 H _   0.007 0.076 0.000 0.012 0.004 0.009 0.054 0.836 
 178 L _   0.007 0.071 0.000 0.010 0.003 0.009 0.054 0.847 
 179 E _   0.006 0.067 0.000 0.008 0.003 0.008 0.054 0.854 
 180 P _   0.006 0.065 0.000 0.007 0.002 0.008 0.053 0.858 
 181 G _   0.006 0.065 0.000 0.007 0.003 0.008 0.053 0.858 
 182 E _   0.006 0.068 0.000 0.007 0.003 0.009 0.052 0.855 
 183 K _   0.007 0.072 0.000 0.009 0.003 0.010 0.050 0.848 
 184 L _   0.007 0.079 0.001 0.010 0.004 0.011 0.049 0.839 
 185 R _   0.007 0.089 0.001 0.013 0.005 0.012 0.047 0.826 
 186 E _   0.008 0.100 0.001 0.015 0.006 0.013 0.045 0.812 
 187 L _   0.008 0.112 0.001 0.017 0.006 0.014 0.043 0.797 
 188 C _   0.009 0.125 0.001 0.019 0.007 0.016 0.042 0.782 
 189 G _   0.009 0.138 0.001 0.021 0.008 0.017 0.040 0.767 
 190 T _   0.010 0.150 0.001 0.023 0.009 0.018 0.038 0.750 
 191 P _   0.011 0.162 0.001 0.026 0.010 0.020 0.037 0.733 
 192 G _   0.012 0.173 0.001 0.029 0.012 0.021 0.035 0.717 
 193 Y _   0.013 0.183 0.001 0.033 0.013 0.021 0.034 0.702 
 194 L _   0.013 0.190 0.001 0.037 0.014 0.022 0.033 0.689 
 195 A _   0.014 0.195 0.001 0.041 0.014 0.022 0.033 0.680 
 196 P _   0.015 0.196 0.001 0.043 0.014 0.021 0.033 0.677 
 197 E _   0.015 0.193 0.001 0.043 0.014 0.021 0.033 0.680 
 198 I _   0.015 0.186 0.001 0.042 0.013 0.019 0.033 0.691 
 199 L _   0.015 0.173 0.001 0.039 0.012 0.018 0.034 0.709 
 200 K _   0.014 0.153 0.001 0.035 0.010 0.016 0.034 0.736 
 201 C _   0.013 0.126 0.001 0.029 0.009 0.014 0.035 0.773 
 202 S _   0.013 0.093 0.001 0.023 0.007 0.012 0.037 0.815 
 203 M _   0.012 0.061 0.001 0.017 0.005 0.010 0.037 0.857 
 204 D _   0.011 0.034 0.001 0.011 0.004 0.008 0.038 0.893 
 205 E _   0.010 0.016 0.000 0.007 0.003 0.007 0.038 0.919 
 206 T _   0.009 0.006 0.000 0.004 0.002 0.005 0.038 0.935 
 207 H _   0.010 0.002 0.000 0.002 0.001 0.004 0.037 0.943 
 208 P _   0.014 0.001 0.000 0.002 0.001 0.004 0.035 0.944 
 209 G _   0.022 0.000 0.000 0.001 0.001 0.004 0.033 0.938 
 210 Y _   0.041 0.000 0.000 0.001 0.002 0.004 0.031 0.922 
 211 G _   0.079 0.000 0.000 0.001 0.002 0.005 0.027 0.885 
 212 K _   0.146 0.000 0.000 0.001 0.003 0.007 0.023 0.820 
 213 E _   0.250 0.000 0.001 0.001 0.005 0.008 0.018 0.718 
 214 V _   0.384 0.000 0.001 0.001 0.006 0.009 0.013 0.585 
 215 D H   0.530 0.000 0.001 0.001 0.008 0.010 0.009 0.441 
 216 L H   0.672 0.000 0.001 0.001 0.010 0.010 0.006 0.301 
 217 W H   0.786 0.000 0.001 0.001 0.011 0.009 0.004 0.189 
 218 A H   0.860 0.000 0.001 0.000 0.012 0.008 0.002 0.116 
 219 C H   0.902 0.000 0.001 0.000 0.013 0.007 0.001 0.075 
 220 G H   0.923 0.000 0.001 0.000 0.013 0.006 0.001 0.055 
 221 V H   0.931 0.000 0.001 0.000 0.014 0.006 0.001 0.047 
 222 I H   0.930 0.000 0.001 0.000 0.015 0.005 0.001 0.048 
 223 L H   0.919 0.000 0.001 0.000 0.015 0.005 0.001 0.058 
 224 F H   0.899 0.000 0.001 0.001 0.016 0.005 0.001 0.078 
 225 T H   0.861 0.000 0.001 0.001 0.015 0.006 0.001 0.114 
 226 L H   0.798 0.000 0.001 0.001 0.015 0.006 0.002 0.177 
 227 L H   0.705 0.000 0.001 0.001 0.013 0.007 0.003 0.270 
 228 A H   0.588 0.000 0.001 0.001 0.010 0.007 0.004 0.389 
 229 G _   0.465 0.000 0.001 0.001 0.007 0.007 0.006 0.514 
 230 S _   0.362 0.000 0.001 0.001 0.005 0.007 0.007 0.619 
 231 P _   0.291 0.000 0.000 0.000 0.003 0.008 0.008 0.689 
 232 P _   0.252 0.000 0.000 0.000 0.003 0.009 0.009 0.727 
 233 F _   0.236 0.000 0.000 0.001 0.003 0.011 0.010 0.739 
 234 W _   0.238 0.000 0.000 0.001 0.004 0.015 0.011 0.730 
 235 H _   0.255 0.000 0.001 0.001 0.007 0.021 0.012 0.704 
 236 R _   0.281 0.000 0.001 0.002 0.012 0.028 0.013 0.663 
 237 R _   0.311 0.001 0.001 0.004 0.021 0.036 0.013 0.612 
 238 Q _   0.341 0.004 0.002 0.006 0.032 0.044 0.015 0.556 
 239 I _   0.365 0.011 0.002 0.011 0.044 0.050 0.016 0.501 
 240 L _   0.380 0.020 0.003 0.017 0.053 0.054 0.018 0.456 
 241 M _   0.385 0.030 0.003 0.023 0.060 0.055 0.020 0.424 
 242 L _   0.379 0.038 0.003 0.029 0.062 0.055 0.023 0.411 
 243 R _   0.365 0.043 0.003 0.033 0.062 0.053 0.027 0.414 
 244 M _   0.339 0.045 0.003 0.036 0.058 0.050 0.031 0.438 
 245 I _   0.304 0.044 0.003 0.036 0.050 0.046 0.037 0.479 
 246 M _   0.261 0.041 0.003 0.034 0.041 0.041 0.043 0.538 
 247 E _   0.214 0.034 0.002 0.029 0.030 0.035 0.050 0.605 
 248 G _   0.169 0.027 0.002 0.023 0.021 0.029 0.057 0.672 
 249 Q _   0.127 0.019 0.001 0.017 0.013 0.024 0.064 0.734 
 250 Y _   0.091 0.012 0.001 0.013 0.008 0.019 0.070 0.786 
 251 Q _   0.063 0.008 0.001 0.009 0.005 0.014 0.074 0.826 
 252 F _   0.042 0.005 0.000 0.007 0.003 0.011 0.078 0.854 
 253 S _   0.027 0.003 0.000 0.005 0.002 0.009 0.081 0.873 
 254 S _   0.017 0.002 0.000 0.004 0.002 0.007 0.082 0.885 
 255 P _   0.011 0.002 0.000 0.003 0.001 0.006 0.083 0.893 
 256 E _   0.008 0.002 0.000 0.003 0.001 0.006 0.084 0.896 
 257 W _   0.007 0.002 0.000 0.003 0.001 0.006 0.083 0.898 
 258 D _   0.006 0.003 0.000 0.003 0.001 0.006 0.083 0.897 
 259 D _   0.006 0.006 0.000 0.004 0.002 0.008 0.081 0.893 
 260 R _   0.007 0.011 0.000 0.006 0.003 0.010 0.079 0.884 
 261 S _   0.008 0.022 0.001 0.010 0.004 0.013 0.077 0.867 
 262 S _   0.009 0.041 0.001 0.015 0.006 0.016 0.073 0.839 
 263 T _   0.010 0.070 0.001 0.022 0.009 0.019 0.069 0.799 
 264 V _   0.012 0.105 0.001 0.030 0.012 0.022 0.065 0.753 
 265 K _   0.013 0.139 0.001 0.039 0.014 0.024 0.061 0.710 
 266 D _   0.013 0.164 0.001 0.046 0.016 0.025 0.057 0.676 
 267 L _   0.014 0.181 0.001 0.051 0.017 0.025 0.055 0.655 
 268 I _   0.014 0.191 0.001 0.053 0.017 0.025 0.054 0.645 
 269 S _   0.015 0.193 0.001 0.052 0.016 0.024 0.053 0.646 
 270 R _   0.015 0.191 0.001 0.048 0.015 0.022 0.052 0.656 
 271 L _   0.014 0.182 0.001 0.041 0.013 0.020 0.052 0.675 
 272 L _   0.014 0.168 0.001 0.034 0.011 0.018 0.053 0.701 
 273 Q _   0.013 0.150 0.001 0.026 0.009 0.016 0.054 0.731 
 274 V _   0.012 0.130 0.001 0.019 0.007 0.015 0.054 0.762 
 275 D _   0.011 0.113 0.001 0.014 0.005 0.013 0.055 0.788 
 276 P _   0.011 0.100 0.001 0.010 0.004 0.012 0.055 0.807 
 277 E _   0.010 0.091 0.000 0.009 0.004 0.012 0.055 0.819 
 278 A _   0.010 0.086 0.000 0.008 0.003 0.011 0.055 0.826 
 279 R _   0.009 0.084 0.000 0.008 0.003 0.011 0.055 0.830 
 280 L _   0.009 0.083 0.000 0.009 0.004 0.011 0.054 0.830 
 281 T _   0.009 0.084 0.000 0.011 0.004 0.011 0.053 0.828 
 282 A _   0.009 0.086 0.001 0.013 0.005 0.012 0.052 0.824 
 283 E _   0.009 0.088 0.001 0.015 0.005 0.012 0.051 0.820 
 284 Q _   0.009 0.090 0.001 0.017 0.006 0.013 0.050 0.815 
 285 A _   0.009 0.092 0.001 0.019 0.006 0.013 0.049 0.811 
 286 L _   0.009 0.093 0.001 0.022 0.007 0.013 0.048 0.809 
 287 Q _   0.009 0.093 0.001 0.023 0.007 0.013 0.047 0.807 
 288 H _   0.009 0.092 0.001 0.025 0.007 0.013 0.046 0.808 
 289 P _   0.009 0.088 0.001 0.026 0.007 0.013 0.046 0.811 
 290 F _   0.009 0.083 0.001 0.025 0.007 0.012 0.046 0.817 
 291 F _   0.009 0.075 0.001 0.024 0.006 0.011 0.046 0.827 
 292 E _   0.009 0.065 0.001 0.021 0.006 0.011 0.046 0.842 
 293 R _   0.009 0.052 0.001 0.018 0.005 0.010 0.047 0.860 
 294 C _   0.009 0.038 0.001 0.014 0.004 0.009 0.047 0.880 
 295 E _   0.008 0.025 0.000 0.010 0.003 0.008 0.047 0.898 
 296 G _   0.008 0.015 0.000 0.007 0.003 0.007 0.047 0.913 
 297 S _   0.008 0.008 0.000 0.005 0.002 0.006 0.046 0.924 
 298 Q _   0.010 0.004 0.000 0.004 0.002 0.006 0.045 0.930 
 299 P _   0.013 0.002 0.000 0.003 0.002 0.006 0.044 0.931 
 300 W _   0.019 0.001 0.000 0.002 0.002 0.006 0.042 0.927 
 301 N _   0.032 0.000 0.000 0.002 0.002 0.007 0.040 0.916 
 302 L _   0.056 0.000 0.000 0.002 0.003 0.009 0.037 0.893 
 303 T _   0.097 0.000 0.001 0.002 0.004 0.011 0.033 0.853 
 304 P _   0.161 0.000 0.001 0.002 0.005 0.013 0.029 0.790 
 305 R _   0.248 0.000 0.001 0.002 0.007 0.015 0.023 0.703 
 306 Q _   0.356 0.000 0.001 0.002 0.010 0.017 0.018 0.596 
 307 R _   0.475 0.000 0.001 0.001 0.012 0.018 0.013 0.479 
 308 F H   0.591 0.000 0.001 0.001 0.015 0.018 0.010 0.364 
 309 R H   0.690 0.000 0.001 0.001 0.018 0.017 0.007 0.266 
 310 V H   0.769 0.000 0.001 0.001 0.019 0.016 0.005 0.189 
 311 A H   0.824 0.000 0.001 0.001 0.020 0.014 0.004 0.135 
 312 V H   0.861 0.000 0.001 0.001 0.020 0.013 0.004 0.101 
 313 W H   0.882 0.000 0.001 0.001 0.020 0.011 0.003 0.082 
 314 T H   0.891 0.000 0.001 0.001 0.020 0.010 0.003 0.074 
 315 V H   0.889 0.000 0.001 0.001 0.019 0.009 0.004 0.076 
 316 L H   0.876 0.000 0.001 0.001 0.019 0.009 0.004 0.089 
 317 A H   0.850 0.000 0.001 0.001 0.019 0.009 0.006 0.114 
 318 A H   0.807 0.000 0.001 0.001 0.019 0.010 0.007 0.154 
 319 G H   0.748 0.000 0.001 0.001 0.017 0.010 0.010 0.212 
 320 R H   0.670 0.000 0.001 0.001 0.015 0.011 0.014 0.286 
 321 V H   0.579 0.000 0.001 0.002 0.013 0.012 0.020 0.373 
 322 A H   0.477 0.000 0.001 0.002 0.011 0.013 0.027 0.469 
 323 L _   0.377 0.000 0.001 0.002 0.010 0.013 0.035 0.560 
 324 S _   0.289 0.000 0.001 0.003 0.009 0.014 0.044 0.640 
 325 T _   0.216 0.000 0.001 0.004 0.008 0.014 0.053 0.705 
 326 H _   0.159 0.000 0.001 0.005 0.007 0.014 0.060 0.754 
 327 R _   0.116 0.000 0.001 0.006 0.006 0.014 0.067 0.789 
 328 V _   0.084 0.001 0.001 0.007 0.006 0.014 0.074 0.814 
 329 R _   0.060 0.001 0.001 0.008 0.006 0.013 0.080 0.832 
 330 P _   0.044 0.001 0.001 0.008 0.005 0.013 0.085 0.843 
 331 L _   0.032 0.001 0.001 0.008 0.005 0.012 0.090 0.851 
 332 T _   0.025 0.001 0.001 0.008 0.004 0.012 0.094 0.855 
 333 K _   0.019 0.002 0.001 0.008 0.004 0.012 0.098 0.856 
 334 N _   0.016 0.002 0.001 0.008 0.004 0.012 0.102 0.856 
 335 A _   0.013 0.002 0.000 0.007 0.004 0.012 0.106 0.855 
 336 L _   0.012 0.002 0.000 0.007 0.004 0.012 0.109 0.852 
 337 L _   0.012 0.003 0.000 0.007 0.004 0.013 0.113 0.848 
 338 R _   0.012 0.004 0.001 0.007 0.004 0.015 0.116 0.841 
 339 D _   0.013 0.005 0.001 0.008 0.005 0.017 0.119 0.833 
 340 P _   0.014 0.006 0.001 0.009 0.006 0.019 0.121 0.823 
 341 Y _   0.016 0.009 0.001 0.011 0.008 0.021 0.124 0.810 
 342 A _   0.019 0.011 0.001 0.013 0.009 0.024 0.128 0.795 
 343 L _   0.022 0.014 0.001 0.015 0.011 0.027 0.131 0.779 
 344 R _   0.025 0.017 0.001 0.017 0.013 0.030 0.135 0.762 
 345 S _   0.028 0.019 0.001 0.018 0.015 0.033 0.139 0.747 
 346 V _   0.031 0.021 0.001 0.018 0.016 0.035 0.144 0.734 
 347 R _   0.034 0.023 0.001 0.018 0.017 0.037 0.149 0.722 
 348 H _   0.037 0.024 0.001 0.017 0.017 0.038 0.155 0.711 
 349 L _   0.041 0.025 0.001 0.016 0.018 0.040 0.161 0.699 
 350 I _   0.045 0.027 0.001 0.015 0.019 0.041 0.167 0.685 
 351 D _   0.048 0.029 0.001 0.016 0.020 0.042 0.174 0.670 
 352 N _   0.052 0.031 0.001 0.017 0.022 0.043 0.181 0.651 
 353 C _   0.056 0.034 0.002 0.020 0.024 0.044 0.190 0.630 
 354 A _   0.058 0.038 0.002 0.024 0.026 0.043 0.200 0.609 
 355 F _   0.058 0.041 0.002 0.029 0.026 0.042 0.211 0.591 
 356 R _   0.055 0.043 0.002 0.032 0.026 0.040 0.225 0.578 
 357 L _   0.051 0.043 0.002 0.035 0.024 0.036 0.240 0.569 
 358 Y _   0.045 0.042 0.002 0.035 0.021 0.032 0.257 0.567 
 359 G _   0.039 0.039 0.002 0.032 0.017 0.028 0.275 0.569 
 360 H _   0.033 0.034 0.001 0.027 0.013 0.023 0.294 0.575 
 361 W _   0.027 0.027 0.001 0.021 0.010 0.019 0.313 0.582 
 362 V _   0.021 0.020 0.001 0.015 0.007 0.015 0.332 0.589 
 363 K _   0.016 0.014 0.001 0.010 0.005 0.012 0.348 0.594 
 364 K _   0.013 0.010 0.000 0.007 0.003 0.010 0.362 0.595 
 365 G _   0.010 0.008 0.000 0.005 0.002 0.008 0.374 0.592 
 366 E _   0.008 0.007 0.000 0.004 0.002 0.008 0.384 0.587 
 367 Q _   0.007 0.007 0.000 0.004 0.002 0.008 0.394 0.578 
 368 Q _   0.007 0.007 0.000 0.006 0.002 0.008 0.402 0.567 
 369 N _   0.007 0.009 0.000 0.008 0.003 0.009 0.410 0.554 
 370 R _   0.007 0.011 0.000 0.012 0.004 0.010 0.418 0.538 
 371 A _   0.007 0.014 0.001 0.017 0.005 0.010 0.426 0.520 
 372 A _   0.007 0.017 0.001 0.021 0.006 0.011 0.434 0.504 
 373 L _   0.007 0.018 0.001 0.024 0.006 0.011 0.445 0.489 
 374 F _   0.006 0.018 0.001 0.025 0.006 0.010 0.456 0.478 
 375 Q _   0.006 0.018 0.001 0.023 0.005 0.010 0.468 0.468 
 376 H X   0.006 0.016 0.001 0.021 0.005 0.009 0.482 0.462 
 377 R X   0.005 0.014 0.001 0.017 0.004 0.008 0.497 0.455 
 378 P X   0.005 0.012 0.000 0.013 0.003 0.007 0.512 0.449 
 379 P X   0.005 0.009 0.000 0.010 0.003 0.006 0.526 0.441 
 380 G X   0.004 0.007 0.000 0.008 0.002 0.005 0.539 0.434 
 381 P X   0.004 0.005 0.000 0.006 0.002 0.005 0.551 0.426 
 382 F X   0.004 0.004 0.000 0.005 0.002 0.004 0.562 0.419 
 383 P X   0.004 0.004 0.000 0.005 0.001 0.004 0.571 0.412 
 384 I X   0.003 0.003 0.000 0.004 0.001 0.004 0.578 0.406 
 385 M X   0.003 0.003 0.000 0.004 0.001 0.003 0.584 0.402 
 386 G X   0.003 0.003 0.000 0.004 0.001 0.003 0.588 0.399 
 387 P X   0.002 0.003 0.000 0.003 0.001 0.003 0.591 0.397 
 388 E X   0.002 0.003 0.000 0.003 0.001 0.003 0.592 0.395 
 389 E X   0.002 0.004 0.000 0.003 0.001 0.003 0.593 0.394 
 390 E X   0.002 0.005 0.000 0.003 0.001 0.004 0.592 0.393 
 391 G X   0.002 0.007 0.000 0.003 0.001 0.005 0.591 0.391 
 392 D X   0.003 0.010 0.000 0.004 0.001 0.006 0.588 0.387 
 393 S X   0.004 0.018 0.000 0.006 0.002 0.008 0.583 0.379 
 394 A X   0.005 0.032 0.001 0.009 0.004 0.011 0.576 0.362 
 395 A X   0.007 0.060 0.001 0.013 0.007 0.015 0.566 0.330 
 396 I X   0.009 0.109 0.001 0.019 0.011 0.018 0.553 0.280 
 397 T X   0.009 0.176 0.002 0.024 0.015 0.019 0.538 0.217 
 398 E X   0.008 0.248 0.002 0.027 0.016 0.018 0.525 0.155 
 399 D X   0.006 0.310 0.002 0.029 0.014 0.015 0.516 0.109 
 400 E X   0.005 0.353 0.001 0.028 0.011 0.011 0.511 0.079 
 401 A X   0.003 0.376 0.001 0.027 0.007 0.008 0.511 0.067 
 402 V X   0.002 0.385 0.000 0.026 0.004 0.005 0.513 0.064 
 403 L X   0.002 0.386 0.000 0.023 0.002 0.003 0.516 0.069 
 404 V X   0.001 0.381 0.000 0.020 0.001 0.002 0.516 0.079 
 405 L X   0.001 0.369 0.000 0.019 0.001 0.002 0.514 0.095 
 406 G X   0.004 0.349 0.002 0.027 0.005 0.005 0.500 0.108 
