#TopoPred_TM8: 8-state transmembrane topology prediction results by no_profile mode 
#probabilities are in the order of H E C I L F X _, the 8 transmembrane topology types used in PDBTM 
   1 M X   0.015 0.001 0.003 0.050 0.011 0.013 0.739 0.169 
   2 L X   0.007 0.000 0.000 0.033 0.003 0.009 0.760 0.188 
   3 W X   0.004 0.000 0.000 0.021 0.001 0.007 0.765 0.201 
   4 L X   0.004 0.000 0.000 0.015 0.001 0.007 0.763 0.210 
   5 A X   0.005 0.000 0.000 0.011 0.002 0.008 0.755 0.219 
   6 L X   0.006 0.000 0.000 0.008 0.002 0.009 0.745 0.230 
   7 G X   0.007 0.000 0.000 0.006 0.002 0.009 0.733 0.242 
   8 P X   0.008 0.000 0.000 0.005 0.002 0.010 0.719 0.255 
   9 F X   0.009 0.000 0.000 0.004 0.003 0.011 0.703 0.269 
  10 P X   0.010 0.001 0.000 0.005 0.003 0.012 0.687 0.282 
  11 A X   0.010 0.001 0.001 0.006 0.004 0.013 0.670 0.295 
  12 M X   0.011 0.002 0.001 0.007 0.006 0.015 0.652 0.306 
  13 E X   0.013 0.003 0.001 0.009 0.007 0.017 0.635 0.315 
  14 N X   0.014 0.005 0.001 0.012 0.009 0.019 0.617 0.322 
  15 Q X   0.015 0.007 0.001 0.016 0.011 0.020 0.601 0.329 
  16 V X   0.016 0.009 0.001 0.019 0.013 0.022 0.585 0.335 
  17 L X   0.017 0.010 0.001 0.022 0.014 0.022 0.571 0.342 
  18 V X   0.017 0.011 0.001 0.024 0.014 0.022 0.559 0.353 
  19 I X   0.017 0.011 0.001 0.023 0.013 0.021 0.548 0.365 
  20 R X   0.016 0.011 0.001 0.021 0.012 0.019 0.538 0.381 
  21 I X   0.015 0.010 0.001 0.018 0.010 0.018 0.529 0.399 
  22 K X   0.014 0.008 0.001 0.014 0.008 0.016 0.521 0.417 
  23 I X   0.012 0.006 0.001 0.011 0.007 0.014 0.514 0.435 
  24 P X   0.011 0.004 0.001 0.008 0.005 0.013 0.508 0.450 
  25 N X   0.010 0.003 0.000 0.006 0.004 0.012 0.501 0.463 
  26 S X   0.010 0.002 0.000 0.005 0.004 0.011 0.494 0.474 
  27 G X   0.009 0.002 0.000 0.005 0.003 0.011 0.488 0.482 
  28 A _   0.009 0.001 0.000 0.005 0.003 0.011 0.481 0.489 
  29 V _   0.009 0.001 0.000 0.005 0.004 0.011 0.474 0.495 
  30 D _   0.010 0.001 0.000 0.005 0.004 0.012 0.467 0.501 
  31 W _   0.010 0.001 0.000 0.006 0.004 0.013 0.460 0.506 
  32 T _   0.011 0.001 0.001 0.006 0.005 0.014 0.452 0.511 
  33 V _   0.012 0.001 0.001 0.006 0.005 0.015 0.445 0.515 
  34 H _   0.013 0.001 0.001 0.007 0.006 0.017 0.437 0.519 
  35 S _   0.015 0.002 0.001 0.007 0.006 0.019 0.430 0.521 
  36 G _   0.018 0.002 0.001 0.007 0.007 0.021 0.422 0.522 
  37 P _   0.021 0.002 0.001 0.007 0.008 0.023 0.415 0.522 
  38 Q _   0.025 0.002 0.001 0.008 0.010 0.026 0.408 0.520 
  39 L _   0.030 0.003 0.001 0.008 0.011 0.028 0.401 0.518 
  40 L _   0.034 0.003 0.001 0.009 0.013 0.030 0.395 0.514 
  41 F _   0.038 0.004 0.001 0.010 0.014 0.032 0.389 0.511 
  42 R _   0.043 0.005 0.001 0.010 0.015 0.034 0.384 0.507 
  43 D _   0.047 0.006 0.001 0.010 0.016 0.035 0.380 0.504 
  44 V _   0.051 0.007 0.001 0.011 0.017 0.036 0.376 0.502 
  45 L _   0.055 0.008 0.001 0.011 0.018 0.036 0.372 0.500 
  46 D _   0.057 0.009 0.001 0.011 0.018 0.036 0.369 0.498 
  47 V _   0.059 0.010 0.001 0.012 0.018 0.036 0.367 0.498 
  48 I _   0.060 0.011 0.001 0.012 0.018 0.036 0.365 0.497 
  49 G _   0.059 0.013 0.001 0.014 0.018 0.035 0.364 0.497 
  50 Q _   0.057 0.015 0.001 0.015 0.018 0.033 0.363 0.498 
  51 V _   0.053 0.016 0.001 0.017 0.017 0.032 0.363 0.501 
  52 L _   0.049 0.017 0.001 0.018 0.016 0.030 0.363 0.506 
  53 P _   0.043 0.017 0.001 0.019 0.014 0.027 0.364 0.513 
  54 E _   0.038 0.017 0.001 0.020 0.013 0.024 0.366 0.521 
  55 A _   0.032 0.017 0.001 0.020 0.011 0.021 0.367 0.531 
  56 T _   0.026 0.016 0.001 0.019 0.009 0.018 0.369 0.542 
  57 T _   0.021 0.014 0.001 0.016 0.007 0.015 0.371 0.554 
  58 T _   0.017 0.012 0.001 0.014 0.005 0.013 0.374 0.565 
  59 A _   0.013 0.010 0.000 0.011 0.004 0.010 0.376 0.576 
  60 F _   0.010 0.007 0.000 0.009 0.003 0.008 0.377 0.585 
  61 E _   0.008 0.005 0.000 0.006 0.002 0.007 0.378 0.593 
  62 Y _   0.006 0.004 0.000 0.005 0.002 0.005 0.378 0.599 
  63 E _   0.005 0.003 0.000 0.004 0.001 0.005 0.378 0.603 
  64 D _   0.004 0.003 0.000 0.003 0.001 0.004 0.377 0.607 
  65 E _   0.004 0.003 0.000 0.003 0.001 0.004 0.376 0.609 
  66 D _   0.004 0.003 0.000 0.003 0.001 0.004 0.373 0.612 
  67 G _   0.003 0.003 0.000 0.004 0.001 0.004 0.370 0.614 
  68 D _   0.003 0.004 0.000 0.004 0.001 0.005 0.366 0.616 
  69 R _   0.004 0.006 0.000 0.005 0.002 0.006 0.361 0.617 
  70 I _   0.004 0.008 0.000 0.006 0.002 0.007 0.355 0.618 
  71 T _   0.004 0.012 0.000 0.008 0.002 0.008 0.348 0.618 
  72 V _   0.004 0.017 0.000 0.009 0.003 0.010 0.340 0.616 
  73 R _   0.005 0.023 0.001 0.011 0.004 0.012 0.331 0.613 
  74 S _   0.006 0.032 0.001 0.014 0.005 0.015 0.321 0.607 
  75 D _   0.007 0.042 0.001 0.016 0.007 0.019 0.312 0.597 
  76 E _   0.008 0.055 0.001 0.019 0.009 0.022 0.301 0.584 
  77 E _   0.010 0.068 0.001 0.023 0.011 0.026 0.291 0.569 
  78 M _   0.013 0.082 0.001 0.026 0.014 0.029 0.282 0.553 
  79 K _   0.015 0.094 0.001 0.029 0.017 0.033 0.273 0.538 
  80 A _   0.018 0.105 0.001 0.032 0.020 0.035 0.265 0.525 
  81 M _   0.021 0.113 0.001 0.034 0.022 0.037 0.258 0.514 
  82 L _   0.023 0.118 0.002 0.036 0.025 0.039 0.252 0.506 
  83 S _   0.026 0.121 0.002 0.036 0.026 0.039 0.247 0.503 
  84 Y _   0.028 0.121 0.002 0.036 0.027 0.039 0.244 0.504 
  85 Y _   0.030 0.119 0.002 0.035 0.026 0.038 0.242 0.509 
  86 Y _   0.031 0.114 0.002 0.033 0.024 0.037 0.240 0.518 
  87 S _   0.032 0.107 0.002 0.031 0.022 0.034 0.240 0.532 
  88 T _   0.032 0.097 0.001 0.027 0.019 0.032 0.240 0.551 
  89 V _   0.031 0.084 0.001 0.023 0.016 0.029 0.241 0.574 
  90 M _   0.030 0.069 0.001 0.018 0.013 0.026 0.243 0.599 
  91 E _   0.028 0.054 0.001 0.014 0.010 0.024 0.244 0.624 
  92 Q _   0.026 0.042 0.001 0.011 0.008 0.022 0.245 0.646 
  93 Q _   0.024 0.032 0.001 0.008 0.007 0.020 0.246 0.662 
  94 V _   0.022 0.027 0.001 0.007 0.006 0.019 0.247 0.672 
  95 N _   0.021 0.024 0.001 0.006 0.005 0.018 0.248 0.677 
  96 G _   0.021 0.023 0.001 0.006 0.005 0.018 0.248 0.678 
  97 Q _   0.021 0.024 0.001 0.008 0.006 0.019 0.248 0.674 
  98 L _   0.021 0.026 0.001 0.011 0.007 0.019 0.248 0.668 
  99 I _   0.020 0.028 0.001 0.014 0.008 0.019 0.249 0.660 
 100 E _   0.020 0.031 0.001 0.018 0.009 0.019 0.250 0.652 
 101 P _   0.019 0.032 0.001 0.022 0.010 0.019 0.251 0.647 
 102 L _   0.018 0.033 0.001 0.024 0.010 0.018 0.252 0.644 
 103 Q _   0.017 0.033 0.001 0.024 0.009 0.016 0.254 0.645 
 104 I _   0.015 0.031 0.001 0.023 0.008 0.015 0.257 0.650 
 105 F _   0.013 0.028 0.001 0.020 0.007 0.013 0.260 0.657 
 106 P _   0.012 0.024 0.001 0.017 0.005 0.011 0.264 0.667 
 107 R _   0.010 0.019 0.001 0.013 0.004 0.009 0.267 0.677 
 108 A _   0.008 0.015 0.000 0.009 0.003 0.008 0.269 0.687 
 109 C _   0.007 0.011 0.000 0.006 0.002 0.006 0.271 0.695 
 110 K _   0.006 0.009 0.000 0.005 0.002 0.005 0.273 0.701 
 111 P _   0.005 0.008 0.000 0.004 0.001 0.005 0.273 0.704 
 112 P _   0.004 0.007 0.000 0.003 0.001 0.005 0.273 0.706 
 113 G _   0.004 0.008 0.000 0.004 0.001 0.005 0.272 0.706 
 114 E _   0.004 0.009 0.000 0.005 0.002 0.005 0.270 0.705 
 115 R _   0.004 0.012 0.000 0.006 0.002 0.006 0.268 0.701 
 116 N _   0.005 0.016 0.000 0.009 0.003 0.007 0.265 0.695 
 117 I _   0.005 0.022 0.000 0.013 0.004 0.008 0.261 0.687 
 118 H _   0.005 0.029 0.001 0.018 0.004 0.009 0.257 0.677 
 119 G _   0.005 0.037 0.001 0.023 0.005 0.010 0.253 0.667 
 120 L _   0.005 0.042 0.001 0.027 0.006 0.011 0.250 0.658 
 121 K _   0.005 0.047 0.001 0.030 0.006 0.011 0.248 0.652 
 122 V _   0.005 0.049 0.001 0.031 0.006 0.011 0.246 0.650 
 123 N _   0.005 0.049 0.001 0.031 0.006 0.011 0.246 0.652 
 124 T _   0.005 0.048 0.001 0.028 0.006 0.010 0.246 0.657 
 125 R _   0.005 0.045 0.001 0.024 0.005 0.009 0.246 0.664 
 126 A _   0.005 0.041 0.001 0.020 0.004 0.008 0.247 0.673 
 127 G _   0.005 0.037 0.000 0.016 0.003 0.008 0.248 0.683 
 128 P _   0.005 0.032 0.000 0.013 0.003 0.007 0.249 0.692 
 129 S _   0.004 0.028 0.000 0.010 0.002 0.006 0.250 0.699 
 130 Q _   0.004 0.024 0.000 0.009 0.002 0.006 0.251 0.704 
 131 H _   0.004 0.022 0.000 0.008 0.002 0.006 0.251 0.707 
 132 S _   0.004 0.020 0.000 0.008 0.002 0.006 0.251 0.709 
 133 S _   0.004 0.019 0.000 0.008 0.002 0.006 0.250 0.709 
 134 P _   0.004 0.019 0.000 0.009 0.002 0.006 0.250 0.710 
 135 A _   0.004 0.018 0.000 0.010 0.002 0.006 0.248 0.710 
 136 V _   0.004 0.018 0.000 0.010 0.002 0.006 0.247 0.711 
 137 S _   0.004 0.018 0.000 0.010 0.002 0.006 0.246 0.713 
 138 D _   0.004 0.017 0.000 0.010 0.002 0.006 0.244 0.716 
 139 S _   0.004 0.016 0.000 0.009 0.002 0.006 0.242 0.720 
 140 L _   0.004 0.016 0.000 0.008 0.002 0.006 0.240 0.725 
 141 P _   0.004 0.016 0.000 0.007 0.002 0.006 0.237 0.729 
 142 S _   0.003 0.016 0.000 0.006 0.002 0.006 0.234 0.733 
 143 N _   0.003 0.017 0.000 0.006 0.002 0.006 0.230 0.736 
 144 S _   0.004 0.019 0.000 0.006 0.002 0.006 0.226 0.738 
 145 L _   0.004 0.022 0.000 0.007 0.002 0.007 0.220 0.737 
 146 K _   0.004 0.028 0.000 0.009 0.003 0.009 0.214 0.732 
 147 K _   0.005 0.038 0.001 0.013 0.004 0.011 0.206 0.723 
 148 S _   0.006 0.054 0.001 0.018 0.005 0.013 0.197 0.707 
 149 S _   0.006 0.073 0.001 0.025 0.007 0.014 0.187 0.686 
 150 A _   0.007 0.094 0.001 0.033 0.009 0.016 0.178 0.663 
 151 E _   0.007 0.113 0.001 0.040 0.010 0.017 0.170 0.642 
 152 L _   0.007 0.127 0.001 0.046 0.011 0.017 0.163 0.628 
 153 K _   0.008 0.135 0.001 0.049 0.011 0.017 0.158 0.621 
 154 K _   0.008 0.138 0.001 0.050 0.011 0.017 0.154 0.622 
 155 I _   0.008 0.138 0.001 0.048 0.010 0.016 0.151 0.629 
 156 L _   0.008 0.133 0.001 0.043 0.009 0.015 0.149 0.641 
 157 A _   0.008 0.124 0.001 0.037 0.008 0.014 0.148 0.659 
 158 N _   0.008 0.110 0.001 0.031 0.007 0.013 0.148 0.682 
 159 G _   0.008 0.093 0.001 0.025 0.006 0.012 0.148 0.708 
 160 Q _   0.008 0.073 0.001 0.019 0.005 0.011 0.148 0.735 
 161 M _   0.008 0.055 0.001 0.015 0.004 0.010 0.148 0.759 
 162 N _   0.008 0.041 0.000 0.011 0.004 0.009 0.148 0.779 
 163 E _   0.007 0.030 0.000 0.009 0.003 0.008 0.148 0.794 
 164 Q _   0.007 0.022 0.000 0.008 0.003 0.008 0.147 0.805 
 165 D _   0.007 0.017 0.000 0.007 0.002 0.007 0.146 0.813 
 166 I _   0.006 0.014 0.000 0.007 0.002 0.007 0.144 0.820 
 167 R _   0.006 0.011 0.000 0.007 0.002 0.007 0.142 0.825 
 168 Y _   0.006 0.009 0.000 0.007 0.002 0.007 0.139 0.830 
 169 R _   0.005 0.008 0.000 0.007 0.002 0.007 0.136 0.834 
 170 D _   0.005 0.007 0.000 0.007 0.002 0.007 0.133 0.838 
 171 T _   0.005 0.007 0.000 0.007 0.002 0.007 0.129 0.842 
 172 L _   0.005 0.007 0.000 0.007 0.003 0.007 0.125 0.845 
 173 G _   0.005 0.007 0.000 0.008 0.003 0.008 0.121 0.848 
 174 H _   0.005 0.007 0.000 0.010 0.003 0.009 0.116 0.849 
 175 G _   0.006 0.008 0.000 0.012 0.004 0.010 0.111 0.849 
 176 N _   0.006 0.009 0.001 0.014 0.005 0.012 0.106 0.847 
 177 G _   0.007 0.010 0.001 0.018 0.006 0.013 0.101 0.845 
 178 G _   0.007 0.011 0.001 0.021 0.007 0.014 0.095 0.844 
 179 T _   0.008 0.012 0.001 0.023 0.008 0.015 0.090 0.844 
 180 V _   0.009 0.012 0.001 0.023 0.008 0.016 0.086 0.846 
 181 Y _   0.009 0.011 0.001 0.022 0.008 0.017 0.081 0.851 
 182 K _   0.011 0.009 0.001 0.019 0.007 0.017 0.077 0.858 
 183 A _   0.013 0.007 0.001 0.016 0.007 0.018 0.074 0.864 
 184 Y _   0.018 0.005 0.001 0.012 0.006 0.019 0.070 0.869 
 185 H _   0.025 0.003 0.001 0.009 0.006 0.020 0.066 0.870 
 186 V _   0.038 0.002 0.001 0.007 0.006 0.022 0.062 0.863 
 187 P _   0.057 0.001 0.001 0.005 0.007 0.025 0.058 0.846 
 188 S _   0.087 0.000 0.001 0.004 0.009 0.029 0.053 0.816 
 189 G _   0.128 0.000 0.001 0.004 0.012 0.034 0.048 0.772 
 190 K _   0.181 0.000 0.001 0.004 0.016 0.039 0.043 0.715 
 191 I _   0.241 0.000 0.001 0.004 0.022 0.044 0.039 0.648 
 192 L _   0.302 0.000 0.002 0.004 0.027 0.049 0.034 0.581 
 193 A _   0.359 0.000 0.002 0.005 0.033 0.052 0.031 0.518 
 194 V _   0.410 0.000 0.002 0.005 0.038 0.053 0.028 0.464 
 195 K H   0.448 0.000 0.002 0.005 0.041 0.053 0.026 0.424 
 196 V H   0.475 0.001 0.002 0.005 0.043 0.052 0.025 0.398 
 197 I H   0.490 0.001 0.002 0.005 0.042 0.050 0.024 0.387 
 198 L H   0.491 0.001 0.002 0.006 0.041 0.047 0.024 0.390 
 199 L H   0.480 0.001 0.002 0.006 0.038 0.044 0.024 0.405 
 200 D H   0.459 0.001 0.002 0.006 0.035 0.042 0.024 0.432 
 201 I _   0.428 0.000 0.002 0.005 0.030 0.039 0.025 0.472 
 202 T _   0.387 0.000 0.002 0.005 0.025 0.036 0.026 0.520 
 203 L _   0.341 0.000 0.001 0.005 0.020 0.033 0.027 0.574 
 204 E _   0.294 0.000 0.001 0.004 0.015 0.030 0.028 0.627 
 205 L _   0.250 0.000 0.001 0.004 0.012 0.027 0.029 0.677 
 206 Q _   0.209 0.000 0.001 0.003 0.010 0.026 0.030 0.721 
 207 K _   0.172 0.000 0.001 0.004 0.009 0.025 0.031 0.759 
 208 Q _   0.142 0.000 0.001 0.004 0.008 0.024 0.031 0.788 
 209 I _   0.119 0.000 0.001 0.006 0.009 0.024 0.032 0.809 
 210 M _   0.100 0.001 0.001 0.008 0.010 0.024 0.033 0.823 
 211 S _   0.085 0.001 0.001 0.011 0.010 0.024 0.033 0.834 
 212 E _   0.072 0.002 0.001 0.014 0.011 0.024 0.034 0.843 
 213 L _   0.059 0.002 0.001 0.015 0.010 0.023 0.035 0.855 
 214 E _   0.049 0.002 0.001 0.015 0.009 0.021 0.035 0.868 
 215 I _   0.041 0.002 0.001 0.013 0.008 0.020 0.035 0.881 
 216 L _   0.034 0.001 0.001 0.009 0.006 0.018 0.036 0.895 
 217 Y _   0.029 0.001 0.001 0.006 0.005 0.017 0.035 0.906 
 218 K _   0.027 0.000 0.000 0.004 0.004 0.016 0.035 0.913 
 219 C _   0.026 0.000 0.000 0.003 0.003 0.017 0.035 0.916 
 220 D _   0.028 0.000 0.000 0.002 0.004 0.019 0.034 0.912 
 221 S _   0.033 0.000 0.000 0.003 0.005 0.023 0.034 0.902 
 222 S _   0.041 0.001 0.001 0.004 0.007 0.028 0.033 0.886 
 223 Y _   0.052 0.002 0.001 0.006 0.012 0.035 0.032 0.860 
 224 I _   0.065 0.006 0.001 0.010 0.018 0.042 0.031 0.827 
 225 I _   0.076 0.013 0.002 0.017 0.025 0.049 0.030 0.789 
 226 G _   0.085 0.020 0.002 0.024 0.032 0.054 0.029 0.755 
 227 F _   0.091 0.026 0.002 0.029 0.037 0.058 0.028 0.730 
 228 Y _   0.093 0.030 0.002 0.032 0.039 0.059 0.027 0.717 
 229 G _   0.094 0.032 0.002 0.031 0.040 0.060 0.027 0.715 
 230 A _   0.092 0.032 0.002 0.028 0.038 0.059 0.026 0.723 
 231 F _   0.088 0.030 0.002 0.023 0.034 0.057 0.026 0.740 
 232 F _   0.082 0.028 0.002 0.018 0.029 0.054 0.026 0.761 
 233 V _   0.076 0.026 0.001 0.014 0.025 0.051 0.027 0.780 
 234 E _   0.070 0.025 0.001 0.012 0.021 0.049 0.027 0.795 
 235 N _   0.065 0.025 0.001 0.012 0.020 0.047 0.027 0.804 
 236 R _   0.060 0.027 0.001 0.014 0.019 0.045 0.027 0.807 
 237 I _   0.056 0.030 0.001 0.017 0.019 0.043 0.027 0.807 
 238 S _   0.052 0.033 0.001 0.022 0.020 0.040 0.027 0.804 
 239 I _   0.046 0.037 0.001 0.028 0.020 0.038 0.027 0.802 
 240 C _   0.041 0.039 0.001 0.033 0.019 0.035 0.028 0.804 
 241 T _   0.036 0.039 0.001 0.035 0.018 0.031 0.028 0.812 
 242 E _   0.030 0.037 0.001 0.033 0.015 0.027 0.029 0.826 
 243 F _   0.025 0.034 0.001 0.029 0.012 0.023 0.030 0.846 
 244 M _   0.020 0.027 0.001 0.023 0.009 0.019 0.031 0.869 
 245 D _   0.017 0.020 0.001 0.017 0.007 0.015 0.032 0.892 
 246 G _   0.014 0.013 0.001 0.011 0.005 0.012 0.032 0.912 
 247 G _   0.011 0.008 0.000 0.008 0.003 0.010 0.033 0.927 
 248 S _   0.010 0.004 0.000 0.005 0.003 0.009 0.033 0.936 
 249 L _   0.010 0.002 0.000 0.004 0.002 0.008 0.033 0.941 
 250 D _   0.011 0.001 0.000 0.003 0.002 0.009 0.032 0.942 
 251 V _   0.013 0.001 0.000 0.003 0.002 0.009 0.032 0.940 
 252 Y _   0.018 0.000 0.000 0.003 0.003 0.011 0.031 0.933 
 253 R _   0.028 0.000 0.000 0.004 0.003 0.013 0.030 0.922 
 254 K _   0.043 0.000 0.001 0.004 0.004 0.016 0.028 0.904 
 255 M _   0.066 0.000 0.001 0.004 0.006 0.021 0.026 0.876 
 256 P _   0.101 0.000 0.001 0.005 0.009 0.026 0.024 0.835 
 257 E _   0.149 0.000 0.001 0.005 0.012 0.031 0.022 0.780 
 258 H _   0.208 0.000 0.001 0.005 0.017 0.036 0.019 0.713 
 259 V _   0.279 0.000 0.002 0.005 0.023 0.042 0.016 0.633 
 260 L _   0.352 0.000 0.002 0.005 0.030 0.046 0.014 0.551 
 261 G _   0.424 0.000 0.002 0.005 0.036 0.049 0.012 0.472 
 262 R H   0.489 0.000 0.002 0.005 0.040 0.050 0.010 0.403 
 263 I H   0.541 0.000 0.002 0.005 0.043 0.049 0.009 0.350 
 264 A H   0.582 0.000 0.002 0.005 0.044 0.048 0.008 0.311 
 265 V H   0.612 0.000 0.002 0.004 0.044 0.046 0.008 0.284 
 266 A H   0.629 0.000 0.002 0.004 0.043 0.044 0.008 0.271 
 267 V H   0.637 0.000 0.002 0.003 0.041 0.042 0.008 0.267 
 268 V H   0.635 0.000 0.002 0.003 0.039 0.040 0.008 0.273 
 269 K H   0.623 0.000 0.002 0.003 0.038 0.039 0.008 0.287 
 270 G H   0.604 0.000 0.002 0.003 0.037 0.038 0.009 0.307 
 271 L H   0.574 0.000 0.002 0.004 0.036 0.037 0.010 0.336 
 272 T H   0.536 0.001 0.002 0.005 0.035 0.037 0.012 0.373 
 273 Y H   0.488 0.001 0.002 0.007 0.034 0.036 0.014 0.418 
 274 L _   0.431 0.001 0.002 0.010 0.032 0.036 0.016 0.471 
 275 W _   0.370 0.002 0.002 0.013 0.030 0.034 0.019 0.530 
 276 S _   0.307 0.002 0.002 0.015 0.026 0.032 0.022 0.594 
 277 L _   0.245 0.003 0.002 0.017 0.022 0.029 0.025 0.658 
 278 K _   0.188 0.003 0.002 0.016 0.017 0.026 0.028 0.721 
 279 I _   0.141 0.002 0.001 0.014 0.013 0.022 0.030 0.776 
 280 L _   0.101 0.002 0.001 0.012 0.009 0.019 0.033 0.824 
 281 H _   0.071 0.001 0.001 0.009 0.006 0.015 0.035 0.861 
 282 R _   0.049 0.001 0.001 0.007 0.004 0.013 0.036 0.889 
 283 D _   0.034 0.001 0.000 0.005 0.003 0.011 0.038 0.909 
 284 V _   0.024 0.000 0.000 0.004 0.003 0.010 0.038 0.921 
 285 K _   0.018 0.000 0.000 0.004 0.002 0.009 0.039 0.928 
 286 P _   0.014 0.000 0.000 0.004 0.002 0.009 0.039 0.931 
 287 S _   0.013 0.001 0.000 0.004 0.003 0.010 0.039 0.931 
 288 N _   0.012 0.001 0.000 0.005 0.003 0.011 0.039 0.928 
 289 M _   0.012 0.002 0.000 0.007 0.004 0.012 0.039 0.923 
 290 L _   0.012 0.002 0.001 0.010 0.005 0.014 0.039 0.918 
 291 V _   0.012 0.003 0.001 0.012 0.006 0.015 0.038 0.913 
 292 N _   0.013 0.004 0.001 0.014 0.006 0.016 0.038 0.908 
 293 T _   0.013 0.005 0.001 0.014 0.007 0.017 0.038 0.906 
 294 R _   0.013 0.005 0.001 0.014 0.007 0.018 0.037 0.904 
 295 G _   0.014 0.005 0.001 0.013 0.007 0.019 0.037 0.904 
 296 Q _   0.015 0.005 0.001 0.012 0.007 0.021 0.036 0.903 
 297 V _   0.017 0.004 0.001 0.010 0.007 0.022 0.036 0.903 
 298 K _   0.019 0.004 0.001 0.009 0.007 0.024 0.035 0.900 
 299 L _   0.023 0.004 0.001 0.008 0.008 0.026 0.035 0.896 
 300 C _   0.027 0.004 0.001 0.008 0.009 0.029 0.034 0.887 
 301 D _   0.033 0.004 0.001 0.009 0.011 0.032 0.034 0.876 
 302 F _   0.040 0.005 0.001 0.010 0.014 0.036 0.033 0.861 
 303 G _   0.048 0.006 0.001 0.012 0.017 0.040 0.032 0.843 
 304 V _   0.056 0.008 0.001 0.014 0.020 0.044 0.032 0.824 
 305 S _   0.064 0.010 0.002 0.016 0.024 0.047 0.032 0.807 
 306 T _   0.071 0.012 0.002 0.018 0.026 0.049 0.031 0.792 
 307 Q _   0.076 0.013 0.002 0.019 0.028 0.050 0.031 0.782 
 308 L _   0.079 0.014 0.002 0.020 0.029 0.050 0.031 0.776 
 309 V _   0.081 0.015 0.002 0.020 0.029 0.049 0.031 0.774 
 310 N _   0.080 0.015 0.002 0.020 0.028 0.047 0.031 0.776 
 311 S _   0.078 0.015 0.002 0.019 0.026 0.045 0.032 0.783 
 312 I _   0.075 0.014 0.002 0.018 0.024 0.042 0.032 0.793 
 313 A _   0.070 0.014 0.001 0.018 0.021 0.039 0.033 0.804 
 314 K _   0.063 0.013 0.001 0.017 0.019 0.036 0.034 0.817 
 315 T _   0.056 0.012 0.001 0.016 0.016 0.033 0.034 0.831 
 316 Y _   0.049 0.011 0.001 0.015 0.014 0.030 0.035 0.846 
 317 V _   0.042 0.010 0.001 0.014 0.012 0.027 0.036 0.859 
 318 G _   0.035 0.009 0.001 0.014 0.010 0.024 0.036 0.870 
 319 T _   0.030 0.008 0.001 0.014 0.009 0.021 0.037 0.880 
 320 N _   0.026 0.007 0.001 0.013 0.008 0.019 0.038 0.889 
 321 A _   0.022 0.006 0.001 0.012 0.007 0.017 0.038 0.897 
 322 Y _   0.018 0.005 0.001 0.011 0.006 0.015 0.039 0.905 
 323 M _   0.015 0.004 0.001 0.010 0.005 0.014 0.039 0.912 
 324 A _   0.013 0.003 0.001 0.009 0.004 0.012 0.039 0.918 
 325 P _   0.011 0.003 0.000 0.008 0.004 0.011 0.039 0.923 
 326 E _   0.011 0.002 0.000 0.007 0.004 0.011 0.039 0.926 
 327 R _   0.010 0.002 0.000 0.007 0.003 0.011 0.039 0.928 
 328 I _   0.011 0.001 0.000 0.006 0.003 0.011 0.039 0.928 
 329 S _   0.013 0.001 0.000 0.006 0.003 0.011 0.038 0.927 
 330 G _   0.016 0.001 0.000 0.006 0.004 0.012 0.038 0.923 
 331 E _   0.023 0.001 0.000 0.006 0.004 0.014 0.037 0.916 
 332 Q _   0.033 0.000 0.001 0.005 0.005 0.015 0.036 0.905 
 333 Y _   0.049 0.000 0.001 0.005 0.006 0.018 0.035 0.887 
 334 G _   0.074 0.000 0.001 0.005 0.007 0.021 0.033 0.860 
 335 I _   0.110 0.000 0.001 0.004 0.009 0.024 0.032 0.820 
 336 H _   0.162 0.000 0.001 0.004 0.012 0.028 0.030 0.764 
 337 S _   0.227 0.000 0.001 0.003 0.016 0.032 0.028 0.692 
 338 D _   0.303 0.000 0.001 0.003 0.021 0.037 0.026 0.608 
 339 V _   0.385 0.000 0.002 0.003 0.028 0.040 0.025 0.517 
 340 W H   0.461 0.000 0.002 0.003 0.035 0.043 0.024 0.433 
 341 S H   0.523 0.000 0.002 0.003 0.042 0.044 0.023 0.361 
 342 L H   0.573 0.000 0.002 0.004 0.047 0.045 0.023 0.305 
 343 G H   0.609 0.001 0.002 0.005 0.052 0.044 0.024 0.264 
 344 I H   0.630 0.001 0.002 0.006 0.054 0.042 0.026 0.239 
 345 S H   0.636 0.002 0.002 0.007 0.055 0.041 0.028 0.229 
 346 F H   0.627 0.002 0.002 0.008 0.054 0.039 0.031 0.236 
 347 M H   0.604 0.002 0.003 0.009 0.051 0.036 0.036 0.259 
 348 E H   0.564 0.002 0.003 0.009 0.047 0.034 0.042 0.299 
 349 L H   0.506 0.002 0.003 0.010 0.040 0.032 0.050 0.357 
 350 A H   0.434 0.002 0.002 0.011 0.032 0.029 0.059 0.432 
 351 L _   0.354 0.001 0.002 0.010 0.024 0.025 0.069 0.514 
 352 G _   0.274 0.001 0.002 0.009 0.017 0.022 0.080 0.595 
 353 R _   0.202 0.001 0.001 0.008 0.011 0.018 0.091 0.668 
 354 F _   0.141 0.001 0.001 0.007 0.007 0.015 0.100 0.728 
 355 P _   0.093 0.000 0.001 0.006 0.005 0.012 0.108 0.775 
 356 Y _   0.059 0.000 0.000 0.005 0.004 0.010 0.115 0.807 
 357 P _   0.036 0.000 0.000 0.004 0.003 0.009 0.120 0.828 
 358 Q _   0.023 0.000 0.000 0.003 0.002 0.008 0.123 0.840 
 359 I _   0.016 0.000 0.000 0.003 0.002 0.008 0.125 0.846 
 360 Q _   0.012 0.001 0.000 0.003 0.002 0.008 0.127 0.848 
 361 K _   0.010 0.001 0.000 0.003 0.002 0.009 0.128 0.846 
 362 N _   0.011 0.003 0.000 0.004 0.003 0.012 0.129 0.839 
 363 Q _   0.012 0.008 0.000 0.006 0.004 0.016 0.129 0.824 
 364 G _   0.015 0.020 0.001 0.011 0.007 0.020 0.128 0.798 
 365 S _   0.019 0.043 0.001 0.018 0.012 0.026 0.127 0.754 
 366 L _   0.022 0.079 0.002 0.030 0.018 0.031 0.126 0.694 
 367 M _   0.023 0.121 0.002 0.044 0.023 0.034 0.124 0.628 
 368 P _   0.024 0.157 0.002 0.057 0.027 0.036 0.123 0.572 
 369 L _   0.025 0.180 0.002 0.069 0.029 0.036 0.124 0.535 
 370 Q _   0.025 0.191 0.002 0.076 0.029 0.035 0.125 0.516 
 371 L _   0.024 0.195 0.002 0.077 0.028 0.033 0.128 0.512 
 372 L _   0.023 0.190 0.002 0.074 0.026 0.030 0.132 0.522 
 373 Q _   0.022 0.177 0.002 0.065 0.022 0.027 0.138 0.547 
 374 C _   0.020 0.152 0.002 0.052 0.018 0.023 0.145 0.588 
 375 I _   0.019 0.115 0.002 0.037 0.013 0.020 0.153 0.641 
 376 V _   0.017 0.074 0.001 0.024 0.009 0.016 0.161 0.697 
 377 D _   0.014 0.040 0.001 0.014 0.006 0.013 0.168 0.743 
 378 E _   0.012 0.018 0.001 0.008 0.004 0.011 0.174 0.773 
 379 D _   0.010 0.008 0.000 0.004 0.002 0.009 0.177 0.789 
 380 S _   0.009 0.004 0.000 0.003 0.002 0.009 0.179 0.795 
 381 P _   0.008 0.002 0.000 0.002 0.002 0.009 0.181 0.796 
 382 V _   0.009 0.002 0.000 0.002 0.002 0.010 0.182 0.793 
 383 L _   0.011 0.002 0.000 0.003 0.002 0.013 0.182 0.787 
 384 P _   0.014 0.003 0.000 0.004 0.003 0.016 0.182 0.777 
 385 V _   0.018 0.006 0.001 0.005 0.005 0.021 0.181 0.763 
 386 G _   0.024 0.011 0.001 0.007 0.007 0.027 0.180 0.743 
 387 E _   0.031 0.019 0.001 0.010 0.011 0.034 0.179 0.717 
 388 F _   0.038 0.032 0.001 0.013 0.017 0.040 0.177 0.683 
 389 S _   0.045 0.051 0.002 0.017 0.024 0.047 0.174 0.641 
 390 E _   0.052 0.075 0.002 0.022 0.032 0.053 0.173 0.593 
 391 P _   0.058 0.105 0.002 0.028 0.039 0.056 0.171 0.541 
 392 F _   0.062 0.136 0.003 0.037 0.043 0.057 0.171 0.491 
 393 V _   0.063 0.163 0.003 0.046 0.045 0.056 0.172 0.451 
 394 H _   0.064 0.183 0.002 0.055 0.044 0.054 0.174 0.424 
 395 F _   0.062 0.193 0.002 0.062 0.041 0.050 0.178 0.412 
 396 I _   0.058 0.196 0.002 0.065 0.037 0.045 0.184 0.413 
 397 T _   0.052 0.192 0.002 0.064 0.032 0.040 0.191 0.428 
 398 Q _   0.045 0.178 0.002 0.057 0.026 0.034 0.200 0.458 
 399 C _   0.038 0.153 0.002 0.047 0.020 0.028 0.210 0.501 
 400 M _   0.032 0.116 0.002 0.035 0.014 0.022 0.222 0.558 
 401 R _   0.026 0.074 0.001 0.023 0.009 0.017 0.234 0.616 
 402 K _   0.019 0.039 0.001 0.013 0.005 0.013 0.244 0.666 
 403 Q _   0.014 0.018 0.000 0.007 0.003 0.009 0.250 0.699 
 404 P _   0.009 0.007 0.000 0.004 0.002 0.006 0.255 0.717 
 405 K _   0.006 0.003 0.000 0.002 0.001 0.005 0.257 0.725 
 406 E _   0.005 0.002 0.000 0.002 0.001 0.004 0.258 0.728 
 407 R _   0.004 0.002 0.000 0.002 0.001 0.005 0.258 0.729 
 408 P _   0.004 0.002 0.000 0.002 0.001 0.006 0.257 0.728 
 409 A _   0.005 0.003 0.000 0.004 0.002 0.008 0.254 0.725 
 410 P _   0.006 0.006 0.000 0.007 0.003 0.011 0.251 0.717 
 411 E _   0.008 0.012 0.001 0.012 0.005 0.014 0.246 0.702 
 412 E _   0.009 0.021 0.001 0.021 0.008 0.018 0.241 0.682 
 413 L _   0.010 0.030 0.001 0.031 0.011 0.022 0.234 0.660 
 414 M _   0.011 0.039 0.001 0.041 0.014 0.025 0.229 0.640 
 415 G _   0.012 0.044 0.001 0.049 0.016 0.027 0.224 0.626 
 416 H _   0.014 0.046 0.001 0.053 0.017 0.028 0.221 0.620 
 417 P _   0.016 0.045 0.001 0.052 0.017 0.028 0.219 0.622 
 418 F _   0.020 0.041 0.001 0.046 0.016 0.028 0.217 0.631 
 419 I _   0.026 0.033 0.001 0.036 0.014 0.027 0.217 0.646 
 420 V _   0.034 0.023 0.001 0.024 0.012 0.026 0.217 0.663 
 421 Q _   0.047 0.012 0.001 0.014 0.010 0.025 0.216 0.675 
 422 F _   0.065 0.004 0.001 0.007 0.008 0.025 0.216 0.675 
 423 N _   0.089 0.001 0.001 0.004 0.006 0.025 0.215 0.660 
 424 D _   0.124 0.000 0.001 0.002 0.007 0.026 0.213 0.627 
 425 G _   0.175 0.000 0.001 0.001 0.008 0.028 0.212 0.575 
 426 N _   0.240 0.000 0.001 0.001 0.011 0.032 0.211 0.503 
 427 A _   0.314 0.000 0.001 0.002 0.017 0.037 0.210 0.419 
 428 A H   0.384 0.000 0.001 0.002 0.026 0.042 0.211 0.333 
 429 V H   0.440 0.001 0.002 0.003 0.036 0.046 0.213 0.259 
 430 V H   0.478 0.002 0.002 0.005 0.045 0.048 0.218 0.201 
 431 S H   0.498 0.004 0.002 0.008 0.053 0.049 0.225 0.161 
 432 M H   0.502 0.007 0.003 0.011 0.058 0.048 0.236 0.134 
 433 W H   0.493 0.010 0.003 0.015 0.060 0.047 0.251 0.121 
 434 V H   0.470 0.012 0.003 0.019 0.060 0.045 0.271 0.120 
 435 C H   0.434 0.013 0.003 0.023 0.058 0.042 0.298 0.130 
 436 R H   0.384 0.013 0.003 0.026 0.052 0.039 0.332 0.151 
 437 A X   0.324 0.011 0.003 0.026 0.043 0.035 0.377 0.181 
 438 L X   0.259 0.009 0.003 0.023 0.031 0.030 0.429 0.216 
 439 E X   0.191 0.006 0.002 0.019 0.021 0.024 0.484 0.252 
 440 E X   0.129 0.004 0.001 0.015 0.013 0.019 0.536 0.283 
 441 R X   0.081 0.002 0.001 0.011 0.007 0.013 0.580 0.305 
 442 R X   0.046 0.001 0.001 0.007 0.004 0.009 0.616 0.316 
 443 S X   0.022 0.001 0.000 0.005 0.002 0.005 0.645 0.321 
 444 Q X   0.007 0.000 0.000 0.002 0.001 0.002 0.666 0.322 
 445 Q X   0.001 0.000 0.000 0.001 0.000 0.001 0.677 0.320 
 446 G X   0.000 0.000 0.000 0.000 0.000 0.000 0.679 0.320 
 447 P X   0.000 0.000 0.000 0.001 0.000 0.000 0.678 0.321 
 448 P X   0.002 0.000 0.001 0.006 0.002 0.002 0.667 0.320 
