#TopoPred_TM8: 8-state transmembrane topology prediction results by no_profile mode 
#probabilities are in the order of H E C I L F X _, the 8 transmembrane topology types used in PDBTM 
   1 M X   0.010 0.001 0.002 0.047 0.008 0.009 0.821 0.103 
   2 S X   0.004 0.000 0.000 0.029 0.002 0.005 0.846 0.114 
   3 F X   0.002 0.000 0.000 0.018 0.001 0.003 0.853 0.123 
   4 G X   0.001 0.000 0.000 0.013 0.001 0.003 0.853 0.129 
   5 R X   0.002 0.000 0.000 0.010 0.001 0.004 0.850 0.133 
   6 D X   0.002 0.000 0.000 0.009 0.001 0.004 0.845 0.139 
   7 M X   0.002 0.000 0.000 0.008 0.001 0.004 0.840 0.145 
   8 E X   0.002 0.001 0.000 0.007 0.001 0.004 0.833 0.152 
   9 L X   0.002 0.001 0.000 0.006 0.001 0.004 0.826 0.160 
  10 E X   0.002 0.001 0.000 0.006 0.001 0.004 0.818 0.168 
  11 H X   0.002 0.001 0.000 0.005 0.001 0.004 0.809 0.178 
  12 F X   0.002 0.001 0.000 0.005 0.001 0.004 0.799 0.188 
  13 D X   0.002 0.002 0.000 0.005 0.001 0.003 0.788 0.199 
  14 E X   0.002 0.002 0.000 0.004 0.001 0.004 0.777 0.210 
  15 R X   0.002 0.002 0.000 0.005 0.001 0.004 0.765 0.221 
  16 D X   0.002 0.003 0.000 0.005 0.001 0.004 0.752 0.231 
  17 K X   0.002 0.004 0.000 0.006 0.002 0.005 0.738 0.242 
  18 A X   0.002 0.006 0.000 0.008 0.002 0.005 0.723 0.253 
  19 Q X   0.003 0.009 0.000 0.010 0.003 0.006 0.706 0.264 
  20 R X   0.003 0.011 0.000 0.012 0.003 0.007 0.689 0.274 
  21 Y X   0.003 0.014 0.000 0.014 0.004 0.007 0.672 0.285 
  22 S X   0.003 0.017 0.001 0.016 0.004 0.007 0.656 0.296 
  23 R X   0.003 0.020 0.001 0.018 0.004 0.008 0.641 0.307 
  24 G X   0.003 0.022 0.001 0.018 0.004 0.008 0.627 0.318 
  25 S X   0.003 0.023 0.001 0.017 0.004 0.008 0.614 0.330 
  26 R X   0.003 0.024 0.000 0.016 0.004 0.007 0.602 0.343 
  27 V X   0.003 0.025 0.000 0.014 0.003 0.007 0.592 0.356 
  28 N X   0.003 0.025 0.000 0.012 0.003 0.007 0.581 0.369 
  29 G X   0.003 0.025 0.000 0.010 0.003 0.006 0.570 0.382 
  30 L X   0.003 0.025 0.000 0.008 0.002 0.006 0.560 0.395 
  31 P X   0.003 0.026 0.000 0.007 0.002 0.006 0.548 0.407 
  32 S X   0.003 0.027 0.000 0.007 0.002 0.007 0.536 0.418 
  33 P X   0.003 0.030 0.000 0.007 0.002 0.008 0.522 0.427 
  34 T X   0.004 0.035 0.000 0.008 0.003 0.009 0.506 0.434 
  35 H X   0.005 0.045 0.001 0.011 0.005 0.012 0.486 0.436 
  36 S X   0.006 0.061 0.001 0.016 0.007 0.014 0.463 0.432 
  37 A X   0.007 0.088 0.001 0.024 0.010 0.017 0.436 0.417 
  38 H X   0.008 0.123 0.002 0.032 0.013 0.020 0.406 0.396 
  39 C X   0.008 0.159 0.002 0.042 0.015 0.021 0.378 0.374 
  40 S _   0.008 0.190 0.002 0.051 0.017 0.022 0.355 0.356 
  41 F _   0.008 0.211 0.002 0.058 0.017 0.022 0.336 0.346 
  42 Y _   0.009 0.223 0.001 0.062 0.017 0.022 0.322 0.343 
  43 R _   0.009 0.228 0.001 0.063 0.017 0.021 0.312 0.348 
  44 T _   0.009 0.227 0.001 0.061 0.016 0.020 0.305 0.360 
  45 R _   0.009 0.220 0.001 0.056 0.014 0.018 0.300 0.380 
  46 T _   0.009 0.206 0.001 0.048 0.013 0.017 0.296 0.409 
  47 L _   0.009 0.182 0.001 0.039 0.011 0.015 0.294 0.448 
  48 Q _   0.009 0.149 0.001 0.030 0.009 0.013 0.293 0.496 
  49 T _   0.009 0.113 0.001 0.021 0.007 0.012 0.292 0.546 
  50 L _   0.008 0.081 0.001 0.015 0.005 0.010 0.291 0.590 
  51 S _   0.007 0.057 0.001 0.010 0.004 0.009 0.289 0.623 
  52 S _   0.006 0.043 0.000 0.008 0.003 0.008 0.286 0.646 
  53 E _   0.006 0.034 0.000 0.006 0.002 0.007 0.283 0.660 
  54 K _   0.005 0.030 0.000 0.006 0.002 0.007 0.279 0.670 
  55 K _   0.005 0.028 0.000 0.007 0.002 0.007 0.274 0.676 
  56 A _   0.005 0.027 0.000 0.008 0.003 0.007 0.269 0.681 
  57 K _   0.005 0.027 0.000 0.009 0.003 0.008 0.264 0.684 
  58 K _   0.006 0.027 0.000 0.011 0.003 0.008 0.258 0.687 
  59 V _   0.006 0.027 0.000 0.012 0.004 0.008 0.251 0.692 
  60 R _   0.005 0.027 0.000 0.012 0.004 0.008 0.245 0.698 
  61 F _   0.005 0.026 0.000 0.012 0.004 0.008 0.239 0.705 
  62 Y _   0.005 0.026 0.000 0.010 0.003 0.008 0.233 0.713 
  63 R _   0.005 0.025 0.000 0.009 0.003 0.009 0.227 0.721 
  64 N _   0.005 0.025 0.000 0.008 0.003 0.009 0.221 0.728 
  65 G _   0.006 0.026 0.000 0.008 0.003 0.010 0.214 0.732 
  66 D _   0.006 0.028 0.000 0.009 0.004 0.012 0.208 0.733 
  67 R _   0.008 0.031 0.001 0.011 0.005 0.014 0.201 0.730 
  68 Y _   0.009 0.037 0.001 0.015 0.007 0.016 0.193 0.723 
  69 F _   0.010 0.044 0.001 0.021 0.009 0.018 0.186 0.711 
  70 K _   0.011 0.052 0.001 0.027 0.011 0.020 0.178 0.699 
  71 G _   0.012 0.059 0.001 0.033 0.012 0.021 0.172 0.691 
  72 I _   0.012 0.063 0.001 0.036 0.013 0.022 0.166 0.687 
  73 V _   0.012 0.064 0.001 0.037 0.013 0.022 0.161 0.690 
  74 Y _   0.012 0.063 0.001 0.034 0.012 0.022 0.157 0.699 
  75 A _   0.012 0.059 0.001 0.028 0.010 0.021 0.154 0.714 
  76 I _   0.012 0.053 0.001 0.021 0.009 0.021 0.151 0.732 
  77 S _   0.013 0.045 0.001 0.015 0.007 0.021 0.148 0.750 
  78 P _   0.013 0.039 0.001 0.010 0.006 0.022 0.145 0.764 
  79 D _   0.015 0.036 0.001 0.007 0.006 0.023 0.142 0.771 
  80 R _   0.018 0.035 0.001 0.006 0.006 0.026 0.139 0.770 
  81 F _   0.022 0.037 0.001 0.007 0.008 0.030 0.135 0.761 
  82 R _   0.027 0.043 0.001 0.010 0.012 0.034 0.131 0.741 
  83 S _   0.033 0.057 0.001 0.016 0.018 0.039 0.126 0.711 
  84 F _   0.037 0.079 0.002 0.025 0.023 0.042 0.121 0.671 
  85 E _   0.039 0.105 0.002 0.036 0.028 0.044 0.117 0.630 
  86 A _   0.040 0.125 0.002 0.046 0.030 0.043 0.113 0.600 
  87 L _   0.040 0.138 0.002 0.053 0.031 0.042 0.110 0.585 
  88 L _   0.039 0.143 0.002 0.057 0.030 0.039 0.108 0.582 
  89 A _   0.037 0.143 0.002 0.056 0.028 0.036 0.107 0.592 
  90 D _   0.034 0.136 0.002 0.051 0.024 0.032 0.107 0.614 
  91 L _   0.031 0.122 0.002 0.044 0.020 0.028 0.107 0.646 
  92 T _   0.027 0.100 0.002 0.034 0.016 0.024 0.109 0.690 
  93 R _   0.023 0.072 0.001 0.024 0.011 0.020 0.110 0.739 
  94 T _   0.019 0.044 0.001 0.015 0.007 0.016 0.111 0.785 
  95 L _   0.015 0.025 0.001 0.009 0.005 0.013 0.112 0.820 
  96 S _   0.012 0.014 0.000 0.006 0.003 0.011 0.112 0.843 
  97 D _   0.010 0.009 0.000 0.004 0.002 0.010 0.111 0.854 
  98 N _   0.009 0.007 0.000 0.003 0.002 0.010 0.110 0.860 
  99 V _   0.009 0.007 0.000 0.003 0.002 0.010 0.108 0.860 
 100 N _   0.011 0.008 0.000 0.004 0.003 0.012 0.106 0.856 
 101 L _   0.012 0.011 0.000 0.007 0.004 0.015 0.103 0.847 
 102 P _   0.015 0.018 0.001 0.011 0.007 0.018 0.100 0.830 
 103 Q _   0.017 0.030 0.001 0.018 0.010 0.021 0.097 0.806 
 104 G _   0.018 0.045 0.001 0.025 0.013 0.024 0.093 0.780 
 105 V _   0.019 0.060 0.001 0.033 0.016 0.026 0.089 0.755 
 106 R _   0.019 0.071 0.001 0.039 0.018 0.027 0.087 0.739 
 107 T _   0.019 0.078 0.001 0.043 0.018 0.027 0.084 0.729 
 108 I _   0.019 0.082 0.001 0.043 0.018 0.026 0.083 0.728 
 109 Y _   0.018 0.082 0.001 0.041 0.016 0.025 0.082 0.735 
 110 T _   0.017 0.080 0.001 0.036 0.014 0.023 0.081 0.747 
 111 I _   0.015 0.075 0.001 0.031 0.012 0.021 0.081 0.764 
 112 D _   0.014 0.069 0.001 0.024 0.009 0.018 0.081 0.783 
 113 G _   0.012 0.061 0.001 0.018 0.007 0.016 0.081 0.803 
 114 L _   0.011 0.054 0.001 0.013 0.006 0.014 0.081 0.820 
 115 K _   0.010 0.048 0.001 0.010 0.004 0.013 0.081 0.833 
 116 K _   0.010 0.044 0.000 0.008 0.004 0.012 0.080 0.842 
 117 I _   0.009 0.043 0.000 0.007 0.004 0.012 0.080 0.846 
 118 S _   0.009 0.043 0.000 0.007 0.004 0.012 0.079 0.846 
 119 S _   0.010 0.045 0.000 0.008 0.004 0.013 0.078 0.842 
 120 L _   0.010 0.049 0.001 0.009 0.005 0.014 0.076 0.835 
 121 D _   0.011 0.054 0.001 0.012 0.006 0.016 0.075 0.825 
 122 Q _   0.012 0.062 0.001 0.014 0.007 0.017 0.073 0.814 
 123 L _   0.013 0.070 0.001 0.017 0.008 0.018 0.072 0.802 
 124 V _   0.014 0.078 0.001 0.019 0.009 0.019 0.071 0.791 
 125 E _   0.014 0.084 0.001 0.020 0.010 0.019 0.069 0.783 
 126 G _   0.014 0.090 0.001 0.020 0.010 0.020 0.068 0.777 
 127 E _   0.015 0.094 0.001 0.020 0.010 0.020 0.068 0.773 
 128 S _   0.015 0.097 0.001 0.020 0.010 0.020 0.067 0.770 
 129 Y _   0.015 0.100 0.001 0.020 0.010 0.020 0.067 0.768 
 130 V _   0.014 0.102 0.001 0.020 0.010 0.020 0.067 0.766 
 131 C _   0.014 0.105 0.001 0.021 0.010 0.020 0.066 0.763 
 132 G _   0.014 0.107 0.001 0.022 0.010 0.020 0.066 0.760 
 133 S _   0.014 0.109 0.001 0.023 0.010 0.019 0.067 0.757 
 134 I _   0.014 0.110 0.001 0.025 0.010 0.019 0.067 0.754 
 135 E _   0.014 0.111 0.001 0.026 0.010 0.018 0.067 0.753 
 136 P _   0.013 0.109 0.001 0.027 0.010 0.017 0.068 0.755 
 137 F _   0.013 0.106 0.001 0.027 0.009 0.016 0.069 0.759 
 138 K _   0.012 0.101 0.001 0.025 0.008 0.015 0.070 0.767 
 139 K _   0.011 0.094 0.001 0.023 0.008 0.014 0.072 0.778 
 140 L _   0.011 0.085 0.001 0.021 0.007 0.012 0.073 0.791 
 141 E _   0.010 0.074 0.001 0.017 0.006 0.011 0.075 0.806 
 142 Y _   0.009 0.063 0.001 0.014 0.005 0.010 0.077 0.822 
 143 T _   0.008 0.052 0.000 0.011 0.004 0.009 0.079 0.837 
 144 K _   0.007 0.044 0.000 0.008 0.003 0.008 0.080 0.849 
 145 N _   0.007 0.039 0.000 0.006 0.002 0.007 0.081 0.857 
 146 V _   0.006 0.036 0.000 0.005 0.002 0.007 0.082 0.862 
 147 N _   0.006 0.034 0.000 0.005 0.002 0.007 0.082 0.864 
 148 P _   0.006 0.035 0.000 0.005 0.002 0.008 0.082 0.863 
 149 N _   0.006 0.038 0.000 0.006 0.002 0.009 0.081 0.857 
 150 W _   0.007 0.044 0.000 0.007 0.003 0.011 0.080 0.847 
 151 S _   0.008 0.054 0.001 0.010 0.004 0.014 0.079 0.832 
 152 V _   0.009 0.071 0.001 0.013 0.006 0.017 0.076 0.808 
 153 N _   0.010 0.095 0.001 0.016 0.008 0.020 0.074 0.777 
 154 V _   0.011 0.127 0.001 0.020 0.010 0.023 0.070 0.738 
 155 K _   0.013 0.164 0.001 0.023 0.013 0.026 0.067 0.693 
 156 T _   0.014 0.205 0.001 0.026 0.015 0.028 0.064 0.646 
 157 T _   0.015 0.246 0.002 0.029 0.018 0.031 0.060 0.600 
 158 S _   0.016 0.285 0.002 0.032 0.020 0.032 0.058 0.554 
 159 A _   0.017 0.322 0.002 0.035 0.023 0.033 0.055 0.513 
 160 S _   0.019 0.355 0.002 0.038 0.024 0.033 0.054 0.476 
 161 R _   0.019 0.382 0.002 0.042 0.025 0.033 0.052 0.446 
 162 A _   0.020 0.400 0.002 0.046 0.025 0.032 0.052 0.425 
 163 V _   0.021 0.411 0.002 0.049 0.024 0.030 0.051 0.412 
 164 S E   0.021 0.414 0.001 0.052 0.023 0.028 0.052 0.409 
 165 S _   0.021 0.410 0.001 0.052 0.021 0.026 0.053 0.415 
 166 L _   0.021 0.398 0.002 0.051 0.019 0.024 0.055 0.431 
 167 A _   0.020 0.372 0.002 0.047 0.017 0.022 0.057 0.462 
 168 T _   0.019 0.330 0.002 0.041 0.015 0.020 0.061 0.512 
 169 A _   0.019 0.270 0.002 0.034 0.013 0.018 0.066 0.579 
 170 K _   0.018 0.199 0.002 0.027 0.011 0.016 0.071 0.657 
 171 G _   0.016 0.132 0.001 0.020 0.008 0.014 0.076 0.733 
 172 S _   0.014 0.081 0.001 0.014 0.006 0.012 0.080 0.793 
 173 P _   0.012 0.048 0.001 0.009 0.004 0.010 0.083 0.834 
 174 S _   0.009 0.029 0.000 0.006 0.003 0.009 0.085 0.859 
 175 E _   0.008 0.020 0.000 0.005 0.002 0.008 0.086 0.872 
 176 V _   0.007 0.015 0.000 0.004 0.002 0.007 0.086 0.880 
 177 R _   0.006 0.013 0.000 0.004 0.002 0.007 0.086 0.882 
 178 E _   0.006 0.013 0.000 0.004 0.002 0.008 0.085 0.883 
 179 N _   0.006 0.014 0.000 0.005 0.002 0.009 0.084 0.880 
 180 K _   0.007 0.016 0.000 0.006 0.003 0.011 0.082 0.875 
 181 D _   0.008 0.021 0.000 0.008 0.004 0.014 0.080 0.865 
 182 F _   0.010 0.028 0.001 0.011 0.006 0.017 0.077 0.850 
 183 I _   0.012 0.039 0.001 0.016 0.008 0.020 0.074 0.830 
 184 R _   0.014 0.052 0.001 0.021 0.011 0.023 0.071 0.807 
 185 P _   0.016 0.066 0.001 0.027 0.013 0.026 0.068 0.783 
 186 K _   0.017 0.078 0.001 0.032 0.016 0.027 0.066 0.762 
 187 L _   0.018 0.087 0.001 0.037 0.017 0.029 0.064 0.747 
 188 V _   0.019 0.093 0.001 0.039 0.018 0.029 0.062 0.738 
 189 T _   0.020 0.095 0.001 0.039 0.018 0.028 0.061 0.737 
 190 I _   0.020 0.095 0.001 0.037 0.017 0.027 0.061 0.742 
 191 I _   0.020 0.091 0.001 0.034 0.015 0.026 0.060 0.753 
 192 R _   0.019 0.085 0.001 0.028 0.013 0.024 0.060 0.769 
 193 S _   0.018 0.077 0.001 0.023 0.011 0.022 0.060 0.788 
 194 G _   0.017 0.067 0.001 0.018 0.009 0.020 0.061 0.806 
 195 V _   0.016 0.059 0.001 0.015 0.008 0.018 0.061 0.823 
 196 K _   0.015 0.052 0.001 0.012 0.007 0.017 0.061 0.835 
 197 P _   0.014 0.047 0.001 0.011 0.006 0.016 0.061 0.844 
 198 R _   0.013 0.044 0.001 0.011 0.006 0.016 0.061 0.849 
 199 K _   0.012 0.042 0.001 0.012 0.006 0.015 0.061 0.852 
 200 A _   0.012 0.040 0.001 0.013 0.006 0.015 0.061 0.853 
 201 V _   0.011 0.038 0.001 0.014 0.006 0.014 0.061 0.855 
 202 R _   0.011 0.037 0.001 0.014 0.006 0.014 0.060 0.858 
 203 I _   0.010 0.034 0.001 0.014 0.005 0.013 0.060 0.862 
 204 L _   0.010 0.031 0.001 0.012 0.005 0.013 0.060 0.868 
 205 L _   0.009 0.028 0.001 0.010 0.004 0.013 0.060 0.875 
 206 N _   0.009 0.025 0.000 0.008 0.004 0.013 0.059 0.881 
 207 K _   0.010 0.023 0.000 0.007 0.004 0.013 0.059 0.884 
 208 K _   0.011 0.022 0.000 0.006 0.004 0.015 0.058 0.884 
 209 T _   0.013 0.022 0.000 0.006 0.005 0.017 0.058 0.879 
 210 A _   0.016 0.024 0.001 0.008 0.006 0.020 0.057 0.869 
 211 H _   0.019 0.029 0.001 0.011 0.009 0.023 0.056 0.853 
 212 S _   0.022 0.036 0.001 0.015 0.012 0.026 0.055 0.832 
 213 F _   0.026 0.045 0.001 0.022 0.015 0.029 0.054 0.807 
 214 E _   0.028 0.055 0.001 0.029 0.018 0.031 0.053 0.785 
 215 Q _   0.030 0.061 0.001 0.034 0.020 0.032 0.053 0.769 
 216 V _   0.031 0.065 0.002 0.037 0.021 0.032 0.053 0.760 
 217 L _   0.030 0.066 0.001 0.037 0.020 0.030 0.053 0.761 
 218 T _   0.029 0.065 0.001 0.034 0.018 0.029 0.054 0.770 
 219 D _   0.028 0.060 0.001 0.029 0.016 0.026 0.055 0.785 
 220 I _   0.026 0.053 0.001 0.024 0.013 0.024 0.056 0.803 
 221 T _   0.025 0.045 0.001 0.018 0.010 0.022 0.057 0.822 
 222 D _   0.023 0.037 0.001 0.013 0.008 0.020 0.058 0.839 
 223 A _   0.021 0.031 0.001 0.010 0.007 0.018 0.059 0.853 
 224 I _   0.020 0.027 0.001 0.008 0.005 0.017 0.060 0.862 
 225 K _   0.019 0.025 0.001 0.007 0.005 0.016 0.061 0.867 
 226 L _   0.018 0.024 0.001 0.007 0.005 0.016 0.062 0.868 
 227 D _   0.017 0.025 0.001 0.007 0.005 0.016 0.062 0.866 
 228 S _   0.017 0.027 0.001 0.009 0.006 0.017 0.063 0.860 
 229 G _   0.017 0.030 0.001 0.011 0.007 0.017 0.063 0.853 
 230 V _   0.018 0.034 0.001 0.014 0.007 0.018 0.063 0.845 
 231 V _   0.017 0.038 0.001 0.015 0.008 0.018 0.064 0.839 
 232 K _   0.017 0.041 0.001 0.016 0.008 0.018 0.064 0.835 
 233 R _   0.016 0.043 0.001 0.016 0.008 0.017 0.065 0.834 
 234 L _   0.015 0.045 0.001 0.015 0.007 0.017 0.065 0.835 
 235 Y _   0.014 0.046 0.001 0.013 0.007 0.016 0.066 0.838 
 236 T _   0.013 0.047 0.001 0.012 0.006 0.016 0.066 0.839 
 237 L _   0.012 0.049 0.001 0.011 0.006 0.016 0.067 0.839 
 238 D _   0.012 0.051 0.001 0.011 0.006 0.016 0.067 0.836 
 239 G _   0.012 0.055 0.001 0.012 0.006 0.016 0.068 0.830 
 240 K _   0.012 0.060 0.001 0.014 0.007 0.016 0.068 0.821 
 241 Q _   0.012 0.066 0.001 0.017 0.008 0.016 0.069 0.810 
 242 V _   0.012 0.073 0.001 0.020 0.009 0.016 0.069 0.800 
 243 M _   0.012 0.077 0.001 0.023 0.009 0.016 0.070 0.792 
 244 C _   0.012 0.080 0.001 0.024 0.009 0.015 0.071 0.788 
 245 L _   0.011 0.081 0.001 0.023 0.008 0.015 0.072 0.789 
 246 Q _   0.010 0.081 0.001 0.020 0.007 0.013 0.074 0.793 
 247 D _   0.009 0.079 0.001 0.017 0.006 0.012 0.076 0.800 
 248 F _   0.009 0.076 0.001 0.014 0.005 0.011 0.077 0.807 
 249 F _   0.008 0.073 0.001 0.011 0.004 0.011 0.079 0.814 
 250 G _   0.008 0.071 0.000 0.009 0.004 0.010 0.080 0.817 
 251 D _   0.008 0.071 0.000 0.009 0.004 0.011 0.082 0.816 
 252 D _   0.008 0.073 0.000 0.009 0.004 0.011 0.083 0.811 
 253 D _   0.009 0.077 0.001 0.011 0.005 0.012 0.084 0.803 
 254 I _   0.009 0.082 0.001 0.014 0.006 0.013 0.085 0.790 
 255 F _   0.010 0.090 0.001 0.018 0.007 0.014 0.086 0.775 
 256 I _   0.010 0.097 0.001 0.023 0.008 0.014 0.088 0.760 
 257 A _   0.010 0.103 0.001 0.026 0.008 0.014 0.089 0.748 
 258 C _   0.010 0.106 0.001 0.028 0.008 0.014 0.091 0.741 
 259 G _   0.009 0.107 0.001 0.029 0.008 0.014 0.094 0.738 
 260 P _   0.009 0.106 0.001 0.027 0.008 0.013 0.097 0.740 
 261 E _   0.008 0.102 0.001 0.024 0.007 0.012 0.100 0.746 
 262 K _   0.008 0.096 0.001 0.020 0.006 0.011 0.104 0.755 
 263 F _   0.007 0.089 0.001 0.016 0.005 0.010 0.108 0.765 
 264 R _   0.007 0.081 0.000 0.013 0.004 0.009 0.112 0.774 
 265 Y _   0.006 0.075 0.000 0.010 0.003 0.008 0.115 0.782 
 266 Q _   0.006 0.071 0.000 0.008 0.003 0.007 0.118 0.787 
 267 D _   0.005 0.069 0.000 0.007 0.002 0.007 0.121 0.789 
 268 D _   0.005 0.068 0.000 0.006 0.002 0.007 0.123 0.788 
 269 F _   0.005 0.069 0.000 0.006 0.002 0.007 0.125 0.785 
 270 L _   0.005 0.072 0.000 0.007 0.002 0.008 0.126 0.778 
 271 L _   0.006 0.078 0.000 0.008 0.003 0.009 0.127 0.768 
 272 D _   0.006 0.087 0.000 0.010 0.004 0.010 0.128 0.754 
 273 E _   0.006 0.099 0.001 0.013 0.005 0.011 0.128 0.737 
 274 S _   0.007 0.114 0.001 0.016 0.005 0.013 0.129 0.716 
 275 E _   0.007 0.131 0.001 0.019 0.006 0.014 0.129 0.693 
 276 C _   0.007 0.149 0.001 0.022 0.007 0.014 0.130 0.670 
 277 R _   0.008 0.165 0.001 0.025 0.008 0.015 0.130 0.648 
 278 V _   0.008 0.178 0.001 0.027 0.009 0.016 0.132 0.630 
 279 V _   0.008 0.188 0.001 0.029 0.009 0.016 0.133 0.615 
 280 K _   0.008 0.194 0.001 0.031 0.009 0.016 0.136 0.605 
 281 S _   0.008 0.198 0.001 0.031 0.009 0.016 0.139 0.598 
 282 T _   0.008 0.198 0.001 0.031 0.009 0.015 0.143 0.594 
 283 S _   0.008 0.196 0.001 0.030 0.009 0.015 0.147 0.594 
 284 Y _   0.008 0.192 0.001 0.029 0.008 0.014 0.152 0.596 
 285 T _   0.008 0.185 0.001 0.027 0.008 0.014 0.158 0.600 
 286 K _   0.008 0.176 0.001 0.025 0.007 0.013 0.165 0.605 
 287 I _   0.008 0.166 0.001 0.023 0.006 0.012 0.172 0.611 
 288 A _   0.008 0.154 0.001 0.022 0.006 0.012 0.180 0.618 
 289 S _   0.008 0.142 0.001 0.020 0.006 0.011 0.188 0.624 
 290 S _   0.008 0.128 0.001 0.019 0.005 0.011 0.197 0.631 
 291 S _   0.008 0.115 0.001 0.018 0.005 0.010 0.206 0.638 
 292 R _   0.008 0.101 0.001 0.017 0.005 0.010 0.215 0.644 
 293 R _   0.008 0.088 0.001 0.016 0.004 0.009 0.225 0.650 
 294 S _   0.007 0.074 0.001 0.015 0.004 0.009 0.234 0.656 
 295 T _   0.007 0.062 0.000 0.014 0.003 0.008 0.243 0.662 
 296 T _   0.007 0.051 0.000 0.012 0.003 0.008 0.252 0.668 
 297 K _   0.006 0.042 0.000 0.010 0.003 0.007 0.259 0.673 
 298 S _   0.005 0.034 0.000 0.009 0.002 0.006 0.265 0.678 
 299 P _   0.005 0.028 0.000 0.007 0.002 0.006 0.270 0.682 
 300 G _   0.004 0.024 0.000 0.006 0.002 0.005 0.274 0.684 
 301 P _   0.004 0.021 0.000 0.005 0.001 0.005 0.277 0.686 
 302 S _   0.004 0.019 0.000 0.005 0.001 0.005 0.279 0.687 
 303 R _   0.003 0.019 0.000 0.005 0.001 0.005 0.281 0.686 
 304 R _   0.003 0.019 0.000 0.005 0.001 0.005 0.281 0.686 
 305 S _   0.003 0.020 0.000 0.006 0.001 0.005 0.280 0.684 
 306 K _   0.003 0.022 0.000 0.007 0.002 0.005 0.279 0.682 
 307 S _   0.003 0.026 0.000 0.008 0.002 0.006 0.277 0.678 
 308 P _   0.003 0.031 0.000 0.010 0.002 0.006 0.274 0.673 
 309 A _   0.003 0.037 0.000 0.013 0.003 0.007 0.271 0.666 
 310 S _   0.003 0.045 0.000 0.015 0.003 0.007 0.267 0.659 
 311 T _   0.003 0.052 0.000 0.018 0.003 0.008 0.264 0.652 
 312 S _   0.003 0.059 0.000 0.020 0.004 0.008 0.261 0.644 
 313 S _   0.003 0.066 0.000 0.022 0.004 0.009 0.258 0.638 
 314 V _   0.003 0.072 0.001 0.024 0.004 0.009 0.256 0.632 
 315 N _   0.003 0.076 0.001 0.026 0.005 0.009 0.254 0.627 
 316 G _   0.004 0.080 0.001 0.027 0.005 0.009 0.253 0.623 
 317 T _   0.004 0.082 0.001 0.028 0.005 0.010 0.252 0.619 
 318 P _   0.004 0.083 0.001 0.029 0.005 0.010 0.252 0.617 
 319 G _   0.005 0.082 0.001 0.029 0.005 0.010 0.254 0.615 
 320 S _   0.005 0.081 0.001 0.028 0.005 0.010 0.256 0.616 
 321 Q _   0.005 0.077 0.001 0.027 0.005 0.010 0.258 0.618 
 322 L _   0.005 0.072 0.001 0.024 0.005 0.009 0.261 0.623 
 323 S _   0.005 0.066 0.001 0.021 0.004 0.009 0.265 0.630 
 324 T _   0.005 0.058 0.000 0.018 0.004 0.008 0.269 0.638 
 325 P _   0.005 0.050 0.000 0.014 0.003 0.007 0.273 0.648 
 326 R _   0.005 0.042 0.000 0.011 0.002 0.007 0.276 0.656 
 327 S _   0.005 0.035 0.000 0.009 0.002 0.006 0.279 0.665 
 328 G _   0.004 0.030 0.000 0.007 0.002 0.005 0.281 0.671 
 329 K _   0.004 0.027 0.000 0.005 0.001 0.005 0.282 0.675 
 330 S _   0.004 0.025 0.000 0.005 0.001 0.005 0.282 0.678 
 331 P _   0.004 0.024 0.000 0.005 0.001 0.005 0.281 0.680 
 332 S _   0.004 0.025 0.000 0.005 0.001 0.005 0.279 0.681 
 333 P _   0.004 0.027 0.000 0.006 0.001 0.005 0.277 0.680 
 334 S _   0.004 0.030 0.000 0.007 0.002 0.006 0.273 0.678 
 335 P _   0.004 0.035 0.000 0.009 0.002 0.007 0.269 0.675 
 336 T _   0.004 0.043 0.000 0.011 0.003 0.008 0.263 0.669 
 337 S _   0.004 0.052 0.000 0.013 0.003 0.008 0.257 0.662 
 338 P _   0.004 0.064 0.000 0.016 0.003 0.009 0.249 0.654 
 339 G _   0.004 0.076 0.001 0.018 0.004 0.009 0.242 0.646 
 340 S _   0.004 0.089 0.001 0.019 0.004 0.009 0.235 0.639 
 341 L _   0.004 0.101 0.001 0.020 0.004 0.009 0.228 0.633 
 342 R _   0.004 0.111 0.001 0.020 0.004 0.009 0.222 0.629 
 343 K _   0.004 0.120 0.000 0.020 0.004 0.009 0.216 0.627 
 344 Q _   0.004 0.128 0.000 0.018 0.004 0.009 0.211 0.626 
 345 R _   0.003 0.134 0.000 0.017 0.003 0.008 0.206 0.627 
 346 S _   0.003 0.140 0.000 0.015 0.003 0.008 0.202 0.627 
 347 S _   0.003 0.146 0.000 0.014 0.003 0.008 0.197 0.628 
 348 Q _   0.003 0.153 0.000 0.013 0.003 0.008 0.192 0.626 
 349 H _   0.004 0.162 0.000 0.013 0.003 0.009 0.187 0.622 
 350 G _   0.004 0.173 0.000 0.013 0.003 0.009 0.181 0.615 
 351 G _   0.004 0.190 0.001 0.015 0.004 0.011 0.175 0.600 
 352 S _   0.005 0.213 0.001 0.019 0.006 0.012 0.167 0.578 
 353 S _   0.005 0.245 0.001 0.024 0.007 0.014 0.159 0.545 
 354 T _   0.006 0.285 0.001 0.031 0.009 0.015 0.150 0.503 
 355 S _   0.006 0.327 0.001 0.039 0.010 0.015 0.142 0.460 
 356 L _   0.006 0.362 0.001 0.047 0.011 0.015 0.136 0.422 
 357 A _   0.006 0.385 0.001 0.053 0.011 0.015 0.132 0.396 
 358 S E   0.006 0.398 0.001 0.058 0.011 0.015 0.129 0.383 
 359 T E   0.006 0.401 0.001 0.059 0.011 0.014 0.128 0.380 
 360 K E   0.006 0.397 0.001 0.057 0.010 0.013 0.128 0.387 
 361 V _   0.006 0.384 0.001 0.053 0.009 0.013 0.129 0.404 
 362 C _   0.007 0.356 0.001 0.047 0.009 0.012 0.132 0.437 
 363 S _   0.007 0.309 0.001 0.039 0.008 0.011 0.136 0.488 
 364 S _   0.008 0.246 0.001 0.031 0.007 0.010 0.142 0.555 
 365 M _   0.008 0.180 0.001 0.022 0.006 0.009 0.148 0.626 
 366 D _   0.008 0.124 0.001 0.014 0.004 0.008 0.154 0.687 
 367 E _   0.006 0.088 0.000 0.009 0.003 0.007 0.158 0.729 
 368 N _   0.005 0.068 0.000 0.006 0.002 0.006 0.160 0.754 
 369 D _   0.004 0.059 0.000 0.004 0.001 0.005 0.160 0.766 
 370 G _   0.004 0.056 0.000 0.003 0.001 0.005 0.159 0.772 
 371 P _   0.004 0.055 0.000 0.003 0.001 0.006 0.157 0.773 
 372 G _   0.004 0.059 0.000 0.005 0.002 0.008 0.154 0.769 
 373 E _   0.005 0.067 0.000 0.007 0.003 0.010 0.148 0.759 
 374 E _   0.006 0.086 0.001 0.012 0.004 0.014 0.141 0.736 
 375 V _   0.008 0.120 0.001 0.018 0.007 0.019 0.131 0.697 
 376 S _   0.009 0.171 0.001 0.026 0.010 0.023 0.119 0.641 
 377 E _   0.010 0.236 0.002 0.034 0.014 0.026 0.106 0.574 
 378 E _   0.011 0.302 0.002 0.040 0.016 0.028 0.094 0.508 
 379 G _   0.011 0.357 0.002 0.045 0.018 0.029 0.084 0.455 
 380 F _   0.011 0.397 0.002 0.047 0.019 0.029 0.076 0.418 
 381 Q E   0.011 0.424 0.001 0.049 0.019 0.029 0.071 0.395 
 382 I E   0.011 0.439 0.001 0.050 0.020 0.029 0.066 0.383 
 383 P E   0.012 0.447 0.001 0.049 0.020 0.028 0.063 0.379 
 384 A E   0.012 0.448 0.001 0.047 0.020 0.028 0.061 0.382 
 385 T E   0.013 0.444 0.001 0.045 0.019 0.027 0.059 0.392 
 386 I E   0.014 0.432 0.001 0.041 0.019 0.025 0.058 0.410 
 387 T _   0.014 0.414 0.001 0.038 0.017 0.024 0.057 0.434 
 388 E _   0.014 0.390 0.001 0.034 0.016 0.023 0.057 0.464 
 389 R _   0.014 0.359 0.001 0.031 0.015 0.022 0.057 0.501 
 390 Y _   0.014 0.322 0.001 0.028 0.013 0.021 0.057 0.543 
 391 K _   0.014 0.283 0.001 0.025 0.012 0.019 0.058 0.588 
 392 V _   0.013 0.245 0.001 0.021 0.010 0.018 0.058 0.633 
 393 G _   0.012 0.210 0.001 0.018 0.008 0.016 0.059 0.675 
 394 R _   0.011 0.180 0.001 0.015 0.007 0.015 0.060 0.712 
 395 T _   0.010 0.156 0.001 0.012 0.006 0.014 0.060 0.741 
 396 I _   0.010 0.140 0.001 0.009 0.005 0.013 0.060 0.763 
 397 G _   0.009 0.129 0.001 0.008 0.004 0.013 0.059 0.777 
 398 D _   0.009 0.124 0.000 0.007 0.004 0.013 0.059 0.784 
 399 G _   0.009 0.122 0.000 0.007 0.004 0.014 0.058 0.785 
 400 N _   0.010 0.123 0.001 0.009 0.005 0.016 0.057 0.781 
 401 F _   0.011 0.127 0.001 0.011 0.006 0.018 0.055 0.771 
 402 A _   0.012 0.134 0.001 0.014 0.008 0.019 0.054 0.757 
 403 V _   0.013 0.143 0.001 0.018 0.009 0.021 0.053 0.741 
 404 V _   0.014 0.152 0.001 0.021 0.011 0.022 0.051 0.727 
 405 K _   0.014 0.160 0.001 0.024 0.012 0.023 0.050 0.715 
 406 E _   0.014 0.165 0.001 0.025 0.012 0.024 0.049 0.709 
 407 C _   0.015 0.168 0.001 0.025 0.012 0.024 0.048 0.707 
 408 V _   0.015 0.168 0.001 0.023 0.012 0.024 0.048 0.709 
 409 E _   0.015 0.167 0.001 0.022 0.012 0.024 0.047 0.712 
 410 R _   0.016 0.165 0.001 0.020 0.011 0.024 0.047 0.715 
 411 S _   0.017 0.163 0.001 0.019 0.011 0.024 0.047 0.718 
 412 T _   0.018 0.161 0.001 0.019 0.012 0.025 0.047 0.719 
 413 A _   0.019 0.160 0.001 0.020 0.012 0.025 0.047 0.716 
 414 R _   0.019 0.160 0.001 0.023 0.013 0.025 0.047 0.713 
 415 E _   0.020 0.159 0.001 0.026 0.013 0.024 0.047 0.710 
 416 Y _   0.020 0.156 0.001 0.029 0.013 0.023 0.048 0.709 
 417 A _   0.020 0.152 0.001 0.030 0.013 0.022 0.049 0.712 
 418 L _   0.019 0.144 0.001 0.031 0.012 0.020 0.050 0.722 
 419 K _   0.018 0.131 0.001 0.029 0.011 0.019 0.051 0.739 
 420 I _   0.017 0.114 0.001 0.025 0.009 0.017 0.053 0.763 
 421 I _   0.016 0.091 0.001 0.021 0.008 0.015 0.055 0.794 
 422 K _   0.014 0.067 0.001 0.016 0.006 0.013 0.056 0.827 
 423 K _   0.012 0.045 0.001 0.011 0.005 0.011 0.058 0.858 
 424 S _   0.010 0.029 0.000 0.007 0.003 0.010 0.059 0.881 
 425 K _   0.009 0.020 0.000 0.005 0.003 0.009 0.060 0.895 
 426 C _   0.008 0.015 0.000 0.004 0.002 0.009 0.060 0.902 
 427 R _   0.008 0.014 0.000 0.004 0.002 0.010 0.059 0.903 
 428 G _   0.008 0.014 0.000 0.004 0.003 0.011 0.059 0.900 
 429 K _   0.010 0.016 0.000 0.006 0.004 0.013 0.058 0.893 
 430 E _   0.011 0.021 0.001 0.009 0.005 0.016 0.057 0.881 
 431 H _   0.013 0.028 0.001 0.014 0.007 0.019 0.056 0.863 
 432 M _   0.014 0.038 0.001 0.020 0.010 0.021 0.054 0.843 
 433 I _   0.015 0.048 0.001 0.027 0.012 0.024 0.052 0.821 
 434 Q _   0.016 0.056 0.001 0.033 0.015 0.026 0.051 0.803 
 435 N _   0.017 0.063 0.001 0.038 0.017 0.027 0.049 0.788 
 436 E _   0.017 0.066 0.001 0.042 0.018 0.027 0.049 0.780 
 437 V _   0.018 0.067 0.001 0.042 0.018 0.027 0.048 0.779 
 438 S _   0.018 0.064 0.001 0.040 0.017 0.026 0.048 0.785 
 439 I _   0.019 0.060 0.001 0.036 0.015 0.025 0.048 0.797 
 440 L _   0.019 0.052 0.001 0.030 0.013 0.023 0.049 0.814 
 441 R _   0.018 0.041 0.001 0.023 0.011 0.022 0.049 0.834 
 442 R _   0.017 0.030 0.001 0.017 0.009 0.020 0.050 0.856 
 443 V _   0.017 0.020 0.001 0.012 0.007 0.019 0.050 0.874 
 444 K _   0.016 0.013 0.001 0.009 0.006 0.018 0.051 0.887 
 445 H _   0.016 0.009 0.001 0.007 0.005 0.017 0.051 0.894 
 446 P _   0.016 0.007 0.001 0.006 0.005 0.018 0.051 0.896 
 447 N _   0.018 0.007 0.001 0.007 0.006 0.018 0.051 0.894 
 448 I _   0.019 0.006 0.001 0.008 0.006 0.019 0.051 0.889 
 449 V _   0.021 0.006 0.001 0.010 0.007 0.020 0.051 0.883 
 450 L _   0.022 0.007 0.001 0.012 0.008 0.021 0.051 0.878 
 451 L _   0.023 0.007 0.001 0.013 0.009 0.022 0.051 0.875 
 452 I _   0.023 0.006 0.001 0.013 0.009 0.023 0.051 0.874 
 453 E _   0.024 0.006 0.001 0.011 0.008 0.023 0.051 0.876 
 454 E _   0.025 0.005 0.001 0.009 0.008 0.023 0.050 0.879 
 455 M _   0.027 0.005 0.001 0.007 0.007 0.024 0.050 0.880 
 456 D _   0.029 0.004 0.001 0.006 0.007 0.025 0.050 0.878 
 457 V _   0.033 0.005 0.001 0.005 0.008 0.027 0.050 0.871 
 458 P _   0.038 0.007 0.001 0.006 0.010 0.031 0.049 0.859 
 459 T _   0.044 0.010 0.001 0.008 0.013 0.034 0.049 0.841 
 460 E _   0.049 0.018 0.001 0.012 0.017 0.038 0.049 0.816 
 461 L _   0.053 0.029 0.002 0.018 0.022 0.041 0.048 0.787 
 462 Y _   0.054 0.043 0.002 0.025 0.025 0.042 0.048 0.760 
 463 L _   0.054 0.056 0.002 0.032 0.027 0.042 0.049 0.738 
 464 V _   0.052 0.065 0.002 0.037 0.027 0.041 0.049 0.727 
 465 M _   0.049 0.070 0.002 0.039 0.026 0.039 0.050 0.726 
 466 E _   0.045 0.072 0.002 0.037 0.023 0.036 0.051 0.734 
 467 L _   0.040 0.071 0.001 0.033 0.020 0.033 0.052 0.749 
 468 V _   0.035 0.068 0.001 0.029 0.016 0.029 0.054 0.768 
 469 K _   0.030 0.063 0.001 0.024 0.013 0.026 0.055 0.787 
 470 G _   0.026 0.057 0.001 0.020 0.011 0.023 0.057 0.805 
 471 G _   0.022 0.052 0.001 0.018 0.009 0.021 0.058 0.819 
 472 D _   0.020 0.047 0.001 0.017 0.008 0.019 0.060 0.829 
 473 L _   0.017 0.043 0.001 0.016 0.007 0.017 0.062 0.836 
 474 F _   0.016 0.039 0.001 0.016 0.006 0.015 0.064 0.843 
 475 D _   0.014 0.035 0.001 0.015 0.006 0.014 0.065 0.850 
 476 A _   0.012 0.031 0.001 0.015 0.005 0.012 0.067 0.858 
 477 I _   0.010 0.027 0.001 0.013 0.004 0.011 0.068 0.866 
 478 T _   0.009 0.022 0.000 0.011 0.004 0.009 0.070 0.875 
 479 S _   0.008 0.018 0.000 0.009 0.003 0.008 0.071 0.883 
 480 T _   0.007 0.015 0.000 0.007 0.002 0.007 0.071 0.890 
 481 N _   0.006 0.012 0.000 0.005 0.002 0.007 0.072 0.895 
 482 K _   0.006 0.011 0.000 0.004 0.002 0.007 0.072 0.898 
 483 Y _   0.005 0.011 0.000 0.004 0.002 0.008 0.072 0.899 
 484 T _   0.006 0.012 0.000 0.004 0.002 0.009 0.071 0.896 
 485 E _   0.007 0.014 0.000 0.005 0.003 0.011 0.070 0.890 
 486 R _   0.008 0.019 0.000 0.007 0.004 0.014 0.069 0.878 
 487 D _   0.011 0.030 0.001 0.010 0.006 0.018 0.067 0.858 
 488 A _   0.013 0.047 0.001 0.015 0.009 0.023 0.065 0.828 
 489 S _   0.016 0.071 0.001 0.020 0.012 0.027 0.062 0.790 
 490 G _   0.019 0.099 0.001 0.026 0.016 0.032 0.059 0.747 
 491 M _   0.022 0.127 0.002 0.033 0.020 0.036 0.056 0.705 
 492 L _   0.024 0.149 0.002 0.038 0.024 0.039 0.054 0.670 
 493 Y _   0.027 0.166 0.002 0.042 0.026 0.041 0.053 0.644 
 494 N _   0.029 0.176 0.002 0.044 0.028 0.042 0.051 0.628 
 495 L _   0.031 0.181 0.002 0.044 0.029 0.042 0.051 0.620 
 496 A _   0.033 0.182 0.002 0.042 0.028 0.041 0.051 0.621 
 497 S _   0.035 0.179 0.002 0.038 0.027 0.040 0.051 0.629 
 498 A _   0.036 0.173 0.002 0.034 0.024 0.038 0.051 0.642 
 499 I _   0.037 0.163 0.002 0.030 0.022 0.036 0.052 0.659 
 500 K _   0.036 0.151 0.001 0.026 0.019 0.033 0.053 0.680 
 501 Y _   0.034 0.138 0.001 0.024 0.017 0.030 0.054 0.701 
 502 L _   0.032 0.124 0.001 0.022 0.015 0.028 0.056 0.721 
 503 H _   0.030 0.111 0.001 0.021 0.013 0.025 0.058 0.741 
 504 S _   0.027 0.097 0.001 0.020 0.011 0.023 0.060 0.761 
 505 L _   0.024 0.083 0.001 0.019 0.010 0.020 0.062 0.782 
 506 N _   0.021 0.070 0.001 0.017 0.008 0.018 0.063 0.802 
 507 I _   0.019 0.057 0.001 0.015 0.007 0.016 0.065 0.821 
 508 V _   0.016 0.045 0.001 0.012 0.005 0.014 0.067 0.839 
 509 H _   0.014 0.035 0.001 0.010 0.004 0.012 0.068 0.855 
 510 R _   0.012 0.027 0.000 0.008 0.004 0.011 0.069 0.869 
 511 D _   0.011 0.022 0.000 0.007 0.003 0.010 0.070 0.878 
 512 I _   0.009 0.018 0.000 0.006 0.003 0.009 0.070 0.883 
 513 K _   0.009 0.017 0.000 0.007 0.003 0.009 0.071 0.885 
 514 P _   0.009 0.016 0.000 0.008 0.003 0.010 0.071 0.884 
 515 E _   0.009 0.017 0.000 0.010 0.004 0.010 0.070 0.880 
 516 N _   0.009 0.018 0.000 0.013 0.004 0.011 0.070 0.874 
 517 L _   0.009 0.018 0.001 0.017 0.005 0.011 0.070 0.869 
 518 L _   0.009 0.019 0.001 0.019 0.005 0.011 0.070 0.866 
 519 V _   0.009 0.018 0.001 0.020 0.005 0.011 0.070 0.867 
 520 Y _   0.008 0.017 0.001 0.018 0.005 0.010 0.070 0.871 
 521 E _   0.007 0.015 0.001 0.015 0.004 0.009 0.070 0.879 
 522 H _   0.006 0.012 0.000 0.012 0.003 0.008 0.070 0.889 
 523 Q _   0.006 0.009 0.000 0.008 0.002 0.007 0.070 0.898 
 524 D _   0.005 0.006 0.000 0.005 0.002 0.006 0.070 0.905 
 525 G _   0.005 0.005 0.000 0.004 0.002 0.006 0.069 0.910 
 526 S _   0.005 0.004 0.000 0.003 0.002 0.007 0.068 0.911 
 527 K _   0.006 0.005 0.000 0.003 0.002 0.009 0.066 0.909 
 528 S _   0.007 0.006 0.000 0.005 0.003 0.012 0.064 0.902 
 529 L _   0.009 0.011 0.000 0.008 0.004 0.016 0.062 0.889 
 530 K _   0.012 0.019 0.001 0.014 0.007 0.021 0.059 0.867 
 531 L _   0.015 0.032 0.001 0.022 0.011 0.027 0.054 0.837 
 532 G _   0.018 0.047 0.001 0.032 0.016 0.032 0.050 0.804 
 533 D _   0.021 0.060 0.002 0.041 0.020 0.037 0.046 0.774 
 534 F _   0.023 0.069 0.002 0.048 0.024 0.040 0.043 0.753 
 535 G _   0.025 0.073 0.002 0.051 0.026 0.042 0.040 0.740 
 536 L _   0.027 0.074 0.002 0.051 0.028 0.044 0.038 0.737 
 537 A _   0.029 0.072 0.002 0.047 0.028 0.044 0.036 0.742 
 538 T _   0.031 0.067 0.002 0.041 0.027 0.044 0.034 0.754 
 539 I _   0.033 0.059 0.002 0.034 0.025 0.043 0.033 0.771 
 540 V _   0.035 0.050 0.002 0.027 0.023 0.041 0.032 0.790 
 541 D _   0.036 0.041 0.001 0.022 0.020 0.040 0.031 0.809 
 542 G _   0.037 0.032 0.001 0.018 0.018 0.038 0.031 0.825 
 543 P _   0.037 0.025 0.001 0.015 0.016 0.037 0.030 0.838 
 544 L _   0.037 0.020 0.001 0.013 0.014 0.035 0.029 0.850 
 545 Y _   0.036 0.016 0.001 0.012 0.013 0.034 0.029 0.859 
 546 T _   0.034 0.013 0.001 0.012 0.012 0.033 0.028 0.868 
 547 V _   0.032 0.010 0.001 0.011 0.012 0.031 0.027 0.875 
 548 C _   0.031 0.008 0.001 0.011 0.011 0.030 0.027 0.882 
 549 G _   0.029 0.007 0.001 0.010 0.010 0.029 0.026 0.887 
 550 T _   0.028 0.006 0.001 0.010 0.010 0.028 0.025 0.892 
 551 P _   0.028 0.005 0.001 0.009 0.010 0.028 0.024 0.895 
 552 T _   0.028 0.004 0.001 0.010 0.010 0.028 0.023 0.896 
 553 Y _   0.029 0.004 0.001 0.010 0.011 0.028 0.022 0.895 
 554 V _   0.031 0.004 0.001 0.011 0.011 0.029 0.021 0.892 
 555 A _   0.033 0.004 0.001 0.012 0.012 0.029 0.020 0.888 
 556 P _   0.037 0.004 0.001 0.014 0.014 0.029 0.019 0.882 
 557 E _   0.041 0.004 0.001 0.016 0.014 0.029 0.018 0.876 
 558 I _   0.047 0.004 0.001 0.016 0.015 0.029 0.017 0.871 
 559 I _   0.054 0.004 0.001 0.016 0.015 0.028 0.016 0.866 
 560 A _   0.063 0.003 0.001 0.014 0.014 0.027 0.015 0.862 
 561 E _   0.074 0.002 0.001 0.012 0.012 0.025 0.014 0.860 
 562 T _   0.088 0.001 0.001 0.009 0.011 0.023 0.013 0.854 
 563 G _   0.107 0.001 0.001 0.006 0.009 0.021 0.012 0.844 
 564 Y _   0.132 0.000 0.001 0.004 0.008 0.019 0.011 0.826 
 565 G _   0.167 0.000 0.001 0.002 0.007 0.017 0.010 0.797 
 566 L _   0.214 0.000 0.001 0.001 0.007 0.016 0.008 0.753 
 567 K _   0.276 0.000 0.001 0.001 0.007 0.015 0.007 0.693 
 568 V _   0.357 0.000 0.001 0.001 0.008 0.014 0.006 0.614 
 569 D _   0.450 0.000 0.001 0.001 0.009 0.014 0.005 0.520 
 570 I H   0.554 0.000 0.001 0.001 0.010 0.013 0.004 0.416 
 571 W H   0.655 0.000 0.001 0.001 0.012 0.013 0.003 0.316 
 572 A H   0.738 0.000 0.001 0.001 0.014 0.012 0.002 0.232 
 573 A H   0.802 0.000 0.001 0.001 0.015 0.011 0.002 0.169 
 574 G H   0.846 0.000 0.001 0.001 0.016 0.010 0.002 0.125 
 575 V H   0.873 0.000 0.001 0.001 0.017 0.009 0.002 0.097 
 576 I H   0.888 0.000 0.001 0.001 0.018 0.008 0.002 0.082 
 577 T H   0.891 0.000 0.001 0.001 0.019 0.008 0.002 0.078 
 578 Y H   0.885 0.000 0.001 0.001 0.020 0.008 0.003 0.082 
 579 I H   0.868 0.000 0.001 0.001 0.021 0.009 0.003 0.096 
 580 L H   0.834 0.000 0.002 0.001 0.023 0.010 0.005 0.125 
 581 L H   0.780 0.000 0.002 0.002 0.024 0.011 0.008 0.173 
 582 C H   0.704 0.000 0.002 0.003 0.023 0.012 0.012 0.244 
 583 G H   0.604 0.000 0.002 0.005 0.021 0.013 0.018 0.337 
 584 F H   0.489 0.000 0.002 0.006 0.017 0.013 0.026 0.448 
 585 P _   0.369 0.000 0.002 0.006 0.013 0.012 0.035 0.564 
 586 P _   0.256 0.000 0.001 0.006 0.009 0.011 0.043 0.674 
 587 F _   0.163 0.000 0.001 0.005 0.006 0.009 0.051 0.766 
 588 R _   0.096 0.000 0.001 0.004 0.004 0.008 0.056 0.832 
 589 G _   0.053 0.000 0.000 0.003 0.002 0.006 0.060 0.875 
 590 S _   0.029 0.000 0.000 0.002 0.002 0.006 0.063 0.898 
 591 G _   0.017 0.000 0.000 0.002 0.001 0.006 0.065 0.908 
 592 D _   0.013 0.001 0.000 0.002 0.002 0.008 0.066 0.909 
 593 D _   0.013 0.003 0.000 0.003 0.002 0.011 0.066 0.900 
 594 Q _   0.015 0.012 0.001 0.007 0.005 0.016 0.067 0.879 
 595 E _   0.019 0.038 0.001 0.014 0.010 0.023 0.066 0.831 
 596 V _   0.022 0.101 0.002 0.026 0.017 0.029 0.064 0.740 
 597 L _   0.022 0.196 0.003 0.041 0.023 0.034 0.062 0.620 
 598 F _   0.020 0.297 0.003 0.056 0.027 0.035 0.060 0.502 
 599 D _   0.018 0.372 0.002 0.068 0.028 0.034 0.059 0.418 
 600 Q E   0.017 0.415 0.002 0.076 0.027 0.033 0.059 0.371 
 601 I E   0.016 0.437 0.002 0.080 0.026 0.031 0.060 0.349 
 602 L E   0.015 0.444 0.002 0.080 0.025 0.029 0.061 0.343 
 603 M E   0.015 0.441 0.002 0.077 0.024 0.027 0.064 0.350 
 604 G E   0.015 0.428 0.002 0.071 0.022 0.025 0.069 0.369 
 605 Q _   0.015 0.401 0.002 0.063 0.020 0.023 0.074 0.403 
 606 V _   0.015 0.354 0.002 0.054 0.018 0.021 0.083 0.453 
 607 D _   0.015 0.288 0.002 0.045 0.016 0.019 0.093 0.522 
 608 F _   0.015 0.212 0.002 0.035 0.013 0.018 0.105 0.601 
 609 P _   0.015 0.139 0.001 0.026 0.010 0.016 0.117 0.677 
 610 S _   0.013 0.080 0.001 0.018 0.007 0.013 0.127 0.740 
 611 P _   0.011 0.042 0.001 0.012 0.005 0.011 0.135 0.784 
 612 Y _   0.010 0.019 0.000 0.007 0.003 0.009 0.140 0.812 
 613 W _   0.009 0.007 0.000 0.004 0.002 0.008 0.143 0.827 
 614 D _   0.010 0.002 0.000 0.003 0.001 0.007 0.145 0.832 
 615 N _   0.013 0.001 0.000 0.002 0.001 0.007 0.145 0.830 
 616 V _   0.021 0.000 0.000 0.001 0.002 0.009 0.145 0.821 
 617 S _   0.039 0.000 0.000 0.001 0.002 0.012 0.144 0.800 
 618 D _   0.074 0.000 0.000 0.002 0.004 0.019 0.143 0.758 
 619 S _   0.131 0.000 0.001 0.002 0.008 0.027 0.140 0.690 
 620 A _   0.205 0.000 0.001 0.003 0.016 0.038 0.138 0.599 
 621 K _   0.283 0.001 0.002 0.004 0.028 0.049 0.136 0.498 
 622 E _   0.351 0.002 0.002 0.006 0.042 0.058 0.135 0.404 
 623 L H   0.402 0.003 0.002 0.010 0.053 0.064 0.135 0.330 
 624 I H   0.436 0.006 0.003 0.013 0.061 0.066 0.138 0.278 
 625 T H   0.453 0.008 0.003 0.017 0.064 0.064 0.142 0.249 
 626 M H   0.456 0.009 0.003 0.019 0.064 0.061 0.148 0.241 
 627 M H   0.445 0.009 0.003 0.019 0.060 0.057 0.157 0.252 
 628 L H   0.420 0.007 0.003 0.017 0.052 0.051 0.167 0.282 
 629 L H   0.381 0.005 0.003 0.013 0.042 0.045 0.180 0.331 
 630 V _   0.331 0.003 0.002 0.009 0.031 0.039 0.194 0.391 
 631 D _   0.276 0.001 0.002 0.006 0.021 0.033 0.208 0.454 
 632 V _   0.223 0.000 0.001 0.003 0.013 0.029 0.221 0.508 
 633 D _   0.178 0.000 0.001 0.003 0.009 0.026 0.235 0.549 
 634 Q _   0.141 0.000 0.001 0.003 0.007 0.024 0.247 0.577 
 635 R _   0.112 0.000 0.001 0.004 0.007 0.023 0.259 0.594 
 636 F _   0.090 0.001 0.001 0.006 0.007 0.024 0.270 0.601 
 637 S _   0.073 0.003 0.001 0.010 0.009 0.024 0.281 0.600 
 638 A _   0.059 0.006 0.001 0.017 0.010 0.024 0.292 0.591 
 639 V _   0.048 0.009 0.001 0.024 0.012 0.023 0.303 0.580 
 640 Q _   0.039 0.011 0.001 0.030 0.012 0.022 0.315 0.570 
 641 V _   0.031 0.013 0.001 0.032 0.012 0.020 0.328 0.562 
 642 L _   0.025 0.013 0.001 0.032 0.011 0.018 0.343 0.557 
 643 E _   0.019 0.013 0.001 0.029 0.009 0.015 0.359 0.555 
 644 H _   0.015 0.011 0.001 0.023 0.007 0.013 0.375 0.556 
 645 P _   0.012 0.008 0.001 0.017 0.005 0.010 0.391 0.557 
 646 W _   0.009 0.006 0.000 0.011 0.003 0.008 0.405 0.558 
 647 V _   0.007 0.004 0.000 0.007 0.002 0.006 0.418 0.557 
 648 N _   0.006 0.003 0.000 0.004 0.001 0.004 0.428 0.554 
 649 D _   0.004 0.002 0.000 0.003 0.001 0.004 0.435 0.551 
 650 D _   0.004 0.002 0.000 0.002 0.001 0.003 0.441 0.547 
 651 G _   0.003 0.002 0.000 0.002 0.001 0.003 0.445 0.544 
 652 L _   0.003 0.002 0.000 0.002 0.001 0.004 0.448 0.539 
 653 P _   0.003 0.004 0.000 0.003 0.001 0.005 0.450 0.534 
 654 E _   0.004 0.008 0.000 0.005 0.002 0.006 0.450 0.525 
 655 N _   0.004 0.015 0.000 0.008 0.003 0.008 0.450 0.512 
 656 E _   0.005 0.029 0.000 0.013 0.004 0.010 0.448 0.491 
 657 H _   0.005 0.047 0.001 0.020 0.005 0.012 0.446 0.464 
 658 Q X   0.005 0.069 0.001 0.028 0.007 0.013 0.443 0.434 
 659 L X   0.005 0.088 0.001 0.036 0.008 0.014 0.441 0.407 
 660 S X   0.005 0.102 0.001 0.044 0.009 0.014 0.440 0.385 
 661 V X   0.005 0.110 0.001 0.049 0.010 0.015 0.441 0.369 
 662 A X   0.005 0.114 0.001 0.052 0.010 0.014 0.444 0.359 
 663 G X   0.005 0.115 0.001 0.052 0.010 0.014 0.449 0.354 
