#TopoPred_TM8: 8-state transmembrane topology prediction results by no_profile mode 
#probabilities are in the order of H E C I L F X _, the 8 transmembrane topology types used in PDBTM 
   1 M X   0.013 0.001 0.002 0.053 0.009 0.009 0.702 0.210 
   2 E X   0.004 0.001 0.000 0.030 0.002 0.004 0.720 0.239 
   3 L X   0.001 0.001 0.000 0.016 0.001 0.003 0.723 0.256 
   4 E X   0.001 0.001 0.000 0.012 0.000 0.003 0.719 0.264 
   5 N X   0.001 0.002 0.000 0.012 0.001 0.004 0.711 0.269 
   6 Y X   0.002 0.003 0.000 0.014 0.002 0.006 0.700 0.273 
   7 K X   0.003 0.006 0.000 0.017 0.002 0.008 0.687 0.277 
   8 Q X   0.004 0.011 0.000 0.022 0.003 0.010 0.670 0.281 
   9 P X   0.004 0.016 0.000 0.027 0.004 0.011 0.653 0.286 
  10 V X   0.004 0.020 0.001 0.031 0.005 0.011 0.635 0.292 
  11 V X   0.004 0.023 0.001 0.033 0.005 0.011 0.620 0.302 
  12 L X   0.004 0.025 0.001 0.033 0.005 0.011 0.607 0.315 
  13 R X   0.004 0.026 0.001 0.029 0.005 0.010 0.597 0.329 
  14 E X   0.004 0.025 0.001 0.024 0.004 0.009 0.588 0.345 
  15 D X   0.004 0.023 0.000 0.019 0.003 0.008 0.581 0.362 
  16 N X   0.003 0.021 0.000 0.014 0.003 0.007 0.574 0.377 
  17 C X   0.003 0.019 0.000 0.010 0.002 0.006 0.567 0.391 
  18 R X   0.003 0.017 0.000 0.008 0.002 0.006 0.561 0.403 
  19 R X   0.003 0.016 0.000 0.006 0.002 0.005 0.553 0.414 
  20 R X   0.003 0.016 0.000 0.005 0.002 0.005 0.544 0.424 
  21 R X   0.003 0.016 0.000 0.005 0.002 0.006 0.535 0.433 
  22 R X   0.003 0.017 0.000 0.006 0.002 0.006 0.524 0.442 
  23 M X   0.003 0.019 0.000 0.007 0.002 0.007 0.511 0.450 
  24 K X   0.003 0.023 0.000 0.008 0.003 0.009 0.497 0.457 
  25 P X   0.004 0.028 0.000 0.010 0.004 0.011 0.481 0.462 
  26 R _   0.005 0.034 0.001 0.012 0.004 0.013 0.465 0.466 
  27 S _   0.005 0.042 0.001 0.015 0.006 0.015 0.447 0.469 
  28 A _   0.006 0.051 0.001 0.017 0.007 0.018 0.429 0.470 
  29 A _   0.008 0.062 0.001 0.019 0.009 0.021 0.412 0.469 
  30 A _   0.010 0.072 0.001 0.021 0.011 0.025 0.394 0.466 
  31 S _   0.012 0.083 0.001 0.023 0.013 0.029 0.377 0.462 
  32 L _   0.016 0.093 0.001 0.025 0.016 0.033 0.362 0.455 
  33 S _   0.020 0.102 0.001 0.026 0.019 0.036 0.347 0.448 
  34 S _   0.025 0.111 0.002 0.028 0.023 0.039 0.333 0.439 
  35 M _   0.030 0.119 0.002 0.030 0.025 0.041 0.322 0.431 
  36 E _   0.035 0.125 0.002 0.032 0.028 0.043 0.312 0.424 
  37 L _   0.039 0.130 0.002 0.034 0.029 0.043 0.303 0.420 
  38 I _   0.042 0.134 0.002 0.036 0.029 0.042 0.296 0.419 
  39 P _   0.044 0.134 0.002 0.038 0.028 0.040 0.291 0.422 
  40 I _   0.046 0.133 0.002 0.039 0.026 0.038 0.287 0.430 
  41 E _   0.045 0.127 0.002 0.038 0.024 0.034 0.284 0.446 
  42 F _   0.042 0.118 0.002 0.036 0.020 0.031 0.282 0.469 
  43 V _   0.039 0.102 0.001 0.031 0.017 0.027 0.282 0.502 
  44 L _   0.033 0.080 0.001 0.026 0.013 0.023 0.281 0.542 
  45 P _   0.028 0.056 0.001 0.019 0.009 0.019 0.281 0.588 
  46 T _   0.022 0.033 0.001 0.013 0.006 0.015 0.280 0.631 
  47 S _   0.017 0.016 0.001 0.007 0.004 0.012 0.278 0.666 
  48 Q _   0.013 0.006 0.000 0.004 0.003 0.009 0.276 0.689 
  49 R _   0.010 0.002 0.000 0.002 0.002 0.008 0.272 0.704 
  50 K _   0.008 0.001 0.000 0.002 0.001 0.008 0.267 0.713 
  51 C _   0.008 0.001 0.000 0.001 0.001 0.008 0.262 0.718 
  52 K _   0.009 0.001 0.000 0.002 0.002 0.011 0.256 0.720 
  53 S _   0.012 0.002 0.000 0.003 0.003 0.015 0.248 0.717 
  54 P _   0.016 0.005 0.001 0.007 0.006 0.020 0.239 0.706 
  55 E _   0.021 0.013 0.001 0.014 0.011 0.027 0.227 0.686 
  56 T _   0.025 0.025 0.001 0.024 0.017 0.032 0.214 0.660 
  57 A _   0.028 0.039 0.002 0.037 0.022 0.037 0.202 0.634 
  58 L _   0.030 0.049 0.002 0.047 0.026 0.039 0.191 0.617 
  59 L _   0.030 0.054 0.002 0.053 0.027 0.040 0.182 0.611 
  60 H _   0.031 0.056 0.002 0.054 0.027 0.040 0.174 0.617 
  61 V _   0.031 0.054 0.002 0.050 0.025 0.038 0.168 0.633 
  62 A _   0.031 0.049 0.002 0.042 0.022 0.036 0.163 0.657 
  63 G _   0.031 0.039 0.002 0.032 0.018 0.033 0.158 0.687 
  64 H _   0.031 0.028 0.001 0.022 0.014 0.031 0.154 0.718 
  65 G _   0.032 0.016 0.001 0.014 0.010 0.029 0.151 0.746 
  66 N _   0.034 0.008 0.001 0.009 0.008 0.028 0.147 0.765 
  67 V _   0.037 0.004 0.001 0.005 0.006 0.028 0.144 0.776 
  68 E _   0.042 0.001 0.001 0.004 0.005 0.028 0.140 0.779 
  69 Q _   0.049 0.001 0.001 0.003 0.006 0.030 0.136 0.774 
  70 M _   0.060 0.000 0.001 0.003 0.007 0.033 0.132 0.763 
  71 K _   0.074 0.000 0.001 0.004 0.009 0.038 0.127 0.747 
  72 A _   0.091 0.001 0.001 0.005 0.013 0.043 0.122 0.724 
  73 Q _   0.109 0.001 0.001 0.007 0.018 0.048 0.118 0.698 
  74 V _   0.127 0.003 0.002 0.009 0.024 0.053 0.113 0.669 
  75 W _   0.143 0.005 0.002 0.012 0.030 0.057 0.109 0.642 
  76 L _   0.156 0.007 0.002 0.016 0.036 0.059 0.105 0.619 
  77 R _   0.165 0.008 0.002 0.018 0.040 0.060 0.102 0.604 
  78 A _   0.170 0.010 0.002 0.020 0.041 0.060 0.100 0.598 
  79 L _   0.170 0.011 0.002 0.020 0.041 0.058 0.098 0.601 
  80 E _   0.166 0.011 0.002 0.020 0.038 0.054 0.097 0.612 
  81 T _   0.157 0.010 0.002 0.019 0.034 0.050 0.096 0.630 
  82 S _   0.146 0.009 0.002 0.018 0.029 0.046 0.096 0.655 
  83 V _   0.133 0.008 0.002 0.016 0.024 0.041 0.096 0.681 
  84 A _   0.118 0.007 0.001 0.013 0.018 0.036 0.096 0.709 
  85 A _   0.102 0.005 0.001 0.011 0.014 0.032 0.097 0.737 
  86 D _   0.086 0.004 0.001 0.009 0.011 0.028 0.097 0.764 
  87 F _   0.072 0.003 0.001 0.007 0.009 0.025 0.097 0.787 
  88 Y _   0.059 0.002 0.001 0.006 0.007 0.022 0.097 0.805 
  89 H _   0.049 0.002 0.001 0.005 0.006 0.021 0.097 0.819 
  90 R _   0.041 0.002 0.001 0.005 0.005 0.019 0.097 0.829 
  91 L _   0.034 0.003 0.001 0.006 0.006 0.019 0.096 0.835 
  92 G _   0.030 0.004 0.001 0.008 0.006 0.019 0.096 0.836 
  93 P _   0.027 0.007 0.001 0.011 0.007 0.019 0.096 0.834 
  94 H _   0.025 0.009 0.001 0.014 0.008 0.019 0.095 0.830 
  95 H _   0.023 0.012 0.001 0.017 0.009 0.018 0.095 0.825 
  96 F _   0.021 0.015 0.001 0.020 0.009 0.018 0.095 0.822 
  97 L _   0.019 0.016 0.001 0.021 0.009 0.017 0.095 0.823 
  98 L _   0.016 0.017 0.001 0.020 0.008 0.016 0.095 0.827 
  99 L _   0.014 0.016 0.001 0.018 0.007 0.014 0.095 0.834 
 100 Y _   0.012 0.015 0.001 0.015 0.006 0.013 0.095 0.843 
 101 Q _   0.011 0.014 0.001 0.012 0.005 0.011 0.095 0.851 
 102 K _   0.010 0.013 0.000 0.009 0.004 0.010 0.095 0.857 
 103 K _   0.009 0.012 0.000 0.008 0.003 0.010 0.096 0.862 
 104 G _   0.009 0.012 0.000 0.007 0.003 0.010 0.096 0.864 
 105 Q _   0.008 0.012 0.000 0.006 0.003 0.010 0.095 0.865 
 106 W _   0.008 0.013 0.000 0.006 0.003 0.010 0.095 0.864 
 107 Y _   0.009 0.015 0.000 0.007 0.003 0.011 0.094 0.860 
 108 E _   0.009 0.019 0.000 0.007 0.004 0.013 0.093 0.855 
 109 I _   0.009 0.024 0.001 0.009 0.004 0.014 0.092 0.847 
 110 Y _   0.011 0.030 0.001 0.010 0.005 0.017 0.091 0.836 
 111 D _   0.012 0.040 0.001 0.012 0.007 0.019 0.089 0.820 
 112 K _   0.014 0.053 0.001 0.014 0.009 0.023 0.088 0.798 
 113 Y _   0.017 0.071 0.001 0.018 0.012 0.026 0.086 0.770 
 114 Q _   0.019 0.094 0.001 0.022 0.015 0.030 0.083 0.735 
 115 V _   0.021 0.119 0.002 0.028 0.019 0.033 0.081 0.697 
 116 V _   0.022 0.146 0.002 0.035 0.022 0.035 0.080 0.659 
 117 Q _   0.024 0.169 0.002 0.041 0.024 0.036 0.078 0.625 
 118 T _   0.025 0.187 0.002 0.048 0.026 0.036 0.077 0.599 
 119 L _   0.025 0.198 0.002 0.053 0.026 0.036 0.077 0.584 
 120 D _   0.025 0.202 0.002 0.055 0.026 0.034 0.078 0.579 
 121 C _   0.025 0.201 0.002 0.054 0.024 0.032 0.079 0.583 
 122 L _   0.024 0.194 0.002 0.051 0.022 0.030 0.080 0.598 
 123 R _   0.023 0.179 0.002 0.045 0.019 0.027 0.083 0.623 
 124 Y _   0.021 0.157 0.002 0.037 0.015 0.024 0.086 0.659 
 125 W _   0.020 0.128 0.001 0.028 0.012 0.021 0.089 0.701 
 126 K _   0.018 0.096 0.001 0.020 0.009 0.018 0.093 0.744 
 127 A _   0.017 0.068 0.001 0.014 0.007 0.016 0.096 0.783 
 128 T _   0.014 0.048 0.001 0.009 0.005 0.014 0.098 0.811 
 129 H _   0.013 0.037 0.000 0.007 0.004 0.012 0.100 0.827 
 130 R _   0.012 0.031 0.000 0.006 0.003 0.012 0.101 0.835 
 131 S _   0.011 0.028 0.000 0.007 0.003 0.012 0.102 0.837 
 132 P _   0.011 0.028 0.000 0.008 0.004 0.012 0.103 0.834 
 133 G _   0.011 0.028 0.001 0.011 0.005 0.012 0.103 0.828 
 134 Q _   0.012 0.030 0.001 0.015 0.006 0.013 0.104 0.820 
 135 I _   0.012 0.031 0.001 0.019 0.006 0.013 0.105 0.814 
 136 H _   0.011 0.031 0.001 0.021 0.006 0.013 0.105 0.811 
 137 L _   0.011 0.030 0.001 0.022 0.006 0.012 0.106 0.812 
 138 V _   0.010 0.028 0.001 0.020 0.006 0.011 0.107 0.818 
 139 Q _   0.008 0.024 0.001 0.016 0.005 0.010 0.109 0.828 
 140 R _   0.007 0.019 0.000 0.012 0.004 0.009 0.110 0.839 
 141 H _   0.006 0.015 0.000 0.008 0.003 0.008 0.110 0.849 
 142 P _   0.006 0.011 0.000 0.006 0.002 0.007 0.110 0.857 
 143 P _   0.005 0.009 0.000 0.004 0.002 0.008 0.110 0.862 
 144 S _   0.006 0.009 0.000 0.003 0.002 0.009 0.110 0.862 
 145 E _   0.007 0.010 0.000 0.003 0.002 0.011 0.108 0.859 
 146 E _   0.009 0.012 0.000 0.004 0.003 0.014 0.106 0.850 
 147 S _   0.013 0.020 0.001 0.007 0.005 0.019 0.104 0.831 
 148 Q _   0.018 0.038 0.001 0.012 0.009 0.026 0.100 0.797 
 149 A _   0.023 0.073 0.002 0.019 0.016 0.034 0.094 0.740 
 150 F _   0.028 0.130 0.002 0.027 0.023 0.041 0.087 0.662 
 151 Q _   0.031 0.199 0.003 0.037 0.031 0.045 0.080 0.575 
 152 R _   0.033 0.267 0.003 0.045 0.037 0.048 0.074 0.494 
 153 Q _   0.034 0.321 0.003 0.052 0.040 0.048 0.070 0.432 
 154 L _   0.035 0.359 0.002 0.057 0.041 0.047 0.067 0.392 
 155 T E   0.036 0.382 0.002 0.061 0.041 0.046 0.065 0.368 
 156 A E   0.036 0.394 0.002 0.064 0.039 0.043 0.064 0.358 
 157 L E   0.036 0.397 0.002 0.064 0.036 0.040 0.064 0.361 
 158 I E   0.035 0.392 0.002 0.062 0.033 0.037 0.065 0.374 
 159 G _   0.033 0.377 0.002 0.057 0.029 0.033 0.067 0.402 
 160 Y _   0.031 0.350 0.002 0.051 0.024 0.029 0.069 0.443 
 161 D _   0.029 0.307 0.002 0.044 0.020 0.026 0.073 0.500 
 162 V _   0.026 0.247 0.002 0.035 0.016 0.022 0.077 0.574 
 163 T _   0.023 0.181 0.002 0.026 0.012 0.019 0.081 0.655 
 164 D _   0.020 0.124 0.001 0.018 0.008 0.016 0.085 0.728 
 165 V _   0.015 0.083 0.001 0.012 0.005 0.013 0.088 0.783 
 166 S _   0.012 0.059 0.000 0.008 0.003 0.011 0.090 0.818 
 167 N _   0.009 0.047 0.000 0.005 0.002 0.009 0.091 0.837 
 168 V _   0.007 0.042 0.000 0.004 0.002 0.008 0.091 0.846 
 169 H _   0.006 0.041 0.000 0.004 0.002 0.008 0.090 0.849 
 170 D _   0.006 0.042 0.000 0.005 0.002 0.009 0.089 0.847 
 171 D _   0.006 0.047 0.000 0.007 0.003 0.010 0.087 0.840 
 172 E _   0.007 0.056 0.000 0.010 0.004 0.011 0.085 0.826 
 173 L _   0.008 0.071 0.001 0.015 0.005 0.013 0.082 0.806 
 174 E _   0.008 0.089 0.001 0.020 0.007 0.015 0.079 0.782 
 175 F _   0.008 0.108 0.001 0.024 0.008 0.016 0.076 0.759 
 176 T _   0.008 0.125 0.001 0.028 0.009 0.016 0.073 0.740 
 177 R _   0.008 0.139 0.001 0.032 0.010 0.017 0.070 0.724 
 178 R _   0.008 0.150 0.001 0.034 0.010 0.017 0.068 0.712 
 179 G _   0.008 0.157 0.001 0.035 0.010 0.017 0.067 0.704 
 180 L _   0.008 0.162 0.001 0.036 0.011 0.017 0.066 0.699 
 181 V _   0.009 0.164 0.001 0.037 0.011 0.017 0.065 0.697 
 182 T _   0.009 0.163 0.001 0.037 0.011 0.017 0.065 0.698 
 183 P _   0.009 0.159 0.001 0.036 0.010 0.016 0.066 0.703 
 184 R _   0.010 0.152 0.001 0.034 0.010 0.015 0.067 0.713 
 185 M _   0.010 0.140 0.001 0.030 0.009 0.014 0.068 0.727 
 186 A _   0.010 0.125 0.001 0.026 0.008 0.013 0.069 0.748 
 187 E _   0.009 0.105 0.001 0.021 0.007 0.012 0.071 0.773 
 188 V _   0.009 0.084 0.001 0.016 0.006 0.012 0.073 0.800 
 189 A _   0.009 0.065 0.001 0.012 0.005 0.011 0.075 0.824 
 190 S _   0.008 0.050 0.001 0.009 0.004 0.010 0.076 0.842 
 191 R _   0.008 0.040 0.000 0.007 0.003 0.010 0.077 0.853 
 192 D _   0.008 0.035 0.000 0.007 0.003 0.010 0.078 0.859 
 193 P _   0.009 0.032 0.000 0.007 0.003 0.011 0.078 0.859 
 194 K _   0.009 0.031 0.000 0.009 0.004 0.012 0.079 0.856 
 195 L _   0.010 0.031 0.001 0.011 0.005 0.013 0.079 0.850 
 196 Y _   0.011 0.032 0.001 0.015 0.006 0.014 0.079 0.842 
 197 A _   0.012 0.032 0.001 0.018 0.007 0.015 0.080 0.835 
 198 M _   0.012 0.032 0.001 0.020 0.008 0.016 0.080 0.832 
 199 H _   0.012 0.031 0.001 0.021 0.008 0.015 0.081 0.832 
 200 P _   0.011 0.028 0.001 0.020 0.008 0.015 0.082 0.835 
 201 W _   0.011 0.025 0.001 0.017 0.007 0.014 0.083 0.842 
 202 V _   0.010 0.020 0.001 0.015 0.006 0.014 0.085 0.849 
 203 T _   0.010 0.016 0.001 0.012 0.005 0.013 0.086 0.857 
 204 S _   0.010 0.012 0.001 0.009 0.005 0.013 0.087 0.863 
 205 K _   0.010 0.009 0.001 0.008 0.004 0.013 0.088 0.867 
 206 P _   0.010 0.007 0.000 0.007 0.004 0.014 0.089 0.868 
 207 L _   0.011 0.006 0.000 0.007 0.004 0.015 0.090 0.866 
 208 P _   0.012 0.006 0.001 0.008 0.005 0.016 0.090 0.863 
 209 E _   0.013 0.005 0.001 0.008 0.005 0.018 0.091 0.859 
 210 Y _   0.015 0.005 0.001 0.009 0.006 0.020 0.091 0.853 
 211 L _   0.019 0.005 0.001 0.008 0.006 0.022 0.091 0.847 
 212 W _   0.023 0.005 0.001 0.008 0.007 0.026 0.091 0.839 
 213 K _   0.029 0.006 0.001 0.008 0.008 0.029 0.091 0.828 
 214 K _   0.037 0.007 0.001 0.007 0.011 0.034 0.091 0.812 
 215 I _   0.048 0.009 0.001 0.008 0.015 0.041 0.090 0.788 
 216 A _   0.062 0.013 0.001 0.009 0.021 0.047 0.090 0.755 
 217 N _   0.078 0.021 0.002 0.013 0.029 0.054 0.090 0.714 
 218 N _   0.092 0.033 0.002 0.018 0.038 0.060 0.090 0.666 
 219 C _   0.104 0.050 0.003 0.026 0.045 0.063 0.091 0.617 
 220 I _   0.111 0.067 0.003 0.035 0.050 0.064 0.093 0.576 
 221 F _   0.113 0.081 0.003 0.043 0.052 0.063 0.095 0.550 
 222 I _   0.112 0.089 0.003 0.049 0.050 0.060 0.098 0.539 
 223 V _   0.107 0.092 0.003 0.050 0.047 0.056 0.102 0.542 
 224 I _   0.100 0.092 0.002 0.048 0.042 0.051 0.107 0.558 
 225 H _   0.090 0.087 0.002 0.044 0.035 0.045 0.112 0.585 
 226 R _   0.077 0.077 0.002 0.038 0.028 0.039 0.118 0.621 
 227 S _   0.064 0.064 0.002 0.031 0.021 0.033 0.125 0.661 
 228 T _   0.051 0.050 0.001 0.024 0.015 0.027 0.132 0.700 
 229 T _   0.040 0.035 0.001 0.019 0.010 0.022 0.139 0.734 
 230 S _   0.030 0.024 0.001 0.014 0.007 0.017 0.145 0.762 
 231 Q _   0.022 0.015 0.001 0.010 0.005 0.013 0.150 0.784 
 232 T _   0.016 0.008 0.000 0.007 0.003 0.010 0.154 0.801 
 233 I _   0.012 0.005 0.000 0.005 0.002 0.008 0.157 0.812 
 234 K _   0.009 0.002 0.000 0.003 0.002 0.007 0.158 0.819 
 235 V _   0.007 0.001 0.000 0.002 0.001 0.006 0.159 0.824 
 236 S _   0.006 0.001 0.000 0.002 0.001 0.006 0.158 0.826 
 237 P _   0.007 0.001 0.000 0.002 0.001 0.007 0.157 0.825 
 238 D _   0.009 0.001 0.000 0.002 0.002 0.010 0.156 0.821 
 239 D _   0.013 0.003 0.000 0.003 0.003 0.015 0.153 0.809 
 240 T _   0.020 0.010 0.001 0.006 0.007 0.023 0.150 0.784 
 241 P _   0.029 0.034 0.001 0.013 0.015 0.034 0.144 0.731 
 242 G _   0.037 0.094 0.002 0.024 0.026 0.043 0.136 0.637 
 243 A _   0.040 0.187 0.003 0.039 0.035 0.049 0.126 0.520 
 244 I _   0.039 0.278 0.003 0.054 0.039 0.050 0.118 0.419 
 245 L _   0.037 0.338 0.003 0.066 0.039 0.048 0.113 0.357 
 246 Q E   0.035 0.369 0.002 0.072 0.037 0.046 0.110 0.328 
 247 S E   0.033 0.382 0.002 0.075 0.035 0.043 0.109 0.321 
 248 F E   0.031 0.383 0.002 0.073 0.033 0.040 0.109 0.329 
 249 F E   0.029 0.374 0.002 0.068 0.030 0.036 0.110 0.352 
 250 T _   0.027 0.351 0.002 0.059 0.026 0.032 0.112 0.391 
 251 K _   0.025 0.311 0.002 0.048 0.022 0.028 0.115 0.448 
 252 M _   0.024 0.253 0.002 0.037 0.018 0.025 0.119 0.522 
 253 A _   0.023 0.190 0.002 0.028 0.014 0.022 0.124 0.598 
 254 K _   0.021 0.135 0.001 0.021 0.010 0.019 0.129 0.664 
 255 K _   0.018 0.094 0.001 0.016 0.007 0.017 0.133 0.714 
 256 K _   0.016 0.066 0.001 0.012 0.005 0.014 0.137 0.749 
 257 S _   0.013 0.047 0.001 0.010 0.004 0.012 0.139 0.773 
 258 L _   0.011 0.036 0.000 0.008 0.003 0.011 0.141 0.789 
 259 M _   0.010 0.028 0.000 0.007 0.003 0.009 0.141 0.801 
 260 D _   0.008 0.023 0.000 0.006 0.002 0.009 0.142 0.810 
 261 I _   0.008 0.019 0.000 0.005 0.002 0.008 0.141 0.816 
 262 P _   0.007 0.017 0.000 0.005 0.002 0.008 0.140 0.821 
 263 E _   0.007 0.017 0.000 0.004 0.002 0.008 0.139 0.824 
 264 S _   0.007 0.017 0.000 0.005 0.002 0.009 0.137 0.824 
 265 Q _   0.007 0.018 0.000 0.006 0.003 0.010 0.134 0.822 
 266 S _   0.008 0.022 0.000 0.008 0.004 0.012 0.131 0.816 
 267 E _   0.009 0.029 0.001 0.011 0.005 0.014 0.127 0.803 
 268 Q _   0.010 0.040 0.001 0.017 0.007 0.017 0.123 0.785 
 269 D _   0.011 0.055 0.001 0.023 0.010 0.019 0.119 0.763 
 270 F _   0.012 0.069 0.001 0.030 0.012 0.020 0.114 0.742 
 271 V _   0.012 0.080 0.001 0.036 0.013 0.021 0.111 0.726 
 272 L _   0.012 0.087 0.001 0.039 0.013 0.021 0.108 0.719 
 273 R _   0.012 0.090 0.001 0.039 0.013 0.021 0.105 0.718 
 274 V _   0.012 0.091 0.001 0.037 0.013 0.020 0.103 0.723 
 275 C _   0.012 0.089 0.001 0.033 0.012 0.019 0.102 0.733 
 276 G _   0.011 0.084 0.001 0.028 0.011 0.018 0.101 0.746 
 277 R _   0.012 0.078 0.001 0.022 0.009 0.017 0.101 0.760 
 278 D _   0.012 0.071 0.001 0.018 0.008 0.017 0.100 0.773 
 279 E _   0.012 0.065 0.001 0.015 0.007 0.016 0.100 0.785 
 280 Y _   0.012 0.059 0.001 0.012 0.006 0.016 0.101 0.794 
 281 L _   0.012 0.055 0.001 0.010 0.005 0.016 0.100 0.801 
 282 V _   0.012 0.052 0.001 0.009 0.005 0.016 0.100 0.804 
 283 G _   0.012 0.051 0.001 0.009 0.005 0.016 0.100 0.806 
 284 E _   0.013 0.051 0.001 0.009 0.006 0.017 0.100 0.804 
 285 T _   0.013 0.052 0.001 0.010 0.006 0.018 0.099 0.801 
 286 P _   0.014 0.053 0.001 0.011 0.007 0.019 0.098 0.797 
 287 I _   0.015 0.056 0.001 0.013 0.008 0.020 0.098 0.789 
 288 K _   0.015 0.060 0.001 0.016 0.010 0.021 0.097 0.780 
 289 N _   0.016 0.064 0.001 0.019 0.011 0.022 0.097 0.771 
 290 F _   0.016 0.067 0.001 0.021 0.012 0.022 0.097 0.763 
 291 Q _   0.017 0.070 0.001 0.023 0.012 0.022 0.097 0.757 
 292 W _   0.017 0.071 0.001 0.025 0.012 0.022 0.098 0.754 
 293 V _   0.016 0.071 0.001 0.024 0.012 0.021 0.099 0.756 
 294 R _   0.016 0.069 0.001 0.022 0.011 0.020 0.100 0.761 
 295 H _   0.015 0.066 0.001 0.020 0.009 0.019 0.101 0.769 
 296 C _   0.015 0.063 0.001 0.017 0.008 0.018 0.102 0.777 
 297 L _   0.014 0.059 0.001 0.015 0.007 0.017 0.104 0.783 
 298 K _   0.014 0.057 0.001 0.013 0.007 0.017 0.105 0.787 
 299 N _   0.014 0.055 0.001 0.013 0.007 0.017 0.106 0.788 
 300 G _   0.014 0.054 0.001 0.015 0.007 0.016 0.108 0.785 
 301 E _   0.015 0.053 0.001 0.017 0.007 0.016 0.109 0.781 
 302 E _   0.015 0.053 0.001 0.020 0.008 0.016 0.111 0.775 
 303 I _   0.016 0.053 0.001 0.022 0.008 0.016 0.113 0.771 
 304 H _   0.016 0.051 0.001 0.024 0.008 0.015 0.116 0.770 
 305 V _   0.015 0.048 0.001 0.024 0.007 0.014 0.119 0.773 
 306 V _   0.014 0.042 0.001 0.022 0.006 0.013 0.122 0.780 
 307 L _   0.013 0.035 0.001 0.018 0.005 0.011 0.125 0.792 
 308 D _   0.011 0.026 0.001 0.013 0.004 0.009 0.128 0.807 
 309 T _   0.010 0.018 0.000 0.009 0.003 0.008 0.131 0.821 
 310 P _   0.008 0.012 0.000 0.006 0.002 0.006 0.132 0.833 
 311 P _   0.007 0.008 0.000 0.004 0.002 0.005 0.133 0.841 
 312 D _   0.005 0.007 0.000 0.003 0.001 0.005 0.134 0.845 
 313 P _   0.005 0.006 0.000 0.003 0.001 0.005 0.133 0.847 
 314 A _   0.005 0.006 0.000 0.003 0.001 0.005 0.132 0.847 
 315 L _   0.005 0.008 0.000 0.004 0.002 0.006 0.130 0.844 
 316 D _   0.005 0.012 0.000 0.007 0.002 0.007 0.127 0.839 
 317 E _   0.006 0.018 0.000 0.010 0.003 0.009 0.124 0.831 
 318 V _   0.006 0.027 0.000 0.014 0.004 0.010 0.120 0.820 
 319 R _   0.006 0.036 0.001 0.018 0.005 0.010 0.115 0.809 
 320 K _   0.006 0.044 0.001 0.020 0.005 0.011 0.111 0.802 
 321 E _   0.006 0.050 0.001 0.021 0.005 0.011 0.108 0.798 
 322 E _   0.006 0.055 0.001 0.021 0.005 0.011 0.105 0.798 
 323 W _   0.005 0.058 0.001 0.019 0.005 0.010 0.102 0.801 
 324 P _   0.005 0.060 0.001 0.016 0.004 0.010 0.100 0.804 
 325 L _   0.005 0.061 0.000 0.014 0.004 0.010 0.097 0.808 
 326 V _   0.006 0.062 0.000 0.012 0.004 0.010 0.095 0.811 
 327 D _   0.006 0.065 0.000 0.011 0.004 0.011 0.093 0.811 
 328 D _   0.007 0.068 0.000 0.011 0.004 0.012 0.091 0.807 
 329 C _   0.007 0.074 0.001 0.012 0.005 0.013 0.089 0.800 
 330 T _   0.008 0.083 0.001 0.015 0.006 0.015 0.086 0.787 
 331 G _   0.009 0.095 0.001 0.019 0.008 0.016 0.083 0.769 
 332 V _   0.010 0.110 0.001 0.025 0.009 0.018 0.080 0.748 
 333 T _   0.010 0.124 0.001 0.032 0.011 0.019 0.077 0.727 
 334 G _   0.010 0.136 0.001 0.038 0.012 0.019 0.074 0.710 
 335 Y _   0.010 0.143 0.001 0.042 0.012 0.019 0.072 0.700 
 336 H _   0.010 0.147 0.001 0.044 0.012 0.018 0.071 0.698 
 337 E _   0.009 0.146 0.001 0.042 0.011 0.017 0.070 0.703 
 338 Q _   0.009 0.141 0.001 0.038 0.010 0.016 0.069 0.717 
 339 L _   0.008 0.131 0.001 0.031 0.008 0.014 0.069 0.738 
 340 T _   0.007 0.117 0.001 0.023 0.007 0.013 0.069 0.763 
 341 I _   0.007 0.102 0.001 0.016 0.005 0.011 0.069 0.788 
 342 H _   0.006 0.089 0.001 0.011 0.004 0.011 0.069 0.809 
 343 G _   0.006 0.080 0.000 0.008 0.003 0.011 0.069 0.823 
 344 K _   0.007 0.075 0.000 0.007 0.003 0.011 0.068 0.829 
 345 D _   0.007 0.074 0.000 0.007 0.003 0.012 0.068 0.828 
 346 H _   0.009 0.077 0.000 0.009 0.005 0.014 0.067 0.820 
 347 E _   0.010 0.083 0.001 0.013 0.007 0.017 0.065 0.804 
 348 S _   0.012 0.093 0.001 0.020 0.009 0.019 0.064 0.782 
 349 V _   0.013 0.105 0.001 0.029 0.012 0.022 0.062 0.756 
 350 F _   0.014 0.116 0.001 0.037 0.014 0.023 0.061 0.735 
 351 T _   0.014 0.122 0.001 0.042 0.015 0.023 0.060 0.723 
 352 V _   0.014 0.123 0.001 0.044 0.015 0.022 0.059 0.721 
 353 S _   0.014 0.121 0.001 0.042 0.014 0.021 0.059 0.728 
 354 L _   0.013 0.114 0.001 0.037 0.013 0.020 0.059 0.744 
 355 W _   0.012 0.102 0.001 0.030 0.011 0.018 0.060 0.766 
 356 D _   0.011 0.087 0.001 0.023 0.009 0.017 0.060 0.791 
 357 C _   0.011 0.072 0.001 0.017 0.007 0.016 0.061 0.815 
 358 D _   0.011 0.060 0.001 0.013 0.006 0.015 0.062 0.834 
 359 R _   0.010 0.051 0.001 0.010 0.005 0.014 0.062 0.846 
 360 K _   0.010 0.047 0.001 0.009 0.005 0.014 0.063 0.852 
 361 F _   0.011 0.044 0.001 0.010 0.005 0.014 0.063 0.854 
 362 R _   0.011 0.043 0.001 0.011 0.005 0.014 0.063 0.853 
 363 V _   0.011 0.042 0.001 0.012 0.006 0.015 0.063 0.850 
 364 K _   0.012 0.042 0.001 0.014 0.006 0.015 0.063 0.847 
 365 I _   0.012 0.042 0.001 0.015 0.007 0.015 0.063 0.845 
 366 R _   0.012 0.041 0.001 0.016 0.007 0.015 0.063 0.844 
 367 G _   0.012 0.040 0.001 0.016 0.007 0.015 0.064 0.844 
 368 I _   0.012 0.039 0.001 0.016 0.007 0.015 0.064 0.846 
 369 D _   0.012 0.037 0.001 0.015 0.007 0.015 0.065 0.849 
 370 I _   0.012 0.034 0.001 0.014 0.006 0.015 0.066 0.853 
 371 P _   0.012 0.032 0.001 0.012 0.006 0.014 0.067 0.857 
 372 V _   0.012 0.029 0.001 0.010 0.005 0.014 0.068 0.860 
 373 L _   0.012 0.028 0.001 0.009 0.005 0.014 0.069 0.863 
 374 P _   0.012 0.027 0.001 0.008 0.005 0.014 0.069 0.864 
 375 R _   0.012 0.027 0.001 0.008 0.005 0.015 0.070 0.863 
 376 N _   0.013 0.028 0.001 0.008 0.005 0.016 0.070 0.859 
 377 T _   0.014 0.030 0.001 0.009 0.006 0.017 0.071 0.852 
 378 D _   0.015 0.034 0.001 0.011 0.008 0.019 0.071 0.841 
 379 L _   0.017 0.040 0.001 0.014 0.009 0.021 0.071 0.827 
 380 T _   0.018 0.047 0.001 0.018 0.011 0.022 0.072 0.812 
 381 V _   0.019 0.054 0.001 0.021 0.012 0.023 0.073 0.798 
 382 F _   0.019 0.059 0.001 0.024 0.012 0.023 0.074 0.788 
 383 V _   0.019 0.062 0.001 0.025 0.013 0.023 0.075 0.782 
 384 E _   0.019 0.064 0.001 0.025 0.012 0.023 0.077 0.779 
 385 A _   0.019 0.064 0.001 0.024 0.012 0.022 0.078 0.779 
 386 N _   0.018 0.063 0.001 0.022 0.011 0.022 0.080 0.782 
 387 I _   0.018 0.062 0.001 0.021 0.010 0.021 0.083 0.785 
 388 Q _   0.017 0.059 0.001 0.020 0.010 0.020 0.085 0.788 
 389 H _   0.017 0.057 0.001 0.019 0.009 0.020 0.088 0.789 
 390 G _   0.017 0.054 0.001 0.020 0.009 0.019 0.091 0.789 
 391 Q _   0.017 0.051 0.001 0.021 0.009 0.018 0.095 0.790 
 392 Q _   0.016 0.047 0.001 0.021 0.008 0.017 0.099 0.792 
 393 V _   0.015 0.042 0.001 0.020 0.008 0.015 0.103 0.796 
 394 L _   0.014 0.036 0.001 0.018 0.007 0.014 0.107 0.804 
 395 C _   0.013 0.028 0.001 0.015 0.006 0.012 0.111 0.814 
 396 Q _   0.011 0.020 0.001 0.012 0.004 0.011 0.114 0.827 
 397 R _   0.010 0.013 0.000 0.008 0.003 0.009 0.118 0.838 
 398 R _   0.008 0.007 0.000 0.006 0.003 0.008 0.120 0.847 
 399 T _   0.008 0.004 0.000 0.004 0.002 0.008 0.122 0.852 
 400 S _   0.007 0.002 0.000 0.003 0.002 0.008 0.124 0.854 
 401 P _   0.008 0.002 0.000 0.002 0.002 0.010 0.125 0.852 
 402 K _   0.010 0.002 0.000 0.002 0.002 0.012 0.125 0.846 
 403 P _   0.014 0.002 0.000 0.003 0.003 0.016 0.126 0.835 
 404 F _   0.020 0.005 0.001 0.005 0.006 0.022 0.126 0.816 
 405 T _   0.028 0.012 0.001 0.008 0.010 0.029 0.125 0.787 
 406 E _   0.036 0.025 0.001 0.014 0.016 0.037 0.124 0.747 
 407 E _   0.043 0.045 0.002 0.021 0.024 0.045 0.122 0.697 
 408 V _   0.050 0.070 0.002 0.030 0.031 0.050 0.121 0.646 
 409 L _   0.055 0.091 0.002 0.038 0.037 0.053 0.121 0.602 
 410 W _   0.059 0.107 0.002 0.045 0.041 0.055 0.121 0.570 
 411 N _   0.061 0.118 0.002 0.050 0.043 0.054 0.123 0.550 
 412 V _   0.061 0.123 0.002 0.053 0.042 0.052 0.125 0.542 
 413 W _   0.059 0.124 0.002 0.053 0.039 0.048 0.128 0.547 
 414 L _   0.056 0.119 0.002 0.050 0.034 0.044 0.132 0.563 
 415 E _   0.050 0.109 0.002 0.044 0.029 0.038 0.138 0.590 
 416 F _   0.044 0.094 0.002 0.036 0.022 0.033 0.144 0.626 
 417 S _   0.037 0.073 0.002 0.027 0.016 0.028 0.150 0.667 
 418 I _   0.031 0.051 0.001 0.019 0.011 0.023 0.156 0.707 
 419 K _   0.024 0.033 0.001 0.012 0.007 0.018 0.162 0.742 
 420 I _   0.019 0.020 0.001 0.008 0.005 0.015 0.166 0.766 
 421 K _   0.015 0.014 0.000 0.005 0.003 0.013 0.169 0.781 
 422 D _   0.013 0.011 0.000 0.004 0.002 0.012 0.171 0.788 
 423 L _   0.011 0.010 0.000 0.003 0.002 0.011 0.172 0.789 
 424 P _   0.011 0.011 0.000 0.004 0.003 0.012 0.173 0.787 
 425 K _   0.011 0.013 0.000 0.005 0.004 0.013 0.174 0.779 
 426 G _   0.012 0.019 0.001 0.009 0.005 0.015 0.174 0.765 
 427 A _   0.013 0.029 0.001 0.014 0.007 0.017 0.174 0.745 
 428 L _   0.014 0.043 0.001 0.020 0.009 0.019 0.174 0.719 
 429 L _   0.014 0.058 0.001 0.027 0.011 0.021 0.174 0.693 
 430 N _   0.015 0.070 0.001 0.034 0.013 0.022 0.174 0.672 
 431 L _   0.015 0.078 0.001 0.038 0.014 0.022 0.176 0.657 
 432 Q _   0.014 0.082 0.001 0.041 0.014 0.021 0.178 0.650 
 433 I _   0.013 0.083 0.001 0.040 0.013 0.020 0.181 0.648 
 434 Y _   0.013 0.081 0.001 0.038 0.012 0.019 0.184 0.652 
 435 C _   0.012 0.077 0.001 0.034 0.010 0.017 0.189 0.660 
 436 G _   0.012 0.070 0.001 0.029 0.009 0.015 0.195 0.670 
 437 K _   0.011 0.061 0.001 0.024 0.007 0.014 0.201 0.681 
 438 A _   0.011 0.051 0.001 0.019 0.006 0.012 0.207 0.693 
 439 P _   0.010 0.042 0.001 0.016 0.005 0.011 0.213 0.703 
 440 A _   0.009 0.033 0.001 0.013 0.004 0.010 0.219 0.710 
 441 L _   0.009 0.026 0.000 0.011 0.003 0.009 0.225 0.716 
 442 S _   0.008 0.020 0.000 0.010 0.003 0.008 0.230 0.721 
 443 S _   0.007 0.015 0.000 0.009 0.003 0.007 0.234 0.724 
 444 K _   0.007 0.011 0.000 0.008 0.002 0.007 0.238 0.726 
 445 A _   0.006 0.008 0.000 0.007 0.002 0.006 0.241 0.729 
 446 S _   0.006 0.006 0.000 0.006 0.002 0.006 0.244 0.731 
 447 A _   0.005 0.004 0.000 0.005 0.002 0.005 0.246 0.733 
 448 E _   0.005 0.002 0.000 0.004 0.001 0.005 0.247 0.736 
 449 S _   0.004 0.001 0.000 0.003 0.001 0.005 0.247 0.738 
 450 P _   0.004 0.001 0.000 0.003 0.001 0.005 0.246 0.740 
 451 S _   0.005 0.000 0.000 0.003 0.001 0.006 0.245 0.740 
 452 S _   0.006 0.000 0.000 0.002 0.001 0.008 0.242 0.740 
 453 E _   0.010 0.000 0.000 0.003 0.002 0.010 0.239 0.736 
 454 S _   0.016 0.000 0.000 0.003 0.003 0.015 0.236 0.727 
 455 K _   0.029 0.000 0.000 0.004 0.004 0.021 0.231 0.711 
 456 G _   0.049 0.000 0.001 0.005 0.008 0.030 0.224 0.683 
 457 K _   0.078 0.001 0.001 0.007 0.013 0.041 0.217 0.642 
 458 V _   0.114 0.001 0.001 0.009 0.021 0.052 0.209 0.592 
 459 Q _   0.154 0.002 0.002 0.011 0.032 0.062 0.202 0.537 
 460 L _   0.193 0.002 0.002 0.013 0.043 0.070 0.195 0.482 
 461 L _   0.229 0.003 0.002 0.014 0.052 0.075 0.190 0.435 
 462 Y _   0.261 0.003 0.002 0.014 0.058 0.077 0.187 0.398 
 463 Y _   0.285 0.004 0.002 0.014 0.061 0.077 0.185 0.372 
 464 V _   0.303 0.004 0.003 0.013 0.061 0.074 0.185 0.357 
 465 N _   0.315 0.003 0.002 0.012 0.058 0.070 0.186 0.353 
 466 L _   0.319 0.003 0.002 0.011 0.053 0.065 0.188 0.359 
 467 L _   0.314 0.002 0.002 0.009 0.046 0.059 0.192 0.375 
 468 L _   0.301 0.002 0.002 0.008 0.038 0.054 0.197 0.398 
 469 I _   0.281 0.001 0.002 0.007 0.031 0.048 0.202 0.428 
 470 D _   0.255 0.001 0.002 0.006 0.024 0.043 0.208 0.461 
 471 H _   0.226 0.000 0.001 0.005 0.019 0.038 0.215 0.495 
 472 R _   0.196 0.000 0.001 0.005 0.014 0.034 0.222 0.528 
 473 F _   0.168 0.000 0.001 0.004 0.011 0.030 0.229 0.556 
 474 L _   0.142 0.000 0.001 0.004 0.009 0.028 0.235 0.581 
 475 L _   0.119 0.000 0.001 0.004 0.008 0.026 0.241 0.601 
 476 R _   0.099 0.001 0.001 0.004 0.007 0.025 0.247 0.616 
 477 R _   0.082 0.001 0.001 0.005 0.008 0.025 0.252 0.627 
 478 G _   0.070 0.002 0.001 0.006 0.008 0.025 0.258 0.631 
 479 E _   0.060 0.004 0.001 0.009 0.009 0.025 0.263 0.630 
 480 Y _   0.052 0.007 0.001 0.013 0.011 0.025 0.268 0.624 
 481 V _   0.045 0.011 0.001 0.018 0.012 0.025 0.273 0.616 
 482 L _   0.038 0.015 0.001 0.023 0.013 0.024 0.279 0.606 
 483 H _   0.033 0.018 0.001 0.028 0.013 0.023 0.286 0.599 
 484 M _   0.028 0.020 0.001 0.031 0.013 0.021 0.293 0.594 
 485 W _   0.023 0.021 0.001 0.031 0.011 0.019 0.301 0.593 
 486 Q _   0.019 0.020 0.001 0.028 0.010 0.016 0.310 0.596 
 487 I _   0.015 0.018 0.001 0.024 0.008 0.014 0.320 0.601 
 488 S _   0.012 0.015 0.001 0.019 0.006 0.011 0.330 0.607 
 489 G _   0.009 0.012 0.001 0.014 0.004 0.009 0.339 0.613 
 490 K _   0.008 0.009 0.000 0.010 0.003 0.007 0.347 0.616 
 491 G _   0.006 0.006 0.000 0.007 0.002 0.006 0.354 0.618 
 492 E _   0.005 0.005 0.000 0.005 0.002 0.005 0.359 0.618 
 493 D _   0.005 0.004 0.000 0.004 0.001 0.005 0.364 0.617 
 494 Q _   0.004 0.004 0.000 0.004 0.001 0.004 0.368 0.614 
 495 G _   0.004 0.004 0.000 0.005 0.001 0.004 0.371 0.611 
 496 S _   0.004 0.004 0.000 0.006 0.001 0.005 0.373 0.607 
 497 F _   0.004 0.004 0.000 0.007 0.002 0.005 0.375 0.603 
 498 N _   0.004 0.005 0.000 0.008 0.002 0.005 0.376 0.599 
 499 A _   0.004 0.006 0.000 0.010 0.002 0.006 0.377 0.596 
 500 D _   0.004 0.007 0.000 0.010 0.002 0.006 0.378 0.593 
 501 K _   0.004 0.007 0.000 0.011 0.002 0.006 0.379 0.592 
 502 L _   0.003 0.008 0.000 0.010 0.002 0.005 0.379 0.592 
 503 T _   0.003 0.008 0.000 0.009 0.002 0.005 0.380 0.594 
 504 S _   0.003 0.008 0.000 0.007 0.002 0.005 0.380 0.596 
 505 A _   0.003 0.008 0.000 0.006 0.001 0.004 0.379 0.598 
 506 T _   0.002 0.008 0.000 0.005 0.001 0.004 0.378 0.601 
 507 N _   0.003 0.009 0.000 0.004 0.001 0.005 0.375 0.603 
 508 P _   0.003 0.011 0.000 0.004 0.001 0.006 0.372 0.602 
 509 D _   0.004 0.015 0.000 0.005 0.002 0.007 0.368 0.598 
 510 K _   0.005 0.025 0.000 0.008 0.003 0.010 0.363 0.586 
 511 E _   0.007 0.046 0.001 0.013 0.006 0.014 0.355 0.560 
 512 N _   0.009 0.086 0.001 0.021 0.010 0.018 0.344 0.512 
 513 S _   0.010 0.149 0.002 0.031 0.014 0.022 0.330 0.442 
 514 M _   0.010 0.219 0.002 0.042 0.016 0.023 0.318 0.370 
 515 S _   0.009 0.275 0.002 0.050 0.017 0.023 0.309 0.315 
 516 I E   0.009 0.310 0.001 0.055 0.017 0.023 0.303 0.282 
 517 S E   0.009 0.328 0.001 0.057 0.016 0.022 0.300 0.267 
 518 I E   0.009 0.336 0.001 0.056 0.015 0.021 0.299 0.263 
 519 L E   0.009 0.336 0.001 0.052 0.015 0.020 0.299 0.268 
 520 L E   0.009 0.329 0.001 0.046 0.014 0.019 0.301 0.281 
 521 D E   0.009 0.315 0.001 0.039 0.012 0.018 0.305 0.300 
 522 N _   0.010 0.294 0.001 0.033 0.011 0.017 0.310 0.324 
 523 Y _   0.010 0.268 0.001 0.028 0.010 0.016 0.316 0.350 
 524 C _   0.011 0.241 0.001 0.024 0.009 0.016 0.323 0.374 
 525 H _   0.011 0.217 0.001 0.022 0.008 0.015 0.331 0.395 
 526 P _   0.011 0.196 0.001 0.021 0.007 0.014 0.339 0.411 
 527 I _   0.011 0.176 0.001 0.021 0.006 0.013 0.347 0.425 
 528 A _   0.011 0.155 0.001 0.020 0.006 0.012 0.355 0.440 
 529 L _   0.010 0.133 0.001 0.019 0.005 0.011 0.363 0.458 
 530 P _   0.010 0.110 0.001 0.017 0.005 0.010 0.371 0.477 
 531 K _   0.009 0.087 0.001 0.014 0.004 0.009 0.379 0.498 
 532 H _   0.008 0.065 0.000 0.011 0.003 0.008 0.385 0.520 
 533 Q _   0.007 0.046 0.000 0.008 0.002 0.006 0.390 0.539 
 534 P _   0.006 0.033 0.000 0.006 0.002 0.005 0.394 0.554 
 535 T _   0.005 0.025 0.000 0.004 0.001 0.004 0.396 0.564 
 536 P _   0.004 0.021 0.000 0.003 0.001 0.004 0.396 0.571 
 537 D _   0.004 0.019 0.000 0.003 0.001 0.004 0.395 0.575 
 538 P _   0.003 0.018 0.000 0.003 0.001 0.004 0.393 0.578 
 539 E _   0.003 0.019 0.000 0.003 0.001 0.004 0.389 0.579 
 540 G _   0.003 0.022 0.000 0.005 0.001 0.005 0.384 0.579 
 541 D _   0.004 0.026 0.000 0.007 0.002 0.006 0.378 0.578 
 542 R _   0.004 0.033 0.000 0.009 0.002 0.007 0.370 0.574 
 543 V _   0.004 0.042 0.000 0.012 0.003 0.008 0.360 0.570 
 544 R _   0.004 0.053 0.000 0.015 0.003 0.009 0.351 0.565 
 545 A _   0.004 0.063 0.001 0.016 0.004 0.009 0.341 0.562 
 546 E _   0.004 0.073 0.001 0.017 0.004 0.010 0.331 0.561 
 547 M _   0.004 0.081 0.001 0.017 0.004 0.010 0.322 0.562 
 548 P _   0.004 0.089 0.001 0.017 0.004 0.010 0.313 0.562 
 549 N _   0.004 0.097 0.001 0.017 0.004 0.011 0.305 0.562 
 550 Q _   0.004 0.105 0.001 0.017 0.005 0.011 0.297 0.560 
 551 L _   0.005 0.114 0.001 0.019 0.005 0.012 0.290 0.554 
 552 R _   0.005 0.124 0.001 0.022 0.006 0.013 0.282 0.546 
 553 K _   0.006 0.135 0.001 0.026 0.008 0.014 0.275 0.535 
 554 Q _   0.007 0.145 0.001 0.031 0.009 0.015 0.269 0.524 
 555 L _   0.007 0.153 0.001 0.037 0.010 0.016 0.264 0.513 
 556 E _   0.008 0.157 0.001 0.040 0.010 0.016 0.260 0.508 
 557 A _   0.008 0.158 0.001 0.042 0.010 0.015 0.258 0.508 
 558 I _   0.009 0.155 0.001 0.041 0.010 0.015 0.257 0.514 
 559 I _   0.009 0.147 0.001 0.037 0.009 0.013 0.257 0.528 
 560 A _   0.009 0.133 0.001 0.032 0.008 0.012 0.257 0.549 
 561 T _   0.008 0.112 0.001 0.025 0.007 0.011 0.259 0.577 
 562 D _   0.008 0.087 0.001 0.019 0.005 0.010 0.261 0.609 
 563 P _   0.008 0.063 0.001 0.013 0.004 0.009 0.263 0.640 
 564 L _   0.007 0.045 0.000 0.009 0.003 0.008 0.264 0.665 
 565 N _   0.006 0.033 0.000 0.006 0.002 0.007 0.264 0.682 
 566 P _   0.006 0.026 0.000 0.004 0.002 0.006 0.263 0.692 
 567 L _   0.005 0.023 0.000 0.004 0.002 0.007 0.262 0.698 
 568 T _   0.005 0.022 0.000 0.004 0.002 0.007 0.259 0.700 
 569 A _   0.005 0.023 0.000 0.005 0.002 0.008 0.256 0.700 
 570 E _   0.006 0.026 0.000 0.008 0.003 0.010 0.251 0.696 
 571 D _   0.007 0.032 0.001 0.012 0.004 0.012 0.246 0.687 
 572 K _   0.007 0.041 0.001 0.018 0.006 0.014 0.239 0.673 
 573 E _   0.008 0.052 0.001 0.026 0.008 0.016 0.233 0.657 
 574 L _   0.009 0.062 0.001 0.035 0.009 0.017 0.226 0.642 
 575 L _   0.009 0.068 0.001 0.041 0.011 0.017 0.221 0.631 
 576 W _   0.009 0.071 0.001 0.045 0.011 0.017 0.218 0.628 
 577 H _   0.009 0.071 0.001 0.044 0.010 0.016 0.215 0.633 
 578 F _   0.009 0.067 0.001 0.041 0.009 0.015 0.214 0.644 
 579 R _   0.009 0.060 0.001 0.034 0.008 0.013 0.213 0.662 
 580 Y _   0.008 0.049 0.001 0.026 0.006 0.012 0.213 0.685 
 581 E _   0.008 0.036 0.001 0.018 0.005 0.010 0.213 0.710 
 582 S _   0.007 0.024 0.000 0.012 0.004 0.009 0.212 0.732 
 583 L _   0.007 0.015 0.000 0.007 0.003 0.007 0.212 0.749 
 584 K _   0.006 0.009 0.000 0.005 0.002 0.007 0.211 0.760 
 585 H _   0.006 0.007 0.000 0.004 0.002 0.006 0.209 0.766 
 586 P _   0.006 0.006 0.000 0.004 0.002 0.007 0.207 0.770 
 587 K _   0.006 0.005 0.000 0.004 0.002 0.007 0.204 0.771 
 588 A _   0.006 0.006 0.000 0.005 0.002 0.008 0.200 0.771 
 589 Y _   0.007 0.007 0.000 0.007 0.003 0.009 0.196 0.770 
 590 P _   0.007 0.009 0.000 0.009 0.004 0.011 0.192 0.768 
 591 K _   0.008 0.011 0.001 0.011 0.004 0.012 0.187 0.766 
 592 L _   0.008 0.013 0.001 0.013 0.005 0.013 0.182 0.765 
 593 F _   0.009 0.015 0.001 0.013 0.006 0.015 0.177 0.765 
 594 S _   0.009 0.017 0.001 0.014 0.006 0.016 0.172 0.765 
 595 S _   0.010 0.019 0.001 0.014 0.007 0.017 0.167 0.766 
 596 V _   0.011 0.021 0.001 0.014 0.007 0.019 0.163 0.766 
 597 K _   0.012 0.022 0.001 0.013 0.008 0.020 0.159 0.765 
 598 W _   0.014 0.024 0.001 0.013 0.008 0.022 0.155 0.764 
 599 G _   0.016 0.026 0.001 0.014 0.009 0.024 0.151 0.760 
 600 Q _   0.018 0.028 0.001 0.014 0.010 0.026 0.147 0.755 
 601 Q _   0.021 0.031 0.001 0.015 0.012 0.027 0.144 0.750 
 602 E _   0.023 0.033 0.001 0.017 0.013 0.029 0.141 0.743 
 603 I _   0.025 0.036 0.001 0.018 0.014 0.031 0.137 0.737 
 604 V _   0.028 0.039 0.001 0.020 0.015 0.031 0.135 0.731 
 605 A _   0.029 0.042 0.001 0.021 0.016 0.032 0.132 0.726 
 606 K _   0.030 0.044 0.001 0.023 0.017 0.032 0.130 0.723 
 607 T _   0.031 0.044 0.001 0.024 0.017 0.032 0.128 0.723 
 608 Y _   0.030 0.044 0.001 0.025 0.017 0.031 0.127 0.725 
 609 Q _   0.029 0.043 0.001 0.026 0.016 0.029 0.126 0.730 
 610 L _   0.028 0.040 0.001 0.025 0.015 0.028 0.125 0.738 
 611 L _   0.026 0.036 0.001 0.023 0.013 0.026 0.125 0.750 
 612 A _   0.024 0.031 0.001 0.020 0.011 0.023 0.125 0.765 
 613 R _   0.023 0.024 0.001 0.016 0.009 0.021 0.125 0.782 
 614 R _   0.021 0.018 0.001 0.012 0.007 0.019 0.125 0.798 
 615 E _   0.020 0.012 0.001 0.008 0.005 0.018 0.124 0.812 
 616 V _   0.019 0.009 0.000 0.006 0.004 0.017 0.124 0.822 
 617 W _   0.019 0.007 0.000 0.004 0.004 0.017 0.123 0.827 
 618 D _   0.020 0.006 0.000 0.004 0.004 0.018 0.122 0.827 
 619 Q _   0.023 0.006 0.000 0.004 0.005 0.021 0.120 0.821 
 620 S _   0.027 0.008 0.001 0.005 0.007 0.025 0.119 0.809 
 621 A _   0.033 0.013 0.001 0.009 0.011 0.030 0.117 0.787 
 622 L _   0.039 0.024 0.001 0.015 0.016 0.035 0.114 0.755 
 623 D _   0.044 0.041 0.002 0.024 0.022 0.039 0.111 0.716 
 624 V _   0.047 0.061 0.002 0.036 0.027 0.041 0.109 0.676 
 625 G _   0.049 0.076 0.002 0.047 0.030 0.042 0.107 0.646 
 626 L _   0.048 0.086 0.002 0.056 0.031 0.041 0.107 0.630 
 627 T _   0.046 0.089 0.002 0.059 0.029 0.038 0.107 0.630 
 628 M _   0.042 0.088 0.002 0.057 0.026 0.034 0.107 0.644 
 629 Q _   0.037 0.080 0.002 0.050 0.021 0.030 0.109 0.671 
 630 L _   0.031 0.067 0.002 0.038 0.016 0.025 0.111 0.710 
 631 L _   0.026 0.048 0.001 0.026 0.011 0.020 0.113 0.755 
 632 D _   0.020 0.028 0.001 0.015 0.007 0.016 0.115 0.797 
 633 C _   0.016 0.014 0.001 0.008 0.004 0.012 0.116 0.829 
 634 N _   0.012 0.007 0.000 0.004 0.003 0.010 0.116 0.847 
 635 F _   0.010 0.004 0.000 0.003 0.002 0.009 0.116 0.856 
 636 S _   0.009 0.003 0.000 0.002 0.002 0.009 0.115 0.859 
 637 D _   0.010 0.004 0.000 0.003 0.002 0.011 0.114 0.856 
 638 E _   0.012 0.006 0.000 0.005 0.003 0.013 0.112 0.848 
 639 N _   0.014 0.011 0.001 0.009 0.006 0.017 0.110 0.832 
 640 V _   0.017 0.023 0.001 0.018 0.009 0.021 0.107 0.804 
 641 R _   0.019 0.040 0.001 0.030 0.013 0.024 0.104 0.769 
 642 A _   0.020 0.057 0.001 0.042 0.016 0.026 0.100 0.737 
 643 I _   0.020 0.068 0.001 0.053 0.018 0.027 0.098 0.715 
 644 A _   0.020 0.073 0.001 0.058 0.018 0.026 0.097 0.706 
 645 V _   0.019 0.074 0.001 0.057 0.017 0.025 0.096 0.710 
 646 Q _   0.018 0.070 0.001 0.051 0.015 0.023 0.096 0.725 
 647 K _   0.016 0.062 0.001 0.041 0.012 0.020 0.097 0.751 
 648 L _   0.015 0.048 0.001 0.029 0.009 0.017 0.098 0.783 
 649 E _   0.013 0.030 0.001 0.018 0.006 0.014 0.099 0.818 
 650 S _   0.011 0.016 0.001 0.010 0.004 0.012 0.099 0.847 
 651 L _   0.010 0.007 0.000 0.005 0.003 0.011 0.099 0.865 
 652 E _   0.009 0.003 0.000 0.003 0.002 0.010 0.099 0.874 
 653 D _   0.010 0.002 0.000 0.002 0.002 0.011 0.098 0.875 
 654 D _   0.013 0.001 0.000 0.002 0.002 0.014 0.096 0.871 
 655 D _   0.019 0.002 0.000 0.003 0.004 0.018 0.094 0.860 
 656 V _   0.027 0.005 0.001 0.005 0.007 0.025 0.092 0.839 
 657 L _   0.036 0.013 0.001 0.010 0.012 0.033 0.088 0.805 
 658 H _   0.044 0.031 0.002 0.019 0.020 0.041 0.084 0.758 
 659 Y _   0.051 0.055 0.002 0.032 0.028 0.047 0.080 0.705 
 660 L _   0.055 0.078 0.002 0.044 0.034 0.050 0.076 0.660 
 661 L _   0.056 0.095 0.002 0.055 0.037 0.051 0.074 0.630 
 662 Q _   0.056 0.104 0.002 0.061 0.038 0.051 0.072 0.616 
 663 L _   0.054 0.107 0.002 0.063 0.037 0.048 0.070 0.619 
