#TopoPred_TM8: 8-state transmembrane topology prediction results by no_profile mode 
#probabilities are in the order of H E C I L F X _, the 8 transmembrane topology types used in PDBTM 
   1 M X   0.010 0.001 0.002 0.041 0.008 0.007 0.819 0.113 
   2 S X   0.004 0.000 0.000 0.021 0.001 0.003 0.842 0.128 
   3 A X   0.001 0.000 0.000 0.009 0.000 0.002 0.848 0.140 
   4 P X   0.001 0.000 0.000 0.005 0.000 0.002 0.846 0.146 
   5 P X   0.001 0.000 0.000 0.004 0.000 0.002 0.841 0.152 
   6 V X   0.002 0.000 0.000 0.003 0.001 0.003 0.834 0.158 
   7 L X   0.003 0.000 0.000 0.002 0.001 0.004 0.824 0.166 
   8 R X   0.005 0.000 0.000 0.002 0.001 0.006 0.810 0.176 
   9 P X   0.008 0.000 0.000 0.002 0.001 0.009 0.792 0.186 
  10 P X   0.014 0.000 0.000 0.003 0.002 0.014 0.769 0.197 
  11 S X   0.024 0.000 0.001 0.004 0.004 0.021 0.741 0.206 
  12 P X   0.040 0.000 0.001 0.005 0.008 0.030 0.706 0.210 
  13 L X   0.063 0.001 0.001 0.006 0.015 0.042 0.665 0.208 
  14 L X   0.091 0.002 0.002 0.007 0.025 0.054 0.621 0.199 
  15 P X   0.120 0.004 0.002 0.008 0.038 0.064 0.579 0.184 
  16 V X   0.147 0.009 0.002 0.010 0.052 0.072 0.540 0.167 
  17 A X   0.168 0.017 0.003 0.013 0.064 0.076 0.507 0.151 
  18 A X   0.184 0.027 0.003 0.017 0.073 0.077 0.481 0.139 
  19 A X   0.195 0.037 0.003 0.021 0.077 0.074 0.461 0.132 
  20 A X   0.200 0.047 0.003 0.025 0.077 0.070 0.447 0.132 
  21 A X   0.200 0.053 0.003 0.029 0.074 0.065 0.436 0.140 
  22 A X   0.195 0.057 0.003 0.032 0.069 0.059 0.428 0.157 
  23 A X   0.185 0.058 0.003 0.034 0.061 0.053 0.423 0.185 
  24 A X   0.169 0.056 0.003 0.033 0.051 0.046 0.420 0.224 
  25 A X   0.147 0.050 0.002 0.030 0.039 0.038 0.419 0.274 
  26 A X   0.121 0.041 0.002 0.025 0.027 0.031 0.419 0.334 
  27 L X   0.093 0.029 0.001 0.019 0.017 0.024 0.420 0.397 
  28 V _   0.068 0.017 0.001 0.012 0.010 0.017 0.421 0.454 
  29 P _   0.046 0.009 0.001 0.007 0.005 0.012 0.421 0.499 
  30 G _   0.030 0.004 0.000 0.004 0.003 0.009 0.419 0.532 
  31 S _   0.018 0.001 0.000 0.002 0.002 0.006 0.417 0.554 
  32 G _   0.011 0.000 0.000 0.001 0.001 0.005 0.413 0.568 
  33 P _   0.008 0.000 0.000 0.001 0.001 0.005 0.408 0.577 
  34 G _   0.006 0.000 0.000 0.001 0.001 0.005 0.402 0.584 
  35 P _   0.006 0.000 0.000 0.002 0.001 0.007 0.395 0.588 
  36 A _   0.007 0.001 0.000 0.002 0.002 0.010 0.387 0.590 
  37 P _   0.010 0.002 0.000 0.004 0.003 0.015 0.376 0.589 
  38 F _   0.013 0.006 0.001 0.008 0.006 0.021 0.363 0.583 
  39 L _   0.017 0.013 0.001 0.013 0.009 0.028 0.347 0.572 
  40 A _   0.021 0.023 0.001 0.019 0.014 0.036 0.329 0.557 
  41 P _   0.025 0.034 0.002 0.024 0.019 0.042 0.312 0.542 
  42 V _   0.029 0.045 0.002 0.028 0.024 0.048 0.295 0.530 
  43 A _   0.034 0.053 0.002 0.031 0.028 0.053 0.281 0.520 
  44 A _   0.038 0.059 0.002 0.031 0.031 0.056 0.268 0.514 
  45 P _   0.043 0.063 0.002 0.030 0.034 0.059 0.256 0.512 
  46 V _   0.048 0.065 0.002 0.029 0.036 0.061 0.246 0.513 
  47 G _   0.053 0.066 0.002 0.027 0.037 0.061 0.238 0.516 
  48 G _   0.056 0.067 0.002 0.026 0.036 0.061 0.231 0.522 
  49 I _   0.058 0.066 0.002 0.024 0.035 0.059 0.225 0.531 
  50 S _   0.059 0.065 0.002 0.023 0.033 0.057 0.220 0.542 
  51 F _   0.058 0.063 0.002 0.022 0.030 0.054 0.216 0.555 
  52 H _   0.056 0.061 0.002 0.021 0.026 0.050 0.212 0.572 
  53 L _   0.052 0.057 0.001 0.020 0.023 0.046 0.209 0.591 
  54 Q _   0.048 0.054 0.001 0.018 0.020 0.042 0.207 0.610 
  55 I _   0.043 0.050 0.001 0.018 0.017 0.038 0.205 0.628 
  56 G _   0.039 0.047 0.001 0.017 0.015 0.034 0.202 0.645 
  57 L _   0.034 0.044 0.001 0.017 0.013 0.031 0.200 0.660 
  58 S _   0.030 0.041 0.001 0.017 0.011 0.028 0.199 0.673 
  59 R _   0.026 0.039 0.001 0.018 0.010 0.025 0.197 0.683 
  60 E _   0.023 0.036 0.001 0.018 0.010 0.022 0.196 0.694 
  61 P _   0.020 0.032 0.001 0.018 0.009 0.020 0.196 0.705 
  62 V _   0.017 0.028 0.001 0.017 0.007 0.017 0.195 0.717 
  63 L _   0.015 0.023 0.001 0.016 0.006 0.015 0.194 0.730 
  64 L _   0.013 0.018 0.001 0.013 0.005 0.013 0.194 0.744 
  65 L _   0.011 0.013 0.001 0.010 0.004 0.011 0.193 0.758 
  66 Q _   0.009 0.008 0.000 0.007 0.003 0.009 0.192 0.771 
  67 D _   0.008 0.004 0.000 0.005 0.002 0.009 0.190 0.782 
  68 S _   0.007 0.002 0.000 0.003 0.002 0.008 0.188 0.789 
  69 S _   0.008 0.001 0.000 0.002 0.002 0.009 0.185 0.793 
  70 G _   0.009 0.001 0.000 0.002 0.002 0.011 0.181 0.792 
  71 D _   0.013 0.002 0.000 0.003 0.003 0.016 0.177 0.787 
  72 Y _   0.020 0.004 0.001 0.004 0.005 0.022 0.171 0.773 
  73 S _   0.029 0.009 0.001 0.008 0.010 0.030 0.164 0.748 
  74 L _   0.038 0.025 0.001 0.015 0.019 0.040 0.156 0.707 
  75 A _   0.047 0.052 0.002 0.025 0.029 0.048 0.146 0.651 
  76 H _   0.054 0.084 0.002 0.038 0.037 0.054 0.136 0.595 
  77 V _   0.058 0.111 0.003 0.049 0.043 0.056 0.128 0.551 
  78 R _   0.060 0.129 0.003 0.058 0.046 0.057 0.122 0.525 
  79 E _   0.061 0.137 0.002 0.062 0.047 0.056 0.118 0.517 
  80 M _   0.061 0.140 0.002 0.062 0.045 0.053 0.115 0.523 
  81 A _   0.058 0.136 0.002 0.057 0.041 0.049 0.113 0.543 
  82 C _   0.054 0.126 0.002 0.049 0.035 0.044 0.112 0.578 
  83 S _   0.049 0.108 0.002 0.039 0.028 0.039 0.111 0.624 
  84 I _   0.043 0.086 0.002 0.029 0.021 0.033 0.111 0.675 
  85 V _   0.037 0.063 0.001 0.020 0.015 0.029 0.111 0.725 
  86 D _   0.031 0.044 0.001 0.013 0.010 0.025 0.111 0.765 
  87 Q _   0.026 0.032 0.001 0.009 0.007 0.021 0.110 0.794 
  88 K _   0.022 0.026 0.001 0.006 0.005 0.019 0.109 0.812 
  89 F _   0.018 0.023 0.000 0.005 0.004 0.017 0.108 0.824 
  90 P _   0.016 0.022 0.000 0.005 0.004 0.017 0.106 0.829 
  91 E _   0.015 0.022 0.000 0.006 0.004 0.017 0.104 0.830 
  92 C _   0.014 0.025 0.001 0.008 0.005 0.017 0.102 0.827 
  93 G _   0.014 0.030 0.001 0.011 0.007 0.018 0.099 0.819 
  94 F _   0.014 0.038 0.001 0.016 0.008 0.020 0.096 0.807 
  95 Y _   0.014 0.047 0.001 0.021 0.010 0.021 0.093 0.793 
  96 G _   0.014 0.056 0.001 0.027 0.012 0.021 0.090 0.778 
  97 M _   0.013 0.063 0.001 0.033 0.013 0.022 0.088 0.766 
  98 Y _   0.013 0.068 0.001 0.038 0.014 0.021 0.086 0.758 
  99 D _   0.013 0.071 0.001 0.040 0.014 0.021 0.084 0.756 
 100 K _   0.012 0.071 0.001 0.040 0.013 0.019 0.083 0.760 
 101 I _   0.012 0.068 0.001 0.037 0.012 0.018 0.083 0.770 
 102 L _   0.012 0.062 0.001 0.031 0.010 0.016 0.083 0.786 
 103 L _   0.011 0.053 0.001 0.024 0.008 0.014 0.083 0.807 
 104 F _   0.010 0.041 0.001 0.017 0.006 0.012 0.083 0.830 
 105 R _   0.009 0.031 0.001 0.011 0.004 0.011 0.083 0.851 
 106 H _   0.008 0.023 0.000 0.007 0.003 0.010 0.083 0.866 
 107 D _   0.007 0.018 0.000 0.005 0.002 0.009 0.082 0.875 
 108 P _   0.008 0.017 0.000 0.004 0.002 0.010 0.081 0.878 
 109 T _   0.009 0.017 0.000 0.005 0.003 0.011 0.080 0.875 
 110 S _   0.010 0.019 0.000 0.007 0.004 0.014 0.079 0.866 
 111 E _   0.012 0.026 0.001 0.013 0.006 0.016 0.077 0.849 
 112 N _   0.014 0.036 0.001 0.021 0.009 0.019 0.074 0.825 
 113 I _   0.015 0.048 0.001 0.031 0.012 0.021 0.072 0.799 
 114 L _   0.016 0.057 0.001 0.041 0.014 0.022 0.070 0.779 
 115 Q _   0.015 0.062 0.001 0.047 0.015 0.022 0.068 0.769 
 116 L _   0.015 0.063 0.001 0.048 0.014 0.021 0.067 0.770 
 117 V _   0.014 0.061 0.001 0.044 0.013 0.020 0.067 0.781 
 118 K _   0.012 0.056 0.001 0.036 0.011 0.018 0.067 0.799 
 119 A _   0.011 0.047 0.001 0.027 0.009 0.016 0.067 0.823 
 120 A _   0.010 0.035 0.001 0.018 0.006 0.014 0.067 0.849 
 121 S _   0.009 0.025 0.001 0.011 0.004 0.013 0.067 0.870 
 122 D _   0.009 0.017 0.000 0.007 0.003 0.012 0.067 0.885 
 123 I _   0.009 0.014 0.000 0.005 0.003 0.012 0.066 0.891 
 124 Q _   0.010 0.013 0.000 0.004 0.003 0.014 0.065 0.891 
 125 E _   0.012 0.013 0.000 0.004 0.004 0.016 0.064 0.886 
 126 G _   0.016 0.016 0.001 0.007 0.005 0.020 0.063 0.872 
 127 D _   0.020 0.023 0.001 0.011 0.009 0.025 0.061 0.850 
 128 L _   0.025 0.035 0.001 0.017 0.013 0.030 0.059 0.819 
 129 I _   0.029 0.051 0.001 0.025 0.018 0.035 0.057 0.783 
 130 E _   0.033 0.066 0.002 0.034 0.023 0.038 0.055 0.750 
 131 V _   0.036 0.078 0.002 0.041 0.026 0.040 0.053 0.724 
 132 V _   0.037 0.085 0.002 0.046 0.028 0.041 0.052 0.710 
 133 L _   0.038 0.087 0.002 0.047 0.028 0.041 0.052 0.706 
 134 S _   0.038 0.086 0.002 0.045 0.027 0.039 0.051 0.712 
 135 A _   0.037 0.081 0.002 0.040 0.024 0.037 0.052 0.727 
 136 S _   0.035 0.072 0.002 0.034 0.021 0.034 0.052 0.750 
 137 A _   0.033 0.059 0.001 0.026 0.017 0.032 0.053 0.778 
 138 T _   0.031 0.044 0.001 0.020 0.013 0.029 0.054 0.808 
 139 F _   0.028 0.031 0.001 0.014 0.010 0.026 0.055 0.834 
 140 E _   0.026 0.021 0.001 0.010 0.008 0.024 0.056 0.855 
 141 D _   0.024 0.014 0.001 0.007 0.006 0.023 0.056 0.868 
 142 F _   0.023 0.011 0.001 0.006 0.006 0.022 0.056 0.875 
 143 Q _   0.023 0.009 0.001 0.006 0.006 0.022 0.057 0.878 
 144 I _   0.023 0.008 0.001 0.006 0.006 0.022 0.056 0.877 
 145 R _   0.024 0.009 0.001 0.008 0.007 0.023 0.056 0.872 
 146 P _   0.025 0.010 0.001 0.011 0.009 0.025 0.056 0.863 
 147 H _   0.027 0.012 0.001 0.014 0.011 0.026 0.056 0.854 
 148 A _   0.028 0.014 0.001 0.018 0.013 0.027 0.056 0.844 
 149 L _   0.028 0.015 0.001 0.022 0.014 0.027 0.055 0.837 
 150 F _   0.028 0.016 0.001 0.024 0.014 0.027 0.056 0.834 
 151 V _   0.027 0.015 0.001 0.025 0.014 0.026 0.056 0.836 
 152 H _   0.026 0.014 0.001 0.023 0.013 0.024 0.056 0.843 
 153 S _   0.025 0.012 0.001 0.019 0.011 0.023 0.057 0.854 
 154 Y _   0.024 0.008 0.001 0.015 0.008 0.021 0.057 0.866 
 155 R _   0.024 0.005 0.001 0.010 0.006 0.019 0.058 0.877 
 156 A _   0.024 0.003 0.001 0.006 0.005 0.018 0.058 0.885 
 157 P _   0.027 0.001 0.000 0.004 0.004 0.018 0.057 0.888 
 158 A _   0.032 0.000 0.000 0.003 0.004 0.019 0.057 0.885 
 159 F _   0.041 0.000 0.000 0.002 0.004 0.021 0.057 0.875 
 160 C _   0.054 0.000 0.001 0.002 0.006 0.026 0.056 0.856 
 161 D _   0.073 0.001 0.001 0.003 0.009 0.032 0.055 0.827 
 162 H _   0.096 0.002 0.001 0.005 0.015 0.039 0.054 0.788 
 163 C _   0.121 0.006 0.001 0.008 0.023 0.048 0.053 0.740 
 164 G _   0.143 0.013 0.002 0.013 0.033 0.055 0.052 0.688 
 165 E _   0.160 0.025 0.002 0.020 0.043 0.060 0.052 0.638 
 166 M _   0.172 0.037 0.003 0.028 0.049 0.063 0.052 0.597 
 167 L _   0.175 0.047 0.003 0.034 0.052 0.062 0.052 0.575 
 168 W _   0.171 0.053 0.003 0.039 0.052 0.060 0.053 0.569 
 169 G _   0.162 0.056 0.003 0.040 0.049 0.057 0.055 0.579 
 170 L _   0.148 0.055 0.003 0.039 0.043 0.052 0.057 0.604 
 171 V _   0.130 0.052 0.002 0.035 0.036 0.046 0.059 0.641 
 172 R _   0.109 0.046 0.002 0.029 0.028 0.040 0.061 0.685 
 173 Q _   0.087 0.038 0.002 0.023 0.020 0.034 0.064 0.732 
 174 G _   0.067 0.030 0.001 0.018 0.014 0.028 0.067 0.775 
 175 L _   0.050 0.023 0.001 0.013 0.010 0.023 0.069 0.811 
 176 K _   0.036 0.018 0.001 0.010 0.007 0.019 0.071 0.838 
 177 C _   0.026 0.015 0.001 0.008 0.005 0.015 0.072 0.858 
 178 E _   0.019 0.014 0.000 0.007 0.004 0.013 0.073 0.870 
 179 G _   0.014 0.013 0.000 0.006 0.003 0.011 0.073 0.878 
 180 C _   0.011 0.013 0.000 0.006 0.003 0.010 0.074 0.882 
 181 G _   0.010 0.014 0.000 0.007 0.003 0.009 0.073 0.884 
 182 L _   0.008 0.016 0.000 0.008 0.003 0.009 0.073 0.882 
 183 N _   0.008 0.018 0.000 0.009 0.003 0.009 0.073 0.880 
 184 Y _   0.008 0.021 0.000 0.010 0.004 0.010 0.072 0.875 
 185 H _   0.008 0.026 0.001 0.012 0.004 0.010 0.071 0.868 
 186 K _   0.007 0.030 0.001 0.014 0.005 0.011 0.071 0.861 
 187 R _   0.007 0.035 0.001 0.016 0.005 0.011 0.070 0.855 
 188 C _   0.007 0.040 0.001 0.017 0.005 0.011 0.070 0.850 
 189 A _   0.007 0.043 0.001 0.017 0.005 0.011 0.069 0.846 
 190 F _   0.007 0.046 0.001 0.017 0.005 0.010 0.069 0.845 
 191 K _   0.007 0.048 0.001 0.015 0.005 0.010 0.069 0.845 
 192 I _   0.006 0.050 0.001 0.014 0.004 0.010 0.069 0.846 
 193 P _   0.006 0.052 0.000 0.012 0.004 0.010 0.070 0.846 
 194 N _   0.006 0.054 0.000 0.011 0.004 0.010 0.070 0.845 
 195 N _   0.006 0.056 0.000 0.011 0.004 0.010 0.070 0.842 
 196 C _   0.007 0.059 0.001 0.011 0.004 0.011 0.070 0.838 
 197 S _   0.007 0.064 0.001 0.012 0.005 0.012 0.070 0.831 
 198 G _   0.007 0.069 0.001 0.013 0.005 0.013 0.070 0.822 
 199 V _   0.008 0.076 0.001 0.013 0.005 0.014 0.070 0.813 
 200 R _   0.009 0.083 0.001 0.014 0.006 0.015 0.070 0.803 
 201 R _   0.009 0.091 0.001 0.014 0.006 0.016 0.070 0.793 
 202 R _   0.010 0.099 0.001 0.014 0.007 0.018 0.069 0.782 
 203 R _   0.011 0.109 0.001 0.014 0.008 0.020 0.069 0.769 
 204 L _   0.012 0.120 0.001 0.015 0.009 0.022 0.069 0.752 
 205 S _   0.014 0.134 0.001 0.016 0.011 0.025 0.068 0.731 
 206 N _   0.017 0.151 0.001 0.019 0.014 0.028 0.068 0.702 
 207 V _   0.020 0.173 0.001 0.023 0.017 0.030 0.068 0.668 
 208 S _   0.022 0.198 0.002 0.028 0.019 0.032 0.068 0.632 
 209 L _   0.024 0.221 0.002 0.033 0.022 0.034 0.068 0.597 
 210 T _   0.025 0.240 0.002 0.038 0.023 0.034 0.069 0.569 
 211 G _   0.026 0.253 0.002 0.042 0.023 0.034 0.070 0.550 
 212 V _   0.027 0.260 0.002 0.044 0.023 0.033 0.072 0.540 
 213 S _   0.026 0.262 0.002 0.044 0.022 0.031 0.074 0.539 
 214 T _   0.026 0.258 0.001 0.043 0.020 0.029 0.077 0.545 
 215 I _   0.024 0.249 0.001 0.040 0.018 0.027 0.081 0.559 
 216 R _   0.023 0.235 0.001 0.037 0.016 0.024 0.086 0.578 
 217 T _   0.021 0.215 0.001 0.033 0.014 0.022 0.091 0.602 
 218 S _   0.020 0.190 0.001 0.030 0.011 0.020 0.097 0.631 
 219 S _   0.018 0.162 0.001 0.026 0.010 0.018 0.103 0.663 
 220 A _   0.016 0.133 0.001 0.022 0.008 0.016 0.110 0.694 
 221 E _   0.015 0.105 0.001 0.019 0.006 0.014 0.116 0.725 
 222 L _   0.013 0.080 0.001 0.015 0.005 0.012 0.122 0.752 
 223 S _   0.012 0.059 0.001 0.012 0.004 0.010 0.128 0.775 
 224 T _   0.010 0.042 0.000 0.010 0.003 0.009 0.132 0.794 
 225 S _   0.009 0.030 0.000 0.008 0.003 0.008 0.135 0.808 
 226 A _   0.007 0.021 0.000 0.007 0.002 0.007 0.138 0.817 
 227 P _   0.007 0.016 0.000 0.006 0.002 0.006 0.140 0.824 
 228 D _   0.006 0.013 0.000 0.005 0.002 0.006 0.141 0.828 
 229 E _   0.005 0.011 0.000 0.005 0.002 0.006 0.141 0.830 
 230 P _   0.005 0.010 0.000 0.005 0.001 0.005 0.141 0.832 
 231 L _   0.005 0.010 0.000 0.005 0.002 0.006 0.140 0.833 
 232 L _   0.005 0.010 0.000 0.005 0.002 0.006 0.139 0.833 
 233 Q _   0.005 0.011 0.000 0.006 0.002 0.007 0.137 0.832 
 234 K _   0.005 0.013 0.000 0.008 0.002 0.008 0.134 0.829 
 235 S _   0.005 0.017 0.000 0.010 0.003 0.009 0.131 0.825 
 236 P _   0.005 0.021 0.000 0.014 0.004 0.010 0.128 0.817 
 237 S _   0.006 0.027 0.001 0.019 0.005 0.011 0.124 0.808 
 238 E _   0.006 0.032 0.001 0.024 0.006 0.012 0.121 0.798 
 239 S _   0.006 0.037 0.001 0.028 0.007 0.013 0.118 0.791 
 240 F _   0.007 0.040 0.001 0.032 0.007 0.013 0.115 0.786 
 241 I _   0.007 0.041 0.001 0.033 0.007 0.013 0.113 0.786 
 242 G _   0.007 0.040 0.001 0.031 0.007 0.012 0.111 0.791 
 243 R _   0.006 0.038 0.001 0.027 0.006 0.011 0.110 0.801 
 244 E _   0.006 0.033 0.001 0.022 0.005 0.010 0.109 0.813 
 245 K _   0.006 0.028 0.001 0.017 0.004 0.009 0.108 0.827 
 246 R _   0.006 0.022 0.000 0.012 0.003 0.008 0.108 0.841 
 247 S _   0.005 0.018 0.000 0.008 0.003 0.008 0.107 0.851 
 248 N _   0.005 0.015 0.000 0.006 0.002 0.008 0.106 0.857 
 249 S _   0.005 0.013 0.000 0.006 0.002 0.008 0.105 0.860 
 250 Q _   0.006 0.013 0.000 0.006 0.003 0.009 0.104 0.860 
 251 S _   0.007 0.013 0.000 0.007 0.003 0.010 0.102 0.858 
 252 Y _   0.007 0.015 0.000 0.009 0.004 0.011 0.100 0.854 
 253 I _   0.008 0.017 0.001 0.011 0.005 0.013 0.098 0.847 
 254 G _   0.009 0.020 0.001 0.014 0.006 0.015 0.095 0.839 
 255 R _   0.010 0.023 0.001 0.017 0.007 0.016 0.093 0.833 
 256 P _   0.010 0.025 0.001 0.019 0.008 0.018 0.091 0.827 
 257 I _   0.011 0.027 0.001 0.021 0.009 0.019 0.089 0.823 
 258 H _   0.012 0.028 0.001 0.021 0.009 0.020 0.087 0.821 
 259 L _   0.012 0.028 0.001 0.021 0.010 0.021 0.086 0.821 
 260 D _   0.013 0.028 0.001 0.020 0.010 0.021 0.085 0.821 
 261 K _   0.014 0.027 0.001 0.019 0.010 0.022 0.084 0.823 
 262 I _   0.015 0.026 0.001 0.017 0.010 0.022 0.083 0.826 
 263 L _   0.016 0.025 0.001 0.016 0.009 0.022 0.083 0.829 
 264 M _   0.017 0.023 0.001 0.015 0.009 0.023 0.082 0.831 
 265 S _   0.018 0.022 0.001 0.013 0.009 0.023 0.081 0.833 
 266 K _   0.019 0.020 0.001 0.012 0.009 0.024 0.081 0.833 
 267 V _   0.021 0.019 0.001 0.012 0.009 0.024 0.080 0.833 
 268 K _   0.022 0.019 0.001 0.011 0.010 0.025 0.080 0.832 
 269 V _   0.024 0.019 0.001 0.012 0.010 0.026 0.080 0.828 
 270 P _   0.026 0.019 0.001 0.012 0.011 0.026 0.080 0.824 
 271 H _   0.028 0.019 0.001 0.013 0.012 0.027 0.080 0.819 
 272 T _   0.030 0.020 0.001 0.014 0.012 0.027 0.080 0.816 
 273 F _   0.030 0.020 0.001 0.014 0.012 0.027 0.081 0.815 
 274 V _   0.030 0.020 0.001 0.014 0.012 0.027 0.081 0.815 
 275 I _   0.030 0.020 0.001 0.013 0.011 0.027 0.082 0.816 
 276 H _   0.029 0.020 0.001 0.012 0.011 0.026 0.082 0.820 
 277 S _   0.028 0.019 0.001 0.011 0.010 0.026 0.083 0.823 
 278 Y _   0.027 0.019 0.001 0.009 0.009 0.025 0.083 0.826 
 279 T _   0.026 0.020 0.001 0.009 0.009 0.025 0.084 0.826 
 280 R _   0.026 0.022 0.001 0.009 0.009 0.025 0.085 0.824 
 281 P _   0.026 0.024 0.001 0.009 0.009 0.026 0.085 0.820 
 282 T _   0.026 0.028 0.001 0.010 0.009 0.026 0.086 0.814 
 283 V _   0.025 0.034 0.001 0.011 0.010 0.027 0.087 0.805 
 284 C _   0.025 0.042 0.001 0.013 0.011 0.028 0.087 0.793 
 285 Q _   0.025 0.050 0.001 0.015 0.012 0.028 0.088 0.780 
 286 Y _   0.024 0.060 0.001 0.017 0.013 0.028 0.088 0.768 
 287 C _   0.024 0.069 0.001 0.020 0.014 0.028 0.089 0.755 
 288 K _   0.023 0.079 0.001 0.022 0.014 0.028 0.090 0.743 
 289 K _   0.022 0.087 0.001 0.024 0.015 0.028 0.091 0.732 
 290 L _   0.022 0.095 0.001 0.026 0.015 0.027 0.092 0.721 
 291 L _   0.021 0.101 0.001 0.029 0.015 0.027 0.094 0.712 
 292 K _   0.021 0.106 0.001 0.032 0.015 0.026 0.096 0.704 
 293 G _   0.020 0.109 0.001 0.034 0.014 0.024 0.098 0.700 
 294 L _   0.019 0.109 0.001 0.035 0.014 0.023 0.101 0.699 
 295 F _   0.018 0.106 0.001 0.034 0.012 0.021 0.105 0.702 
 296 R _   0.017 0.101 0.001 0.033 0.011 0.019 0.109 0.710 
 297 Q _   0.015 0.092 0.001 0.029 0.010 0.017 0.114 0.722 
 298 G _   0.014 0.080 0.001 0.025 0.008 0.015 0.119 0.738 
 299 L _   0.012 0.066 0.001 0.020 0.006 0.013 0.125 0.757 
 300 Q _   0.011 0.052 0.001 0.016 0.005 0.011 0.130 0.775 
 301 C _   0.010 0.039 0.001 0.012 0.004 0.009 0.135 0.791 
 302 K _   0.008 0.029 0.000 0.009 0.003 0.008 0.139 0.803 
 303 D _   0.008 0.021 0.000 0.007 0.002 0.007 0.142 0.811 
 304 C _   0.007 0.017 0.000 0.006 0.002 0.007 0.145 0.816 
 305 R _   0.006 0.014 0.000 0.006 0.002 0.006 0.147 0.819 
 306 F _   0.006 0.013 0.000 0.006 0.002 0.006 0.148 0.819 
 307 N _   0.005 0.012 0.000 0.006 0.002 0.006 0.149 0.819 
 308 C _   0.005 0.012 0.000 0.006 0.002 0.006 0.150 0.819 
 309 H _   0.005 0.012 0.000 0.007 0.002 0.006 0.150 0.818 
 310 K _   0.005 0.013 0.000 0.007 0.002 0.006 0.150 0.817 
 311 R _   0.005 0.014 0.000 0.007 0.002 0.006 0.149 0.817 
 312 C _   0.004 0.015 0.000 0.007 0.002 0.007 0.148 0.816 
 313 A _   0.004 0.018 0.000 0.007 0.002 0.007 0.146 0.815 
 314 P _   0.005 0.022 0.000 0.007 0.002 0.008 0.144 0.811 
 315 K _   0.005 0.027 0.000 0.008 0.003 0.009 0.142 0.805 
 316 V _   0.006 0.036 0.000 0.010 0.004 0.010 0.139 0.794 
 317 P _   0.007 0.051 0.001 0.013 0.005 0.012 0.136 0.776 
 318 N _   0.008 0.073 0.001 0.017 0.007 0.015 0.132 0.748 
 319 N _   0.009 0.101 0.001 0.023 0.009 0.017 0.127 0.713 
 320 C _   0.009 0.135 0.001 0.029 0.011 0.018 0.123 0.674 
 321 L _   0.010 0.167 0.001 0.036 0.012 0.019 0.119 0.637 
 322 G _   0.010 0.191 0.001 0.040 0.013 0.019 0.117 0.609 
 323 E _   0.010 0.208 0.001 0.043 0.013 0.018 0.115 0.592 
 324 V _   0.009 0.218 0.001 0.043 0.012 0.018 0.114 0.585 
 325 T _   0.009 0.222 0.001 0.041 0.011 0.016 0.113 0.587 
 326 I _   0.009 0.221 0.001 0.037 0.010 0.015 0.114 0.594 
 327 N _   0.008 0.217 0.001 0.031 0.008 0.014 0.114 0.607 
 328 G _   0.008 0.209 0.001 0.024 0.007 0.012 0.115 0.623 
 329 D _   0.007 0.200 0.001 0.018 0.005 0.011 0.117 0.641 
 330 L _   0.007 0.191 0.001 0.014 0.004 0.010 0.118 0.657 
 331 L _   0.006 0.184 0.000 0.010 0.003 0.009 0.118 0.669 
 332 S _   0.006 0.180 0.000 0.008 0.003 0.009 0.119 0.675 
 333 P _   0.005 0.179 0.000 0.008 0.003 0.008 0.119 0.677 
 334 G _   0.005 0.182 0.000 0.010 0.003 0.009 0.118 0.672 
 335 A _   0.005 0.189 0.000 0.012 0.004 0.009 0.118 0.662 
 336 E _   0.006 0.200 0.001 0.016 0.004 0.010 0.117 0.647 
 337 S _   0.006 0.212 0.001 0.022 0.005 0.011 0.116 0.628 
 338 D _   0.006 0.223 0.001 0.027 0.006 0.011 0.115 0.612 
 339 V _   0.006 0.231 0.001 0.031 0.006 0.011 0.115 0.600 
 340 V _   0.006 0.235 0.001 0.032 0.006 0.010 0.115 0.595 
 341 M _   0.005 0.234 0.001 0.032 0.006 0.010 0.116 0.596 
 342 E _   0.005 0.229 0.001 0.029 0.005 0.009 0.118 0.604 
 343 E _   0.005 0.220 0.001 0.024 0.004 0.008 0.120 0.618 
 344 G _   0.005 0.207 0.001 0.018 0.004 0.007 0.123 0.636 
 345 S _   0.004 0.194 0.000 0.013 0.003 0.006 0.125 0.655 
 346 D _   0.004 0.183 0.000 0.009 0.002 0.006 0.127 0.670 
 347 D _   0.003 0.176 0.000 0.007 0.002 0.005 0.128 0.679 
 348 N _   0.003 0.172 0.000 0.006 0.001 0.005 0.129 0.683 
 349 D _   0.003 0.173 0.000 0.005 0.001 0.005 0.128 0.683 
 350 S _   0.003 0.177 0.000 0.006 0.002 0.006 0.128 0.678 
 351 E _   0.004 0.187 0.000 0.008 0.002 0.007 0.126 0.666 
 352 R _   0.004 0.204 0.000 0.011 0.003 0.008 0.123 0.646 
 353 N _   0.004 0.231 0.001 0.014 0.004 0.009 0.120 0.618 
 354 S _   0.004 0.265 0.001 0.017 0.004 0.010 0.116 0.583 
 355 G _   0.004 0.305 0.001 0.020 0.005 0.011 0.111 0.543 
 356 L _   0.004 0.347 0.001 0.022 0.006 0.011 0.107 0.502 
 357 M _   0.004 0.387 0.001 0.023 0.006 0.012 0.103 0.464 
 358 D _   0.004 0.423 0.001 0.023 0.006 0.012 0.100 0.431 
 359 D E   0.004 0.454 0.001 0.022 0.006 0.012 0.098 0.403 
 360 M E   0.004 0.481 0.001 0.022 0.006 0.012 0.096 0.377 
 361 E E   0.004 0.506 0.001 0.021 0.007 0.012 0.094 0.354 
 362 E E   0.005 0.528 0.001 0.021 0.007 0.013 0.094 0.332 
 363 A E   0.005 0.547 0.001 0.022 0.007 0.013 0.093 0.312 
 364 M E   0.005 0.564 0.001 0.023 0.008 0.013 0.093 0.293 
 365 V E   0.006 0.579 0.001 0.024 0.008 0.014 0.093 0.276 
 366 Q E   0.006 0.590 0.001 0.026 0.009 0.014 0.094 0.261 
 367 D E   0.006 0.598 0.001 0.029 0.009 0.014 0.095 0.249 
 368 A E   0.007 0.601 0.001 0.031 0.010 0.013 0.097 0.241 
 369 E E   0.007 0.599 0.001 0.033 0.010 0.013 0.099 0.237 
 370 M E   0.007 0.592 0.001 0.035 0.010 0.013 0.103 0.240 
 371 A E   0.008 0.576 0.001 0.036 0.010 0.013 0.109 0.249 
 372 M E   0.008 0.549 0.001 0.036 0.010 0.012 0.116 0.267 
 373 A E   0.009 0.505 0.001 0.035 0.011 0.013 0.127 0.298 
 374 E E   0.010 0.443 0.002 0.034 0.011 0.013 0.142 0.345 
 375 C _   0.011 0.365 0.002 0.032 0.011 0.013 0.162 0.405 
 376 Q _   0.012 0.281 0.002 0.029 0.009 0.014 0.184 0.469 
 377 N _   0.012 0.207 0.001 0.025 0.008 0.013 0.207 0.527 
 378 D _   0.012 0.148 0.001 0.020 0.006 0.012 0.227 0.574 
 379 S _   0.011 0.103 0.001 0.016 0.005 0.011 0.244 0.609 
 380 G _   0.010 0.072 0.001 0.013 0.004 0.010 0.258 0.634 
 381 E _   0.008 0.051 0.000 0.010 0.003 0.008 0.268 0.651 
 382 M _   0.007 0.036 0.000 0.008 0.002 0.007 0.275 0.664 
 383 Q _   0.006 0.027 0.000 0.006 0.002 0.006 0.280 0.673 
 384 D _   0.005 0.021 0.000 0.005 0.001 0.005 0.283 0.679 
 385 P _   0.004 0.017 0.000 0.004 0.001 0.005 0.285 0.684 
 386 D _   0.004 0.015 0.000 0.004 0.001 0.004 0.285 0.687 
 387 P _   0.003 0.014 0.000 0.004 0.001 0.004 0.284 0.689 
 388 D _   0.003 0.014 0.000 0.004 0.001 0.005 0.282 0.690 
 389 H _   0.003 0.016 0.000 0.006 0.001 0.005 0.279 0.690 
 390 E _   0.003 0.018 0.000 0.007 0.002 0.006 0.275 0.688 
 391 D _   0.004 0.022 0.000 0.010 0.002 0.007 0.270 0.685 
 392 A _   0.004 0.027 0.000 0.012 0.003 0.008 0.265 0.682 
 393 N _   0.004 0.032 0.000 0.015 0.003 0.009 0.259 0.679 
 394 R _   0.004 0.037 0.000 0.016 0.003 0.009 0.252 0.678 
 395 T _   0.004 0.041 0.000 0.016 0.003 0.009 0.246 0.679 
 396 I _   0.004 0.045 0.000 0.015 0.003 0.010 0.241 0.682 
 397 S _   0.004 0.048 0.000 0.013 0.003 0.010 0.235 0.686 
 398 P _   0.004 0.051 0.000 0.012 0.003 0.011 0.229 0.689 
 399 S _   0.004 0.055 0.000 0.011 0.003 0.012 0.223 0.690 
 400 T _   0.005 0.061 0.000 0.011 0.004 0.014 0.217 0.686 
 401 S _   0.007 0.071 0.001 0.013 0.006 0.018 0.210 0.675 
 402 N _   0.009 0.089 0.001 0.017 0.009 0.022 0.202 0.651 
 403 N _   0.012 0.118 0.001 0.024 0.013 0.026 0.192 0.613 
 404 I _   0.014 0.160 0.002 0.035 0.018 0.030 0.181 0.560 
 405 P _   0.016 0.206 0.002 0.047 0.022 0.032 0.171 0.505 
 406 L _   0.016 0.243 0.002 0.058 0.024 0.033 0.162 0.461 
 407 M _   0.017 0.266 0.002 0.067 0.025 0.033 0.156 0.434 
 408 R _   0.017 0.277 0.002 0.073 0.025 0.032 0.152 0.423 
 409 V _   0.017 0.279 0.002 0.073 0.024 0.030 0.149 0.425 
 410 V _   0.017 0.274 0.002 0.069 0.022 0.028 0.148 0.440 
 411 Q _   0.016 0.258 0.002 0.061 0.020 0.026 0.148 0.470 
 412 S _   0.016 0.227 0.002 0.049 0.016 0.023 0.149 0.518 
 413 V _   0.016 0.180 0.002 0.036 0.013 0.020 0.151 0.582 
 414 K _   0.015 0.127 0.001 0.025 0.010 0.018 0.153 0.651 
 415 H _   0.013 0.079 0.001 0.015 0.007 0.016 0.155 0.714 
 416 T _   0.012 0.049 0.001 0.008 0.004 0.014 0.156 0.756 
 417 K _   0.010 0.035 0.000 0.005 0.003 0.013 0.156 0.778 
 418 R _   0.009 0.030 0.000 0.003 0.002 0.013 0.155 0.787 
 419 K _   0.010 0.030 0.000 0.004 0.003 0.014 0.153 0.787 
 420 S _   0.011 0.032 0.000 0.005 0.004 0.016 0.151 0.780 
 421 S _   0.014 0.041 0.001 0.009 0.006 0.020 0.147 0.762 
 422 T _   0.016 0.061 0.001 0.016 0.010 0.024 0.143 0.729 
 423 V _   0.018 0.092 0.001 0.027 0.015 0.027 0.138 0.682 
 424 M _   0.019 0.126 0.002 0.039 0.018 0.028 0.133 0.635 
 425 K _   0.020 0.152 0.002 0.050 0.021 0.029 0.128 0.598 
 426 E _   0.020 0.169 0.002 0.058 0.022 0.029 0.126 0.576 
 427 G _   0.019 0.176 0.002 0.061 0.021 0.028 0.124 0.569 
 428 W _   0.019 0.176 0.002 0.060 0.020 0.026 0.124 0.574 
 429 M _   0.018 0.170 0.001 0.054 0.018 0.024 0.124 0.590 
 430 V _   0.017 0.157 0.001 0.045 0.015 0.022 0.125 0.617 
 431 H _   0.016 0.136 0.001 0.035 0.012 0.019 0.127 0.653 
 432 Y _   0.015 0.109 0.001 0.026 0.009 0.017 0.130 0.694 
 433 T _   0.013 0.081 0.001 0.018 0.007 0.015 0.132 0.733 
 434 S _   0.012 0.060 0.001 0.012 0.005 0.013 0.134 0.764 
 435 K _   0.011 0.045 0.000 0.009 0.004 0.011 0.135 0.784 
 436 D _   0.010 0.037 0.000 0.007 0.003 0.010 0.136 0.796 
 437 T _   0.009 0.033 0.000 0.006 0.003 0.010 0.137 0.803 
 438 L _   0.008 0.030 0.000 0.006 0.003 0.010 0.136 0.806 
 439 R _   0.008 0.029 0.000 0.007 0.003 0.010 0.136 0.807 
 440 K _   0.008 0.029 0.000 0.007 0.003 0.010 0.135 0.807 
 441 R _   0.008 0.030 0.000 0.008 0.003 0.010 0.134 0.807 
 442 H _   0.008 0.031 0.000 0.009 0.003 0.010 0.133 0.806 
 443 Y _   0.008 0.033 0.000 0.009 0.004 0.011 0.131 0.804 
 444 W _   0.008 0.035 0.000 0.010 0.004 0.011 0.129 0.801 
 445 R _   0.008 0.038 0.001 0.012 0.005 0.012 0.127 0.796 
 446 L _   0.009 0.043 0.001 0.014 0.006 0.014 0.126 0.789 
 447 D _   0.010 0.047 0.001 0.017 0.007 0.015 0.124 0.780 
 448 S _   0.010 0.053 0.001 0.021 0.008 0.016 0.122 0.769 
 449 K _   0.011 0.058 0.001 0.026 0.009 0.016 0.121 0.759 
 450 C _   0.011 0.062 0.001 0.030 0.010 0.017 0.120 0.750 
 451 I _   0.012 0.063 0.001 0.032 0.010 0.016 0.119 0.746 
 452 T _   0.012 0.063 0.001 0.033 0.010 0.016 0.119 0.747 
 453 L _   0.011 0.061 0.001 0.031 0.009 0.015 0.119 0.753 
 454 F _   0.011 0.055 0.001 0.027 0.008 0.013 0.120 0.766 
 455 Q _   0.010 0.047 0.001 0.021 0.006 0.011 0.121 0.783 
 456 N _   0.009 0.038 0.001 0.015 0.005 0.010 0.122 0.801 
 457 D _   0.008 0.029 0.000 0.010 0.004 0.009 0.122 0.818 
 458 T _   0.007 0.022 0.000 0.007 0.003 0.008 0.123 0.830 
 459 G _   0.007 0.018 0.000 0.005 0.002 0.007 0.122 0.839 
 460 S _   0.006 0.016 0.000 0.004 0.002 0.007 0.122 0.843 
 461 R _   0.006 0.016 0.000 0.004 0.002 0.008 0.121 0.843 
 462 Y _   0.007 0.018 0.000 0.005 0.002 0.009 0.119 0.840 
 463 Y _   0.007 0.022 0.000 0.007 0.003 0.011 0.117 0.833 
 464 K _   0.008 0.030 0.001 0.010 0.005 0.013 0.114 0.819 
 465 E _   0.009 0.043 0.001 0.015 0.006 0.015 0.111 0.799 
 466 I _   0.010 0.061 0.001 0.020 0.008 0.017 0.107 0.775 
 467 P _   0.011 0.079 0.001 0.026 0.010 0.019 0.104 0.750 
 468 L _   0.011 0.096 0.001 0.031 0.012 0.020 0.100 0.728 
 469 S _   0.011 0.108 0.001 0.036 0.013 0.021 0.098 0.712 
 470 E _   0.012 0.116 0.001 0.038 0.013 0.022 0.096 0.703 
 471 I _   0.012 0.120 0.001 0.039 0.014 0.021 0.094 0.698 
 472 L _   0.012 0.121 0.001 0.039 0.013 0.021 0.093 0.699 
 473 S _   0.012 0.120 0.001 0.036 0.013 0.020 0.093 0.705 
 474 L _   0.012 0.116 0.001 0.033 0.012 0.019 0.093 0.714 
 475 E _   0.012 0.109 0.001 0.030 0.011 0.018 0.094 0.726 
 476 P _   0.012 0.100 0.001 0.026 0.009 0.017 0.094 0.741 
 477 V _   0.012 0.089 0.001 0.023 0.008 0.015 0.096 0.757 
 478 K _   0.011 0.077 0.001 0.019 0.007 0.014 0.097 0.773 
 479 T _   0.010 0.066 0.001 0.016 0.006 0.013 0.098 0.790 
 480 S _   0.010 0.056 0.001 0.014 0.005 0.012 0.099 0.804 
 481 A _   0.009 0.047 0.001 0.011 0.004 0.011 0.100 0.817 
 482 L _   0.008 0.040 0.000 0.009 0.003 0.010 0.100 0.828 
 483 I _   0.007 0.035 0.000 0.008 0.003 0.009 0.101 0.837 
 484 P _   0.007 0.031 0.000 0.006 0.003 0.009 0.100 0.843 
 485 N _   0.007 0.029 0.000 0.005 0.002 0.010 0.100 0.847 
 486 G _   0.007 0.029 0.000 0.005 0.002 0.011 0.098 0.847 
 487 A _   0.008 0.030 0.000 0.005 0.003 0.013 0.097 0.843 
 488 N _   0.010 0.035 0.000 0.007 0.004 0.016 0.095 0.833 
 489 P _   0.012 0.044 0.001 0.009 0.007 0.021 0.092 0.814 
 490 H _   0.016 0.063 0.001 0.013 0.010 0.026 0.089 0.782 
 491 C _   0.020 0.097 0.001 0.019 0.015 0.031 0.084 0.732 
 492 F _   0.023 0.148 0.002 0.026 0.021 0.036 0.079 0.666 
 493 E _   0.024 0.212 0.002 0.034 0.026 0.039 0.074 0.589 
 494 I _   0.025 0.277 0.003 0.040 0.030 0.040 0.069 0.517 
 495 T _   0.024 0.334 0.002 0.045 0.031 0.040 0.065 0.459 
 496 T _   0.023 0.377 0.002 0.050 0.031 0.038 0.062 0.416 
 497 A E   0.022 0.407 0.002 0.053 0.031 0.037 0.060 0.387 
 498 N E   0.022 0.425 0.002 0.056 0.030 0.035 0.059 0.371 
 499 V E   0.021 0.435 0.002 0.058 0.028 0.033 0.059 0.363 
 500 V E   0.021 0.437 0.002 0.060 0.027 0.030 0.059 0.365 
 501 Y E   0.020 0.432 0.002 0.059 0.024 0.028 0.060 0.375 
 502 Y E   0.019 0.418 0.002 0.057 0.021 0.025 0.062 0.395 
 503 V _   0.017 0.394 0.002 0.054 0.019 0.023 0.065 0.427 
 504 G _   0.016 0.354 0.002 0.049 0.016 0.021 0.069 0.473 
 505 E _   0.015 0.297 0.002 0.043 0.014 0.019 0.073 0.537 
 506 N _   0.015 0.228 0.002 0.035 0.011 0.017 0.079 0.614 
 507 V _   0.013 0.157 0.001 0.027 0.009 0.014 0.084 0.694 
 508 V _   0.012 0.096 0.001 0.019 0.006 0.012 0.089 0.765 
 509 N _   0.010 0.052 0.001 0.012 0.004 0.010 0.092 0.819 
 510 P _   0.007 0.026 0.000 0.008 0.003 0.008 0.094 0.855 
 511 S _   0.005 0.012 0.000 0.005 0.002 0.006 0.095 0.875 
 512 S _   0.004 0.005 0.000 0.003 0.001 0.006 0.095 0.885 
 513 P _   0.004 0.003 0.000 0.003 0.001 0.006 0.094 0.890 
 514 S _   0.004 0.002 0.000 0.003 0.001 0.007 0.093 0.891 
 515 P _   0.005 0.002 0.000 0.003 0.002 0.009 0.090 0.889 
 516 N _   0.007 0.002 0.000 0.005 0.002 0.013 0.087 0.883 
 517 N _   0.010 0.003 0.000 0.008 0.004 0.019 0.084 0.872 
 518 S _   0.014 0.005 0.001 0.013 0.007 0.026 0.079 0.855 
 519 V _   0.020 0.007 0.001 0.020 0.011 0.034 0.074 0.833 
 520 L _   0.027 0.009 0.001 0.026 0.015 0.043 0.069 0.809 
 521 T _   0.036 0.010 0.001 0.031 0.020 0.050 0.064 0.787 
 522 S _   0.048 0.011 0.002 0.032 0.024 0.057 0.059 0.768 
 523 G _   0.063 0.010 0.002 0.030 0.028 0.062 0.054 0.751 
 524 V _   0.082 0.009 0.002 0.026 0.030 0.067 0.050 0.735 
 525 G _   0.105 0.007 0.002 0.020 0.032 0.070 0.047 0.718 
 526 A _   0.130 0.005 0.002 0.015 0.034 0.073 0.043 0.699 
 527 D _   0.158 0.003 0.002 0.010 0.034 0.075 0.041 0.678 
 528 V _   0.186 0.002 0.002 0.007 0.034 0.076 0.038 0.655 
 529 A _   0.212 0.001 0.002 0.006 0.035 0.076 0.036 0.632 
 530 R _   0.236 0.001 0.002 0.006 0.036 0.075 0.035 0.610 
 531 M _   0.256 0.001 0.002 0.006 0.037 0.074 0.034 0.591 
 532 W _   0.270 0.001 0.002 0.006 0.038 0.072 0.033 0.577 
 533 E _   0.278 0.001 0.002 0.007 0.039 0.069 0.033 0.570 
 534 I _   0.280 0.002 0.002 0.009 0.040 0.066 0.033 0.569 
 535 A _   0.274 0.002 0.002 0.010 0.040 0.063 0.033 0.576 
 536 I _   0.263 0.003 0.002 0.012 0.039 0.059 0.033 0.588 
 537 Q _   0.246 0.003 0.002 0.014 0.037 0.055 0.034 0.609 
 538 H _   0.223 0.004 0.002 0.015 0.033 0.050 0.035 0.638 
 539 A _   0.196 0.004 0.002 0.015 0.029 0.044 0.036 0.674 
 540 L _   0.165 0.003 0.002 0.015 0.023 0.039 0.038 0.715 
 541 M _   0.134 0.003 0.001 0.014 0.018 0.033 0.039 0.757 
 542 P _   0.104 0.003 0.001 0.012 0.014 0.028 0.040 0.798 
 543 V _   0.078 0.002 0.001 0.010 0.010 0.024 0.041 0.834 
 544 I _   0.057 0.002 0.001 0.008 0.007 0.020 0.042 0.864 
 545 P _   0.041 0.002 0.001 0.007 0.006 0.017 0.042 0.885 
 546 K _   0.030 0.002 0.001 0.007 0.005 0.015 0.043 0.899 
 547 G _   0.022 0.002 0.001 0.006 0.004 0.013 0.043 0.909 
 548 S _   0.017 0.002 0.000 0.006 0.004 0.012 0.043 0.916 
 549 S _   0.013 0.003 0.000 0.007 0.004 0.011 0.042 0.919 
 550 V _   0.011 0.004 0.000 0.008 0.004 0.011 0.042 0.920 
 551 G _   0.010 0.005 0.000 0.008 0.004 0.011 0.042 0.920 
 552 T _   0.009 0.007 0.000 0.009 0.004 0.011 0.041 0.918 
 553 G _   0.008 0.009 0.001 0.010 0.004 0.011 0.040 0.917 
 554 T _   0.008 0.011 0.001 0.010 0.004 0.012 0.039 0.914 
 555 N _   0.009 0.014 0.001 0.011 0.005 0.013 0.038 0.910 
 556 L _   0.009 0.018 0.001 0.012 0.005 0.014 0.038 0.904 
 557 H _   0.009 0.021 0.001 0.013 0.006 0.015 0.037 0.897 
 558 R _   0.010 0.026 0.001 0.015 0.007 0.017 0.036 0.888 
 559 D _   0.011 0.031 0.001 0.017 0.008 0.018 0.035 0.878 
 560 I _   0.012 0.037 0.001 0.020 0.010 0.020 0.034 0.867 
 561 S _   0.013 0.042 0.001 0.024 0.011 0.021 0.033 0.855 
 562 V _   0.014 0.047 0.001 0.027 0.012 0.022 0.032 0.845 
 563 S _   0.014 0.050 0.001 0.029 0.013 0.022 0.032 0.838 
 564 I _   0.015 0.052 0.001 0.030 0.013 0.023 0.031 0.834 
 565 S _   0.015 0.053 0.001 0.030 0.013 0.023 0.031 0.834 
 566 V _   0.016 0.051 0.001 0.029 0.013 0.022 0.031 0.837 
 567 S _   0.016 0.048 0.001 0.026 0.012 0.022 0.031 0.844 
 568 N _   0.016 0.044 0.001 0.023 0.011 0.021 0.031 0.853 
 569 C _   0.016 0.039 0.001 0.019 0.010 0.020 0.032 0.864 
 570 Q _   0.016 0.033 0.001 0.015 0.008 0.019 0.032 0.876 
 571 I _   0.015 0.028 0.001 0.012 0.007 0.018 0.033 0.886 
 572 Q _   0.015 0.024 0.001 0.010 0.006 0.017 0.033 0.894 
 573 E _   0.015 0.022 0.001 0.009 0.006 0.017 0.033 0.898 
 574 N _   0.015 0.020 0.001 0.008 0.006 0.017 0.033 0.900 
 575 V _   0.016 0.019 0.001 0.009 0.006 0.017 0.033 0.900 
 576 D _   0.016 0.020 0.001 0.010 0.006 0.018 0.033 0.897 
 577 I _   0.017 0.020 0.001 0.011 0.007 0.018 0.033 0.892 
 578 S _   0.017 0.022 0.001 0.013 0.008 0.019 0.033 0.887 
 579 T _   0.018 0.023 0.001 0.015 0.009 0.020 0.033 0.882 
 580 V _   0.018 0.024 0.001 0.016 0.009 0.020 0.033 0.880 
 581 Y _   0.017 0.024 0.001 0.016 0.009 0.020 0.033 0.881 
 582 Q _   0.017 0.024 0.001 0.015 0.008 0.019 0.033 0.884 
 583 I _   0.016 0.023 0.001 0.013 0.007 0.019 0.033 0.888 
 584 F _   0.016 0.023 0.001 0.011 0.007 0.019 0.033 0.891 
 585 P _   0.016 0.022 0.001 0.009 0.006 0.019 0.033 0.893 
 586 D _   0.016 0.023 0.001 0.008 0.006 0.020 0.033 0.893 
 587 E _   0.018 0.025 0.001 0.008 0.007 0.022 0.033 0.888 
 588 V _   0.020 0.029 0.001 0.009 0.008 0.024 0.033 0.877 
 589 L _   0.022 0.037 0.001 0.013 0.011 0.026 0.032 0.858 
 590 G _   0.024 0.049 0.001 0.018 0.015 0.029 0.031 0.832 
 591 S _   0.026 0.066 0.001 0.026 0.018 0.031 0.031 0.801 
 592 G _   0.027 0.082 0.002 0.035 0.021 0.032 0.030 0.770 
 593 Q _   0.027 0.096 0.002 0.044 0.023 0.032 0.030 0.747 
 594 F _   0.026 0.104 0.002 0.050 0.023 0.031 0.030 0.733 
 595 G _   0.025 0.107 0.002 0.052 0.022 0.030 0.031 0.731 
 596 I _   0.023 0.106 0.002 0.051 0.020 0.027 0.032 0.740 
 597 V _   0.021 0.100 0.001 0.045 0.017 0.024 0.033 0.759 
 598 Y _   0.018 0.089 0.001 0.037 0.014 0.021 0.034 0.786 
 599 G _   0.016 0.073 0.001 0.027 0.010 0.018 0.035 0.819 
 600 G _   0.014 0.056 0.001 0.018 0.007 0.015 0.037 0.852 
 601 K _   0.012 0.040 0.001 0.012 0.005 0.013 0.038 0.879 
 602 H _   0.010 0.030 0.000 0.007 0.003 0.012 0.039 0.898 
 603 R _   0.009 0.025 0.000 0.005 0.003 0.011 0.039 0.909 
 604 K _   0.009 0.023 0.000 0.004 0.002 0.011 0.039 0.912 
 605 T _   0.009 0.024 0.000 0.004 0.003 0.012 0.039 0.909 
 606 G _   0.010 0.027 0.000 0.006 0.004 0.014 0.039 0.900 
 607 R _   0.012 0.035 0.001 0.010 0.006 0.016 0.038 0.882 
 608 D _   0.014 0.050 0.001 0.016 0.008 0.019 0.037 0.855 
 609 V _   0.015 0.069 0.001 0.024 0.011 0.022 0.036 0.821 
 610 A _   0.016 0.089 0.001 0.032 0.014 0.024 0.035 0.789 
 611 I _   0.017 0.105 0.001 0.039 0.016 0.025 0.034 0.763 
 612 K _   0.017 0.115 0.001 0.045 0.017 0.025 0.034 0.746 
 613 I _   0.018 0.119 0.001 0.048 0.017 0.025 0.034 0.738 
 614 I _   0.017 0.120 0.001 0.047 0.016 0.024 0.034 0.739 
 615 D _   0.017 0.116 0.001 0.044 0.015 0.023 0.035 0.749 
 616 K _   0.016 0.107 0.001 0.038 0.013 0.021 0.036 0.767 
 617 L _   0.015 0.094 0.001 0.031 0.011 0.019 0.038 0.791 
 618 R _   0.014 0.076 0.001 0.024 0.009 0.016 0.039 0.821 
 619 F _   0.013 0.057 0.001 0.017 0.007 0.014 0.040 0.851 
 620 P _   0.011 0.041 0.001 0.011 0.005 0.013 0.041 0.877 
 621 T _   0.010 0.029 0.000 0.008 0.003 0.011 0.042 0.896 
 622 K _   0.009 0.023 0.000 0.005 0.003 0.010 0.042 0.908 
 623 Q _   0.008 0.020 0.000 0.004 0.002 0.010 0.042 0.913 
 624 E _   0.008 0.019 0.000 0.004 0.003 0.011 0.042 0.913 
 625 S _   0.009 0.020 0.000 0.005 0.003 0.012 0.041 0.908 
 626 Q _   0.010 0.023 0.000 0.008 0.005 0.015 0.040 0.898 
 627 L _   0.012 0.030 0.001 0.013 0.007 0.017 0.039 0.881 
 628 R _   0.014 0.041 0.001 0.020 0.009 0.020 0.038 0.858 
 629 N _   0.015 0.052 0.001 0.029 0.012 0.022 0.036 0.833 
 630 E _   0.016 0.062 0.001 0.036 0.014 0.024 0.035 0.812 
 631 V _   0.016 0.068 0.001 0.042 0.015 0.024 0.034 0.800 
 632 A _   0.016 0.071 0.001 0.044 0.016 0.024 0.033 0.796 
 633 I _   0.016 0.070 0.001 0.042 0.015 0.023 0.032 0.800 
 634 L _   0.016 0.066 0.001 0.037 0.013 0.021 0.032 0.813 
 635 Q _   0.015 0.059 0.001 0.030 0.011 0.020 0.032 0.832 
 636 N _   0.014 0.048 0.001 0.022 0.009 0.018 0.032 0.855 
 637 L _   0.014 0.037 0.001 0.016 0.007 0.017 0.032 0.877 
 638 H _   0.013 0.027 0.001 0.011 0.006 0.016 0.032 0.894 
 639 H _   0.013 0.021 0.001 0.008 0.005 0.016 0.032 0.905 
 640 P _   0.013 0.018 0.000 0.007 0.004 0.016 0.032 0.909 
 641 G _   0.014 0.017 0.001 0.007 0.005 0.017 0.031 0.909 
 642 V _   0.015 0.017 0.001 0.008 0.006 0.018 0.031 0.904 
 643 V _   0.017 0.018 0.001 0.010 0.007 0.020 0.030 0.897 
 644 N _   0.019 0.020 0.001 0.013 0.008 0.022 0.029 0.887 
 645 L _   0.020 0.022 0.001 0.016 0.010 0.024 0.029 0.879 
 646 E _   0.021 0.024 0.001 0.018 0.011 0.025 0.028 0.872 
 647 C _   0.022 0.025 0.001 0.018 0.012 0.026 0.027 0.869 
 648 M _   0.023 0.025 0.001 0.018 0.012 0.027 0.027 0.868 
 649 F _   0.023 0.025 0.001 0.017 0.012 0.027 0.026 0.868 
 650 E _   0.024 0.024 0.001 0.016 0.012 0.028 0.025 0.870 
 651 T _   0.024 0.024 0.001 0.015 0.012 0.028 0.025 0.871 
 652 P _   0.025 0.024 0.001 0.015 0.012 0.029 0.025 0.870 
 653 E _   0.027 0.024 0.001 0.015 0.012 0.029 0.024 0.869 
 654 R _   0.028 0.024 0.001 0.015 0.012 0.029 0.024 0.867 
 655 V _   0.030 0.024 0.001 0.015 0.012 0.030 0.024 0.865 
 656 F _   0.031 0.024 0.001 0.015 0.012 0.030 0.023 0.864 
 657 V _   0.032 0.023 0.001 0.015 0.012 0.030 0.023 0.864 
 658 V _   0.033 0.022 0.001 0.014 0.011 0.030 0.023 0.866 
 659 M _   0.034 0.021 0.001 0.012 0.011 0.030 0.023 0.868 
 660 E _   0.035 0.021 0.001 0.010 0.011 0.031 0.022 0.869 
 661 K _   0.036 0.021 0.001 0.010 0.011 0.031 0.022 0.868 
 662 L _   0.038 0.021 0.001 0.010 0.012 0.032 0.022 0.864 
 663 H _   0.040 0.023 0.001 0.012 0.014 0.033 0.021 0.855 
